47 78 0 8 1.0
49 77 0 8 0.971839502658
50 74 0 8 0.92600292581
44 78 0 8 0.91719215252
22 80 0 8 0.911338929987
48 74 0 8 0.906742016302
38 78 0 8 0.885047575076
46 79 0 8 0.880868129451
49 78 0 8 0.846748851308
5 31 0 8 0.833877625351
23 40 0 8 0.832493322967
22 91 0 8 0.823838206759
16 82 0 8 0.821056167304
5 90 0 8 0.78406768968
14 25 0 8 0.777044325615
23 37 0 8 0.773693661305
34 77 0 8 0.767555067454
23 34 0 8 0.757417039571
47 76 0 8 0.74987912031
11 90 0 8 0.747547506921
6 31 0 8 0.747324411671
56 80 0 8 0.744669174499
3 13 0 8 0.740242543838
51 89 0 8 0.733653193018
63 75 0 8 0.730363017897
25 82 0 8 0.72947884331
52 89 0 8 0.729185530303
53 87 0 8 0.723928662352
14 29 0 8 0.716800666549
47 79 0 8 0.7096305798
22 89 0 8 0.703875304752
45 77 0 8 0.698625650501
42 79 0 8 0.696468489522
49 79 0 8 0.695570880246
23 47 0 8 0.692422398074
50 73 0 8 0.684115127797
44 76 0 8 0.682798793025
56 86 0 8 0.677585074912
49 80 0 8 0.674104630186
34 49 0 8 0.667257042146
5 29 0 8 0.666765517845
27 39 0 8 0.665394848693
3 14 0 8 0.662291766503
2 14 0 8 0.659443678676
4 89 0 8 0.657683006467
23 36 0 8 0.652255127503
49 75 0 8 0.651632565351
34 45 0 8 0.630856050886
22 49 0 8 0.630330112604
18 84 0 8 0.629942425873
51 86 0 8 0.626051925327
80 91 0 8 0.622479224659
23 79 0 8 0.617215672454
21 81 0 8 0.617046249779
56 75 0 8 0.615784514112
23 33 0 8 0.609280139352
50 71 0 8 0.603386215669
2 15 0 8 0.603002499781
14 26 0 8 0.598658992121
51 75 0 8 0.598066873107
46 66 0 8 0.59266679005
52 87 0 8 0.589905465164
5 92 0 8 0.583496920105
47 77 0 8 0.556184197947
77 93 0 8 0.554805388564
2 13 0 8 0.553726576442
4 14 0 8 0.553234688147
45 74 0 8 0.54880021507
51 80 0 8 0.540993866758
44 79 0 8 0.537029343062
45 76 0 8 0.53702547149
52 90 0 8 0.533198868441
23 77 0 8 0.532226276395
34 74 0 8 0.530655609069
49 91 0 8 0.522711902646
46 74 0 8 0.520374498442
23 49 0 8 0.515678776923
3 90 0 8 0.512484266051
51 91 0 8 0.505590516951
5 91 0 8 0.498534922869
3 91 0 8 0.497873843531
36 77 0 8 0.494371128988
22 47 0 8 0.49097910172
45 78 0 8 0.490003862445
40 75 0 8 0.489139310444
71 92 0 8 0.486734534255
35 46 0 8 0.483728373748
55 86 0 8 0.48128130807
78 93 0 8 0.472852397607
53 73 0 8 0.469368643843
22 77 0 8 0.465413120728
4 91 0 8 0.465258919621
78 91 0 8 0.463350962191
26 77 0 8 0.459274593057
1 15 0 8 0.45604520494
78 92 0 8 0.452403941033
24 40 0 8 0.45195470622
5 89 0 8 0.45089687339
1 16 0 8 0.446515510351
12 91 0 8 0.44450626331
26 78 0 8 0.442698702051
4 90 0 8 0.435825998423
76 93 0 8 0.434570450655
52 88 0 8 0.433088200787
22 82 0 8 0.431798702303
48 80 0 8 0.43125099056
6 89 0 8 0.429821652188
23 48 0 8 0.429335720159
79 91 0 8 0.42137421112
51 90 0 8 0.419039354874
36 46 0 8 0.418285688691
48 75 0 8 0.409663530488
38 77 0 8 0.403525300631
47 75 0 8 0.403096217852
77 92 0 8 0.400877508792
7 30 0 8 0.399511571561
57 80 0 8 0.397998547653
2 91 0 8 0.395170479498
34 66 0 8 0.385867884093
6 92 0 8 0.383015362157
38 76 0 8 0.380568561202
12 92 0 8 0.378823706187
23 78 0 8 0.377210054475
6 90 0 8 0.37561155815
39 75 0 8 0.359969477281
3 89 0 8 0.357766783958
58 75 0 8 0.356368418169
42 62 0 8 0.35386797773
12 90 0 8 0.351857870339
57 83 0 8 0.351134084757
76 92 0 8 0.350366752253
43 66 0 8 0.349278939552
39 74 0 8 0.34898787669
43 76 0 8 0.344936358422
5 78 0 8 0.342583633378
3 92 0 8 0.335365466327
47 91 0 8 0.331793626008
26 44 0 8 0.330009592
3 50 0 8 0.329274754236
1 14 0 8 0.324606100636
22 78 0 8 0.320908285293
5 77 0 8 0.320261368632
23 80 0 8 0.314984216287
48 79 0 8 0.311881001736
75 93 0 8 0.311873589494
5 26 0 8 0.3104422657
79 92 0 8 0.309521625529
26 37 0 8 0.30652072639
19 81 0 8 0.302369573029
52 92 0 8 0.299778928252
77 91 0 8 0.29758983507
7 31 0 8 0.294856868628
6 78 0 8 0.293901251939
43 79 0 8 0.290981788192
2 90 0 8 0.290016277485
2 16 0 8 0.284059680648
37 79 0 8 0.283436787593
20 82 0 8 0.282843808229
6 77 0 8 0.281810362999
4 49 0 8 0.281578498803
18 83 0 8 0.280796738899
26 49 0 8 0.280650314028
51 76 0 8 0.280431752159
26 47 0 8 0.279718985669
11 92 0 8 0.279502574673
53 89 0 8 0.276552998693
37 66 0 8 0.270782336625
36 80 0 8 0.269680278521
13 90 0 8 0.268697941362
48 78 0 8 0.266613132469
44 75 0 8 0.26629884017
25 77 0 8 0.265517692438
22 86 0 8 0.265418669517
45 66 0 8 0.262640104549
51 63 0 8 0.260059022888
42 70 0 8 0.258917074347
47 89 0 8 0.258647867672
46 73 0 8 0.257906163657
3 15 0 8 0.257686807619
81 92 0 8 0.25744251799
2 92 0 8 0.256989064155
22 76 0 8 0.256937377003
66 76 0 8 0.255909937675
80 92 0 8 0.25467591519
40 78 0 8 0.254593520178
43 75 0 8 0.254221137741
14 87 0 8 0.253338121316
42 77 0 8 0.253143996682
4 88 0 8 0.252645655766
22 75 0 8 0.25209857274
47 93 0 8 0.25067437992
3 16 0 8 0.249448381849
26 36 0 8 0.24925922077
47 92 0 8 0.248845707008
34 48 0 8 0.248339904214
38 79 0 8 0.247827483346
22 51 0 8 0.245303598383
13 81 0 8 0.244986956668
4 48 0 8 0.243950434034
46 76 0 8 0.243639930582
42 74 0 8 0.243427324979
16 48 0 8 0.242017129384
76 91 0 8 0.240935206767
27 37 0 8 0.240500151177
18 86 0 8 0.240387180666
5 49 0 8 0.239184461668
44 91 0 8 0.238889576868
2 93 0 8 0.238433393079
3 49 0 8 0.236438722344
79 93 0 8 0.235142159066
22 79 0 8 0.234906075848
35 49 0 8 0.234860014058
5 88 0 8 0.232576249338
53 88 0 8 0.229261852069
6 38 0 8 0.227212896588
1 92 0 8 0.227052937758
35 79 0 8 0.22686480248
42 89 0 8 0.226219523792
63 76 0 8 0.224409249124
38 75 0 8 0.224343118027
23 46 0 8 0.22384024373
49 92 0 8 0.223782732673
1 93 0 8 0.223471699775
80 90 0 8 0.222827149076
23 45 0 8 0.222137430026
7 92 0 8 0.221666719565
48 70 0 8 0.221635449169
36 48 0 8 0.221470841142
3 22 0 8 0.221447959154
80 93 0 8 0.22076426255
40 89 0 8 0.220116336633
4 15 0 8 0.220086935843
26 41 0 8 0.219561891001
44 77 0 8 0.219011912568
36 79 0 8 0.218696875736
12 81 0 8 0.218574540651
26 38 0 8 0.218356359321
44 89 0 8 0.217432294297
63 74 0 8 0.21656890046
4 92 0 8 0.216537795516
14 31 0 8 0.215803619559
12 32 0 8 0.215713150497
26 43 0 8 0.214607204275
3 81 0 8 0.214347676532
48 93 0 8 0.214310731138
48 76 0 8 0.211806005497
6 86 0 8 0.211419460383
1 13 0 8 0.210838922997
78 90 0 8 0.209995532286
4 50 0 8 0.208915495821
42 78 0 8 0.208448987837
22 40 0 8 0.208369024966
21 79 0 8 0.208221690111
45 79 0 8 0.208124189346
5 76 0 8 0.208115800938
10 90 0 8 0.207893301315
79 90 0 8 0.206429780595
33 77 0 8 0.206303276125
24 39 0 8 0.206272684081
55 85 0 8 0.205735710162
21 36 0 8 0.205330733714
18 82 0 8 0.20495229574
40 76 0 8 0.204890499481
1 91 0 8 0.202787391616
4 25 0 8 0.2006463291
14 86 0 8 0.200482002341
14 90 0 8 0.200453362629
15 89 0 8 0.199746850218
53 91 0 8 0.199282393837
56 89 0 8 0.198951787988
34 76 0 8 0.198038146429
42 91 0 8 0.198005701325
47 80 0 8 0.197886890365
3 51 0 8 0.19760552298
4 47 0 8 0.197474667127
14 76 0 8 0.196976590933
39 79 0 8 0.195784080313
22 44 0 8 0.194750105637
23 38 0 8 0.19473498334
59 75 0 8 0.194603250591
21 82 0 8 0.194009079974
14 47 0 8 0.193258342289
6 33 0 8 0.191231606989
20 77 0 8 0.188145566338
44 93 0 8 0.187794113558
41 66 0 8 0.185410581383
46 93 0 8 0.185385631247
2 89 0 8 0.18487503035
19 86 0 8 0.184103594641
38 51 0 8 0.183882451723
12 29 0 8 0.181648719636
63 77 0 8 0.18072531642
39 49 0 8 0.180431937232
48 66 0 8 0.178472176834
2 81 0 8 0.178028534293
25 78 0 8 0.1777504594
32 76 0 8 0.177082067091
39 78 0 8 0.176970800734
23 44 0 8 0.176966697529
56 79 0 8 0.176008764515
37 76 0 8 0.1759171042
19 80 0 8 0.175324952096
2 80 0 8 0.175271163705
14 77 0 8 0.174175988397
49 89 0 8 0.17322139751
16 56 0 8 0.173135478374
42 76 0 8 0.172957700381
81 91 0 8 0.172903002006
52 86 0 8 0.172724942745
42 90 0 8 0.172057675508
1 17 0 8 0.17095206019
74 93 0 8 0.169615722292
22 48 0 8 0.169555845275
3 82 0 8 0.169044963109
53 90 0 8 0.16887565625
2 49 0 8 0.168394257601
3 78 0 8 0.168057265311
19 82 0 8 0.167971627443
55 88 0 8 0.167078319915
3 80 0 8 0.166458057544
49 63 0 8 0.166290901558
14 91 0 8 0.166153973623
45 93 0 8 0.165766104894
53 85 0 8 0.165262585335
14 89 0 8 0.164616264301
43 78 0 8 0.163619135748
6 48 0 8 0.163355570981
2 50 0 8 0.16312196954
16 74 0 8 0.163035901497
33 44 0 8 0.162802763321
4 78 0 8 0.162397720693
16 89 0 8 0.161990361739
46 75 0 8 0.16194573938
32 75 0 8 0.161517202591
21 47 0 8 0.161260967339
37 77 0 8 0.160648233027
13 91 0 8 0.160629288792
10 53 0 8 0.160480779228
55 83 0 8 0.159996782986
51 79 0 8 0.159966058581
5 48 0 8 0.159214609452
6 82 0 8 0.157720943408
49 76 0 8 0.15643784791
38 49 0 8 0.156432950536
16 47 0 8 0.156422378164
5 81 0 8 0.156388096544
12 31 0 8 0.156081464665
35 66 0 8 0.155852661327
56 78 0 8 0.15543686433
3 48 0 8 0.154837498525
12 88 0 8 0.153833950441
2 12 0 8 0.153019067081
13 50 0 8 0.152979143554
46 78 0 8 0.152248045001
5 93 0 8 0.152138317346
2 17 0 8 0.152133783966
12 50 0 8 0.152108949646
19 47 0 8 0.151716051182
3 93 0 8 0.151671693546
32 49 0 8 0.151655793625
9 91 0 8 0.151439845895
21 77 0 8 0.151424822868
14 51 0 8 0.149495257429
3 77 0 8 0.149396763954
54 86 0 8 0.149237797834
33 78 0 8 0.14912408279
18 88 0 8 0.148765846485
13 89 0 8 0.148545133742
53 92 0 8 0.147897836541
8 92 0 8 0.147858723729
8 86 0 8 0.147175308393
58 77 0 8 0.147083945892
3 47 0 8 0.146011354759
4 82 0 8 0.145922110041
23 66 0 8 0.145649412333
14 79 0 8 0.14563740053
6 93 0 8 0.1456048727
42 92 0 8 0.145579194575
36 74 0 8 0.145495393223
1 18 0 8 0.144353907947
32 47 0 8 0.143672047859
43 70 0 8 0.143296124753
19 49 0 8 0.143225526456
48 63 0 8 0.142568169785
18 81 0 8 0.142306822072
47 90 0 8 0.141774298807
57 75 0 8 0.141728749918
33 91 0 8 0.141727724117
38 91 0 8 0.14139291579
14 92 0 8 0.141382393054
6 76 0 8 0.141352165004
67 79 0 8 0.141301288566
5 79 0 8 0.141216180144
64 74 0 8 0.140922536233
2 51 0 8 0.140741664291
7 29 0 8 0.140457484226
49 93 0 8 0.14023334663
26 66 0 8 0.139848224401
40 79 0 8 0.13943212959
2 52 0 8 0.139283586936
34 46 0 8 0.1392780443
64 75 0 8 0.139177052502
51 78 0 8 0.138974241647
57 81 0 8 0.138874325286
14 81 0 8 0.138630664374
5 82 0 8 0.137863704136
40 80 0 8 0.137788597277
37 78 0 8 0.137782938825
12 49 0 8 0.137764524036
37 48 0 8 0.136715633878
6 49 0 8 0.136703365624
37 80 0 8 0.136570061084
39 76 0 8 0.136256000417
29 81 0 8 0.136186734008
19 48 0 8 0.135811547162
48 91 0 8 0.13545223542
26 76 0 8 0.134683579301
31 78 0 8 0.133889584235
59 83 0 8 0.133288977541
26 45 0 8 0.132838510112
41 80 0 8 0.132837252679
32 46 0 8 0.132712369636
21 40 0 8 0.132636460336
32 77 0 8 0.132618004184
38 92 0 8 0.132527882571
16 75 0 8 0.132274964629
6 88 0 8 0.132118563013
31 76 0 8 0.131536255292
21 80 0 8 0.131508790288
66 78 0 8 0.131239451252
17 83 0 8 0.131083157179
12 89 0 8 0.130329929444
53 84 0 8 0.130269704977
4 77 0 8 0.130240593727
37 74 0 8 0.129959002983
23 57 0 8 0.129797050458
40 77 0 8 0.129630986454
57 86 0 8 0.129182115636
12 25 0 8 0.129001938591
5 47 0 8 0.128803206124
14 50 0 8 0.128779802962
21 44 0 8 0.128329136991
4 26 0 8 0.127440892289
40 74 0 8 0.127405758592
6 79 0 8 0.127339917036
15 81 0 8 0.127235310115
2 48 0 8 0.127020901087
42 82 0 8 0.126893999532
41 76 0 8 0.126559174661
36 78 0 8 0.126186163507
44 90 0 8 0.125365845054
5 80 0 8 0.125364273262
15 47 0 8 0.125062853115
67 78 0 8 0.124726423361
4 51 0 8 0.124652772478
7 37 0 8 0.124613527304
1 81 0 8 0.124504693089
6 85 0 8 0.124432440274
34 78 0 8 0.124237413928
40 51 0 8 0.124099973091
21 43 0 8 0.123946384156
10 81 0 8 0.123793837568
33 76 0 8 0.123646825343
3 79 0 8 0.123499986842
4 79 0 8 0.12341465506
73 93 0 8 0.122947113002
20 62 0 8 0.122917919027
4 80 0 8 0.122118546775
2 82 0 8 0.122089443798
44 80 0 8 0.122089286619
4 76 0 8 0.121859333391
14 88 0 8 0.121739620718
34 44 0 8 0.121592451314
49 59 0 8 0.121347119339
1 80 0 8 0.121146591719
50 91 0 8 0.120733756309
19 74 0 8 0.12050191693
4 93 0 8 0.120444141151
50 78 0 8 0.120299544523
21 78 0 8 0.120045211967
34 75 0 8 0.119793261918
2 79 0 8 0.119548277391
25 76 0 8 0.119330600689
7 90 0 8 0.119301679709
28 81 0 8 0.119254616936
42 93 0 8 0.119094972464
54 88 0 8 0.118891326077
56 82 0 8 0.118863050359
27 80 0 8 0.118551794101
49 67 0 8 0.118396186653
36 76 0 8 0.118297362274
43 77 0 8 0.118270923072
14 49 0 8 0.1174046421
43 74 0 8 0.117183697724
14 45 0 8 0.11706812962
48 92 0 8 0.11700422385
14 48 0 8 0.116394790301
16 78 0 8 0.116253742615
31 81 0 8 0.115898194902
11 93 0 8 0.115615917532
5 33 0 8 0.115432323907
38 93 0 8 0.115142162758
47 74 0 8 0.114839782991
49 62 0 8 0.114614296962
14 44 0 8 0.114150543751
66 79 0 8 0.11406349127
19 79 0 8 0.114024924448
53 86 0 8 0.114006468296
14 78 0 8 0.113854674514
22 45 0 8 0.113756040404
25 47 0 8 0.113611840861
6 47 0 8 0.113130822751
3 52 0 8 0.11312625628
59 81 0 8 0.11292789608
31 43 0 8 0.112847412036
45 75 0 8 0.112614530311
32 43 0 8 0.112375849499
16 46 0 8 0.112289773184
56 76 0 8 0.112250569372
44 92 0 8 0.112060225313
7 85 0 8 0.1115732923
63 80 0 8 0.111432310794
15 85 0 8 0.111222195241
15 79 0 8 0.111107710846
6 50 0 8 0.111011260701
26 79 0 8 0.110987601089
4 81 0 8 0.110126937207
38 74 0 8 0.110108712688
4 42 0 8 0.109975358512
2 19 0 8 0.109924763342
54 90 0 8 0.109563772263
49 90 0 8 0.109550263121
2 83 0 8 0.109437209885
51 77 0 8 0.109274306011
41 79 0 8 0.109102161653
43 93 0 8 0.109034913756
62 75 0 8 0.108800940049
31 77 0 8 0.108558908837
44 74 0 8 0.108273793969
41 75 0 8 0.108181604208
8 85 0 8 0.10816392568
11 88 0 8 0.108114860939
73 92 0 8 0.107982929649
48 73 0 8 0.107874500791
34 82 0 8 0.107867609722
38 80 0 8 0.107781243866
38 48 0 8 0.107702480522
19 78 0 8 0.107528400378
10 93 0 8 0.107256753288
22 33 0 8 0.107211063765
32 80 0 8 0.107088910678
36 75 0 8 0.107037223525
46 63 0 8 0.106811290777
25 38 0 8 0.106662715032
6 44 0 8 0.106568399216
8 77 0 8 0.106266251081
6 91 0 8 0.106257862673
52 85 0 8 0.106187860003
1 90 0 8 0.105984246707
17 54 0 8 0.105594268468
8 93 0 8 0.105432100855
2 53 0 8 0.104912160202
5 25 0 8 0.104849751771
5 51 0 8 0.104492847353
1 82 0 8 0.104378007237
47 82 0 8 0.104285519663
4 22 0 8 0.104231044648
22 56 0 8 0.104190260771
9 44 0 8 0.10418834153
4 44 0 8 0.103992504469
7 86 0 8 0.103754799823
19 44 0 8 0.103639645349
78 89 0 8 0.103600615261
4 75 0 8 0.103457979238
50 72 0 8 0.102502288096
31 82 0 8 0.102340103938
6 87 0 8 0.102050943772
2 22 0 8 0.102017150236
50 67 0 8 0.101896014677
16 45 0 8 0.101471167465
19 83 0 8 0.101253920937
33 45 0 8 0.101016456196
9 93 0 8 0.100978493273
57 89 0 8 0.100851128454
13 92 0 8 0.100651874813
44 88 0 8 0.100251688196
31 47 0 8 0.100113072651
24 47 0 8 0.100069682908
60 79 0 8 0.0999108987857
50 92 0 8 0.0998737879399
34 47 0 8 0.0997709017185
6 42 0 8 0.0994875820023
18 47 0 8 0.0989569200707
20 47 0 8 0.0988839640856
31 66 0 8 0.0986030351483
16 79 0 8 0.0985531183308
1 89 0 8 0.098500835552
35 74 0 8 0.0983399667363
56 77 0 8 0.0981503258471
75 92 0 8 0.0979697930812
9 76 0 8 0.0978603301495
14 93 0 8 0.0978014623878
42 80 0 8 0.0977344543961
52 78 0 8 0.0976972111888
3 76 0 8 0.0975150983579
19 77 0 8 0.0974866158252
73 88 0 8 0.0974139328356
11 54 0 8 0.0973491253532
47 66 0 8 0.0971601049083
12 93 0 8 0.0971523783078
15 83 0 8 0.0969964647744
43 63 0 8 0.096961918432
5 86 0 8 0.0968987571954
27 45 0 8 0.0963634047043
17 47 0 8 0.0963549749335
79 89 0 8 0.0962461820817
8 90 0 8 0.0962199745116
31 49 0 8 0.0960085353436
20 91 0 8 0.0959663616717
19 75 0 8 0.0955647108056
5 44 0 8 0.0954708665268
11 50 0 8 0.0954044458891
12 33 0 8 0.0952935600716
33 81 0 8 0.0952724732357
47 63 0 8 0.0952194128334
55 89 0 8 0.0947032113918
57 84 0 8 0.0946080352257
12 52 0 8 0.0940251897864
16 50 0 8 0.0939255629661
53 83 0 8 0.0938086629746
33 43 0 8 0.0936632639051
27 76 0 8 0.0932877792462
23 39 0 8 0.0931842643078
29 91 0 8 0.0931336195022
2 78 0 8 0.0929729326835
39 93 0 8 0.0928468914783
5 38 0 8 0.0927853268518
23 51 0 8 0.0925867184733
10 51 0 8 0.0921446477248
3 75 0 8 0.0921368135806
5 50 0 8 0.0920180770737
5 41 0 8 0.0920003737278
47 88 0 8 0.0919014997133
41 65 0 8 0.0918492252071
35 45 0 8 0.0915963982635
39 80 0 8 0.0914844370091
41 51 0 8 0.0912528375354
22 43 0 8 0.0911195660852
22 38 0 8 0.0911126750164
6 30 0 8 0.0910198482664
25 86 0 8 0.0909301651011
7 91 0 8 0.0906732928602
7 93 0 8 0.089936568945
11 87 0 8 0.0898540994796
48 59 0 8 0.0898178076204
6 22 0 8 0.0897297127927
14 82 0 8 0.0892938133975
51 88 0 8 0.0890725629359
19 76 0 8 0.0890599058708
1 83 0 8 0.0890355099982
33 47 0 8 0.088950302305
31 90 0 8 0.0886868947168
34 79 0 8 0.0886462597469
59 76 0 8 0.0883107647957
31 48 0 8 0.0881141997473
76 90 0 8 0.0880502277967
81 93 0 8 0.0877990801891
13 47 0 8 0.0877401710645
40 93 0 8 0.0876702345753
50 89 0 8 0.0875992226493
3 44 0 8 0.0875488094762
16 26 0 8 0.0874093832179
32 42 0 8 0.0873544449372
2 47 0 8 0.0872392987351
55 75 0 8 0.0869758332387
19 93 0 8 0.0868885987605
42 66 0 8 0.0865412574582
47 81 0 8 0.0862869910836
9 85 0 8 0.0861851389361
41 93 0 8 0.0861518665728
47 67 0 8 0.086057070946
32 78 0 8 0.0859236174987
58 76 0 8 0.0857772174456
22 39 0 8 0.0855827784533
15 82 0 8 0.085500813616
63 78 0 8 0.0854806202199
2 21 0 8 0.0852506008112
9 75 0 8 0.0849894516405
9 87 0 8 0.0847466924407
1 50 0 8 0.0846342761938
45 80 0 8 0.0844949740243
23 50 0 8 0.0842790014761
6 29 0 8 0.0842102314224
48 69 0 8 0.0841697949948
24 41 0 8 0.0840656844298
48 68 0 8 0.0839809979099
52 91 0 8 0.0835649030989
4 85 0 8 0.0834566727834
10 52 0 8 0.0834400366017
7 33 0 8 0.0834187098607
3 88 0 8 0.0833672047055
15 88 0 8 0.0832893513462
48 82 0 8 0.0832173053462
50 79 0 8 0.0831079913212
17 52 0 8 0.0829739505199
26 46 0 8 0.0828222229178
54 85 0 8 0.0823764625935
37 93 0 8 0.0823660391281
36 47 0 8 0.0822832553043
38 82 0 8 0.0821654039647
46 77 0 8 0.082056305027
18 57 0 8 0.0819753411733
19 57 0 8 0.0817657467932
14 24 0 8 0.0816910122009
21 76 0 8 0.0814869521846
70 93 0 8 0.0809635866787
40 50 0 8 0.0808548682802
23 76 0 8 0.0808012949772
1 51 0 8 0.0807591792135
6 75 0 8 0.0805921638622
21 48 0 8 0.0805028695088
19 46 0 8 0.0805021249756
49 74 0 8 0.0804431083073
11 91 0 8 0.0804278453758
38 89 0 8 0.0803868960475
20 78 0 8 0.0803860687884
40 81 0 8 0.0803021847098
24 38 0 8 0.0802864667858
5 87 0 8 0.0801805445233
1 53 0 8 0.079862794281
23 42 0 8 0.0797787943862
51 93 0 8 0.079722631762
4 38 0 8 0.0794414960099
31 44 0 8 0.0794154373465
20 44 0 8 0.0791047849877
41 89 0 8 0.0790668634279
16 77 0 8 0.0789691641215
50 93 0 8 0.0788991035434
3 26 0 8 0.0787912537671
24 63 0 8 0.0786690344992
54 87 0 8 0.0784888326369
17 60 0 8 0.0781794625299
41 78 0 8 0.0780800921599
67 77 0 8 0.0778373660505
15 50 0 8 0.0777170246609
14 40 0 8 0.0777097861433
22 36 0 8 0.0773091197156
7 47 0 8 0.0772561172214
35 80 0 8 0.0772180136646
15 49 0 8 0.0772157138842
43 69 0 8 0.0771347417579
5 22 0 8 0.077063887011
23 89 0 8 0.0770021155697
42 75 0 8 0.0769055330631
1 47 0 8 0.0767205248252
3 39 0 8 0.0767058823381
75 91 0 8 0.0766775569846
3 43 0 8 0.0765552963537
46 68 0 8 0.0763964377777
16 93 0 8 0.0763027589507
22 88 0 8 0.0762709260184
1 19 0 8 0.0762684028779
5 43 0 8 0.076207251881
32 51 0 8 0.076192303308
21 41 0 8 0.0761595273002
21 57 0 8 0.0761309206786
22 93 0 8 0.0759105222939
58 79 0 8 0.075655552749
50 76 0 8 0.0756090773295
31 79 0 8 0.0753342039293
7 82 0 8 0.0752625467411
18 72 0 8 0.0751996419548
16 39 0 8 0.0751180080211
51 67 0 8 0.0750622342088
23 43 0 8 0.0748899657618
9 72 0 8 0.0748168195071
14 80 0 8 0.0747366911852
35 76 0 8 0.0745407383086
16 80 0 8 0.0745082022059
16 51 0 8 0.074366699527
56 67 0 8 0.0742587752974
2 46 0 8 0.0741500734441
8 88 0 8 0.074108329947
25 44 0 8 0.0741031264869
7 75 0 8 0.0739625255205
67 80 0 8 0.0739074962414
34 51 0 8 0.0738209401158
10 50 0 8 0.0736478361371
15 74 0 8 0.073438870474
7 76 0 8 0.0734051431181
26 89 0 8 0.073330648431
9 46 0 8 0.0731770512233
15 86 0 8 0.0731239246402
47 86 0 8 0.0729921339838
34 67 0 8 0.0729572815555
66 80 0 8 0.0729433422387
54 91 0 8 0.0728588873513
60 75 0 8 0.0727484317087
13 48 0 8 0.0727116269487
20 38 0 8 0.0726723238662
7 87 0 8 0.0726449415881
37 47 0 8 0.0724519668444
38 90 0 8 0.0723479638232
5 27 0 8 0.0721994956222
21 38 0 8 0.0721521102177
1 52 0 8 0.0719941450816
16 44 0 8 0.0718051080915
73 90 0 8 0.0717904573319
5 46 0 8 0.0717271637337
22 46 0 8 0.071634593434
31 45 0 8 0.0714537628548
40 91 0 8 0.0713777873738
63 93 0 8 0.0712361523335
19 43 0 8 0.0711238932658
7 88 0 8 0.0710649345057
46 67 0 8 0.0710320592268
2 18 0 8 0.0709782046556
32 45 0 8 0.0707771393175
33 86 0 8 0.0707071614653
63 79 0 8 0.0706705056121
35 69 0 8 0.0705665687715
46 82 0 8 0.0704786642135
9 53 0 8 0.0704373839815
45 92 0 8 0.0700936164387
12 83 0 8 0.070058813646
48 65 0 8 0.0698945282499
14 67 0 8 0.069786082847
3 86 0 8 0.0695916273094
34 70 0 8 0.0695676285213
38 73 0 8 0.0695179433363
4 31 0 8 0.0695091578441
18 74 0 8 0.0694959465153
2 77 0 8 0.0694743136883
30 59 0 8 0.069460953453
24 59 0 8 0.0694570901527
45 73 0 8 0.0694169101754
16 58 0 8 0.0693651733877
77 90 0 8 0.0693043367493
4 46 0 8 0.0692683757937
4 16 0 8 0.0689932873061
23 63 0 8 0.068958157746
23 62 0 8 0.0689476515547
27 41 0 8 0.068556018797
26 56 0 8 0.0685121244262
23 75 0 8 0.0684989006885
7 49 0 8 0.0684469364046
5 73 0 8 0.0683710064228
31 91 0 8 0.0682807689939
2 43 0 8 0.0682673094874
15 90 0 8 0.0682478771698
82 92 0 8 0.068183413
40 73 0 8 0.0681809312225
33 48 0 8 0.06817698106
3 34 0 8 0.0680373314417
50 70 0 8 0.067973876528
3 53 0 8 0.0678808098728
54 92 0 8 0.0675971344352
51 82 0 8 0.067583385388
43 89 0 8 0.067506599193
66 77 0 8 0.0673594835608
52 79 0 8 0.0673175415215
25 75 0 8 0.0672583180384
44 66 0 8 0.0671547493282
32 56 0 8 0.0671283101255
4 33 0 8 0.0670222389564
23 41 0 8 0.0669957253004
67 93 0 8 0.0669669035914
44 67 0 8 0.0669628210674
29 82 0 8 0.0669519302006
7 34 0 8 0.0669290109857
21 42 0 8 0.0667892290058
36 93 0 8 0.0666991446199
27 46 0 8 0.0666671420994
12 62 0 8 0.0665557971531
51 74 0 8 0.0665246053466
44 73 0 8 0.0664086732483
9 43 0 8 0.0663287434685
19 37 0 8 0.0661391025793
21 93 0 8 0.0660232449343
29 54 0 8 0.0659423720791
13 87 0 8 0.0658949949471
58 78 0 8 0.065809816208
3 21 0 8 0.0657814949907
19 38 0 8 0.065609578129
7 51 0 8 0.0655856868845
51 62 0 8 0.0655793418068
48 67 0 8 0.0655591566833
42 88 0 8 0.0653097711377
3 38 0 8 0.0651370063353
22 42 0 8 0.0650515049651
20 57 0 8 0.0650185552329
51 92 0 8 0.064960117646
6 51 0 8 0.0648584681771
19 39 0 8 0.064834274983
29 75 0 8 0.0647667416817
20 41 0 8 0.0647390988169
9 47 0 8 0.0647380481978
47 87 0 8 0.0647340980353
51 73 0 8 0.0645259306773
33 70 0 8 0.0645001615545
67 86 0 8 0.0644891010996
21 39 0 8 0.0644457692649
37 75 0 8 0.0643911825694
26 40 0 8 0.0643868477315
38 86 0 8 0.0643239677629
28 61 0 8 0.0643160881194
53 81 0 8 0.0643108557053
15 87 0 8 0.0642759701866
31 92 0 8 0.0642706385013
42 73 0 8 0.0642396824637
5 52 0 8 0.0640359616236
20 93 0 8 0.0639595187411
62 91 0 8 0.0639480529292
5 75 0 8 0.0638876506019
6 81 0 8 0.0638874355145
21 49 0 8 0.0638729791607
56 81 0 8 0.0637044871518
18 85 0 8 0.0636957885218
2 88 0 8 0.0636744783259
2 39 0 8 0.0635819080262
16 49 0 8 0.0635599732496
38 66 0 8 0.0635171625882
1 48 0 8 0.0635078145598
10 91 0 8 0.0634726436367
22 34 0 8 0.0634404218925
27 66 0 8 0.0633301772009
16 76 0 8 0.0633100954849
5 45 0 8 0.0632560961434
38 87 0 8 0.0631587815124
14 28 0 8 0.0631373348187
6 25 0 8 0.0631220512058
16 81 0 8 0.0630929068657
9 78 0 8 0.062895274653
14 27 0 8 0.0627931743278
2 75 0 8 0.0627697422122
55 78 0 8 0.0625625013844
7 89 0 8 0.0625560983985
42 60 0 8 0.0624227194046
60 81 0 8 0.0623900633493
15 91 0 8 0.0623523361955
48 83 0 8 0.0623354104731
42 69 0 8 0.0623322213891
32 93 0 8 0.0622530113247
30 76 0 8 0.062227465562
48 72 0 8 0.0621152147669
16 86 0 8 0.0621109337008
21 63 0 8 0.062037282818
7 27 0 8 0.061788310902
10 84 0 8 0.0617572225029
1 49 0 8 0.0615344953836
5 34 0 8 0.0614702049382
21 46 0 8 0.0614129379231
2 41 0 8 0.0613037810772
52 76 0 8 0.0612100402058
49 88 0 8 0.0611441531502
39 50 0 8 0.0609137945653
45 91 0 8 0.0608695362004
13 49 0 8 0.0607840224213
4 52 0 8 0.0606761023279
14 32 0 8 0.0606710229567
29 60 0 8 0.0604762323792
2 76 0 8 0.0603381007814
8 58 0 8 0.0603223539034
14 46 0 8 0.0602317235264
26 75 0 8 0.0600541606208
51 83 0 8 0.0600395512241
29 90 0 8 0.0599459013512
17 57 0 8 0.059876887256
32 67 0 8 0.0597624938597
17 88 0 8 0.059684061419
62 79 0 8 0.0595949118359
35 67 0 8 0.0594529293468
3 83 0 8 0.0593828604961
60 91 0 8 0.0593078239543
50 75 0 8 0.0592913739059
19 41 0 8 0.059202058871
44 86 0 8 0.0591990228299
12 51 0 8 0.0591661144606
8 72 0 8 0.0591496065041
63 86 0 8 0.0591108742304
34 81 0 8 0.0590585087257
1 78 0 8 0.0589848743881
35 70 0 8 0.0588443975106
68 79 0 8 0.0588220491045
10 54 0 8 0.0587517610302
8 78 0 8 0.0586446475145
54 84 0 8 0.0585678985462
29 78 0 8 0.0584760727797
6 72 0 8 0.0584289107352
35 48 0 8 0.0583620640589
3 40 0 8 0.05830535958
47 73 0 8 0.0582385253127
72 93 0 8 0.0582243667722
52 63 0 8 0.0582073914143
15 25 0 8 0.0579138136845
54 89 0 8 0.0578840695815
3 66 0 8 0.0578719543712
17 90 0 8 0.0577525022852
27 49 0 8 0.0575691940648
39 77 0 8 0.0574469417065
43 80 0 8 0.0574206514105
59 93 0 8 0.0573626398621
25 91 0 8 0.0573531346544
50 64 0 8 0.057278635831
48 89 0 8 0.0572471503474
2 32 0 8 0.0571416996226
6 52 0 8 0.0570834316239
41 77 0 8 0.0570668864407
1 22 0 8 0.0570296556424
7 32 0 8 0.0569084911299
26 82 0 8 0.0568456442517
18 89 0 8 0.0567989289271
52 82 0 8 0.0567483378933
52 64 0 8 0.0567201076746
56 88 0 8 0.0567057050927
6 43 0 8 0.0565574726605
57 77 0 8 0.0564823492565
49 66 0 8 0.0564553516539
50 90 0 8 0.0564066136806
34 80 0 8 0.0561509409655
29 79 0 8 0.0559797893184
55 84 0 8 0.0559051705424
9 77 0 8 0.0558816970638
40 92 0 8 0.055791012915
58 93 0 8 0.0557279550857
31 51 0 8 0.0556710810186
13 93 0 8 0.0556331925492
45 67 0 8 0.0556276747307
31 59 0 8 0.0556096322084
13 53 0 8 0.0555704532147
33 66 0 8 0.0555471079613
2 20 0 8 0.0553921499123
41 70 0 8 0.0553728789102
56 83 0 8 0.0553445494204
32 59 0 8 0.055268470532
9 79 0 8 0.0551892108321
50 63 0 8 0.0551809506494
29 47 0 8 0.0550775349821
1 79 0 8 0.0550552527567
9 81 0 8 0.0549177126492
37 70 0 8 0.0548993144056
21 66 0 8 0.0548902186912
36 82 0 8 0.0546911305023
24 49 0 8 0.0546236054736
3 19 0 8 0.0545363130873
8 30 0 8 0.0544529708635
59 80 0 8 0.0544453228526
34 56 0 8 0.0543797336103
1 12 0 8 0.054297768773
16 38 0 8 0.0540967406615
69 90 0 8 0.0537704324232
54 80 0 8 0.0537687985864
35 47 0 8 0.0537615972954
12 22 0 8 0.0536926741987
18 93 0 8 0.0535956201544
5 66 0 8 0.0534939003684
66 91 0 8 0.0534789228413
25 49 0 8 0.0533624902512
12 75 0 8 0.0533420155871
23 35 0 8 0.0532902663905
45 65 0 8 0.0532528453225
13 82 0 8 0.0532510377613
25 41 0 8 0.0532375989362
11 52 0 8 0.0532256822681
31 42 0 8 0.0531615614108
8 76 0 8 0.0531344645371
27 40 0 8 0.0531212945713
22 50 0 8 0.0530793856224
22 87 0 8 0.0530684244386
19 56 0 8 0.0530327075245
32 48 0 8 0.0529458659944
51 87 0 8 0.0529066621829
56 93 0 8 0.052905669472
1 88 0 8 0.0527925831452
23 93 0 8 0.0527022960807
19 88 0 8 0.0525419484383
32 44 0 8 0.0525401698311
18 48 0 8 0.0525004448463
46 71 0 8 0.0524820176486
3 20 0 8 0.0523942702698
8 87 0 8 0.0522018084268
14 75 0 8 0.052099923189
21 34 0 8 0.0520024803329
50 62 0 8 0.0519848928032
3 42 0 8 0.0518553357466
4 34 0 8 0.051673884723
51 61 0 8 0.0516496460297
35 93 0 8 0.0515771160831
31 93 0 8 0.0515319146427
4 45 0 8 0.0515308516147
71 91 0 8 0.0514804177602
9 48 0 8 0.0514438074061
27 38 0 8 0.0514384550394
33 82 0 8 0.0514290160124
19 89 0 8 0.0513804600362
35 78 0 8 0.0513721502179
6 32 0 8 0.0512751044462
6 58 0 8 0.051246853546
44 87 0 8 0.051108593723
16 87 0 8 0.051106579347
57 90 0 8 0.0510078087399
26 74 0 8 0.0508149043133
19 50 0 8 0.0507997116988
18 87 0 8 0.0507823930284
9 80 0 8 0.0507203651368
18 60 0 8 0.0506954687724
43 73 0 8 0.0506710398095
52 80 0 8 0.0506205480468
7 59 0 8 0.0506200971906
19 40 0 8 0.0505625819977
36 51 0 8 0.0505279984286
20 49 0 8 0.050393155186
7 48 0 8 0.0503907974974
33 74 0 8 0.0502951911566
8 52 0 8 0.0502716804513
42 81 0 8 0.0502349625536
16 90 0 8 0.0502300858609
3 45 0 8 0.0501676567486
24 62 0 8 0.0501614647138
9 38 0 8 0.0501307403087
5 30 0 8 0.0501238409673
8 62 0 8 0.049964572898
3 25 0 8 0.0498410217429
24 77 0 8 0.0498401655297
54 83 0 8 0.0498322031603
6 45 0 8 0.0498014787552
46 80 0 8 0.0497535887225
9 49 0 8 0.0497093593117
34 93 0 8 0.0497035974517
71 93 0 8 0.0496710778942
55 90 0 8 0.0496148284078
21 60 0 8 0.0495443996994
26 90 0 8 0.049477619204
2 74 0 8 0.0493342965549
16 88 0 8 0.049261944469
46 65 0 8 0.0492173386553
19 42 0 8 0.0491239783231
66 89 0 8 0.0489864630334
56 66 0 8 0.0489508743444
56 87 0 8 0.0488584033158
43 91 0 8 0.0487647534429
36 66 0 8 0.0486774155574
37 49 0 8 0.0485817678536
35 81 0 8 0.048514118736
32 79 0 8 0.0485019001182
50 81 0 8 0.0482754296513
16 29 0 8 0.0482306914761
2 44 0 8 0.0481972288432
55 72 0 8 0.0481857051231
3 23 0 8 0.0481634477155
45 63 0 8 0.0481241198152
14 42 0 8 0.048085842534
32 66 0 8 0.0480569298264
30 90 0 8 0.0480033110241
53 82 0 8 0.04799198171
2 23 0 8 0.047975635069
14 39 0 8 0.047852799493
7 53 0 8 0.047740912692
54 81 0 8 0.0477107921861
24 86 0 8 0.0476283640836
16 41 0 8 0.0475597594817
49 70 0 8 0.047555805183
21 86 0 8 0.0475423580854
30 49 0 8 0.0475418038217
19 45 0 8 0.0475185909298
26 91 0 8 0.047457791518
41 62 0 8 0.0474261281738
16 72 0 8 0.0470028155266
20 42 0 8 0.0469738283658
26 86 0 8 0.0469543174585
39 66 0 8 0.0468230190214
8 44 0 8 0.0467991070955
9 52 0 8 0.0467714642307
57 82 0 8 0.0466050031431
9 63 0 8 0.0465907370589
32 82 0 8 0.0464140841384
76 89 0 8 0.0463989783862
4 43 0 8 0.0463514564839
12 48 0 8 0.0462892341864
36 67 0 8 0.0462618394994
69 93 0 8 0.0462270946148
3 35 0 8 0.0462232768138
49 82 0 8 0.0461616915058
57 93 0 8 0.0460774310244
9 86 0 8 0.0460419085162
11 84 0 8 0.0459777173418
25 36 0 8 0.0459247975735
8 38 0 8 0.0458555849361
55 87 0 8 0.0458445782531
15 80 0 8 0.0457708446444
12 53 0 8 0.0457418078479
4 19 0 8 0.0456833330344
52 93 0 8 0.0456360510373
10 92 0 8 0.0456212265532
15 45 0 8 0.0456169578959
59 92 0 8 0.0456016163748
1 84 0 8 0.0455876232862
43 92 0 8 0.0455307947184
5 42 0 8 0.0455088723507
19 63 0 8 0.0454513075223
9 73 0 8 0.0454001911789
31 41 0 8 0.0453654587032
11 49 0 8 0.0453506797184
5 59 0 8 0.0452304830991
32 81 0 8 0.0450947588254
27 50 0 8 0.0448777522033
17 28 0 8 0.044848814678
35 50 0 8 0.0448080225289
27 77 0 8 0.0447196712509
26 42 0 8 0.0446720790316
41 74 0 8 0.0446582389859
3 41 0 8 0.0446271629956
27 43 0 8 0.0445502444392
11 81 0 8 0.0445496281311
8 89 0 8 0.0445392212109
3 46 0 8 0.0445045714611
53 67 0 8 0.0444946650327
3 36 0 8 0.0444841422962
20 75 0 8 0.044428203032
9 92 0 8 0.0443770205079
16 57 0 8 0.0443042672014
19 60 0 8 0.0441575403809
41 82 0 8 0.0440616362268
10 82 0 8 0.0440374968046
44 82 0 8 0.0439378493028
34 50 0 8 0.0438770829814
33 93 0 8 0.0438052396599
37 82 0 8 0.0437059189254
49 81 0 8 0.0436805923863
39 67 0 8 0.043638398033
18 76 0 8 0.0434614183452
72 90 0 8 0.0434315501533
26 59 0 8 0.0434190130408
45 69 0 8 0.0433997627202
17 59 0 8 0.0433915066738
24 37 0 8 0.0433860798537
49 86 0 8 0.0433756563884
6 57 0 8 0.0433563936589
41 64 0 8 0.0432186839633
2 38 0 8 0.0432003270826
45 70 0 8 0.0431428367074
66 86 0 8 0.0431185235608
8 47 0 8 0.0431035667152
23 59 0 8 0.0430716717384
50 77 0 8 0.0430592132155
32 74 0 8 0.0430055820043
51 81 0 8 0.0429176360833
44 63 0 8 0.0429122547625
57 79 0 8 0.0428828787898
28 78 0 8 0.0428197423709
57 88 0 8 0.0428048765239
31 89 0 8 0.0427778168768
22 37 0 8 0.0427147755927
19 51 0 8 0.0426644575545
24 76 0 8 0.0426585426515
5 40 0 8 0.0425793615413
9 29 0 8 0.042490964764
62 77 0 8 0.0423942126693
45 89 0 8 0.042377944618
39 82 0 8 0.0423162931293
47 83 0 8 0.0423154989605
7 38 0 8 0.0422842533821
32 60 0 8 0.0422726427998
8 91 0 8 0.0421925186141
17 86 0 8 0.0421326953682
6 28 0 8 0.04209390105
50 86 0 8 0.0420794943318
25 43 0 8 0.0420552763199
13 58 0 8 0.0419618249892
22 90 0 8 0.0419063448538
44 81 0 8 0.0418329876481
17 72 0 8 0.0417760143099
31 67 0 8 0.0417151652626
11 56 0 8 0.0417134941991
17 81 0 8 0.0416939005659
59 78 0 8 0.0416747205624
21 91 0 8 0.0416660219323
50 66 0 8 0.041588168573
28 88 0 8 0.0415527908352
15 93 0 8 0.0414887568401
50 80 0 8 0.0414340460557
13 63 0 8 0.0414336282899
17 93 0 8 0.0413279211147
30 80 0 8 0.0412316901933
11 57 0 8 0.0409798725058
40 82 0 8 0.0409305306333
2 84 0 8 0.0407724910439
70 82 0 8 0.040739169045
67 91 0 8 0.0407286587175
20 92 0 8 0.0407251966379
66 93 0 8 0.0406533243623
54 77 0 8 0.0406174419963
16 91 0 8 0.0406039866261
2 86 0 8 0.0405940967429
58 80 0 8 0.0405191884262
29 88 0 8 0.0404924224562
62 89 0 8 0.0404147759117
24 91 0 8 0.0404008324586
6 34 0 8 0.040388196075
21 75 0 8 0.0403316405027
5 60 0 8 0.0399603748654
46 86 0 8 0.039906962878
22 63 0 8 0.0397563189854
21 45 0 8 0.0397249575907
42 86 0 8 0.0397016909269
5 58 0 8 0.0396917555445
58 88 0 8 0.0396743748296
49 60 0 8 0.0396508103525
6 80 0 8 0.0395596298482
1 20 0 8 0.039457670157
14 74 0 8 0.0394560859557
56 85 0 8 0.0391594970026
2 40 0 8 0.0391049971694
7 60 0 8 0.039035995483
19 55 0 8 0.0389695086646
78 88 0 8 0.0389691198528
53 93 0 8 0.0389365920227
29 57 0 8 0.0388965940424
2 45 0 8 0.038859809964
19 91 0 8 0.0387687287308
26 92 0 8 0.0387563818879
2 42 0 8 0.0386668186752
46 87 0 8 0.0385897388032
8 31 0 8 0.0385053914595
51 64 0 8 0.0384867409018
48 77 0 8 0.038379234438
2 25 0 8 0.038131255233
30 47 0 8 0.0380516398117
6 69 0 8 0.038039086154
3 74 0 8 0.037993847487
59 77 0 8 0.0378350840458
17 44 0 8 0.0378117098383
5 62 0 8 0.037797427209
5 53 0 8 0.037762872594
58 86 0 8 0.0374893228084
23 86 0 8 0.0374762727952
36 49 0 8 0.0374603149661
49 83 0 8 0.0374490187423
53 63 0 8 0.03735056663
59 88 0 8 0.0373377234315
4 40 0 8 0.0372671582254
4 41 0 8 0.0371043618958
8 54 0 8 0.0370987406699
18 58 0 8 0.0370897028636
6 37 0 8 0.0370853928434
31 63 0 8 0.0370627714417
62 88 0 8 0.037056790358
2 34 0 8 0.0370284980948
33 49 0 8 0.0370258674107
1 21 0 8 0.0369759381843
17 73 0 8 0.0369311793276
2 37 0 8 0.0368662725741
27 86 0 8 0.0367594651443
25 37 0 8 0.0367536908753
19 66 0 8 0.0367322152276
35 82 0 8 0.036729969219
13 80 0 8 0.0366935036354
7 73 0 8 0.0365233943348
8 81 0 8 0.0364945271265
1 85 0 8 0.0364716368657
40 63 0 8 0.0364016176506
49 65 0 8 0.0363499470436
82 93 0 8 0.0363117979876
51 66 0 8 0.0361937522421
39 70 0 8 0.0361875891614
10 87 0 8 0.0361063936751
12 47 0 8 0.0360960239816
30 92 0 8 0.0360793960725
18 46 0 8 0.0359302867457
27 47 0 8 0.0358205756362
40 86 0 8 0.0358204515474
24 66 0 8 0.0357701624632
3 63 0 8 0.035719356342
7 78 0 8 0.0356231543746
8 74 0 8 0.035622376751
15 48 0 8 0.0355880289508
17 53 0 8 0.0355877311375
30 45 0 8 0.0354771389971
27 91 0 8 0.0352387477257
38 50 0 8 0.0352301152764
53 72 0 8 0.0351547106042
35 64 0 8 0.0351527954993
6 60 0 8 0.0350974642705
4 53 0 8 0.0350582439139
27 56 0 8 0.0350568003466
33 56 0 8 0.0350389150037
5 28 0 8 0.0350210751599
40 64 0 8 0.0349997608277
5 32 0 8 0.0348969076967
4 21 0 8 0.034859714125
32 62 0 8 0.0348560948662
39 81 0 8 0.0348399633126
45 68 0 8 0.0347174296862
20 86 0 8 0.0346654323119
61 81 0 8 0.0346591575512
1 32 0 8 0.0346178566378
48 90 0 8 0.0346166198853
31 46 0 8 0.0346002318814
16 40 0 8 0.0345674724188
9 42 0 8 0.0345664300722
18 55 0 8 0.0345333479785
18 63 0 8 0.0344030463887
29 87 0 8 0.034293988814
52 71 0 8 0.0342887936265
17 78 0 8 0.0342869033393
17 87 0 8 0.0342646273183
31 58 0 8 0.0342352637545
26 48 0 8 0.034150078811
2 33 0 8 0.0341491998481
3 87 0 8 0.0340656487414
15 52 0 8 0.0339508479199
50 82 0 8 0.0339229093101
38 67 0 8 0.0339211720658
46 70 0 8 0.0338896141971
48 61 0 8 0.033876005784
7 52 0 8 0.0338687031538
30 88 0 8 0.0337518755474
3 31 0 8 0.0337467920399
8 46 0 8 0.0337328051557
10 30 0 8 0.0337009908367
2 36 0 8 0.033627439225
2 85 0 8 0.0335230722097
45 82 0 8 0.0334813721437
23 58 0 8 0.0334625871564
22 41 0 8 0.0334141428601
21 74 0 8 0.0332575220202
38 88 0 8 0.0332370680375
9 84 0 8 0.0331570245096
42 63 0 8 0.0331124476499
3 58 0 8 0.0330881675936
7 35 0 8 0.0330323358731
11 89 0 8 0.0330240777586
10 24 0 8 0.0329649907733
5 16 0 8 0.0329253340374
26 93 0 8 0.0329152662935
18 75 0 8 0.0328996827991
52 84 0 8 0.0328663339143
23 56 0 8 0.0328552900046
8 48 0 8 0.0327422160866
3 67 0 8 0.0326712496598
15 84 0 8 0.0326643172281
50 60 0 8 0.0326279033481
21 89 0 8 0.0326133808136
8 53 0 8 0.0324920053501
32 52 0 8 0.0324180483814
15 68 0 8 0.0323269051037
20 46 0 8 0.032204828538
29 86 0 8 0.032159449237
5 39 0 8 0.0321272626513
53 71 0 8 0.0319227993461
30 40 0 8 0.0318371945685
5 15 0 8 0.0317975605823
29 93 0 8 0.0317735473171
16 42 0 8 0.0317389244532
15 78 0 8 0.0316885485068
4 59 0 8 0.0316808694737
33 51 0 8 0.0316432250457
31 62 0 8 0.0316242125622
17 45 0 8 0.0315834410946
29 48 0 8 0.0315548282685
30 93 0 8 0.0315243996085
73 91 0 8 0.0315182592774
4 86 0 8 0.0314969532178
31 50 0 8 0.0314938427234
50 68 0 8 0.0314342552463
55 76 0 8 0.0314262080828
50 61 0 8 0.0314058223491
65 79 0 8 0.0313894653674
46 84 0 8 0.0313887870149
38 81 0 8 0.0313795361893
26 62 0 8 0.031327189298
29 83 0 8 0.0312695251985
15 28 0 8 0.0312335166755
40 90 0 8 0.0312071064269
51 85 0 8 0.0311579879144
50 88 0 8 0.0311485261378
26 80 0 8 0.0311275695952
45 88 0 8 0.0311170054958
41 91 0 8 0.0311060194942
13 78 0 8 0.0311060194942
18 92 0 8 0.0311031344278
58 90 0 8 0.0310225118185
8 33 0 8 0.0309723137328
36 81 0 8 0.0309214517717
70 91 0 8 0.0309106581079
16 85 0 8 0.0309043936879
68 93 0 8 0.0308015116028
62 93 0 8 0.0307393451453
13 88 0 8 0.0306134073474
16 84 0 8 0.0305809601751
7 45 0 8 0.0305193397087
8 73 0 8 0.0305151889358
43 65 0 8 0.0304998288014
2 26 0 8 0.0304345104865
29 58 0 8 0.0303926015376
33 75 0 8 0.0303673080889
54 82 0 8 0.0303603508394
33 80 0 8 0.0303315891066
29 84 0 8 0.0303062067275
15 51 0 8 0.0303033299338
50 69 0 8 0.0302939239972
54 72 0 8 0.0302831034474
17 38 0 8 0.0302751534869
46 91 0 8 0.0302692489247
2 87 0 8 0.0302244900679
27 42 0 8 0.0301904214677
14 63 0 8 0.0301766724205
11 51 0 8 0.0301699054406
33 73 0 8 0.0301578440021
48 86 0 8 0.0301132423246
4 66 0 8 0.029978272925
7 44 0 8 0.0296794462358
54 78 0 8 0.0296780440316
33 79 0 8 0.0296569964905
20 87 0 8 0.0296463186429
30 43 0 8 0.0296273661356
20 51 0 8 0.0296213395526
37 61 0 8 0.029612171453
45 86 0 8 0.029593167242
23 74 0 8 0.0295702356182
71 85 0 8 0.0295574027605
7 26 0 8 0.0295573593294
23 91 0 8 0.0295002060624
33 88 0 8 0.029494061595
60 93 0 8 0.0294740419234
48 64 0 8 0.029462975264
8 75 0 8 0.0294560903997
32 58 0 8 0.0294451498973
19 87 0 8 0.0294291217511
25 80 0 8 0.029420758161
65 76 0 8 0.0294169279512
7 56 0 8 0.0294141318152
31 74 0 8 0.029407584059
48 88 0 8 0.0294056337955
15 72 0 8 0.0293870473504
25 59 0 8 0.0293742682646
2 30 0 8 0.0293345763702
4 23 0 8 0.0293181097767
1 75 0 8 0.0292996577612
7 70 0 8 0.0292853441096
46 72 0 8 0.0292842149008
50 87 0 8 0.0292178252853
57 78 0 8 0.029177099317
29 77 0 8 0.0291651909214
32 50 0 8 0.0291535968843
29 92 0 8 0.0291363154405
65 75 0 8 0.0291325514114
11 86 0 8 0.0290326908903
2 35 0 8 0.0290082908815
2 29 0 8 0.0290061048492
30 44 0 8 0.0289982458872
52 75 0 8 0.0289820833114
7 66 0 8 0.0289472722461
16 63 0 8 0.0289430883829
19 58 0 8 0.0289344269795
27 93 0 8 0.0289311841236
1 87 0 8 0.0289042113388
48 58 0 8 0.0289018288324
43 72 0 8 0.0288618784195
64 76 0 8 0.0288547226278
6 24 0 8 0.0288291086162
74 91 0 8 0.0288077032855
2 66 0 8 0.0287276411442
18 38 0 8 0.0286517897521
49 87 0 8 0.0286264301226
9 45 0 8 0.0285879605037
5 23 0 8 0.0285699241859
17 46 0 8 0.0285695726007
10 89 0 8 0.0285683503253
6 41 0 8 0.0284809793494
4 87 0 8 0.0284737077414
6 53 0 8 0.0284166930403
35 86 0 8 0.0283968863879
29 46 0 8 0.0283879602616
52 77 0 8 0.0283853026916
15 46 0 8 0.028318828282
10 44 0 8 0.0282788716647
1 77 0 8 0.0282316806661
59 79 0 8 0.0281834018216
30 91 0 8 0.0281671627244
43 90 0 8 0.0281578932855
26 51 0 8 0.0281519866551
14 38 0 8 0.0281510663293
58 91 0 8 0.0281472423239
32 86 0 8 0.0281398714448
20 81 0 8 0.0281148199694
53 75 0 8 0.028114381522
51 65 0 8 0.0280382012944
20 40 0 8 0.0280296019354
37 50 0 8 0.0279874551495
28 62 0 8 0.0279175869092
27 90 0 8 0.0279095252687
8 79 0 8 0.0278930007671
56 91 0 8 0.0278872016804
43 82 0 8 0.0278762136106
24 35 0 8 0.0278648615468
71 81 0 8 0.0278371566376
8 59 0 8 0.027777534002
5 83 0 8 0.0277684341513
59 91 0 8 0.0277510120734
25 93 0 8 0.0277509996646
21 59 0 8 0.0277309096759
26 39 0 8 0.0277205255053
9 90 0 8 0.0277127782233
3 30 0 8 0.0277123604575
9 51 0 8 0.0277072211099
9 71 0 8 0.0276592028522
31 80 0 8 0.0276547790838
40 88 0 8 0.0276071165475
2 54 0 8 0.0275852727694
31 65 0 8 0.0275845385769
7 50 0 8 0.0275594602156
38 63 0 8 0.0275405449349
55 77 0 8 0.0275292342341
43 67 0 8 0.027520198496
19 84 0 8 0.0274996038792
53 76 0 8 0.0274580216977
28 89 0 8 0.0274486467833
6 62 0 8 0.0274130891166
3 37 0 8 0.0274036066585
9 89 0 8 0.0274021072512
3 32 0 8 0.0273974125555
57 85 0 8 0.0273644752322
10 47 0 8 0.0273464099603
6 63 0 8 0.0273398477271
23 82 0 8 0.0273200576199
42 71 0 8 0.0272838422821
30 78 0 8 0.0272523112993
3 27 0 8 0.0272190161864
29 62 0 8 0.0272106505282
45 84 0 8 0.0272011908197
47 62 0 8 0.0271880125813
12 87 0 8 0.0271846084099
9 88 0 8 0.0271737030661
32 53 0 8 0.0271569696814
45 71 0 8 0.0271091954651
31 75 0 8 0.027087686727
20 90 0 8 0.0270659174023
20 37 0 8 0.0270639754114
48 71 0 8 0.027041147195
30 82 0 8 0.0270385537375
35 75 0 8 0.0269949944066
35 91 0 8 0.0269919294114
1 30 0 8 0.0269664643064
17 85 0 8 0.0269534763376
40 66 0 8 0.0269455470586
12 82 0 8 0.0269136582862
30 81 0 8 0.0269099542334
55 66 0 8 0.0268876120317
18 59 0 8 0.0268698300961
69 92 0 8 0.0268592722011
32 57 0 8 0.0268096263109
52 72 0 8 0.0267903697859
17 79 0 8 0.0267875984677
55 82 0 8 0.0267727264162
25 66 0 8 0.0267415035875
47 84 0 8 0.0267372824976
17 77 0 8 0.02672688385
71 90 0 8 0.026712857671
29 44 0 8 0.0266650400235
6 26 0 8 0.0266549619389
46 92 0 8 0.0266482363219
32 63 0 8 0.0266465114866
35 72 0 8 0.0266294699479
6 56 0 8 0.0266159256474
41 90 0 8 0.0266084617016
18 91 0 8 0.0265940053478
52 81 0 8 0.0265894326729
25 62 0 8 0.0265662280535
55 79 0 8 0.0265616512422
52 62 0 8 0.0265549070119
39 51 0 8 0.0265114055891
4 67 0 8 0.0265032819042
18 52 0 8 0.0264934830195
2 31 0 8 0.0264799242419
59 86 0 8 0.0264755252913
43 88 0 8 0.0264454916476
41 69 0 8 0.0264436675412
33 46 0 8 0.0264130610205
43 68 0 8 0.0264095658506
9 41 0 8 0.0264019095671
64 93 0 8 0.0263949192272
1 38 0 8 0.0263867562475
46 88 0 8 0.0263776874189
21 37 0 8 0.0263302854692
37 51 0 8 0.0263291707375
42 72 0 8 0.02632375219
17 48 0 8 0.0263174981108
16 67 0 8 0.0262854066599
25 40 0 8 0.0262814399523
43 86 0 8 0.0262480186823
52 74 0 8 0.0262216911596
25 79 0 8 0.0261621016144
20 89 0 8 0.0261486276309
8 51 0 8 0.0261432794004
73 87 0 8 0.0261347751763
11 53 0 8 0.0261263557462
52 83 0 8 0.0260956272048
14 85 0 8 0.0260842068921
29 49 0 8 0.0260835843796
19 52 0 8 0.026073605566
47 85 0 8 0.0260600157662
33 50 0 8 0.02605307713
12 58 0 8 0.0260520658057
42 59 0 8 0.0260436525801
41 71 0 8 0.02602309519
43 56 0 8 0.0260029245436
2 67 0 8 0.0259946023165
55 93 0 8 0.0259842450319
12 26 0 8 0.0259775959364
29 74 0 8 0.0259775463008
19 72 0 8 0.0259581139832
33 92 0 8 0.0259559114057
27 88 0 8 0.0259386154849
53 77 0 8 0.0259097069136
14 66 0 8 0.0258932775468
76 86 0 8 0.0258865084987
29 45 0 8 0.0258629833164
12 86 0 8 0.0258409616777
27 87 0 8 0.0258360477583
18 44 0 8 0.0258283604526
18 54 0 8 0.0258176764005
18 53 0 8 0.0258041527815
36 54 0 8 0.0257997207405
41 81 0 8 0.0257938864953
9 74 0 8 0.0257732649927
17 91 0 8 0.025751412942
72 83 0 8 0.0257386545377
18 42 0 8 0.0257330891517
1 86 0 8 0.0257074585949
6 46 0 8 0.025689449163
72 92 0 8 0.0256892837112
20 61 0 8 0.0256335884884
22 57 0 8 0.0256172025526
39 63 0 8 0.0256047419616
52 73 0 8 0.0255928583838
40 67 0 8 0.0255827203228
20 58 0 8 0.0255743195061
8 55 0 8 0.0255637864289
68 78 0 8 0.0255556730847
30 41 0 8 0.025523010825
54 76 0 8 0.0255204732075
53 78 0 8 0.0254832237958
4 37 0 8 0.0254754620368
22 67 0 8 0.0254363637008
3 57 0 8 0.0254192828674
13 86 0 8 0.0253752457943
38 52 0 8 0.025349230562
42 87 0 8 0.0253455058276
30 46 0 8 0.0253374483234
22 52 0 8 0.0253365362702
53 64 0 8 0.025322073712
36 72 0 8 0.025283604093
7 79 0 8 0.025250335866
57 91 0 8 0.0252230239049
13 29 0 8 0.0252106998116
6 39 0 8 0.0251993953152
24 36 0 8 0.0251872863093
5 57 0 8 0.0251837559809
20 35 0 8 0.0251702695884
51 84 0 8 0.0251657589579
7 28 0 8 0.0251644891151
37 67 0 8 0.0251428438792
1 54 0 8 0.0251424323178
1 44 0 8 0.0251423909548
18 78 0 8 0.0251292706246
2 63 0 8 0.0251224891677
35 56 0 8 0.0251126013526
3 85 0 8 0.0251113790772
73 89 0 8 0.025095867968
26 55 0 8 0.025046126943
55 92 0 8 0.0250443834943
3 18 0 8 0.0250125981294
19 59 0 8 0.0249924088696
45 64 0 8 0.0249899891366
1 41 0 8 0.0249863533326
1 76 0 8 0.0249784840299
8 60 0 8 0.0249694751776
35 65 0 8 0.0249682198119
46 83 0 8 0.0249370424824
46 60 0 8 0.0249351108322
50 83 0 8 0.0249113395403
20 39 0 8 0.0249021673044
7 62 0 8 0.0248993691003
5 67 0 8 0.0248993215329
48 81 0 8 0.0248952927808
33 72 0 8 0.0248712484934
25 81 0 8 0.0248580123469
19 62 0 8 0.0248345430046
67 89 0 8 0.0248201197412
25 83 0 8 0.0248024370767
19 90 0 8 0.0247872692801
14 56 0 8 0.0247442311224
17 80 0 8 0.0247084604365
4 30 0 8 0.0246825051804
8 49 0 8 0.0246749791902
9 37 0 8 0.0246345799893
27 82 0 8 0.0245952438163
15 92 0 8 0.0245274437239
9 30 0 8 0.0245207760151
20 45 0 8 0.0245069690598
20 48 0 8 0.0244607294092
48 62 0 8 0.0244413632723
29 56 0 8 0.0244356924108
61 75 0 8 0.0244351236701
61 86 0 8 0.0244337152614
65 86 0 8 0.0244012867025
4 17 0 8 0.0243969890911
56 90 0 8 0.0243804170221
44 70 0 8 0.024346197447
3 70 0 8 0.0243166477499
4 29 0 8 0.0243035150108
17 75 0 8 0.0242569465247
14 60 0 8 0.0242560034492
46 64 0 8 0.0242510936661
24 46 0 8 0.0242453773054
28 47 0 8 0.0242384593507
35 53 0 8 0.0242319653663
44 83 0 8 0.0241957665737
35 77 0 8 0.0241911752854
4 74 0 8 0.0241730004017
5 65 0 8 0.0241662478988
21 67 0 8 0.0241501907986
38 70 0 8 0.0241465156998
28 53 0 8 0.0241317780779
1 40 0 8 0.0241227857708
25 51 0 8 0.0240754045026
34 86 0 8 0.0240456211048
18 45 0 8 0.0240351066409
15 63 0 8 0.0240301637674
10 86 0 8 0.0240297873645
45 59 0 8 0.024016774578
4 24 0 8 0.0239918389188
62 78 0 8 0.0239855041818
68 80 0 8 0.0239830699718
21 33 0 8 0.0239282206215
49 73 0 8 0.0239089185972
47 72 0 8 0.0238605652994
19 54 0 8 0.0238566647725
11 44 0 8 0.0238478627351
28 59 0 8 0.0238465101664
1 11 0 8 0.0238459166079
31 56 0 8 0.0238452713458
24 78 0 8 0.0238077385978
34 89 0 8 0.0238039476827
7 41 0 8 0.0237976770583
13 76 0 8 0.0237849848347
41 92 0 8 0.0237690104604
14 30 0 8 0.0237422300133
47 70 0 8 0.0237338188558
67 83 0 8 0.0237252132924
37 73 0 8 0.023702203079
60 88 0 8 0.0236466319451
14 43 0 8 0.0236408824939
34 91 0 8 0.0235736490741
9 50 0 8 0.0235682946392
3 33 0 8 0.023548742369
10 83 0 8 0.0235218130153
24 60 0 8 0.0235095199442
71 83 0 8 0.0235008027008
28 64 0 8 0.0235003456401
12 30 0 8 0.0234956406037
18 56 0 8 0.023439204984
29 59 0 8 0.0234289490385
27 44 0 8 0.0234154068061
5 74 0 8 0.0234097959209
19 36 0 8 0.0233735330157
58 92 0 8 0.0233697855318
29 42 0 8 0.0233485270396
17 92 0 8 0.023340771485
32 71 0 8 0.0233341906384
63 88 0 8 0.0233249211995
3 17 0 8 0.0233185306225
67 81 0 8 0.0232898081846
20 52 0 8 0.0232895434616
72 89 0 8 0.0232787870245
60 92 0 8 0.02327313064
62 92 0 8 0.0232401126589
15 53 0 8 0.0232348781765
37 86 0 8 0.0232334656315
7 69 0 8 0.0232331967723
28 60 0 8 0.0232067575696
43 81 0 8 0.0231394310831
36 86 0 8 0.023128521603
25 73 0 8 0.0231188406027
33 71 0 8 0.0230782449277
45 90 0 8 0.0230475349996
10 85 0 8 0.0230249611654
49 61 0 8 0.0230111935048
42 67 0 8 0.0230028113014
70 80 0 8 0.0229724446859
9 83 0 8 0.0229504602738
14 59 0 8 0.0228917951907
64 88 0 8 0.0228706111518
13 51 0 8 0.0228345964244
25 46 0 8 0.0228059877346
15 55 0 8 0.022769104385
54 93 0 8 0.0227587388278
13 40 0 8 0.02271343398
4 63 0 8 0.0226456814551
76 88 0 8 0.0226391998796
1 46 0 8 0.0226132301465
24 42 0 8 0.0225898352575
31 61 0 8 0.0225720388449
3 29 0 8 0.0225688704423
55 81 0 8 0.0225684630172
37 62 0 8 0.0225430310025
29 80 0 8 0.0225274640533
20 60 0 8 0.0225067805062
33 90 0 8 0.0224884980789
12 59 0 8 0.0224857536466
37 65 0 8 0.0224536601276
1 37 0 8 0.02240424587
45 62 0 8 0.0223915371012
9 82 0 8 0.0223857607641
64 78 0 8 0.0223643512971
2 28 0 8 0.0223636109002
15 29 0 8 0.0223563144744
36 91 0 8 0.0223549412242
29 76 0 8 0.0223433823456
25 45 0 8 0.0223318400122
41 87 0 8 0.0222987703274
7 77 0 8 0.0222831123797
27 89 0 8 0.0222688814541
75 90 0 8 0.0222635828592
4 39 0 8 0.0222268856429
19 73 0 8 0.022179746348
44 85 0 8 0.0221710291046
8 45 0 8 0.0221697882159
20 50 0 8 0.0221696269004
16 66 0 8 0.0221512307249
31 55 0 8 0.0221492949384
18 41 0 8 0.0221309587392
52 67 0 8 0.0221265515161
38 71 0 8 0.0221148478671
1 39 0 8 0.022112217183
73 83 0 8 0.0221100787181
28 80 0 8 0.0221033241471
20 43 0 8 0.0220909235323
24 50 0 8 0.0220882308037
21 50 0 8 0.0220872380927
39 91 0 8 0.0220740784677
8 80 0 8 0.0220682111321
30 42 0 8 0.022035933548
22 66 0 8 0.0220153864986
22 92 0 8 0.0220072959041
67 90 0 8 0.0219910526705
50 65 0 8 0.0219874251391
42 56 0 8 0.0219859960489
30 56 0 8 0.0219645886501
31 71 0 8 0.0219350596345
17 76 0 8 0.0219285470367
14 58 0 8 0.0219024056474
56 84 0 8 0.0218663019896
1 74 0 8 0.0218582506898
8 28 0 8 0.0218115126156
28 93 0 8 0.02176070029
19 85 0 8 0.0217563551113
28 92 0 8 0.0217530336658
25 39 0 8 0.0216752258057
4 27 0 8 0.0216449315754
34 63 0 8 0.0216201241414
39 86 0 8 0.0216194644022
22 55 0 8 0.0216155018309
1 29 0 8 0.0216115723499
45 87 0 8 0.0215941419994
24 44 0 8 0.0215905723762
69 89 0 8 0.0215606483443
74 92 0 8 0.0215342711861
37 81 0 8 0.0215122267977
49 71 0 8 0.0215080822293
7 71 0 8 0.0215031765825
73 86 0 8 0.0214691700267
72 91 0 8 0.0214620100987
26 63 0 8 0.0214279001355
22 62 0 8 0.0213605054001
47 59 0 8 0.0213383245139
47 60 0 8 0.0213276239167
40 71 0 8 0.0213157155211
14 72 0 8 0.0213102307929
31 83 0 8 0.0212822611608
25 89 0 8 0.0212498863737
7 46 0 8 0.0212333432587
60 80 0 8 0.0212130112968
3 73 0 8 0.0212125728494
53 80 0 8 0.0212009643353
13 84 0 8 0.0211524062909
28 75 0 8 0.0211358052677
19 35 0 8 0.0211260642912
39 88 0 8 0.0210740772576
19 34 0 8 0.021071440369
29 39 0 8 0.0210679534717
40 72 0 8 0.0210241666445
44 68 0 8 0.0210217758655
35 51 0 8 0.0209759188223
24 48 0 8 0.0209653319732
37 71 0 8 0.0209511672283
35 73 0 8 0.0209350666969
38 56 0 8 0.020913742024
17 39 0 8 0.0208997489354
2 27 0 8 0.0208978607163
17 62 0 8 0.0208963447639
29 43 0 8 0.020877328144
35 71 0 8 0.0208469656648
24 34 0 8 0.0208322756103
6 74 0 8 0.0207345907809
49 85 0 8 0.0207142981138
67 82 0 8 0.020705254103
25 84 0 8 0.0207012584413
30 72 0 8 0.020684963504
59 89 0 8 0.0206830732169
9 61 0 8 0.0206736631439
75 88 0 8 0.0206729827233
22 74 0 8 0.0206689643119
37 69 0 8 0.0206460368244
16 53 0 8 0.0205989802554
40 87 0 8 0.0205973443504
45 83 0 8 0.0205863562806
39 71 0 8 0.0205453118175
42 83 0 8 0.0205335357834
29 63 0 8 0.0205298855024
20 76 0 8 0.02052825787
5 85 0 8 0.0205051959529
29 66 0 8 0.0205025239058
23 67 0 8 0.0204976017138
27 48 0 8 0.0204889030837
34 71 0 8 0.0204828413423
19 53 0 8 0.0204798528686
41 72 0 8 0.0204367485302
18 90 0 8 0.0204282174201
3 59 0 8 0.0203669257891
16 62 0 8 0.020347569993
39 73 0 8 0.0203135075972
9 31 0 8 0.0202955829594
8 70 0 8 0.0202920340176
20 88 0 8 0.0202882741248
33 53 0 8 0.0202873351856
5 37 0 8 0.0202796995836
3 28 0 8 0.0202260270095
33 61 0 8 0.0202258305354
16 65 0 8 0.0202253383162
8 29 0 8 0.0202231895106
1 23 0 8 0.0202211689301
6 40 0 8 0.0202195805925
83 93 0 8 0.0202166003914
36 73 0 8 0.020213295491
56 73 0 8 0.0201931600031
7 81 0 8 0.0201639267327
59 82 0 8 0.0201440125366
7 80 0 8 0.0200756809302
22 35 0 8 0.0200683514141
33 69 0 8 0.0200650671952
5 84 0 8 0.0200586600731
8 82 0 8 0.0200474196893
48 84 0 8 0.0200444870555
25 48 0 8 0.0200260495171
2 24 0 8 0.0200001376921
28 58 0 8 0.0199986134671
1 31 0 8 0.0199891186001
30 85 0 8 0.019973677808
6 73 0 8 0.0199709437165
21 51 0 8 0.0199696531922
28 43 0 8 0.0199597695134
15 62 0 8 0.0199470069727
14 68 0 8 0.0199455675418
14 41 0 8 0.0199033855974
18 79 0 8 0.0198930427898
27 58 0 8 0.0198687089616
47 69 0 8 0.0198659769383
2 73 0 8 0.0198592533895
37 60 0 8 0.0198359081361
31 72 0 8 0.0198073201277
49 69 0 8 0.0197981830503
32 65 0 8 0.0197921068318
29 70 0 8 0.0197494823037
1 43 0 8 0.0196992614684
8 43 0 8 0.0196855599887
13 85 0 8 0.0196769482208
16 28 0 8 0.0196708740705
18 43 0 8 0.0196523021024
11 83 0 8 0.0196476632467
2 62 0 8 0.019647150346
55 91 0 8 0.0196428423939
13 46 0 8 0.0196117043592
33 62 0 8 0.0196111893904
9 65 0 8 0.0196083146648
23 73 0 8 0.0195797163158
4 20 0 8 0.0195738345032
9 39 0 8 0.0195647181072
71 84 0 8 0.0195577443125
44 59 0 8 0.0195137299891
11 85 0 8 0.0195118459064
33 89 0 8 0.0195006220677
54 75 0 8 0.0194695833042
28 45 0 8 0.0194609694682
13 30 0 8 0.019441123521
77 88 0 8 0.0194207171057
58 87 0 8 0.0193745581129
63 73 0 8 0.0193378278063
52 69 0 8 0.0193331289743
15 71 0 8 0.0193328704558
61 93 0 8 0.0193204677729
3 24 0 8 0.0193071220145
15 75 0 8 0.0192987894467
46 89 0 8 0.0192946634916
4 32 0 8 0.0192841573003
26 57 0 8 0.0192666132018
14 62 0 8 0.0192574326933
10 72 0 8 0.0192499129075
62 86 0 8 0.0192314526194
17 51 0 8 0.0192268696037
28 42 0 8 0.0192234923182
35 92 0 8 0.019215546494
31 87 0 8 0.0192147998926
1 35 0 8 0.0192141918571
26 58 0 8 0.0191781502438
4 36 0 8 0.0191535351475
4 35 0 8 0.0191441974598
63 91 0 8 0.0191324710612
24 93 0 8 0.0191135661213
65 93 0 8 0.0190989691335
45 81 0 8 0.019091354213
46 69 0 8 0.0190756755838
2 56 0 8 0.0190715124021
6 83 0 8 0.0190583507089
10 31 0 8 0.0190370384449
16 68 0 8 0.0190159784949
41 63 0 8 0.0189956589418
22 53 0 8 0.0189686902933
27 84 0 8 0.0189682973452
25 42 0 8 0.0189483728084
40 52 0 8 0.0188996803344
7 24 0 8 0.0188956246963
11 47 0 8 0.0188834929408
32 83 0 8 0.0188714873423
1 33 0 8 0.0188654400778
66 90 0 8 0.0188282568469
28 38 0 8 0.0188230120238
17 68 0 8 0.0188196388746
59 73 0 8 0.0188182242614
24 67 0 8 0.0187883395244
4 71 0 8 0.0187784413686
19 61 0 8 0.0187746090905
34 54 0 8 0.0187640181052
15 77 0 8 0.0187534498694
2 55 0 8 0.0187406790562
36 50 0 8 0.0187362883782
13 79 0 8 0.0187322223994
35 62 0 8 0.018729153268
75 86 0 8 0.0187194474499
60 87 0 8 0.0187063581419
14 33 0 8 0.0186622424792
8 27 0 8 0.0186582633626
20 84 0 8 0.0186091365776
2 59 0 8 0.0185824905601
9 54 0 8 0.0185796592656
13 44 0 8 0.018566505845
34 62 0 8 0.0185557494079
15 76 0 8 0.0185463972431
43 83 0 8 0.0185221626861
25 90 0 8 0.0185150089625
18 73 0 8 0.018514582924
3 56 0 8 0.0184981742387
1 24 0 8 0.0184552560336
30 48 0 8 0.0184547327922
30 77 0 8 0.0184248108284
25 92 0 8 0.0184064394707
16 43 0 8 0.0183739488673
36 52 0 8 0.0183381471591
50 85 0 8 0.0182868757047
72 88 0 8 0.0182824478
18 36 0 8 0.0182822802801
52 70 0 8 0.0182716313866
6 71 0 8 0.0182330294061
12 56 0 8 0.0182233525421
17 84 0 8 0.0181899788396
35 54 0 8 0.0181844734299
33 83 0 8 0.0181325732585
59 90 0 8 0.0181209895622
19 70 0 8 0.0180893303542
72 85 0 8 0.0180685661494
18 39 0 8 0.018053863686
15 44 0 8 0.0180487967236
19 65 0 8 0.0180328968026
7 42 0 8 0.0179947270651
28 83 0 8 0.017992208061
39 72 0 8 0.0179816770519
10 78 0 8 0.0179663500079
38 53 0 8 0.0178370990371
3 71 0 8 0.0178252961171
70 86 0 8 0.0178218650598
41 67 0 8 0.0177957071252
24 75 0 8 0.0177717869267
12 24 0 8 0.0177598371681
37 58 0 8 0.0177139201486
66 88 0 8 0.0177048575245
1 42 0 8 0.0176505810512
39 65 0 8 0.0176462606903
44 72 0 8 0.0176448191912
43 71 0 8 0.0176405918969
36 63 0 8 0.0176345280873
33 85 0 8 0.0176183531026
44 64 0 8 0.0176056153797
41 83 0 8 0.0175751350161
19 67 0 8 0.0175464167144
3 62 0 8 0.017542942226
9 25 0 8 0.0175415110676
5 19 0 8 0.0175255925333
70 81 0 8 0.0175170593551
10 28 0 8 0.0174974905397
56 92 0 8 0.0174668116339
8 34 0 8 0.0174406764489
3 65 0 8 0.0174282468801
30 63 0 8 0.0174106221238
38 72 0 8 0.0173340944473
16 83 0 8 0.0173116591789
51 70 0 8 0.0173086645008
28 41 0 8 0.0172971635303
12 28 0 8 0.0172870916501
36 61 0 8 0.0172726911363
8 37 0 8 0.0172585842995
25 50 0 8 0.0172506819064
9 55 0 8 0.0172367570667
68 81 0 8 0.0172209667575
48 87 0 8 0.0172027649879
20 53 0 8 0.0171986390328
63 89 0 8 0.0171940167223
2 70 0 8 0.0171851030049
21 71 0 8 0.0171761582652
31 52 0 8 0.0171681752144
1 45 0 8 0.0171638341719
27 78 0 8 0.0171634722461
18 40 0 8 0.017150018944
29 41 0 8 0.0171295442799
64 86 0 8 0.0171170133718
49 64 0 8 0.0170531841234
17 49 0 8 0.0170350568071
1 73 0 8 0.0170339896428
4 83 0 8 0.0170330651806
63 82 0 8 0.0170020015993
17 29 0 8 0.0169918076983
74 88 0 8 0.0169711696505
12 34 0 8 0.0169580162299
1 28 0 8 0.0169540205682
1 26 0 8 0.0169513381803
63 87 0 8 0.01690882223
9 33 0 8 0.016890069299
21 58 0 8 0.0168776831613
72 84 0 8 0.0168743627498
24 82 0 8 0.0168594007339
12 78 0 8 0.0168570337386
1 25 0 8 0.0168541559108
19 68 0 8 0.0168288345421
52 65 0 8 0.0168247799382
46 81 0 8 0.0167751505932
21 88 0 8 0.0167644013945
73 84 0 8 0.0167412257292
5 36 0 8 0.0166883948913
15 56 0 8 0.0166756054647
17 89 0 8 0.0166416257948
14 35 0 8 0.0166331050255
8 22 0 8 0.0166140863375
20 34 0 8 0.0166127027465
38 83 0 8 0.0165886905154
66 81 0 8 0.0165875158074
22 59 0 8 0.0165569372067
40 70 0 8 0.0165489924166
38 54 0 8 0.0165487452729
60 89 0 8 0.0165233897797
60 83 0 8 0.0164816990204
31 86 0 8 0.0164816038856
1 36 0 8 0.0164472674602
42 52 0 8 0.0164394767471
44 71 0 8 0.0164353518261
29 40 0 8 0.016431965234
75 89 0 8 0.0164253978303
24 45 0 8 0.0164087254561
23 52 0 8 0.0163457896475
32 91 0 8 0.01634378251
8 39 0 8 0.0163189554286
62 81 0 8 0.0162112917856
7 55 0 8 0.0161951850498
3 68 0 8 0.0161859331902
1 34 0 8 0.0161499867117
9 28 0 8 0.0161044657425
28 55 0 8 0.0160111147169
21 87 0 8 0.016010667997
17 67 0 8 0.0159858419497
52 66 0 8 0.0159612299557
32 87 0 8 0.0159506224251
72 87 0 8 0.0159243269587
32 72 0 8 0.0159233673381
38 85 0 8 0.0159048584485
22 81 0 8 0.0158221097832
15 59 0 8 0.0157976322188
40 83 0 8 0.0157552310507
58 82 0 8 0.0157532094361
26 88 0 8 0.0157126065226
58 89 0 8 0.0156785679105
64 91 0 8 0.0156735464474
64 87 0 8 0.0156518277923
25 35 0 8 0.0156320842184
30 70 0 8 0.0156297306661
37 52 0 8 0.0156051786484
4 62 0 8 0.0155791220531
24 87 0 8 0.0155621094685
8 71 0 8 0.0155616058745
36 56 0 8 0.015549669559
12 42 0 8 0.0155335793684
10 76 0 8 0.0155273428684
70 90 0 8 0.015527155701
45 85 0 8 0.0154914480935
28 44 0 8 0.0154893613323
57 87 0 8 0.0154847266129
18 35 0 8 0.0154750724985
20 73 0 8 0.01547495358
34 92 0 8 0.0154540942404
5 56 0 8 0.0154326537512
46 85 0 8 0.0154307158966
14 83 0 8 0.0154246975862
38 69 0 8 0.015421660511
17 30 0 8 0.0153998601641
6 59 0 8 0.0153955997794
62 87 0 8 0.0153927529739
15 38 0 8 0.015386140071
9 32 0 8 0.0153694635604
61 85 0 8 0.0152934363757
23 88 0 8 0.015293272992
14 53 0 8 0.0152828929578
18 64 0 8 0.0152814090617
25 87 0 8 0.0152733887841
24 79 0 8 0.0152579790142
32 73 0 8 0.015211801408
67 92 0 8 0.0152009963693
27 79 0 8 0.015191482889
74 89 0 8 0.0151801194504
8 56 0 8 0.0151631585696
27 63 0 8 0.0151607119506
8 83 0 8 0.015160536158
65 89 0 8 0.01512647066
30 53 0 8 0.0151249867639
4 18 0 8 0.0151172353456
12 65 0 8 0.015108990674
16 52 0 8 0.0150783076319
33 87 0 8 0.0150332633707
2 68 0 8 0.0150042431195
33 52 0 8 0.0149942746467
1 67 0 8 0.0149681404958
60 90 0 8 0.0149506553394
35 59 0 8 0.0149412855954
8 66 0 8 0.0149200426143
63 81 0 8 0.0149097680556
44 84 0 8 0.0148997592539
10 55 0 8 0.0148741866052
30 61 0 8 0.0148482747802
30 89 0 8 0.0148234818233
12 85 0 8 0.0148215749909
47 71 0 8 0.0147866243256
27 70 0 8 0.0147783610407
53 70 0 8 0.0147437929827
4 70 0 8 0.0147135142635
11 82 0 8 0.014692433632
17 58 0 8 0.0146862023024
13 74 0 8 0.0146768915006
4 84 0 8 0.0146754003659
12 77 0 8 0.0146743776668
28 76 0 8 0.0146509827778
7 54 0 8 0.0146236977027
10 49 0 8 0.0146200257061
29 89 0 8 0.0146030865408
5 64 0 8 0.0146017019158
34 90 0 8 0.0145329142828
12 43 0 8 0.0145327312517
30 52 0 8 0.0145297489824
12 71 0 8 0.0145247854275
36 88 0 8 0.0145062527542
48 85 0 8 0.0145050811484
69 91 0 8 0.0144768364526
37 87 0 8 0.0144635351595
17 82 0 8 0.0144625900159
41 73 0 8 0.0144568995069
18 77 0 8 0.0144521686186
61 79 0 8 0.0144257273478
8 61 0 8 0.0144206572833
46 62 0 8 0.0144100228668
48 60 0 8 0.0143939088925
69 79 0 8 0.0143899152989
46 90 0 8 0.0143804648971
30 86 0 8 0.0143725304477
35 87 0 8 0.0143717362789
11 64 0 8 0.014364731462
20 79 0 8 0.0143641534147
58 81 0 8 0.0143600646863
14 52 0 8 0.0143217325991
13 45 0 8 0.0143051108945
8 41 0 8 0.014288783901
62 82 0 8 0.0142407335869
24 80 0 8 0.0142329408056
62 80 0 8 0.014217410049
16 92 0 8 0.0142043507292
39 92 0 8 0.0142010282496
4 28 0 8 0.0141999404038
17 40 0 8 0.0141767285459
59 87 0 8 0.0141656618865
4 73 0 8 0.0141563934817
1 55 0 8 0.0141520731208
8 32 0 8 0.0141369280738
12 23 0 8 0.0141331206135
21 56 0 8 0.0141126593923
6 67 0 8 0.0141122623079
35 83 0 8 0.0141056855976
17 66 0 8 0.0140897556885
6 27 0 8 0.0140625047378
10 77 0 8 0.0140470897974
9 67 0 8 0.0140442719459
6 55 0 8 0.0140369775883
1 27 0 8 0.0140238800077
29 73 0 8 0.0140106800538
4 72 0 8 0.0139985358893
3 72 0 8 0.0139860763324
18 49 0 8 0.013982463278
66 82 0 8 0.0139780994859
7 65 0 8 0.0139640733069
2 72 0 8 0.0139554243124
21 35 0 8 0.0139189514903
18 80 0 8 0.0139093521818
9 70 0 8 0.0138962742486
12 57 0 8 0.0138658662701
66 92 0 8 0.0138572152075
32 70 0 8 0.0138545876256
53 79 0 8 0.0137765160767
57 76 0 8 0.0137697284153
1 56 0 8 0.0137691545043
67 88 0 8 0.0137652012396
9 68 0 8 0.0137637452635
67 87 0 8 0.0137595469232
1 72 0 8 0.0137556236467
72 86 0 8 0.0137533217981
41 52 0 8 0.0137431382378
20 56 0 8 0.0137189450438
10 33 0 8 0.013709131682
37 92 0 8 0.0136979760923
9 24 0 8 0.0136958365933
7 43 0 8 0.0136954250319
1 70 0 8 0.0136840129918
7 36 0 8 0.0136639385143
53 66 0 8 0.01366231295
5 20 0 8 0.0136534995378
34 57 0 8 0.0136516257958
10 38 0 8 0.0136416790385
62 90 0 8 0.0136273478077
10 79 0 8 0.013612682571
16 30 0 8 0.013610865703
23 92 0 8 0.0135636778066
34 59 0 8 0.0135514653933
35 89 0 8 0.0135444088727
69 82 0 8 0.0135381051579
30 84 0 8 0.0135229073731
39 68 0 8 0.0135094706163
5 18 0 8 0.0135014451684
8 84 0 8 0.0134849640978
2 65 0 8 0.0134647169299
13 75 0 8 0.0134563585102
20 36 0 8 0.0134485078208
15 57 0 8 0.0134452691012
69 85 0 8 0.0134274199508
15 54 0 8 0.0134204968257
40 62 0 8 0.0134174866365
10 88 0 8 0.0134155198278
53 68 0 8 0.013408558442
18 70 0 8 0.0134083164687
6 70 0 8 0.0133438502307
14 57 0 8 0.013343364216
24 89 0 8 0.0133356934555
74 86 0 8 0.013314962341
24 43 0 8 0.0133094982942
28 77 0 8 0.0133037136846
3 84 0 8 0.013299803851
61 88 0 8 0.0132970976795
69 81 0 8 0.0132821646176
10 46 0 8 0.0132696916177
10 29 0 8 0.0132656566611
9 56 0 8 0.0131875437493
23 70 0 8 0.0131868002501
35 58 0 8 0.0131860950117
19 92 0 8 0.0131843712104
38 68 0 8 0.0131841095897
17 41 0 8 0.0131688694079
41 86 0 8 0.0131448085753
5 63 0 8 0.0130992265957
16 32 0 8 0.013092504081
7 72 0 8 0.0130913200663
53 65 0 8 0.0130744357069
44 62 0 8 0.0130579008645
66 87 0 8 0.0130554759611
40 85 0 8 0.0130551843522
28 40 0 8 0.0130491184745
49 68 0 8 0.0130467018437
70 92 0 8 0.0130388708017
36 53 0 8 0.0130234496569
9 60 0 8 0.0130114057976
8 50 0 8 0.0130064525834
6 36 0 8 0.0130047453273
26 67 0 8 0.0129937862117
37 91 0 8 0.0129869127221
31 88 0 8 0.0129682973229
20 67 0 8 0.0129667265646
37 72 0 8 0.0129638332257
21 83 0 8 0.0129635416169
62 73 0 8 0.0129602770454
55 73 0 8 0.0129563330874
1 71 0 8 0.0129526031827
36 69 0 8 0.0129178138329
15 61 0 8 0.0129111182041
32 88 0 8 0.0129047896715
4 56 0 8 0.0128975987213
28 63 0 8 0.0128848196354
5 55 0 8 0.0128725286325
6 54 0 8 0.0128706124935
5 35 0 8 0.0128508616811
30 74 0 8 0.012844035759
60 86 0 8 0.0128414061089
7 40 0 8 0.0128399687462
30 75 0 8 0.012839645081
39 56 0 8 0.0128375717628
19 64 0 8 0.0128261773019
31 85 0 8 0.0128212985411
20 80 0 8 0.0128041370498
71 87 0 8 0.0128008290473
28 48 0 8 0.0127841039353
17 74 0 8 0.0127757713674
12 41 0 8 0.0127740806565
43 87 0 8 0.012758859088
14 64 0 8 0.0127587112154
18 51 0 8 0.0127340227
29 50 0 8 0.0127247170685
34 88 0 8 0.0127122254552
7 22 0 8 0.0127083228602
22 83 0 8 0.0127009395722
35 55 0 8 0.0127005631693
77 89 0 8 0.0126918438577
3 64 0 8 0.0126880322612
70 85 0 8 0.012671724915
32 90 0 8 0.012663739796
17 56 0 8 0.012635407204
10 43 0 8 0.0126129254023
55 80 0 8 0.0125868884544
65 78 0 8 0.0125814171691
2 69 0 8 0.0125674747501
26 50 0 8 0.012561166899
12 76 0 8 0.0125551796109
22 64 0 8 0.012549237822
71 88 0 8 0.0125125726621
11 78 0 8 0.012501650773
1 63 0 8 0.0124718415234
35 61 0 8 0.0124247901247
56 74 0 8 0.0124238822078
7 58 0 8 0.0124134328906
20 66 0 8 0.0123993126108
23 60 0 8 0.0123985401576
27 92 0 8 0.0123856721414
21 90 0 8 0.0123814541538
16 55 0 8 0.0123792639851
60 85 0 8 0.0123714556928
1 59 0 8 0.0123657713883
38 84 0 8 0.0123621024939
8 57 0 8 0.0123620600969
9 35 0 8 0.0123515776893
41 88 0 8 0.0123203817465
25 74 0 8 0.0123079873361
26 87 0 8 0.0123035015234
20 74 0 8 0.0123020620924
57 67 0 8 0.0122903925679
8 67 0 8 0.0122819669334
22 32 0 8 0.012281876969
28 90 0 8 0.0122496252367
12 63 0 8 0.0122375203671
63 90 0 8 0.0122059935206
16 59 0 8 0.0121931927192
16 70 0 8 0.0121904162306
42 54 0 8 0.0121830122612
2 60 0 8 0.0121822511828
47 65 0 8 0.0121733147157
9 40 0 8 0.0121604984032
24 51 0 8 0.0121512879066
74 90 0 8 0.012147602467
1 68 0 8 0.0121409264856
64 77 0 8 0.0120980299961
2 64 0 8 0.0120914119228
64 89 0 8 0.0120667585659
30 73 0 8 0.0120457389448
3 60 0 8 0.0120419480297
13 55 0 8 0.012018781671
39 89 0 8 0.0120158852299
36 65 0 8 0.0120072807006
28 87 0 8 0.0119970392322
30 87 0 8 0.0119952533865
5 70 0 8 0.0119646727177
15 60 0 8 0.0119625476957
51 68 0 8 0.0119585313525
13 24 0 8 0.0119498110069
18 71 0 8 0.0119480613538
28 52 0 8 0.0119466963762
36 90 0 8 0.0119447378402
57 92 0 8 0.011886170994
62 76 0 8 0.0118797493948
24 74 0 8 0.0118739575467
25 88 0 8 0.011872438492
11 24 0 8 0.0118604473705
24 69 0 8 0.0118513020206
16 60 0 8 0.0118426726735
73 85 0 8 0.0118412208337
12 67 0 8 0.0118410419389
1 60 0 8 0.0118335283576
9 36 0 8 0.0118103816463
77 87 0 8 0.0118022414162
30 51 0 8 0.0117983977634
11 28 0 8 0.0117837273563
9 64 0 8 0.0117775880593
37 89 0 8 0.0117770999764
32 92 0 8 0.0117752644951
51 71 0 8 0.0117490651976
36 62 0 8 0.0117351455282
32 54 0 8 0.0117302977895
17 50 0 8 0.0117240654259
54 67 0 8 0.0117226808009
5 17 0 8 0.0117058688266
36 71 0 8 0.0117054789808
59 85 0 8 0.0117039930165
17 64 0 8 0.0117038554847
27 67 0 8 0.0116835824649
65 91 0 8 0.0116662596582
12 44 0 8 0.0116474705346
2 61 0 8 0.0116259442172
13 32 0 8 0.0116045854199
33 63 0 8 0.0116008493107
9 58 0 8 0.0115936397471
20 85 0 8 0.0115843061957
36 89 0 8 0.0115747761702
10 64 0 8 0.0115634168679
21 85 0 8 0.0115591906077
4 54 0 8 0.0115566188658
23 53 0 8 0.0115452150983
36 92 0 8 0.0115405379818
18 62 0 8 0.0115322023117
4 57 0 8 0.0115068447504
8 36 0 8 0.0115027105228
2 71 0 8 0.0114883069068
12 37 0 8 0.0114879594579
27 54 0 8 0.011486925384
9 62 0 8 0.0114723997472
13 28 0 8 0.0114696015431
13 57 0 8 0.0114602400717
15 58 0 8 0.0114554554116
2 58 0 8 0.0114393341987
32 61 0 8 0.0114373715264
68 89 0 8 0.0114195988975
38 62 0 8 0.0113938421836
33 59 0 8 0.0113907285869
23 90 0 8 0.0113726074751
16 54 0 8 0.011341840673
16 31 0 8 0.011336498647
25 61 0 8 0.0113098702088
31 70 0 8 0.0112927842049
35 85 0 8 0.0112922878494
64 90 0 8 0.0112826771662
16 64 0 8 0.0112770083728
30 55 0 8 0.0112565543901
12 46 0 8 0.0112517955818
32 89 0 8 0.0112473862905
47 61 0 8 0.0112320127132
29 51 0 8 0.0112307697563
1 66 0 8 0.0112128813111
31 53 0 8 0.0112053873772
20 72 0 8 0.0112046025151
15 40 0 8 0.0112036325537
25 67 0 8 0.0111792925211
1 57 0 8 0.0111677243359
34 68 0 8 0.0111390360224
35 88 0 8 0.0111188963982
1 61 0 8 0.0111076053448
69 88 0 8 0.0110965852187
58 85 0 8 0.0110716495596
12 80 0 8 0.011043239412
32 55 0 8 0.0110278286079
13 60 0 8 0.0109991433967
51 69 0 8 0.01097804622
8 68 0 8 0.010975598567
29 72 0 8 0.0109685844434
29 65 0 8 0.0109683900375
30 58 0 8 0.0109591991883
24 88 0 8 0.0109569014759
22 54 0 8 0.0109371672087
1 62 0 8 0.0109164288557
74 84 0 8 0.0109163699135
34 61 0 8 0.0109046445491
39 57 0 8 0.010900224917
34 72 0 8 0.0109001235778
42 84 0 8 0.0108727630152
5 71 0 8 0.0108509275097
58 74 0 8 0.0108365911085
4 69 0 8 0.0108355932272
17 70 0 8 0.0108105107295
27 51 0 8 0.0107992899931
49 72 0 8 0.0107987088436
70 89 0 8 0.0107879069071
12 73 0 8 0.0107855316393
23 81 0 8 0.0107589983359
18 65 0 8 0.0107172631114
2 57 0 8 0.0107163324448
11 74 0 8 0.0107151442939
10 67 0 8 0.0107094589553
9 66 0 8 0.010694240489
6 61 0 8 0.0106927410818
3 54 0 8 0.010688100158
11 27 0 8 0.010678954808
29 85 0 8 0.0106663204925
25 60 0 8 0.0106121350177
28 91 0 8 0.010584408393
17 71 0 8 0.0105331421089
33 54 0 8 0.0105213650407
28 71 0 8 0.0105153436281
20 54 0 8 0.0104939724219
43 59 0 8 0.0104524771025
17 55 0 8 0.0104453285493
1 69 0 8 0.010444596425
29 67 0 8 0.0104435137496
6 18 0 8 0.0104304637364
71 89 0 8 0.0104123550334
23 83 0 8 0.0104061485216
5 24 0 8 0.0104038683885
71 86 0 8 0.0103997248542
35 63 0 8 0.0103666644761
58 83 0 8 0.0103506228869
69 86 0 8 0.0103356122695
9 57 0 8 0.0103270946024
29 64 0 8 0.0103081224477
30 60 0 8 0.0102874812977
24 92 0 8 0.0102740104164
39 52 0 8 0.0102640781361
39 59 0 8 0.0102323175889
69 87 0 8 0.010172131383
34 53 0 8 0.0101667810844
10 61 0 8 0.0101663808978
34 87 0 8 0.0101434544443
4 65 0 8 0.0101414452386
28 68 0 8 0.0101337227744
11 76 0 8 0.0100916225218
10 68 0 8 0.0100856279951
6 16 0 8 0.0100809405379
11 48 0 8 0.0100751052587
28 85 0 8 0.0100673414315
34 52 0 8 0.0100475771761
6 66 0 8 0.0100389654083
39 83 0 8 0.0100118188991
8 69 0 8 0.010006532713
13 77 0 8 0.01000125997
64 92 0 8 0.00999774722079
39 62 0 8 0.00999063486018
10 75 0 8 0.00989227891675
23 85 0 8 0.00988779724026
7 39 0 8 0.00986832562785
63 92 0 8 0.00984946411906
33 55 0 8 0.00984925109983
14 73 0 8 0.00984047491424
28 69 0 8 0.00981158082002
21 92 0 8 0.00980595132146
36 70 0 8 0.00980400933058
12 54 0 8 0.00979665706482
16 61 0 8 0.0097705177436
12 61 0 8 0.00976648588928
37 90 0 8 0.00975546679731
23 87 0 8 0.00975409147896
30 54 0 8 0.00972086771712
16 36 0 8 0.00971139663385
1 58 0 8 0.00970908961487
68 88 0 8 0.00966757257999
28 50 0 8 0.0096664051105
12 79 0 8 0.00963268499317
20 55 0 8 0.00960451888702
47 68 0 8 0.00960144975554
29 61 0 8 0.00959791839301
27 60 0 8 0.00958549709677
36 55 0 8 0.00957786046067
63 84 0 8 0.00956077549092
9 69 0 8 0.00953634963023
47 64 0 8 0.00952986908881
67 85 0 8 0.00952019015666
4 60 0 8 0.00951193617842
61 92 0 8 0.00950115285531
7 84 0 8 0.00948998899298
13 33 0 8 0.00946348360958
45 72 0 8 0.00946096150322
30 69 0 8 0.00945770313622
32 85 0 8 0.00943579938188
11 79 0 8 0.00943321523108
28 70 0 8 0.00942481027805
33 67 0 8 0.00942400576852
65 92 0 8 0.00940177731496
64 79 0 8 0.00939550979277
11 55 0 8 0.0093867646294
49 84 0 8 0.009368999239
13 67 0 8 0.00935521503329
6 23 0 8 0.00935106839676
31 60 0 8 0.00933242611165
34 83 0 8 0.00930615856526
20 71 0 8 0.00929448697262
6 20 0 8 0.00928833630079
3 69 0 8 0.00927273626123
10 63 0 8 0.00924955749371
16 34 0 8 0.00924764755913
28 86 0 8 0.00924679755035
42 53 0 8 0.00924021153338
8 63 0 8 0.00923293682317
68 92 0 8 0.0092168052696
13 42 0 8 0.00920351535124
43 85 0 8 0.00920047310569
34 58 0 8 0.00919181894083
15 66 0 8 0.00918913965523
37 83 0 8 0.00918170776578
23 68 0 8 0.00917194197142
27 69 0 8 0.00916489889377
51 72 0 8 0.00914312439868
1 65 0 8 0.00912797211314
40 53 0 8 0.00908693282042
13 71 0 8 0.00907080126685
1 64 0 8 0.00905311136384
12 38 0 8 0.00904600210546
15 73 0 8 0.00904546542108
42 85 0 8 0.00904451717527
27 81 0 8 0.00904020508691
11 32 0 8 0.00903771917315
35 90 0 8 0.0090228926209
8 26 0 8 0.00901882353992
17 42 0 8 0.00901659717871
3 61 0 8 0.0090123822933
39 85 0 8 0.00897478853497
14 70 0 8 0.00896522335097
65 77 0 8 0.00896363501338
39 90 0 8 0.00896342613045
38 55 0 8 0.00893855148166
15 31 0 8 0.00893595595605
61 77 0 8 0.00892919621467
30 62 0 8 0.0089227766836
33 58 0 8 0.00890832239798
15 67 0 8 0.00890787671211
18 50 0 8 0.00887864550978
31 73 0 8 0.00887553398128
12 40 0 8 0.00887136873142
40 54 0 8 0.00886396165974
36 83 0 8 0.00885346477511
16 33 0 8 0.00884854154905
21 61 0 8 0.00883828043327
25 85 0 8 0.00881755138694
8 35 0 8 0.00881271398902
24 81 0 8 0.00879136656646
9 27 0 8 0.00878841014905
17 61 0 8 0.00878569363679
4 68 0 8 0.00878550646941
10 60 0 8 0.00878402257329
34 73 0 8 0.00878256039273
33 84 0 8 0.00878182102986
6 84 0 8 0.008778271054
9 34 0 8 0.00877249781916
22 69 0 8 0.00875308928525
34 69 0 8 0.0087206958848
68 91 0 8 0.00868980602786
11 58 0 8 0.00868601201055
20 30 0 8 0.00865978996341
10 57 0 8 0.00864342470913
16 73 0 8 0.00863507559609
7 83 0 8 0.00860908311336
12 27 0 8 0.00858771811155
13 52 0 8 0.0085806750339
10 73 0 8 0.00856964973748
19 71 0 8 0.00855693890053
7 74 0 8 0.00855392871127
32 69 0 8 0.00854083009659
61 89 0 8 0.00850794240879
40 69 0 8 0.00846663115462
13 26 0 8 0.00845263392968
5 21 0 8 0.00844329831009
41 61 0 8 0.00844312251752
76 87 0 8 0.00839576296483
14 69 0 8 0.00837612486651
28 49 0 8 0.00837015308947
30 50 0 8 0.00835316532267
24 85 0 8 0.0083311995239
8 65 0 8 0.00831809263662
27 65 0 8 0.00831457575113
44 69 0 8 0.00829074448296
10 48 0 8 0.00828819135438
37 88 0 8 0.00827516719302
42 65 0 8 0.00825571833024
15 43 0 8 0.00825275570838
29 52 0 8 0.0082501968924
14 84 0 8 0.0082492165903
33 57 0 8 0.00824397693761
28 79 0 8 0.0082409450328
21 53 0 8 0.00823571882307
17 37 0 8 0.00823449913285
18 67 0 8 0.00822500168069
55 74 0 8 0.00820979820849
37 56 0 8 0.0082069457155
27 61 0 8 0.00819740121298
36 87 0 8 0.00817490390019
25 69 0 8 0.0081717086117
55 68 0 8 0.00815489456932
19 69 0 8 0.00811887105228
18 30 0 8 0.00809419236051
18 28 0 8 0.00808565711415
60 72 0 8 0.00804827534098
16 37 0 8 0.00801629246788
26 73 0 8 0.00798214631209
5 54 0 8 0.00797369120647
33 60 0 8 0.00796845103674
30 79 0 8 0.00796530021342
54 79 0 8 0.00795707880851
74 87 0 8 0.00795374650522
6 35 0 8 0.00794501478481
20 59 0 8 0.0079433126991
19 29 0 8 0.00791518950701
10 39 0 8 0.0078826989036
57 73 0 8 0.00787761643015
24 56 0 8 0.00787453488979
10 65 0 8 0.00785621058242
7 25 0 8 0.0078541196849
11 62 0 8 0.00784189331159
55 67 0 8 0.00782302404725
4 64 0 8 0.00781364447952
13 27 0 8 0.00780217763352
28 39 0 8 0.00779284873541
10 58 0 8 0.00778711065908
17 43 0 8 0.00777937009856
46 61 0 8 0.00777438172584
13 73 0 8 0.00776821450882
5 68 0 8 0.00775784016195
10 80 0 8 0.00775693069391
30 66 0 8 0.00774853039421
13 31 0 8 0.00771787475502
21 54 0 8 0.00769227315225
8 42 0 8 0.00765923448965
11 70 0 8 0.00764599265573
7 61 0 8 0.00762554539454
69 80 0 8 0.00762139927506
28 72 0 8 0.00761551797948
20 83 0 8 0.00761105388226
41 59 0 8 0.00760090806573
21 62 0 8 0.00759371349624
12 45 0 8 0.00758346375529
41 68 0 8 0.00758208119842
5 61 0 8 0.00757410848829
68 87 0 8 0.00757343892541
38 59 0 8 0.00756540727307
54 64 0 8 0.00754113393828
13 59 0 8 0.00752699297706
61 87 0 8 0.00749141617996
68 86 0 8 0.00748642987539
5 72 0 8 0.00747181013793
20 70 0 8 0.00744509328641
14 34 0 8 0.00744260633857
18 69 0 8 0.00742307578394
15 70 0 8 0.0074165223403
3 55 0 8 0.00740442677734
12 68 0 8 0.00740431251217
11 39 0 8 0.00739447691783
10 59 0 8 0.00739189121593
10 71 0 8 0.00736534033327
34 85 0 8 0.00735821918304
28 67 0 8 0.00734462524693
37 68 0 8 0.00734123710365
7 67 0 8 0.00734087724591
68 85 0 8 0.00732988452282
6 64 0 8 0.00729875372666
14 65 0 8 0.00729597361885
70 83 0 8 0.00729245673336
25 56 0 8 0.00728507706464
70 87 0 8 0.00727664057235
28 82 0 8 0.00726079545726
66 85 0 8 0.00725307868044
10 69 0 8 0.00724545755545
28 46 0 8 0.0072358246396
65 83 0 8 0.00723362464728
14 36 0 8 0.00721384332971
40 84 0 8 0.00720383452798
13 68 0 8 0.00718429880298
41 56 0 8 0.007177572669
66 83 0 8 0.00717558724702
9 59 0 8 0.00715618801978
14 54 0 8 0.00712982482155
72 82 0 8 0.00712311781793
10 56 0 8 0.00708929532728
30 65 0 8 0.00707803167682
11 71 0 8 0.00706589164868
6 68 0 8 0.00704850421231
52 68 0 8 0.0070375699144
22 85 0 8 0.00702107850309
35 52 0 8 0.00701428825652
42 68 0 8 0.00700389891558
4 58 0 8 0.00700085563596
44 60 0 8 0.006995975841
50 84 0 8 0.0069713317907
16 71 0 8 0.00695851082488
39 69 0 8 0.00692421421132
36 58 0 8 0.00691919016305
5 69 0 8 0.00689510813195
13 25 0 8 0.00687663853719
9 26 0 8 0.00686273231075
12 74 0 8 0.00685827390093
13 54 0 8 0.00682679772407
36 85 0 8 0.0068185923473
38 65 0 8 0.00680800653231
39 87 0 8 0.00680691765244
11 43 0 8 0.00680513490896
38 57 0 8 0.00679454805989
9 22 0 8 0.00678788448738
59 74 0 8 0.00677883995961
36 84 0 8 0.00676297829934
69 84 0 8 0.00675739378299
23 69 0 8 0.0067068094707
11 29 0 8 0.00669675672083
62 74 0 8 0.00669023326534
14 61 0 8 0.00668024773027
35 57 0 8 0.00667046745888
46 59 0 8 0.00666157907628
16 27 0 8 0.00663920688644
14 71 0 8 0.00661844785196
17 63 0 8 0.0065943161853
23 71 0 8 0.00658578197302
22 71 0 8 0.00657141610072
13 23 0 8 0.00653391178978
9 23 0 8 0.00653346403576
10 41 0 8 0.006505667094
15 65 0 8 0.00650204266482
19 30 0 8 0.0064974891202
33 65 0 8 0.00649359996808
11 80 0 8 0.00648476535732
60 74 0 8 0.00648208348654
17 35 0 8 0.0064707753709
6 21 0 8 0.00646350221179
31 54 0 8 0.00645854692944
53 69 0 8 0.00645196711692
40 59 0 8 0.00642844555389
7 57 0 8 0.00641330619427
60 76 0 8 0.00640730287798
40 60 0 8 0.00640503567085
25 57 0 8 0.00639191327246
29 53 0 8 0.00637420061983
55 70 0 8 0.00634213295267
41 84 0 8 0.00633036881042
39 53 0 8 0.00628909633402
28 56 0 8 0.00628000372181
27 73 0 8 0.00625700384909
21 84 0 8 0.00623189446551
58 72 0 8 0.0061818788939
55 65 0 8 0.00617037895754
28 66 0 8 0.00615211824571
43 62 0 8 0.0061456490791
33 64 0 8 0.00614150295961
70 84 0 8 0.00612586207413
12 84 0 8 0.00611369722822
59 71 0 8 0.00609923725519
40 61 0 8 0.0060971551473
15 64 0 8 0.00609107996286
10 74 0 8 0.00608509629397
11 65 0 8 0.00606529067567
11 61 0 8 0.0060630410478
31 57 0 8 0.00604079087869
10 40 0 8 0.00603122259246
28 51 0 8 0.00601348874131
65 80 0 8 0.00601277833251
22 73 0 8 0.00599834317725
4 55 0 8 0.005992550295
61 74 0 8 0.00598265265622
7 21 0 8 0.00597754433093
74 85 0 8 0.0059497142988
43 84 0 8 0.00594611055109
15 42 0 8 0.005929761842
12 66 0 8 0.00591589904667
21 72 0 8 0.00586388099086
53 74 0 8 0.00585661093397
24 90 0 8 0.00582882071369
10 42 0 8 0.00581629497598
27 57 0 8 0.00581433540585
30 57 0 8 0.00581214575427
68 84 0 8 0.00580754722743
59 72 0 8 0.00580718736969
32 68 0 8 0.00578154336989
44 65 0 8 0.00577260690284
59 84 0 8 0.00575861071197
21 65 0 8 0.00575634402188
62 83 0 8 0.00575575253159
12 69 0 8 0.00573066072727
60 78 0 8 0.00573049113914
7 63 0 8 0.005730433231
21 52 0 8 0.00568349661456
13 69 0 8 0.00566554198863
25 63 0 8 0.00566319050447
65 87 0 8 0.00564446187419
17 33 0 8 0.0056215380059
39 64 0 8 0.00560210000089
62 72 0 8 0.00559479478549
25 52 0 8 0.00558860378477
54 71 0 8 0.00558810484409
6 19 0 8 0.00555835608776
31 64 0 8 0.00553653557637
68 90 0 8 0.00552090658274
64 81 0 8 0.00549848941069
11 38 0 8 0.00549793669816
13 56 0 8 0.00548423883763
28 74 0 8 0.00548291780816
11 75 0 8 0.00546132634416
18 61 0 8 0.00544495385136
25 70 0 8 0.00543229626922
26 69 0 8 0.00542633586699
8 24 0 8 0.00542347044808
13 65 0 8 0.00541451846992
10 32 0 8 0.00539779490902
30 64 0 8 0.00538142241622
19 33 0 8 0.00534607363243
37 63 0 8 0.00533191560899
26 52 0 8 0.00533083810394
31 69 0 8 0.00532916910859
4 61 0 8 0.00531769709222
13 83 0 8 0.00528014107759
13 38 0 8 0.00526554253865
22 68 0 8 0.00524222313708
10 27 0 8 0.00523798757019
10 21 0 8 0.00522947610754
56 71 0 8 0.00522630460274
36 68 0 8 0.00522194701513
68 83 0 8 0.00521921809399
11 72 0 8 0.00520466557134
31 68 0 8 0.00519745187148
26 83 0 8 0.00519540285396
24 53 0 8 0.00517239367457
27 75 0 8 0.00513766636922
29 55 0 8 0.00512331549099
15 32 0 8 0.00512216404965
17 34 0 8 0.00512109430015
26 70 0 8 0.00507767767143
59 70 0 8 0.00506934406949
13 70 0 8 0.00505552212008
28 73 0 8 0.00505435309948
14 55 0 8 0.00505316132926
30 67 0 8 0.00503882079177
25 65 0 8 0.0050283332138
8 64 0 8 0.00502588400966
20 69 0 8 0.00502344566329
15 33 0 8 0.0050101945227
32 84 0 8 0.00501017952863
11 26 0 8 0.00500178284818
13 41 0 8 0.00499115877246
36 59 0 8 0.00497307437024
8 40 0 8 0.00496559129412
21 31 0 8 0.00494526708774
57 74 0 8 0.00493632545032
61 90 0 8 0.00492141565512
31 84 0 8 0.00491549661585
30 83 0 8 0.00489785789951
17 27 0 8 0.00489733103883
41 85 0 8 0.00489041566931
16 35 0 8 0.00488674108754
61 72 0 8 0.00488522823736
38 61 0 8 0.00487226715451
47 58 0 8 0.00485645047646
11 30 0 8 0.00483416308069
8 25 0 8 0.00481102360798
7 64 0 8 0.00477926357782
58 84 0 8 0.00477684642997
37 53 0 8 0.00474883233268
10 26 0 8 0.00474433204287
20 63 0 8 0.00471358333703
39 84 0 8 0.00469640323248
29 68 0 8 0.00469581794662
41 57 0 8 0.00469537639705
7 23 0 8 0.00468955869702
70 88 0 8 0.00468405380437
65 90 0 8 0.00467859285986
15 41 0 8 0.00467101154672
40 68 0 8 0.00466509922893
11 33 0 8 0.0046616112975
56 68 0 8 0.00463877480847
11 60 0 8 0.00463845269443
16 69 0 8 0.00463842218925
24 68 0 8 0.00463503404596
18 34 0 8 0.00461279835389
28 57 0 8 0.0046078384182
39 58 0 8 0.00460694911461
40 55 0 8 0.00459984037326
61 80 0 8 0.00458788234214
11 63 0 8 0.00458779909919
35 68 0 8 0.00458505776916
60 77 0 8 0.00458504794546
24 73 0 8 0.00454917074988
55 71 0 8 0.00453711861803
27 85 0 8 0.00452949077156
21 73 0 8 0.00450585907966
18 37 0 8 0.0045044780739
24 61 0 8 0.00449097461927
12 70 0 8 0.00448864433363
28 54 0 8 0.00447702909802
39 61 0 8 0.00446505193654
15 39 0 8 0.00445682846348
11 67 0 8 0.00444043270401
37 64 0 8 0.00444002682999
29 69 0 8 0.00442383374902
54 69 0 8 0.00440413774256
26 81 0 8 0.00439311709947
20 68 0 8 0.00437653572374
37 85 0 8 0.00434394171294
40 56 0 8 0.00433638883683
36 60 0 8 0.00433148577521
63 83 0 8 0.00430498607922
23 61 0 8 0.00429641153805
13 43 0 8 0.00429638723732
12 60 0 8 0.00427732511818
28 65 0 8 0.00426385113466
10 70 0 8 0.0042347719412
27 83 0 8 0.00421945420383
10 45 0 8 0.00421197009364
8 23 0 8 0.00421180774403
17 69 0 8 0.00419112729917
40 58 0 8 0.00418839837803
23 84 0 8 0.00417452834418
62 85 0 8 0.00415331845346
22 84 0 8 0.00411790193783
27 53 0 8 0.00410314104927
13 61 0 8 0.0040975099996
35 60 0 8 0.00405608499729
18 33 0 8 0.00403123413221
21 70 0 8 0.00401791732792
24 70 0 8 0.00401712884654
41 54 0 8 0.00400809104024
60 73 0 8 0.00398955371364
38 64 0 8 0.00396538068403
14 37 0 8 0.00395900406703
11 40 0 8 0.00395664896362
54 73 0 8 0.00394892546531
32 64 0 8 0.00394061151078
57 72 0 8 0.00393780451705
11 59 0 8 0.00391679704631
27 52 0 8 0.00389438788833
27 62 0 8 0.00388932066747
9 21 0 8 0.00387373691458
55 69 0 8 0.00386293084183
36 57 0 8 0.00385190864764
37 59 0 8 0.00381973757308
58 73 0 8 0.00378769808444
54 66 0 8 0.00375935385904
11 31 0 8 0.00375904648056
60 70 0 8 0.00375638012089
20 64 0 8 0.00375199745698
23 64 0 8 0.00373230196756
41 53 0 8 0.00372236012212
18 29 0 8 0.0037204328668
39 55 0 8 0.00369408156041
22 65 0 8 0.00368195316561
15 35 0 8 0.00367587203525
12 72 0 8 0.00364141772542
15 37 0 8 0.00362549970812
12 55 0 8 0.00362277828401
75 87 0 8 0.00361389481326
6 17 0 8 0.00359203009521
69 83 0 8 0.00356963334612
10 36 0 8 0.00356760087378
64 80 0 8 0.0035536941303
61 76 0 8 0.00355042257886
71 82 0 8 0.00351491532323
68 82 0 8 0.00351293326199
54 70 0 8 0.00350155121006
43 61 0 8 0.00349728824022
57 70 0 8 0.00347378373941
21 69 0 8 0.00346373926213
61 84 0 8 0.0034549540284
33 68 0 8 0.00345423431293
15 26 0 8 0.00344494522667
20 65 0 8 0.00343006360998
34 65 0 8 0.00341893723283
27 64 0 8 0.00341275347063
15 30 0 8 0.00332362663717
11 46 0 8 0.00330803125094
57 68 0 8 0.00329855267063
27 74 0 8 0.00329321478092
20 33 0 8 0.00325994836353
22 58 0 8 0.00325065307283
67 84 0 8 0.00322862238591
64 85 0 8 0.00322592112624
7 68 0 8 0.00320955871567
61 78 0 8 0.00319215938744
41 58 0 8 0.00318111806288
18 32 0 8 0.00317741581963
43 64 0 8 0.0031711883678
46 58 0 8 0.00316393795833
65 88 0 8 0.00315842556863
22 72 0 8 0.00313747393788
34 60 0 8 0.00313063198761
27 59 0 8 0.00312860856342
18 66 0 8 0.00309706336212
40 57 0 8 0.00309315223594
10 62 0 8 0.00307897637472
11 22 0 8 0.00307777814153
61 91 0 8 0.00305134979664
37 54 0 8 0.00304847791477
11 69 0 8 0.00302937934453
22 70 0 8 0.00302352364229
21 68 0 8 0.00301704878828
56 70 0 8 0.00299619074122
38 58 0 8 0.002991300347
39 54 0 8 0.00295733799785
45 60 0 8 0.00295410574122
10 34 0 8 0.00295267432435
11 34 0 8 0.00295189230593
26 85 0 8 0.00293899378456
34 55 0 8 0.00293607097455
10 20 0 8 0.00291970442768
7 19 0 8 0.00291623898736
11 77 0 8 0.00290862199867
7 18 0 8 0.00290861295052
10 25 0 8 0.00289462373966
12 36 0 8 0.00289070098014
38 60 0 8 0.00288345005362
24 52 0 8 0.00282140690942
29 71 0 8 0.00280006465723
44 61 0 8 0.00277503877513
60 82 0 8 0.00276242488261
66 84 0 8 0.0027620513234
24 54 0 8 0.00275390954218
11 45 0 8 0.00274923113312
11 41 0 8 0.00273870865516
54 65 0 8 0.00271136670594
37 84 0 8 0.00270344337284
21 55 0 8 0.00269696024623
34 84 0 8 0.00269381821254
56 72 0 8 0.00267689636796
61 73 0 8 0.00267420984385
24 58 0 8 0.00267301161066
26 68 0 8 0.00265851337689
24 83 0 8 0.00265132449482
63 85 0 8 0.00263478370648
6 65 0 8 0.00263054581293
65 81 0 8 0.00261916117582
12 39 0 8 0.00258043226281
10 22 0 8 0.00257715398988
47 57 0 8 0.00257697173435
35 84 0 8 0.00255172481894
22 61 0 8 0.00254059378846
61 82 0 8 0.0025351754995
28 84 0 8 0.00251937795181
19 31 0 8 0.00251838730897
10 35 0 8 0.00251169116313
42 64 0 8 0.00246899709358
40 65 0 8 0.00246790821371
27 71 0 8 0.00244988611445
7 20 0 8 0.00244794127988
25 58 0 8 0.00243018829836
27 68 0 8 0.00242197361493
17 32 0 8 0.00241654679485
58 69 0 8 0.00241352523078
11 73 0 8 0.00240638753537
61 71 0 8 0.00240299318764
12 35 0 8 0.00239521514193
13 34 0 8 0.00239136244092
58 70 0 8 0.00238183008876
11 25 0 8 0.00237638258721
18 68 0 8 0.00237418492156
13 66 0 8 0.0023514712288
10 66 0 8 0.00229628968226
13 35 0 8 0.00229150579767
75 85 0 8 0.00229036624818
26 61 0 8 0.00227660815284
30 71 0 8 0.00223916769597
37 57 0 8 0.00223518444313
24 71 0 8 0.00222605357018
34 64 0 8 0.00222305113647
9 19 0 8 0.00217894116117
44 56 0 8 0.00215124995347
17 36 0 8 0.00214021871112
26 60 0 8 0.00213531203025
27 55 0 8 0.0021344555585
37 55 0 8 0.00213423452519
17 31 0 8 0.00210722451371
27 72 0 8 0.00202817214567
62 84 0 8 0.0020218363746
25 72 0 8 0.00201258761722
11 66 0 8 0.00200950013093
26 54 0 8 0.00200914906283
45 61 0 8 0.00199513658529
11 68 0 8 0.0019761225506
13 37 0 8 0.00196621948293
15 34 0 8 0.00195628927082
59 69 0 8 0.00193070214508
15 27 0 8 0.00191527169365
24 55 0 8 0.0019134977398
13 72 0 8 0.00190339018401
25 68 0 8 0.00189608677824
30 68 0 8 0.00188301582503
8 20 0 8 0.00187122091908
26 72 0 8 0.00185980500123
61 83 0 8 0.00185880996357
12 64 0 8 0.00184585405109
36 64 0 8 0.00180940397855
17 65 0 8 0.00180217037277
15 69 0 8 0.00179249712804
7 17 0 8 0.00175855054852
24 64 0 8 0.00174161370986
8 21 0 8 0.00169837920741
11 35 0 8 0.00169823805632
26 65 0 8 0.00169196743191
42 55 0 8 0.00169114004349
13 62 0 8 0.00168495046462
43 55 0 8 0.00168420386323
65 82 0 8 0.00168372146774
65 85 0 8 0.00168290325673
15 36 0 8 0.00163939756838
21 64 0 8 0.00163258418441
43 60 0 8 0.00161419576445
43 57 0 8 0.00160322178395
24 84 0 8 0.00158280115017
39 60 0 8 0.00156691906694
11 42 0 8 0.00152090704187
56 69 0 8 0.00151042954612
24 65 0 8 0.00148498615667
26 53 0 8 0.00148054804055
23 65 0 8 0.00143271759644
44 58 0 8 0.0014263214613
23 54 0 8 0.00139846984288
60 71 0 8 0.00136538438844
13 64 0 8 0.00135440743498
57 69 0 8 0.00135281134184
65 84 0 8 0.00133038279497
43 58 0 8 0.00130692870527
25 55 0 8 0.00129697962131
19 32 0 8 0.00128538106015
43 53 0 8 0.00127763662184
54 68 0 8 0.0012720682629
60 84 0 8 0.00126563852036
26 84 0 8 0.00125702688179
64 83 0 8 0.00123601268957
23 72 0 8 0.00123253936444
54 74 0 8 0.00123196002451
10 37 0 8 0.00121577418206
58 71 0 8 0.00120943505025
11 23 0 8 0.00120938696581
57 71 0 8 0.00119714702028
11 21 0 8 0.00118628278088
64 82 0 8 0.00118363839528
8 18 0 8 0.00116108356213
9 20 0 8 0.00108802326484
25 53 0 8 0.00107363709883
13 39 0 8 0.00106567873648
24 57 0 8 0.00105881688029
25 64 0 8 0.00103789924471
41 55 0 8 0.00101887525706
24 72 0 8 0.00101092141878
58 68 0 8 0.000995337019589
10 23 0 8 0.000987543333512
22 60 0 8 0.000880459159668
44 55 0 8 0.000870328724991
11 36 0 8 0.000866184802909
45 56 0 8 0.000838140458956
44 54 0 8 0.000837326901279
13 36 0 8 0.000808955143663
46 57 0 8 0.000777962654889
43 54 0 8 0.000776847406138
11 37 0 8 0.000774762583802
20 31 0 8 0.000741721723799
23 55 0 8 0.000720201093858
25 54 0 8 0.00069891907648
26 64 0 8 0.000671354155061
20 32 0 8 0.000665666942244
21 32 0 8 0.000628649744767
46 56 0 8 0.000592204325554
18 31 0 8 0.000582276181592
44 57 0 8 0.000572817119424
25 71 0 8 0.000571884449354
26 71 0 8 0.000546704296345
64 84 0 8 0.000539510631676
42 57 0 8 0.000528327703609
8 19 0 8 0.000508007956669
45 55 0 8 0.000246633163872
41 60 0 8 0.000239559064003
42 58 0 8 7.64452737295e-05
42 61 0 8 7.54730826455e-05
45 57 0 8 7.17514828263e-06
45 58 0 8 0.0
