7 22 0 8 1.0
8 21 0 8 0.986955009125
50 82 0 8 0.970624974245
10 81 0 8 0.947197985724
7 21 0 8 0.941969192798
11 82 0 8 0.937820970417
48 60 0 8 0.932398399027
50 80 0 8 0.928932904913
13 41 0 8 0.928508223344
51 81 0 8 0.924257025724
50 69 0 8 0.923036172717
8 20 0 8 0.922796749201
9 82 0 8 0.918684616842
48 82 0 8 0.91510793138
50 81 0 8 0.912665434185
7 80 0 8 0.908918218806
10 82 0 8 0.908178038633
11 37 0 8 0.905235089081
6 23 0 8 0.89173334338
10 20 0 8 0.887212109629
18 40 0 8 0.877336711208
9 80 0 8 0.876165763458
34 48 0 8 0.875199244684
12 81 0 8 0.874168153376
17 33 0 8 0.867575364557
6 21 0 8 0.866865431839
30 66 0 8 0.857042738238
47 59 0 8 0.850979979771
9 22 0 8 0.847036064645
9 20 0 8 0.837439283625
8 79 0 8 0.828833669707
6 22 0 8 0.827603748549
49 82 0 8 0.825403170133
7 25 0 8 0.824591053357
12 82 0 8 0.824117135991
9 21 0 8 0.812919126525
8 22 0 8 0.792451580635
34 46 0 8 0.786964071551
10 80 0 8 0.776477455445
25 70 0 8 0.773942024923
10 79 0 8 0.771910028901
8 80 0 8 0.744063138646
49 59 0 8 0.742662383272
13 43 0 8 0.741284450424
9 33 0 8 0.733690574312
20 36 0 8 0.697710039983
18 41 0 8 0.687280936644
9 19 0 8 0.672062328364
58 70 0 8 0.669591348656
11 40 0 8 0.66609798063
30 60 0 8 0.663531146311
30 63 0 8 0.658062442989
33 48 0 8 0.652548824934
51 82 0 8 0.647805330207
8 78 0 8 0.645857077642
7 78 0 8 0.643800555011
48 59 0 8 0.643182155839
7 79 0 8 0.639234589109
30 65 0 8 0.638822931595
10 21 0 8 0.635716572754
9 79 0 8 0.634575081279
7 73 0 8 0.631118351015
46 61 0 8 0.630360704002
33 66 0 8 0.628869084542
47 60 0 8 0.628312214901
11 41 0 8 0.615892256946
20 40 0 8 0.615557526561
30 48 0 8 0.610443515727
45 61 0 8 0.601282797109
30 62 0 8 0.596607830821
7 70 0 8 0.591675913316
53 76 0 8 0.589201464585
5 25 0 8 0.583377642752
70 80 0 8 0.564317668565
8 23 0 8 0.55644316667
5 24 0 8 0.528934354105
18 37 0 8 0.522820108018
20 37 0 8 0.52237923767
47 61 0 8 0.509657748498
37 48 0 8 0.508257632155
53 72 0 8 0.476356822198
29 63 0 8 0.455234634964
52 72 0 8 0.441953141857
46 60 0 8 0.434933845667
49 60 0 8 0.434732946576
11 81 0 8 0.405005541014
20 33 0 8 0.403455891478
48 58 0 8 0.391297540535
5 23 0 8 0.388020377908
6 78 0 8 0.387409038504
51 72 0 8 0.38059474946
29 66 0 8 0.363695307763
37 82 0 8 0.357343068372
40 66 0 8 0.34786682072
51 80 0 8 0.345041178954
45 62 0 8 0.343281683896
11 80 0 8 0.333396791303
11 48 0 8 0.310538448849
13 46 0 8 0.298839013265
50 60 0 8 0.295261110601
41 69 0 8 0.293244786047
22 70 0 8 0.292178943639
8 82 0 8 0.290919353197
30 50 0 8 0.287758981045
30 69 0 8 0.279697425723
22 33 0 8 0.272835422385
7 84 0 8 0.271093515887
8 19 0 8 0.267985026945
22 80 0 8 0.264950604707
53 75 0 8 0.264002678685
9 60 0 8 0.263743475646
41 66 0 8 0.258855742553
30 61 0 8 0.258569030762
9 70 0 8 0.2554428924
52 69 0 8 0.254824097636
6 24 0 8 0.253961345282
46 62 0 8 0.252209046927
7 50 0 8 0.248596636604
11 21 0 8 0.247654994384
6 25 0 8 0.244653010564
11 69 0 8 0.237945561373
7 82 0 8 0.232965381834
58 69 0 8 0.232770294879
8 85 0 8 0.225078753569
9 37 0 8 0.223722380401
8 60 0 8 0.21368314667
9 50 0 8 0.198412031365
9 84 0 8 0.19824748095
7 24 0 8 0.198219074513
43 70 0 8 0.19622516168
30 70 0 8 0.193766536566
48 66 0 8 0.188678117391
33 82 0 8 0.18825203604
12 47 0 8 0.187721047143
39 70 0 8 0.187376320491
20 82 0 8 0.186250896074
22 66 0 8 0.186062899317
11 46 0 8 0.185502134631
16 41 0 8 0.184606167893
9 73 0 8 0.184040686552
9 69 0 8 0.181277472002
9 58 0 8 0.179012564492
7 23 0 8 0.177124456891
7 48 0 8 0.175867255207
44 62 0 8 0.172883727203
44 61 0 8 0.170526023301
7 83 0 8 0.163522398579
8 81 0 8 0.162957449763
8 83 0 8 0.159564820368
33 80 0 8 0.157729584953
18 84 0 8 0.156780441729
46 66 0 8 0.155786140333
47 62 0 8 0.155252017142
9 36 0 8 0.153834023153
13 37 0 8 0.153620875972
6 85 0 8 0.153111477185
50 72 0 8 0.152915325179
13 45 0 8 0.150734602361
13 80 0 8 0.150539348041
8 84 0 8 0.148462604652
5 26 0 8 0.148006367136
41 70 0 8 0.144623642718
43 60 0 8 0.143005814688
9 30 0 8 0.142563894504
6 84 0 8 0.141702191986
20 49 0 8 0.141109141032
37 50 0 8 0.140799606715
20 80 0 8 0.140089065396
7 33 0 8 0.140001000875
7 30 0 8 0.135156493646
7 49 0 8 0.134726410746
48 69 0 8 0.133922023199
20 69 0 8 0.13346356429
20 48 0 8 0.132809075096
33 60 0 8 0.131669957163
37 73 0 8 0.130881469309
46 63 0 8 0.130765287436
7 20 0 8 0.130722350656
41 67 0 8 0.130540531196
12 46 0 8 0.130523612097
22 81 0 8 0.13015318728
12 80 0 8 0.128882855036
5 78 0 8 0.128813611491
43 66 0 8 0.128258522006
30 67 0 8 0.12818803083
9 48 0 8 0.126068677785
9 83 0 8 0.124878772124
51 76 0 8 0.124674229035
7 85 0 8 0.122963330744
31 63 0 8 0.122815159295
7 28 0 8 0.121842950105
22 36 0 8 0.12177156885
21 80 0 8 0.121090970686
17 84 0 8 0.120971593658
10 83 0 8 0.118128667632
37 70 0 8 0.118000640866
22 79 0 8 0.116417784555
25 67 0 8 0.115507736318
46 64 0 8 0.115304113739
22 73 0 8 0.114454796245
20 58 0 8 0.111952154085
9 81 0 8 0.111849985243
13 40 0 8 0.111195952499
30 82 0 8 0.110805215634
20 84 0 8 0.108756057072
37 49 0 8 0.10874103985
7 74 0 8 0.107262794391
9 23 0 8 0.106419654194
30 73 0 8 0.105110120457
69 82 0 8 0.103526898985
33 58 0 8 0.102278940424
10 84 0 8 0.101500760745
20 50 0 8 0.101494811673
48 84 0 8 0.100633961196
6 86 0 8 0.100263247294
11 79 0 8 0.100159488482
20 73 0 8 0.097800658668
9 49 0 8 0.0977640893733
10 48 0 8 0.0964474806534
10 46 0 8 0.0947219987672
17 85 0 8 0.0942489790871
20 60 0 8 0.0932306303559
43 76 0 8 0.093013352298
22 82 0 8 0.0917414300846
50 66 0 8 0.0915495154609
43 73 0 8 0.0907842609389
66 84 0 8 0.0892892257083
6 83 0 8 0.0890770218588
5 85 0 8 0.0889373175678
26 67 0 8 0.0882499335055
7 86 0 8 0.0875534052178
45 64 0 8 0.0873139969168
49 61 0 8 0.0870391300175
48 80 0 8 0.0865723028495
21 82 0 8 0.0859826144149
13 49 0 8 0.0859279240344
48 83 0 8 0.0844021012158
19 48 0 8 0.0843492898899
18 85 0 8 0.0842518300951
11 58 0 8 0.0841135940533
5 84 0 8 0.0837115219999
18 83 0 8 0.083648288387
20 70 0 8 0.0827813290803
5 87 0 8 0.0823911779932
5 86 0 8 0.0820180981557
6 87 0 8 0.0814182308743
13 47 0 8 0.0812633039583
41 73 0 8 0.0811161062711
9 24 0 8 0.0806168482932
28 70 0 8 0.0802438141008
20 30 0 8 0.0801611356955
52 81 0 8 0.0800098147386
19 49 0 8 0.0798378470029
8 51 0 8 0.0797455222765
45 65 0 8 0.0797211858559
34 66 0 8 0.0796441370071
58 80 0 8 0.0789614315628
10 58 0 8 0.0789369658146
14 41 0 8 0.078289574426
20 81 0 8 0.0780038516117
59 70 0 8 0.0770774776615
21 69 0 8 0.0763054220267
44 63 0 8 0.0761895824907
7 58 0 8 0.0757219108892
19 60 0 8 0.0751341091167
8 24 0 8 0.074788568461
9 85 0 8 0.0746899599323
70 82 0 8 0.0743703076289
48 81 0 8 0.0725372707838
11 73 0 8 0.0723859878644
6 50 0 8 0.0723735039425
19 84 0 8 0.0722464661536
4 24 0 8 0.0722427689044
18 60 0 8 0.0722228600539
17 73 0 8 0.0719102827337
69 80 0 8 0.0716990298227
3 85 0 8 0.0714729955222
8 73 0 8 0.07083767725
11 36 0 8 0.0703966014991
13 79 0 8 0.0702526978633
3 84 0 8 0.0702395901257
37 69 0 8 0.0697766275721
30 80 0 8 0.0688828213669
33 50 0 8 0.0687671720187
47 85 0 8 0.0680635154952
11 49 0 8 0.0679474249114
48 61 0 8 0.0679369569793
45 60 0 8 0.0679278812214
11 47 0 8 0.0677651185713
19 83 0 8 0.0675927780676
3 30 0 8 0.0673560780398
5 21 0 8 0.0673515135346
37 66 0 8 0.0667685577452
25 80 0 8 0.0663738877978
18 59 0 8 0.065831746293
43 62 0 8 0.0651478388623
13 77 0 8 0.0648459272693
40 69 0 8 0.0642472087218
10 22 0 8 0.0641368922371
8 49 0 8 0.0639824826317
47 66 0 8 0.0638369585965
13 78 0 8 0.0635634458337
8 57 0 8 0.0628695763703
58 82 0 8 0.062067204813
22 50 0 8 0.0617465749447
37 84 0 8 0.0616926947639
3 52 0 8 0.0615854935541
6 79 0 8 0.0615246372877
4 86 0 8 0.0611887543643
45 63 0 8 0.0609221149858
3 23 0 8 0.0608408059321
50 61 0 8 0.0606086970358
47 63 0 8 0.0592251612575
18 82 0 8 0.0589969778358
46 83 0 8 0.0589044971554
19 82 0 8 0.0588274597179
19 80 0 8 0.0588136102482
34 73 0 8 0.0586164502472
12 78 0 8 0.0586043352895
11 84 0 8 0.0584314432415
12 79 0 8 0.0581681739893
11 22 0 8 0.0579873777397
49 83 0 8 0.0569499075352
22 60 0 8 0.0566554436933
48 72 0 8 0.0566537205926
50 65 0 8 0.0563503445542
23 80 0 8 0.0559456098727
20 83 0 8 0.0558117823823
42 62 0 8 0.0555106049139
25 66 0 8 0.0553887820722
43 63 0 8 0.0553219272852
46 59 0 8 0.0546533641996
47 80 0 8 0.0544124762383
19 79 0 8 0.0541014508498
10 50 0 8 0.0538449636917
4 22 0 8 0.0538171924809
21 81 0 8 0.0534674524804
31 66 0 8 0.0532760361485
7 51 0 8 0.053224411594
22 32 0 8 0.0531170544303
17 82 0 8 0.0530701122974
13 82 0 8 0.0529806708168
47 83 0 8 0.0528412594149
9 41 0 8 0.0527408517104
7 81 0 8 0.052518750492
35 73 0 8 0.0523891794026
20 66 0 8 0.0520160577238
11 33 0 8 0.0518024464851
21 50 0 8 0.051743073683
37 51 0 8 0.0517230317011
40 70 0 8 0.051621395384
30 58 0 8 0.0515339014256
12 60 0 8 0.0512129254157
21 58 0 8 0.051204279482
10 49 0 8 0.0508189287329
36 70 0 8 0.0507424314285
46 65 0 8 0.0505903459169
12 48 0 8 0.050548763274
5 22 0 8 0.0505204709489
17 86 0 8 0.0505044723579
46 69 0 8 0.0501652953833
4 87 0 8 0.0500904146745
4 85 0 8 0.0499395197381
9 46 0 8 0.0498776402618
13 69 0 8 0.0495246100136
47 64 0 8 0.0493597020461
10 47 0 8 0.0492709984938
41 80 0 8 0.0491674298695
7 60 0 8 0.0489329930755
8 48 0 8 0.0488858341287
24 80 0 8 0.0487817710162
43 61 0 8 0.0484838381504
8 50 0 8 0.0483478082861
8 86 0 8 0.0482493176738
46 84 0 8 0.0481535239234
6 61 0 8 0.0476977732882
7 52 0 8 0.0476031510941
69 84 0 8 0.0475576315654
8 25 0 8 0.0472408853303
23 81 0 8 0.0468796047389
37 80 0 8 0.0468258082407
11 50 0 8 0.0466988997794
54 83 0 8 0.0462754772527
43 69 0 8 0.0462547163612
21 49 0 8 0.0460170615911
7 46 0 8 0.045963805226
20 39 0 8 0.045827646034
14 81 0 8 0.0457555610847
37 65 0 8 0.0452091517675
20 57 0 8 0.0452041079891
8 56 0 8 0.0448859011124
47 58 0 8 0.044690977719
3 25 0 8 0.0445216269663
44 60 0 8 0.0445093294284
7 61 0 8 0.0442589815299
18 49 0 8 0.0441199809334
50 84 0 8 0.0440882424068
38 48 0 8 0.0438086550484
60 85 0 8 0.0437901307645
47 82 0 8 0.0437589057448
41 72 0 8 0.0433925395338
20 59 0 8 0.0429516577744
36 73 0 8 0.0427751673747
11 60 0 8 0.0427591459613
23 79 0 8 0.0427447601622
37 47 0 8 0.0427092102737
37 72 0 8 0.0425392280978
19 68 0 8 0.0424969417603
70 81 0 8 0.0423165220824
10 59 0 8 0.0423024367799
34 72 0 8 0.0420783652167
7 69 0 8 0.0419216239098
35 51 0 8 0.0412944494757
36 48 0 8 0.0412400101429
7 72 0 8 0.0411458215769
12 59 0 8 0.0409837702289
25 36 0 8 0.0406347072965
43 84 0 8 0.0405098072176
9 59 0 8 0.0405095713848
19 50 0 8 0.040490008676
36 72 0 8 0.0404091560728
58 73 0 8 0.0404072884294
50 83 0 8 0.0403352072839
38 49 0 8 0.0402521408956
48 73 0 8 0.0400506141846
8 58 0 8 0.0399303356672
30 52 0 8 0.0398511605197
6 29 0 8 0.0397771242444
3 50 0 8 0.03970282551
38 50 0 8 0.0396565186042
33 69 0 8 0.0394674872263
51 73 0 8 0.038782225659
66 82 0 8 0.0384676133302
13 81 0 8 0.0384436877151
57 69 0 8 0.0382922982906
4 23 0 8 0.0382644966498
25 73 0 8 0.0382587453732
24 78 0 8 0.0382392777583
52 68 0 8 0.0382328950584
19 58 0 8 0.0381686686656
71 82 0 8 0.0381081965784
20 79 0 8 0.0380494399845
11 43 0 8 0.0372617128816
6 80 0 8 0.0371896355398
41 85 0 8 0.0371590077095
3 86 0 8 0.0371393727293
60 82 0 8 0.0371153025716
22 69 0 8 0.0369899270234
49 84 0 8 0.0369771958574
21 79 0 8 0.0368649736918
51 69 0 8 0.036820895786
11 59 0 8 0.0367596173029
23 82 0 8 0.0365159487971
5 83 0 8 0.0364546398839
3 61 0 8 0.0363702688079
21 33 0 8 0.036021742205
5 52 0 8 0.0354079227526
3 87 0 8 0.0353318020198
58 81 0 8 0.035311341625
8 87 0 8 0.0351894997646
6 51 0 8 0.0351121390079
36 50 0 8 0.0349963108832
47 84 0 8 0.0348985277692
4 51 0 8 0.0346279020561
13 76 0 8 0.0344893731251
29 70 0 8 0.0344302133332
3 51 0 8 0.0343047731211
33 73 0 8 0.03400116125
39 73 0 8 0.033912685923
52 80 0 8 0.0337727990518
45 84 0 8 0.0336701889735
26 70 0 8 0.0335746767009
6 82 0 8 0.0334894649952
10 60 0 8 0.0334447518624
13 60 0 8 0.0334093160866
4 84 0 8 0.0331931411175
9 47 0 8 0.0330591995143
43 67 0 8 0.032922443133
41 84 0 8 0.0329105525968
20 41 0 8 0.0328505940164
46 81 0 8 0.0327764588435
13 84 0 8 0.0322362268233
50 68 0 8 0.0320165904377
9 43 0 8 0.0319559129478
33 43 0 8 0.0317812331352
22 84 0 8 0.0316777634085
35 80 0 8 0.0312617639084
13 50 0 8 0.031167626693
33 70 0 8 0.0310186507507
3 28 0 8 0.0307890713511
4 25 0 8 0.0307669658325
4 52 0 8 0.030423791112
41 82 0 8 0.0301941489504
12 49 0 8 0.0299704577626
3 32 0 8 0.0297250167072
23 33 0 8 0.0294396210158
22 78 0 8 0.0292331246997
38 73 0 8 0.0291776944889
46 82 0 8 0.0291685426559
37 60 0 8 0.028930248855
40 71 0 8 0.0288635614331
45 86 0 8 0.0287880949462
58 74 0 8 0.0287483951617
19 33 0 8 0.0286639746369
3 83 0 8 0.0286295164259
34 50 0 8 0.0283354044313
27 80 0 8 0.0283118401729
30 84 0 8 0.0281848080896
29 67 0 8 0.0281692260098
18 86 0 8 0.0280154972763
11 70 0 8 0.0280001795574
6 27 0 8 0.0275652506737
48 63 0 8 0.0272849767375
18 73 0 8 0.0272359881848
13 73 0 8 0.0271360274215
9 74 0 8 0.0270809262355
11 30 0 8 0.0269849993537
25 71 0 8 0.0269086123581
58 84 0 8 0.0268573871978
2 87 0 8 0.0268078775308
11 78 0 8 0.0267992867515
10 85 0 8 0.0267981437233
48 62 0 8 0.0265825260042
21 36 0 8 0.0264960400408
9 66 0 8 0.026472201912
11 72 0 8 0.0264045673553
20 85 0 8 0.0263367673353
3 62 0 8 0.0262941824031
9 86 0 8 0.0262860309575
9 28 0 8 0.026194482197
59 69 0 8 0.0261762374891
22 59 0 8 0.0261420341296
51 85 0 8 0.0260898352082
9 72 0 8 0.0260324974146
60 84 0 8 0.025960665415
70 84 0 8 0.0259420251166
13 44 0 8 0.0259088411634
49 65 0 8 0.025798752904
7 41 0 8 0.0257814020784
21 84 0 8 0.0257596388977
51 84 0 8 0.0257425543349
39 69 0 8 0.0256260852775
36 84 0 8 0.0253306495764
2 85 0 8 0.0253179678593
5 50 0 8 0.0253177928866
7 62 0 8 0.0252821460023
7 66 0 8 0.0252775757915
11 57 0 8 0.0251684879195
49 85 0 8 0.0251146666968
18 48 0 8 0.0250881602344
7 43 0 8 0.0250318057113
11 85 0 8 0.0250258718545
19 59 0 8 0.0250241278331
30 64 0 8 0.0250038918598
8 36 0 8 0.0249916209481
36 69 0 8 0.0249712936847
50 70 0 8 0.0249659265873
13 42 0 8 0.0249602418763
18 80 0 8 0.0249055438883
7 36 0 8 0.0248293489824
6 62 0 8 0.0247928272346
47 86 0 8 0.0246620446495
22 58 0 8 0.024658645995
40 73 0 8 0.0245365169511
47 65 0 8 0.0245267527136
11 39 0 8 0.0244957996623
41 61 0 8 0.0243639957692
8 46 0 8 0.0243457263368
41 60 0 8 0.0243097846617
34 76 0 8 0.0243055396718
58 86 0 8 0.0243001136162
46 85 0 8 0.024295035604
3 33 0 8 0.0242412505171
49 66 0 8 0.0241719289953
12 45 0 8 0.0241675090327
19 81 0 8 0.0240661732122
26 63 0 8 0.0240325175934
51 83 0 8 0.0240235369293
37 74 0 8 0.0239890539939
46 70 0 8 0.0239571252796
43 59 0 8 0.0239432035386
21 52 0 8 0.0239296697805
17 40 0 8 0.0238994489519
16 86 0 8 0.0238626894695
14 44 0 8 0.0238352567929
28 80 0 8 0.0238202700006
7 57 0 8 0.0238182540108
16 44 0 8 0.0237276523851
24 70 0 8 0.0236687816785
66 85 0 8 0.0236557405066
24 73 0 8 0.023576257255
59 85 0 8 0.0235388967795
21 70 0 8 0.0234859428128
2 84 0 8 0.0234743851051
30 55 0 8 0.0234489855352
36 66 0 8 0.0234454442399
6 52 0 8 0.0233898504677
7 87 0 8 0.0233887017339
19 85 0 8 0.0233879600017
5 74 0 8 0.0233620944719
10 45 0 8 0.0233311832619
59 82 0 8 0.0233276762004
28 66 0 8 0.0232890224483
49 80 0 8 0.0232204350512
3 24 0 8 0.0232183848276
48 65 0 8 0.0231926162935
50 85 0 8 0.0231655735017
18 39 0 8 0.0231129865973
23 78 0 8 0.0231082357081
40 80 0 8 0.0231015981567
18 50 0 8 0.0230388171906
48 85 0 8 0.0230237752439
44 66 0 8 0.0230178071533
4 83 0 8 0.0229706405989
37 58 0 8 0.0229704047661
25 78 0 8 0.0229532289132
46 67 0 8 0.0228767620388
31 48 0 8 0.0228608471305
41 68 0 8 0.0228198426582
3 69 0 8 0.0228050308387
21 48 0 8 0.0227642545917
9 27 0 8 0.0227552549088
5 28 0 8 0.0227444959895
21 56 0 8 0.0227292486401
6 49 0 8 0.0227262379685
3 53 0 8 0.0227042998151
40 82 0 8 0.022696572488
39 82 0 8 0.0226798454781
24 85 0 8 0.0226334244596
28 58 0 8 0.022613456651
11 76 0 8 0.0225964728877
21 76 0 8 0.0225913625436
30 78 0 8 0.0225904686614
46 86 0 8 0.0224859015515
50 73 0 8 0.0224755762602
58 72 0 8 0.0224467647226
11 83 0 8 0.0224409430765
22 51 0 8 0.0224076963613
36 80 0 8 0.0223973843832
10 56 0 8 0.0223212579448
33 51 0 8 0.0223034982156
22 77 0 8 0.0222981539407
24 79 0 8 0.0222628037494
29 80 0 8 0.0222510539521
3 27 0 8 0.0221099213513
2 86 0 8 0.0220975781683
19 69 0 8 0.0220369139915
13 56 0 8 0.0219889106112
3 41 0 8 0.0219714894161
20 34 0 8 0.0219556125453
4 50 0 8 0.0218864602906
21 37 0 8 0.0218753913653
25 35 0 8 0.0217668417246
48 70 0 8 0.0217596678439
14 77 0 8 0.0217417502588
22 85 0 8 0.0217329065299
21 47 0 8 0.0216738551449
20 72 0 8 0.0216277783662
39 49 0 8 0.0216061597282
49 81 0 8 0.0215371177824
8 47 0 8 0.0215370854504
13 70 0 8 0.0215304973479
38 80 0 8 0.021517595013
49 79 0 8 0.0215174828022
17 39 0 8 0.0214992247812
57 83 0 8 0.0214735494391
5 79 0 8 0.021473395387
10 57 0 8 0.0214406146318
49 62 0 8 0.0213771052467
28 61 0 8 0.0213475101357
17 41 0 8 0.0212953169199
13 72 0 8 0.0212896645409
57 84 0 8 0.0212201718502
16 87 0 8 0.0211373793323
3 82 0 8 0.0211358920643
7 54 0 8 0.0211219627158
40 65 0 8 0.0211035791708
25 74 0 8 0.02108119788
19 36 0 8 0.0210345105987
12 57 0 8 0.0210224679123
46 80 0 8 0.0209510467181
9 39 0 8 0.02093695571
39 66 0 8 0.0209284372021
13 39 0 8 0.0208983818368
30 81 0 8 0.0208607436872
28 59 0 8 0.0207689514864
41 79 0 8 0.0207072621978
13 48 0 8 0.0206679123587
70 83 0 8 0.0205436341936
45 66 0 8 0.0205345261037
33 84 0 8 0.0204454973305
11 77 0 8 0.02032687725
48 74 0 8 0.0202720137987
46 73 0 8 0.0202662530127
58 83 0 8 0.020251117874
39 50 0 8 0.0202506100727
17 87 0 8 0.020249784658
21 59 0 8 0.0201866042977
18 69 0 8 0.0201846187379
21 32 0 8 0.0201282432942
35 76 0 8 0.0201090685684
7 19 0 8 0.0200345282956
28 73 0 8 0.0200266107808
41 81 0 8 0.0200157434546
22 34 0 8 0.0199493356086
12 77 0 8 0.019944234774
40 72 0 8 0.0199354671202
47 79 0 8 0.0199342841526
3 26 0 8 0.0199256134944
10 51 0 8 0.0198631710625
9 51 0 8 0.0198429731267
10 41 0 8 0.019842936991
3 36 0 8 0.019817322509
21 83 0 8 0.0198166074032
49 69 0 8 0.0197436818241
34 80 0 8 0.0197360343759
14 76 0 8 0.0197287064431
22 52 0 8 0.0197261198901
46 74 0 8 0.0197121163684
17 70 0 8 0.0196601665929
3 22 0 8 0.0196246775645
18 81 0 8 0.0195854171136
48 79 0 8 0.0195819918328
22 35 0 8 0.0195778058011
5 29 0 8 0.0195775946927
51 79 0 8 0.0194733432944
57 81 0 8 0.019467078511
11 45 0 8 0.0194546820754
41 76 0 8 0.0194204444822
39 72 0 8 0.0194100754478
30 59 0 8 0.0193750885149
46 87 0 8 0.0193045783199
13 33 0 8 0.0192811490948
5 56 0 8 0.0192708333129
37 86 0 8 0.0191921089103
36 51 0 8 0.01909420788
17 61 0 8 0.0190535324325
13 38 0 8 0.0189943840518
21 51 0 8 0.0189556371078
22 72 0 8 0.0189436191458
40 84 0 8 0.0189433110417
3 29 0 8 0.0189317704509
30 51 0 8 0.0189192199633
39 84 0 8 0.0188696684549
14 43 0 8 0.0188344399837
35 84 0 8 0.0187512366603
43 86 0 8 0.0187212916039
17 62 0 8 0.0185789494092
4 29 0 8 0.0185520036132
59 83 0 8 0.0185058241331
21 66 0 8 0.0184901773894
20 74 0 8 0.0184670733853
7 26 0 8 0.0184104468938
43 68 0 8 0.0183814432666
49 63 0 8 0.0183624701397
45 87 0 8 0.0183548588272
51 66 0 8 0.0183450090052
18 58 0 8 0.0183214504525
7 27 0 8 0.0183084967669
13 61 0 8 0.0183036736064
45 59 0 8 0.0182934377033
4 26 0 8 0.0182714462973
7 59 0 8 0.0181742622747
60 83 0 8 0.018007296476
24 55 0 8 0.0179295667552
13 35 0 8 0.01787841767
13 58 0 8 0.0178448609488
33 46 0 8 0.017814797976
24 36 0 8 0.01774823798
28 69 0 8 0.0177423916095
33 79 0 8 0.0177215660542
18 32 0 8 0.0177121726828
22 39 0 8 0.0176862120591
4 62 0 8 0.0176119913017
18 79 0 8 0.0176117440576
16 85 0 8 0.0176096995397
15 78 0 8 0.0175837008784
17 66 0 8 0.0175727213414
17 36 0 8 0.0175521126002
3 40 0 8 0.0175130974914
44 84 0 8 0.0175047501525
6 48 0 8 0.0174938676112
3 37 0 8 0.017476168742
22 83 0 8 0.0174753071916
67 85 0 8 0.0174617239847
4 63 0 8 0.0174362026947
18 87 0 8 0.0174231234853
34 78 0 8 0.0174096049422
12 76 0 8 0.0173982145997
15 85 0 8 0.01739418262
6 26 0 8 0.0173532903585
21 78 0 8 0.0173363180065
19 30 0 8 0.0173360669587
61 82 0 8 0.0173319836283
11 66 0 8 0.0172983489302
9 78 0 8 0.0172892085084
21 77 0 8 0.0172329814111
60 70 0 8 0.0172218668408
18 78 0 8 0.0171878936085
40 60 0 8 0.0171562920171
15 80 0 8 0.0171045115087
4 53 0 8 0.0171002341869
3 21 0 8 0.0170835927614
8 33 0 8 0.0170729099172
17 46 0 8 0.0170422459513
11 44 0 8 0.0170328202479
42 69 0 8 0.0169633960248
33 72 0 8 0.0169451779432
59 84 0 8 0.0169164824201
19 51 0 8 0.0169153051581
50 79 0 8 0.0169152100642
17 80 0 8 0.0168956758836
18 57 0 8 0.016883621786
20 35 0 8 0.0168810409386
5 51 0 8 0.0168643158306
22 37 0 8 0.0168206620434
59 81 0 8 0.0168183835945
47 69 0 8 0.0168051275105
39 71 0 8 0.016782276456
41 71 0 8 0.0167324453717
67 86 0 8 0.0167059959656
21 60 0 8 0.0166986547197
19 29 0 8 0.0166942956171
45 85 0 8 0.0166846112585
10 40 0 8 0.0166556494726
17 81 0 8 0.0166444626309
24 74 0 8 0.0166017635861
6 46 0 8 0.0165729672635
3 80 0 8 0.0165717101227
21 85 0 8 0.0165499260214
32 80 0 8 0.0165462059496
21 57 0 8 0.016433441749
9 25 0 8 0.0163836144684
43 72 0 8 0.0163577679574
34 85 0 8 0.0163125736497
17 60 0 8 0.0162572594534
45 83 0 8 0.0162040867709
43 74 0 8 0.0160805370248
22 76 0 8 0.0160497893762
8 27 0 8 0.0159570880781
25 62 0 8 0.0159263727615
47 77 0 8 0.0159106803727
10 78 0 8 0.0157394838483
17 69 0 8 0.0156175678146
8 74 0 8 0.0155984691639
6 54 0 8 0.0155268473216
12 43 0 8 0.0155192169903
18 30 0 8 0.0155018376365
6 74 0 8 0.0154834455332
8 59 0 8 0.0154656601286
1 87 0 8 0.0154136209649
41 63 0 8 0.0153980103569
40 85 0 8 0.0153628455985
15 87 0 8 0.0153524670547
31 80 0 8 0.0153197072201
12 44 0 8 0.0153192089282
5 61 0 8 0.0153123945023
3 31 0 8 0.0152945558451
10 23 0 8 0.015286210408
21 73 0 8 0.0152750597021
25 68 0 8 0.0152668036532
72 83 0 8 0.0152659906007
10 68 0 8 0.0151749420339
13 74 0 8 0.0151725028764
3 76 0 8 0.0151568608874
9 40 0 8 0.0151527737533
33 85 0 8 0.0151463530159
52 84 0 8 0.0151347040181
72 82 0 8 0.015108347804
39 58 0 8 0.0150922512664
24 72 0 8 0.0150746360798
36 82 0 8 0.0150640064882
49 86 0 8 0.0150455792001
41 65 0 8 0.0150386715821
26 60 0 8 0.0149985838147
14 86 0 8 0.0149665019992
5 62 0 8 0.014937298675
37 76 0 8 0.0149357068038
5 27 0 8 0.0148833823584
8 77 0 8 0.0148675910721
59 86 0 8 0.0148380092743
5 77 0 8 0.0148371134901
30 72 0 8 0.0148301668837
5 49 0 8 0.014826538102
24 66 0 8 0.0148236843353
19 46 0 8 0.0148175479285
25 69 0 8 0.0148004633657
12 61 0 8 0.0147672670502
3 43 0 8 0.0147466839843
19 47 0 8 0.0147448762501
14 79 0 8 0.0147221374064
22 75 0 8 0.0147191581157
13 57 0 8 0.0146987947166
34 82 0 8 0.0146813259746
34 84 0 8 0.0146660710177
13 75 0 8 0.014614866778
32 76 0 8 0.0146079734242
43 82 0 8 0.0145923999028
61 84 0 8 0.0145897705576
5 30 0 8 0.0145772419416
4 61 0 8 0.0145499091135
56 85 0 8 0.0145472740626
20 46 0 8 0.0145442548326
6 28 0 8 0.014509867942
3 73 0 8 0.0144700787693
7 77 0 8 0.0144516429227
51 78 0 8 0.0144027903542
4 78 0 8 0.0144002285257
58 68 0 8 0.0143955403984
28 67 0 8 0.0143936927247
18 45 0 8 0.0143372782925
67 82 0 8 0.0142392175045
22 56 0 8 0.0142253461632
25 52 0 8 0.0142238636499
7 47 0 8 0.0142226749767
12 56 0 8 0.0141829685356
43 64 0 8 0.0141699473334
67 84 0 8 0.0141616893826
43 85 0 8 0.0140586951252
3 60 0 8 0.0140494405907
25 84 0 8 0.0140225442435
20 38 0 8 0.0140039667071
30 85 0 8 0.0139944820455
56 81 0 8 0.0139853416237
24 53 0 8 0.0139257367926
14 78 0 8 0.0139245661871
25 79 0 8 0.0139207205915
30 76 0 8 0.013907161158
12 39 0 8 0.0138936083811
27 66 0 8 0.013888576965
44 87 0 8 0.0138744517231
3 49 0 8 0.0138512982702
52 76 0 8 0.0138464332683
47 81 0 8 0.0137933556797
5 72 0 8 0.0137933233478
70 85 0 8 0.013757576615
3 70 0 8 0.0137304701103
3 39 0 8 0.0137187631053
7 45 0 8 0.013696667096
29 58 0 8 0.0136740518744
41 62 0 8 0.0136644835302
3 54 0 8 0.0136627338032
24 60 0 8 0.0136603593095
6 53 0 8 0.0136541924727
6 59 0 8 0.0136104645123
29 77 0 8 0.0136076373719
17 45 0 8 0.0136037413764
54 85 0 8 0.0135451407364
4 79 0 8 0.0135367287336
15 74 0 8 0.0135313587833
37 85 0 8 0.0134851954692
29 84 0 8 0.0134778960645
9 87 0 8 0.0134718034009
9 42 0 8 0.0134660958675
21 34 0 8 0.0134647160556
30 77 0 8 0.0134458541885
10 69 0 8 0.0134437069692
61 85 0 8 0.0134085079771
24 35 0 8 0.0133583887584
37 52 0 8 0.013336697849
60 86 0 8 0.0133216083553
25 54 0 8 0.0133158932144
26 61 0 8 0.0132841546878
51 86 0 8 0.0132809281531
47 76 0 8 0.0132522155132
15 76 0 8 0.0132360295873
3 72 0 8 0.0131749935936
24 82 0 8 0.0131246024064
3 63 0 8 0.0131213093061
12 41 0 8 0.0130666474537
47 57 0 8 0.0130551021082
18 36 0 8 0.0130478588089
1 86 0 8 0.0130303843613
28 82 0 8 0.0130286973962
41 83 0 8 0.0130283588621
30 79 0 8 0.0130233768947
4 28 0 8 0.0130083767893
18 65 0 8 0.0129796651003
39 74 0 8 0.012960823203
20 43 0 8 0.0129503495653
52 85 0 8 0.0129074470196
14 87 0 8 0.0128999612309
25 61 0 8 0.0128783036044
38 51 0 8 0.0128681694518
25 59 0 8 0.0128644160972
4 30 0 8 0.012797903648
25 55 0 8 0.0127960341027
18 72 0 8 0.0127818346876
23 84 0 8 0.0127633826751
6 56 0 8 0.0127410175503
41 59 0 8 0.0127410051881
47 87 0 8 0.0127215527881
39 86 0 8 0.0126590761224
66 86 0 8 0.0126178928737
7 37 0 8 0.0126144847097
36 58 0 8 0.0126101845654
23 59 0 8 0.0125953775005
12 51 0 8 0.012524272018
20 47 0 8 0.0125177628433
35 66 0 8 0.0125163364354
20 86 0 8 0.0125033817989
5 55 0 8 0.0124843506648
2 83 0 8 0.0124792859658
11 56 0 8 0.0124687638302
22 46 0 8 0.0124595596956
7 35 0 8 0.0124387056121
7 76 0 8 0.0124315811802
40 63 0 8 0.0124203534482
5 54 0 8 0.0124166105539
52 75 0 8 0.0124036416533
12 84 0 8 0.0123941503352
1 85 0 8 0.0123779178133
12 85 0 8 0.0123565254987
8 69 0 8 0.012350821769
13 51 0 8 0.01233708451
13 66 0 8 0.0123352929417
6 60 0 8 0.0123142058783
43 65 0 8 0.0123090213611
36 49 0 8 0.0122916771921
39 80 0 8 0.012291601117
19 57 0 8 0.0122637386161
22 48 0 8 0.0122586967397
3 78 0 8 0.0122538193756
40 68 0 8 0.0122505728713
47 67 0 8 0.0122220846528
2 51 0 8 0.0122205802679
35 85 0 8 0.0121849390894
2 52 0 8 0.0121777566501
19 72 0 8 0.0121644501664
52 82 0 8 0.0121560714464
45 72 0 8 0.0121504466446
38 71 0 8 0.0121372675866
35 70 0 8 0.0121284485821
26 80 0 8 0.0121274548512
24 84 0 8 0.0120610080168
17 76 0 8 0.0120523915622
28 60 0 8 0.0120375559692
5 53 0 8 0.0120221307942
46 79 0 8 0.0120201556948
53 81 0 8 0.0120118635102
29 78 0 8 0.0120055882664
18 66 0 8 0.0119960560579
22 41 0 8 0.0119926830787
3 35 0 8 0.0119735948883
24 69 0 8 0.0119562288476
8 52 0 8 0.0119520133368
14 46 0 8 0.0119476180987
44 69 0 8 0.0119428282209
11 61 0 8 0.0119393173557
25 81 0 8 0.0119266413442
35 50 0 8 0.0119257037187
30 83 0 8 0.011871558226
17 48 0 8 0.011855870592
11 51 0 8 0.0118269515983
7 40 0 8 0.0118066138746
48 64 0 8 0.0118033274308
9 77 0 8 0.0118025952081
14 80 0 8 0.0118022433608
42 74 0 8 0.0118011421739
41 86 0 8 0.0117911896506
42 87 0 8 0.011788844636
16 84 0 8 0.0117719930531
20 67 0 8 0.0117612674167
3 77 0 8 0.0117575482958
20 32 0 8 0.0117569301858
42 73 0 8 0.0117537635602
57 80 0 8 0.0117510362683
14 55 0 8 0.0117502346271
8 70 0 8 0.0117366105298
12 42 0 8 0.0117294376
22 61 0 8 0.0117277211558
24 81 0 8 0.0117049357161
33 76 0 8 0.0116982905572
5 73 0 8 0.011685594576
17 83 0 8 0.0116755384004
12 40 0 8 0.0116351663023
13 63 0 8 0.0116308091017
33 62 0 8 0.0116297126695
25 56 0 8 0.0116285943657
18 46 0 8 0.0116206064815
22 71 0 8 0.0115995565047
3 42 0 8 0.0115954313331
12 73 0 8 0.0115792244866
17 30 0 8 0.0115715332952
28 72 0 8 0.0115297338383
19 86 0 8 0.0115270093992
10 44 0 8 0.0115221130164
51 63 0 8 0.0114995073041
20 78 0 8 0.0114635561195
3 34 0 8 0.0114444669781
4 46 0 8 0.011425297007
12 50 0 8 0.011417754162
6 42 0 8 0.0114163363126
7 56 0 8 0.0113989350872
39 65 0 8 0.0113982922527
21 61 0 8 0.0113961374259
41 78 0 8 0.0113949715752
19 32 0 8 0.0113748858501
23 77 0 8 0.0113649628059
34 77 0 8 0.011356318774
34 69 0 8 0.0113560059152
7 39 0 8 0.0113555970117
28 84 0 8 0.0113428753551
49 68 0 8 0.0113177192255
30 56 0 8 0.0113145868338
34 52 0 8 0.011307583171
41 74 0 8 0.0113075299184
5 80 0 8 0.0113067149641
9 76 0 8 0.011302767618
21 46 0 8 0.0112735795087
12 52 0 8 0.0112589683372
5 31 0 8 0.011248052513
24 51 0 8 0.0112417325751
13 68 0 8 0.0112178554579
23 52 0 8 0.0111966647422
31 64 0 8 0.0111951099576
22 57 0 8 0.0111877430363
41 75 0 8 0.0111666616786
7 53 0 8 0.0111367850898
18 61 0 8 0.0111114368706
14 82 0 8 0.011110872964
6 30 0 8 0.0111065813781
8 62 0 8 0.0111000664978
37 79 0 8 0.0110987884363
3 79 0 8 0.0110983205745
56 86 0 8 0.0110963901692
43 83 0 8 0.0110845005839
35 82 0 8 0.011081154231
19 37 0 8 0.011080177617
25 76 0 8 0.0110764908281
36 46 0 8 0.0110640183175
43 75 0 8 0.0110624093294
24 34 0 8 0.0110613813647
34 51 0 8 0.0110566009964
9 34 0 8 0.0110475746873
28 62 0 8 0.0110327600149
30 74 0 8 0.0110127066218
44 85 0 8 0.011010054454
15 63 0 8 0.0110057971019
9 61 0 8 0.010976479665
5 81 0 8 0.0109745340447
33 81 0 8 0.0109692753542
69 81 0 8 0.0109483746748
6 45 0 8 0.0109465850084
43 71 0 8 0.010935718633
8 42 0 8 0.0109351737452
21 62 0 8 0.0109167550156
17 72 0 8 0.0109057878407
48 78 0 8 0.0109043614328
19 87 0 8 0.0108996381208
35 69 0 8 0.0108977714284
29 79 0 8 0.0108749745774
27 82 0 8 0.0108712735244
19 56 0 8 0.0108693459719
3 48 0 8 0.010867686584
54 87 0 8 0.0108556457995
24 52 0 8 0.0108483245233
21 41 0 8 0.010805972571
36 86 0 8 0.0108037435709
26 66 0 8 0.0107959696479
8 41 0 8 0.010790161315
26 78 0 8 0.0107782013603
13 36 0 8 0.010760163957
22 86 0 8 0.0107526971871
3 46 0 8 0.010745652634
21 65 0 8 0.0107411594491
10 43 0 8 0.0107403796795
42 72 0 8 0.0107403749248
44 70 0 8 0.0107378739563
30 57 0 8 0.0107213989451
14 83 0 8 0.0107009242862
13 85 0 8 0.010695398382
34 63 0 8 0.0106734478664
27 84 0 8 0.0106714081031
21 86 0 8 0.0106175925861
22 62 0 8 0.0106000420634
19 40 0 8 0.0105745920937
26 76 0 8 0.010566674579
20 87 0 8 0.010563282581
14 42 0 8 0.0105493323118
2 50 0 8 0.0105442038999
14 47 0 8 0.0105345214432
2 53 0 8 0.010519005929
6 20 0 8 0.0104921799512
33 52 0 8 0.0104796351693
8 53 0 8 0.0104725478239
16 42 0 8 0.0104694981638
29 52 0 8 0.0104688020768
4 82 0 8 0.0104667765776
23 56 0 8 0.0104655298971
6 63 0 8 0.0104604575906
8 66 0 8 0.0104529175985
2 24 0 8 0.0104526446791
13 86 0 8 0.0104483654554
23 57 0 8 0.0104076053744
14 84 0 8 0.0104033794033
9 57 0 8 0.0103961608284
21 72 0 8 0.0103776555633
57 85 0 8 0.010375956236
24 76 0 8 0.0103710303741
20 31 0 8 0.0103693472128
6 81 0 8 0.0103573739449
38 65 0 8 0.0103558514922
16 81 0 8 0.0103441872794
56 84 0 8 0.0103181477278
35 74 0 8 0.0103167774253
35 72 0 8 0.0103096463368
44 83 0 8 0.0103043106203
18 31 0 8 0.010300428889
37 83 0 8 0.0102939900837
14 73 0 8 0.0102904040943
46 72 0 8 0.0102739186228
48 86 0 8 0.010266977722
5 82 0 8 0.0102455483207
34 74 0 8 0.0102133523927
24 77 0 8 0.0102113173841
2 29 0 8 0.0102110748947
42 61 0 8 0.0102002256363
44 86 0 8 0.0101855963969
1 84 0 8 0.0101817403409
16 76 0 8 0.0101753880711
32 50 0 8 0.0101661430461
27 58 0 8 0.0101523867684
42 84 0 8 0.0101491973203
10 39 0 8 0.0101118758332
10 86 0 8 0.0101098550887
52 87 0 8 0.0101032451145
36 85 0 8 0.0100985170478
3 81 0 8 0.0100670542934
25 85 0 8 0.0100619468023
67 83 0 8 0.0100586185172
23 61 0 8 0.0100582324361
14 56 0 8 0.0100559644475
13 52 0 8 0.0100535395541
31 52 0 8 0.010049159531
4 77 0 8 0.0100436041477
12 62 0 8 0.0100405002841
23 60 0 8 0.0100358967904
17 43 0 8 0.010032619856
34 70 0 8 0.0100257169927
35 58 0 8 0.0100136067897
4 33 0 8 0.0100085886867
52 78 0 8 0.0100078840412
2 26 0 8 0.0100078184264
5 70 0 8 0.0100052860769
42 60 0 8 0.0100010448908
4 42 0 8 0.00998076422337
50 78 0 8 0.00996437384573
38 72 0 8 0.00996265169594
31 84 0 8 0.00996241491222
51 61 0 8 0.00995889263567
14 38 0 8 0.00995834869879
30 41 0 8 0.00994255551059
10 65 0 8 0.00994027611077
28 57 0 8 0.00993928523275
26 55 0 8 0.0099365341674
20 51 0 8 0.00993633542123
3 74 0 8 0.00993541586361
9 45 0 8 0.00991537863645
23 58 0 8 0.00991467684377
23 85 0 8 0.00990789094595
57 82 0 8 0.00990609937763
25 82 0 8 0.00989923455191
4 27 0 8 0.0098849466995
3 66 0 8 0.00986888915037
10 63 0 8 0.00986838325104
10 52 0 8 0.00984996547231
29 61 0 8 0.0098446211974
26 84 0 8 0.00981933954389
6 47 0 8 0.0098148187818
29 82 0 8 0.00980917115748
23 53 0 8 0.00980642769963
16 61 0 8 0.00980494708824
16 79 0 8 0.00979913780436
55 84 0 8 0.0097930384842
39 60 0 8 0.00978651219262
34 75 0 8 0.0097730469021
17 50 0 8 0.00974206532264
39 85 0 8 0.00974073781236
26 62 0 8 0.00973731443342
26 87 0 8 0.00972513671376
3 55 0 8 0.00969735218986
52 83 0 8 0.00968477222317
16 80 0 8 0.00966373651049
27 69 0 8 0.00965715221165
34 58 0 8 0.00965051180744
43 80 0 8 0.00961626660672
24 59 0 8 0.00961075496662
27 62 0 8 0.00960989626906
11 42 0 8 0.00960884548191
2 44 0 8 0.00960180187973
36 61 0 8 0.00959885492103
26 59 0 8 0.00958962130726
50 62 0 8 0.00956025156872
2 42 0 8 0.0095583858272
28 50 0 8 0.00955298354503
13 87 0 8 0.00954247852636
24 62 0 8 0.00953967230657
20 68 0 8 0.00953441171425
16 75 0 8 0.00951201711032
19 38 0 8 0.00951023219857
18 76 0 8 0.00950572855338
27 64 0 8 0.00950105944488
42 66 0 8 0.0095009738604
48 77 0 8 0.00949759422463
25 86 0 8 0.00945812837102
60 72 0 8 0.00945609336243
28 81 0 8 0.00941919219021
47 73 0 8 0.00941717334757
4 31 0 8 0.00940752227176
29 59 0 8 0.00940261923236
27 86 0 8 0.00940220842689
15 79 0 8 0.00939967132271
28 51 0 8 0.00939141622476
4 60 0 8 0.00938065350173
73 84 0 8 0.00937479762186
11 74 0 8 0.00936556781184
26 56 0 8 0.00935123906908
24 61 0 8 0.0093410763883
13 34 0 8 0.00931296949622
16 46 0 8 0.00930226478045
9 62 0 8 0.0092981415107
3 75 0 8 0.00928895829667
20 61 0 8 0.00928554252524
14 45 0 8 0.00927889831727
32 82 0 8 0.00927448976594
42 68 0 8 0.00926432613422
27 85 0 8 0.00925065924472
21 71 0 8 0.00923678029591
63 86 0 8 0.00920795449425
6 43 0 8 0.00919986485962
4 32 0 8 0.00919724217097
27 81 0 8 0.00919645479381
10 72 0 8 0.00919271760513
56 87 0 8 0.00918793058024
18 77 0 8 0.00916148307601
22 49 0 8 0.0091563679773
2 55 0 8 0.00915224280567
40 50 0 8 0.00914985404792
28 56 0 8 0.00913300246506
15 77 0 8 0.00910580657215
36 74 0 8 0.0091032922905
25 60 0 8 0.00910243929858
40 59 0 8 0.00910165192142
26 86 0 8 0.0090887705072
56 79 0 8 0.00908536614703
45 68 0 8 0.00907145011162
2 32 0 8 0.00905322537342
27 59 0 8 0.00905204240581
13 64 0 8 0.00904611235273
1 79 0 8 0.00904599253446
35 83 0 8 0.00904525745893
25 53 0 8 0.00903767467456
14 37 0 8 0.00903578420863
38 85 0 8 0.00901572130614
50 87 0 8 0.00901514693922
50 86 0 8 0.00901296073139
11 75 0 8 0.00900612443383
7 55 0 8 0.00899530845824
44 65 0 8 0.00898584376639
29 86 0 8 0.00898305846724
42 63 0 8 0.00898266192585
4 54 0 8 0.00897848540353
19 73 0 8 0.00896407868381
29 76 0 8 0.00896261709118
28 78 0 8 0.00895953224638
20 76 0 8 0.0089496700622
40 62 0 8 0.00894464435172
21 87 0 8 0.00894217476419
56 76 0 8 0.00893799063436
9 71 0 8 0.00893190652923
38 70 0 8 0.00891192730932
13 59 0 8 0.00890692727419
6 57 0 8 0.00890592308303
23 87 0 8 0.0089008640897
25 77 0 8 0.00886861586003
64 86 0 8 0.00885812320356
3 56 0 8 0.00885496418555
3 58 0 8 0.00884236424915
5 32 0 8 0.00884136671456
14 85 0 8 0.00883380104709
14 69 0 8 0.00882158243707
2 28 0 8 0.00881319896241
66 83 0 8 0.00881312859296
52 86 0 8 0.0088109984905
56 78 0 8 0.00880502564518
11 35 0 8 0.00879598317007
16 38 0 8 0.00879563607748
10 76 0 8 0.00879390822205
4 48 0 8 0.00879323876128
31 61 0 8 0.00878256257367
23 55 0 8 0.00877956426427
1 83 0 8 0.00877935600872
42 86 0 8 0.00877785637855
24 86 0 8 0.00877693301718
14 62 0 8 0.00877464981361
4 49 0 8 0.00877202522308
61 86 0 8 0.0087687635037
4 80 0 8 0.00876175889
36 47 0 8 0.00875711260402
12 58 0 8 0.00873405995058
16 49 0 8 0.00872604544009
24 87 0 8 0.00872590850493
37 75 0 8 0.00869658060769
13 53 0 8 0.00869252675646
48 67 0 8 0.00868922795047
5 76 0 8 0.00868616022256
15 44 0 8 0.00868437626175
3 59 0 8 0.00867114014744
54 86 0 8 0.00866706917931
33 74 0 8 0.00862940059964
18 56 0 8 0.0086252430961
9 68 0 8 0.00860627852768
12 75 0 8 0.0085898082712
58 85 0 8 0.0085808941728
14 68 0 8 0.00857329141873
23 70 0 8 0.00857199814224
19 78 0 8 0.00857068109228
3 47 0 8 0.00855905301513
40 79 0 8 0.00855614124115
3 57 0 8 0.00855476998769
24 57 0 8 0.00853577498924
42 64 0 8 0.00853573124606
39 75 0 8 0.008527323047
38 82 0 8 0.0085217819278
4 76 0 8 0.0085198553262
2 54 0 8 0.00851950728268
27 60 0 8 0.00851572920363
13 55 0 8 0.00851315596379
44 67 0 8 0.00850105907391
22 47 0 8 0.00849840690617
38 66 0 8 0.00849428553829
14 75 0 8 0.00848886328642
30 86 0 8 0.00848596197276
16 43 0 8 0.0084837700593
39 76 0 8 0.00848052450587
17 58 0 8 0.00847502522797
31 76 0 8 0.00847227891731
69 83 0 8 0.00846998049872
24 50 0 8 0.00846428247465
2 30 0 8 0.00846327162693
44 72 0 8 0.00846163220879
34 86 0 8 0.0084515874444
40 67 0 8 0.00842988132
14 70 0 8 0.00842043754881
45 69 0 8 0.00841363833785
1 52 0 8 0.00839914222989
55 76 0 8 0.00839722418674
23 86 0 8 0.00839712053443
19 74 0 8 0.00839077587212
26 79 0 8 0.00838803241427
18 70 0 8 0.00837618562124
5 46 0 8 0.00837597070912
13 62 0 8 0.00836650791915
26 53 0 8 0.00834431871795
22 68 0 8 0.00834152200754
21 31 0 8 0.00832707344652
30 53 0 8 0.00832641064231
9 35 0 8 0.00831554997261
38 84 0 8 0.00831393052418
17 78 0 8 0.00828166422668
6 77 0 8 0.00827788900045
56 83 0 8 0.00827591865568
53 86 0 8 0.00826477460628
6 31 0 8 0.00826298874359
13 83 0 8 0.00825901286932
7 38 0 8 0.00825261780727
28 63 0 8 0.00824229441787
13 71 0 8 0.00824174477536
4 43 0 8 0.0082270194912
4 74 0 8 0.00822664767421
4 41 0 8 0.00821260991866
8 72 0 8 0.0082109676477
2 33 0 8 0.00820760988352
9 52 0 8 0.00818449827188
38 86 0 8 0.00817046907478
53 85 0 8 0.00816416910658
57 72 0 8 0.00814605277538
63 87 0 8 0.00814419559231
47 78 0 8 0.00814086825816
29 81 0 8 0.00813554775672
28 76 0 8 0.00813533855022
2 61 0 8 0.00811663168616
28 79 0 8 0.00811621042037
1 53 0 8 0.00810960044619
35 77 0 8 0.00810954243893
21 40 0 8 0.00810926856862
10 36 0 8 0.0081047002596
2 78 0 8 0.00810217266481
42 70 0 8 0.0080946602499
6 72 0 8 0.00808924940929
35 48 0 8 0.00807517741995
2 79 0 8 0.00807400491266
5 64 0 8 0.0080731091285
24 58 0 8 0.00807074414421
35 86 0 8 0.00805419495983
16 82 0 8 0.00804549957731
2 31 0 8 0.00804459903846
4 36 0 8 0.00804020094745
13 67 0 8 0.00803687741706
25 58 0 8 0.00801877630088
23 62 0 8 0.00798650619963
33 59 0 8 0.00797744946044
12 83 0 8 0.00794743308366
34 81 0 8 0.0079236434528
33 78 0 8 0.00791951495289
6 44 0 8 0.00791891491063
22 87 0 8 0.00791608206456
39 61 0 8 0.00791400854295
43 87 0 8 0.00790828769635
17 49 0 8 0.00789075381505
10 73 0 8 0.00788707748644
25 72 0 8 0.00787606086281
13 30 0 8 0.00787074891981
4 40 0 8 0.0078560925787
24 83 0 8 0.00784669968272
40 81 0 8 0.00784476357174
4 81 0 8 0.00784210997758
53 87 0 8 0.00784041778235
2 25 0 8 0.00783354344724
29 60 0 8 0.00782812167084
48 76 0 8 0.00781860182455
37 71 0 8 0.00781349908805
9 32 0 8 0.00779845048476
18 74 0 8 0.00779548926198
26 69 0 8 0.00779208014711
23 36 0 8 0.00779164556817
27 73 0 8 0.00778607877363
40 57 0 8 0.0077775198508
3 64 0 8 0.00776992993439
5 59 0 8 0.00776750504097
6 33 0 8 0.00776686886305
10 30 0 8 0.00776470357587
24 65 0 8 0.00775931460685
25 87 0 8 0.00775826049141
29 85 0 8 0.00775609805705
36 64 0 8 0.00775400979589
30 75 0 8 0.00775159393639
15 86 0 8 0.00774987654128
22 55 0 8 0.00774685968859
14 52 0 8 0.00774247871447
6 55 0 8 0.00772713009007
14 40 0 8 0.00770786502505
4 39 0 8 0.0077056759644
47 70 0 8 0.00770423671884
26 82 0 8 0.00770164873945
40 58 0 8 0.00769939168669
29 62 0 8 0.00769891431552
41 87 0 8 0.00768645606897
20 62 0 8 0.00767877058324
17 74 0 8 0.00766230840973
31 67 0 8 0.00766061764091
71 81 0 8 0.00765652575213
10 66 0 8 0.00765338052272
23 50 0 8 0.00762978916257
9 29 0 8 0.00762545573538
22 67 0 8 0.00762103387091
16 83 0 8 0.00760988601775
3 44 0 8 0.00760918565148
23 51 0 8 0.00760820618472
4 55 0 8 0.00758961343329
2 27 0 8 0.00758927680103
16 36 0 8 0.00757999944409
1 50 0 8 0.00757743428723
51 87 0 8 0.00756889248129
21 68 0 8 0.00756866187868
32 84 0 8 0.00756405220383
31 82 0 8 0.00756297051118
20 75 0 8 0.00755823103322
42 85 0 8 0.00755713888024
32 81 0 8 0.0075518849445
23 76 0 8 0.00755137001125
24 49 0 8 0.00754749731382
62 86 0 8 0.00753636943037
8 34 0 8 0.00752144492457
17 37 0 8 0.00752082443714
9 75 0 8 0.00751390065322
15 54 0 8 0.00750652089425
22 74 0 8 0.00748507104781
57 70 0 8 0.00748489559964
19 34 0 8 0.00748310498226
45 70 0 8 0.00747392652293
66 80 0 8 0.00747214161119
34 49 0 8 0.00747167470034
11 86 0 8 0.00746795272667
35 60 0 8 0.00746605180042
29 73 0 8 0.00745265355107
17 77 0 8 0.00744439274749
7 32 0 8 0.00743992143421
13 65 0 8 0.00743950302123
5 60 0 8 0.00743399233206
68 84 0 8 0.00742935698188
17 44 0 8 0.00742660116182
17 79 0 8 0.00742116702322
50 76 0 8 0.00741147743439
38 74 0 8 0.00740941389764
31 50 0 8 0.00740387230297
4 44 0 8 0.00739273776295
27 87 0 8 0.00739193421984
26 52 0 8 0.00739170837192
7 75 0 8 0.00736375505642
42 65 0 8 0.00736250885139
14 59 0 8 0.00736145188314
40 76 0 8 0.00735225963521
25 50 0 8 0.00734305407413
47 68 0 8 0.00734127534348
23 83 0 8 0.00733821569855
1 80 0 8 0.0073372780731
25 83 0 8 0.00732735312697
2 77 0 8 0.00731781188457
38 79 0 8 0.00731342282748
25 75 0 8 0.00731295211287
6 58 0 8 0.00729996752181
27 76 0 8 0.00729623936705
59 87 0 8 0.00725353033736
1 54 0 8 0.00725083537737
45 67 0 8 0.00724375944328
19 53 0 8 0.0072413060217
3 68 0 8 0.00722690595855
2 49 0 8 0.00722649610401
2 22 0 8 0.00721373117977
13 32 0 8 0.00720394364427
3 45 0 8 0.00720368641538
15 81 0 8 0.00717989630905
21 53 0 8 0.00717562611929
14 72 0 8 0.00717517394799
4 58 0 8 0.00717055428829
6 76 0 8 0.00716686749935
22 65 0 8 0.00716636112455
34 47 0 8 0.00715728251377
3 38 0 8 0.007154770134
32 78 0 8 0.00715067158865
9 26 0 8 0.00714523221988
7 44 0 8 0.00713359938804
35 52 0 8 0.00712692475003
39 87 0 8 0.00711655048542
47 74 0 8 0.00711389213658
16 73 0 8 0.00710027326947
20 52 0 8 0.0070943879105
6 73 0 8 0.00708648418436
23 69 0 8 0.00707378107113
10 77 0 8 0.00707373399967
12 66 0 8 0.00706976525744
15 40 0 8 0.00706523308409
5 63 0 8 0.00706282293022
2 60 0 8 0.00705818330081
15 56 0 8 0.00705489020045
8 61 0 8 0.00705260747235
22 40 0 8 0.00705092859026
28 64 0 8 0.00702040869149
44 64 0 8 0.00701577001302
1 78 0 8 0.00701344306627
5 57 0 8 0.0070063110268
40 83 0 8 0.00700326517048
36 78 0 8 0.00700070524378
28 86 0 8 0.00699592249811
29 83 0 8 0.00698485927849
10 87 0 8 0.00697977413435
63 85 0 8 0.00696722982786
5 48 0 8 0.00696722649957
15 73 0 8 0.00696239668244
38 87 0 8 0.00695089793294
61 87 0 8 0.00694350010613
2 56 0 8 0.00694177034883
36 76 0 8 0.00693920947119
45 73 0 8 0.00692969342866
12 53 0 8 0.0069248160646
12 86 0 8 0.00692342816972
23 66 0 8 0.00692123720719
26 85 0 8 0.00691025434188
10 74 0 8 0.00690072783902
33 86 0 8 0.00689995044672
27 56 0 8 0.0068892309914
22 53 0 8 0.00687542241205
30 71 0 8 0.00685431062428
42 67 0 8 0.00685426783204
2 76 0 8 0.00685235406812
11 65 0 8 0.00682983774404
39 68 0 8 0.00681814167478
46 58 0 8 0.00680008905647
32 51 0 8 0.00679903066181
34 83 0 8 0.0067967327187
28 52 0 8 0.00677059664686
26 75 0 8 0.00676378887745
26 71 0 8 0.00676292637614
46 78 0 8 0.00676259069482
42 76 0 8 0.00675811320044
8 44 0 8 0.00675613572363
20 77 0 8 0.00674901889918
16 39 0 8 0.00674214884329
35 87 0 8 0.0067335319132
38 69 0 8 0.00672335924757
32 73 0 8 0.00671831119003
27 78 0 8 0.00671695087237
49 78 0 8 0.00670959964156
5 47 0 8 0.00669791498356
26 77 0 8 0.00668429564099
57 87 0 8 0.00668342695858
16 74 0 8 0.00668224636831
39 78 0 8 0.00667502541608
4 59 0 8 0.00667090119539
8 76 0 8 0.00666184635808
28 75 0 8 0.00665982323622
17 75 0 8 0.00665209543372
16 77 0 8 0.0066400579775
32 69 0 8 0.00663130125944
1 44 0 8 0.00663096510265
22 38 0 8 0.00662277371758
20 71 0 8 0.00662261871459
34 61 0 8 0.00660913155248
20 56 0 8 0.00660433834649
12 65 0 8 0.00659614125579
15 49 0 8 0.00658678021625
38 63 0 8 0.00658532955943
30 49 0 8 0.00657838770767
36 59 0 8 0.00657365060706
27 83 0 8 0.0065660026834
24 75 0 8 0.00656476028213
8 45 0 8 0.0065598886237
27 53 0 8 0.00655794300333
29 50 0 8 0.00655166490672
12 37 0 8 0.00654717457467
49 72 0 8 0.00654445108653
28 83 0 8 0.00653701759953
29 57 0 8 0.00653637428957
33 77 0 8 0.00653523458966
3 65 0 8 0.00653430694906
39 81 0 8 0.00652874681109
41 64 0 8 0.00652182302717
29 74 0 8 0.00650111348643
21 67 0 8 0.00649749896882
27 50 0 8 0.00649709862367
19 52 0 8 0.00649045584211
36 87 0 8 0.00648818642715
31 51 0 8 0.00648630166686
16 52 0 8 0.00648495703968
1 30 0 8 0.00648256542911
16 50 0 8 0.00647641047905
24 56 0 8 0.00647217547401
14 66 0 8 0.00647098537436
17 59 0 8 0.00646431644199
72 87 0 8 0.0064479051437
29 53 0 8 0.00644047165669
51 70 0 8 0.00643039123211
4 75 0 8 0.00642012394808
35 79 0 8 0.00641078905936
39 63 0 8 0.00640493698324
7 68 0 8 0.00639615839359
35 78 0 8 0.00639243356711
12 38 0 8 0.00636160366236
37 67 0 8 0.00636070407445
22 64 0 8 0.00635608489022
34 79 0 8 0.00634724448956
5 36 0 8 0.00634648944431
40 61 0 8 0.00634137719842
26 65 0 8 0.00633740179962
4 72 0 8 0.00633265423868
40 86 0 8 0.00632877488468
2 45 0 8 0.00632347768123
15 45 0 8 0.00631901207358
2 41 0 8 0.00629559948988
1 42 0 8 0.00628764156024
6 64 0 8 0.00628694404678
33 83 0 8 0.00627799191084
60 81 0 8 0.00627580475207
34 60 0 8 0.00626927988689
45 74 0 8 0.00626769800053
16 78 0 8 0.006262324722
1 77 0 8 0.00626164860466
4 56 0 8 0.00625661861495
42 71 0 8 0.00625022117555
42 75 0 8 0.00624430491107
17 51 0 8 0.00623075165873
32 77 0 8 0.00621114330489
24 71 0 8 0.0062042252266
36 60 0 8 0.00619649362034
55 86 0 8 0.00619643180934
69 85 0 8 0.00618841397056
31 73 0 8 0.00617969766739
55 85 0 8 0.00617865734057
32 52 0 8 0.00617509560006
19 66 0 8 0.00617125856282
32 48 0 8 0.00616587006927
38 52 0 8 0.00616563090821
50 77 0 8 0.00616189990063
57 86 0 8 0.00615487959645
19 65 0 8 0.0061536971043
9 44 0 8 0.00614761775386
31 60 0 8 0.00613921621136
35 46 0 8 0.0061369529775
53 77 0 8 0.0061288505052
45 79 0 8 0.0061242184833
11 34 0 8 0.00611918326343
24 54 0 8 0.00611843677663
10 42 0 8 0.00610999006455
4 45 0 8 0.0061014145003
14 36 0 8 0.00609380651606
5 45 0 8 0.00608573922848
4 38 0 8 0.00607612428834
25 57 0 8 0.00607393998238
14 51 0 8 0.00607061787839
2 62 0 8 0.00605666808466
27 61 0 8 0.00605606566506
27 51 0 8 0.00605064293772
2 40 0 8 0.00604987030011
10 38 0 8 0.00604830220236
46 68 0 8 0.0060430687118
42 83 0 8 0.00604114353661
70 86 0 8 0.00603592763841
55 87 0 8 0.00601543538714
18 33 0 8 0.00601460379134
39 51 0 8 0.0060135482495
51 65 0 8 0.0060103393072
14 58 0 8 0.00600661162791
1 55 0 8 0.00600226869134
6 36 0 8 0.00600106622948
14 49 0 8 0.0059972377507
31 79 0 8 0.0059724220571
8 43 0 8 0.00596971140663
23 49 0 8 0.00596830639485
11 52 0 8 0.00596556055966
5 43 0 8 0.00594460377488
28 65 0 8 0.00594208473854
3 71 0 8 0.00593671716563
2 81 0 8 0.00590452123759
19 41 0 8 0.00590158378827
14 34 0 8 0.00589303389935
14 50 0 8 0.00588179428061
47 72 0 8 0.00587014290547
2 82 0 8 0.00586977774505
10 70 0 8 0.00586141376463
13 54 0 8 0.00585901074279
1 56 0 8 0.00583497624525
29 56 0 8 0.00583415843806
5 58 0 8 0.00583265024944
25 65 0 8 0.00582375612076
30 68 0 8 0.00582144343809
21 74 0 8 0.00581695690979
65 86 0 8 0.00580784406523
29 55 0 8 0.00579508104286
19 70 0 8 0.00579021556554
10 34 0 8 0.00578457031856
2 75 0 8 0.00578315294458
45 81 0 8 0.00578179975896
65 85 0 8 0.0057668562344
2 35 0 8 0.00576406095039
42 82 0 8 0.0057588155731
38 62 0 8 0.00575109775545
26 50 0 8 0.00574914357664
15 43 0 8 0.00574508592165
8 37 0 8 0.00574070114378
26 81 0 8 0.00573353106677
2 80 0 8 0.00573289726619
17 65 0 8 0.00573200005563
18 51 0 8 0.0057289171127
14 53 0 8 0.00572692109259
14 74 0 8 0.00571831937752
5 33 0 8 0.00571015699608
12 87 0 8 0.00569498429531
68 82 0 8 0.00569011168595
36 81 0 8 0.00568604594798
36 75 0 8 0.00568202728147
1 31 0 8 0.00567812748229
18 29 0 8 0.00566583992922
26 51 0 8 0.00563575793768
1 81 0 8 0.00563363258991
1 51 0 8 0.00562599037189
12 74 0 8 0.00562448503609
68 85 0 8 0.00561227641093
23 73 0 8 0.00560984771375
5 75 0 8 0.00560028222242
30 54 0 8 0.00559256440477
36 65 0 8 0.00559077331192
10 64 0 8 0.0055817341651
19 76 0 8 0.00557658055338
18 75 0 8 0.00557533339741
4 37 0 8 0.00556769213032
7 29 0 8 0.00556624955647
40 87 0 8 0.00556450125586
34 45 0 8 0.0055541664552
27 55 0 8 0.00555370620092
25 51 0 8 0.00555038790069
16 60 0 8 0.00554824305869
2 59 0 8 0.00554009208851
55 73 0 8 0.00553567022404
26 74 0 8 0.00553350255951
31 77 0 8 0.00552958706984
31 75 0 8 0.00552468117763
37 87 0 8 0.00552444867314
69 86 0 8 0.00551536197939
8 63 0 8 0.00551363459943
1 45 0 8 0.00551122159274
58 79 0 8 0.00550952464281
1 49 0 8 0.00550164516561
1 76 0 8 0.00549621150247
2 63 0 8 0.0054920853799
8 75 0 8 0.00548993625868
13 31 0 8 0.0054834950761
16 53 0 8 0.00548323499439
14 71 0 8 0.00548216613941
12 70 0 8 0.0054780081604
9 38 0 8 0.00547264771953
5 44 0 8 0.00546431226727
14 60 0 8 0.00546104674413
53 83 0 8 0.00545746408297
35 75 0 8 0.0054534340052
64 87 0 8 0.00545086409364
33 75 0 8 0.00545002869409
56 80 0 8 0.00544328368663
38 78 0 8 0.00544321807186
1 43 0 8 0.005442712648
31 81 0 8 0.00544236080072
61 83 0 8 0.00543567950614
4 73 0 8 0.00542591574411
11 38 0 8 0.00542214004241
7 67 0 8 0.00541537221243
4 47 0 8 0.00541212475712
34 71 0 8 0.00541035458493
44 73 0 8 0.00540146521093
1 29 0 8 0.00540081096518
3 67 0 8 0.00539658451859
50 63 0 8 0.00539416247798
45 82 0 8 0.00539394756586
16 55 0 8 0.00539287823541
18 62 0 8 0.00539185502548
2 72 0 8 0.00538259098168
15 75 0 8 0.00538137140293
21 55 0 8 0.00537833220317
32 79 0 8 0.0053781025515
16 32 0 8 0.0053780359858
29 51 0 8 0.00535777576355
53 79 0 8 0.00535597896507
2 74 0 8 0.0053559428294
68 86 0 8 0.00535574027948
4 21 0 8 0.00533064310806
32 58 0 8 0.00532699435666
28 85 0 8 0.00532220495442
12 69 0 8 0.00532193964256
48 87 0 8 0.00532100914914
14 57 0 8 0.00531372876325
40 51 0 8 0.00530191572854
15 38 0 8 0.00529837253133
17 63 0 8 0.00529384225986
4 35 0 8 0.00529352226902
7 42 0 8 0.00529292840787
1 25 0 8 0.00529269780526
52 65 0 8 0.00529116822053
12 55 0 8 0.00528614203458
29 69 0 8 0.00528409038456
39 79 0 8 0.0052757069099
8 18 0 8 0.0052715517837
7 34 0 8 0.00526849261424
2 43 0 8 0.00526425237904
44 78 0 8 0.00525312639747
16 51 0 8 0.00525136953841
31 70 0 8 0.00524504246846
27 52 0 8 0.00524460265936
29 65 0 8 0.00523818620118
29 75 0 8 0.00523587446946
32 86 0 8 0.00521431431414
4 66 0 8 0.00520770433996
17 71 0 8 0.00519453431587
40 64 0 8 0.00519063118841
37 78 0 8 0.00518954902029
18 38 0 8 0.00518719354538
22 54 0 8 0.00518157872844
26 83 0 8 0.00517974341695
2 46 0 8 0.00516947755934
1 41 0 8 0.00515869296472
64 84 0 8 0.00513443642302
10 53 0 8 0.00513407934557
18 71 0 8 0.0051297411637
35 49 0 8 0.00512869322937
34 87 0 8 0.00511995125085
40 78 0 8 0.00511728814732
24 68 0 8 0.00511500399281
7 63 0 8 0.00510932688939
28 48 0 8 0.00510525164204
11 71 0 8 0.00509482364939
27 77 0 8 0.00509151105479
37 81 0 8 0.00508676729761
23 54 0 8 0.00508504562328
5 40 0 8 0.00508353125357
36 52 0 8 0.00508285323435
31 57 0 8 0.00508025336823
4 69 0 8 0.00507780042212
38 83 0 8 0.00506952535445
55 83 0 8 0.0050677994009
60 87 0 8 0.0050661005491
18 34 0 8 0.00506032644995
65 82 0 8 0.00505966412121
38 76 0 8 0.00505073433233
14 54 0 8 0.0050444039341
38 81 0 8 0.00503744544092
17 68 0 8 0.00503261562379
1 57 0 8 0.00500158221818
1 47 0 8 0.00499038016152
20 65 0 8 0.00499007395929
19 62 0 8 0.00498894899893
63 84 0 8 0.00498565970233
44 71 0 8 0.00497513518942
18 47 0 8 0.00497464355416
1 82 0 8 0.00496860699596
2 23 0 8 0.0049670607698
26 58 0 8 0.00496271593135
4 70 0 8 0.00495748576908
17 38 0 8 0.00495518639955
10 33 0 8 0.00494777002944
52 77 0 8 0.00494479691992
2 36 0 8 0.00492567877492
2 58 0 8 0.00492456807864
2 39 0 8 0.0049181525714
30 87 0 8 0.00491162532888
43 77 0 8 0.00490733041471
19 67 0 8 0.00490715163825
44 76 0 8 0.00490498112091
24 63 0 8 0.00490441864073
31 78 0 8 0.00490087354164
49 87 0 8 0.00489710259464
30 46 0 8 0.00489589775544
23 75 0 8 0.00489481939107
8 31 0 8 0.00488747339042
33 68 0 8 0.00487960865276
2 64 0 8 0.00487170064739
65 84 0 8 0.00486380500423
10 27 0 8 0.00484667669824
9 55 0 8 0.00484333747736
11 62 0 8 0.00483635996541
68 87 0 8 0.00483367308841
5 41 0 8 0.00483136753778
19 31 0 8 0.00483086877049
43 78 0 8 0.00483067620543
54 72 0 8 0.00482550928056
9 67 0 8 0.00482512224856
49 73 0 8 0.00482292510493
66 87 0 8 0.00482007181367
42 80 0 8 0.00481631132699
24 67 0 8 0.00481558100615
44 68 0 8 0.00481092378438
8 55 0 8 0.00480902143172
14 48 0 8 0.00479923769997
12 22 0 8 0.00479093315321
2 47 0 8 0.00477839502783
36 57 0 8 0.00476197422015
15 51 0 8 0.00475531955186
49 77 0 8 0.00474397818269
2 57 0 8 0.00473908179986
7 65 0 8 0.00473792783587
6 70 0 8 0.00473606114341
8 40 0 8 0.00472878836503
14 63 0 8 0.00472636632442
6 66 0 8 0.00472333330577
23 35 0 8 0.00471616798345
32 74 0 8 0.00470977577421
4 57 0 8 0.00470183163318
15 64 0 8 0.00468568517129
26 54 0 8 0.00468422262773
17 67 0 8 0.00467643539157
8 30 0 8 0.00467115673142
37 77 0 8 0.00467105117723
21 75 0 8 0.00467098841529
32 56 0 8 0.00466997471474
16 62 0 8 0.00466424626064
28 87 0 8 0.00466161976824
49 64 0 8 0.004660818127
33 49 0 8 0.00465904367558
29 87 0 8 0.00464489561115
11 87 0 8 0.00464167573307
21 38 0 8 0.0046414460814
43 81 0 8 0.00461909474517
35 59 0 8 0.00461493486428
34 62 0 8 0.00460804864244
5 42 0 8 0.00460654140476
17 52 0 8 0.00459820975625
6 40 0 8 0.00459689746099
32 85 0 8 0.00459401706798
4 64 0 8 0.00458605771193
1 46 0 8 0.00456303073383
16 69 0 8 0.00455522733171
55 81 0 8 0.00454265687441
2 69 0 8 0.00451830476338
58 71 0 8 0.00451675711081
38 77 0 8 0.00451607576331
23 67 0 8 0.00451529266538
27 65 0 8 0.00451435979461
67 87 0 8 0.004513153529
36 77 0 8 0.00451269850489
31 69 0 8 0.00451216074911
27 79 0 8 0.00450142417689
16 63 0 8 0.00448594907765
19 35 0 8 0.00447090427812
19 63 0 8 0.00446949974182
10 54 0 8 0.00445711709489
31 58 0 8 0.00445163445841
15 69 0 8 0.00444106953061
31 86 0 8 0.00444041671127
38 60 0 8 0.00442454174235
1 27 0 8 0.00442448611244
16 45 0 8 0.00439368901507
65 87 0 8 0.00438957668111
1 26 0 8 0.00438238710985
51 62 0 8 0.0043779928226
10 37 0 8 0.00437561785346
23 65 0 8 0.00437194627954
15 83 0 8 0.00436924038377
28 68 0 8 0.00436142937414
58 87 0 8 0.00435612789147
18 43 0 8 0.00434859883513
38 67 0 8 0.00434672215781
1 75 0 8 0.0043419199179
5 37 0 8 0.00433698977675
59 80 0 8 0.0043364872057
37 68 0 8 0.00433535558877
18 68 0 8 0.00432730446715
33 71 0 8 0.00432673057571
15 46 0 8 0.0043229039988
19 39 0 8 0.00432127313911
5 69 0 8 0.00431963181909
18 52 0 8 0.0043075273217
31 72 0 8 0.00430553700722
55 74 0 8 0.00430460794021
62 85 0 8 0.00429054070556
38 55 0 8 0.00428800122404
8 32 0 8 0.00428666753266
1 48 0 8 0.00428145734009
16 57 0 8 0.00428091625603
6 37 0 8 0.00426744050519
2 48 0 8 0.00426158082156
9 64 0 8 0.00425052520944
10 61 0 8 0.00424400034427
25 37 0 8 0.00424380873014
32 61 0 8 0.00424136386701
1 40 0 8 0.00423730668749
6 75 0 8 0.00423715548825
44 82 0 8 0.0042342912612
6 41 0 8 0.00423283537421
39 67 0 8 0.00422382332914
28 77 0 8 0.00421990403571
32 70 0 8 0.00421174545803
11 68 0 8 0.00421155336843
62 84 0 8 0.0042098782901
2 73 0 8 0.0042094570243
29 54 0 8 0.00419446880562
41 58 0 8 0.00419352071984
1 62 0 8 0.0041824855529
52 66 0 8 0.0041808237877
29 72 0 8 0.00417533211731
12 36 0 8 0.00417468785641
29 68 0 8 0.00415629575303
39 83 0 8 0.00415615406318
18 35 0 8 0.00415382711643
24 37 0 8 0.00415276206521
6 69 0 8 0.00415138130236
5 39 0 8 0.00415125768035
31 55 0 8 0.00414027053581
51 75 0 8 0.00413923686556
6 39 0 8 0.00413195552873
11 55 0 8 0.00412883502372
53 82 0 8 0.00412117711521
45 78 0 8 0.00412010635835
17 42 0 8 0.00411873462943
1 58 0 8 0.00411111475846
33 56 0 8 0.00410864279358
2 34 0 8 0.00410073145993
36 79 0 8 0.0040948841385
41 77 0 8 0.00409093489051
39 62 0 8 0.00408885376139
15 53 0 8 0.00408144357238
48 68 0 8 0.0040811925246
54 84 0 8 0.00408037519287
44 80 0 8 0.00407915608959
14 65 0 8 0.00406382743489
15 42 0 8 0.00406238818933
42 81 0 8 0.00406130887402
1 39 0 8 0.00405601880261
17 53 0 8 0.00405594035018
28 74 0 8 0.00405571212492
9 65 0 8 0.00403285156107
36 83 0 8 0.00403236230316
43 79 0 8 0.00403166906892
27 57 0 8 0.00402344630289
27 67 0 8 0.00402135899267
1 32 0 8 0.00398648759888
11 67 0 8 0.00398008160103
17 47 0 8 0.00397716221954
44 81 0 8 0.00397588463354
14 35 0 8 0.00397078617626
10 28 0 8 0.00397010910798
34 57 0 8 0.00396533682263
20 64 0 8 0.00393904527233
46 77 0 8 0.00392988630724
7 71 0 8 0.00392691557507
44 75 0 8 0.00392225454954
53 78 0 8 0.00391459069766
32 57 0 8 0.00391449251325
31 87 0 8 0.003909339377
31 74 0 8 0.0039038826536
8 35 0 8 0.00389100242805
25 49 0 8 0.00388367520844
19 71 0 8 0.00388299790242
1 59 0 8 0.00387890577591
26 37 0 8 0.00387607197889
24 48 0 8 0.00387106172116
27 68 0 8 0.0038571673196
53 84 0 8 0.00385252269777
71 86 0 8 0.00385246136223
42 78 0 8 0.00384622272957
12 72 0 8 0.00384360313147
19 44 0 8 0.00384336420815
27 63 0 8 0.00384147231581
23 72 0 8 0.00383798688812
33 65 0 8 0.00383355694067
8 54 0 8 0.00382643369739
36 71 0 8 0.00382580132322
37 64 0 8 0.0038229009605
15 39 0 8 0.00382275356502
32 62 0 8 0.0038205400177
7 64 0 8 0.00382033770552
52 74 0 8 0.00382015726492
33 87 0 8 0.00381916876425
15 82 0 8 0.00381579530958
23 74 0 8 0.00381426762672
71 84 0 8 0.00381142336938
27 75 0 8 0.00378987414986
23 37 0 8 0.00378189363543
12 30 0 8 0.00377983271376
19 45 0 8 0.00376947794338
44 77 0 8 0.00376215238791
21 44 0 8 0.00376098677493
16 47 0 8 0.00375983756563
15 84 0 8 0.0037486110223
4 67 0 8 0.00374749462039
14 67 0 8 0.00374276132353
18 28 0 8 0.0037396845617
1 63 0 8 0.00373942685734
15 66 0 8 0.00373576764563
15 72 0 8 0.0037346909454
25 43 0 8 0.00373132058128
10 75 0 8 0.00372706893482
25 64 0 8 0.00371452034911
71 83 0 8 0.00371195329037
23 71 0 8 0.00370028717567
38 75 0 8 0.00369396652456
2 38 0 8 0.00369284108873
8 68 0 8 0.00368427955082
15 70 0 8 0.00367550191211
46 75 0 8 0.00366815424731
36 68 0 8 0.0036669905362
22 45 0 8 0.00366636101485
34 59 0 8 0.00366418336547
1 28 0 8 0.00366046424462
28 55 0 8 0.00364465726781
12 54 0 8 0.00363742989674
1 61 0 8 0.00363364944035
37 61 0 8 0.003626310334
40 77 0 8 0.00360837634529
46 71 0 8 0.00360835352276
50 75 0 8 0.0036074693876
26 64 0 8 0.00360529150048
1 60 0 8 0.00360397349959
20 63 0 8 0.00360155454954
33 47 0 8 0.00360067207852
5 66 0 8 0.00359459462995
73 83 0 8 0.00358838191037
10 25 0 8 0.00358775024941
4 34 0 8 0.00357683181018
51 77 0 8 0.00357445969385
16 40 0 8 0.00357233933852
30 47 0 8 0.00356992561863
14 64 0 8 0.00356027810884
27 70 0 8 0.00355913080142
42 59 0 8 0.00355580441821
8 38 0 8 0.0035546756541
11 29 0 8 0.00355455226982
5 68 0 8 0.00355045895463
15 52 0 8 0.00354804784982
33 57 0 8 0.00354037805457
62 87 0 8 0.00353889363943
45 71 0 8 0.00353598186545
1 34 0 8 0.00353322390578
19 61 0 8 0.00352421946822
35 57 0 8 0.00352358352803
17 35 0 8 0.00352346109469
27 49 0 8 0.00352117480057
71 85 0 8 0.00352107637842
37 63 0 8 0.00352014208125
27 72 0 8 0.00350777964177
17 57 0 8 0.00350148086224
2 68 0 8 0.00349621575297
51 74 0 8 0.00348849936174
31 53 0 8 0.00348650952272
67 81 0 8 0.00347901398698
23 34 0 8 0.00347628598188
15 55 0 8 0.00347312625066
12 71 0 8 0.00347061078034
16 37 0 8 0.003467116081
21 35 0 8 0.00346030783612
32 72 0 8 0.00345988680806
19 77 0 8 0.00345317246837
26 36 0 8 0.00345051269311
2 70 0 8 0.00344954677723
34 68 0 8 0.00344266079313
3 20 0 8 0.00343623149728
34 53 0 8 0.00343152292482
40 74 0 8 0.00342706421148
6 65 0 8 0.00341929932237
26 57 0 8 0.00341196687259
34 55 0 8 0.00340934323301
45 75 0 8 0.00340609696638
20 45 0 8 0.00340461516631
25 63 0 8 0.00340434391107
10 62 0 8 0.00339796810552
11 53 0 8 0.00339044142653
68 83 0 8 0.00338724365777
40 75 0 8 0.00338427102372
16 70 0 8 0.00337916258158
1 74 0 8 0.00337481774314
16 56 0 8 0.00337313291768
10 71 0 8 0.0033660714854
5 35 0 8 0.00336079971956
23 64 0 8 0.00335774625573
17 34 0 8 0.00335541336562
15 37 0 8 0.00335366173672
31 62 0 8 0.00335048821689
11 28 0 8 0.00334139058735
56 72 0 8 0.00334103707592
16 67 0 8 0.00333803472504
52 73 0 8 0.00333741399987
16 72 0 8 0.00333688194973
32 87 0 8 0.00333469859471
18 44 0 8 0.00332855862193
38 58 0 8 0.00332625045622
26 68 0 8 0.00332237657012
60 73 0 8 0.00332086647963
15 29 0 8 0.00331526093434
33 67 0 8 0.00331404064239
14 33 0 8 0.00330576795207
39 77 0 8 0.00330207260469
5 71 0 8 0.00329427657234
9 53 0 8 0.00329386291405
22 63 0 8 0.00329153834466
50 74 0 8 0.00327290874436
8 26 0 8 0.00327110624025
36 62 0 8 0.00326481910972
1 33 0 8 0.00326204331996
1 36 0 8 0.00325595422239
8 39 0 8 0.00325530282946
14 39 0 8 0.00325144106782
27 74 0 8 0.0032504385408
32 59 0 8 0.00324887567322
36 67 0 8 0.00323331498951
15 65 0 8 0.00322684195048
9 63 0 8 0.00321987989129
9 54 0 8 0.00321537244234
52 62 0 8 0.00319757800386
54 81 0 8 0.00318963861753
15 47 0 8 0.00318856358144
10 32 0 8 0.0031872719691
28 49 0 8 0.00317239191968
10 55 0 8 0.00317068950186
1 23 0 8 0.00316636558406
18 42 0 8 0.00316583305845
17 64 0 8 0.00316558795403
8 29 0 8 0.00316221117107
20 42 0 8 0.00316214246576
23 38 0 8 0.00316119437998
6 68 0 8 0.00316113351991
44 59 0 8 0.00315561664964
69 87 0 8 0.00315254749532
49 76 0 8 0.00315009692656
37 59 0 8 0.00314934425866
16 68 0 8 0.00313065260962
46 76 0 8 0.00312814022985
37 62 0 8 0.00311960127673
45 80 0 8 0.00311625159552
23 48 0 8 0.0030997433015
8 64 0 8 0.00309083039177
35 81 0 8 0.00309021133075
34 56 0 8 0.00308738704312
32 66 0 8 0.00308121925538
23 63 0 8 0.00307778042369
32 83 0 8 0.00307454319097
23 47 0 8 0.00307065551625
15 62 0 8 0.0030694221489
29 71 0 8 0.00306921603296
33 61 0 8 0.00305514499455
27 54 0 8 0.00305135336463
31 56 0 8 0.00303786691573
16 30 0 8 0.00301880796666
1 22 0 8 0.00300370373347
38 57 0 8 0.00300175003012
31 54 0 8 0.00299369153872
2 21 0 8 0.0029880500955
2 71 0 8 0.00298460460724
45 77 0 8 0.00296277105707
64 85 0 8 0.00294705227981
20 53 0 8 0.00294643987536
1 35 0 8 0.00294512187446
1 24 0 8 0.00293642245045
2 65 0 8 0.0029357071069
34 67 0 8 0.00293441787189
66 81 0 8 0.00293074487157
2 37 0 8 0.0029273172134
31 83 0 8 0.00291978673066
5 38 0 8 0.00291862872518
1 73 0 8 0.00291751327421
12 35 0 8 0.00291480119733
21 54 0 8 0.0029061222185
36 54 0 8 0.00290262133806
63 83 0 8 0.00290070258171
10 67 0 8 0.00289992281206
61 72 0 8 0.00289829504292
7 31 0 8 0.00289583187422
4 68 0 8 0.00289450507714
26 73 0 8 0.00289177445697
14 61 0 8 0.00288712127668
13 27 0 8 0.00287958152229
17 56 0 8 0.00287739317484
2 67 0 8 0.00287309112864
32 49 0 8 0.0028617252728
35 71 0 8 0.00286156171136
21 39 0 8 0.00286026677073
35 53 0 8 0.00286001738708
52 79 0 8 0.0028586898768
33 64 0 8 0.00285633582831
57 71 0 8 0.00285331707374
36 53 0 8 0.00285189732241
45 76 0 8 0.00284570790083
70 87 0 8 0.00281794334664
52 70 0 8 0.00281707490197
15 50 0 8 0.00281445673028
7 18 0 8 0.00280179617154
72 84 0 8 0.00280084261787
12 63 0 8 0.00279707285954
38 68 0 8 0.00279343813449
4 71 0 8 0.00279340033468
33 55 0 8 0.00278171448801
16 34 0 8 0.00278070150067
11 32 0 8 0.00277801034444
54 73 0 8 0.00277552863244
1 38 0 8 0.00277508858561
74 85 0 8 0.00275941973263
18 63 0 8 0.00275422689469
21 63 0 8 0.00275047567966
10 29 0 8 0.00274861279095
15 48 0 8 0.00273860677731
30 43 0 8 0.00273290566269
28 53 0 8 0.0027321900814
4 65 0 8 0.00272960661897
23 42 0 8 0.00272861526548
22 44 0 8 0.00272575103843
44 74 0 8 0.00272123241596
9 56 0 8 0.00272019779477
15 68 0 8 0.00271693084522
25 48 0 8 0.00270955774282
16 33 0 8 0.00270123560369
38 64 0 8 0.00269675169048
8 65 0 8 0.00269180181735
35 54 0 8 0.00268688855536
6 32 0 8 0.00267655423017
24 64 0 8 0.00265568421854
28 71 0 8 0.00265470475178
39 52 0 8 0.00264758055756
22 43 0 8 0.00264750614661
1 11 0 8 0.00263337781416
31 41 0 8 0.00262621011449
21 64 0 8 0.00262455785868
38 61 0 8 0.00262117560783
16 35 0 8 0.00261855886255
21 42 0 8 0.00261666649474
51 64 0 8 0.00260729095339
37 57 0 8 0.00260592516783
23 46 0 8 0.00260039308255
31 49 0 8 0.0025811819833
55 78 0 8 0.00258091120353
53 73 0 8 0.00258085866417
35 47 0 8 0.00257995241969
65 83 0 8 0.00257554624571
28 54 0 8 0.00257307142801
39 64 0 8 0.00257170968394
39 59 0 8 0.00256474049271
31 43 0 8 0.00256317120629
11 63 0 8 0.00255337630102
8 28 0 8 0.00255060788103
34 54 0 8 0.00254861352506
6 38 0 8 0.00254449691188
31 85 0 8 0.00254188325714
61 81 0 8 0.00254039670238
74 84 0 8 0.00253798963906
54 75 0 8 0.00253676031319
34 44 0 8 0.00251727914738
5 67 0 8 0.00250960388424
38 56 0 8 0.00250355472609
19 64 0 8 0.00250349410376
12 68 0 8 0.00249645549401
5 34 0 8 0.00249360434236
17 32 0 8 0.00248953337423
5 65 0 8 0.00248828003716
16 48 0 8 0.00246982968879
55 75 0 8 0.00245417296027
56 70 0 8 0.00244902743153
59 73 0 8 0.00242972052522
56 71 0 8 0.00242187005164
29 64 0 8 0.00241781120798
49 67 0 8 0.00241351462967
39 57 0 8 0.00241240868808
2 66 0 8 0.00241101508757
74 86 0 8 0.00241014949571
23 40 0 8 0.00239811061308
68 80 0 8 0.00239373201632
33 54 0 8 0.00239255808262
59 72 0 8 0.00239153154441
55 72 0 8 0.00237559143619
1 64 0 8 0.00236109818105
35 65 0 8 0.00235626574884
17 29 0 8 0.00235080522169
41 51 0 8 0.0023443982729
15 60 0 8 0.00234424517178
73 86 0 8 0.00233707937399
15 41 0 8 0.00233672895312
36 63 0 8 0.00233205295031
18 67 0 8 0.00232964018136
1 70 0 8 0.00232764558765
42 77 0 8 0.00232695330435
38 59 0 8 0.00232506497804
60 80 0 8 0.00231997912069
50 67 0 8 0.00230908231532
57 73 0 8 0.00230587622584
54 70 0 8 0.00230098887693
50 64 0 8 0.00229469081061
1 72 0 8 0.00228887344375
24 39 0 8 0.0022811789241
11 31 0 8 0.00227785182769
3 13 0 8 0.00226331221429
1 12 0 8 0.002261380858
44 79 0 8 0.00225769787282
16 58 0 8 0.00224992561394
18 55 0 8 0.00224531926738
14 30 0 8 0.00224121715601
19 54 0 8 0.00223714808976
34 65 0 8 0.00223370046188
35 68 0 8 0.00223211691138
32 54 0 8 0.00223017010234
55 71 0 8 0.00222888633524
29 48 0 8 0.00222570069094
37 56 0 8 0.00221627165929
10 35 0 8 0.00221216312909
56 82 0 8 0.00221017709383
4 20 0 8 0.00220466188771
32 75 0 8 0.00220329063425
19 75 0 8 0.00220186398862
33 53 0 8 0.00219671608253
12 33 0 8 0.00218873651904
1 69 0 8 0.00218785713857
15 30 0 8 0.00218319777719
59 71 0 8 0.00218242894333
35 56 0 8 0.00217721470928
62 83 0 8 0.00217464836374
33 63 0 8 0.00216841353484
16 59 0 8 0.00216774383633
6 35 0 8 0.00215551666786
32 60 0 8 0.00214939975534
14 32 0 8 0.00214654693956
6 34 0 8 0.00213815395551
1 21 0 8 0.00213106565921
16 31 0 8 0.00212547200066
16 71 0 8 0.00212290351551
15 61 0 8 0.00211512507553
45 58 0 8 0.00211298665236
55 82 0 8 0.002109198113
17 28 0 8 0.00210295068415
26 72 0 8 0.00209994429178
56 73 0 8 0.00209896244768
32 65 0 8 0.00208901158848
30 40 0 8 0.00208421220139
55 70 0 8 0.00208401868538
27 48 0 8 0.00208392311605
24 47 0 8 0.00208114637535
72 86 0 8 0.00207448909198
13 29 0 8 0.00206482874451
54 74 0 8 0.00206472960917
25 47 0 8 0.00206014156818
1 71 0 8 0.00205367827627
1 37 0 8 0.00205239022994
12 23 0 8 0.00203727197041
72 85 0 8 0.00203694270792
57 79 0 8 0.00203429244206
24 40 0 8 0.00202860868207
12 32 0 8 0.00202411644814
15 57 0 8 0.00202295630305
54 82 0 8 0.00202165922281
35 67 0 8 0.00201892598755
26 49 0 8 0.00200981765994
18 53 0 8 0.00199727145158
35 45 0 8 0.00199187439957
19 42 0 8 0.00198689267
31 59 0 8 0.00198137152052
53 69 0 8 0.00197388311681
19 43 0 8 0.00197004893239
32 68 0 8 0.00196891612679
20 44 0 8 0.00196634621523
10 26 0 8 0.00196346178073
16 54 0 8 0.00195469793063
57 75 0 8 0.00195212017383
36 56 0 8 0.00194779221455
12 64 0 8 0.00194743775219
15 71 0 8 0.00193847491819
42 79 0 8 0.00193500506212
47 75 0 8 0.00192885712523
18 64 0 8 0.00192337116047
15 59 0 8 0.00192311416931
23 68 0 8 0.00191432927969
6 71 0 8 0.00191421504819
56 77 0 8 0.00190696473574
52 71 0 8 0.00190409385212
32 55 0 8 0.00190377695183
54 71 0 8 0.00190261110111
24 38 0 8 0.00189596237618
73 85 0 8 0.00189295194232
46 57 0 8 0.00189247540322
15 35 0 8 0.00189218168206
28 39 0 8 0.00188566157157
34 64 0 8 0.00187542507419
17 31 0 8 0.00187033220367
11 64 0 8 0.001867138833
1 68 0 8 0.00186458199685
17 55 0 8 0.0018527498245
53 71 0 8 0.00184976684899
31 65 0 8 0.00184634335118
2 12 0 8 0.00184618133502
56 69 0 8 0.00183638690521
15 36 0 8 0.00183161759155
16 64 0 8 0.00182447223894
25 46 0 8 0.0018230496348
35 55 0 8 0.00182100844511
29 49 0 8 0.00180965911183
43 58 0 8 0.00180658484622
27 71 0 8 0.00180603211316
21 45 0 8 0.00180500058252
10 24 0 8 0.00179349624625
14 31 0 8 0.00179253235112
21 43 0 8 0.00179127877631
24 46 0 8 0.00178561974073
36 55 0 8 0.0017797727759
32 63 0 8 0.00175830105787
51 68 0 8 0.00175362945315
1 13 0 8 0.00174862371239
37 53 0 8 0.00174706619383
16 65 0 8 0.00173306136453
23 39 0 8 0.00172753973957
28 43 0 8 0.00171860174884
11 54 0 8 0.00171521046407
8 71 0 8 0.00171242385738
15 34 0 8 0.00170488386526
50 71 0 8 0.00170095458698
11 23 0 8 0.00169425997926
1 67 0 8 0.00169330523691
18 54 0 8 0.00169257146892
48 75 0 8 0.00168911623353
8 67 0 8 0.00168907130168
48 71 0 8 0.00168335271357
16 66 0 8 0.00167578645176
1 65 0 8 0.00167474386646
57 78 0 8 0.00167184813956
62 82 0 8 0.00166973039931
1 14 0 8 0.00166747988426
20 55 0 8 0.00166596147305
16 27 0 8 0.00166374852007
2 13 0 8 0.00164297609851
47 71 0 8 0.0016380771006
4 14 0 8 0.00163368887558
52 67 0 8 0.00162839832871
26 48 0 8 0.00162456996879
49 75 0 8 0.00161572445683
11 24 0 8 0.00161385336628
12 34 0 8 0.00160699828767
25 42 0 8 0.00160494176409
1 66 0 8 0.00160270551312
25 38 0 8 0.00158986843641
53 70 0 8 0.00157840689238
54 77 0 8 0.00157525155925
37 54 0 8 0.00157262435364
5 20 0 8 0.00155831332211
32 64 0 8 0.0015527395144
58 76 0 8 0.0015502883513
69 79 0 8 0.0015497099429
24 44 0 8 0.00154403961492
61 71 0 8 0.00153815556349
24 43 0 8 0.00153678644964
17 54 0 8 0.00152853444224
9 31 0 8 0.00152542332776
32 71 0 8 0.00150162811014
13 28 0 8 0.00149612217567
15 33 0 8 0.00149421007589
2 20 0 8 0.00148930430254
55 79 0 8 0.00148919993703
12 67 0 8 0.00148145466103
31 68 0 8 0.00147920343277
25 41 0 8 0.00147589761361
29 43 0 8 0.00146786943338
51 71 0 8 0.00146671416185
67 80 0 8 0.00146577130623
35 62 0 8 0.00146506832488
39 54 0 8 0.00145082968355
22 42 0 8 0.00143222397558
10 31 0 8 0.00142979587274
25 45 0 8 0.00142730964378
63 82 0 8 0.00141675149142
12 24 0 8 0.00141301311406
11 25 0 8 0.00141133791686
41 52 0 8 0.00141107557667
12 29 0 8 0.00141060379226
27 42 0 8 0.00140960483127
60 71 0 8 0.00140732709559
23 41 0 8 0.00140246375788
31 46 0 8 0.00140141285186
20 54 0 8 0.00140086166408
32 53 0 8 0.0013988902495
35 61 0 8 0.00139880644804
35 63 0 8 0.00139032787952
38 53 0 8 0.00138698663789
40 52 0 8 0.00138646980277
41 57 0 8 0.00138426291202
64 83 0 8 0.0013778269596
55 80 0 8 0.00137630569558
6 67 0 8 0.0013709838866
58 78 0 8 0.00135429515197
52 63 0 8 0.00134900210888
74 87 0 8 0.00134576237995
35 64 0 8 0.00134167251192
15 67 0 8 0.0013367593688
68 81 0 8 0.00133408342759
71 87 0 8 0.00132560248172
15 31 0 8 0.00132058675609
25 44 0 8 0.00132044126249
38 54 0 8 0.00131937288298
28 41 0 8 0.00131034502855
37 55 0 8 0.00130587763789
57 67 0 8 0.0013039033705
23 43 0 8 0.00129499367019
51 67 0 8 0.00129398032625
6 19 0 8 0.00127598179258
5 19 0 8 0.0012749441997
55 65 0 8 0.00125149761994
29 47 0 8 0.00125079974988
19 55 0 8 0.00124693299581
12 28 0 8 0.00124462019428
24 41 0 8 0.00124072419885
55 69 0 8 0.00122059687027
15 25 0 8 0.00121882978862
57 68 0 8 0.00121610974763
2 14 0 8 0.00121356337181
23 45 0 8 0.00120189155148
42 58 0 8 0.00120072855358
49 74 0 8 0.00119945001664
39 56 0 8 0.00119834359958
57 77 0 8 0.001194480887
52 64 0 8 0.00118967127732
28 38 0 8 0.00118794401623
60 79 0 8 0.00117516886939
4 19 0 8 0.00116679514185
59 79 0 8 0.00116659912963
54 76 0 8 0.00116454486453
30 45 0 8 0.00116386850946
61 80 0 8 0.00115968556831
7 17 0 8 0.00115732129722
23 44 0 8 0.00114450002987
13 23 0 8 0.00113710434267
31 71 0 8 0.00113694030576
54 80 0 8 0.00112987673387
55 66 0 8 0.00112057631667
40 56 0 8 0.00110775350404
3 19 0 8 0.00108881544303
60 78 0 8 0.00107836403353
24 45 0 8 0.001073317759
25 40 0 8 0.0010651686907
53 74 0 8 0.00106454035802
54 69 0 8 0.00105505272479
53 80 0 8 0.00105331785618
12 27 0 8 0.00105284500197
28 46 0 8 0.00105048477237
53 63 0 8 0.00104467964885
56 68 0 8 0.00103556525901
58 77 0 8 0.00102637657709
54 78 0 8 0.00102333333585
13 25 0 8 0.00101999245082
73 87 0 8 0.00101202786461
49 70 0 8 0.0010083755472
14 29 0 8 0.00100741581242
60 74 0 8 0.00100732511665
33 44 0 8 0.000994852606028
44 58 0 8 0.000989437723928
16 28 0 8 0.000989349167771
40 53 0 8 0.000988836493001
30 42 0 8 0.00097708396176
75 87 0 8 0.000974334798279
26 47 0 8 0.000971988713896
64 82 0 8 0.000970450451849
11 27 0 8 0.00096861466489
76 86 0 8 0.000946584508172
77 87 0 8 0.000945855851472
11 26 0 8 0.000936673291221
12 31 0 8 0.000934678222047
13 26 0 8 0.00093421446118
65 81 0 8 0.000925444489413
26 46 0 8 0.00092470977048
14 24 0 8 0.000922764863316
28 40 0 8 0.00090908751349
1 15 0 8 0.000903337901005
1 20 0 8 0.000895724151702
13 24 0 8 0.000888918224737
53 64 0 8 0.000885393927433
29 41 0 8 0.000883720632106
27 46 0 8 0.000881874860291
16 29 0 8 0.000874764454674
24 42 0 8 0.00086794051931
57 76 0 8 0.000864946667441
1 16 0 8 0.000863015251719
33 45 0 8 0.000862716240964
31 42 0 8 0.000853655163119
63 81 0 8 0.000852549934736
59 74 0 8 0.000847436381303
1 19 0 8 0.000846799490179
15 58 0 8 0.000832584087408
62 81 0 8 0.000829942914892
39 53 0 8 0.000828660752496
54 68 0 8 0.000827295382973
27 37 0 8 0.000818807661667
42 52 0 8 0.000817487937197
57 74 0 8 0.000813693335597
61 73 0 8 0.000811384872722
26 43 0 8 0.000809904558496
14 27 0 8 0.000808823638481
17 27 0 8 0.000804921283651
6 18 0 8 0.000803165791569
15 32 0 8 0.000795309731226
28 47 0 8 0.000793372074969
27 47 0 8 0.000790709803503
58 75 0 8 0.000789865429463
45 57 0 8 0.000781957959002
32 43 0 8 0.000780717281302
31 47 0 8 0.000776456541489
5 17 0 8 0.000772639117363
59 76 0 8 0.000770685889487
3 14 0 8 0.000769536977362
3 18 0 8 0.000769530320792
43 57 0 8 0.000766899668033
3 17 0 8 0.000760667157042
59 78 0 8 0.000756629471763
54 66 0 8 0.000751741587946
31 45 0 8 0.000750822862395
2 19 0 8 0.0007505407308
32 67 0 8 0.000746641823123
26 42 0 8 0.000744436002183
53 66 0 8 0.00073852675088
56 75 0 8 0.000735907628252
55 77 0 8 0.000730504335716
54 79 0 8 0.000724205675058
54 67 0 8 0.000719482303618
60 77 0 8 0.000713059307739
60 75 0 8 0.00069402139818
25 39 0 8 0.000693399662639
49 71 0 8 0.00068584065174
53 68 0 8 0.000684975713653
62 72 0 8 0.000682414836014
27 38 0 8 0.000681134694363
60 76 0 8 0.000674235991451
44 55 0 8 0.000663574781117
3 15 0 8 0.000662823004723
14 28 0 8 0.000659369492911
26 44 0 8 0.000655796103402
42 55 0 8 0.000653256800182
67 79 0 8 0.000652878980391
56 74 0 8 0.000650049462599
53 67 0 8 0.000643740460484
55 68 0 8 0.0006386898473
76 87 0 8 0.000637126801416
40 55 0 8 0.000634805322569
26 40 0 8 0.000631634061218
6 17 0 8 0.000630992534268
56 66 0 8 0.000621937756391
4 18 0 8 0.000616730000604
75 85 0 8 0.000614614756564
62 80 0 8 0.000613690503683
29 39 0 8 0.000609998127982
14 26 0 8 0.000605373119253
2 16 0 8 0.000598777825187
56 67 0 8 0.000597479615702
27 45 0 8 0.00059670044039
12 25 0 8 0.00059561862887
40 54 0 8 0.000590447840821
1 18 0 8 0.000577900800383
41 56 0 8 0.000572230294102
32 47 0 8 0.000570833008702
27 39 0 8 0.000559167310043
27 40 0 8 0.000551068284888
29 46 0 8 0.000548334158123
68 79 0 8 0.000540676725079
26 38 0 8 0.000534903517429
2 15 0 8 0.000527660990781
26 45 0 8 0.000521523870818
26 41 0 8 0.000513656042609
3 16 0 8 0.000513267643626
61 75 0 8 0.000512068153455
4 16 0 8 0.000510918052657
61 76 0 8 0.000509805811101
59 77 0 8 0.000506236106479
12 26 0 8 0.000503620074402
63 80 0 8 0.000502864137652
61 79 0 8 0.000499593265484
75 86 0 8 0.00049593345943
30 44 0 8 0.000494032117141
45 56 0 8 0.000490306101987
42 54 0 8 0.000489810068642
59 75 0 8 0.000489766206599
2 18 0 8 0.000484816927809
27 44 0 8 0.000484617409005
32 42 0 8 0.000483730242728
15 27 0 8 0.000482363684532
1 17 0 8 0.000475118483369
44 54 0 8 0.000468264831174
62 73 0 8 0.0004604092463
43 53 0 8 0.000458653873085
14 25 0 8 0.00045840775829
41 54 0 8 0.000453828632348
41 53 0 8 0.000441746273999
64 74 0 8 0.000439797444214
46 56 0 8 0.000438445328398
42 57 0 8 0.000436055560272
64 81 0 8 0.000431968931373
6 16 0 8 0.000431583236622
4 15 0 8 0.000425726851562
61 78 0 8 0.000420667739364
54 65 0 8 0.00041826436093
42 56 0 8 0.000415304029647
26 39 0 8 0.000413726630534
4 17 0 8 0.000410186731893
41 55 0 8 0.000410154607999
29 40 0 8 0.000409272642168
15 28 0 8 0.000408028428166
29 45 0 8 0.000392548693098
2 17 0 8 0.000389684139162
61 74 0 8 0.000389283645429
32 45 0 8 0.000383567107776
32 46 0 8 0.000380509067552
28 42 0 8 0.000377026076644
61 77 0 8 0.000376374445971
42 53 0 8 0.000374235903936
15 26 0 8 0.000364992959084
55 67 0 8 0.000364336484567
5 18 0 8 0.000358500901289
31 44 0 8 0.000349990803209
53 65 0 8 0.000335350182303
67 78 0 8 0.000334396985227
27 41 0 8 0.000310804792998
66 79 0 8 0.000307410774281
67 77 0 8 0.000295018677402
28 44 0 8 0.000291213407459
54 64 0 8 0.000280904549592
62 79 0 8 0.000278452554422
68 78 0 8 0.000274862790939
28 45 0 8 0.000269317927419
64 75 0 8 0.000265000250158
29 44 0 8 0.00026174269113
63 73 0 8 0.000259671606302
29 42 0 8 0.000255395086852
63 74 0 8 0.000241608022485
5 15 0 8 0.00023683799562
43 56 0 8 0.000235127673122
27 43 0 8 0.000232065888577
44 56 0 8 0.000222520158933
65 80 0 8 0.000220122634715
39 55 0 8 0.000216931463088
32 44 0 8 0.000215467166234
62 75 0 8 0.000208608046141
64 80 0 8 0.000204839357618
43 55 0 8 0.000204194383515
63 79 0 8 0.000202311257644
44 57 0 8 0.000202273963021
43 54 0 8 0.000201573507594
5 16 0 8 0.000201256637024
45 55 0 8 0.00017862186166
62 76 0 8 0.000174971030089
66 78 0 8 0.000171798104596
63 78 0 8 0.000159513166609
62 78 0 8 0.000158703427536
62 77 0 8 0.000140460992971
16 26 0 8 0.000132783411916
63 75 0 8 0.000131741940994
62 74 0 8 0.000126798991888
63 77 0 8 0.000119604413348
63 76 0 8 9.9659412377e-05
65 75 0 8 9.71843569463e-05
66 76 0 8 9.22949575709e-05
66 77 0 8 6.17827183155e-05
65 79 0 8 5.13335301422e-05
65 76 0 8 4.90257804707e-05
64 79 0 8 4.81294465519e-05
64 78 0 8 2.66248542796e-05
64 76 0 8 9.76165956842e-06
65 78 0 8 7.07525060557e-06
64 77 0 8 1.13652763556e-06
65 77 0 8 0.0
