7 20 0 8 1.0
46 62 0 8 0.966661086029
6 23 0 8 0.93753593355
9 20 0 8 0.920396408116
6 22 0 8 0.919204240687
44 62 0 8 0.875702699525
7 22 0 8 0.856617372359
46 60 0 8 0.849492847231
49 61 0 8 0.845450466501
8 47 0 8 0.805929999642
5 22 0 8 0.801081373237
47 61 0 8 0.79666245889
9 46 0 8 0.779456649426
60 72 0 8 0.773889420963
12 43 0 8 0.761252421005
10 45 0 8 0.742166778801
8 45 0 8 0.736614735178
8 21 0 8 0.715162463259
8 23 0 8 0.706788874809
6 47 0 8 0.701928970037
48 60 0 8 0.690505245066
46 61 0 8 0.68480311726
10 21 0 8 0.659604474473
13 42 0 8 0.653781750057
6 26 0 8 0.653384675951
10 20 0 8 0.649517645465
45 63 0 8 0.646683940165
5 23 0 8 0.637372861138
5 24 0 8 0.636366818258
21 36 0 8 0.623646711231
33 70 0 8 0.601378616477
12 42 0 8 0.572576126088
6 24 0 8 0.561487664734
46 63 0 8 0.549830748512
9 22 0 8 0.531509577923
6 28 0 8 0.517807244901
4 24 0 8 0.504510019458
45 62 0 8 0.499902523265
10 43 0 8 0.494131622627
8 46 0 8 0.491529564891
9 21 0 8 0.488603395889
49 60 0 8 0.465866461335
8 28 0 8 0.45907997216
10 44 0 8 0.454618811195
44 63 0 8 0.447381124358
8 20 0 8 0.433961475083
6 48 0 8 0.429967736246
7 80 0 8 0.406754243458
5 84 0 8 0.405422073067
7 21 0 8 0.4037153538
12 41 0 8 0.398661543036
54 73 0 8 0.378969357851
11 43 0 8 0.370608370927
51 80 0 8 0.369742740557
11 44 0 8 0.369480534291
9 79 0 8 0.368228793144
20 30 0 8 0.358440494302
44 64 0 8 0.355849620421
6 25 0 8 0.355306242591
9 19 0 8 0.351952377775
47 60 0 8 0.351013280504
19 62 0 8 0.349079607742
60 80 0 8 0.345658293253
5 27 0 8 0.338003243853
11 21 0 8 0.337877890167
28 47 0 8 0.330434766941
59 78 0 8 0.321879495979
42 69 0 8 0.320208313018
7 23 0 8 0.319802417844
47 58 0 8 0.317620873052
48 59 0 8 0.312873027356
58 78 0 8 0.305498361924
47 71 0 8 0.305120883193
13 43 0 8 0.303460254009
42 63 0 8 0.300646585137
59 79 0 8 0.296511016117
6 27 0 8 0.288420772994
7 48 0 8 0.280929826974
8 22 0 8 0.277448497715
60 78 0 8 0.276120485828
59 81 0 8 0.275766162402
10 46 0 8 0.268124155582
61 76 0 8 0.266475844391
9 47 0 8 0.26603365682
8 48 0 8 0.252649354827
57 80 0 8 0.252137748597
43 63 0 8 0.247341843828
47 63 0 8 0.242116857077
44 61 0 8 0.240627829183
48 58 0 8 0.239951473744
33 45 0 8 0.238389750793
48 61 0 8 0.238159788683
8 79 0 8 0.237902244982
58 73 0 8 0.23509213604
59 73 0 8 0.233801960237
14 42 0 8 0.229707220164
6 83 0 8 0.229594152966
7 24 0 8 0.228085009885
3 23 0 8 0.222893354172
18 66 0 8 0.21815065935
58 81 0 8 0.213988186071
13 41 0 8 0.209603453366
19 30 0 8 0.209602776034
20 33 0 8 0.209566152847
59 80 0 8 0.205989524542
68 81 0 8 0.204867799647
8 33 0 8 0.204006422292
68 80 0 8 0.203754517774
62 72 0 8 0.203162939105
10 77 0 8 0.200138430939
19 31 0 8 0.198215658498
7 26 0 8 0.197258478036
56 73 0 8 0.19706098061
11 22 0 8 0.193367173859
9 23 0 8 0.192831861007
4 25 0 8 0.188221308944
10 78 0 8 0.18714565838
5 21 0 8 0.187101159239
49 59 0 8 0.185774927317
20 61 0 8 0.184392130293
6 81 0 8 0.182804605716
8 50 0 8 0.179448456873
12 39 0 8 0.174813694126
59 71 0 8 0.174479989949
23 79 0 8 0.173342103595
7 47 0 8 0.173161933267
8 81 0 8 0.169166650744
8 63 0 8 0.167415227561
5 25 0 8 0.162611194808
6 49 0 8 0.161261082993
30 45 0 8 0.160755667263
60 82 0 8 0.160442661092
9 78 0 8 0.158103156164
43 64 0 8 0.157778099784
7 81 0 8 0.156656500903
69 79 0 8 0.155739881606
9 45 0 8 0.155565318958
42 62 0 8 0.149298548246
60 71 0 8 0.149066191846
19 33 0 8 0.145883928319
18 63 0 8 0.145830056792
10 79 0 8 0.145307219451
28 77 0 8 0.144728510091
63 79 0 8 0.144665691481
30 77 0 8 0.144423490138
18 30 0 8 0.143806283114
4 84 0 8 0.141922197359
19 61 0 8 0.141730433627
43 62 0 8 0.141435746926
47 59 0 8 0.13868461313
62 73 0 8 0.138490754394
6 84 0 8 0.137699425775
60 77 0 8 0.137217370125
66 82 0 8 0.134053048021
42 65 0 8 0.133256946574
61 71 0 8 0.132546015696
6 45 0 8 0.132401554944
5 26 0 8 0.13197860833
11 78 0 8 0.129635236308
45 61 0 8 0.12935691584
3 24 0 8 0.129252244409
19 29 0 8 0.127847000915
37 78 0 8 0.127229644248
47 62 0 8 0.127099564989
20 32 0 8 0.126569340003
64 74 0 8 0.126261910009
50 60 0 8 0.125885226749
43 81 0 8 0.125737970034
30 59 0 8 0.122132303086
19 81 0 8 0.121065638986
44 82 0 8 0.119860854278
4 26 0 8 0.118096427895
13 39 0 8 0.117339682591
19 63 0 8 0.117168664122
8 29 0 8 0.116418266837
10 70 0 8 0.114818912578
42 64 0 8 0.114458886961
3 84 0 8 0.114401573642
5 82 0 8 0.1142425345
45 64 0 8 0.114018857402
17 83 0 8 0.113429893549
5 28 0 8 0.113392695418
5 83 0 8 0.113282754974
8 78 0 8 0.11326868852
21 79 0 8 0.112817419974
7 51 0 8 0.111928673678
60 81 0 8 0.111923058123
36 70 0 8 0.111693489811
58 83 0 8 0.110655076759
17 51 0 8 0.110186874911
19 32 0 8 0.110002837491
59 72 0 8 0.109928275832
4 83 0 8 0.109637408969
8 30 0 8 0.108763587607
7 28 0 8 0.10823488268
54 78 0 8 0.10809505299
39 62 0 8 0.107993311414
8 62 0 8 0.106716130935
3 82 0 8 0.106660558202
11 45 0 8 0.105012648685
47 77 0 8 0.104276420242
9 26 0 8 0.104231535179
18 82 0 8 0.10405086079
7 29 0 8 0.103833413572
8 77 0 8 0.103458273999
28 45 0 8 0.102185196892
47 81 0 8 0.101791706346
5 81 0 8 0.101231481851
18 62 0 8 0.101139215048
23 60 0 8 0.100901770782
7 46 0 8 0.100781993271
10 71 0 8 0.100239032867
46 81 0 8 0.100104865988
10 33 0 8 0.100081561039
60 73 0 8 0.0999259164331
28 70 0 8 0.0998277741683
8 24 0 8 0.099685203646
3 50 0 8 0.0990907187499
7 79 0 8 0.098952558762
4 81 0 8 0.0983787167417
69 80 0 8 0.0979986625735
47 57 0 8 0.097130173232
60 84 0 8 0.0970063632326
69 81 0 8 0.0956370734697
4 23 0 8 0.095425344194
11 42 0 8 0.0954032600185
59 76 0 8 0.0951806382981
20 62 0 8 0.0950223237435
6 29 0 8 0.0949304979939
8 80 0 8 0.0948568735744
45 70 0 8 0.0947154529415
34 45 0 8 0.0939886913951
41 64 0 8 0.093747120129
20 63 0 8 0.0936630206905
23 77 0 8 0.0936046204904
63 73 0 8 0.0929698737165
41 63 0 8 0.0928594528392
21 77 0 8 0.0927350442672
10 47 0 8 0.0925161872529
61 72 0 8 0.0922369295462
5 80 0 8 0.0920155443506
10 60 0 8 0.0917315925752
11 37 0 8 0.0910843781659
8 27 0 8 0.0908432794571
9 77 0 8 0.0905125208861
21 60 0 8 0.0899715609744
3 27 0 8 0.0899487600871
18 33 0 8 0.0893683180172
33 47 0 8 0.0893277017216
40 65 0 8 0.089310272235
30 70 0 8 0.0892799734394
42 66 0 8 0.0892650957619
30 78 0 8 0.0886857326978
17 63 0 8 0.0882176174861
7 84 0 8 0.0882011331141
56 79 0 8 0.0878558040279
3 25 0 8 0.0876259364297
61 74 0 8 0.0874687717644
44 60 0 8 0.0873446309748
12 38 0 8 0.0873317065341
9 28 0 8 0.0865999752607
4 27 0 8 0.0863006732506
9 60 0 8 0.0862770138843
4 49 0 8 0.085419487871
4 50 0 8 0.085324456608
3 83 0 8 0.0852818240681
61 81 0 8 0.0848808198619
48 82 0 8 0.0846119584147
46 70 0 8 0.084605712783
9 48 0 8 0.0844926062053
12 78 0 8 0.0836031747017
10 22 0 8 0.0824496782069
47 70 0 8 0.0821152258134
62 77 0 8 0.0819978662204
6 30 0 8 0.0816585228594
4 22 0 8 0.0811107423714
10 72 0 8 0.0810912415089
10 82 0 8 0.0802328885204
59 77 0 8 0.0801808757191
6 21 0 8 0.0801727477344
3 26 0 8 0.0801667147535
8 19 0 8 0.0797595594271
7 27 0 8 0.0794513890926
23 59 0 8 0.0787932271071
19 53 0 8 0.0787582736225
8 36 0 8 0.0783525359678
51 78 0 8 0.0783290656244
6 46 0 8 0.0782818177754
28 79 0 8 0.0782270326383
18 32 0 8 0.0780633781867
3 29 0 8 0.0776142046449
23 58 0 8 0.0772973077532
10 59 0 8 0.0764626928905
63 75 0 8 0.0752186386748
3 30 0 8 0.0749260154738
58 74 0 8 0.074897803806
7 63 0 8 0.0747041892248
2 24 0 8 0.0745287996016
11 77 0 8 0.0745210339108
30 81 0 8 0.0742472184884
58 77 0 8 0.0741938195191
36 81 0 8 0.0740047414875
56 74 0 8 0.0739386071004
10 76 0 8 0.0735225361939
46 59 0 8 0.0734584416789
37 70 0 8 0.0729641310438
43 65 0 8 0.0725351672003
37 77 0 8 0.0719043111478
33 79 0 8 0.0717586847553
9 73 0 8 0.0716802087481
18 83 0 8 0.0715046694817
9 58 0 8 0.071113376327
61 78 0 8 0.0709832655642
15 39 0 8 0.0708072773684
30 71 0 8 0.0705516475242
19 83 0 8 0.0704796376753
10 69 0 8 0.0703511257312
11 46 0 8 0.07005647841
17 36 0 8 0.0699221933915
8 61 0 8 0.0699185940805
10 62 0 8 0.069708534507
19 70 0 8 0.0696830951751
56 80 0 8 0.069599602185
62 76 0 8 0.0695495347444
6 82 0 8 0.0694643326722
14 40 0 8 0.0694118236858
18 71 0 8 0.0693182888542
18 81 0 8 0.0692575652476
3 32 0 8 0.0687675627593
22 59 0 8 0.0685582671534
37 73 0 8 0.0684901401499
63 78 0 8 0.0681700850006
60 79 0 8 0.0677062228042
3 48 0 8 0.0676098290012
29 79 0 8 0.0672910103767
45 81 0 8 0.0668614322088
51 82 0 8 0.066733227427
4 32 0 8 0.0666694873299
9 81 0 8 0.0663850629972
61 80 0 8 0.0662014036221
47 79 0 8 0.0659717565506
10 80 0 8 0.0646696801806
19 64 0 8 0.064668912275
46 64 0 8 0.0646670732398
4 82 0 8 0.0640862137443
18 64 0 8 0.0639932932371
11 58 0 8 0.0637340325779
21 59 0 8 0.0637273065131
5 48 0 8 0.0635557288517
33 69 0 8 0.0634465878168
30 66 0 8 0.0634433114199
6 80 0 8 0.0631749422198
18 37 0 8 0.0631142973727
45 60 0 8 0.0630014467635
62 80 0 8 0.0629820719163
4 63 0 8 0.0624226940858
9 30 0 8 0.0620410568509
12 76 0 8 0.061681232071
12 58 0 8 0.0615695667929
48 80 0 8 0.0615253275584
9 70 0 8 0.0614674983649
63 77 0 8 0.0612986851634
4 29 0 8 0.0612468416951
45 71 0 8 0.0610291148803
22 61 0 8 0.0607539684216
13 37 0 8 0.0605752236419
20 81 0 8 0.0605539979454
11 60 0 8 0.0599890045596
12 77 0 8 0.0598003990853
19 82 0 8 0.0597418177382
2 26 0 8 0.059705765558
49 78 0 8 0.0592039688284
5 49 0 8 0.0590376404904
44 81 0 8 0.0589927672416
2 23 0 8 0.0587540116291
12 37 0 8 0.0587485102751
19 80 0 8 0.0587094849223
33 77 0 8 0.0586089798712
7 50 0 8 0.0585435740099
22 79 0 8 0.058534441841
10 57 0 8 0.0584946643345
23 69 0 8 0.0584916439061
31 75 0 8 0.0584810783136
8 70 0 8 0.058356252316
11 59 0 8 0.058291141803
8 26 0 8 0.0581592195708
7 49 0 8 0.0579715867768
9 36 0 8 0.0579664555926
23 54 0 8 0.0577008232866
28 59 0 8 0.0575868464159
8 60 0 8 0.057576863644
4 28 0 8 0.0572230403412
9 62 0 8 0.0569604284636
8 84 0 8 0.0569060371241
5 29 0 8 0.0567167582557
18 65 0 8 0.0566752874191
50 78 0 8 0.0561142635142
28 81 0 8 0.0560825312949
8 71 0 8 0.0559801872085
41 65 0 8 0.0558610122081
8 37 0 8 0.0557178667412
46 58 0 8 0.055697275059
2 22 0 8 0.0553362216303
63 74 0 8 0.0551148088689
57 81 0 8 0.0549448851578
64 79 0 8 0.0547150963192
13 57 0 8 0.0546933704996
18 84 0 8 0.0546071681813
30 47 0 8 0.0540902693096
36 63 0 8 0.0539017662227
5 85 0 8 0.0538734718573
23 72 0 8 0.05364654199
61 79 0 8 0.0534310204424
23 47 0 8 0.0533020950107
21 62 0 8 0.0532945774124
30 76 0 8 0.0532526103907
6 33 0 8 0.0532269820358
23 78 0 8 0.0530875303914
19 65 0 8 0.052940005894
6 62 0 8 0.0529093290525
8 25 0 8 0.0527937376113
6 50 0 8 0.0527155215105
7 77 0 8 0.0522742711785
4 85 0 8 0.0522326861405
48 62 0 8 0.0521654766857
3 28 0 8 0.0518602755859
12 75 0 8 0.0515653998621
21 81 0 8 0.0514509386202
58 80 0 8 0.0513764439078
8 64 0 8 0.0504810503069
4 31 0 8 0.050263323492
28 56 0 8 0.0501848986784
6 20 0 8 0.0499500180354
2 28 0 8 0.0499154465346
44 65 0 8 0.049819505599
45 66 0 8 0.0494020327726
11 69 0 8 0.0493941292526
48 81 0 8 0.0493075016328
10 58 0 8 0.0484467031605
6 32 0 8 0.0483057393329
12 70 0 8 0.0482303349478
33 44 0 8 0.0481846229098
21 33 0 8 0.0481737501551
22 60 0 8 0.048169820054
3 85 0 8 0.0477884190977
6 63 0 8 0.0477405687382
12 44 0 8 0.0476652470505
20 70 0 8 0.0475461547476
44 66 0 8 0.0472804830618
7 32 0 8 0.0472162743455
68 79 0 8 0.0469389580615
48 63 0 8 0.0468468605914
17 32 0 8 0.0466518519664
51 77 0 8 0.0465492085938
63 81 0 8 0.0465154640681
7 45 0 8 0.0464604072106
28 78 0 8 0.0464478686915
5 50 0 8 0.0464161640381
2 85 0 8 0.0463224086797
19 46 0 8 0.0462557938594
9 59 0 8 0.0460226656162
18 80 0 8 0.0458264874119
9 71 0 8 0.0458238686572
17 81 0 8 0.0455610677566
60 76 0 8 0.0455013286443
62 79 0 8 0.045495027881
51 79 0 8 0.0453927468022
33 46 0 8 0.0453620738987
23 56 0 8 0.0452459075128
17 84 0 8 0.0451306114198
3 81 0 8 0.0450678479411
2 27 0 8 0.0448631203886
45 83 0 8 0.0448608875556
30 46 0 8 0.0445521816562
17 62 0 8 0.0444888392949
10 37 0 8 0.0444653650135
26 49 0 8 0.0443750317572
9 44 0 8 0.0443465641209
28 71 0 8 0.0443214752689
41 66 0 8 0.0441846660071
13 44 0 8 0.0441314009291
7 25 0 8 0.0438134998533
56 81 0 8 0.0436684877852
3 31 0 8 0.0435852507637
11 71 0 8 0.0435418503182
58 79 0 8 0.043473845392
21 78 0 8 0.0432768914063
62 78 0 8 0.0432522317938
43 69 0 8 0.0430123499199
23 70 0 8 0.0429670356176
19 71 0 8 0.042875213806
45 65 0 8 0.0427856248274
12 60 0 8 0.0427541367627
21 70 0 8 0.0426018000572
28 73 0 8 0.0424974279127
21 61 0 8 0.0424933954241
10 23 0 8 0.0423311389545
8 38 0 8 0.0422978157924
8 43 0 8 0.042275022781
61 73 0 8 0.0421638064323
19 34 0 8 0.0421467392396
29 54 0 8 0.0415601618015
23 36 0 8 0.0414263454023
4 64 0 8 0.0413629321573
9 63 0 8 0.0412463759117
5 47 0 8 0.0412235317066
13 73 0 8 0.0409651767822
60 74 0 8 0.0409255804227
23 81 0 8 0.0409119825878
11 75 0 8 0.0408502036033
28 80 0 8 0.0406643901548
46 80 0 8 0.0406108139766
18 31 0 8 0.0405408439998
10 61 0 8 0.0405198270161
18 85 0 8 0.0400459820478
2 84 0 8 0.0398013942913
33 43 0 8 0.0397347597811
4 48 0 8 0.0395269566685
12 69 0 8 0.0394970280427
5 30 0 8 0.039291812181
48 79 0 8 0.0392776472774
33 73 0 8 0.0392271702872
30 69 0 8 0.0390589241544
9 42 0 8 0.0389331254765
10 36 0 8 0.0386786967153
17 70 0 8 0.0386163073444
28 48 0 8 0.038508981717
40 64 0 8 0.0384731618775
34 66 0 8 0.0381898244265
23 57 0 8 0.0381634202901
30 73 0 8 0.0380810653754
11 79 0 8 0.0378727582017
8 49 0 8 0.0377675236402
45 67 0 8 0.0375017338151
29 77 0 8 0.037451229259
6 66 0 8 0.0374478307848
6 79 0 8 0.0371950677878
8 59 0 8 0.0371535496955
14 75 0 8 0.0368678376443
29 71 0 8 0.0368040069738
43 66 0 8 0.0367249008902
10 75 0 8 0.0365085484293
8 58 0 8 0.0364810810392
43 61 0 8 0.0363865183955
46 71 0 8 0.0363862742409
15 83 0 8 0.0360182466548
40 66 0 8 0.0359247630169
10 56 0 8 0.0359039941257
2 29 0 8 0.0358451725621
6 85 0 8 0.0358072970985
49 79 0 8 0.0357920728791
56 78 0 8 0.0357102889711
47 69 0 8 0.0356084489458
64 78 0 8 0.0356071415374
33 63 0 8 0.0355613192361
30 44 0 8 0.0355331666379
12 73 0 8 0.0354826620818
46 72 0 8 0.035209437356
14 39 0 8 0.0351726369602
2 32 0 8 0.0350709032602
7 30 0 8 0.0349852758866
30 63 0 8 0.0349476878953
11 70 0 8 0.0349447737923
60 75 0 8 0.0349167275195
6 71 0 8 0.0343610159457
6 31 0 8 0.0343211360518
13 59 0 8 0.0341517203398
70 81 0 8 0.0338418409232
10 30 0 8 0.0338018232001
47 64 0 8 0.0336739531463
3 22 0 8 0.0335651035218
6 77 0 8 0.0330163897333
64 76 0 8 0.0328225821912
20 60 0 8 0.0323865752757
19 37 0 8 0.0322288888285
20 79 0 8 0.0320230192626
11 76 0 8 0.0318200854586
61 77 0 8 0.0318080923494
37 63 0 8 0.0315607322571
7 70 0 8 0.0315055119734
29 45 0 8 0.0313470024889
63 76 0 8 0.031239422862
46 79 0 8 0.0311947228842
42 67 0 8 0.0311474258104
11 61 0 8 0.0310838412635
33 54 0 8 0.0310173524585
10 63 0 8 0.0310093288302
2 25 0 8 0.0309564457359
48 78 0 8 0.0309463901115
26 65 0 8 0.030936667246
21 63 0 8 0.0308050285482
70 80 0 8 0.0307922124018
6 78 0 8 0.0307901607157
3 80 0 8 0.0307388390294
26 77 0 8 0.030722575184
12 59 0 8 0.0305190113038
27 76 0 8 0.0304738584585
14 60 0 8 0.0304687292434
30 58 0 8 0.030416385652
49 62 0 8 0.0303156502293
46 65 0 8 0.0303034602212
37 64 0 8 0.0301415325726
17 37 0 8 0.0300197939491
37 62 0 8 0.0298345318173
27 74 0 8 0.0297798451296
43 83 0 8 0.029670666684
3 51 0 8 0.0295683029078
49 80 0 8 0.0295559356907
29 70 0 8 0.0294650117379
3 47 0 8 0.0294279750635
19 36 0 8 0.0292924751791
57 84 0 8 0.0292370914694
10 28 0 8 0.0288936959299
11 63 0 8 0.0287911746346
58 84 0 8 0.028748833505
7 82 0 8 0.0286942649566
7 33 0 8 0.0285324219745
21 80 0 8 0.0284999572914
6 65 0 8 0.0284932135057
55 77 0 8 0.0283424027664
47 78 0 8 0.0282293591963
36 78 0 8 0.0282210480956
54 81 0 8 0.028035583158
12 45 0 8 0.0280112956844
7 78 0 8 0.0279849742456
6 73 0 8 0.0278567300839
44 71 0 8 0.0278205125087
1 23 0 8 0.0277851790094
13 78 0 8 0.0277819183643
33 78 0 8 0.0276942373356
22 70 0 8 0.0276093286428
30 43 0 8 0.0275546773969
7 62 0 8 0.0275321344471
8 72 0 8 0.0273401541264
27 63 0 8 0.0273298070916
57 85 0 8 0.0273190032515
28 57 0 8 0.0272867354672
10 42 0 8 0.0272154442992
10 74 0 8 0.0271898553241
4 80 0 8 0.0271249732137
34 44 0 8 0.0270967064142
1 85 0 8 0.027096393345
20 59 0 8 0.027081954752
34 59 0 8 0.0270734605355
2 49 0 8 0.0270459360447
21 37 0 8 0.026976970252
13 58 0 8 0.0269321600108
1 27 0 8 0.0268491868337
18 36 0 8 0.0267343199802
9 43 0 8 0.0267220945304
17 71 0 8 0.0266508191142
12 68 0 8 0.0266507442926
10 73 0 8 0.0265960753258
18 69 0 8 0.0265889397113
22 78 0 8 0.0265301752483
21 71 0 8 0.0264445321228
19 66 0 8 0.026397069654
29 47 0 8 0.0263865375343
2 30 0 8 0.0263782618755
18 70 0 8 0.0263723765687
30 48 0 8 0.0263655067677
4 69 0 8 0.0263433733675
33 71 0 8 0.0263376613318
17 33 0 8 0.0263336445951
9 75 0 8 0.0263105424526
58 76 0 8 0.0263010617728
29 78 0 8 0.0262139773476
17 66 0 8 0.0261878744665
23 84 0 8 0.0261666054523
42 84 0 8 0.0261381417539
5 63 0 8 0.0260920181974
17 85 0 8 0.0259929938257
8 83 0 8 0.0258900885776
12 79 0 8 0.0258893758037
10 81 0 8 0.0258559404093
28 46 0 8 0.0258420078464
7 17 0 8 0.0258114570202
55 80 0 8 0.02578984934
23 75 0 8 0.0257400437748
3 49 0 8 0.0257009888871
19 58 0 8 0.0256791094865
59 84 0 8 0.0256506280672
67 82 0 8 0.0256264862987
2 31 0 8 0.0255929091371
54 80 0 8 0.0255837238056
19 60 0 8 0.0255657548162
59 82 0 8 0.025538466604
28 63 0 8 0.0255372379551
16 32 0 8 0.0254764099921
2 83 0 8 0.0254492084155
46 82 0 8 0.0254354392786
23 80 0 8 0.0253987786809
19 39 0 8 0.0253895421557
9 37 0 8 0.0253499930519
56 82 0 8 0.0253447201006
48 72 0 8 0.0253239925582
20 80 0 8 0.0252822224353
5 32 0 8 0.0252649504678
36 73 0 8 0.0251984892286
36 79 0 8 0.0251671271791
57 83 0 8 0.0251372182432
21 47 0 8 0.0250878241967
28 72 0 8 0.0250097439561
13 40 0 8 0.0249841845158
5 31 0 8 0.0249642622898
6 51 0 8 0.0249571443962
12 71 0 8 0.0249473053605
67 79 0 8 0.0249309135309
33 72 0 8 0.0249216907885
29 44 0 8 0.0248957040778
7 71 0 8 0.024891551481
43 70 0 8 0.024874537451
20 71 0 8 0.0248280476625
9 56 0 8 0.0247852950144
29 69 0 8 0.024760095899
4 30 0 8 0.0247435642712
46 66 0 8 0.0246786388431
37 71 0 8 0.024671615461
59 83 0 8 0.0246659565879
53 79 0 8 0.0246177675623
8 82 0 8 0.0246129632303
64 84 0 8 0.0246085605719
9 24 0 8 0.0246028091564
29 72 0 8 0.0245986408077
12 40 0 8 0.0245953939456
68 78 0 8 0.0245691768631
30 79 0 8 0.024544633421
11 41 0 8 0.0245120742265
28 58 0 8 0.0244199747875
28 49 0 8 0.0243339929959
57 77 0 8 0.0242802927714
11 80 0 8 0.0242102164693
8 73 0 8 0.0242089228438
13 75 0 8 0.0242055755633
19 84 0 8 0.024155439208
5 79 0 8 0.0241237719653
19 85 0 8 0.0241234904
22 77 0 8 0.0241092368919
18 61 0 8 0.0240691482853
67 77 0 8 0.0240671103821
50 62 0 8 0.0240660392523
50 79 0 8 0.0239842258095
27 56 0 8 0.0239739142165
68 83 0 8 0.0239664517499
9 29 0 8 0.023961293
19 73 0 8 0.0239436095139
57 82 0 8 0.0239297379896
12 57 0 8 0.0239132240827
28 50 0 8 0.0238118349558
66 76 0 8 0.0237946555308
10 41 0 8 0.0237933756882
53 76 0 8 0.0237220037916
55 73 0 8 0.0236794381973
27 79 0 8 0.0236789065704
39 63 0 8 0.0236493126727
9 25 0 8 0.023622099282
1 30 0 8 0.0236140382429
27 47 0 8 0.0235978630021
12 46 0 8 0.023584479787
33 76 0 8 0.0234310561999
17 31 0 8 0.0234027007959
14 38 0 8 0.0233852496505
13 77 0 8 0.0233419988482
40 63 0 8 0.0233062124815
7 61 0 8 0.0232965880655
46 77 0 8 0.0232551211668
29 48 0 8 0.02324392156
59 75 0 8 0.0231812250269
29 58 0 8 0.0231708051395
31 45 0 8 0.0231606490966
23 61 0 8 0.023157498715
58 82 0 8 0.0231274578568
11 56 0 8 0.0231137556655
12 81 0 8 0.0230255567928
33 59 0 8 0.0230226348138
48 77 0 8 0.0229500834931
15 32 0 8 0.0228938235835
16 81 0 8 0.0228925043612
36 69 0 8 0.0228894268321
46 69 0 8 0.0228168026588
60 83 0 8 0.0227626830397
49 81 0 8 0.0227327898557
11 72 0 8 0.0227192254937
18 29 0 8 0.022695455864
51 76 0 8 0.0226131285151
45 72 0 8 0.0225836527567
2 50 0 8 0.0225349439182
9 54 0 8 0.0225073347608
30 72 0 8 0.0225008292227
27 49 0 8 0.0224654878474
11 74 0 8 0.02243118216
43 71 0 8 0.0224239500651
11 57 0 8 0.0223761883101
63 84 0 8 0.0223518299529
36 47 0 8 0.0223450192215
1 28 0 8 0.022322430985
37 69 0 8 0.0223086047474
17 64 0 8 0.0222716271426
25 84 0 8 0.0222136483061
8 76 0 8 0.0221791575338
11 39 0 8 0.0221608774442
13 69 0 8 0.0221292357983
18 59 0 8 0.0221000179774
20 78 0 8 0.0220968636577
32 66 0 8 0.0220957570862
10 68 0 8 0.0220621346379
8 44 0 8 0.0220603369513
18 73 0 8 0.0220565308965
18 68 0 8 0.0220318181213
18 34 0 8 0.022026031264
1 24 0 8 0.0220134238303
50 61 0 8 0.0219069153332
23 76 0 8 0.021878250798
9 69 0 8 0.0218748346029
2 81 0 8 0.0218664742776
13 60 0 8 0.0218209453555
34 46 0 8 0.0218051914782
11 68 0 8 0.0217799096654
55 84 0 8 0.0217446628015
59 70 0 8 0.0217154213527
7 83 0 8 0.0216986534463
1 84 0 8 0.0216823955079
17 73 0 8 0.02167532487
26 52 0 8 0.0216392195272
45 78 0 8 0.0215871141834
20 82 0 8 0.0215855094578
4 51 0 8 0.0215235729542
19 79 0 8 0.021472231578
17 82 0 8 0.0214697447455
34 47 0 8 0.0214299199833
26 73 0 8 0.0213990108012
27 59 0 8 0.021367254954
29 73 0 8 0.0213543009784
49 63 0 8 0.0213487307098
45 79 0 8 0.0213300233497
21 58 0 8 0.0213202000658
48 71 0 8 0.0213177506441
1 25 0 8 0.0213037747634
9 76 0 8 0.0213032785783
9 80 0 8 0.0212913819496
8 69 0 8 0.0212731018599
64 77 0 8 0.0212513209087
42 83 0 8 0.0211545825327
59 74 0 8 0.0210895448722
16 83 0 8 0.0210807848422
13 76 0 8 0.021072918733
1 50 0 8 0.0210556605484
39 65 0 8 0.0209586268241
33 81 0 8 0.0208975251718
6 61 0 8 0.0208907597271
21 32 0 8 0.0208511751815
2 82 0 8 0.0208415035098
30 57 0 8 0.0207903806913
37 47 0 8 0.0207528832736
57 78 0 8 0.0207362020026
19 59 0 8 0.0207324215446
27 84 0 8 0.0207086932637
47 72 0 8 0.020646626807
20 77 0 8 0.0206256472341
22 80 0 8 0.0206182477751
53 80 0 8 0.0206052268539
43 72 0 8 0.020561399138
22 76 0 8 0.0205076752856
10 48 0 8 0.0204728478163
17 30 0 8 0.0204282521949
2 67 0 8 0.0203437668346
26 47 0 8 0.0203345125884
17 65 0 8 0.0202055910947
23 45 0 8 0.0201343649033
3 33 0 8 0.0201021955685
69 82 0 8 0.0200923762226
51 62 0 8 0.0200254483331
45 69 0 8 0.0200140439515
53 78 0 8 0.0200108817559
19 45 0 8 0.0199517845339
18 67 0 8 0.0199370584686
46 84 0 8 0.0199170692969
58 72 0 8 0.01990742716
50 63 0 8 0.019899696911
68 84 0 8 0.0198986828819
1 29 0 8 0.0198957254611
62 81 0 8 0.019866881748
59 85 0 8 0.0198326646651
16 65 0 8 0.0198159656733
22 62 0 8 0.0197767020728
45 59 0 8 0.0197391278645
57 73 0 8 0.0197370761784
41 67 0 8 0.019715507878
39 66 0 8 0.0196876250312
17 80 0 8 0.0196748994583
47 80 0 8 0.0196593011311
18 79 0 8 0.0196112656866
6 37 0 8 0.0195117470988
18 60 0 8 0.0194829919902
4 67 0 8 0.0193900892039
12 74 0 8 0.019357079111
19 72 0 8 0.0193508413553
68 82 0 8 0.0192972691151
37 72 0 8 0.0192771460522
2 48 0 8 0.019225975978
22 68 0 8 0.0191936845659
14 41 0 8 0.0190729146848
9 61 0 8 0.0190641782826
27 44 0 8 0.0190515432832
34 77 0 8 0.0190220852456
21 66 0 8 0.0190030510334
51 61 0 8 0.0189952538388
11 47 0 8 0.0189828551179
13 68 0 8 0.0189732307019
4 47 0 8 0.0189475235876
27 73 0 8 0.0188417278643
66 79 0 8 0.0187317952961
12 63 0 8 0.0186106985628
19 51 0 8 0.018504140841
6 70 0 8 0.0184844686765
22 71 0 8 0.0184455338971
45 84 0 8 0.0184220182669
16 84 0 8 0.0184024839316
12 47 0 8 0.0183590421374
47 73 0 8 0.0183356092048
58 75 0 8 0.0183028038867
1 49 0 8 0.0182715599766
28 76 0 8 0.0182661413201
23 49 0 8 0.018232660639
61 75 0 8 0.0182090268695
46 78 0 8 0.0181376274071
37 81 0 8 0.0181328703307
1 26 0 8 0.0181276544801
44 67 0 8 0.0181275264958
25 81 0 8 0.0181050406467
6 72 0 8 0.0180217622764
51 81 0 8 0.0179476593927
32 76 0 8 0.0179162008627
27 45 0 8 0.0178887787593
45 85 0 8 0.0178679704884
28 60 0 8 0.0178264090783
22 81 0 8 0.0178123071824
6 59 0 8 0.0178014423036
4 65 0 8 0.0177677666926
6 64 0 8 0.0176977002354
54 79 0 8 0.0176862387531
65 79 0 8 0.0176706384569
65 75 0 8 0.0176443859327
13 71 0 8 0.0175848693161
5 37 0 8 0.0175791612183
48 73 0 8 0.0175490435696
22 47 0 8 0.0175392892003
3 52 0 8 0.0174180270721
30 56 0 8 0.0174147191713
17 60 0 8 0.0173809451109
25 58 0 8 0.0173621471773
1 83 0 8 0.0172972847568
18 78 0 8 0.0172756829835
25 47 0 8 0.0172721899978
22 69 0 8 0.0172698606844
2 33 0 8 0.0172526379416
29 66 0 8 0.0172368663434
18 72 0 8 0.0172196337557
17 77 0 8 0.0172160679174
2 51 0 8 0.0171888545268
12 22 0 8 0.0171851607043
7 72 0 8 0.017185038627
32 46 0 8 0.0171730612697
29 76 0 8 0.0171609441142
23 48 0 8 0.0171243347103
34 82 0 8 0.0171217986531
1 32 0 8 0.0171099689699
8 56 0 8 0.0170834092835
63 82 0 8 0.0170409972703
1 81 0 8 0.017037277851
23 73 0 8 0.0170160659374
22 58 0 8 0.0169642972907
28 54 0 8 0.0168758778913
37 79 0 8 0.0168411272125
22 57 0 8 0.0168390518986
33 61 0 8 0.0168019738754
20 66 0 8 0.0167835894294
42 82 0 8 0.0166696617835
7 59 0 8 0.0166273836615
40 69 0 8 0.0165846231374
13 70 0 8 0.0165248584282
23 33 0 8 0.0165000452346
11 50 0 8 0.0164739364466
61 82 0 8 0.0164454117096
12 25 0 8 0.0164417395459
30 54 0 8 0.0164397548055
37 61 0 8 0.0163985743947
37 82 0 8 0.0163740535959
46 83 0 8 0.0163592172672
21 57 0 8 0.0163424729887
1 31 0 8 0.0163345911275
41 81 0 8 0.0163303528797
12 72 0 8 0.0163277252645
21 49 0 8 0.0162775209792
12 61 0 8 0.0162091960923
27 77 0 8 0.0161204636237
28 75 0 8 0.0160534195639
18 46 0 8 0.0160396169543
50 74 0 8 0.0160394574662
20 47 0 8 0.0160333329273
2 53 0 8 0.0160333033925
23 63 0 8 0.0160309790015
18 77 0 8 0.0160133309572
39 64 0 8 0.0160131350429
56 84 0 8 0.0159752713932
1 48 0 8 0.0159418468283
49 71 0 8 0.0159035844584
27 58 0 8 0.0159002726197
6 74 0 8 0.0158725768269
21 48 0 8 0.0158590154183
21 72 0 8 0.0158372088702
16 64 0 8 0.0158239231201
7 19 0 8 0.0158235647642
6 60 0 8 0.0158187151454
11 73 0 8 0.015797641061
60 70 0 8 0.0157802519387
1 82 0 8 0.0157643631857
38 65 0 8 0.0157019452645
55 74 0 8 0.0156849853817
14 68 0 8 0.015658988826
27 46 0 8 0.0156209853781
27 57 0 8 0.0156119349223
11 23 0 8 0.0155992034424
37 84 0 8 0.0155519585469
36 71 0 8 0.0155112280499
12 84 0 8 0.0155076454753
56 83 0 8 0.0155039605132
27 48 0 8 0.0155020850516
21 45 0 8 0.0154833550481
20 51 0 8 0.0154811231996
3 72 0 8 0.0154551935895
66 78 0 8 0.0153979403252
31 47 0 8 0.0153764547223
41 62 0 8 0.0153648918371
65 77 0 8 0.0153326526032
13 80 0 8 0.0153139639485
28 69 0 8 0.0153105920556
51 75 0 8 0.0153015356928
29 81 0 8 0.0152257946106
26 46 0 8 0.0151941706857
56 85 0 8 0.0151114761204
10 39 0 8 0.0150945004857
14 43 0 8 0.0150935081155
27 71 0 8 0.0150921593584
19 78 0 8 0.0150321002854
19 47 0 8 0.0149789523622
43 85 0 8 0.0149768356995
12 23 0 8 0.0149208022236
30 75 0 8 0.0147767677584
21 73 0 8 0.0147623449173
3 77 0 8 0.0147567953231
9 68 0 8 0.0147486328811
48 69 0 8 0.0147467288692
64 75 0 8 0.0147414992357
32 69 0 8 0.0147249026312
5 71 0 8 0.0147203621437
24 56 0 8 0.0147180023109
40 62 0 8 0.0147175218777
23 71 0 8 0.0146956887483
3 64 0 8 0.0146954317953
8 18 0 8 0.0146360894341
26 58 0 8 0.0146274731403
26 78 0 8 0.0146128130361
24 77 0 8 0.0146033323563
29 50 0 8 0.0145923463847
45 77 0 8 0.0145786993251
2 80 0 8 0.0145611044435
50 73 0 8 0.0145432053532
3 63 0 8 0.0145308410897
64 83 0 8 0.0144771438187
26 48 0 8 0.0144373220099
48 84 0 8 0.0144326368017
13 81 0 8 0.0144306559992
29 80 0 8 0.0144273736953
7 66 0 8 0.0144151866408
26 81 0 8 0.0144026766721
8 57 0 8 0.0143898575722
30 60 0 8 0.0143667190033
58 85 0 8 0.0143648366503
49 82 0 8 0.0143498565855
10 55 0 8 0.0143414056867
13 72 0 8 0.0143236778983
18 76 0 8 0.0143076700215
30 68 0 8 0.014300014594
4 46 0 8 0.0142791472535
26 76 0 8 0.0142564871489
27 85 0 8 0.0142197832335
6 36 0 8 0.0142144285691
36 46 0 8 0.0142094174933
16 68 0 8 0.0141962754793
46 85 0 8 0.0141857915998
30 62 0 8 0.014179575503
62 75 0 8 0.0141759515796
8 68 0 8 0.0141372570168
16 66 0 8 0.0140984059194
31 83 0 8 0.014080438899
5 74 0 8 0.0140485087963
60 85 0 8 0.0140071974477
11 48 0 8 0.0140041612674
29 63 0 8 0.0139802744829
3 46 0 8 0.0139365589993
3 65 0 8 0.0139318560702
22 63 0 8 0.0139263232124
39 61 0 8 0.0138842321444
44 70 0 8 0.0138825496436
20 72 0 8 0.0138787711546
29 59 0 8 0.0138627002702
30 61 0 8 0.0138542995806
15 73 0 8 0.0138436768874
40 67 0 8 0.0138224472529
9 72 0 8 0.0138208444963
7 56 0 8 0.0138105663761
20 37 0 8 0.01379382702
25 75 0 8 0.0137901312285
57 79 0 8 0.0137825191188
7 85 0 8 0.0137755498839
36 72 0 8 0.0137652274614
27 78 0 8 0.0137295100093
43 84 0 8 0.0136602331165
47 68 0 8 0.0136390792881
27 80 0 8 0.0136347071491
26 80 0 8 0.0136333633144
66 83 0 8 0.0136197379137
15 65 0 8 0.0135867150224
21 34 0 8 0.0135523453429
26 50 0 8 0.0135450029846
16 85 0 8 0.0135240509776
45 80 0 8 0.0135088366031
19 54 0 8 0.0135066992661
2 52 0 8 0.0134999308679
30 49 0 8 0.0134859953516
12 56 0 8 0.0134840539288
44 84 0 8 0.0134513529672
26 74 0 8 0.0134251408072
34 70 0 8 0.0134005530628
54 77 0 8 0.013390905019
66 81 0 8 0.0133908548098
55 83 0 8 0.0133710989632
23 83 0 8 0.0133681139766
22 56 0 8 0.0133594838998
43 67 0 8 0.0133533701904
14 65 0 8 0.0133374341817
37 75 0 8 0.013300084438
47 82 0 8 0.013290475774
18 48 0 8 0.0132766958077
17 59 0 8 0.0132762616457
5 68 0 8 0.0132651555658
27 75 0 8 0.0131836532231
16 73 0 8 0.0131698387995
21 82 0 8 0.0131675478814
32 77 0 8 0.0131666992473
24 57 0 8 0.0131615208075
9 49 0 8 0.0130884457357
5 78 0 8 0.0130707258234
66 80 0 8 0.0130650827022
28 84 0 8 0.0130592869844
32 84 0 8 0.0130562970753
26 59 0 8 0.0130393795258
9 57 0 8 0.0130337866139
34 71 0 8 0.0129630241192
7 65 0 8 0.0129524083175
3 73 0 8 0.0129491663778
27 67 0 8 0.0129394198846
13 67 0 8 0.0129264875678
38 63 0 8 0.0128919652917
38 84 0 8 0.0128816389313
38 66 0 8 0.0128752643309
6 56 0 8 0.0128751166568
2 47 0 8 0.0128698131862
10 49 0 8 0.0128552603919
7 73 0 8 0.0128203167522
7 74 0 8 0.0128025515531
63 80 0 8 0.0127965796109
14 73 0 8 0.0127720794865
40 70 0 8 0.012767869789
31 77 0 8 0.012763487805
31 66 0 8 0.0127580100788
26 56 0 8 0.0127272790902
32 60 0 8 0.0127233982138
19 48 0 8 0.0127009163026
29 46 0 8 0.0126875252116
29 62 0 8 0.0126838067767
12 30 0 8 0.0126713893505
27 81 0 8 0.0126640410852
44 85 0 8 0.0126637644423
6 76 0 8 0.0126480302549
2 65 0 8 0.0126238215408
50 81 0 8 0.0126215217622
51 71 0 8 0.0126206662367
61 85 0 8 0.0126037595166
24 78 0 8 0.0125722232116
53 73 0 8 0.0125702493006
65 81 0 8 0.0125585190514
1 51 0 8 0.0125566071635
50 80 0 8 0.0125540750442
4 73 0 8 0.0125516699247
7 58 0 8 0.0125452529911
3 78 0 8 0.0125047568038
64 85 0 8 0.0124646071584
6 69 0 8 0.0124383172234
20 31 0 8 0.012408742031
12 29 0 8 0.0123882931006
17 72 0 8 0.0123838963491
1 80 0 8 0.0123714267447
3 37 0 8 0.012370945327
7 64 0 8 0.0123546598228
13 55 0 8 0.0123512180308
21 56 0 8 0.0123458446611
13 30 0 8 0.0123292401807
11 62 0 8 0.0123186657278
49 84 0 8 0.0122902630681
8 65 0 8 0.0122746401285
17 78 0 8 0.0122715074677
35 45 0 8 0.0122540523843
32 44 0 8 0.0122353095824
26 55 0 8 0.012206174459
68 85 0 8 0.0121840902835
35 69 0 8 0.0121413317283
47 84 0 8 0.0121279800171
22 84 0 8 0.0121156649782
23 50 0 8 0.0121155497924
24 82 0 8 0.0121025013053
2 77 0 8 0.0120952701949
3 71 0 8 0.0120826145211
32 45 0 8 0.0120553578127
49 85 0 8 0.0120499854275
10 29 0 8 0.0120342453331
5 51 0 8 0.0120299263567
3 36 0 8 0.0119935010532
1 33 0 8 0.0119933415651
10 27 0 8 0.0119889861625
8 51 0 8 0.0119871983209
22 48 0 8 0.0119712327773
3 74 0 8 0.0119483176887
8 74 0 8 0.0119461281734
5 46 0 8 0.0119456231278
46 67 0 8 0.0119236905645
31 78 0 8 0.0119081296481
10 32 0 8 0.0118986558597
25 53 0 8 0.0118912672302
21 51 0 8 0.0118820435034
62 74 0 8 0.0118735040001
5 77 0 8 0.0118582896256
5 33 0 8 0.0118548035314
46 68 0 8 0.0118499066569
9 33 0 8 0.0118395615911
7 60 0 8 0.0118260740196
6 58 0 8 0.0117758992691
21 76 0 8 0.0117670250378
42 85 0 8 0.0117615099009
13 56 0 8 0.0117598795784
45 82 0 8 0.0117512081528
28 44 0 8 0.0117098347811
12 51 0 8 0.0117051525264
3 79 0 8 0.0116993705915
54 74 0 8 0.011698865546
64 81 0 8 0.0116892056882
48 85 0 8 0.0116809408588
20 45 0 8 0.0116679514414
24 58 0 8 0.0116650530902
36 77 0 8 0.0116528453613
12 62 0 8 0.0116524190753
61 83 0 8 0.0116465249081
45 68 0 8 0.0116335305682
19 77 0 8 0.0116288768638
50 75 0 8 0.0116196058812
12 27 0 8 0.0116114434392
5 62 0 8 0.0116030555481
5 60 0 8 0.0115614252233
1 47 0 8 0.0115513174207
20 48 0 8 0.0115496713462
36 64 0 8 0.0115260759721
66 77 0 8 0.0115242133089
6 67 0 8 0.0115000843388
26 82 0 8 0.0115000065638
8 31 0 8 0.011496101075
2 73 0 8 0.0114925342523
34 74 0 8 0.0114750220682
24 84 0 8 0.0114629068817
10 50 0 8 0.011460358026
21 64 0 8 0.0114427473925
47 66 0 8 0.0114240183735
17 35 0 8 0.0114218465792
17 68 0 8 0.0114205608297
11 81 0 8 0.0114020671048
17 69 0 8 0.0113833489152
10 66 0 8 0.0113768000593
5 64 0 8 0.011376253665
26 79 0 8 0.0113530373211
31 73 0 8 0.0113456526296
61 84 0 8 0.0113252539083
65 84 0 8 0.0113238874303
47 83 0 8 0.0113113321749
37 66 0 8 0.0112964151177
2 46 0 8 0.0112884338226
24 85 0 8 0.0112860670984
48 64 0 8 0.0112786243217
18 57 0 8 0.0112529989203
1 53 0 8 0.011237762887
45 76 0 8 0.0112317604255
30 51 0 8 0.0112282044321
33 48 0 8 0.0112271588992
4 35 0 8 0.0112249861204
8 66 0 8 0.0112176132428
22 75 0 8 0.011203314448
7 36 0 8 0.0111977717453
6 75 0 8 0.0111960262369
58 70 0 8 0.0111629875937
19 38 0 8 0.0111278480397
12 33 0 8 0.0111226272666
13 64 0 8 0.0111200734885
1 54 0 8 0.0111096890429
19 43 0 8 0.0110991076985
10 38 0 8 0.0110885942842
12 36 0 8 0.0110720656099
26 83 0 8 0.0110511047423
16 38 0 8 0.0110084977993
4 74 0 8 0.0110055984637
21 84 0 8 0.0109996905136
67 84 0 8 0.0109867660728
17 67 0 8 0.0109746922351
48 70 0 8 0.0109460532967
31 43 0 8 0.0109344234659
41 69 0 8 0.0109312996656
50 84 0 8 0.0109258465518
34 81 0 8 0.01092383523
21 46 0 8 0.010920239857
38 71 0 8 0.0109153124631
34 62 0 8 0.0108959130035
44 72 0 8 0.0108920931658
31 69 0 8 0.0108672839102
11 67 0 8 0.0108629688718
25 85 0 8 0.0108598992186
54 84 0 8 0.0108566346356
25 80 0 8 0.0108547867399
2 78 0 8 0.0108525716278
3 66 0 8 0.0108512957232
48 83 0 8 0.0108400439382
26 84 0 8 0.0108154483178
13 50 0 8 0.0108139981578
13 74 0 8 0.0108030811008
28 51 0 8 0.01080236242
37 83 0 8 0.0108019253045
33 53 0 8 0.0107781074347
3 75 0 8 0.0107745435654
11 54 0 8 0.01076240672
51 73 0 8 0.0107579892942
14 74 0 8 0.0107563609407
12 50 0 8 0.0107551539507
42 68 0 8 0.0107478293134
1 46 0 8 0.0107441276149
25 68 0 8 0.0107313912125
2 72 0 8 0.0107221428734
11 28 0 8 0.0107172971926
38 73 0 8 0.0107105996781
25 76 0 8 0.0107050865101
5 54 0 8 0.0106960340853
6 38 0 8 0.0106944923673
13 79 0 8 0.0106852499351
4 43 0 8 0.0106707384895
18 58 0 8 0.0106705209163
31 71 0 8 0.0106610914302
17 61 0 8 0.0106546804035
27 69 0 8 0.0106455127928
65 80 0 8 0.0106264923635
53 82 0 8 0.0106119937164
37 59 0 8 0.0106106301919
8 75 0 8 0.0105934753792
9 64 0 8 0.0105909757482
12 28 0 8 0.0105616161601
13 63 0 8 0.0105368689276
36 74 0 8 0.0105300453979
9 84 0 8 0.0105014015371
1 77 0 8 0.0104988674488
19 44 0 8 0.0104980877293
11 64 0 8 0.0104916688267
6 44 0 8 0.010484405228
23 46 0 8 0.0104741448287
26 75 0 8 0.0104734015355
34 72 0 8 0.0104627778578
14 69 0 8 0.0104578494795
9 74 0 8 0.0104428950116
38 64 0 8 0.0104414783243
19 69 0 8 0.0104325204109
22 73 0 8 0.0104284839844
31 42 0 8 0.0104253414787
4 77 0 8 0.0104021113519
27 50 0 8 0.010399952356
5 65 0 8 0.0103968285557
2 74 0 8 0.0103885814472
11 36 0 8 0.0103762890517
11 30 0 8 0.0103762595169
29 57 0 8 0.0103752415498
15 85 0 8 0.010370826093
55 81 0 8 0.0103670800923
22 45 0 8 0.0103594276183
26 85 0 8 0.0103574793042
47 65 0 8 0.0103488088631
53 74 0 8 0.0103200596615
35 73 0 8 0.0103171111011
27 54 0 8 0.0103112336703
12 32 0 8 0.0103088275663
57 74 0 8 0.0103026203299
30 74 0 8 0.0103018652228
26 72 0 8 0.0102977746491
5 42 0 8 0.010295137189
27 51 0 8 0.0102931179912
41 68 0 8 0.0102914709323
20 54 0 8 0.0102785080963
32 74 0 8 0.0102714532103
3 53 0 8 0.0102474325346
15 66 0 8 0.0102298022112
3 54 0 8 0.0102143121784
8 54 0 8 0.0101995742992
22 46 0 8 0.0101988949981
28 61 0 8 0.0101988123006
13 33 0 8 0.0101945336885
62 82 0 8 0.0101835191666
10 84 0 8 0.0101724091488
38 62 0 8 0.0101614861848
1 71 0 8 0.010159307499
22 85 0 8 0.0101469767083
25 77 0 8 0.0101329427425
13 51 0 8 0.0101027128614
46 73 0 8 0.0100980502965
15 25 0 8 0.0100926267176
20 57 0 8 0.0100921945246
33 64 0 8 0.0100753921609
50 83 0 8 0.0100734536917
33 66 0 8 0.0100664746118
14 66 0 8 0.0100489831021
4 72 0 8 0.0100424647655
32 57 0 8 0.0100371465275
10 26 0 8 0.0100334605809
64 82 0 8 0.0100195181731
22 37 0 8 0.0100170274026
50 77 0 8 0.00999978595441
15 68 0 8 0.00997671728467
39 72 0 8 0.00997014184743
67 81 0 8 0.00996800352588
43 74 0 8 0.009963687503
1 75 0 8 0.00996081081074
3 76 0 8 0.00995575346367
2 64 0 8 0.00994515341386
17 29 0 8 0.0099449919568
27 82 0 8 0.0099424145508
29 74 0 8 0.00991373426372
49 72 0 8 0.00991287480022
23 82 0 8 0.00989034267986
38 83 0 8 0.00988480588408
2 36 0 8 0.00987300475126
8 42 0 8 0.00986117014564
26 69 0 8 0.00986064836367
38 70 0 8 0.00984851447179
21 85 0 8 0.00984459716909
20 58 0 8 0.00982070349315
29 75 0 8 0.00980406652447
23 68 0 8 0.00979779726496
10 67 0 8 0.00979536457962
17 58 0 8 0.00978785190384
17 79 0 8 0.00976379677084
26 57 0 8 0.00976250806784
23 62 0 8 0.00975554572436
2 54 0 8 0.00974690974062
23 85 0 8 0.0097352287161
4 71 0 8 0.00972596167154
24 59 0 8 0.00972441404654
24 81 0 8 0.00972239287981
15 38 0 8 0.00971610688389
5 73 0 8 0.00970926366422
7 76 0 8 0.00970153341521
33 74 0 8 0.0097011730903
24 76 0 8 0.00968999317337
41 73 0 8 0.00966108940609
12 54 0 8 0.00966031067112
42 71 0 8 0.00965927399865
1 72 0 8 0.0096563274073
2 37 0 8 0.00965383762129
10 64 0 8 0.00965264146075
23 55 0 8 0.00964753981144
18 54 0 8 0.00964477141356
25 54 0 8 0.00963241108799
13 45 0 8 0.00962954620966
22 64 0 8 0.00962606700691
37 60 0 8 0.00961180562291
47 76 0 8 0.00960293828302
32 70 0 8 0.00959784844764
20 83 0 8 0.00958783712541
37 48 0 8 0.00958768157531
31 65 0 8 0.00957805026786
1 36 0 8 0.00956370421736
33 62 0 8 0.00956306528058
44 68 0 8 0.00955968354276
18 47 0 8 0.00955805223575
3 69 0 8 0.00953540591405
39 71 0 8 0.00951558016843
18 56 0 8 0.00951142954059
1 76 0 8 0.00950347778037
56 75 0 8 0.0095022353486
29 51 0 8 0.00950035201106
24 48 0 8 0.0094926985526
16 69 0 8 0.00949238548342
25 74 0 8 0.00947869412161
31 59 0 8 0.00946054890771
4 79 0 8 0.00944967910647
27 72 0 8 0.00944420925631
56 77 0 8 0.00944322279305
53 71 0 8 0.00944308791733
36 62 0 8 0.00944221368642
31 48 0 8 0.00944175097411
48 65 0 8 0.00943742904427
7 68 0 8 0.00943602023296
8 85 0 8 0.00942994294983
12 85 0 8 0.00941440861474
14 37 0 8 0.00940863160236
4 70 0 8 0.00940672463696
24 80 0 8 0.0093796382461
31 74 0 8 0.00937006502382
34 78 0 8 0.00935544036143
10 54 0 8 0.00935395377508
4 76 0 8 0.00934705443924
28 83 0 8 0.00934626487483
2 76 0 8 0.00933183218883
50 82 0 8 0.00932138178215
25 48 0 8 0.00929814673287
21 69 0 8 0.00929518438961
24 60 0 8 0.0092864745688
25 69 0 8 0.00927595524753
19 57 0 8 0.00927437611872
27 60 0 8 0.00925918635662
13 66 0 8 0.00925909381416
22 72 0 8 0.00924428111337
49 64 0 8 0.00923583415253
9 82 0 8 0.0092267482549
24 67 0 8 0.00920512383826
24 69 0 8 0.00920486983873
5 70 0 8 0.00920333698116
20 44 0 8 0.00919518241511
1 74 0 8 0.00917641007837
32 43 0 8 0.00917355504498
24 36 0 8 0.00917103966212
19 68 0 8 0.00915788583418
30 64 0 8 0.00915319373448
14 71 0 8 0.00914406944159
5 76 0 8 0.00913605762721
23 64 0 8 0.00913598772812
47 85 0 8 0.00912609749868
20 73 0 8 0.00912303670599
27 70 0 8 0.00911614721509
15 43 0 8 0.0091126237101
1 73 0 8 0.00909019594612
64 80 0 8 0.00908849474002
32 73 0 8 0.00907774012462
25 67 0 8 0.0090770037229
12 48 0 8 0.00907153485723
55 85 0 8 0.00906005073157
1 52 0 8 0.00905511447729
20 53 0 8 0.00904732220514
48 66 0 8 0.00901757571077
4 66 0 8 0.00899907017197
25 79 0 8 0.00899183512357
20 50 0 8 0.0089803697033
42 81 0 8 0.00897589517684
5 72 0 8 0.00897455035767
3 70 0 8 0.0089720536802
49 77 0 8 0.00895832884558
37 80 0 8 0.00895744280073
5 59 0 8 0.00894280632442
50 85 0 8 0.00893137240796
16 36 0 8 0.0089250430943
54 85 0 8 0.00891867144738
69 84 0 8 0.00891288262107
6 68 0 8 0.00889057988787
12 80 0 8 0.00887252130947
43 73 0 8 0.00886840809241
33 75 0 8 0.00886014720098
30 65 0 8 0.00885849325061
2 71 0 8 0.00885193553427
5 20 0 8 0.00885072263733
14 79 0 8 0.00884399361899
63 83 0 8 0.0088423258857
25 83 0 8 0.00883443811761
3 45 0 8 0.00882480090319
16 45 0 8 0.00882146839009
20 85 0 8 0.0088204533765
17 76 0 8 0.00881975438556
15 40 0 8 0.00879160769438
20 65 0 8 0.00878858628146
8 67 0 8 0.00876510707761
20 46 0 8 0.00875058184914
2 63 0 8 0.00873388581081
2 75 0 8 0.0087309500489
22 74 0 8 0.00872987793464
20 49 0 8 0.00872503422283
32 47 0 8 0.00872193897284
67 78 0 8 0.00871827468517
16 63 0 8 0.00871314645451
51 85 0 8 0.00870708098531
25 50 0 8 0.00870535910483
24 73 0 8 0.0087046945712
71 81 0 8 0.00869294955455
39 68 0 8 0.00869278317502
15 71 0 8 0.00869233523013
4 78 0 8 0.00869211470341
30 50 0 8 0.00868598918006
25 59 0 8 0.00868283289143
18 50 0 8 0.00867025105466
31 56 0 8 0.00866443072453
5 36 0 8 0.00865262270025
42 70 0 8 0.00864432833602
5 43 0 8 0.00863534384131
1 62 0 8 0.00863506326045
24 83 0 8 0.00862775240599
7 37 0 8 0.00862728280223
54 71 0 8 0.00861855526052
14 67 0 8 0.00861073246905
33 68 0 8 0.00860784888533
22 34 0 8 0.00860494265825
1 78 0 8 0.00860367659861
19 67 0 8 0.00859622791496
16 70 0 8 0.00859445877876
48 76 0 8 0.00859146985416
23 37 0 8 0.00858175584919
39 70 0 8 0.00857361801955
14 83 0 8 0.00856306522547
31 79 0 8 0.00856269702461
9 65 0 8 0.00855723800388
8 32 0 8 0.00855610878895
65 82 0 8 0.00855273394259
14 84 0 8 0.00854781540922
37 50 0 8 0.0085466153107
20 56 0 8 0.00854488752326
18 28 0 8 0.00854016982672
1 45 0 8 0.00853229387255
49 76 0 8 0.00852693527024
67 80 0 8 0.00852341668772
15 84 0 8 0.00852244696086
30 42 0 8 0.00852191730294
30 80 0 8 0.00851926310639
7 75 0 8 0.00850819148383
23 51 0 8 0.00850019345237
14 44 0 8 0.00848831060653
13 65 0 8 0.00847839084226
1 22 0 8 0.00847398818389
25 55 0 8 0.00845516071546
32 71 0 8 0.00844356435745
1 69 0 8 0.00844082549439
44 69 0 8 0.00843705783482
8 34 0 8 0.00841971793723
30 84 0 8 0.0084121294554
34 79 0 8 0.00841050996232
25 72 0 8 0.00840149101031
4 33 0 8 0.00839288259241
39 69 0 8 0.008390633023
16 67 0 8 0.00836136105486
5 45 0 8 0.00836106570658
3 67 0 8 0.0083522141186
3 62 0 8 0.00834657887339
12 66 0 8 0.00834645187363
2 68 0 8 0.00833482696529
5 61 0 8 0.00832230222918
16 37 0 8 0.00829970611669
30 67 0 8 0.00829693279633
26 51 0 8 0.00829451094042
7 44 0 8 0.00829406201104
20 68 0 8 0.00828581194905
20 84 0 8 0.00828250897077
34 48 0 8 0.00827036621844
1 37 0 8 0.00825250749238
5 75 0 8 0.00824852324407
12 67 0 8 0.0082460944967
44 83 0 8 0.00823247303398
8 41 0 8 0.00822992811629
55 78 0 8 0.00822984837225
1 63 0 8 0.00822746786511
45 73 0 8 0.00822232191356
33 56 0 8 0.00821807283629
18 51 0 8 0.00821228400998
25 78 0 8 0.00820437064503
51 84 0 8 0.00820379077791
28 74 0 8 0.00818982769567
41 85 0 8 0.00818973318422
25 73 0 8 0.00817508587846
22 66 0 8 0.00817241199203
38 69 0 8 0.00815900022658
11 84 0 8 0.00812579520383
25 82 0 8 0.00812293623247
24 75 0 8 0.0081086344842
42 73 0 8 0.00810464531342
29 60 0 8 0.00810087076239
11 40 0 8 0.00808340189606
42 74 0 8 0.00807935513236
37 76 0 8 0.00807588577455
27 68 0 8 0.00807113657419
22 82 0 8 0.00806962783672
44 79 0 8 0.0080578611612
2 66 0 8 0.00805694410479
39 74 0 8 0.00804017915186
31 70 0 8 0.0080278094736
5 58 0 8 0.00801804329044
14 81 0 8 0.00800943782602
9 66 0 8 0.00800623182043
39 83 0 8 0.00799812844809
7 69 0 8 0.00798966228961
34 61 0 8 0.00798792318048
11 49 0 8 0.00798324781719
14 70 0 8 0.00797842231853
1 79 0 8 0.00797107503779
16 46 0 8 0.00796946194392
10 25 0 8 0.0079600930042
2 42 0 8 0.0079568033166
43 68 0 8 0.00795502975017
22 51 0 8 0.00795451978214
65 83 0 8 0.00794857835921
4 53 0 8 0.00794687124615
65 76 0 8 0.00794590939525
31 67 0 8 0.00792690225662
4 21 0 8 0.00791954070071
3 58 0 8 0.00791836964478
5 67 0 8 0.0079127388298
55 82 0 8 0.00790631254345
34 63 0 8 0.00790418357459
13 62 0 8 0.00789955202129
17 54 0 8 0.00788018652675
35 65 0 8 0.00785976910007
62 84 0 8 0.00785885893512
24 44 0 8 0.00785408069218
18 44 0 8 0.00784703368219
5 52 0 8 0.00784423673397
22 53 0 8 0.00783633518296
36 84 0 8 0.00782994827638
49 73 0 8 0.00781131081535
43 82 0 8 0.00780349836106
49 75 0 8 0.00780175826744
12 49 0 8 0.00779776417419
1 64 0 8 0.00779565981768
13 61 0 8 0.00778714738797
10 51 0 8 0.00776206838093
1 57 0 8 0.00776000684993
5 66 0 8 0.00775349146685
1 61 0 8 0.0077427521111
3 34 0 8 0.00774229235228
19 49 0 8 0.00772624804915
9 51 0 8 0.00770412744739
9 52 0 8 0.00769060886432
19 76 0 8 0.00768836372513
36 76 0 8 0.00768782963699
15 64 0 8 0.0076752172809
21 50 0 8 0.00767214615102
6 42 0 8 0.00767177155095
46 74 0 8 0.00765374546086
1 44 0 8 0.00765277819524
49 83 0 8 0.00763395515704
11 51 0 8 0.00762733590981
15 46 0 8 0.00762092586762
18 38 0 8 0.00759361599656
26 68 0 8 0.00758800093349
1 34 0 8 0.00757879985003
1 43 0 8 0.00756493226374
53 77 0 8 0.00755652566717
17 57 0 8 0.00754936790158
24 55 0 8 0.00752892684704
24 79 0 8 0.00752877523492
5 38 0 8 0.0075251887223
20 76 0 8 0.00752487171514
11 65 0 8 0.00752264183562
11 66 0 8 0.00752080083133
15 70 0 8 0.00745849908042
3 21 0 8 0.00743885152827
47 74 0 8 0.00743380107266
29 65 0 8 0.00742405802512
41 72 0 8 0.00741602209063
40 73 0 8 0.00741481756189
10 53 0 8 0.00738220077447
13 54 0 8 0.00737133441896
11 55 0 8 0.00735954903805
2 57 0 8 0.0073464473883
42 61 0 8 0.00734174347468
2 79 0 8 0.00733949242853
1 65 0 8 0.00733871861603
4 75 0 8 0.00733412152004
21 83 0 8 0.00732642326709
3 68 0 8 0.00731628199161
7 38 0 8 0.00731011118152
1 58 0 8 0.00728030807872
14 59 0 8 0.00728013382324
24 49 0 8 0.00726548602524
3 38 0 8 0.00726222439572
5 56 0 8 0.00725495489003
10 34 0 8 0.0072518059851
20 64 0 8 0.00723632235147
1 55 0 8 0.00723374986794
63 85 0 8 0.00721595267277
21 31 0 8 0.00721554115416
33 84 0 8 0.00721267479909
53 85 0 8 0.00720266101562
3 60 0 8 0.00719915769276
1 40 0 8 0.00719669104237
2 61 0 8 0.00716961991117
2 62 0 8 0.00716862655645
16 57 0 8 0.007167544105
3 59 0 8 0.00713149537055
3 43 0 8 0.00712045131382
52 78 0 8 0.00711046017372
39 73 0 8 0.00710667774673
42 80 0 8 0.00709002354941
39 79 0 8 0.00707763811924
32 51 0 8 0.00705531766514
16 62 0 8 0.00705181385004
26 60 0 8 0.00703724235034
32 68 0 8 0.00703375477939
15 74 0 8 0.00703372426007
10 65 0 8 0.00702869103311
14 52 0 8 0.00699987931604
38 67 0 8 0.00698377545101
15 67 0 8 0.00696525563705
36 66 0 8 0.00695476092812
3 35 0 8 0.00695377397262
7 42 0 8 0.00694987291407
16 82 0 8 0.00694669398207
18 74 0 8 0.00694243062963
4 52 0 8 0.0069362071491
1 70 0 8 0.00693415152507
16 71 0 8 0.00692502821666
9 50 0 8 0.00690929501373
12 55 0 8 0.00690280325851
15 60 0 8 0.00689544957856
17 48 0 8 0.0068945664872
8 39 0 8 0.00689215939871
1 56 0 8 0.00689104839692
2 70 0 8 0.00688152882958
27 83 0 8 0.00687750274026
22 50 0 8 0.00687456057913
2 35 0 8 0.00686699326392
12 31 0 8 0.00685996692831
34 67 0 8 0.00685552882814
3 41 0 8 0.00684871169757
13 83 0 8 0.00683760857119
7 43 0 8 0.00683624750786
2 69 0 8 0.00682932749763
16 43 0 8 0.00682896668048
13 47 0 8 0.0068240574998
24 46 0 8 0.00681896224971
24 51 0 8 0.00681340576404
4 37 0 8 0.00680993542174
1 68 0 8 0.00679174049088
7 57 0 8 0.00677882195707
12 83 0 8 0.00677393148178
40 71 0 8 0.00676681063472
22 65 0 8 0.0067645640188
58 71 0 8 0.006759246273
44 59 0 8 0.006731024268
52 79 0 8 0.00672437991617
3 61 0 8 0.00672245079964
14 85 0 8 0.00671830607876
10 24 0 8 0.00671325266967
2 45 0 8 0.00671183844366
67 83 0 8 0.0066910838277
25 51 0 8 0.00667958395012
34 68 0 8 0.00667309170266
16 76 0 8 0.00665911286851
4 34 0 8 0.00664579413778
3 57 0 8 0.00663499177439
16 48 0 8 0.00662881259611
3 44 0 8 0.00662453742974
37 74 0 8 0.00661175918636
27 65 0 8 0.00660883671511
29 56 0 8 0.00660660978907
28 82 0 8 0.0066043459445
2 55 0 8 0.00659511286499
13 85 0 8 0.00659411261881
5 69 0 8 0.00657666688809
2 56 0 8 0.00657277764347
11 53 0 8 0.00657131714622
15 72 0 8 0.00656598758649
3 42 0 8 0.00655380151641
19 56 0 8 0.00655191079517
15 37 0 8 0.00655119309884
36 54 0 8 0.00652630557594
48 68 0 8 0.00651909218642
17 47 0 8 0.00651575622758
50 69 0 8 0.00651564350299
1 35 0 8 0.00650499225948
21 74 0 8 0.00649507594094
29 84 0 8 0.00649505378982
4 36 0 8 0.00648195755479
14 62 0 8 0.00648187338053
22 54 0 8 0.00647383449256
18 75 0 8 0.00646803582131
14 64 0 8 0.00645549484105
32 72 0 8 0.00645079043518
22 83 0 8 0.00644754061959
26 71 0 8 0.00643538211535
23 74 0 8 0.00643209390449
49 74 0 8 0.00641823074842
2 58 0 8 0.00640953077255
21 54 0 8 0.00640898290149
24 54 0 8 0.00640763759007
66 85 0 8 0.00640316060238
27 53 0 8 0.0063975809811
33 58 0 8 0.00639613328228
6 57 0 8 0.00638406978173
13 46 0 8 0.00637487608199
24 47 0 8 0.00637435528452
14 72 0 8 0.00636375621921
37 67 0 8 0.00636289429447
13 36 0 8 0.00635649655846
10 40 0 8 0.00634733534702
9 41 0 8 0.00634504885908
22 49 0 8 0.00633523985042
2 40 0 8 0.00633356621016
14 57 0 8 0.00633046948343
4 68 0 8 0.00632864176982
3 56 0 8 0.00632200726293
2 34 0 8 0.00631731860897
14 55 0 8 0.00629971388243
34 58 0 8 0.00628155291662
11 82 0 8 0.00628084949546
31 72 0 8 0.00627005648478
26 61 0 8 0.00626381036088
16 80 0 8 0.00626340721048
10 85 0 8 0.00626166711685
1 66 0 8 0.00625568237618
6 34 0 8 0.00624839908757
18 41 0 8 0.00624825781264
35 71 0 8 0.00623569763474
36 65 0 8 0.0062264015476
1 60 0 8 0.00622129842155
38 68 0 8 0.00621002399316
1 39 0 8 0.00620991619104
34 51 0 8 0.00620370550893
24 61 0 8 0.00619783989207
10 83 0 8 0.00618171682941
1 38 0 8 0.00617549187213
13 52 0 8 0.00617506115589
38 82 0 8 0.00617193637108
14 63 0 8 0.00615524328623
55 79 0 8 0.00612941114107
13 53 0 8 0.0061261677247
43 76 0 8 0.00612405943022
1 59 0 8 0.00612214557335
25 56 0 8 0.00611950860545
14 35 0 8 0.00611347414782
11 38 0 8 0.00611075940487
9 27 0 8 0.00608415935418
17 56 0 8 0.00606582314839
15 63 0 8 0.00605989895412
14 77 0 8 0.00605191962806
65 85 0 8 0.00604741310554
35 81 0 8 0.00603557062396
15 81 0 8 0.00603400626257
18 45 0 8 0.00602289033776
41 71 0 8 0.00601462944634
24 53 0 8 0.00601155240949
46 76 0 8 0.00600180493172
2 38 0 8 0.00597881551377
27 55 0 8 0.00597860532424
37 85 0 8 0.00597520734227
21 75 0 8 0.00597416968531
29 82 0 8 0.00597056742077
18 49 0 8 0.00596871214132
39 81 0 8 0.00596740325619
42 72 0 8 0.00596411159959
23 52 0 8 0.00596166217785
49 70 0 8 0.00595563116595
31 46 0 8 0.0059521938042
39 82 0 8 0.00594502274794
38 79 0 8 0.00594117485208
35 77 0 8 0.00592480861933
27 61 0 8 0.00589501290024
23 66 0 8 0.00588176209961
36 80 0 8 0.0058805703693
41 61 0 8 0.00587463189986
37 68 0 8 0.00586828289631
11 85 0 8 0.00586745296764
9 34 0 8 0.00586302225117
14 58 0 8 0.00585311626983
16 50 0 8 0.00583572124056
52 85 0 8 0.00582256445913
2 39 0 8 0.00581914383379
1 67 0 8 0.00581734024029
11 83 0 8 0.00581692626045
7 18 0 8 0.00581549825151
2 59 0 8 0.0057942878147
35 84 0 8 0.0057874140757
23 53 0 8 0.00577995948509
1 41 0 8 0.00576166758155
15 59 0 8 0.00575965182953
7 67 0 8 0.00575362721684
17 46 0 8 0.00575269637751
25 57 0 8 0.00574135943374
52 84 0 8 0.00573245517531
28 85 0 8 0.00572755337834
17 45 0 8 0.00572377095135
21 68 0 8 0.00572246846543
15 69 0 8 0.00568960063197
36 82 0 8 0.00568716794663
22 33 0 8 0.00568684207902
44 74 0 8 0.00567768480557
53 84 0 8 0.00567424104461
22 44 0 8 0.00566948347605
40 85 0 8 0.00566121520092
11 33 0 8 0.00565546329314
43 80 0 8 0.00563533973801
29 49 0 8 0.00561891689684
2 60 0 8 0.00561254180419
5 53 0 8 0.00560768086373
33 60 0 8 0.00560288637664
4 42 0 8 0.00559362425454
62 85 0 8 0.0055927027679
17 75 0 8 0.00557645024424
20 69 0 8 0.00557488735959
66 84 0 8 0.00557230946134
31 76 0 8 0.00557002641913
13 49 0 8 0.00556963705164
5 34 0 8 0.0055086382789
32 79 0 8 0.00550369316418
1 21 0 8 0.00550222971345
27 66 0 8 0.00549847928252
13 48 0 8 0.00549401164752
40 84 0 8 0.00549243645669
31 68 0 8 0.00548337960165
6 53 0 8 0.00548210418932
24 74 0 8 0.00548160455848
28 62 0 8 0.00547745639187
39 85 0 8 0.00546303995003
9 83 0 8 0.00545433800517
57 76 0 8 0.00545350758425
26 53 0 8 0.00545142685561
15 57 0 8 0.00543302025849
1 42 0 8 0.00543033898834
32 78 0 8 0.00542239411958
51 70 0 8 0.00541157452755
13 84 0 8 0.00541064565721
4 58 0 8 0.00540595355751
38 72 0 8 0.00537462891882
26 54 0 8 0.00536951693232
34 73 0 8 0.00536401656283
40 81 0 8 0.00535023856552
15 80 0 8 0.00533794124759
9 53 0 8 0.00533740026799
52 80 0 8 0.00531447434991
37 65 0 8 0.00531203772659
24 72 0 8 0.00531173302562
40 68 0 8 0.00531154351047
14 56 0 8 0.00531081104673
38 77 0 8 0.00530303206526
43 79 0 8 0.00530260233351
32 56 0 8 0.00529550905229
54 82 0 8 0.00529177683451
40 74 0 8 0.00529003427965
41 70 0 8 0.00527732248963
15 52 0 8 0.00527597373248
31 51 0 8 0.00526601458844
56 76 0 8 0.00526594813508
2 43 0 8 0.00526360749995
13 82 0 8 0.00526058461029
13 38 0 8 0.00525186199106
21 43 0 8 0.00523915610801
20 38 0 8 0.00522321763802
25 60 0 8 0.00520767001225
13 29 0 8 0.0052016645972
24 62 0 8 0.00519987577111
5 44 0 8 0.00519763358541
52 81 0 8 0.00518665302857
34 84 0 8 0.00518469142373
33 65 0 8 0.00517593926967
28 68 0 8 0.00516960060331
6 43 0 8 0.00516042019424
26 64 0 8 0.00515982260622
3 55 0 8 0.00514906651407
36 68 0 8 0.00514529393202
62 83 0 8 0.00514490161106
4 62 0 8 0.00514220163552
31 84 0 8 0.00514113985845
34 69 0 8 0.00513679528524
22 43 0 8 0.00513489471905
23 42 0 8 0.00513027054946
14 78 0 8 0.00512306700488
14 49 0 8 0.00511170987898
21 65 0 8 0.00510402393221
25 49 0 8 0.00508095378573
17 50 0 8 0.00507803377572
2 44 0 8 0.00507399144225
31 58 0 8 0.00506409235236
29 68 0 8 0.00506340025289
5 57 0 8 0.00505658115332
15 76 0 8 0.0050358206304
11 24 0 8 0.00502170396705
7 54 0 8 0.00502159764167
2 41 0 8 0.00500584474885
21 67 0 8 0.0050043079533
44 80 0 8 0.00498528506276
12 65 0 8 0.00497914624874
54 72 0 8 0.00497693458236
32 75 0 8 0.00497527718625
53 81 0 8 0.00497503893864
29 53 0 8 0.00495960895994
12 82 0 8 0.00495674260487
28 53 0 8 0.00493484597556
51 72 0 8 0.00491926881497
35 46 0 8 0.00491759862044
4 55 0 8 0.00491691292018
16 39 0 8 0.00491310686533
22 42 0 8 0.00490535791093
18 35 0 8 0.00490175810763
26 45 0 8 0.0049000962813
57 75 0 8 0.00489844922238
30 85 0 8 0.00488374924619
7 31 0 8 0.00487683957315
38 74 0 8 0.00486914870391
41 76 0 8 0.0048563409257
28 64 0 8 0.00485612039898
17 53 0 8 0.00484831828189
31 63 0 8 0.00484449253716
11 27 0 8 0.00484397518542
28 67 0 8 0.00482812630441
45 57 0 8 0.00480393334221
15 36 0 8 0.00479829563577
13 28 0 8 0.00478945044699
46 56 0 8 0.00478884645976
21 44 0 8 0.00476270666014
43 78 0 8 0.00476018487807
39 67 0 8 0.00475673914812
12 64 0 8 0.00475574136318
56 72 0 8 0.00474584178104
12 53 0 8 0.00474295475159
15 31 0 8 0.00474096558092
45 58 0 8 0.00474075686814
36 59 0 8 0.00473197222576
24 50 0 8 0.00469289863267
44 73 0 8 0.004692755881
30 82 0 8 0.00468535592981
16 72 0 8 0.00468179550628
10 31 0 8 0.00467794908717
4 44 0 8 0.00460684152726
50 72 0 8 0.00460683266681
38 81 0 8 0.00460298575545
20 36 0 8 0.00459973643211
28 66 0 8 0.00458673372403
65 78 0 8 0.00458484595627
14 76 0 8 0.00458477950291
36 67 0 8 0.00457462395226
51 74 0 8 0.00456786343011
16 56 0 8 0.0045673066986
47 75 0 8 0.00456063379643
4 45 0 8 0.0045530275937
27 52 0 8 0.0045529419427
31 54 0 8 0.00454903793067
19 74 0 8 0.00454541400726
16 61 0 8 0.00454074553543
44 78 0 8 0.00453079229836
44 76 0 8 0.00452198107464
11 29 0 8 0.00451221193799
50 65 0 8 0.00450531309439
38 85 0 8 0.00448221833555
41 74 0 8 0.0044801991378
14 54 0 8 0.00447742187947
4 59 0 8 0.0044742286723
36 48 0 8 0.00447070861304
42 77 0 8 0.0044693411505
14 50 0 8 0.00445618387682
31 85 0 8 0.00444488139035
25 45 0 8 0.00444175168306
32 85 0 8 0.00442980533734
33 57 0 8 0.00442912800528
21 53 0 8 0.004425998298
16 59 0 8 0.00441312111294
34 76 0 8 0.00438408296219
51 69 0 8 0.00438364092426
23 44 0 8 0.00437843442631
29 61 0 8 0.00437111717265
25 71 0 8 0.00435840439814
17 38 0 8 0.00434737166309
44 58 0 8 0.00434464166048
35 70 0 8 0.00433409477336
4 61 0 8 0.00433134704986
14 80 0 8 0.00432845509794
52 83 0 8 0.00431173001703
14 31 0 8 0.00431078588702
16 79 0 8 0.00429850924347
25 52 0 8 0.00429667906862
35 83 0 8 0.00427893946636
14 82 0 8 0.00427585947604
52 62 0 8 0.00426841325362
9 85 0 8 0.00426671352427
44 77 0 8 0.00424893651123
26 70 0 8 0.00424755083554
14 61 0 8 0.00424389442382
43 77 0 8 0.00423370490812
39 77 0 8 0.00422931406368
50 70 0 8 0.00422879572744
34 80 0 8 0.00422716442044
39 76 0 8 0.00422677062273
24 45 0 8 0.00422593527934
40 72 0 8 0.0042232446565
54 83 0 8 0.00420460030401
15 34 0 8 0.00419475142333
39 84 0 8 0.00418574034727
7 39 0 8 0.00417718361532
23 43 0 8 0.00417271253459
36 85 0 8 0.0041680455395
55 76 0 8 0.00413887792776
13 24 0 8 0.00413366896857
15 48 0 8 0.00411908024023
31 82 0 8 0.00411862934185
8 40 0 8 0.0041176064523
14 48 0 8 0.00409762023412
9 39 0 8 0.00409651710829
33 80 0 8 0.0040902094535
4 57 0 8 0.00407139527575
43 60 0 8 0.00407006866972
3 39 0 8 0.004068904013
31 81 0 8 0.00406655156394
31 41 0 8 0.00406011543264
55 67 0 8 0.00405977430538
19 40 0 8 0.00405771474337
2 21 0 8 0.00405625818409
29 85 0 8 0.00405070219068
4 56 0 8 0.0040419916315
16 54 0 8 0.00403777331967
37 56 0 8 0.00402940807186
50 76 0 8 0.00402606595993
39 80 0 8 0.00401283337245
33 51 0 8 0.00401241077828
16 75 0 8 0.00400141791526
15 62 0 8 0.00399952300991
20 75 0 8 0.00398417031401
17 41 0 8 0.00398127048614
32 54 0 8 0.00397943908067
15 45 0 8 0.00397810656768
16 77 0 8 0.00397607752499
4 60 0 8 0.00397520723205
45 74 0 8 0.00397141717523
46 57 0 8 0.00396303789838
54 76 0 8 0.00395983804587
15 58 0 8 0.00394709549041
35 63 0 8 0.00394478709747
9 67 0 8 0.00394399433346
3 40 0 8 0.00393679891096
22 55 0 8 0.0039331535748
15 42 0 8 0.00392974624013
19 55 0 8 0.00392921953569
10 52 0 8 0.00391878758828
12 34 0 8 0.00391860102662
32 80 0 8 0.00388991630931
16 33 0 8 0.00387950479015
11 26 0 8 0.00387597168634
29 83 0 8 0.00387223996081
34 75 0 8 0.0038464469493
5 35 0 8 0.00384126457146
48 74 0 8 0.00383459856075
31 44 0 8 0.00382878266085
51 63 0 8 0.00382145802348
24 52 0 8 0.00381992811938
4 41 0 8 0.0038044304567
33 82 0 8 0.00380375780099
38 61 0 8 0.00380300737024
19 35 0 8 0.00379395273031
38 76 0 8 0.00376098349393
20 34 0 8 0.00374953013372
48 67 0 8 0.00373935784667
26 67 0 8 0.00369813067236
15 35 0 8 0.00366795420011
34 85 0 8 0.00366580849484
9 55 0 8 0.00364638836087
57 71 0 8 0.00364073022617
40 61 0 8 0.00363557738316
18 53 0 8 0.00363315675787
16 74 0 8 0.00363149714666
23 38 0 8 0.00362201548234
29 64 0 8 0.00361564801952
13 32 0 8 0.00360117521538
13 31 0 8 0.00359536989879
15 53 0 8 0.00358699775951
51 83 0 8 0.00358644447373
17 74 0 8 0.00358122197775
25 63 0 8 0.00357739943262
13 23 0 8 0.00356759165458
35 47 0 8 0.00356493032044
38 60 0 8 0.00354195813114
34 60 0 8 0.00354089266221
50 64 0 8 0.00353663324775
17 49 0 8 0.00353599283423
30 53 0 8 0.00353415626017
33 67 0 8 0.00353265441416
14 36 0 8 0.00352884786706
52 76 0 8 0.00352592810318
31 50 0 8 0.00352361429552
25 66 0 8 0.00351388478477
30 55 0 8 0.00351077870535
15 77 0 8 0.00350463029251
16 58 0 8 0.00349952199786
6 54 0 8 0.0034929524676
36 83 0 8 0.0034912428933
4 38 0 8 0.00348577821172
36 61 0 8 0.00347995763547
38 75 0 8 0.00346633740337
24 68 0 8 0.00346582743534
5 40 0 8 0.00346299036897
59 69 0 8 0.00345618603682
15 82 0 8 0.00343843166715
11 34 0 8 0.00343492834429
28 43 0 8 0.00343458672478
17 55 0 8 0.00342394827969
41 84 0 8 0.00341157712469
28 55 0 8 0.00340682152512
49 68 0 8 0.00338171175263
17 34 0 8 0.00337503983496
29 52 0 8 0.00337213483849
16 47 0 8 0.00335651854425
30 41 0 8 0.00335080773911
30 83 0 8 0.00334743215438
50 71 0 8 0.00334489314366
31 49 0 8 0.00333503860214
24 66 0 8 0.00332436077728
19 50 0 8 0.00331183062646
45 56 0 8 0.00330426232675
21 41 0 8 0.00329974522092
16 60 0 8 0.00328704696769
27 43 0 8 0.00328550131169
6 35 0 8 0.00327402555423
42 79 0 8 0.0032735877004
35 48 0 8 0.00327033370071
25 65 0 8 0.00326060492833
49 69 0 8 0.00325584735977
11 52 0 8 0.00325471469911
39 75 0 8 0.00324579936513
41 83 0 8 0.00323581167075
47 67 0 8 0.00322950598495
8 55 0 8 0.00322409495832
41 82 0 8 0.00322299158636
35 85 0 8 0.0032195227208
53 83 0 8 0.00321853871878
15 33 0 8 0.0032178444042
16 31 0 8 0.00318889584242
41 80 0 8 0.00318130809896
16 30 0 8 0.00318093522175
35 72 0 8 0.00317955742202
20 67 0 8 0.00317137676688
32 48 0 8 0.00317093989755
38 78 0 8 0.003168371352
24 63 0 8 0.00316759630888
22 52 0 8 0.00315189313302
36 75 0 8 0.00314990273173
53 75 0 8 0.00314970730962
20 52 0 8 0.00314180821984
33 85 0 8 0.00314088107236
31 64 0 8 0.00314049145876
24 71 0 8 0.00313293743422
13 34 0 8 0.00312562116505
18 52 0 8 0.00312124238066
42 60 0 8 0.00311375948583
8 35 0 8 0.00310678557455
21 38 0 8 0.00309871936687
19 42 0 8 0.00309284415118
31 61 0 8 0.00307799576247
26 44 0 8 0.00307685374912
44 75 0 8 0.00307554092601
18 42 0 8 0.00307255175528
34 54 0 8 0.00306715623443
26 43 0 8 0.00305827609612
31 80 0 8 0.00304561796103
4 40 0 8 0.00303641835433
34 53 0 8 0.00302562608201
24 65 0 8 0.00301993373614
9 38 0 8 0.00301225025061
14 33 0 8 0.00298605236582
21 55 0 8 0.00297937946366
24 70 0 8 0.00297744960877
33 50 0 8 0.00297742918051
15 49 0 8 0.00296478507447
31 57 0 8 0.00296270779156
25 46 0 8 0.00295741367362
34 57 0 8 0.00295109765063
32 81 0 8 0.002948758
4 39 0 8 0.00294715204372
8 52 0 8 0.00294568933136
25 64 0 8 0.00292895243652
22 32 0 8 0.00291575799818
52 77 0 8 0.00290782691234
20 74 0 8 0.00287531251232
14 51 0 8 0.00286480303598
2 20 0 8 0.00285302060856
27 62 0 8 0.00285128051493
34 83 0 8 0.00284498295121
34 64 0 8 0.00284428888275
39 78 0 8 0.00284153845188
7 40 0 8 0.00283662114912
15 61 0 8 0.00283351974605
49 66 0 8 0.00282252294505
14 53 0 8 0.00281783502946
19 75 0 8 0.00278357438272
35 74 0 8 0.00278166495609
16 52 0 8 0.00277139988045
17 43 0 8 0.00276589729585
52 82 0 8 0.00276511043881
12 52 0 8 0.00276082468913
7 41 0 8 0.00273940283217
52 75 0 8 0.00273716852243
42 76 0 8 0.00271558668516
36 50 0 8 0.00271425294154
7 34 0 8 0.0027097629093
41 77 0 8 0.00269163640079
19 41 0 8 0.00267727829023
23 65 0 8 0.00267029256501
43 59 0 8 0.00265400238444
26 66 0 8 0.00265303782618
31 62 0 8 0.0026521335682
32 67 0 8 0.00264726549015
6 52 0 8 0.00263547494065
1 20 0 8 0.00261806268273
32 59 0 8 0.00259989507159
55 75 0 8 0.00259527656285
45 75 0 8 0.0025846917727
14 46 0 8 0.002580043483
16 49 0 8 0.00257078505276
22 67 0 8 0.00255338116305
56 71 0 8 0.00255044269378
41 79 0 8 0.0025416966928
4 54 0 8 0.0025370107462
18 55 0 8 0.00253020813691
15 79 0 8 0.00252522093506
15 75 0 8 0.00252154803306
48 75 0 8 0.00251777618939
43 75 0 8 0.00251635039556
6 39 0 8 0.00251312150048
34 65 0 8 0.00249826154396
16 34 0 8 0.00249428246425
42 78 0 8 0.00249182172082
6 41 0 8 0.00249057092085
13 35 0 8 0.00247898317716
33 49 0 8 0.00247736146898
15 55 0 8 0.00246565435536
14 45 0 8 0.0024650762111
12 24 0 8 0.00246221527075
17 39 0 8 0.002455728438
51 68 0 8 0.00245463515711
34 49 0 8 0.00244314364774
36 60 0 8 0.00244078799908
40 75 0 8 0.0024387518188
8 53 0 8 0.00242303067592
35 66 0 8 0.00241972031394
36 58 0 8 0.00240961989497
7 53 0 8 0.00240702969055
57 72 0 8 0.00240176141558
50 68 0 8 0.00239605061045
35 79 0 8 0.00239450372382
5 39 0 8 0.00238174640094
31 53 0 8 0.00238138361481
16 51 0 8 0.00237467231736
35 67 0 8 0.00236352267363
5 41 0 8 0.0023535354715
25 62 0 8 0.00232377568645
17 42 0 8 0.00231207989452
17 44 0 8 0.0023115856784
28 65 0 8 0.00231123544456
32 61 0 8 0.00229607817077
29 43 0 8 0.00229121796869
29 55 0 8 0.00229033906143
31 55 0 8 0.00226968461776
25 44 0 8 0.00226813330091
25 70 0 8 0.00226367428024
51 64 0 8 0.00225983549095
13 27 0 8 0.00225513945328
15 47 0 8 0.00223496027422
69 85 0 8 0.00223157238332
18 43 0 8 0.00222206807563
10 35 0 8 0.00222010007158
67 85 0 8 0.0022164451366
28 52 0 8 0.00221286280808
56 70 0 8 0.00221039197358
24 43 0 8 0.00220779192422
15 56 0 8 0.00220220368861
14 32 0 8 0.00219467624542
31 52 0 8 0.00219245178062
5 55 0 8 0.00219197676213
6 18 0 8 0.00219041117012
40 60 0 8 0.00218224454402
15 44 0 8 0.00215938458707
40 82 0 8 0.00215840033892
38 80 0 8 0.002153897016
4 20 0 8 0.00215364867732
11 32 0 8 0.00215288200241
16 40 0 8 0.00215183893073
26 62 0 8 0.00212784557474
9 40 0 8 0.00212633905239
37 58 0 8 0.00212399890951
20 55 0 8 0.00212350321664
32 42 0 8 0.00212178330515
39 53 0 8 0.00210969420776
35 58 0 8 0.00210592507144
39 60 0 8 0.00210415495075
70 84 0 8 0.00210151502936
20 43 0 8 0.00209692531707
12 35 0 8 0.00208929794771
38 48 0 8 0.00208920146727
16 35 0 8 0.00208672472581
31 60 0 8 0.00208350789079
6 40 0 8 0.00207874121565
35 82 0 8 0.00207798586242
37 57 0 8 0.00207321598768
26 63 0 8 0.00206646407985
53 72 0 8 0.00206416971596
16 41 0 8 0.00205285886128
1 11 0 8 0.00204955612913
32 63 0 8 0.00204743011375
23 67 0 8 0.00203679289929
32 83 0 8 0.00202296518501
35 78 0 8 0.00202204960534
40 79 0 8 0.00201930138959
16 78 0 8 0.00201478231476
52 73 0 8 0.00201193540345
46 75 0 8 0.00200901563957
35 59 0 8 0.00198832009327
18 39 0 8 0.00198504738819
57 69 0 8 0.00198168952436
6 55 0 8 0.00196580704748
14 34 0 8 0.00196387153174
15 78 0 8 0.00195788912925
16 53 0 8 0.00195529806339
40 78 0 8 0.00195184064257
29 67 0 8 0.00193834691798
54 69 0 8 0.00193517229314
9 32 0 8 0.0019278823592
14 30 0 8 0.0019105251099
44 57 0 8 0.00187703089196
15 51 0 8 0.0018735265846
49 65 0 8 0.0018636404162
17 52 0 8 0.00186159599079
25 43 0 8 0.00184914447644
39 59 0 8 0.00184656030204
55 69 0 8 0.001838417673
21 35 0 8 0.00183215727393
41 75 0 8 0.00182583165212
53 70 0 8 0.00182075781477
7 55 0 8 0.00181729301025
25 61 0 8 0.00179583140434
35 50 0 8 0.00178932328191
52 74 0 8 0.00178697218653
37 54 0 8 0.00178547772423
36 57 0 8 0.00176887139794
43 58 0 8 0.00176121104802
54 70 0 8 0.0017437752853
33 83 0 8 0.0017433350933
11 31 0 8 0.00173745458597
21 52 0 8 0.00173232721674
7 35 0 8 0.00172313979315
70 82 0 8 0.00171225903941
40 77 0 8 0.00171000442447
55 72 0 8 0.00170423073476
3 20 0 8 0.00170379165032
6 19 0 8 0.00169379066527
17 40 0 8 0.00168875276197
26 36 0 8 0.00168760681064
15 50 0 8 0.00168359684241
34 50 0 8 0.00166970808949
32 62 0 8 0.00166200922124
40 83 0 8 0.00165884124174
71 82 0 8 0.00163656004435
35 76 0 8 0.00163486068418
55 71 0 8 0.00163451967997
14 47 0 8 0.0016318793894
30 52 0 8 0.00163063683457
54 75 0 8 0.00162934530115
40 80 0 8 0.00162400220462
16 55 0 8 0.00161999900479
35 80 0 8 0.00160920820922
42 75 0 8 0.00160657284112
19 52 0 8 0.00159966156828
51 66 0 8 0.00158640227639
7 52 0 8 0.00153548250986
6 17 0 8 0.001529154796
35 62 0 8 0.00152831317646
38 54 0 8 0.00152820155942
37 51 0 8 0.00149868875937
43 57 0 8 0.00149502890192
38 59 0 8 0.00148997955387
69 83 0 8 0.0014889068243
9 35 0 8 0.00148866377728
32 49 0 8 0.00148483680192
72 82 0 8 0.00147378093127
37 49 0 8 0.00146960544494
1 13 0 8 0.00145937802622
36 51 0 8 0.00145524536539
35 68 0 8 0.00145469023369
35 75 0 8 0.00145153099157
25 36 0 8 0.00144178474442
15 30 0 8 0.00141758082972
1 12 0 8 0.00140736190226
32 55 0 8 0.00140148139492
41 60 0 8 0.00140006015438
32 82 0 8 0.00139977132837
52 68 0 8 0.00139762550005
36 56 0 8 0.00139149246993
32 65 0 8 0.00138840768019
34 55 0 8 0.00138028141836
41 59 0 8 0.00137605892244
41 78 0 8 0.00137319675147
39 54 0 8 0.00135859337877
54 64 0 8 0.00135657356571
36 53 0 8 0.00135536079183
21 42 0 8 0.00134904710702
13 25 0 8 0.00134730430603
14 26 0 8 0.00134384959258
35 52 0 8 0.00134085734531
23 39 0 8 0.00133798939043
22 36 0 8 0.0013360361538
20 35 0 8 0.00133289389421
13 26 0 8 0.00132734983779
43 54 0 8 0.00131960703648
11 35 0 8 0.00131793204254
1 19 0 8 0.0013145146168
15 54 0 8 0.00131283494652
52 72 0 8 0.00128864924496
35 49 0 8 0.00128582583846
50 67 0 8 0.00128367262643
15 29 0 8 0.00126538970639
40 56 0 8 0.0012639940627
34 56 0 8 0.00125992342502
27 64 0 8 0.0012540206435
38 51 0 8 0.00123958414258
38 56 0 8 0.00123902335003
45 55 0 8 0.00123432288214
27 38 0 8 0.0012287112648
20 39 0 8 0.00122597449379
43 53 0 8 0.00121383174146
32 50 0 8 0.00120207995641
24 64 0 8 0.00119761982818
24 42 0 8 0.00119634466198
15 41 0 8 0.00119599085935
16 44 0 8 0.00116713557841
40 76 0 8 0.00115710924264
52 71 0 8 0.00115615379095
52 63 0 8 0.00114253712763
25 42 0 8 0.00113766141976
25 37 0 8 0.00113477254438
39 51 0 8 0.00113469587689
29 42 0 8 0.00113020178361
53 69 0 8 0.00112947904175
37 53 0 8 0.00111741972531
70 85 0 8 0.00110798445529
12 26 0 8 0.00109695590435
16 29 0 8 0.00109543990623
26 41 0 8 0.0010830073434
21 39 0 8 0.0010796158837
23 34 0 8 0.00106883628675
9 31 0 8 0.00106622060854
26 42 0 8 0.00105025838762
51 65 0 8 0.00104686225157
42 59 0 8 0.00104483431644
35 54 0 8 0.00104330084355
54 68 0 8 0.00103615156922
35 64 0 8 0.00103563274074
43 56 0 8 0.00103146008484
36 49 0 8 0.00102866055232
32 58 0 8 0.00102708216188
11 25 0 8 0.0010228862473
53 63 0 8 0.00102157699298
52 64 0 8 0.00101936421905
57 70 0 8 0.00101825641687
50 66 0 8 0.00101747017513
32 53 0 8 0.00100659815878
52 67 0 8 0.00100205890183
20 42 0 8 0.000984514967804
17 28 0 8 0.000984428086185
40 58 0 8 0.000976057423651
58 69 0 8 0.000970590280845
32 64 0 8 0.000957615138608
26 37 0 8 0.000949424515464
35 60 0 8 0.000940725154906
38 49 0 8 0.000940316405191
27 37 0 8 0.000932189897237
28 38 0 8 0.000930355661349
29 41 0 8 0.000926877196969
22 41 0 8 0.000925671314549
3 19 0 8 0.000920103199549
41 54 0 8 0.000914667745151
54 66 0 8 0.000904823602349
35 56 0 8 0.000903043821301
40 50 0 8 0.000901342922857
71 84 0 8 0.000896181957768
44 56 0 8 0.000885659744537
25 41 0 8 0.000876581907463
20 41 0 8 0.000872822369968
49 67 0 8 0.000860503639287
39 58 0 8 0.000858230195893
30 40 0 8 0.000858043757291
24 38 0 8 0.000857261945778
16 28 0 8 0.000854770990681
28 42 0 8 0.000852848027248
52 69 0 8 0.000851738563736
23 35 0 8 0.000848678017173
44 55 0 8 0.000840596611362
14 24 0 8 0.000835160541656
38 57 0 8 0.000828888328659
40 51 0 8 0.000828093534129
56 69 0 8 0.00081968595306
72 85 0 8 0.000819577535628
71 85 0 8 0.00080870638071
2 12 0 8 0.000808289939634
33 55 0 8 0.000807574396892
24 35 0 8 0.000801265696076
2 14 0 8 0.000800125774773
42 54 0 8 0.000796306921498
5 19 0 8 0.000775943395887
70 83 0 8 0.00077394154985
1 14 0 8 0.000767114943518
37 55 0 8 0.000761381064294
23 41 0 8 0.000760258433172
39 50 0 8 0.000756897677387
52 70 0 8 0.00074667376592
44 54 0 8 0.00074124360318
17 27 0 8 0.000737238372833
72 84 0 8 0.000735740587863
4 18 0 8 0.000728361741776
38 58 0 8 0.000722972804732
5 18 0 8 0.000722325007503
56 68 0 8 0.000721075253557
42 58 0 8 0.000714402782109
14 29 0 8 0.000710886414699
24 41 0 8 0.000709765567972
35 51 0 8 0.000709113525111
1 18 0 8 0.000708407519657
22 38 0 8 0.000707147859238
35 61 0 8 0.00069872791046
27 39 0 8 0.000690956005036
25 35 0 8 0.000690223110582
18 40 0 8 0.000689832081764
40 59 0 8 0.000685979078844
35 53 0 8 0.000683708896588
24 39 0 8 0.000679164532567
51 67 0 8 0.000675219048717
55 65 0 8 0.000661490399178
23 40 0 8 0.000661275041057
4 19 0 8 0.00065813007411
15 28 0 8 0.000654859707206
16 42 0 8 0.000648917668975
53 68 0 8 0.000639938588983
14 28 0 8 0.000630697079736
24 37 0 8 0.000624639363429
55 70 0 8 0.000624594261285
39 57 0 8 0.000621331585742
53 64 0 8 0.000612306788297
25 40 0 8 0.000610143177545
3 18 0 8 0.000609732643434
1 15 0 8 0.000608308326349
25 39 0 8 0.000603602874452
20 40 0 8 0.000600431756877
38 53 0 8 0.00059785108974
42 56 0 8 0.000580817492936
40 53 0 8 0.000579367086752
71 83 0 8 0.000577892560459
57 68 0 8 0.000570894159876
36 55 0 8 0.000569529035509
52 65 0 8 0.000567371762439
2 13 0 8 0.000565041833686
24 40 0 8 0.000549824259626
1 16 0 8 0.000543352932663
27 42 0 8 0.000542071367247
22 39 0 8 0.00052862705196
34 52 0 8 0.00052826211224
3 13 0 8 0.000522118929524
5 16 0 8 0.000518840686665
38 55 0 8 0.000513736822244
38 50 0 8 0.000512499436008
40 54 0 8 0.000510263341866
73 85 0 8 0.000505864067688
42 52 0 8 0.000505240144444
35 57 0 8 0.000503868128617
37 52 0 8 0.000501308566575
53 65 0 8 0.000497166983773
53 66 0 8 0.000493557335531
39 52 0 8 0.000492706240234
29 39 0 8 0.000488478883368
1 17 0 8 0.000486986759239
42 53 0 8 0.0004860485362
39 49 0 8 0.000483654799912
4 14 0 8 0.00047791685965
26 39 0 8 0.000464255955624
22 40 0 8 0.000462291089653
75 85 0 8 0.000459055364641
2 16 0 8 0.00045586941812
27 41 0 8 0.000446705191674
33 52 0 8 0.000444365048793
21 40 0 8 0.000441403505435
42 55 0 8 0.000439254108319
41 58 0 8 0.000438578253003
55 68 0 8 0.000435020721426
15 26 0 8 0.000415949221483
5 17 0 8 0.000411009336888
41 53 0 8 0.000409870676968
54 65 0 8 0.000409832773939
3 17 0 8 0.000405901965206
36 52 0 8 0.000396327327711
29 40 0 8 0.000387299269128
14 25 0 8 0.00038619626636
22 35 0 8 0.00037906145179
74 84 0 8 0.000378938605365
2 15 0 8 0.000377583202878
28 40 0 8 0.000374696204196
41 57 0 8 0.000374177960259
28 41 0 8 0.000368340339952
54 67 0 8 0.000365248935646
41 51 0 8 0.000364573357219
3 16 0 8 0.000363488167644
40 52 0 8 0.000359745274255
52 66 0 8 0.000352655746422
28 39 0 8 0.000348714415907
58 68 0 8 0.000345296374862
41 52 0 8 0.000345206939711
39 56 0 8 0.000341395839328
32 52 0 8 0.000339497826671
42 57 0 8 0.000339241950457
73 84 0 8 0.000337025238546
26 38 0 8 0.000331863873506
24 34 0 8 0.000313639038635
38 52 0 8 0.000313011485069
73 83 0 8 0.000308306371593
74 85 0 8 0.000307692077934
2 19 0 8 0.000300986502866
2 18 0 8 0.0002973110781
53 67 0 8 0.000292768621536
6 16 0 8 0.000287780773612
40 57 0 8 0.000285856641092
43 55 0 8 0.000285197860597
4 17 0 8 0.000280478410424
26 40 0 8 0.00027954784798
15 27 0 8 0.000276804770054
41 56 0 8 0.000274234747761
2 17 0 8 0.00026219853617
14 27 0 8 0.000251290155062
56 66 0 8 0.000235501420497
35 55 0 8 0.000233918107587
72 83 0 8 0.000223845808238
55 66 0 8 0.000221085840082
39 55 0 8 0.000210405492459
4 15 0 8 0.000209441057259
41 55 0 8 0.000208063226763
3 15 0 8 0.000204080701316
3 14 0 8 0.000198293259451
16 26 0 8 0.00019619077964
25 38 0 8 0.000195199947688
56 67 0 8 0.000172657674725
40 55 0 8 0.000170001924517
57 67 0 8 0.000154006323095
4 16 0 8 0.000136277657953
16 27 0 8 7.7316896028e-05
5 15 0 8 6.10954454663e-05
27 40 0 8 0.0
