51 80 0 8 1.0
21 60 0 8 0.981938817402
47 79 0 8 0.981440477747
47 80 0 8 0.980938189284
51 84 0 8 0.975093952452
21 56 0 8 0.971218227118
22 56 0 8 0.970338250293
10 53 0 8 0.966919432497
26 52 0 8 0.963385613243
47 83 0 8 0.959611706421
25 56 0 8 0.956884962908
9 53 0 8 0.955381135064
51 87 0 8 0.953542144491
6 49 0 8 0.95318669096
54 84 0 8 0.949736221944
22 52 0 8 0.9491409846
18 57 0 8 0.94747118529
18 60 0 8 0.946940526156
29 52 0 8 0.945586145533
51 83 0 8 0.944539528982
25 52 0 8 0.943695881198
15 57 0 8 0.936980294169
47 75 0 8 0.936371873879
18 56 0 8 0.933284148503
6 22 0 8 0.932575671476
22 53 0 8 0.932026422566
7 19 0 8 0.927162948306
55 87 0 8 0.926488005777
54 69 0 8 0.924755633038
6 19 0 8 0.919920954706
48 83 0 8 0.915436262323
18 62 0 8 0.90779021447
29 90 0 8 0.901415986764
13 64 0 8 0.899265222558
15 64 0 8 0.897816495783
21 59 0 8 0.897096901342
15 62 0 8 0.893352033452
6 53 0 8 0.892315258547
52 87 0 8 0.888066704923
13 69 0 8 0.88312358623
17 62 0 8 0.869334407104
54 80 0 8 0.868777078323
18 53 0 8 0.867708166191
13 65 0 8 0.865646827315
47 73 0 8 0.865367919921
50 73 0 8 0.859532856475
50 80 0 8 0.854717679182
15 56 0 8 0.85102050075
55 84 0 8 0.850319799839
54 66 0 8 0.845875871313
13 68 0 8 0.845298494734
9 50 0 8 0.844426840783
46 73 0 8 0.841334802093
17 60 0 8 0.836911285869
50 69 0 8 0.827373211905
6 52 0 8 0.818709100426
19 53 0 8 0.801243884182
9 69 0 8 0.800417854159
29 87 0 8 0.796311761402
15 53 0 8 0.794405033572
26 43 0 8 0.794205588359
5 46 0 8 0.794181834756
26 48 0 8 0.786746531784
22 49 0 8 0.775223422077
5 49 0 8 0.760338053664
55 88 0 8 0.759019941329
25 87 0 8 0.752520931269
25 55 0 8 0.747169019751
30 43 0 8 0.746250162349
32 90 0 8 0.723431576566
28 90 0 8 0.721058889314
9 49 0 8 0.707023851285
22 55 0 8 0.704011882284
46 75 0 8 0.693613757791
47 90 0 8 0.689525100543
26 49 0 8 0.687335030503
13 53 0 8 0.675717939149
19 56 0 8 0.667138332176
10 22 0 8 0.652409215084
9 72 0 8 0.635023157267
29 43 0 8 0.634969696472
6 23 0 8 0.628117116158
54 87 0 8 0.623738251848
53 69 0 8 0.620919713721
12 72 0 8 0.615695925857
66 80 0 8 0.613357745117
50 72 0 8 0.59964456537
29 48 0 8 0.576408013378
5 44 0 8 0.555975358544
23 52 0 8 0.5345929241
48 87 0 8 0.50111446856
13 57 0 8 0.478254572164
26 87 0 8 0.473837282908
29 86 0 8 0.467791444205
13 62 0 8 0.448277555648
6 26 0 8 0.444892150848
46 74 0 8 0.434777368565
13 51 0 8 0.409206918771
50 75 0 8 0.400917670736
69 83 0 8 0.371832781226
12 68 0 8 0.367598868569
70 80 0 8 0.366420361809
52 83 0 8 0.353686182858
58 88 0 8 0.348315225933
54 64 0 8 0.347455479159
55 90 0 8 0.340183839119
25 90 0 8 0.305244233245
53 64 0 8 0.301418019896
18 59 0 8 0.301196005722
22 47 0 8 0.299853137395
51 90 0 8 0.294207859769
15 60 0 8 0.283386514113
48 69 0 8 0.283354225009
51 69 0 8 0.27152280447
6 50 0 8 0.264024533188
54 91 0 8 0.263256550652
10 56 0 8 0.259844810337
14 69 0 8 0.259112367079
30 42 0 8 0.2508091919
11 53 0 8 0.24912484275
29 51 0 8 0.249057226995
25 57 0 8 0.248321731005
58 84 0 8 0.241294871539
10 55 0 8 0.24099108665
52 80 0 8 0.23741597197
10 52 0 8 0.236818091962
6 18 0 8 0.23631625913
50 70 0 8 0.232291891525
22 57 0 8 0.230195909446
15 63 0 8 0.220083511636
9 73 0 8 0.219118240544
59 69 0 8 0.218996556486
56 73 0 8 0.21621326907
14 62 0 8 0.212418555064
10 50 0 8 0.212120328883
9 52 0 8 0.204486127456
58 69 0 8 0.203945201419
29 53 0 8 0.203474123733
9 56 0 8 0.203114964396
22 48 0 8 0.198339244815
15 48 0 8 0.198313045988
52 73 0 8 0.197275709138
15 50 0 8 0.196261579133
53 83 0 8 0.194093698361
14 50 0 8 0.180259183874
5 50 0 8 0.178846588698
47 87 0 8 0.178837141933
10 60 0 8 0.17707374067
9 54 0 8 0.176704268868
29 54 0 8 0.176322343131
22 46 0 8 0.17600542086
18 49 0 8 0.175289653725
48 90 0 8 0.175188989479
46 72 0 8 0.173954166633
15 51 0 8 0.173766658972
12 50 0 8 0.171674139694
16 73 0 8 0.169092059268
13 63 0 8 0.168667349708
25 53 0 8 0.167804550201
13 52 0 8 0.16779186845
9 64 0 8 0.167581305821
73 83 0 8 0.166953171864
26 51 0 8 0.165769243086
12 52 0 8 0.164919520211
54 73 0 8 0.157243992982
10 73 0 8 0.154469848577
48 80 0 8 0.154227649916
6 55 0 8 0.153857676919
49 73 0 8 0.152256996949
59 88 0 8 0.151929898902
46 83 0 8 0.150703581181
39 94 0 8 0.1500822817
55 73 0 8 0.149316744389
29 83 0 8 0.149028769923
33 53 0 8 0.148921817958
48 79 0 8 0.148828899453
53 87 0 8 0.148771854355
33 90 0 8 0.148293319495
64 84 0 8 0.146910310009
53 80 0 8 0.146677679616
26 56 0 8 0.146664982677
33 50 0 8 0.145897258333
15 69 0 8 0.144338207919
13 56 0 8 0.144321501421
11 22 0 8 0.141166661484
18 50 0 8 0.141065268228
22 51 0 8 0.139178421131
21 55 0 8 0.138732053874
69 87 0 8 0.136984857915
29 56 0 8 0.135564152494
10 51 0 8 0.13532931988
9 55 0 8 0.13410660165
25 83 0 8 0.133249117847
59 87 0 8 0.129889380304
26 50 0 8 0.129613404141
11 54 0 8 0.129013899047
43 90 0 8 0.128822609642
9 51 0 8 0.128713030201
18 54 0 8 0.12869747797
69 86 0 8 0.128596692223
10 48 0 8 0.128317921518
12 53 0 8 0.127722881615
11 50 0 8 0.127588728434
41 77 0 8 0.127520763362
11 51 0 8 0.127297086132
43 84 0 8 0.127189678537
15 46 0 8 0.126374978557
13 55 0 8 0.126294673458
56 69 0 8 0.125316819335
26 57 0 8 0.124740278082
6 75 0 8 0.12462886852
6 56 0 8 0.123704520755
21 52 0 8 0.123309313352
37 51 0 8 0.123225165758
25 51 0 8 0.123031636164
13 48 0 8 0.122860151553
18 69 0 8 0.122252095769
14 52 0 8 0.122233992
57 87 0 8 0.121852309267
11 83 0 8 0.120453838676
60 87 0 8 0.120227458031
62 90 0 8 0.119651463536
53 73 0 8 0.11949323781
22 83 0 8 0.118513523191
4 55 0 8 0.118082829667
25 75 0 8 0.118059767105
33 49 0 8 0.117333687505
12 22 0 8 0.116731342306
13 54 0 8 0.116276371202
18 51 0 8 0.115871565156
26 83 0 8 0.115408848312
25 69 0 8 0.113507610846
43 83 0 8 0.113468783425
14 64 0 8 0.113215080062
12 48 0 8 0.113106989018
14 51 0 8 0.112580400194
12 51 0 8 0.111725475523
26 62 0 8 0.111652209935
26 90 0 8 0.111465294595
33 48 0 8 0.111160742726
11 55 0 8 0.11103243682
15 73 0 8 0.110414387512
26 54 0 8 0.109875185282
57 83 0 8 0.108979094281
18 52 0 8 0.106459313905
11 56 0 8 0.105949165794
66 84 0 8 0.105819728402
14 56 0 8 0.105634134395
26 53 0 8 0.105105654699
56 87 0 8 0.104770271747
12 56 0 8 0.102907960421
53 75 0 8 0.102590377484
4 54 0 8 0.102550312264
25 54 0 8 0.102288308808
53 79 0 8 0.101629184296
33 87 0 8 0.101271247572
26 60 0 8 0.101185254669
44 82 0 8 0.100803701032
51 75 0 8 0.1001789995
19 55 0 8 0.0994525326126
10 54 0 8 0.0993864735998
12 69 0 8 0.0991583995237
53 84 0 8 0.0989859201173
41 90 0 8 0.0989767771064
9 83 0 8 0.0986497170283
69 80 0 8 0.0971401406307
8 46 0 8 0.0965790225124
45 73 0 8 0.0960757240658
13 46 0 8 0.0960396456235
4 56 0 8 0.0951561148712
4 50 0 8 0.0950711927032
6 64 0 8 0.0948466573672
14 65 0 8 0.0945087912222
6 73 0 8 0.0944410084026
13 84 0 8 0.0937169715513
18 64 0 8 0.0936973110405
6 83 0 8 0.0934134372602
6 25 0 8 0.0933201770308
19 43 0 8 0.0932192090307
22 50 0 8 0.0931382204836
9 46 0 8 0.0931074273699
53 94 0 8 0.0904742706221
9 48 0 8 0.0896415200305
18 47 0 8 0.0891159411904
13 50 0 8 0.0889802464555
9 25 0 8 0.0884227278283
9 57 0 8 0.0875780852476
60 84 0 8 0.0874083700072
18 73 0 8 0.0859673510032
26 37 0 8 0.0852397678179
56 91 0 8 0.0848372323372
57 68 0 8 0.0842274375582
6 46 0 8 0.0841830893993
57 69 0 8 0.0839209644422
6 57 0 8 0.0837664065521
29 50 0 8 0.0837306546459
13 43 0 8 0.0835303817015
25 60 0 8 0.0834020074504
50 84 0 8 0.0832597440242
6 43 0 8 0.0830649158795
11 52 0 8 0.083061566986
52 90 0 8 0.0819560372478
54 70 0 8 0.0815653633808
50 94 0 8 0.081223115577
6 54 0 8 0.0808586329429
70 84 0 8 0.0807327494788
26 84 0 8 0.0806373325924
21 90 0 8 0.0806112476735
33 52 0 8 0.0805627380778
60 72 0 8 0.080549995576
66 87 0 8 0.080237044895
19 69 0 8 0.0801296980501
11 80 0 8 0.0800550655662
10 57 0 8 0.0798700942554
41 86 0 8 0.0789206487738
18 55 0 8 0.0787875131707
43 87 0 8 0.0784381119481
50 79 0 8 0.0781732911698
6 47 0 8 0.0781025619314
22 43 0 8 0.0766619226205
14 55 0 8 0.0766462716692
13 72 0 8 0.0764150081706
11 48 0 8 0.0761308610113
32 86 0 8 0.0760022133812
13 73 0 8 0.0759544176085
6 48 0 8 0.0757965184188
51 79 0 8 0.07577640987
19 62 0 8 0.0755936407795
7 22 0 8 0.0753417371617
47 76 0 8 0.0751387304268
21 54 0 8 0.0748769016303
9 87 0 8 0.0745199824836
57 86 0 8 0.0745147579059
8 64 0 8 0.0743371906114
14 54 0 8 0.074237786947
13 83 0 8 0.0740642671814
19 50 0 8 0.0738799869122
22 87 0 8 0.0738731144663
26 73 0 8 0.0738001830077
26 63 0 8 0.0736879457151
15 52 0 8 0.0736486322873
19 49 0 8 0.0723122643069
54 83 0 8 0.0722863084837
56 72 0 8 0.0722763529295
22 60 0 8 0.0720884959509
4 28 0 8 0.0720736651368
26 38 0 8 0.0720362349869
10 25 0 8 0.071831512039
30 79 0 8 0.0717819696779
9 84 0 8 0.0715903917065
29 49 0 8 0.0712259014784
14 46 0 8 0.0710506806876
30 52 0 8 0.0707561451239
10 46 0 8 0.0705837644377
26 69 0 8 0.0702027119949
29 42 0 8 0.069828251025
12 46 0 8 0.0693495566939
69 84 0 8 0.0691758091124
10 49 0 8 0.0686265374203
54 94 0 8 0.0685044205121
5 73 0 8 0.0683865181979
4 73 0 8 0.0682575136561
62 87 0 8 0.0682125503943
57 70 0 8 0.0681782565098
22 73 0 8 0.0678988858902
54 79 0 8 0.0677892077294
14 53 0 8 0.067755627668
55 80 0 8 0.0677422624694
42 83 0 8 0.0676214972689
70 94 0 8 0.0674179589635
4 83 0 8 0.0672273681943
48 73 0 8 0.0671124047049
53 90 0 8 0.0669722068094
29 46 0 8 0.0661750866222
55 94 0 8 0.0657891665133
11 69 0 8 0.0657769707696
13 87 0 8 0.0654480274135
57 94 0 8 0.0651720588445
26 94 0 8 0.0648549087574
13 49 0 8 0.0647211656452
46 69 0 8 0.0646211392841
10 87 0 8 0.0645977425927
28 56 0 8 0.0643778698884
29 57 0 8 0.0643390120923
6 51 0 8 0.0641240146479
5 28 0 8 0.0641104823844
51 73 0 8 0.0641092142093
25 94 0 8 0.0639798299744
22 54 0 8 0.0638797352685
54 90 0 8 0.0638606367035
60 90 0 8 0.0638529896836
9 80 0 8 0.0637657893567
12 55 0 8 0.0637402208206
50 87 0 8 0.0636125186264
5 72 0 8 0.0635621257526
57 73 0 8 0.0635314427499
66 90 0 8 0.06352451335
56 94 0 8 0.0632684027323
57 91 0 8 0.063152387493
6 66 0 8 0.0630062625875
13 47 0 8 0.0629650620847
52 79 0 8 0.0629248260025
15 43 0 8 0.0626446959967
42 52 0 8 0.0625513712195
30 94 0 8 0.0624540482735
54 88 0 8 0.0619433534045
18 83 0 8 0.0618637507374
4 60 0 8 0.0616766417542
16 62 0 8 0.06135064102
11 87 0 8 0.0612038440576
22 64 0 8 0.0611201482985
7 25 0 8 0.0610222520158
66 83 0 8 0.0606878600631
11 60 0 8 0.0606632407599
6 69 0 8 0.060121809731
4 52 0 8 0.0600799143898
22 45 0 8 0.0600787639196
13 75 0 8 0.0594779678681
52 94 0 8 0.059296394811
6 87 0 8 0.0591393841032
47 84 0 8 0.0591024513513
12 54 0 8 0.0578749793638
55 69 0 8 0.0577239070567
16 53 0 8 0.0576769769845
5 83 0 8 0.0572367645533
25 59 0 8 0.057133643693
4 94 0 8 0.0569733296548
29 55 0 8 0.0568609898451
25 50 0 8 0.0568354478875
13 60 0 8 0.056668010806
6 63 0 8 0.0566464594233
17 55 0 8 0.0560843692906
24 56 0 8 0.0557563941521
47 86 0 8 0.0556388373585
22 84 0 8 0.0554948083592
33 46 0 8 0.0554332980703
25 64 0 8 0.0554299453799
18 80 0 8 0.0553211670918
10 69 0 8 0.0552329302027
30 41 0 8 0.0551769406521
10 83 0 8 0.0551593228903
19 94 0 8 0.0550214221383
53 91 0 8 0.0547652128003
8 50 0 8 0.0546981248192
26 47 0 8 0.0545336113749
55 91 0 8 0.0544580258612
13 90 0 8 0.0541324010232
4 53 0 8 0.0539500268135
25 47 0 8 0.053870226706
33 47 0 8 0.0535262588923
16 69 0 8 0.0533417925734
4 84 0 8 0.0533094654993
11 57 0 8 0.0531884800768
4 76 0 8 0.0531879029432
47 74 0 8 0.0531634962681
64 90 0 8 0.0529334819599
11 46 0 8 0.0526128994468
12 73 0 8 0.0525633305072
12 83 0 8 0.052504440101
25 46 0 8 0.0524662315802
14 49 0 8 0.052438172257
15 47 0 8 0.0523552624626
4 87 0 8 0.0521882012774
53 74 0 8 0.0521392512376
50 83 0 8 0.0520929628467
45 79 0 8 0.0520123577897
28 60 0 8 0.0519497160153
4 46 0 8 0.0518969424655
18 87 0 8 0.0518593034844
60 70 0 8 0.0518419591017
55 72 0 8 0.0518212126685
50 74 0 8 0.0517284346494
4 64 0 8 0.0516085845093
11 84 0 8 0.0512701678093
7 47 0 8 0.0508105226832
21 94 0 8 0.0504895073199
45 83 0 8 0.0498267073784
60 88 0 8 0.0497233928746
18 48 0 8 0.049566978285
50 82 0 8 0.0494464105249
22 63 0 8 0.0494067401855
19 51 0 8 0.0492899351844
45 75 0 8 0.0490525927987
29 40 0 8 0.048823493551
13 66 0 8 0.0482569913841
4 25 0 8 0.0477929721929
26 46 0 8 0.0477499111938
9 90 0 8 0.0474046638142
26 41 0 8 0.0468786597177
11 73 0 8 0.0468531177601
21 83 0 8 0.0468364530281
51 86 0 8 0.0466612284403
9 47 0 8 0.0466041985304
6 94 0 8 0.046474237162
14 57 0 8 0.0464271628063
33 51 0 8 0.0461301630342
44 88 0 8 0.0460619625521
9 22 0 8 0.0456436584152
8 47 0 8 0.0455453748456
8 73 0 8 0.0454767339195
13 45 0 8 0.0454488378644
60 94 0 8 0.0454391936586
3 64 0 8 0.0454231782019
49 75 0 8 0.0453234631891
6 72 0 8 0.0453179386539
15 49 0 8 0.0453175247884
49 83 0 8 0.0452922144435
12 57 0 8 0.044984776907
33 43 0 8 0.0449556392553
49 86 0 8 0.0448021255213
12 75 0 8 0.04478016407
33 86 0 8 0.0447789984121
13 80 0 8 0.0447718829626
7 73 0 8 0.0446804452603
49 80 0 8 0.0445527354722
12 62 0 8 0.0445062610317
5 60 0 8 0.0444745946237
30 46 0 8 0.0444392945523
28 91 0 8 0.0444060903871
12 65 0 8 0.0442669328508
14 63 0 8 0.0441994006287
22 94 0 8 0.0441814373462
16 48 0 8 0.0441301711782
4 66 0 8 0.04409596842
7 46 0 8 0.0440522239732
8 52 0 8 0.0440240127728
52 75 0 8 0.0439210513837
64 87 0 8 0.0433995808233
11 64 0 8 0.043378169927
59 91 0 8 0.043237448055
6 91 0 8 0.0431472139799
29 60 0 8 0.0431202177976
10 84 0 8 0.0429257199859
30 45 0 8 0.0427974368611
48 74 0 8 0.0426667161064
2 44 0 8 0.0426259332661
25 73 0 8 0.0426256295116
42 78 0 8 0.0425787298148
33 94 0 8 0.0423071429046
19 47 0 8 0.0420610903582
21 53 0 8 0.0418381383425
41 51 0 8 0.0417147836347
43 91 0 8 0.0416795708928
17 66 0 8 0.0416347557113
62 91 0 8 0.0415948727438
39 49 0 8 0.0415722810018
47 94 0 8 0.0415337877112
19 64 0 8 0.0414059754059
14 73 0 8 0.0412686517875
29 69 0 8 0.0405773065156
4 75 0 8 0.040446528807
52 84 0 8 0.0404450252221
4 90 0 8 0.0403649593294
33 83 0 8 0.0402422538969
25 91 0 8 0.0402034872272
21 64 0 8 0.0398448556643
14 48 0 8 0.0396117468571
28 87 0 8 0.0394280968785
25 62 0 8 0.0393563690471
59 79 0 8 0.0392917224929
6 59 0 8 0.0391941109801
11 43 0 8 0.0391557391912
11 21 0 8 0.0390587237967
4 59 0 8 0.0389214457414
22 69 0 8 0.0386748236553
4 88 0 8 0.0385061449772
7 49 0 8 0.0384107318877
6 70 0 8 0.0383037723298
58 94 0 8 0.0383015890942
12 60 0 8 0.0380366809864
60 86 0 8 0.0380091836091
6 62 0 8 0.0377433376592
49 79 0 8 0.0376995172738
25 70 0 8 0.03763506816
5 90 0 8 0.0375739907213
46 87 0 8 0.0375174202401
29 94 0 8 0.0374796635541
16 49 0 8 0.037472031722
4 72 0 8 0.0374235221263
16 64 0 8 0.0372547523218
60 71 0 8 0.0371951367017
2 63 0 8 0.037094032012
60 83 0 8 0.0368593588691
51 94 0 8 0.0367971689294
56 75 0 8 0.0366809334681
72 84 0 8 0.0365196208369
12 87 0 8 0.0365162149895
29 91 0 8 0.0364873583107
8 51 0 8 0.0362853501687
62 72 0 8 0.0362845148438
4 62 0 8 0.0361146705078
8 83 0 8 0.0360304052089
7 50 0 8 0.0358638110462
15 84 0 8 0.0358570790868
29 84 0 8 0.0358409990823
12 59 0 8 0.0358089985443
73 84 0 8 0.0356877625243
4 49 0 8 0.0354651864048
6 60 0 8 0.0352776028052
13 94 0 8 0.0352657335976
21 62 0 8 0.0352551325651
14 47 0 8 0.0352140155948
48 84 0 8 0.0351494981363
12 80 0 8 0.0349504060376
15 68 0 8 0.0349177714121
5 47 0 8 0.0345847653394
8 78 0 8 0.0345130451019
5 94 0 8 0.0344579212516
6 58 0 8 0.0342895691097
64 83 0 8 0.0342442451394
29 47 0 8 0.0342411240617
70 87 0 8 0.0342067618324
72 83 0 8 0.0339662945721
46 82 0 8 0.0339333903645
17 73 0 8 0.0338129517001
5 64 0 8 0.033693986245
43 86 0 8 0.0335597191564
25 84 0 8 0.0333829302328
7 65 0 8 0.033373510046
33 45 0 8 0.0332972410846
14 91 0 8 0.0330366159155
64 80 0 8 0.0330092856032
9 75 0 8 0.0330061189624
56 79 0 8 0.0329363427538
49 94 0 8 0.0327551873591
29 59 0 8 0.0327004356081
19 73 0 8 0.0326976372696
56 80 0 8 0.0326842606803
21 51 0 8 0.0325911485312
54 75 0 8 0.0325424642766
39 95 0 8 0.0323437898404
42 87 0 8 0.0323076772257
12 79 0 8 0.0322928502085
6 84 0 8 0.032171090212
39 54 0 8 0.0321487338798
57 72 0 8 0.0321178268581
32 59 0 8 0.0320263663742
13 79 0 8 0.0320236515682
16 60 0 8 0.0320207621034
3 77 0 8 0.0318621642783
56 83 0 8 0.0318337974037
25 80 0 8 0.0317436202826
52 69 0 8 0.0317007586223
7 18 0 8 0.0316844621927
8 72 0 8 0.0316017403464
16 54 0 8 0.0315006147736
23 41 0 8 0.0314659487898
45 87 0 8 0.0312438814592
28 94 0 8 0.0311683358133
2 64 0 8 0.0310922851755
15 87 0 8 0.0309863450937
23 43 0 8 0.030684919998
23 64 0 8 0.0306689159321
57 90 0 8 0.0305945017718
16 46 0 8 0.0305294223673
26 55 0 8 0.0305083323118
47 82 0 8 0.0304040628798
10 80 0 8 0.0303193970047
4 51 0 8 0.0302116438881
14 45 0 8 0.0301176356632
54 65 0 8 0.0301101101451
25 45 0 8 0.0299894569541
39 91 0 8 0.0299578892663
70 83 0 8 0.0299423825984
11 94 0 8 0.0298793934047
5 43 0 8 0.0298175015242
41 83 0 8 0.0297308251739
18 72 0 8 0.029684426672
29 41 0 8 0.0296792856269
4 91 0 8 0.0295993051651
32 94 0 8 0.0294564627068
7 23 0 8 0.0294413907876
42 79 0 8 0.0294201830272
59 86 0 8 0.0294185693313
30 47 0 8 0.0293037615162
2 32 0 8 0.0292797649096
59 94 0 8 0.0290639397342
42 86 0 8 0.0289234893427
12 78 0 8 0.0289187583662
5 63 0 8 0.0288569405258
4 57 0 8 0.0286964461334
29 64 0 8 0.028694365415
48 86 0 8 0.0285757245976
26 64 0 8 0.0283009140927
15 45 0 8 0.0282862674297
33 57 0 8 0.0281192062445
5 56 0 8 0.0280887092913
5 87 0 8 0.0280333234528
8 56 0 8 0.0279887816504
56 70 0 8 0.0278523408185
60 91 0 8 0.027843790129
24 94 0 8 0.0278026845495
55 66 0 8 0.0277841877981
9 21 0 8 0.0277389644465
10 94 0 8 0.0275748667662
18 43 0 8 0.0274675825706
46 80 0 8 0.0274080144121
9 19 0 8 0.0273445809775
2 91 0 8 0.027297331963
25 49 0 8 0.0271517443233
53 72 0 8 0.0271106482361
19 52 0 8 0.027088707668
50 90 0 8 0.0270699812022
52 64 0 8 0.0270497017915
4 48 0 8 0.0269634089313
27 94 0 8 0.0267798823529
4 80 0 8 0.0267558344878
2 60 0 8 0.0266262281325
3 66 0 8 0.0266168364226
41 87 0 8 0.0265311396806
10 64 0 8 0.0263740720188
2 94 0 8 0.0263602815639
2 56 0 8 0.0263007247962
22 90 0 8 0.0262922462484
14 87 0 8 0.0262481031238
6 76 0 8 0.0262375058882
5 55 0 8 0.0262360079988
4 86 0 8 0.0261827275587
11 49 0 8 0.026070909827
4 43 0 8 0.0260265199019
50 86 0 8 0.0259739380972
8 60 0 8 0.0259137092726
7 60 0 8 0.025876345569
22 62 0 8 0.0258179069977
40 84 0 8 0.0257827265296
12 94 0 8 0.0257327892877
16 61 0 8 0.025712619988
9 60 0 8 0.0257018196166
4 74 0 8 0.025634228542
45 86 0 8 0.0255611528001
4 82 0 8 0.0255472199602
7 26 0 8 0.0255329909598
26 80 0 8 0.0255058713771
16 66 0 8 0.0254665256754
12 90 0 8 0.0254619067083
18 46 0 8 0.025400003437
2 66 0 8 0.025375891024
60 89 0 8 0.0253334774017
4 47 0 8 0.02532465713
22 91 0 8 0.0252747198881
10 29 0 8 0.0252414549719
59 90 0 8 0.02524125943
64 86 0 8 0.0251752497773
13 74 0 8 0.0251585622638
41 52 0 8 0.0251584920205
25 48 0 8 0.0251406331536
29 63 0 8 0.0251305181284
18 84 0 8 0.0250521418701
22 80 0 8 0.0249703047089
12 66 0 8 0.0249290605414
64 91 0 8 0.0249091152607
28 55 0 8 0.0247835298557
10 90 0 8 0.0247732781409
6 65 0 8 0.0247706810398
8 49 0 8 0.0247607615565
21 73 0 8 0.0247526380217
22 59 0 8 0.0247343197261
7 55 0 8 0.0247233276097
25 66 0 8 0.0247050871512
2 90 0 8 0.0246175925621
22 86 0 8 0.024515181728
12 84 0 8 0.0244915667131
14 79 0 8 0.0244797677487
18 68 0 8 0.0244364295736
43 79 0 8 0.0244345197171
48 94 0 8 0.0243821372513
52 74 0 8 0.0243778846881
11 62 0 8 0.0243728632463
3 94 0 8 0.0242809509276
15 54 0 8 0.0242676787538
14 72 0 8 0.0242416393982
59 72 0 8 0.0242019633634
30 77 0 8 0.0241714588164
1 63 0 8 0.0241666329166
48 82 0 8 0.0241640358155
7 53 0 8 0.0241521533186
19 66 0 8 0.0240936008393
3 73 0 8 0.0240460746488
42 84 0 8 0.0240458449344
37 48 0 8 0.0240238701939
21 87 0 8 0.0240214059854
2 49 0 8 0.0240175957647
2 76 0 8 0.0240075282011
12 61 0 8 0.0240039154208
11 58 0 8 0.0239859901076
70 82 0 8 0.0239725242904
12 47 0 8 0.0239442751206
15 75 0 8 0.0239420994789
55 83 0 8 0.0238974950272
28 80 0 8 0.0238959136052
6 29 0 8 0.0238809612893
7 74 0 8 0.0238768321264
36 94 0 8 0.0238498853042
50 66 0 8 0.0237944747856
49 72 0 8 0.0237468081086
19 60 0 8 0.0237199277327
20 56 0 8 0.0236752986008
7 64 0 8 0.0236371698156
33 84 0 8 0.0236038194685
66 81 0 8 0.0235655615876
4 78 0 8 0.0235548181701
19 87 0 8 0.0235385976791
22 68 0 8 0.0235239586101
10 21 0 8 0.0235047556294
25 43 0 8 0.0234860766253
50 91 0 8 0.0234841382919
6 44 0 8 0.0234826404024
16 56 0 8 0.0234567795026
29 39 0 8 0.0234481168035
69 79 0 8 0.0234278525806
17 64 0 8 0.0234247675738
56 90 0 8 0.0233971221162
14 59 0 8 0.0233411572456
32 51 0 8 0.0233309719771
26 61 0 8 0.0232850632794
5 65 0 8 0.0232778453128
22 66 0 8 0.023208023541
13 76 0 8 0.0232060814106
43 80 0 8 0.0231776993482
23 60 0 8 0.0231583786627
30 50 0 8 0.0231159460557
29 80 0 8 0.0230773008878
19 41 0 8 0.0230498794491
59 83 0 8 0.0230436828571
33 55 0 8 0.0229906416237
4 61 0 8 0.0229169052156
58 86 0 8 0.0229044398898
15 55 0 8 0.0228925611899
19 48 0 8 0.0228803407661
9 94 0 8 0.0228789966524
14 83 0 8 0.0228596417945
26 42 0 8 0.0227841227271
56 66 0 8 0.0227687774288
48 75 0 8 0.0226921002974
2 73 0 8 0.0226743173691
25 88 0 8 0.0225526390066
60 73 0 8 0.0225346662317
3 55 0 8 0.0225058019591
9 62 0 8 0.0224930195895
28 54 0 8 0.0224374116305
21 91 0 8 0.0224336431761
7 94 0 8 0.0223974071611
21 70 0 8 0.022355646611
23 49 0 8 0.0223496892256
4 70 0 8 0.0223476274918
21 47 0 8 0.0223469155672
3 91 0 8 0.0222482010458
4 63 0 8 0.0222333911148
16 51 0 8 0.022207693483
2 50 0 8 0.0221886651612
21 50 0 8 0.0221836266333
5 53 0 8 0.0221713074893
53 81 0 8 0.0221208937324
16 50 0 8 0.0221195420248
4 24 0 8 0.0220353963293
13 91 0 8 0.022024037809
14 75 0 8 0.0219986591194
48 72 0 8 0.0219915208884
2 65 0 8 0.0219760996514
55 75 0 8 0.0219501134528
2 46 0 8 0.0219183141522
11 61 0 8 0.0218731515515
16 94 0 8 0.0218303088759
45 84 0 8 0.0217667767211
43 75 0 8 0.0217575008176
63 90 0 8 0.0217464403564
5 91 0 8 0.0217383130247
8 55 0 8 0.0217365360608
54 72 0 8 0.0217143790675
30 57 0 8 0.0216865152864
7 83 0 8 0.0216336714934
26 91 0 8 0.0216269490263
10 66 0 8 0.0216137907605
12 64 0 8 0.0216052058986
10 47 0 8 0.021570251348
26 59 0 8 0.0215137966733
58 90 0 8 0.0214274848284
2 67 0 8 0.021426590651
29 58 0 8 0.0214225905838
67 84 0 8 0.0214055290725
14 80 0 8 0.0212729288367
4 29 0 8 0.0212684028945
23 44 0 8 0.0212679681458
49 82 0 8 0.0211464701375
8 59 0 8 0.0211411335504
41 94 0 8 0.0211358026587
22 42 0 8 0.0211081951704
6 90 0 8 0.0210812863175
23 94 0 8 0.0210812084804
5 74 0 8 0.0210584800489
14 60 0 8 0.0210334677632
2 59 0 8 0.0210145818264
10 79 0 8 0.0210077093805
15 83 0 8 0.0210009147718
12 91 0 8 0.0209880697528
38 94 0 8 0.0209512528073
47 77 0 8 0.020933114866
39 86 0 8 0.0208908929886
22 41 0 8 0.0208832155933
4 26 0 8 0.0208707122982
55 93 0 8 0.020864466346
57 75 0 8 0.0208620344114
2 55 0 8 0.0208249744624
15 72 0 8 0.0208190379601
62 94 0 8 0.0207902420323
4 68 0 8 0.0207788018779
51 88 0 8 0.0207259049279
2 47 0 8 0.0207164923349
29 73 0 8 0.0207045225087
32 58 0 8 0.0206088721109
15 94 0 8 0.0206054225988
2 84 0 8 0.0205785289336
10 72 0 8 0.0205022865508
19 90 0 8 0.0205007146212
68 83 0 8 0.0204830019361
13 59 0 8 0.0204456363341
22 58 0 8 0.0204370514721
52 72 0 8 0.0204236407104
6 80 0 8 0.0203637137419
4 45 0 8 0.0203625063177
2 51 0 8 0.0203592618398
10 75 0 8 0.0203540334652
9 59 0 8 0.0203219474963
14 94 0 8 0.0203121855857
46 79 0 8 0.0202539710332
4 69 0 8 0.0202502785174
33 56 0 8 0.0202391705946
18 94 0 8 0.0202046716758
5 54 0 8 0.0201841796369
62 83 0 8 0.0201682818851
30 44 0 8 0.0201657929965
5 75 0 8 0.0200667405483
8 76 0 8 0.0200644965618
1 66 0 8 0.0200459846227
5 25 0 8 0.0200332762933
25 41 0 8 0.0200328206615
34 87 0 8 0.019995094351
32 49 0 8 0.0199694157038
3 43 0 8 0.019910612627
13 78 0 8 0.0198992996699
7 62 0 8 0.0198895833224
32 56 0 8 0.0198761364898
37 49 0 8 0.0198380513692
32 87 0 8 0.0198354106034
49 76 0 8 0.0198046706467
2 45 0 8 0.0197959908615
2 62 0 8 0.0197825098565
18 63 0 8 0.0197205686159
2 77 0 8 0.0197059789069
21 57 0 8 0.0197034729322
30 54 0 8 0.0196932705775
13 86 0 8 0.0196588969574
15 91 0 8 0.0196168554343
2 43 0 8 0.0195822843738
29 68 0 8 0.0195198837045
10 62 0 8 0.0194815593772
22 72 0 8 0.0194553187842
18 77 0 8 0.0194398348979
7 87 0 8 0.019392164424
30 91 0 8 0.0193891629498
3 62 0 8 0.0193695764791
11 90 0 8 0.0193611359005
54 93 0 8 0.0193348668305
6 61 0 8 0.019311893497
2 33 0 8 0.0192885271811
21 66 0 8 0.019240786464
5 66 0 8 0.0192211696178
43 94 0 8 0.0191938962595
8 62 0 8 0.0191937519761
66 94 0 8 0.0191668981787
19 91 0 8 0.0191658388348
16 59 0 8 0.0191575064688
32 48 0 8 0.0191281998537
23 39 0 8 0.019116917272
5 84 0 8 0.0190900805608
4 67 0 8 0.0190796731717
12 63 0 8 0.0190540457832
2 70 0 8 0.0189800018237
6 24 0 8 0.0189358757852
18 75 0 8 0.0189322668019
4 42 0 8 0.018918256125
52 78 0 8 0.0189121848317
9 66 0 8 0.0188653895505
2 12 0 8 0.018848143888
11 72 0 8 0.01882209504
4 65 0 8 0.0188037121966
3 32 0 8 0.0187912715508
58 68 0 8 0.0187708402629
8 25 0 8 0.0187494882191
33 91 0 8 0.0187486016356
25 72 0 8 0.0187342739149
11 47 0 8 0.0186842816174
66 91 0 8 0.0186642148349
5 59 0 8 0.0186530499581
11 70 0 8 0.0185970452197
26 58 0 8 0.0185848627653
33 54 0 8 0.018582358689
6 86 0 8 0.0185756419174
72 82 0 8 0.0185710438334
6 88 0 8 0.0185651490974
14 78 0 8 0.018533309929
16 84 0 8 0.0184692841731
67 77 0 8 0.0184348194266
11 29 0 8 0.0184319679311
54 86 0 8 0.0184207574911
1 64 0 8 0.0183750120614
2 86 0 8 0.0183625011724
4 79 0 8 0.0183255513344
62 73 0 8 0.0182661008808
29 61 0 8 0.0182275601285
55 79 0 8 0.0182244732232
52 76 0 8 0.0182044899732
46 90 0 8 0.0181917341821
2 93 0 8 0.0181770020882
29 79 0 8 0.0181739911216
52 70 0 8 0.0181581731053
12 49 0 8 0.0181454552836
21 80 0 8 0.0181269376491
21 49 0 8 0.0181035086838
53 77 0 8 0.0180798348164
22 70 0 8 0.0180674701093
28 52 0 8 0.0180488955208
18 79 0 8 0.0179565123825
1 65 0 8 0.0179373492697
15 79 0 8 0.0179370379213
21 72 0 8 0.0179192606884
39 50 0 8 0.0178969062547
30 59 0 8 0.017896393669
11 66 0 8 0.0178940205869
31 94 0 8 0.0178192609058
62 93 0 8 0.0177936904712
51 72 0 8 0.0177869812934
8 80 0 8 0.0177349310591
53 86 0 8 0.0177136036953
3 48 0 8 0.0177129468262
21 48 0 8 0.0176808058018
9 41 0 8 0.0176479984159
16 52 0 8 0.0176056759199
15 80 0 8 0.0175901312827
4 95 0 8 0.0175756194108
7 59 0 8 0.0175617074541
4 93 0 8 0.0175576067682
38 50 0 8 0.0175553817664
2 88 0 8 0.0175456236527
11 59 0 8 0.017525756209
2 72 0 8 0.0175191324622
2 79 0 8 0.0175103330736
4 58 0 8 0.0175087098855
2 54 0 8 0.0174965103448
2 83 0 8 0.0174887190416
59 80 0 8 0.0174566729404
23 56 0 8 0.0174543454215
68 79 0 8 0.017450662398
32 50 0 8 0.0173999448866
27 50 0 8 0.017392201045
14 43 0 8 0.0173907771957
17 56 0 8 0.0173845540252
38 90 0 8 0.0173531268238
19 83 0 8 0.0173428978906
15 59 0 8 0.0173390819745
37 54 0 8 0.0173241201663
38 49 0 8 0.0172748568797
2 52 0 8 0.0172552761044
5 51 0 8 0.0172387993205
58 91 0 8 0.0172309586571
7 56 0 8 0.0171786293484
8 22 0 8 0.0171751646485
14 66 0 8 0.0171563071886
26 40 0 8 0.0171487437012
48 78 0 8 0.017147540074
2 95 0 8 0.0171372940546
6 79 0 8 0.0171241319918
55 74 0 8 0.0171109870153
19 63 0 8 0.0171030248501
19 59 0 8 0.0170475004236
58 73 0 8 0.0170308907471
2 28 0 8 0.0170282006212
1 95 0 8 0.0170185848924
30 55 0 8 0.017017552127
46 84 0 8 0.0170100323044
3 76 0 8 0.0169837632344
15 66 0 8 0.0169491143368
25 68 0 8 0.016947134237
46 94 0 8 0.0169438536883
5 82 0 8 0.0168322296001
44 90 0 8 0.0168223936493
3 30 0 8 0.0167986742187
2 42 0 8 0.0167968535901
4 44 0 8 0.0167896603036
6 45 0 8 0.0167859241231
26 36 0 8 0.0167577034303
14 90 0 8 0.0167518447651
29 45 0 8 0.0167476700391
26 86 0 8 0.016702970664
14 58 0 8 0.0166574701364
3 49 0 8 0.0165702394341
5 86 0 8 0.0165628581994
49 78 0 8 0.0165528494882
3 54 0 8 0.0165090404936
1 76 0 8 0.0164984128825
53 66 0 8 0.0164856513961
46 86 0 8 0.0164687018942
22 75 0 8 0.0164387782777
66 86 0 8 0.0164345010345
57 67 0 8 0.0164261648716
5 62 0 8 0.0164108898165
12 70 0 8 0.0163662739739
14 61 0 8 0.0163573094189
55 70 0 8 0.0162273575428
8 94 0 8 0.016221227397
2 75 0 8 0.0161982749466
35 94 0 8 0.0161251992046
11 75 0 8 0.0161145374212
7 84 0 8 0.016113443905
21 46 0 8 0.0161124035457
2 57 0 8 0.0160956647736
18 70 0 8 0.0160858364166
26 70 0 8 0.0160545421079
32 54 0 8 0.0160309669608
19 70 0 8 0.0159900417355
9 70 0 8 0.0159702502305
37 55 0 8 0.0159650370437
3 70 0 8 0.0159391989254
8 57 0 8 0.0159297331754
22 61 0 8 0.0159271398713
3 80 0 8 0.0159092202535
3 46 0 8 0.0158568396861
1 44 0 8 0.0158148114523
32 93 0 8 0.0157908803429
8 63 0 8 0.0157703398931
6 77 0 8 0.0157394537546
49 84 0 8 0.0157337792406
3 59 0 8 0.0156988712024
23 62 0 8 0.0156934653213
51 91 0 8 0.0156721759268
37 56 0 8 0.015663685039
59 71 0 8 0.0156478565811
13 58 0 8 0.0156342588205
13 70 0 8 0.0156307599482
41 78 0 8 0.0155976962694
14 82 0 8 0.0155891284937
3 41 0 8 0.0155760499635
2 31 0 8 0.0155433783179
2 25 0 8 0.0155387118892
25 61 0 8 0.015532258055
1 94 0 8 0.0154353907408
1 46 0 8 0.0154264157441
6 78 0 8 0.0153969439625
19 44 0 8 0.0153317449547
10 41 0 8 0.0153143853843
9 82 0 8 0.0152178360631
2 87 0 8 0.0151770731567
23 42 0 8 0.01513272215
35 93 0 8 0.0151278630271
7 75 0 8 0.01509276799
2 40 0 8 0.0150869444465
23 59 0 8 0.0150603915558
8 54 0 8 0.0150507407054
7 66 0 8 0.0150068643152
30 73 0 8 0.0149998048705
37 90 0 8 0.0149846475203
3 72 0 8 0.0149802943384
1 73 0 8 0.0149608160803
7 48 0 8 0.0149113059931
4 22 0 8 0.0148222385252
41 80 0 8 0.0148185621464
17 94 0 8 0.0148165042096
37 94 0 8 0.014788467668
37 50 0 8 0.0147661417113
7 70 0 8 0.0147529872424
5 52 0 8 0.0147191404466
44 84 0 8 0.0146985088705
2 82 0 8 0.0146967641805
3 63 0 8 0.014688417576
2 58 0 8 0.0146876401543
42 90 0 8 0.0146511364557
32 95 0 8 0.0145880722726
8 61 0 8 0.0145506278842
3 90 0 8 0.0145351800688
5 57 0 8 0.0145177711383
1 77 0 8 0.0144812911705
8 87 0 8 0.0144698339299
41 69 0 8 0.0144637958597
53 76 0 8 0.0144446745131
30 83 0 8 0.0144237439287
6 41 0 8 0.0143791024569
41 84 0 8 0.0143718636071
19 54 0 8 0.0143692959322
22 79 0 8 0.014346971874
9 91 0 8 0.0143418308289
13 25 0 8 0.0143407458557
2 53 0 8 0.0142869822561
8 86 0 8 0.0142493242904
15 90 0 8 0.0142399401744
14 74 0 8 0.0142119178713
29 62 0 8 0.0141779476752
32 53 0 8 0.0141657756623
19 46 0 8 0.0140963221929
23 73 0 8 0.0140832787842
6 74 0 8 0.014070241071
9 68 0 8 0.0140624687524
8 75 0 8 0.0139964847291
2 61 0 8 0.0139508626996
15 77 0 8 0.0139382682781
3 60 0 8 0.0139380708377
16 75 0 8 0.0139256453797
33 62 0 8 0.01388901923
60 79 0 8 0.0138736169777
20 94 0 8 0.0138613139707
9 78 0 8 0.0138586969357
16 57 0 8 0.0138408390181
29 44 0 8 0.0138379182286
23 53 0 8 0.0138346310352
2 71 0 8 0.0138258164589
54 68 0 8 0.0138217860162
22 44 0 8 0.0137940095645
1 62 0 8 0.0137794274494
7 52 0 8 0.0137293848426
10 59 0 8 0.0136543555794
23 84 0 8 0.0136032441364
25 42 0 8 0.013581522841
33 59 0 8 0.0135468549587
12 74 0 8 0.0135449242191
45 82 0 8 0.0135433598834
39 90 0 8 0.0135232114668
57 93 0 8 0.0135216110602
34 94 0 8 0.0134898146073
3 65 0 8 0.0134661853539
1 32 0 8 0.0134629911854
11 25 0 8 0.0134536943988
16 83 0 8 0.0134042203825
30 95 0 8 0.0134022592674
1 45 0 8 0.013399677354
4 77 0 8 0.0133932776261
3 28 0 8 0.0133564246098
7 79 0 8 0.0133437931682
60 75 0 8 0.0133186432438
40 94 0 8 0.0133180376332
42 89 0 8 0.0133061988011
2 69 0 8 0.0132842307052
3 44 0 8 0.0132763568186
10 91 0 8 0.0132643281399
21 86 0 8 0.0132554736959
7 57 0 8 0.0132306493583
33 60 0 8 0.0132028425311
28 38 0 8 0.0132024552441
2 74 0 8 0.0131923791373
6 82 0 8 0.0131908983341
1 60 0 8 0.01319077968
32 43 0 8 0.0131900668061
32 60 0 8 0.0131781653246
36 55 0 8 0.0131768924033
52 91 0 8 0.0131698471971
33 93 0 8 0.0131678509604
8 90 0 8 0.0131506603534
18 66 0 8 0.0131436236903
68 82 0 8 0.013140467491
3 84 0 8 0.0131353397352
37 91 0 8 0.0131186750032
2 68 0 8 0.0131042286284
46 78 0 8 0.0130707064702
32 44 0 8 0.013061081249
66 77 0 8 0.0130574874534
12 86 0 8 0.0130451398325
11 79 0 8 0.0130367258325
5 68 0 8 0.0130054552546
5 61 0 8 0.0129954769188
8 66 0 8 0.0129810903457
70 85 0 8 0.0129586106133
1 61 0 8 0.0129579907642
34 90 0 8 0.0129489996306
19 84 0 8 0.0129404062256
13 42 0 8 0.0129070947971
44 74 0 8 0.0129068926105
12 82 0 8 0.0129018901533
55 85 0 8 0.0128869634667
2 78 0 8 0.0128827754514
30 40 0 8 0.0128720481709
1 42 0 8 0.0128203823759
29 95 0 8 0.0128162275837
6 93 0 8 0.0128035638682
16 91 0 8 0.0128015182714
53 70 0 8 0.0127815682445
5 79 0 8 0.0127811923483
2 92 0 8 0.0127737740936
32 82 0 8 0.012765573671
42 82 0 8 0.0127396377817
21 43 0 8 0.0127375969311
65 87 0 8 0.0127275312659
8 19 0 8 0.0127198177997
12 42 0 8 0.0126813093213
26 75 0 8 0.0126704159251
8 74 0 8 0.0126627119513
56 74 0 8 0.012629813439
11 26 0 8 0.0126291907423
47 72 0 8 0.0126238816829
39 51 0 8 0.0126194307301
25 93 0 8 0.0126127253492
52 66 0 8 0.0126080152558
9 86 0 8 0.012582811225
7 58 0 8 0.0125739264055
13 61 0 8 0.0125664360091
41 91 0 8 0.0125606229071
31 93 0 8 0.0125525259509
1 12 0 8 0.0125419609892
33 88 0 8 0.0125286612877
7 43 0 8 0.0125206203362
13 77 0 8 0.0125117307705
19 74 0 8 0.0125100344914
17 49 0 8 0.0124876335453
19 57 0 8 0.0124802228844
58 72 0 8 0.0124779152993
60 93 0 8 0.0124694168176
62 84 0 8 0.0124570948259
9 26 0 8 0.0124421472562
17 76 0 8 0.0124402544859
37 87 0 8 0.0124394106179
4 85 0 8 0.0124378833022
21 63 0 8 0.0124126593376
9 43 0 8 0.0124017346167
40 87 0 8 0.0123998399479
43 82 0 8 0.0123912873599
33 95 0 8 0.0123641345541
55 95 0 8 0.0123468955363
7 72 0 8 0.0123465091985
23 91 0 8 0.0123429733061
23 66 0 8 0.0123365536443
3 93 0 8 0.0123060092296
6 95 0 8 0.0122996550649
2 30 0 8 0.012285615911
31 43 0 8 0.0122856102156
6 28 0 8 0.0122765697219
31 95 0 8 0.0122700095736
72 90 0 8 0.0122583055325
26 66 0 8 0.0122311764576
30 56 0 8 0.0122273026383
60 95 0 8 0.0122207206577
50 78 0 8 0.012216286791
8 79 0 8 0.0122063245922
56 77 0 8 0.0122061803088
63 87 0 8 0.012184444775
8 53 0 8 0.0121635341244
16 87 0 8 0.0121621843153
58 89 0 8 0.0121483445003
59 93 0 8 0.0121401355346
63 94 0 8 0.0121077192327
2 81 0 8 0.0121025497105
8 58 0 8 0.0120777472053
67 83 0 8 0.0120586410464
9 61 0 8 0.012057501967
30 60 0 8 0.0120228824956
54 76 0 8 0.0119974943137
31 91 0 8 0.0119954458692
41 81 0 8 0.0119874220039
7 61 0 8 0.0119830716697
45 94 0 8 0.0119673884445
30 87 0 8 0.0119587143547
30 93 0 8 0.0119379612768
36 91 0 8 0.0119300674564
16 70 0 8 0.0119148360661
12 58 0 8 0.0119098393043
42 80 0 8 0.0119089963856
23 95 0 8 0.0118996578327
16 90 0 8 0.0118886619194
51 77 0 8 0.0118854183907
16 78 0 8 0.0118739060947
2 29 0 8 0.0118660075281
62 92 0 8 0.0118403706472
1 72 0 8 0.0118269817178
39 93 0 8 0.0118118395553
40 79 0 8 0.011787415794
62 86 0 8 0.0117830635614
58 87 0 8 0.0117623475036
3 86 0 8 0.0117557000259
7 80 0 8 0.0117317290486
10 45 0 8 0.0117157164396
12 77 0 8 0.0117146656389
41 53 0 8 0.0116992880666
52 68 0 8 0.0116968286043
49 91 0 8 0.0116922760835
18 42 0 8 0.0116915594127
3 83 0 8 0.0116794994093
11 91 0 8 0.0116784628471
7 78 0 8 0.0116663098188
11 86 0 8 0.0116589788935
38 84 0 8 0.0116585412972
14 84 0 8 0.0116473602834
25 44 0 8 0.0116473441464
1 43 0 8 0.0116196284456
14 68 0 8 0.0116182596518
2 41 0 8 0.0116164399724
11 77 0 8 0.0115823425791
4 32 0 8 0.011577340122
54 74 0 8 0.0115764212645
28 83 0 8 0.0115585044944
3 56 0 8 0.0115578238945
58 93 0 8 0.0115572534055
32 55 0 8 0.0115547626185
26 68 0 8 0.0115297579267
16 44 0 8 0.0115163205864
1 74 0 8 0.0115157728791
42 94 0 8 0.0115084808723
44 86 0 8 0.0115065131126
12 76 0 8 0.011501716639
26 72 0 8 0.0114996681945
21 61 0 8 0.0114869892913
10 82 0 8 0.0114642152966
31 42 0 8 0.0114568663359
16 72 0 8 0.0114557509873
6 36 0 8 0.0114535051024
3 58 0 8 0.0114519103912
26 95 0 8 0.0114473759058
3 67 0 8 0.0114409685841
57 71 0 8 0.0114372846114
3 92 0 8 0.0114356500324
2 80 0 8 0.0114273641788
2 85 0 8 0.0114259270403
42 77 0 8 0.0114253242774
8 65 0 8 0.0114198994116
32 52 0 8 0.0114025996429
25 58 0 8 0.0114011102965
21 45 0 8 0.0113956370199
3 47 0 8 0.0113939217561
21 93 0 8 0.0113803458279
23 50 0 8 0.0113751146056
23 63 0 8 0.0113419237297
9 79 0 8 0.0113358201624
2 48 0 8 0.0113279187481
16 55 0 8 0.0113173291064
54 77 0 8 0.0112908122867
1 59 0 8 0.0112811775732
5 78 0 8 0.0112756596826
6 68 0 8 0.0112632712447
1 86 0 8 0.0112389832236
3 68 0 8 0.0112342361101
7 54 0 8 0.0112334416022
56 68 0 8 0.0111880246071
45 80 0 8 0.0111823643316
3 61 0 8 0.0111718439839
7 42 0 8 0.0111593928966
68 87 0 8 0.0111330811111
5 58 0 8 0.0111177927668
2 89 0 8 0.0111159170827
1 83 0 8 0.0110712129614
4 41 0 8 0.0110408498501
6 67 0 8 0.0110244281218
30 51 0 8 0.0110049175897
47 78 0 8 0.0109874308221
23 40 0 8 0.0109832371113
16 45 0 8 0.010979615788
15 65 0 8 0.0109640958308
32 91 0 8 0.0109620692187
1 84 0 8 0.0109136403077
11 63 0 8 0.0109037977123
61 90 0 8 0.0108990306649
30 53 0 8 0.0108914016805
3 42 0 8 0.0108788433298
15 78 0 8 0.0108681739525
36 90 0 8 0.0108645687662
1 91 0 8 0.010854821094
48 77 0 8 0.0108401611418
4 81 0 8 0.0108258799335
54 95 0 8 0.0108194583733
30 90 0 8 0.0108165167006
66 88 0 8 0.0108134725109
57 80 0 8 0.0108030565788
1 75 0 8 0.0107863149589
43 76 0 8 0.0107824079165
5 77 0 8 0.0107561654251
17 59 0 8 0.0107380056513
61 87 0 8 0.010723157751
14 76 0 8 0.01070129502
51 82 0 8 0.0106961368886
61 94 0 8 0.0106736229838
56 84 0 8 0.0106654386982
2 13 0 8 0.0106416461767
5 76 0 8 0.0106267887841
36 93 0 8 0.0106183415609
3 74 0 8 0.010615443553
7 69 0 8 0.0105630145748
59 95 0 8 0.0105590866492
56 93 0 8 0.0105466792266
35 95 0 8 0.0105463431982
1 47 0 8 0.0105423611664
16 63 0 8 0.0105351574382
26 79 0 8 0.0105236384976
52 77 0 8 0.0105197694245
10 77 0 8 0.0105187186237
50 95 0 8 0.0104902321458
12 93 0 8 0.0104859862272
12 43 0 8 0.0104728203675
38 83 0 8 0.0104646436757
3 57 0 8 0.0104610308955
23 70 0 8 0.010440576826
44 87 0 8 0.0104399009722
1 67 0 8 0.0104395231775
28 49 0 8 0.0104144482424
25 86 0 8 0.0104034285982
53 68 0 8 0.0103990744671
1 78 0 8 0.010393599292
3 52 0 8 0.0103807248469
55 65 0 8 0.0103729791068
19 80 0 8 0.0103672799127
37 83 0 8 0.0103645271374
18 90 0 8 0.0103642119921
23 69 0 8 0.0103610472498
8 48 0 8 0.0103416705596
7 91 0 8 0.0103252678159
44 83 0 8 0.0103246584084
23 51 0 8 0.0103109467398
32 80 0 8 0.0103109315521
3 51 0 8 0.0102975407242
10 43 0 8 0.0102890128162
10 78 0 8 0.0102848428363
15 61 0 8 0.0102786234627
22 74 0 8 0.0102756352776
23 77 0 8 0.0102630664854
39 77 0 8 0.010251312135
63 93 0 8 0.0102473614279
10 58 0 8 0.0102361168155
21 69 0 8 0.0102300739991
1 41 0 8 0.0102097129544
26 45 0 8 0.0101944473917
3 29 0 8 0.010186943706
66 79 0 8 0.0101862896845
1 90 0 8 0.0101803085683
15 86 0 8 0.0101693306904
41 75 0 8 0.0101507418634
19 61 0 8 0.0101398076502
3 82 0 8 0.0101392191258
3 79 0 8 0.0101309066937
3 69 0 8 0.0101129652435
43 88 0 8 0.0101062665073
11 65 0 8 0.0101060301483
3 95 0 8 0.0100934100975
7 77 0 8 0.0100881836214
1 29 0 8 0.0100868869694
56 95 0 8 0.010086795843
38 48 0 8 0.010065345079
3 53 0 8 0.0100612453423
17 72 0 8 0.0100599942534
49 87 0 8 0.010058606475
3 88 0 8 0.0100536078148
40 80 0 8 0.0100153432892
5 80 0 8 0.0100151904627
34 95 0 8 0.0100046530288
25 79 0 8 0.00997436965308
39 80 0 8 0.00997291732681
4 89 0 8 0.00996836955221
38 91 0 8 0.00995787578302
58 95 0 8 0.00995417377489
3 75 0 8 0.00994954341703
26 93 0 8 0.00993535523357
3 87 0 8 0.00993006231118
33 73 0 8 0.00992371858802
16 86 0 8 0.00991925909207
13 93 0 8 0.00988757275019
70 86 0 8 0.00984393936362
17 68 0 8 0.00983012327943
38 95 0 8 0.009827296464
3 78 0 8 0.00981948807454
5 29 0 8 0.00981922608628
25 65 0 8 0.00981109210995
8 84 0 8 0.00978626397544
51 74 0 8 0.00977542848242
27 37 0 8 0.0097703168635
36 95 0 8 0.0097592421638
3 89 0 8 0.00975492030662
30 92 0 8 0.00974852437565
48 76 0 8 0.00974313937767
39 87 0 8 0.00972853068406
32 46 0 8 0.00972742292932
6 81 0 8 0.00972659804597
16 43 0 8 0.00972016034876
49 90 0 8 0.00970285298614
1 82 0 8 0.00970281691529
18 74 0 8 0.00970080074471
11 78 0 8 0.00969901808541
70 81 0 8 0.00969499049042
15 44 0 8 0.00969056136992
55 76 0 8 0.00968254225077
16 47 0 8 0.00967999545903
62 95 0 8 0.00967312301317
3 71 0 8 0.00966904510883
69 94 0 8 0.00966764973654
44 94 0 8 0.00962930737389
43 69 0 8 0.00960138474027
1 25 0 8 0.00959661009902
10 63 0 8 0.00957229644871
12 67 0 8 0.00956679754279
7 51 0 8 0.0095537788142
1 79 0 8 0.00955138389971
12 45 0 8 0.00955016888166
28 59 0 8 0.00953291372685
46 81 0 8 0.00952983916164
1 87 0 8 0.00952771003235
28 93 0 8 0.00952654247594
23 55 0 8 0.00952102933153
42 93 0 8 0.00949819268754
7 90 0 8 0.00949226093144
57 74 0 8 0.00947840592871
32 42 0 8 0.00947746144202
60 74 0 8 0.00947259377594
25 95 0 8 0.00947187615591
1 13 0 8 0.0094600240345
39 70 0 8 0.00945438179442
67 86 0 8 0.00944151209539
44 80 0 8 0.00942901069871
41 88 0 8 0.00942154498232
10 33 0 8 0.00941580307279
7 17 0 8 0.00941255859489
17 77 0 8 0.00940086974154
10 70 0 8 0.00935796726426
56 86 0 8 0.00935507305329
4 71 0 8 0.00935493446529
1 58 0 8 0.00931663007196
29 88 0 8 0.00930919757871
3 25 0 8 0.00929724483862
40 90 0 8 0.00929464394061
34 59 0 8 0.00929351340428
26 39 0 8 0.00929182566826
41 79 0 8 0.00927539634604
19 72 0 8 0.00927425062198
48 81 0 8 0.00927074985122
3 50 0 8 0.00926424096154
37 95 0 8 0.00926213081691
5 70 0 8 0.00925904391167
71 82 0 8 0.00919509219587
63 86 0 8 0.00918967017781
30 61 0 8 0.00918198708709
40 93 0 8 0.00918166719562
52 95 0 8 0.00917329591108
16 80 0 8 0.0091583559352
23 90 0 8 0.00915205113059
14 86 0 8 0.00912876170253
66 95 0 8 0.00912050242747
4 92 0 8 0.00911404194867
22 65 0 8 0.00910638543648
1 30 0 8 0.0090998129482
51 70 0 8 0.00909519967653
30 80 0 8 0.00907718893237
18 67 0 8 0.00906717737346
23 68 0 8 0.00905967178929
1 88 0 8 0.00905884215978
28 95 0 8 0.00905773725274
1 26 0 8 0.00905694179561
8 91 0 8 0.00905383210878
24 62 0 8 0.00904542380416
23 57 0 8 0.00904329657334
30 84 0 8 0.0090389500361
42 76 0 8 0.00902990479624
5 45 0 8 0.00902691566198
14 70 0 8 0.00901611908751
1 93 0 8 0.00900489251055
44 76 0 8 0.00898991266689
32 47 0 8 0.00896848753216
3 45 0 8 0.00896261462849
23 61 0 8 0.00896123349469
19 93 0 8 0.00894555311718
33 58 0 8 0.00894039973202
56 76 0 8 0.00893892367493
47 91 0 8 0.00891977859751
9 63 0 8 0.00891262802643
11 68 0 8 0.0089039824136
5 26 0 8 0.00887431509
29 66 0 8 0.00886871841309
60 80 0 8 0.00886740657329
58 70 0 8 0.00886619250447
43 77 0 8 0.00886261009968
29 70 0 8 0.00886182793181
19 45 0 8 0.00885056623324
43 81 0 8 0.00883864766553
18 44 0 8 0.00882092453892
12 25 0 8 0.00881509719843
8 69 0 8 0.00881228746919
15 70 0 8 0.00879919754814
51 95 0 8 0.00879903333085
17 48 0 8 0.00879444189154
7 86 0 8 0.00879176790259
46 76 0 8 0.00877052122363
53 95 0 8 0.00876051441089
37 47 0 8 0.00875870897001
26 81 0 8 0.00875574166811
34 91 0 8 0.00875211939554
6 27 0 8 0.00874493370284
1 68 0 8 0.00872285644513
7 63 0 8 0.00871612733343
59 84 0 8 0.0087142051369
29 89 0 8 0.00870370092615
47 81 0 8 0.00868879891958
4 27 0 8 0.00868159803916
54 78 0 8 0.00867933032187
31 41 0 8 0.00865852503619
16 68 0 8 0.00865757390487
5 69 0 8 0.0086550698286
10 42 0 8 0.00865001421442
10 74 0 8 0.00864930418825
28 53 0 8 0.00864668620404
13 82 0 8 0.00864341419839
1 71 0 8 0.00863770930894
16 76 0 8 0.00863513593868
2 26 0 8 0.00862346986691
46 88 0 8 0.00860936046977
39 78 0 8 0.00860483262906
7 93 0 8 0.00860282784928
15 74 0 8 0.0085863074007
33 89 0 8 0.00856731989593
49 69 0 8 0.00856583149881
23 93 0 8 0.00856345556898
39 88 0 8 0.00855664577249
38 87 0 8 0.00855466946969
1 70 0 8 0.00854982553444
28 82 0 8 0.00853960134737
40 50 0 8 0.00850600325053
29 93 0 8 0.00849985601857
1 55 0 8 0.00848516284323
18 78 0 8 0.00848126624236
3 85 0 8 0.00847677921867
43 92 0 8 0.00846149087433
68 86 0 8 0.00845745473623
6 17 0 8 0.00845277976443
41 93 0 8 0.0084519843073
33 44 0 8 0.00843784073778
1 51 0 8 0.00842421070324
75 87 0 8 0.00841631973053
53 93 0 8 0.00838923337106
37 86 0 8 0.00838750291956
59 70 0 8 0.00838247673161
18 61 0 8 0.00838053080426
31 51 0 8 0.00837212819504
30 58 0 8 0.0083594692257
18 45 0 8 0.00831710876038
16 58 0 8 0.00831526629942
53 82 0 8 0.00831354249255
7 95 0 8 0.00830385272359
63 91 0 8 0.0082850351315
34 93 0 8 0.00826341540403
66 89 0 8 0.00825237202901
39 55 0 8 0.00824769420951
16 82 0 8 0.00824385266415
17 87 0 8 0.00822968821151
1 85 0 8 0.00821362149623
42 91 0 8 0.0082071050127
11 74 0 8 0.00819763546575
1 81 0 8 0.00819131262571
27 95 0 8 0.00817786199618
16 65 0 8 0.00814730429216
1 52 0 8 0.00814486286526
40 51 0 8 0.00811934084153
1 50 0 8 0.00811112238349
1 92 0 8 0.00809795272688
33 80 0 8 0.00809537081351
1 40 0 8 0.00809310404546
15 58 0 8 0.00808940013887
13 81 0 8 0.00808094437261
7 76 0 8 0.00804566708284
30 48 0 8 0.00804487921957
43 78 0 8 0.00804288772905
6 16 0 8 0.00802796863629
22 40 0 8 0.00801864052504
26 88 0 8 0.00800290224433
49 95 0 8 0.00799284227455
10 86 0 8 0.00797192213169
8 43 0 8 0.00795991433609
40 95 0 8 0.00794329042113
62 88 0 8 0.00793904450258
55 92 0 8 0.0079287187476
1 33 0 8 0.00792622131596
12 88 0 8 0.00792083347028
52 86 0 8 0.00787380135548
24 95 0 8 0.00785222956427
18 82 0 8 0.00785097562767
13 44 0 8 0.00783659332609
9 58 0 8 0.00782135434186
5 88 0 8 0.00782065902879
19 75 0 8 0.00779388306846
21 95 0 8 0.00778962386065
26 65 0 8 0.00778898645079
10 68 0 8 0.00778472961606
41 82 0 8 0.00778243247255
4 40 0 8 0.00777839491061
17 50 0 8 0.00777345225514
1 57 0 8 0.00776727132541
50 76 0 8 0.00773394186146
1 31 0 8 0.00773006614372
39 52 0 8 0.00772647234814
40 55 0 8 0.00772472813277
11 36 0 8 0.00772049455425
25 78 0 8 0.00771515274636
28 51 0 8 0.00771452862576
27 38 0 8 0.00771384944965
30 49 0 8 0.00770629640384
15 76 0 8 0.00769856537686
68 84 0 8 0.00769433512065
1 80 0 8 0.00769024630014
12 95 0 8 0.00768531788316
9 24 0 8 0.00767875393798
17 52 0 8 0.00766388657841
6 71 0 8 0.00763370666907
38 53 0 8 0.00760799907032
10 93 0 8 0.00758560998962
71 83 0 8 0.00755980461988
5 95 0 8 0.00752025625689
46 89 0 8 0.00751728753114
58 75 0 8 0.00750220279725
33 92 0 8 0.00749896401475
37 93 0 8 0.00749755013242
24 66 0 8 0.00749750694232
21 74 0 8 0.00748758081438
13 67 0 8 0.00747449658872
8 82 0 8 0.00747388860508
21 41 0 8 0.00747276186568
8 68 0 8 0.0074334996964
30 88 0 8 0.00743067525404
2 21 0 8 0.00742391576689
16 79 0 8 0.00741365550898
1 54 0 8 0.00741090937834
52 82 0 8 0.00740507539322
55 71 0 8 0.00740181098143
11 93 0 8 0.00739856935124
55 68 0 8 0.00737032492769
5 93 0 8 0.00734765867099
65 90 0 8 0.00733620949893
10 44 0 8 0.00732259892366
20 60 0 8 0.00732208064252
20 62 0 8 0.0073092455905
57 84 0 8 0.00730726833846
51 81 0 8 0.0073007309718
43 89 0 8 0.00729015984013
58 77 0 8 0.0072729996086
3 31 0 8 0.00726928431122
24 93 0 8 0.00726323295177
3 26 0 8 0.00726056560746
40 76 0 8 0.00722815642476
16 95 0 8 0.00722689631814
9 77 0 8 0.00722612126952
26 77 0 8 0.00721972438932
70 91 0 8 0.00720744179081
27 93 0 8 0.00718613103864
1 11 0 8 0.00717849683341
23 48 0 8 0.00717158167207
6 38 0 8 0.00716721282787
1 56 0 8 0.00715332839892
40 83 0 8 0.00714866956407
8 77 0 8 0.00714519821953
64 93 0 8 0.00714100925495
40 78 0 8 0.00713373006281
14 44 0 8 0.00711902169975
18 91 0 8 0.00711326365326
24 73 0 8 0.00710893989761
10 81 0 8 0.00710369348763
47 95 0 8 0.00709683575488
61 72 0 8 0.00707921704388
36 48 0 8 0.00707324589462
24 64 0 8 0.00707322548611
23 47 0 8 0.00705361623383
36 46 0 8 0.00703709056446
50 77 0 8 0.00703692872026
11 42 0 8 0.00703091200782
46 77 0 8 0.0070288773272
8 18 0 8 0.0070115414876
21 84 0 8 0.00701027473635
59 75 0 8 0.00700112603011
9 67 0 8 0.00699768078947
11 76 0 8 0.00699539456214
14 77 0 8 0.00698172608367
11 82 0 8 0.00697585270539
28 57 0 8 0.00697577249521
47 85 0 8 0.00696964662099
32 92 0 8 0.00694002913212
52 93 0 8 0.00690800818565
14 25 0 8 0.00689984335926
57 95 0 8 0.00689572653638
38 93 0 8 0.00688691290933
11 95 0 8 0.00688570453591
63 89 0 8 0.006884516571
3 81 0 8 0.00685859349638
6 42 0 8 0.00685411691425
53 67 0 8 0.00684079727885
57 77 0 8 0.00683389730524
18 76 0 8 0.00683315310668
1 53 0 8 0.00683226557396
44 91 0 8 0.00682730108614
17 47 0 8 0.00682579228052
21 68 0 8 0.00682106130398
8 70 0 8 0.0067923569771
32 45 0 8 0.00678806217306
54 67 0 8 0.0067812879728
6 21 0 8 0.00678013038333
49 70 0 8 0.00677421286573
40 53 0 8 0.00674288106231
7 67 0 8 0.00671797414147
16 81 0 8 0.00671474674977
10 26 0 8 0.0066994892555
4 21 0 8 0.00667909878458
25 63 0 8 0.0066674179997
31 86 0 8 0.00662416288241
1 49 0 8 0.0066116662319
34 49 0 8 0.00660047145424
5 67 0 8 0.00659528009977
43 64 0 8 0.0065745042403
40 86 0 8 0.00657117338222
46 85 0 8 0.00656937648443
1 48 0 8 0.00656701004692
31 87 0 8 0.00655506869763
17 51 0 8 0.00653601332271
16 93 0 8 0.00652983713915
1 28 0 8 0.00652558647443
12 89 0 8 0.0065241583536
10 88 0 8 0.00651884170039
57 76 0 8 0.00651538554357
57 88 0 8 0.00648755071399
23 58 0 8 0.00648134557883
43 72 0 8 0.00647937639528
42 92 0 8 0.00647766302998
41 54 0 8 0.00643557214679
22 95 0 8 0.00642544430686
1 69 0 8 0.00641410049964
14 42 0 8 0.00640927459982
19 95 0 8 0.0063919382856
7 92 0 8 0.00639050589322
51 78 0 8 0.00637257393539
39 85 0 8 0.00636733796697
41 95 0 8 0.00635820444845
20 73 0 8 0.00635412749334
54 92 0 8 0.00633584526859
21 58 0 8 0.00631579794534
6 89 0 8 0.00631213817807
1 89 0 8 0.00631011393901
51 76 0 8 0.0063101020736
36 50 0 8 0.00630799952283
7 81 0 8 0.0062803251136
53 78 0 8 0.00626969323103
25 82 0 8 0.00625122021047
7 21 0 8 0.00624201265179
5 92 0 8 0.0062327614284
36 87 0 8 0.00622742911284
12 71 0 8 0.00622612818922
10 28 0 8 0.00621691208744
12 92 0 8 0.00621686130349
37 53 0 8 0.00621196848274
10 61 0 8 0.00620527354343
37 92 0 8 0.00617274570662
4 39 0 8 0.00615918211838
23 46 0 8 0.00615515025183
36 47 0 8 0.00615052084321
20 87 0 8 0.00614372528521
24 90 0 8 0.0061355395757
5 85 0 8 0.00612765619685
10 76 0 8 0.006124430229
59 77 0 8 0.0061138814043
26 89 0 8 0.00611260041456
44 89 0 8 0.00608693980283
18 93 0 8 0.00608337780655
3 21 0 8 0.00607902367545
61 95 0 8 0.00606948151219
5 23 0 8 0.00606801162512
55 78 0 8 0.00605858242057
29 65 0 8 0.0060495253153
13 71 0 8 0.00604604637689
22 81 0 8 0.00600797169791
67 90 0 8 0.00600285106128
18 86 0 8 0.0059964779119
46 91 0 8 0.00597754119109
4 37 0 8 0.00597358051701
49 74 0 8 0.0059700118761
1 23 0 8 0.00595205856052
61 83 0 8 0.00593863593336
67 87 0 8 0.00593784522239
18 65 0 8 0.00593543084863
9 76 0 8 0.00593221247464
4 19 0 8 0.00592939562614
38 92 0 8 0.00592587302303
7 45 0 8 0.00591296345622
33 85 0 8 0.00587319914275
7 88 0 8 0.00586697264985
64 94 0 8 0.00586077748163
1 34 0 8 0.00584958460244
6 92 0 8 0.00584761304581
9 81 0 8 0.00584367989948
28 45 0 8 0.00582729281811
20 63 0 8 0.00582157226632
3 27 0 8 0.00581052034821
70 90 0 8 0.0058069692681
59 92 0 8 0.00580389470289
67 85 0 8 0.00579441423977
53 65 0 8 0.0057845308273
22 93 0 8 0.00578346246572
39 69 0 8 0.00577761756442
23 87 0 8 0.0057745975801
17 54 0 8 0.00577415286451
43 95 0 8 0.005760292641
63 83 0 8 0.0057565251358
60 85 0 8 0.00575273532364
33 82 0 8 0.00575273247594
43 54 0 8 0.00574801858559
48 85 0 8 0.00574492788342
37 73 0 8 0.00574065396249
18 58 0 8 0.00574011812055
11 81 0 8 0.00573400411174
25 37 0 8 0.00573271932507
33 79 0 8 0.00571422020061
19 68 0 8 0.00570152610966
71 94 0 8 0.00569478418332
35 91 0 8 0.00568928717586
38 89 0 8 0.00568086178505
37 52 0 8 0.00567662915576
32 73 0 8 0.00567492243509
28 48 0 8 0.00567127216015
51 93 0 8 0.00566639974792
12 81 0 8 0.00565094623706
7 44 0 8 0.00564424939928
46 95 0 8 0.00564363002484
42 53 0 8 0.00562924202787
9 74 0 8 0.00562800422823
14 93 0 8 0.00562444840196
38 82 0 8 0.00562418356599
29 81 0 8 0.00561496034497
21 76 0 8 0.00561333952987
20 49 0 8 0.00561218004194
26 67 0 8 0.00560478646725
23 86 0 8 0.00559367189977
17 61 0 8 0.00558736946823
67 79 0 8 0.00558642545616
12 41 0 8 0.00558391188757
26 76 0 8 0.00558268358025
25 38 0 8 0.00558108222443
9 93 0 8 0.00557703469554
1 24 0 8 0.00557411200759
40 69 0 8 0.00556937818335
30 65 0 8 0.00556474165547
28 43 0 8 0.0055516308513
64 88 0 8 0.00554474986235
26 82 0 8 0.00554102222493
7 68 0 8 0.00553158922345
13 41 0 8 0.00553142168385
72 91 0 8 0.00552566933276
36 84 0 8 0.00551876176529
40 91 0 8 0.00551283665381
60 92 0 8 0.00550877441182
34 48 0 8 0.00550302158611
84 94 0 8 0.00548636349876
11 33 0 8 0.00548465962579
61 73 0 8 0.00548209574785
28 58 0 8 0.00547882848837
44 95 0 8 0.00547285828834
29 78 0 8 0.00547263949017
54 81 0 8 0.0054686935292
6 85 0 8 0.00546775094097
45 95 0 8 0.00545712522841
32 78 0 8 0.00545439523472
47 88 0 8 0.00544835479146
24 91 0 8 0.0054483386545
28 41 0 8 0.00544670692323
41 92 0 8 0.0054437358244
1 14 0 8 0.00543860711929
16 42 0 8 0.00543414857258
15 81 0 8 0.00542770565458
2 39 0 8 0.00542471319801
24 46 0 8 0.00541470211372
43 85 0 8 0.00540548553733
50 93 0 8 0.0054053863425
13 95 0 8 0.00539877683414
17 46 0 8 0.00539658505548
39 83 0 8 0.00538544913026
70 93 0 8 0.00537386516714
61 84 0 8 0.00535779133261
16 74 0 8 0.00535160043594
53 92 0 8 0.00532677325066
10 95 0 8 0.00532033745191
26 92 0 8 0.00531706971781
31 49 0 8 0.00531577828652
68 80 0 8 0.00531192012958
34 57 0 8 0.00531144931009
11 34 0 8 0.00531008763556
41 85 0 8 0.00529952030082
17 74 0 8 0.00529874145526
20 66 0 8 0.00529867263588
8 93 0 8 0.00529513437042
7 36 0 8 0.00529411916588
48 93 0 8 0.00528800468246
18 71 0 8 0.00528631837029
10 65 0 8 0.005285905454
3 24 0 8 0.00527997844407
4 33 0 8 0.0052555708197
24 59 0 8 0.00525377297268
52 81 0 8 0.00525168371117
1 39 0 8 0.00524189474737
64 89 0 8 0.00523127615405
69 82 0 8 0.00521548424169
23 67 0 8 0.00520201083056
50 81 0 8 0.00520188790491
34 46 0 8 0.00518687341425
31 48 0 8 0.00518578749187
8 95 0 8 0.00518501766402
61 71 0 8 0.00517282097109
48 95 0 8 0.00517125473688
42 88 0 8 0.00517073882882
19 86 0 8 0.00517061922548
17 80 0 8 0.00516880476688
11 45 0 8 0.00516808477377
39 92 0 8 0.00516054976337
4 31 0 8 0.0051579849362
5 89 0 8 0.00515792560915
9 42 0 8 0.00515423119489
29 77 0 8 0.00514828520029
2 37 0 8 0.00514450298199
33 78 0 8 0.00513566230181
9 44 0 8 0.00513505052123
63 92 0 8 0.0051336394866
44 85 0 8 0.00513137983779
32 88 0 8 0.00512789472937
22 78 0 8 0.00512574376772
25 67 0 8 0.00512131417261
38 55 0 8 0.00511951632559
20 70 0 8 0.00510658112949
30 75 0 8 0.00510236416254
26 44 0 8 0.00509137109686
38 54 0 8 0.00508196040235
44 78 0 8 0.00508091150005
7 24 0 8 0.00508062008557
26 78 0 8 0.00506199328928
27 60 0 8 0.00505846356692
49 93 0 8 0.00505491248681
37 88 0 8 0.00505187968784
57 78 0 8 0.00504803624402
23 75 0 8 0.00504690143614
32 63 0 8 0.0050390095142
19 76 0 8 0.00503756620565
27 62 0 8 0.00503001363445
25 77 0 8 0.00502624233232
38 86 0 8 0.0050236556728
47 93 0 8 0.00502263524748
30 66 0 8 0.00502017151361
12 26 0 8 0.00502009889729
4 18 0 8 0.00501635607215
21 65 0 8 0.00500383284312
27 91 0 8 0.00499672071596
34 45 0 8 0.00498013477031
49 77 0 8 0.00497456229885
32 83 0 8 0.00497436818073
1 35 0 8 0.00496651802503
11 67 0 8 0.00496007036087
17 65 0 8 0.00495616569153
2 22 0 8 0.0049527612679
14 95 0 8 0.00494674408084
28 39 0 8 0.00493721568146
45 74 0 8 0.00492405172025
36 92 0 8 0.00491832309998
29 92 0 8 0.00490091037252
34 92 0 8 0.00488187967765
32 84 0 8 0.00485980716611
23 54 0 8 0.00485904920368
31 55 0 8 0.00485754799192
23 92 0 8 0.00485665239072
59 73 0 8 0.00485608522409
19 42 0 8 0.0048537221089
57 79 0 8 0.00485220855712
49 81 0 8 0.0048521387885
39 84 0 8 0.00484958108058
2 38 0 8 0.00484371244846
45 90 0 8 0.00484233273851
45 77 0 8 0.00482788683833
69 90 0 8 0.00482193657219
58 71 0 8 0.00481417991593
22 88 0 8 0.00481137493285
2 16 0 8 0.00481007163614
19 77 0 8 0.00480134628775
29 82 0 8 0.0047928995392
25 71 0 8 0.00478940826077
16 77 0 8 0.00475436590613
51 66 0 8 0.00474531259779
34 84 0 8 0.00473823749072
14 67 0 8 0.0047345558911
22 77 0 8 0.00473426352738
50 85 0 8 0.00473087096916
11 23 0 8 0.00472513333118
1 21 0 8 0.00472400184562
61 86 0 8 0.00472019637111
17 63 0 8 0.00471850056661
24 60 0 8 0.004716084769
58 92 0 8 0.00470388855068
32 57 0 8 0.00470301573107
20 93 0 8 0.00469902942771
61 88 0 8 0.00469191540209
32 89 0 8 0.00468820627471
34 44 0 8 0.00468422993829
39 79 0 8 0.00468194466019
33 72 0 8 0.00467034218703
41 55 0 8 0.00465674015485
30 89 0 8 0.0046562157037
64 82 0 8 0.00464150544217
30 86 0 8 0.00464000043348
4 30 0 8 0.00463929420424
35 92 0 8 0.00463812854629
40 89 0 8 0.00463417166914
54 71 0 8 0.00462500445286
40 92 0 8 0.00462341116552
37 84 0 8 0.00462155683914
7 82 0 8 0.00461925684793
17 70 0 8 0.00461905608519
20 91 0 8 0.00461593121063
72 94 0 8 0.0046106226259
7 71 0 8 0.0046059158548
8 67 0 8 0.0046044915309
41 60 0 8 0.00459972211043
44 75 0 8 0.00457905731121
31 92 0 8 0.00456633047172
61 93 0 8 0.0045569511019
23 45 0 8 0.0045502827411
31 56 0 8 0.00454457737704
55 86 0 8 0.00453743914598
17 78 0 8 0.00453388616741
5 81 0 8 0.0045293815829
51 68 0 8 0.0045232879826
61 91 0 8 0.00451997326148
32 61 0 8 0.00451840655265
45 78 0 8 0.00451786454069
2 23 0 8 0.00450728296746
49 66 0 8 0.0044970848843
34 47 0 8 0.00448997228253
40 52 0 8 0.00448762957584
13 33 0 8 0.00447466495353
6 32 0 8 0.00447351780563
59 85 0 8 0.00446655565726
55 77 0 8 0.00446536152233
65 86 0 8 0.00445977766007
9 45 0 8 0.00444956391457
5 48 0 8 0.00444619176486
17 93 0 8 0.00444263356551
43 93 0 8 0.00443853715113
39 73 0 8 0.00443552143835
21 42 0 8 0.00443394666105
30 64 0 8 0.00442793184707
38 51 0 8 0.00441360602485
8 21 0 8 0.0044016660994
36 53 0 8 0.0043971847711
36 86 0 8 0.00439311446062
33 64 0 8 0.00439198772123
17 69 0 8 0.00439197917813
31 50 0 8 0.0043876502017
14 81 0 8 0.00438627713638
48 91 0 8 0.00438506069448
35 46 0 8 0.00438478921388
2 36 0 8 0.00437786930638
20 59 0 8 0.00436913019412
36 54 0 8 0.00436818950436
19 85 0 8 0.00436762945697
1 27 0 8 0.00436315714639
31 60 0 8 0.00435715989322
22 76 0 8 0.00432848546718
31 88 0 8 0.00432575832119
16 67 0 8 0.00432473220048
13 92 0 8 0.00432419635853
37 77 0 8 0.00432078386642
15 25 0 8 0.00431908758731
72 86 0 8 0.00431804675349
32 72 0 8 0.00431498120599
44 77 0 8 0.00431307657027
8 26 0 8 0.00430981453157
35 45 0 8 0.00430917237554
30 62 0 8 0.0043017166261
13 26 0 8 0.00430157898733
54 82 0 8 0.00429860029464
15 82 0 8 0.00429607058908
17 45 0 8 0.00429119817685
15 67 0 8 0.0042808472672
28 92 0 8 0.00427867969398
23 78 0 8 0.00427246506648
53 88 0 8 0.00425903104853
23 83 0 8 0.00424877268908
34 50 0 8 0.00423170833007
56 78 0 8 0.00422131423033
80 94 0 8 0.00421608158422
71 81 0 8 0.00421235394681
38 79 0 8 0.00421147495718
17 53 0 8 0.00420779050986
34 51 0 8 0.00420544970165
19 67 0 8 0.00420295037154
9 29 0 8 0.00420074672747
21 67 0 8 0.0041829524084
9 95 0 8 0.0041688843029
39 53 0 8 0.00416777987047
11 28 0 8 0.00416761422934
6 37 0 8 0.00416227052299
23 72 0 8 0.00414352554722
21 75 0 8 0.00413030747973
42 95 0 8 0.0041179403995
11 41 0 8 0.00411258340389
65 91 0 8 0.00409965247935
45 81 0 8 0.00409302113863
24 63 0 8 0.00409199359407
8 23 0 8 0.00408832765679
29 85 0 8 0.00408729109451
36 49 0 8 0.00408316288083
20 64 0 8 0.00407119590225
25 89 0 8 0.00406945168688
14 71 0 8 0.00406938524058
36 89 0 8 0.00406408187663
46 93 0 8 0.00405937178321
5 42 0 8 0.00404669430384
29 76 0 8 0.00404316600532
28 79 0 8 0.00404059073659
4 38 0 8 0.00403954088505
16 92 0 8 0.00401856521207
20 95 0 8 0.004017164619
29 75 0 8 0.00401439333368
28 40 0 8 0.00401352336177
22 71 0 8 0.00401266525527
6 33 0 8 0.00401210473327
20 43 0 8 0.00400103050819
19 65 0 8 0.00399672099103
17 86 0 8 0.00399648842898
12 44 0 8 0.00399584722219
33 75 0 8 0.00399008585339
1 16 0 8 0.0039835736414
11 88 0 8 0.0039776304945
9 65 0 8 0.00396575037072
67 78 0 8 0.00396460796898
8 81 0 8 0.00396065821108
5 41 0 8 0.00395712042024
33 81 0 8 0.00395648728192
19 81 0 8 0.0039541635599
56 92 0 8 0.00394966419617
21 92 0 8 0.00394290660749
43 73 0 8 0.00394180264968
13 85 0 8 0.00394006080739
1 36 0 8 0.0039352966077
56 71 0 8 0.00392991588127
15 95 0 8 0.0039224335533
51 64 0 8 0.00392241077172
20 67 0 8 0.00390026611848
37 85 0 8 0.00389845688066
1 37 0 8 0.00388874504203
63 80 0 8 0.00388561898093
30 70 0 8 0.00388289159764
37 81 0 8 0.00388067941047
17 71 0 8 0.00387677331728
34 64 0 8 0.00387519118342
1 38 0 8 0.00387095807951
19 78 0 8 0.0038585772354
65 88 0 8 0.00385538710109
29 74 0 8 0.00385203678373
4 23 0 8 0.00384784307299
64 92 0 8 0.00383736140651
18 95 0 8 0.00382752284529
3 35 0 8 0.00382674993244
35 48 0 8 0.00381787531719
9 88 0 8 0.00380516129235
64 95 0 8 0.00379831447578
17 75 0 8 0.00379382935054
27 39 0 8 0.00378868735618
26 74 0 8 0.00378725069225
33 77 0 8 0.00378515098918
21 44 0 8 0.00377286364451
37 80 0 8 0.00377089446095
3 23 0 8 0.00376166364607
18 41 0 8 0.00375762466028
28 86 0 8 0.00373233614783
1 22 0 8 0.00373127182049
38 78 0 8 0.00372485120947
35 90 0 8 0.00372470834993
3 40 0 8 0.00372424488699
32 62 0 8 0.00372006778782
39 89 0 8 0.00371514743932
22 33 0 8 0.0037138552961
72 87 0 8 0.00369718795373
24 49 0 8 0.00369437015601
33 74 0 8 0.00369197785191
71 85 0 8 0.00367776285262
28 66 0 8 0.00367593700323
60 82 0 8 0.00367100763702
73 94 0 8 0.00366831964689
56 88 0 8 0.00366652464756
22 82 0 8 0.00365617990792
24 55 0 8 0.00365569840956
31 90 0 8 0.00365549574834
24 72 0 8 0.00365164732105
67 95 0 8 0.00365141309784
19 79 0 8 0.00365083810004
62 80 0 8 0.00364979987661
25 39 0 8 0.00364646949314
27 92 0 8 0.00364395331415
2 19 0 8 0.00364298818165
27 42 0 8 0.00362179560896
25 40 0 8 0.00360765109021
28 62 0 8 0.0036003118591
40 82 0 8 0.00358756935727
2 35 0 8 0.00358250970886
72 85 0 8 0.00356685899488
27 64 0 8 0.00356377066579
11 44 0 8 0.00356079197309
32 77 0 8 0.0035508760494
21 88 0 8 0.00354387854211
49 88 0 8 0.00353590498614
34 88 0 8 0.00352608374842
33 69 0 8 0.00352103169387
11 92 0 8 0.00351690870097
36 51 0 8 0.00351543383042
23 80 0 8 0.00350992495756
28 46 0 8 0.00350898569165
50 64 0 8 0.00350317496274
28 50 0 8 0.0034997586737
44 93 0 8 0.00348982447727
28 65 0 8 0.00348717943992
10 37 0 8 0.00347263387029
7 41 0 8 0.00347147960314
27 63 0 8 0.00347107926419
30 76 0 8 0.0034650321763
28 64 0 8 0.00346411996352
31 54 0 8 0.00346404070258
50 92 0 8 0.00346358886774
2 18 0 8 0.00346262800679
8 42 0 8 0.00345777173151
6 40 0 8 0.00345530847225
71 84 0 8 0.00345041375304
10 92 0 8 0.0034394301797
20 61 0 8 0.00343520277118
19 92 0 8 0.00340750605499
23 65 0 8 0.00340203918567
27 55 0 8 0.00340111320903
34 55 0 8 0.00338715924877
11 39 0 8 0.00338527929311
15 93 0 8 0.00337720393191
29 67 0 8 0.0033735225696
23 79 0 8 0.00337300333923
30 81 0 8 0.00337248410886
23 38 0 8 0.00336835328479
21 79 0 8 0.00336063008898
17 95 0 8 0.00335752728409
25 76 0 8 0.00335652465689
23 81 0 8 0.00335406282149
10 23 0 8 0.00335350585911
58 83 0 8 0.00335079295161
7 85 0 8 0.00334411747157
65 94 0 8 0.00334236471311
47 69 0 8 0.00334009011388
34 85 0 8 0.00332345053658
5 71 0 8 0.00332291279617
37 89 0 8 0.0033212727591
41 72 0 8 0.0033211223057
10 40 0 8 0.00332064958774
2 27 0 8 0.00330781026416
3 34 0 8 0.00330627393079
38 52 0 8 0.00329840763813
50 88 0 8 0.00329004821901
20 72 0 8 0.00328983155661
45 88 0 8 0.00327984254198
2 17 0 8 0.00327938857137
41 73 0 8 0.00327584461051
47 92 0 8 0.00327237089288
5 21 0 8 0.00326979206453
7 37 0 8 0.00326038682811
2 24 0 8 0.00325174026605
57 89 0 8 0.00325112017969
31 59 0 8 0.00324580732341
15 88 0 8 0.00324075242115
43 53 0 8 0.0032270875023
23 71 0 8 0.00322181570034
25 92 0 8 0.00322125327988
73 90 0 8 0.00320408070832
33 68 0 8 0.00320131535571
34 73 0 8 0.0032009045752
9 71 0 8 0.00319783736654
48 70 0 8 0.00319369776207
23 37 0 8 0.00319355300406
25 81 0 8 0.003190898949
31 53 0 8 0.00318834076646
23 33 0 8 0.0031779810764
50 68 0 8 0.0031711651099
32 64 0 8 0.00316178241776
45 93 0 8 0.00316115283907
11 40 0 8 0.00316115283907
27 41 0 8 0.00315725671282
42 85 0 8 0.00314989802243
36 88 0 8 0.00314985340849
30 72 0 8 0.00314764667941
21 81 0 8 0.00314597721613
1 17 0 8 0.00314313141604
17 67 0 8 0.00314161454194
28 72 0 8 0.00314135706253
3 19 0 8 0.00314115155361
17 57 0 8 0.00313307358203
11 71 0 8 0.0031330553093
17 58 0 8 0.00313265449573
17 43 0 8 0.00312092387612
17 91 0 8 0.00311907168552
44 73 0 8 0.00311463283539
63 88 0 8 0.00310586880576
3 39 0 8 0.00310336923835
10 67 0 8 0.00310330682629
10 71 0 8 0.00309805139859
29 72 0 8 0.00309668141828
28 84 0 8 0.00309603712648
27 73 0 8 0.00307317817552
28 61 0 8 0.00306978158306
56 67 0 8 0.00306310728956
10 20 0 8 0.00306049571267
34 53 0 8 0.00305998905964
13 88 0 8 0.00305747881335
67 89 0 8 0.00305735470116
20 50 0 8 0.0030549752117
28 42 0 8 0.00305251669861
10 32 0 8 0.0030444726621
3 33 0 8 0.00304191353033
67 94 0 8 0.00302955190819
51 65 0 8 0.00302446212163
24 78 0 8 0.00302397896211
42 81 0 8 0.00302329646368
16 89 0 8 0.00301736280912
27 46 0 8 0.00301501155934
38 88 0 8 0.00301176731875
60 76 0 8 0.00301161140726
39 56 0 8 0.00300752377328
2 34 0 8 0.0030032944663
2 14 0 8 0.00300288677079
42 73 0 8 0.00300078422002
24 52 0 8 0.00299971206152
58 74 0 8 0.00299739617066
37 78 0 8 0.00298292250542
57 92 0 8 0.00297646487432
22 92 0 8 0.00296221522803
17 90 0 8 0.00295863662017
44 79 0 8 0.00295825479126
27 43 0 8 0.00294689152477
23 74 0 8 0.00294587703216
10 24 0 8 0.00294499234714
49 85 0 8 0.002943563989
73 87 0 8 0.00294321277284
19 82 0 8 0.00292890403681
27 54 0 8 0.0029214145896
69 81 0 8 0.00291544699996
27 86 0 8 0.00290902282931
24 41 0 8 0.00290439935339
11 37 0 8 0.00289929793873
40 85 0 8 0.00289070619486
12 85 0 8 0.00288933455339
63 95 0 8 0.00288712806162
25 74 0 8 0.00287737706714
67 88 0 8 0.00287492496137
66 78 0 8 0.00287452106279
3 36 0 8 0.00287407231296
22 85 0 8 0.00287048895893
18 88 0 8 0.00286727177149
69 91 0 8 0.0028633253359
3 22 0 8 0.00286166892457
35 88 0 8 0.00285716457737
5 22 0 8 0.00285519183419
13 89 0 8 0.00285260849698
22 67 0 8 0.00285253018527
48 89 0 8 0.00284901897295
4 16 0 8 0.00284782246493
41 89 0 8 0.00284523604272
62 82 0 8 0.00284066216421
15 41 0 8 0.00283632322084
16 88 0 8 0.00283283929896
40 77 0 8 0.00283250659284
2 20 0 8 0.00283176049582
59 89 0 8 0.00282371527277
3 37 0 8 0.00282102016339
55 67 0 8 0.00281801394295
5 40 0 8 0.00281635017506
52 71 0 8 0.00281627281258
19 88 0 8 0.00281242319875
3 38 0 8 0.00280799099325
27 66 0 8 0.00280199540124
16 71 0 8 0.00279691059815
33 61 0 8 0.00279474682186
52 92 0 8 0.00277310668588
28 73 0 8 0.00277280482983
30 69 0 8 0.00276976752201
15 71 0 8 0.00276679381279
5 27 0 8 0.00276470668705
24 43 0 8 0.00276418650745
12 38 0 8 0.00276248975372
47 66 0 8 0.00275137661009
24 40 0 8 0.00274882246179
3 14 0 8 0.00274381502118
25 36 0 8 0.0027401578643
8 85 0 8 0.00273013799961
44 81 0 8 0.00272712560915
32 79 0 8 0.00272500027679
31 52 0 8 0.0027249283724
20 44 0 8 0.00272399598843
4 14 0 8 0.0027115883285
47 89 0 8 0.00271126677587
63 84 0 8 0.00270909374456
45 85 0 8 0.00270502889217
35 50 0 8 0.00270199158435
51 67 0 8 0.00269558972068
12 40 0 8 0.00267765966131
17 84 0 8 0.00267061516699
24 57 0 8 0.00266770790407
45 64 0 8 0.00266740960765
35 51 0 8 0.00266515162
22 38 0 8 0.00266242803363
64 79 0 8 0.0026545854718
30 78 0 8 0.00264723959605
70 95 0 8 0.00263994450427
31 57 0 8 0.00263839274586
6 39 0 8 0.00263626337926
33 66 0 8 0.0026183076906
20 88 0 8 0.00261059588559
20 42 0 8 0.00260728116447
10 85 0 8 0.00259690604938
27 59 0 8 0.00259661154989
27 61 0 8 0.00259213591699
21 78 0 8 0.00258755444462
20 53 0 8 0.00258627131911
11 89 0 8 0.00258128927048
12 33 0 8 0.002578478592
3 20 0 8 0.00257525357338
24 67 0 8 0.00257204231864
15 42 0 8 0.00257095853202
31 47 0 8 0.00256174005717
8 41 0 8 0.00254997099363
46 64 0 8 0.00254730364932
24 92 0 8 0.00254252378728
61 77 0 8 0.0025330675296
52 88 0 8 0.00252909166779
44 72 0 8 0.00251804188545
13 23 0 8 0.00251623288494
8 89 0 8 0.00251621532413
62 89 0 8 0.00251518137225
24 86 0 8 0.00250316242316
20 54 0 8 0.00248582112547
30 82 0 8 0.00247938627596
32 66 0 8 0.00247455444343
66 82 0 8 0.00247253234014
22 89 0 8 0.00246585899587
34 54 0 8 0.00246528660846
37 82 0 8 0.00246300868692
24 87 0 8 0.00246205518252
27 56 0 8 0.00245572332477
38 77 0 8 0.00245175363298
27 90 0 8 0.0024490008577
9 23 0 8 0.00244882619886
36 85 0 8 0.00244820207826
27 74 0 8 0.00244726518543
42 68 0 8 0.00244050024019
48 68 0 8 0.00243684806679
19 58 0 8 0.00242946991713
40 73 0 8 0.00241668446252
40 66 0 8 0.00241265947791
59 76 0 8 0.00241205363004
59 74 0 8 0.00240659791422
11 38 0 8 0.00240538360809
41 59 0 8 0.00239358227064
9 92 0 8 0.00239349850084
34 83 0 8 0.00239232382518
34 52 0 8 0.00238990233217
24 74 0 8 0.00238641627452
21 82 0 8 0.0023852976036
9 33 0 8 0.00238336662667
67 80 0 8 0.00237901083441
24 81 0 8 0.00237558434112
64 75 0 8 0.00237512562434
38 85 0 8 0.00237419917308
73 91 0 8 0.00236791477697
30 85 0 8 0.00236379083484
65 84 0 8 0.00236254022055
8 45 0 8 0.00236174167842
57 81 0 8 0.00235891343913
65 95 0 8 0.00235622521169
38 72 0 8 0.00235038505656
24 77 0 8 0.00234469084598
39 82 0 8 0.00234407147154
66 85 0 8 0.00234361417861
48 66 0 8 0.00233379270359
31 62 0 8 0.00233116190473
53 71 0 8 0.00231959265472
36 83 0 8 0.00231849937578
72 93 0 8 0.00231323398114
8 88 0 8 0.00231160818257
7 38 0 8 0.00231001608177
32 81 0 8 0.00230841970941
34 56 0 8 0.00229935287451
4 36 0 8 0.00229410551529
9 89 0 8 0.00229063535729
20 46 0 8 0.00228522805234
3 18 0 8 0.00227696521766
9 85 0 8 0.0022737074505
55 89 0 8 0.00227347298999
32 85 0 8 0.00227021735861
20 74 0 8 0.00226837418572
24 61 0 8 0.00226221152872
7 40 0 8 0.00226220488409
1 18 0 8 0.00225883771785
20 92 0 8 0.00225671499589
63 79 0 8 0.00225613026845
27 77 0 8 0.00225234496514
27 87 0 8 0.00224855491566
28 63 0 8 0.00224452494758
34 58 0 8 0.00223225112948
40 88 0 8 0.00223059305699
25 85 0 8 0.0022264816922
23 35 0 8 0.00222472015333
18 81 0 8 0.00221642812974
34 89 0 8 0.00221573874938
14 88 0 8 0.00221156188751
6 30 0 8 0.00220993134278
69 88 0 8 0.0022097960771
66 93 0 8 0.00220760856999
35 47 0 8 0.00220185147273
46 92 0 8 0.00219749662971
45 91 0 8 0.00219571254656
32 68 0 8 0.00219399704548
4 34 0 8 0.00219240945354
20 65 0 8 0.00218884271109
33 63 0 8 0.00217960620081
10 36 0 8 0.00217906988425
27 58 0 8 0.00217784133963
69 93 0 8 0.00216337479363
37 79 0 8 0.002162385693
64 74 0 8 0.00216042790024
31 80 0 8 0.00215984056241
41 66 0 8 0.00215980971234
46 66 0 8 0.00215775818284
37 75 0 8 0.00215719196544
31 73 0 8 0.00215703415548
19 89 0 8 0.00215021439204
73 93 0 8 0.00214923858067
31 46 0 8 0.00214436664305
60 78 0 8 0.00214214092932
23 88 0 8 0.00213922820831
31 44 0 8 0.00213309663869
24 54 0 8 0.00213247750156
62 85 0 8 0.00212991362362
7 89 0 8 0.00212374574585
7 35 0 8 0.00212193199917
7 33 0 8 0.00211882777044
20 84 0 8 0.00211485594287
43 74 0 8 0.00211477217307
8 92 0 8 0.00209730628856
62 79 0 8 0.00209434254629
31 89 0 8 0.00209408032071
35 85 0 8 0.00209376826041
38 80 0 8 0.00209178839799
20 58 0 8 0.00208912983407
30 71 0 8 0.00208620999382
28 81 0 8 0.00208405855755
36 52 0 8 0.00208052219056
7 32 0 8 0.00207682682706
28 47 0 8 0.00206883120143
23 76 0 8 0.00206850442802
65 83 0 8 0.00206677801076
4 35 0 8 0.00206494338097
23 85 0 8 0.00206226844279
41 56 0 8 0.00205254806106
61 92 0 8 0.00205018826818
27 65 0 8 0.00204767873383
73 86 0 8 0.00204137036959
31 79 0 8 0.00203517638792
28 68 0 8 0.00203379383026
17 83 0 8 0.00202850043326
75 86 0 8 0.00202230479042
60 77 0 8 0.00202077533899
61 74 0 8 0.00201858949303
40 56 0 8 0.00201791624963
21 85 0 8 0.00200827109461
12 23 0 8 0.0019993371523
21 77 0 8 0.00199761239621
59 78 0 8 0.00199743631351
51 71 0 8 0.00199477181689
20 55 0 8 0.00199433635632
34 77 0 8 0.00198577024174
24 38 0 8 0.00197719321099
12 32 0 8 0.0019758182472
35 49 0 8 0.00195400250314
52 63 0 8 0.00195363681119
56 89 0 8 0.00195115148227
17 79 0 8 0.00194957314534
58 76 0 8 0.00194935719487
7 28 0 8 0.00194739038439
19 71 0 8 0.00194330820851
42 66 0 8 0.00194099919959
1 19 0 8 0.00193935061943
48 92 0 8 0.00193498367369
26 85 0 8 0.00193456079046
48 71 0 8 0.00193037586011
12 37 0 8 0.00192993470414
75 94 0 8 0.00192741496553
37 70 0 8 0.00192453309459
55 82 0 8 0.00192206200417
27 80 0 8 0.00192027910756
72 95 0 8 0.0019192833623
30 74 0 8 0.00191807261579
40 72 0 8 0.00191124241079
11 85 0 8 0.00191081976487
60 81 0 8 0.00190683559727
24 42 0 8 0.00190601700259
38 57 0 8 0.0019048152738
30 67 0 8 0.00190340020492
40 54 0 8 0.00190189662008
15 92 0 8 0.00189920791802
76 94 0 8 0.00189744993878
23 82 0 8 0.00189409570584
16 41 0 8 0.0018929548466
27 44 0 8 0.00188950877538
11 35 0 8 0.00188042710871
7 39 0 8 0.00187986884114
6 20 0 8 0.0018732078369
67 91 0 8 0.00186889879436
71 95 0 8 0.00186585923211
7 30 0 8 0.00186565040088
28 77 0 8 0.00186479668458
11 30 0 8 0.00186144589261
27 53 0 8 0.00185834581676
24 44 0 8 0.00185767281067
47 71 0 8 0.00185725680937
20 47 0 8 0.00185502160331
69 85 0 8 0.0018535360539
26 71 0 8 0.00185250506836
13 38 0 8 0.00185247196387
34 86 0 8 0.00184867752419
39 68 0 8 0.00184798209247
68 78 0 8 0.0018389410055
32 65 0 8 0.00183815480339
28 44 0 8 0.00183325165974
67 82 0 8 0.00183095380431
14 41 0 8 0.00182725440657
12 29 0 8 0.00182078491006
1 15 0 8 0.0018176264564
49 92 0 8 0.00181446681619
43 68 0 8 0.0018126960223
38 56 0 8 0.00181240887936
64 85 0 8 0.00180567039399
36 80 0 8 0.00180530339684
52 67 0 8 0.00179501098366
41 64 0 8 0.00178948526191
13 37 0 8 0.00178717293068
8 24 0 8 0.00178478786448
80 91 0 8 0.00177937557606
12 36 0 8 0.00177793808156
37 66 0 8 0.00177618188213
3 13 0 8 0.00177597032185
53 89 0 8 0.00177233167502
34 74 0 8 0.0017687485583
32 76 0 8 0.00176013023592
30 63 0 8 0.00176007850273
32 71 0 8 0.00175878220661
23 34 0 8 0.00174662692396
74 84 0 8 0.00174536088464
14 39 0 8 0.00174429442153
14 85 0 8 0.0017440680295
58 79 0 8 0.00172944782644
43 66 0 8 0.00172797532897
10 38 0 8 0.00172634727597
19 40 0 8 0.00172392863066
17 92 0 8 0.00172167123628
80 90 0 8 0.00171928533951
39 66 0 8 0.0017165013582
24 76 0 8 0.00171592102097
24 45 0 8 0.00171519189148
20 68 0 8 0.00170729368087
29 71 0 8 0.00170455466947
27 83 0 8 0.00170446425504
56 82 0 8 0.00170352024297
63 82 0 8 0.00170256472145
25 35 0 8 0.00169889866551
28 67 0 8 0.00169367539308
35 55 0 8 0.00168878458946
63 73 0 8 0.00168053919693
54 89 0 8 0.00167905946157
58 85 0 8 0.00167835358829
21 71 0 8 0.00167581949253
41 68 0 8 0.00167233711315
24 80 0 8 0.00166846590427
19 36 0 8 0.0016660585311
15 85 0 8 0.0016639956108
58 80 0 8 0.00166313358871
61 85 0 8 0.00166285403964
27 67 0 8 0.00166206237944
24 68 0 8 0.00166130762067
24 83 0 8 0.00165915321805
37 57 0 8 0.00165731811364
27 69 0 8 0.00165672958927
17 42 0 8 0.00165412228393
35 87 0 8 0.00165094710003
48 64 0 8 0.00164715515209
50 71 0 8 0.00164384043097
38 67 0 8 0.00164201078464
27 57 0 8 0.00164098952875
38 69 0 8 0.00164003934666
32 74 0 8 0.00163582071855
16 26 0 8 0.00163415588278
22 37 0 8 0.00163208394477
32 75 0 8 0.00162575125644
49 64 0 8 0.00162376913959
24 69 0 8 0.00161701166956
31 77 0 8 0.00161450581348
52 65 0 8 0.0016135168315
5 30 0 8 0.00161104194414
55 81 0 8 0.00160645940389
39 59 0 8 0.00160642487554
44 92 0 8 0.00160618258386
65 89 0 8 0.0016026112139
28 76 0 8 0.00160195754843
64 81 0 8 0.00160149598395
36 75 0 8 0.00159658061893
61 79 0 8 0.00158892493731
9 37 0 8 0.00158133736315
36 56 0 8 0.00157715053434
28 78 0 8 0.00157706356088
61 78 0 8 0.00157103818669
16 40 0 8 0.00156840703188
20 41 0 8 0.00156551946554
30 68 0 8 0.00156110671931
20 45 0 8 0.00156033131472
31 76 0 8 0.00155900998259
5 32 0 8 0.001557916585
79 90 0 8 0.00155615824979
5 37 0 8 0.00155233936737
20 90 0 8 0.00155126032692
7 29 0 8 0.001544747403
22 36 0 8 0.00154041724003
20 86 0 8 0.0015368248683
38 76 0 8 0.00153509595931
18 92 0 8 0.00152961366497
19 29 0 8 0.00152764685449
24 48 0 8 0.00152756783086
27 52 0 8 0.00152389346914
71 91 0 8 0.00152146699266
42 69 0 8 0.00151886811176
13 29 0 8 0.00151571167521
27 47 0 8 0.0015137351351
4 15 0 8 0.00151220414116
9 39 0 8 0.00151186668888
24 65 0 8 0.00150891054047
5 17 0 8 0.00150889618332
40 81 0 8 0.00150770786245
51 92 0 8 0.00150648192821
27 75 0 8 0.00150642355039
18 89 0 8 0.00150626218081
39 74 0 8 0.00150568742032
27 72 0 8 0.00150271869457
41 65 0 8 0.00150052418686
27 88 0 8 0.00149883858662
24 53 0 8 0.00149612176354
8 44 0 8 0.00148855732693
35 83 0 8 0.00148565030132
71 86 0 8 0.00148318526225
39 81 0 8 0.00148285694634
72 88 0 8 0.00147944884444
61 80 0 8 0.00147063225104
28 88 0 8 0.00146300385987
20 71 0 8 0.00146297372172
36 82 0 8 0.0014621192935
23 36 0 8 0.00146122191249
24 47 0 8 0.00145537712985
36 73 0 8 0.00145240389525
42 72 0 8 0.00145229710655
36 57 0 8 0.00144863852582
20 51 0 8 0.0014416832594
5 19 0 8 0.00143940901614
69 95 0 8 0.00143916221559
8 29 0 8 0.00143905495228
49 68 0 8 0.00143723230655
11 32 0 8 0.00143692226337
24 75 0 8 0.00143612858605
14 92 0 8 0.00143093746888
17 44 0 8 0.00142213997879
64 78 0 8 0.00142211909567
10 27 0 8 0.0014195310123
7 27 0 8 0.00141861761298
10 34 0 8 0.00141251641882
27 51 0 8 0.0014110104609
10 30 0 8 0.00140798288271
3 17 0 8 0.00140183849845
37 72 0 8 0.00140131487788
33 67 0 8 0.00140044858424
50 60 0 8 0.00139877164575
20 52 0 8 0.00139501481943
10 89 0 8 0.00138572811846
1 20 0 8 0.00138128523409
20 77 0 8 0.00137833596761
35 54 0 8 0.00137580827918
35 52 0 8 0.00137539109134
31 82 0 8 0.0013750561308
42 75 0 8 0.00137067043771
61 89 0 8 0.00136197012533
6 35 0 8 0.00136138338078
40 68 0 8 0.00135553219081
31 63 0 8 0.00135287350824
9 36 0 8 0.00135188001741
24 58 0 8 0.00135105608329
20 57 0 8 0.00135023523418
36 77 0 8 0.00134896456735
24 39 0 8 0.00134895626157
38 64 0 8 0.00134709956211
42 74 0 8 0.00134507366189
33 71 0 8 0.001344688392
14 40 0 8 0.00133691737859
35 53 0 8 0.00133333722823
39 67 0 8 0.00133025317069
27 45 0 8 0.00132712734691
13 24 0 8 0.00132643250846
19 37 0 8 0.00132199175986
21 39 0 8 0.00131593423041
31 58 0 8 0.00131083127324
39 64 0 8 0.00131056964094
12 28 0 8 0.00130665559792
31 84 0 8 0.00130663162979
35 59 0 8 0.00130663103652
47 68 0 8 0.00130651843377
8 71 0 8 0.00130578799909
14 26 0 8 0.00130299832239
24 50 0 8 0.00130255692911
41 74 0 8 0.00130222742666
27 48 0 8 0.00130058620305
61 75 0 8 0.00130054004661
20 83 0 8 0.00129374484457
9 40 0 8 0.00129343575062
49 71 0 8 0.00129215025203
20 48 0 8 0.00129130816383
28 69 0 8 0.00128918437398
53 63 0 8 0.00128836957623
47 70 0 8 0.0012867348786
14 38 0 8 0.00128535576192
41 57 0 8 0.00128270657168
8 37 0 8 0.00127608175694
28 70 0 8 0.00127507924839
35 84 0 8 0.00127496712026
43 55 0 8 0.00127010052208
14 37 0 8 0.0012695032173
12 39 0 8 0.00126797329125
72 92 0 8 0.00126660603998
9 38 0 8 0.00126605026415
38 81 0 8 0.001262181547
67 81 0 8 0.0012621686137
75 90 0 8 0.00126114937492
4 20 0 8 0.00125856224078
63 85 0 8 0.00125817032627
41 62 0 8 0.00125628538713
20 75 0 8 0.00125614229028
38 59 0 8 0.00125113556159
46 68 0 8 0.00125057919248
73 95 0 8 0.00124960670342
45 89 0 8 0.00124543968985
5 36 0 8 0.00124314847905
31 45 0 8 0.00124200453481
75 93 0 8 0.00124078453328
31 83 0 8 0.00123478668685
15 89 0 8 0.00123319873894
38 68 0 8 0.00123131996981
52 89 0 8 0.00123124094618
32 69 0 8 0.00123063830197
9 32 0 8 0.00122058651932
45 66 0 8 0.00121629883452
83 94 0 8 0.00121545472921
36 78 0 8 0.00121369022399
44 66 0 8 0.00121194802574
38 73 0 8 0.00120794594137
5 33 0 8 0.00120712995708
40 64 0 8 0.00120583650866
74 86 0 8 0.00120511521035
37 76 0 8 0.00119617770842
27 85 0 8 0.00119389432879
11 24 0 8 0.00118879884683
20 69 0 8 0.00118688282032
49 89 0 8 0.00118440259353
68 94 0 8 0.00118268578726
17 82 0 8 0.00118041569689
11 31 0 8 0.00118036562485
51 89 0 8 0.00117941235776
5 38 0 8 0.00117584502204
77 87 0 8 0.00117170340045
67 93 0 8 0.00117100476507
31 78 0 8 0.00117005149798
15 26 0 8 0.0011695061637
47 64 0 8 0.00116204804117
31 66 0 8 0.00115189896216
43 67 0 8 0.00115006243389
36 69 0 8 0.001149793801
33 76 0 8 0.00114728509722
24 84 0 8 0.00114667806281
34 62 0 8 0.00114565989192
34 70 0 8 0.0011438708253
34 60 0 8 0.00114339454771
27 49 0 8 0.00113612306809
41 70 0 8 0.00113462470404
31 81 0 8 0.00113260924538
34 75 0 8 0.00113255537642
9 27 0 8 0.0011325013888
65 85 0 8 0.00113061158484
42 65 0 8 0.001130229044
23 89 0 8 0.00112835146142
16 85 0 8 0.00112671996745
2 15 0 8 0.00112428862615
39 72 0 8 0.00112346053914
31 64 0 8 0.0011208317574
5 18 0 8 0.00111782162137
5 39 0 8 0.00111704775929
6 31 0 8 0.0011167793637
81 94 0 8 0.00111638863573
8 36 0 8 0.00111374098799
70 92 0 8 0.00111074176813
24 82 0 8 0.00110391180045
66 76 0 8 0.00110201772494
24 51 0 8 0.00110001258919
24 85 0 8 0.00109766062749
27 40 0 8 0.00109553482051
9 28 0 8 0.0010936058607
37 69 0 8 0.00109214321153
40 75 0 8 0.00108789563182
37 58 0 8 0.00108635324708
57 82 0 8 0.0010836304913
28 75 0 8 0.00107928549657
50 89 0 8 0.00107797247022
8 32 0 8 0.00107445200288
24 36 0 8 0.00107358060712
6 34 0 8 0.00107202398389
63 81 0 8 0.00106429438077
62 76 0 8 0.00106349144843
65 80 0 8 0.00106199462687
65 79 0 8 0.00106143185044
47 65 0 8 0.00106041593398
27 78 0 8 0.0010579548105
62 78 0 8 0.00105743474955
33 70 0 8 0.00105463261417
5 24 0 8 0.00105450672216
58 78 0 8 0.00105255533672
34 72 0 8 0.00105253575879
65 92 0 8 0.00104897886464
27 70 0 8 0.00104810889273
21 89 0 8 0.00104797291512
61 76 0 8 0.00104715871064
12 35 0 8 0.00104680737583
68 85 0 8 0.00104526238071
37 68 0 8 0.00104419259528
57 85 0 8 0.0010441426419
20 85 0 8 0.00104113440434
4 17 0 8 0.00104037976422
45 76 0 8 0.00103858262912
65 93 0 8 0.0010359804259
24 79 0 8 0.00103494386363
42 67 0 8 0.00103450994556
74 85 0 8 0.00103405597495
17 41 0 8 0.001033450839
38 66 0 8 0.00103222359958
74 94 0 8 0.00102869826741
56 81 0 8 0.00102677820666
10 39 0 8 0.00102625114512
81 91 0 8 0.00102603222829
21 40 0 8 0.00102434389901
52 62 0 8 0.00101659163295
39 62 0 8 0.00101607204661
20 76 0 8 0.00101452550899
45 69 0 8 0.00100513759607
5 35 0 8 0.000999592889662
43 62 0 8 0.000999054911942
71 90 0 8 0.000997759209097
27 84 0 8 0.000996786364076
42 54 0 8 0.000996775566553
35 73 0 8 0.000996758480361
5 34 0 8 0.000977498189802
40 65 0 8 0.000977062254614
35 58 0 8 0.000974868814798
44 64 0 8 0.000974406182436
66 92 0 8 0.000969431846322
22 39 0 8 0.000965972485842
46 70 0 8 0.000963945755045
59 82 0 8 0.000961965892621
28 74 0 8 0.000960380436448
73 89 0 8 0.000958905684556
39 63 0 8 0.000952450307882
68 88 0 8 0.00095141647465
3 16 0 8 0.000951042002289
8 27 0 8 0.000949093820512
71 87 0 8 0.000949092871279
34 78 0 8 0.000947138994104
9 20 0 8 0.00094360583077
7 20 0 8 0.000941169743305
36 72 0 8 0.000940068989158
12 27 0 8 0.000939800593568
15 29 0 8 0.000938270548863
13 36 0 8 0.000934962828331
24 35 0 8 0.000934129876502
12 30 0 8 0.000932384474592
59 81 0 8 0.000929925724194
68 89 0 8 0.00092847980525
48 67 0 8 0.00092813048756
24 37 0 8 0.0009269051466
39 71 0 8 0.000921443616723
33 65 0 8 0.000916702079966
41 67 0 8 0.000915194698195
50 67 0 8 0.000914532964242
20 79 0 8 0.000914338252853
15 33 0 8 0.000914200258127
17 81 0 8 0.000912755051107
39 76 0 8 0.000903652619967
35 89 0 8 0.000899262358693
21 38 0 8 0.000898822389265
13 40 0 8 0.000895495506095
14 89 0 8 0.000894534289177
10 35 0 8 0.000893957986181
43 71 0 8 0.00089325110434
71 93 0 8 0.000892857172706
34 66 0 8 0.000887726213171
54 85 0 8 0.000886269318722
36 79 0 8 0.000885403914995
68 81 0 8 0.000885172005543
32 70 0 8 0.000884419323218
32 67 0 8 0.000883678328321
24 88 0 8 0.000876855420552
45 72 0 8 0.000874579634786
35 56 0 8 0.00087418955941
48 88 0 8 0.000873945665894
41 61 0 8 0.000871761540425
19 38 0 8 0.000871393000769
15 38 0 8 0.000869100662755
62 75 0 8 0.000866356074614
36 74 0 8 0.000862425064059
20 78 0 8 0.000861929386529
39 58 0 8 0.00086037644158
28 85 0 8 0.000859970110592
39 57 0 8 0.000859867949406
44 62 0 8 0.000855293655612
43 59 0 8 0.000850792690057
8 34 0 8 0.000849138473828
31 74 0 8 0.000848548347629
8 40 0 8 0.000845652831463
36 81 0 8 0.000845205386827
38 74 0 8 0.000844456264125
65 82 0 8 0.000842304353246
75 85 0 8 0.000838947687895
53 85 0 8 0.000838406743822
65 77 0 8 0.000836808473005
36 66 0 8 0.000830061147902
36 59 0 8 0.000826922806107
62 81 0 8 0.000826463555387
31 69 0 8 0.000823311212408
39 65 0 8 0.000822317840227
36 64 0 8 0.000820634553742
40 59 0 8 0.000820363785071
12 34 0 8 0.000819091219777
45 92 0 8 0.000818625977024
34 80 0 8 0.000816581448112
75 91 0 8 0.000816317917341
31 61 0 8 0.000815868218277
38 70 0 8 0.000815498551407
51 62 0 8 0.000811182508277
35 64 0 8 0.000810166235853
16 37 0 8 0.000808396035236
85 95 0 8 0.000804547726593
41 63 0 8 0.000803522377131
62 77 0 8 0.000798316843489
44 54 0 8 0.000797343286544
73 85 0 8 0.000797234896017
12 24 0 8 0.000792083705957
8 38 0 8 0.000791066128338
73 88 0 8 0.000790574010431
80 95 0 8 0.000789116048095
36 70 0 8 0.000787136185671
8 30 0 8 0.000783706904006
79 94 0 8 0.000781228160391
19 39 0 8 0.000779942602472
13 28 0 8 0.00077896293484
37 65 0 8 0.000774186751084
64 77 0 8 0.000772814872302
42 64 0 8 0.000769271030098
77 91 0 8 0.000768620449631
42 59 0 8 0.0007655287389
50 65 0 8 0.000764039689188
43 70 0 8 0.000763852097046
63 78 0 8 0.00076099484683
51 85 0 8 0.000760556657214
15 40 0 8 0.000759764225762
20 80 0 8 0.000758789719584
69 92 0 8 0.000755901856609
13 32 0 8 0.000754611908488
62 74 0 8 0.000750398975776
16 38 0 8 0.000748130665219
8 39 0 8 0.000746961981595
35 82 0 8 0.000744325012728
76 91 0 8 0.000743770364106
37 64 0 8 0.000743129275968
61 82 0 8 0.000742559320966
14 32 0 8 0.000738735573724
44 63 0 8 0.000737919292797
43 65 0 8 0.000736120733848
35 57 0 8 0.000733594409936
17 85 0 8 0.000730379120953
11 27 0 8 0.000729970416883
75 95 0 8 0.00072850675915
31 70 0 8 0.000728042050341
27 68 0 8 0.000724259120111
35 60 0 8 0.000723568078594
46 63 0 8 0.000720964570185
14 29 0 8 0.000719430906529
8 28 0 8 0.000716881504393
37 59 0 8 0.000709786878719
39 75 0 8 0.000709186132977
3 15 0 8 0.000708950189286
16 34 0 8 0.000708919932489
35 86 0 8 0.0007054848961
7 31 0 8 0.000704064843752
14 33 0 8 0.000700092838203
84 95 0 8 0.000699586778438
37 67 0 8 0.00069889294855
18 85 0 8 0.000696599957938
37 60 0 8 0.000691618977194
61 81 0 8 0.000691331715601
36 58 0 8 0.000689717189172
56 85 0 8 0.000687068948165
28 89 0 8 0.000686135733616
38 65 0 8 0.00068394591275
77 95 0 8 0.000683598078236
40 70 0 8 0.000682184492536
35 67 0 8 0.000680797544683
40 63 0 8 0.000679978238076
13 35 0 8 0.000674354330055
51 63 0 8 0.000671581739544
43 56 0 8 0.000670751338778
49 67 0 8 0.000670321810912
34 61 0 8 0.000669793978119
63 75 0 8 0.000666480621516
24 89 0 8 0.000666102826841
44 67 0 8 0.000665575468664
39 60 0 8 0.000661331151941
31 75 0 8 0.000660104980402
48 59 0 8 0.000658129923469
77 94 0 8 0.000658056298596
5 20 0 8 0.000657342653471
31 65 0 8 0.000654149374825
37 74 0 8 0.00065300952415
38 62 0 8 0.000652758689368
38 60 0 8 0.000651321432174
36 68 0 8 0.000648573521717
74 87 0 8 0.000643410406919
24 70 0 8 0.000642755139615
46 56 0 8 0.000636673879339
7 34 0 8 0.000636643622542
20 40 0 8 0.000635825977093
70 88 0 8 0.000635254657569
18 37 0 8 0.000633865573942
40 74 0 8 0.000633080736353
73 92 0 8 0.000631531410355
43 61 0 8 0.000628747903667
68 93 0 8 0.000624293153885
13 34 0 8 0.000622240615821
15 37 0 8 0.000621570042137
74 93 0 8 0.000620213766371
34 79 0 8 0.000620143582467
71 92 0 8 0.000620019648252
10 31 0 8 0.000618771585031
5 16 0 8 0.000615415690932
46 71 0 8 0.000615104223902
35 74 0 8 0.00061309149429
58 82 0 8 0.000611142897223
17 88 0 8 0.00061079624925
52 85 0 8 0.000610546838318
13 39 0 8 0.000608838871779
40 60 0 8 0.000608524438397
18 29 0 8 0.000608303860412
44 65 0 8 0.000605204199856
9 30 0 8 0.000603741906646
38 75 0 8 0.000599309285855
21 37 0 8 0.000598614625388
35 76 0 8 0.000597497674954
20 38 0 8 0.000595907709925
34 82 0 8 0.00059540930335
47 67 0 8 0.000593341102943
42 61 0 8 0.000590872266946
5 15 0 8 0.0005897217374
75 88 0 8 0.000588805668369
71 88 0 8 0.000585732230371
58 81 0 8 0.00058387149667
15 39 0 8 0.000582750986614
37 62 0 8 0.000582542689329
41 76 0 8 0.000581850164636
20 82 0 8 0.000581549139167
34 63 0 8 0.000581457716178
18 40 0 8 0.000578935782467
42 70 0 8 0.000577433858785
16 33 0 8 0.000576955801389
44 69 0 8 0.000571870938974
42 56 0 8 0.000571150352584
46 65 0 8 0.000570883914788
81 95 0 8 0.000570820790803
40 62 0 8 0.000567237733417
31 72 0 8 0.000565977686131
8 33 0 8 0.000565421850968
76 95 0 8 0.000565360506795
16 39 0 8 0.000563069711284
17 89 0 8 0.000556344159209
40 67 0 8 0.000555891968409
34 69 0 8 0.000555745786549
43 60 0 8 0.000554128709056
42 60 0 8 0.000551704961619
76 86 0 8 0.000550547846771
19 33 0 8 0.000550334506687
35 72 0 8 0.000548883722924
42 63 0 8 0.000546436837936
67 92 0 8 0.000541651517814
68 95 0 8 0.000541349602439
41 71 0 8 0.000540703590156
22 32 0 8 0.000540148170282
65 76 0 8 0.000539385698993
16 36 0 8 0.00053499881936
9 35 0 8 0.000534976631042
44 68 0 8 0.000534815795401
35 66 0 8 0.000533556222731
48 62 0 8 0.00053317190208
16 31 0 8 0.000529803371318
74 95 0 8 0.000527060562988
63 74 0 8 0.000522401253527
45 55 0 8 0.000519689117283
35 68 0 8 0.000519667818871
18 38 0 8 0.000516450750077
27 89 0 8 0.00051512306995
31 68 0 8 0.000514008195964
49 63 0 8 0.000513094737323
27 79 0 8 0.000512520332793
16 29 0 8 0.000509660294205
38 71 0 8 0.000508486330474
70 89 0 8 0.000501576033955
38 58 0 8 0.000501436378071
5 31 0 8 0.00049904674369
36 67 0 8 0.00049816609291
27 76 0 8 0.000496171517376
31 85 0 8 0.0004939943925
37 63 0 8 0.000493237557281
48 65 0 8 0.000491617572762
19 34 0 8 0.000484861882544
18 28 0 8 0.00048296234895
43 57 0 8 0.000478537322022
20 81 0 8 0.000476763739763
42 55 0 8 0.000473438577077
43 63 0 8 0.000470929220702
15 34 0 8 0.000470750824253
40 71 0 8 0.00046712700918
41 58 0 8 0.000466502413963
44 55 0 8 0.000466060902032
35 78 0 8 0.0004625466047
45 63 0 8 0.00046139334611
14 36 0 8 0.000461392574859
16 35 0 8 0.000460666649034
24 34 0 8 0.000457677040162
14 24 0 8 0.000456205076641
74 91 0 8 0.000453480659698
78 94 0 8 0.000453264531243
31 67 0 8 0.000450557437799
83 93 0 8 0.000447323994737
35 77 0 8 0.000446960141919
45 67 0 8 0.00044630095903
42 62 0 8 0.000444919469265
15 30 0 8 0.000441144844824
48 63 0 8 0.000439380576911
45 70 0 8 0.000439378085175
49 65 0 8 0.000436900824736
74 90 0 8 0.000436432852939
17 28 0 8 0.000435716300789
36 60 0 8 0.000433805257747
20 35 0 8 0.00042822857406
50 62 0 8 0.000426404682459
36 62 0 8 0.00042496730661
35 81 0 8 0.000424748389783
35 80 0 8 0.000420645864718
82 93 0 8 0.000417228270483
79 91 0 8 0.000416041373454
34 81 0 8 0.00041543985646
63 77 0 8 0.000414322668719
20 37 0 8 0.000414089454072
35 62 0 8 0.00041206485905
42 71 0 8 0.00041187056295
14 34 0 8 0.000407571695001
42 58 0 8 0.00040598549724
44 56 0 8 0.000405837772877
35 79 0 8 0.000404544057488
65 81 0 8 0.000404034794062
37 61 0 8 0.000403298841966
14 28 0 8 0.000402471852506
24 71 0 8 0.000401807804797
42 57 0 8 0.00040089680823
22 34 0 8 0.000399591880028
9 34 0 8 0.000395225913182
40 61 0 8 0.000395202152697
80 93 0 8 0.000392466700922
45 68 0 8 0.000391897576499
68 91 0 8 0.000389575812267
18 33 0 8 0.00038925058136
21 33 0 8 0.000387841385862
15 36 0 8 0.000386111705622
38 61 0 8 0.000385019227598
64 76 0 8 0.000384902620275
19 30 0 8 0.000379741255625
20 34 0 8 0.000378859418304
21 32 0 8 0.000378118393744
72 89 0 8 0.000375250197687
21 36 0 8 0.000373041807453
34 68 0 8 0.000370508838911
36 65 0 8 0.000366923082143
45 65 0 8 0.000365707085195
45 59 0 8 0.000365646334292
8 20 0 8 0.000365146266559
65 75 0 8 0.000359484893504
38 63 0 8 0.000352476084412
27 82 0 8 0.000352453599459
40 58 0 8 0.000347811376189
40 57 0 8 0.000347426224959
46 67 0 8 0.000345392612225
14 35 0 8 0.000344123606554
82 94 0 8 0.000341907948756
19 35 0 8 0.000338862602118
39 61 0 8 0.000337020348794
34 76 0 8 0.00033656510265
20 89 0 8 0.000328855789376
9 31 0 8 0.000328261955236
77 93 0 8 0.000323276376645
16 32 0 8 0.000321315587868
15 32 0 8 0.000320248828122
18 36 0 8 0.00031582762779
17 40 0 8 0.000312438480877
44 70 0 8 0.000309911148405
20 36 0 8 0.000306573586365
20 39 0 8 0.000302954576784
27 81 0 8 0.000296698420355
49 62 0 8 0.000296408518709
8 35 0 8 0.000296126092271
47 57 0 8 0.000291966850543
35 63 0 8 0.000291739360957
68 90 0 8 0.000289924813367
35 75 0 8 0.000287302854244
22 35 0 8 0.000286560287181
77 90 0 8 0.000285200095829
76 87 0 8 0.000285195675964
46 62 0 8 0.000283262058978
49 60 0 8 0.000282929827479
34 65 0 8 0.000280870793102
49 59 0 8 0.000277380671545
37 71 0 8 0.000271487745
13 31 0 8 0.000269577977489
8 31 0 8 0.000269268913205
79 93 0 8 0.00026918021926
16 30 0 8 0.000268870472715
69 89 0 8 0.000267434342734
50 63 0 8 0.0002641738762
81 93 0 8 0.000263644708548
12 31 0 8 0.000263170715055
17 37 0 8 0.000261247569294
65 78 0 8 0.000260501412944
17 36 0 8 0.000255382556128
28 71 0 8 0.000254914643658
76 93 0 8 0.000254535247152
36 63 0 8 0.000252825471138
77 88 0 8 0.000245280256495
31 71 0 8 0.000245100762495
44 59 0 8 0.000244774107739
83 95 0 8 0.000244003360325
75 89 0 8 0.000242164399653
35 61 0 8 0.000238811234598
35 65 0 8 0.000236194318275
44 60 0 8 0.000233303043994
63 76 0 8 0.000231883317944
36 76 0 8 0.000229456515164
34 71 0 8 0.000226784424681
79 95 0 8 0.000226656515554
76 90 0 8 0.000222905384626
68 92 0 8 0.000217729158549
47 62 0 8 0.000216417437399
17 38 0 8 0.000215510148773
76 88 0 8 0.000213802775504
19 32 0 8 0.000213714882475
43 58 0 8 0.000212466166656
35 69 0 8 0.00021077496001
35 70 0 8 0.000210444093034
47 59 0 8 0.000207075621599
20 30 0 8 0.000206974735945
13 27 0 8 0.000206446339544
81 92 0 8 0.000204657866194
77 92 0 8 0.000202849992898
27 71 0 8 0.000200606688693
15 28 0 8 0.000197070410688
48 60 0 8 0.000194043959716
13 30 0 8 0.00019375355379
18 32 0 8 0.000189975429052
47 63 0 8 0.000189293256929
19 31 0 8 0.000187616140458
34 67 0 8 0.000186748067014
74 92 0 8 0.000186598117887
78 93 0 8 0.000185109987744
47 60 0 8 0.000184626086633
46 60 0 8 0.000183648910738
18 35 0 8 0.000181887727832
16 28 0 8 0.000176115324196
15 35 0 8 0.000169853828333
21 34 0 8 0.000163961109432
14 31 0 8 0.000163033679271
46 61 0 8 0.000161871625446
50 61 0 8 0.00015897602029
14 30 0 8 0.000158782465778
78 95 0 8 0.000157460584871
18 39 0 8 0.000156721117646
71 89 0 8 0.000156169494704
21 35 0 8 0.000152123448993
17 32 0 8 0.000152021035668
44 61 0 8 0.000150201059652
46 59 0 8 0.000149368018833
47 61 0 8 0.000149215741119
16 27 0 8 0.000144935160734
36 61 0 8 0.000141082432227
75 92 0 8 0.000139007913489
78 90 0 8 0.000137879705747
51 61 0 8 0.00013658028013
80 92 0 8 0.000135953371157
35 71 0 8 0.000133361253542
48 58 0 8 0.000132879206402
20 31 0 8 0.000132023369163
17 34 0 8 0.000130316870968
82 95 0 8 0.000129664629344
20 32 0 8 0.000127289574586
76 92 0 8 0.000124755775465
45 62 0 8 0.000121213579586
46 57 0 8 0.000116726778364
44 58 0 8 0.000113511993661
17 29 0 8 0.000111900403921
44 57 0 8 0.00010766249452
74 88 0 8 9.99536113672e-05
78 88 0 8 9.49265038388e-05
45 56 0 8 9.44274001708e-05
17 39 0 8 9.33848606942e-05
78 89 0 8 9.08397597694e-05
45 71 0 8 9.07424782336e-05
20 33 0 8 8.82789816707e-05
15 31 0 8 8.59413029561e-05
18 34 0 8 8.17286223842e-05
48 61 0 8 8.02439480426e-05
82 92 0 8 7.97350999061e-05
17 33 0 8 7.9460608462e-05
78 91 0 8 7.73093056855e-05
45 60 0 8 7.61317674991e-05
17 35 0 8 7.48368062422e-05
45 57 0 8 7.44977076371e-05
78 92 0 8 6.9854312658e-05
74 89 0 8 6.50083602869e-05
36 71 0 8 5.79334756901e-05
76 89 0 8 5.73020430296e-05
17 27 0 8 5.64757654942e-05
46 58 0 8 4.9508633658e-05
49 61 0 8 4.78043453967e-05
44 71 0 8 4.56175650423e-05
79 89 0 8 4.43648446475e-05
47 58 0 8 4.2531964998e-05
18 30 0 8 3.8658397863e-05
17 30 0 8 3.55672952345e-05
21 31 0 8 3.25243810051e-05
77 89 0 8 2.88095953125e-05
45 61 0 8 2.46850302466e-05
14 27 0 8 2.45315511596e-05
18 31 0 8 2.14063280596e-05
17 31 0 8 1.69891916301e-05
79 92 0 8 7.62000381057e-06
15 27 0 8 6.84683881966e-06
45 58 0 8 0.0
