44 56 0 8 1.0
43 55 0 8 0.986457096756
43 56 0 8 0.96757928611
46 56 0 8 0.908276903208
44 58 0 8 0.884896663396
15 55 0 8 0.805012648252
44 57 0 8 0.773091956496
45 55 0 8 0.757379996994
42 58 0 8 0.755413740234
46 63 0 8 0.753593514402
44 63 0 8 0.741891097825
44 67 0 8 0.735522632951
15 40 0 8 0.721449380033
44 55 0 8 0.7150404572
16 43 0 8 0.710845827082
19 41 0 8 0.698286466355
28 66 0 8 0.697343700363
15 43 0 8 0.667959244725
43 58 0 8 0.665747755397
16 55 0 8 0.652007850568
39 66 0 8 0.587683583804
46 70 0 8 0.583474873042
45 56 0 8 0.557710990512
14 39 0 8 0.556483808261
16 46 0 8 0.435722123587
45 63 0 8 0.420372852159
44 54 0 8 0.416564579611
32 46 0 8 0.405148554407
40 55 0 8 0.404562423722
46 66 0 8 0.402477182337
31 43 0 8 0.357830232812
15 46 0 8 0.348774212684
14 41 0 8 0.340404608006
49 66 0 8 0.332945976374
46 67 0 8 0.328050053745
18 55 0 8 0.327266284342
19 40 0 8 0.299535221208
16 40 0 8 0.279101180871
20 52 0 8 0.264532716176
19 42 0 8 0.258993894294
31 55 0 8 0.249299148136
30 47 0 8 0.24597469861
13 57 0 8 0.242823214819
43 57 0 8 0.238156819425
15 41 0 8 0.237172448635
31 67 0 8 0.23579727627
43 63 0 8 0.228415674041
16 45 0 8 0.222576077505
17 55 0 8 0.221616953118
15 45 0 8 0.220825378834
31 46 0 8 0.22064992828
33 43 0 8 0.219971078786
17 28 0 8 0.214043796794
12 39 0 8 0.212251461468
47 75 0 8 0.208587292521
19 43 0 8 0.208421988313
31 71 0 8 0.207359266068
14 62 0 8 0.206236605518
15 28 0 8 0.20589694981
67 77 0 8 0.199974971952
15 44 0 8 0.194621125766
17 42 0 8 0.189690654589
28 62 0 8 0.18911220136
40 60 0 8 0.189021632876
18 53 0 8 0.187778044444
18 52 0 8 0.184050002895
29 46 0 8 0.18254941086
13 42 0 8 0.181594284483
42 63 0 8 0.180565521438
19 55 0 8 0.179403040063
16 54 0 8 0.178088156426
54 70 0 8 0.177832761584
40 52 0 8 0.174418253281
18 54 0 8 0.17291428444
42 56 0 8 0.171891717515
14 66 0 8 0.169540106668
14 56 0 8 0.169514557627
13 38 0 8 0.16940103642
17 40 0 8 0.169163465379
17 54 0 8 0.168111622183
18 46 0 8 0.167946333903
16 48 0 8 0.166762317426
41 58 0 8 0.166161325609
45 57 0 8 0.164539630482
14 57 0 8 0.164240703514
29 66 0 8 0.163680456365
32 43 0 8 0.163206636335
15 54 0 8 0.159540906412
20 48 0 8 0.159115349221
56 66 0 8 0.154549557158
43 54 0 8 0.153914303504
18 47 0 8 0.153579713005
15 48 0 8 0.153277759655
39 59 0 8 0.151452086334
55 66 0 8 0.15137754175
28 55 0 8 0.151079092632
16 44 0 8 0.150571106334
14 55 0 8 0.149504736501
15 34 0 8 0.149068841824
19 52 0 8 0.148512098908
14 40 0 8 0.14584442221
16 63 0 8 0.142721577557
8 55 0 8 0.141915635919
28 44 0 8 0.137517314317
47 70 0 8 0.137124951766
40 58 0 8 0.13460451655
8 54 0 8 0.134551761921
16 41 0 8 0.133861842238
15 47 0 8 0.133231470617
14 63 0 8 0.132076571127
13 39 0 8 0.129480603771
28 47 0 8 0.129439022865
17 49 0 8 0.1293368267
13 43 0 8 0.128331486264
23 62 0 8 0.128235326936
19 46 0 8 0.127602749241
31 70 0 8 0.125877050084
47 66 0 8 0.125660751327
14 53 0 8 0.12556625651
17 32 0 8 0.125121497717
47 61 0 8 0.124803122259
15 57 0 8 0.124049680396
13 49 0 8 0.120364239165
16 56 0 8 0.120218582552
15 62 0 8 0.119589771907
14 43 0 8 0.118816005495
19 45 0 8 0.116396635533
18 28 0 8 0.11636714423
21 53 0 8 0.116322680297
40 57 0 8 0.116308074018
41 56 0 8 0.116307843058
13 58 0 8 0.115796774627
15 42 0 8 0.115160135208
43 66 0 8 0.114994241652
16 53 0 8 0.114724750238
15 56 0 8 0.113123236304
42 55 0 8 0.112863771774
19 44 0 8 0.112812912617
17 43 0 8 0.112491773593
19 62 0 8 0.111448420197
29 51 0 8 0.111127273209
14 46 0 8 0.110374922437
8 63 0 8 0.110242406696
19 49 0 8 0.110200196621
40 67 0 8 0.110166388741
17 47 0 8 0.109396636269
24 53 0 8 0.108959889426
21 50 0 8 0.108898836137
15 70 0 8 0.108711216339
15 75 0 8 0.10685328815
25 66 0 8 0.106280059413
27 49 0 8 0.106121492888
24 46 0 8 0.10489070287
16 47 0 8 0.104428932621
15 31 0 8 0.1029062241
42 57 0 8 0.10210048953
16 70 0 8 0.102034705528
43 67 0 8 0.101619143364
14 48 0 8 0.101116341737
18 43 0 8 0.0999466368639
42 59 0 8 0.0997865491839
15 32 0 8 0.0995689841253
18 56 0 8 0.0993440681425
17 41 0 8 0.0989242132937
17 46 0 8 0.0989018499185
15 58 0 8 0.0981685255366
40 63 0 8 0.0981148231722
28 45 0 8 0.0978944945484
12 38 0 8 0.0973143210589
28 43 0 8 0.0967491759486
8 46 0 8 0.0958771237771
17 34 0 8 0.0955619976977
8 62 0 8 0.0954733724699
13 40 0 8 0.0951094977367
18 48 0 8 0.0943691409972
20 41 0 8 0.093943328953
41 63 0 8 0.0939323941545
15 49 0 8 0.0932762425312
15 67 0 8 0.0932259169728
46 62 0 8 0.0931976202946
31 63 0 8 0.0931475655178
28 46 0 8 0.0927935026358
41 57 0 8 0.092761502621
16 42 0 8 0.0927571302944
39 57 0 8 0.092444178432
19 75 0 8 0.091788719691
19 60 0 8 0.091673334869
17 57 0 8 0.0911244924044
44 60 0 8 0.0909551901855
15 63 0 8 0.0908840940849
40 62 0 8 0.0907484484271
14 28 0 8 0.0905307798344
19 57 0 8 0.0898514604552
16 32 0 8 0.0897681154688
17 53 0 8 0.0897522269597
32 42 0 8 0.0878295501099
28 40 0 8 0.0876920806583
24 55 0 8 0.0874020416986
38 56 0 8 0.0873248609759
20 53 0 8 0.0868691116356
17 56 0 8 0.0868295297357
44 66 0 8 0.0867341110752
16 67 0 8 0.086063432815
18 45 0 8 0.0859949330321
54 66 0 8 0.0854098695452
31 44 0 8 0.0851025563116
19 54 0 8 0.0845577994637
16 28 0 8 0.0834201025697
17 45 0 8 0.0827583043534
17 44 0 8 0.0827551266516
24 52 0 8 0.0826730957524
19 47 0 8 0.0820427241311
26 66 0 8 0.080953536966
12 58 0 8 0.080468981241
13 56 0 8 0.0795030315646
24 48 0 8 0.0794689529027
39 67 0 8 0.0792320110307
43 60 0 8 0.0788924588573
13 64 0 8 0.0786674313762
5 55 0 8 0.078381573603
18 70 0 8 0.0783412351074
43 62 0 8 0.078289364501
11 61 0 8 0.0777977445617
32 45 0 8 0.0776810137958
11 57 0 8 0.0762239061017
13 60 0 8 0.0756925768358
41 55 0 8 0.0749159114682
45 75 0 8 0.0747858566543
14 45 0 8 0.0734318450757
10 41 0 8 0.073230256132
28 67 0 8 0.0732253422422
26 62 0 8 0.0730654297738
8 67 0 8 0.0729170733088
45 70 0 8 0.072670001019
14 42 0 8 0.0722593766375
40 56 0 8 0.0722531645888
40 70 0 8 0.0719837528163
14 70 0 8 0.0716287421987
38 58 0 8 0.0715210348316
19 39 0 8 0.0710099823298
47 76 0 8 0.0705534684297
18 40 0 8 0.070187929186
18 67 0 8 0.0701665772598
13 48 0 8 0.0700449724249
42 62 0 8 0.0695239408244
55 67 0 8 0.0694916222429
32 55 0 8 0.0688320539928
19 53 0 8 0.0687894457102
12 57 0 8 0.0686018657328
44 70 0 8 0.0685173181575
14 49 0 8 0.0682875360698
40 66 0 8 0.0682781702118
17 63 0 8 0.0680370790099
14 58 0 8 0.0678165672103
20 55 0 8 0.0665516985301
16 57 0 8 0.0661286301408
8 44 0 8 0.0659259262141
13 52 0 8 0.0658958415809
28 41 0 8 0.0658226827615
37 66 0 8 0.0656461610271
22 52 0 8 0.0655937926603
8 41 0 8 0.0654746527345
24 45 0 8 0.0651260054847
53 63 0 8 0.065047904901
24 67 0 8 0.0650425888208
19 48 0 8 0.0647305289449
67 79 0 8 0.0644973023559
18 49 0 8 0.0641922389989
44 64 0 8 0.0637062298139
8 42 0 8 0.0636295986185
7 55 0 8 0.063583661315
41 62 0 8 0.0635668449807
8 45 0 8 0.0631691305105
15 60 0 8 0.0631452977469
45 66 0 8 0.0630839258916
44 62 0 8 0.062565255666
22 50 0 8 0.0623134008952
45 58 0 8 0.0622869638496
8 58 0 8 0.0621270872199
28 48 0 8 0.0620923714248
46 75 0 8 0.0620645087937
45 67 0 8 0.0620020498299
13 62 0 8 0.061869243397
41 60 0 8 0.0618628441905
12 60 0 8 0.0618360248649
9 47 0 8 0.0617519830141
16 31 0 8 0.0616986191268
22 40 0 8 0.0616777370862
28 70 0 8 0.0615949456093
18 41 0 8 0.0611175417045
18 75 0 8 0.0610662285896
20 49 0 8 0.0607483508912
22 41 0 8 0.0602396717105
45 62 0 8 0.0600825347536
43 59 0 8 0.059986482942
10 57 0 8 0.0598568183722
11 62 0 8 0.059515537975
24 40 0 8 0.0595093657471
13 59 0 8 0.0591436950947
14 47 0 8 0.0591028787493
19 29 0 8 0.0590703212429
24 66 0 8 0.058916127045
20 54 0 8 0.0588723759047
32 47 0 8 0.0587980383889
26 69 0 8 0.0586639417613
28 53 0 8 0.0583880551226
8 34 0 8 0.058258064022
5 75 0 8 0.0578051578886
39 62 0 8 0.0577221155405
31 62 0 8 0.0576173111116
15 29 0 8 0.0576082638202
14 37 0 8 0.0572137151057
28 49 0 8 0.0570680425642
38 57 0 8 0.0570527035825
42 60 0 8 0.05686932072
14 32 0 8 0.0567913276524
15 53 0 8 0.0566866745427
46 57 0 8 0.0566866227756
10 58 0 8 0.0566055555404
21 41 0 8 0.0563548555735
15 52 0 8 0.0560561197455
23 40 0 8 0.0559682869522
39 56 0 8 0.0558696985541
20 42 0 8 0.0557584869545
16 33 0 8 0.0556977522324
15 66 0 8 0.0545239338682
31 41 0 8 0.0523076700232
13 37 0 8 0.052188561954
28 54 0 8 0.0520375693504
13 55 0 8 0.0519272138985
34 56 0 8 0.0517874905883
28 42 0 8 0.0517820749561
5 76 0 8 0.0517381167476
42 61 0 8 0.0516523904759
53 67 0 8 0.0515305148594
17 50 0 8 0.0512359363256
14 35 0 8 0.0512189049588
13 47 0 8 0.0511812464047
8 56 0 8 0.0511523046292
68 79 0 8 0.0508370272307
49 73 0 8 0.0507770570684
13 53 0 8 0.0507737599042
8 53 0 8 0.0506950381155
14 54 0 8 0.0505410310755
38 60 0 8 0.0504174989127
32 53 0 8 0.0502959139882
24 49 0 8 0.050112164774
8 47 0 8 0.0495171859018
48 63 0 8 0.049368112662
24 51 0 8 0.0492422669092
18 62 0 8 0.0492326103592
55 70 0 8 0.049059525162
27 52 0 8 0.0485003770679
31 45 0 8 0.0483511644552
55 77 0 8 0.0480544833818
19 34 0 8 0.0479879945506
15 27 0 8 0.0475888744053
49 75 0 8 0.0474955025352
13 45 0 8 0.0473712615617
20 44 0 8 0.0470899234522
14 64 0 8 0.0469764420655
24 47 0 8 0.0468040298402
28 56 0 8 0.046727111935
48 75 0 8 0.0464772999724
15 50 0 8 0.0460695745469
41 61 0 8 0.0460273963292
30 49 0 8 0.0459422036566
31 60 0 8 0.0458584206411
19 69 0 8 0.0457787312065
15 76 0 8 0.0457643877454
9 33 0 8 0.0455080571138
9 41 0 8 0.0454188186453
32 56 0 8 0.0454081227718
39 58 0 8 0.0449338049809
16 52 0 8 0.0447982031261
10 60 0 8 0.0446708760387
8 65 0 8 0.044351684253
21 69 0 8 0.044314511513
11 60 0 8 0.0441553795328
17 29 0 8 0.044071003187
13 41 0 8 0.0438277218398
8 43 0 8 0.0436693504373
18 66 0 8 0.0434653841904
8 18 0 8 0.0434127171675
41 67 0 8 0.0433972149204
8 33 0 8 0.0427765755086
34 67 0 8 0.0427723266266
21 62 0 8 0.0426291309405
12 49 0 8 0.0426216207329
47 67 0 8 0.0423313149736
13 44 0 8 0.0421002665837
17 70 0 8 0.0420743870297
42 66 0 8 0.0420551018042
13 50 0 8 0.0419027433463
56 67 0 8 0.0417094849192
45 77 0 8 0.0412422313426
17 48 0 8 0.0410121426346
24 42 0 8 0.04064694585
43 77 0 8 0.0405946173041
56 70 0 8 0.0405357063759
15 77 0 8 0.0405240627667
17 62 0 8 0.0404828880338
28 63 0 8 0.0403887754964
1 13 0 8 0.0400375319288
15 37 0 8 0.039872144097
14 44 0 8 0.0397467124808
16 34 0 8 0.0396404107889
8 60 0 8 0.0393276381203
31 77 0 8 0.0393154648941
49 74 0 8 0.0392392916383
5 17 0 8 0.039147647992
44 77 0 8 0.0391387560018
5 54 0 8 0.0390071840145
29 62 0 8 0.0387056328542
16 29 0 8 0.0386805417525
13 46 0 8 0.0385997612272
16 58 0 8 0.0383042588502
31 56 0 8 0.0380865345084
13 67 0 8 0.038058564361
20 43 0 8 0.0378633905522
22 53 0 8 0.0378463711317
24 63 0 8 0.0378034403004
23 66 0 8 0.0374896123799
8 66 0 8 0.0373755257167
47 73 0 8 0.0372590617503
8 40 0 8 0.0369278719501
13 51 0 8 0.0368662452416
16 27 0 8 0.0368078838407
47 63 0 8 0.0365430753556
29 43 0 8 0.0363020399028
34 55 0 8 0.0362720428755
42 53 0 8 0.0359879212903
34 45 0 8 0.0357021949258
8 39 0 8 0.035667495059
18 42 0 8 0.0356642616081
17 75 0 8 0.0355759947677
20 47 0 8 0.0355186726904
35 66 0 8 0.0353483868971
19 74 0 8 0.0351526993997
15 39 0 8 0.0349492149848
18 34 0 8 0.0348001337807
16 49 0 8 0.0346226483824
16 62 0 8 0.0345175691898
14 60 0 8 0.0343944033786
21 60 0 8 0.0342352833446
18 63 0 8 0.034188908012
20 51 0 8 0.0341561912223
66 77 0 8 0.0340622180578
41 70 0 8 0.0339900467948
16 66 0 8 0.0338610989998
48 70 0 8 0.0338141502473
67 78 0 8 0.0336009654795
19 61 0 8 0.0335818554657
24 44 0 8 0.0335485333994
53 66 0 8 0.0331436491898
27 42 0 8 0.0331408318664
51 66 0 8 0.032960547064
32 66 0 8 0.0327216041956
17 27 0 8 0.0326855444477
8 64 0 8 0.0324234318324
20 62 0 8 0.032403861888
17 60 0 8 0.0323905458042
19 32 0 8 0.0322390833148
42 75 0 8 0.0321250444367
24 54 0 8 0.0316810402487
39 51 0 8 0.0316760964933
13 69 0 8 0.0316353916461
15 59 0 8 0.031630750529
21 52 0 8 0.0315501233139
38 59 0 8 0.0315200924388
19 70 0 8 0.0314824378669
5 53 0 8 0.0313309554671
12 42 0 8 0.031234591062
18 44 0 8 0.0311312819051
14 75 0 8 0.0309361499082
13 63 0 8 0.0308108218262
28 75 0 8 0.0305546325586
8 77 0 8 0.0305256509623
12 40 0 8 0.0305032278558
48 66 0 8 0.030458341822
37 63 0 8 0.0304493801454
18 33 0 8 0.0302577822467
19 66 0 8 0.030156271
10 54 0 8 0.0301496030029
24 43 0 8 0.0300258677539
54 64 0 8 0.0300000837698
40 77 0 8 0.0299823993415
10 62 0 8 0.0299180349513
19 63 0 8 0.0298639602622
8 75 0 8 0.0297914963162
32 44 0 8 0.0297661483701
8 48 0 8 0.029712410167
16 60 0 8 0.0296596296547
42 67 0 8 0.0296239123659
14 77 0 8 0.029600312554
17 69 0 8 0.0295774892483
52 62 0 8 0.0294300406981
39 60 0 8 0.0294143154543
8 57 0 8 0.0293634065208
15 51 0 8 0.029349413483
8 19 0 8 0.0293196374612
19 67 0 8 0.0292312352301
20 57 0 8 0.0291680256438
40 59 0 8 0.0291618872636
8 38 0 8 0.0291354362807
11 37 0 8 0.028930514334
16 50 0 8 0.0289112251265
23 49 0 8 0.0288094012863
17 67 0 8 0.0287411921955
23 55 0 8 0.0287378552103
32 62 0 8 0.0287249233975
12 51 0 8 0.0287172180679
15 33 0 8 0.0287017317491
47 62 0 8 0.0286011423545
27 40 0 8 0.0285719457257
35 55 0 8 0.0285419029044
33 54 0 8 0.0283311790635
54 67 0 8 0.0282358300895
16 76 0 8 0.0282305100273
41 66 0 8 0.0281799296156
17 52 0 8 0.0281604233846
17 33 0 8 0.0280831729754
29 45 0 8 0.028054573659
31 54 0 8 0.0280239992297
17 76 0 8 0.0279942570556
32 70 0 8 0.0279809469449
8 76 0 8 0.0279745477384
42 77 0 8 0.0279190852935
3 13 0 8 0.0278858966271
17 31 0 8 0.0278009309331
18 32 0 8 0.0277400847128
27 62 0 8 0.0277380717701
18 30 0 8 0.0277211061077
13 32 0 8 0.0276677880142
13 75 0 8 0.0276307347367
34 66 0 8 0.0276236944149
29 55 0 8 0.0275744997679
10 44 0 8 0.0274854006723
47 57 0 8 0.0274358595841
28 76 0 8 0.0273473100159
24 57 0 8 0.0273360964717
21 55 0 8 0.0273313856681
48 73 0 8 0.027314531504
12 56 0 8 0.0272746290465
19 31 0 8 0.0272294264371
8 35 0 8 0.0270921003406
31 73 0 8 0.0270712939596
5 46 0 8 0.0270251814445
69 79 0 8 0.026869707007
30 73 0 8 0.0268400285463
11 41 0 8 0.0267867562468
19 56 0 8 0.0267731235874
21 44 0 8 0.0267149194788
19 77 0 8 0.0267050956813
8 27 0 8 0.0266268298411
1 16 0 8 0.026608573984
20 40 0 8 0.0265905749711
33 55 0 8 0.0265271662807
70 80 0 8 0.0264916779616
44 75 0 8 0.0264496192064
5 56 0 8 0.0263674907462
46 58 0 8 0.0263376768947
24 50 0 8 0.0263214817652
35 58 0 8 0.0262719824889
7 58 0 8 0.0262482014923
54 75 0 8 0.0262165837574
2 14 0 8 0.0261998470647
1 15 0 8 0.0261854916574
27 55 0 8 0.0261239784382
8 70 0 8 0.0260837454678
34 44 0 8 0.0260717872741
8 28 0 8 0.0260619097185
8 69 0 8 0.0260433273306
21 51 0 8 0.0260369898463
14 50 0 8 0.0260351441511
29 48 0 8 0.0260265508171
33 44 0 8 0.0260096827157
15 30 0 8 0.0259795303871
41 59 0 8 0.0259343775538
3 18 0 8 0.0259020908291
37 58 0 8 0.0257708672739
8 49 0 8 0.0257402689521
18 31 0 8 0.0256879682808
1 17 0 8 0.0256776288036
15 35 0 8 0.0256510085822
34 63 0 8 0.0256488960875
2 13 0 8 0.025645545165
12 54 0 8 0.0255862300554
26 47 0 8 0.0255587536863
16 30 0 8 0.0255346222664
3 14 0 8 0.02553271684
27 50 0 8 0.0254531389036
24 56 0 8 0.0254479661785
33 76 0 8 0.0254380866318
38 64 0 8 0.0254100647174
5 15 0 8 0.0253358267536
21 61 0 8 0.0253265465104
22 65 0 8 0.025316390209
41 77 0 8 0.0252722348874
27 44 0 8 0.0252184688097
13 31 0 8 0.0251949327112
27 46 0 8 0.0251700765523
19 33 0 8 0.0251371526943
5 69 0 8 0.0251327803678
20 34 0 8 0.025068246739
32 54 0 8 0.0250553806305
5 30 0 8 0.0250185901705
32 77 0 8 0.0249459211472
5 39 0 8 0.02494093558
41 64 0 8 0.0249058713526
41 75 0 8 0.0248937837413
31 75 0 8 0.0248101321345
31 47 0 8 0.024804025611
48 62 0 8 0.0247538234972
4 18 0 8 0.0247268150227
2 18 0 8 0.0247139130755
2 17 0 8 0.0247025322837
32 76 0 8 0.0247018433835
12 62 0 8 0.024701291865
22 43 0 8 0.0246394341957
11 71 0 8 0.0246371863102
54 77 0 8 0.0246097776364
14 79 0 8 0.024531738775
2 12 0 8 0.0245287243385
5 44 0 8 0.0244912390051
8 51 0 8 0.024450924402
5 18 0 8 0.0244226974103
47 74 0 8 0.0244040433449
13 70 0 8 0.024403131448
4 14 0 8 0.0243876431382
43 70 0 8 0.0243546018088
10 72 0 8 0.0243193563967
13 76 0 8 0.0243155714273
40 69 0 8 0.0243068387204
39 65 0 8 0.0242321368441
20 45 0 8 0.0241718082945
14 34 0 8 0.0241640492067
13 66 0 8 0.0241518640343
12 32 0 8 0.0241468645298
26 54 0 8 0.0241054150332
21 59 0 8 0.0240919516123
53 77 0 8 0.0240801387646
3 17 0 8 0.0240435314804
14 38 0 8 0.0240115493849
5 66 0 8 0.024009817179
5 16 0 8 0.0239799535514
8 68 0 8 0.0239698589723
9 62 0 8 0.0239432347688
5 63 0 8 0.0239097016523
21 33 0 8 0.0238935443526
21 65 0 8 0.0238526782311
14 59 0 8 0.0238444014726
10 42 0 8 0.0237886662552
12 41 0 8 0.0237679434979
16 37 0 8 0.0237453173052
27 54 0 8 0.023735362099
17 30 0 8 0.0237061117121
14 31 0 8 0.0235833241988
46 77 0 8 0.0235805904991
3 15 0 8 0.023559487453
8 31 0 8 0.0235364550879
34 53 0 8 0.0234794336578
24 62 0 8 0.0234582151313
21 43 0 8 0.0234396586269
17 35 0 8 0.0234359134783
27 47 0 8 0.023421846772
9 53 0 8 0.0233933848374
56 75 0 8 0.0233671050841
30 62 0 8 0.0233168571762
14 33 0 8 0.0232988621455
34 57 0 8 0.0232862130605
45 60 0 8 0.0232690662133
8 32 0 8 0.0232575161831
31 57 0 8 0.0232247217428
13 77 0 8 0.0232153439385
15 38 0 8 0.0232013070978
21 54 0 8 0.0231672722388
41 79 0 8 0.0231363195116
11 51 0 8 0.0231240427513
12 50 0 8 0.0231063404036
31 66 0 8 0.0230975917684
4 15 0 8 0.0230710432245
10 40 0 8 0.0230532592441
30 43 0 8 0.0229963035184
10 55 0 8 0.0229830332285
7 48 0 8 0.0229097808302
42 79 0 8 0.0228855060553
1 12 0 8 0.022839242221
28 50 0 8 0.0228138524631
5 58 0 8 0.0227669057017
10 59 0 8 0.0226998534058
47 77 0 8 0.0226744317912
13 61 0 8 0.022672685648
29 44 0 8 0.0226524925078
28 73 0 8 0.0226196204169
1 11 0 8 0.0225985850661
33 75 0 8 0.0225951803856
17 58 0 8 0.0225904974566
14 51 0 8 0.0225622226799
32 67 0 8 0.0225438533334
1 14 0 8 0.0225111544631
27 43 0 8 0.0224764307039
2 16 0 8 0.0224689802275
7 77 0 8 0.0224679269667
9 29 0 8 0.0224271126123
11 59 0 8 0.0224067581977
56 77 0 8 0.0223319288947
5 49 0 8 0.0223113475014
33 77 0 8 0.0222603927739
9 42 0 8 0.0222511941634
17 51 0 8 0.0221784992566
2 15 0 8 0.0221508337385
19 51 0 8 0.0221404524495
11 40 0 8 0.0220384314963
19 50 0 8 0.022020749059
40 64 0 8 0.0219927709475
49 67 0 8 0.0219695056306
47 68 0 8 0.0219488724702
12 53 0 8 0.0219445459375
40 61 0 8 0.0218807509851
7 19 0 8 0.0218713731809
6 16 0 8 0.0217930914124
11 32 0 8 0.0217776488965
38 62 0 8 0.0216164999915
43 61 0 8 0.0216063158155
36 58 0 8 0.0215982600627
27 48 0 8 0.0215666263994
16 51 0 8 0.0215664989728
20 56 0 8 0.0215193212506
20 39 0 8 0.021457453626
26 68 0 8 0.0214549926991
18 50 0 8 0.0214330633708
9 55 0 8 0.0213945207945
7 59 0 8 0.0213943893857
11 58 0 8 0.0213774396517
20 58 0 8 0.0213083405654
4 16 0 8 0.0212619891252
14 73 0 8 0.0212383554657
16 77 0 8 0.0211766013305
25 45 0 8 0.0211364121631
5 48 0 8 0.021072149316
25 54 0 8 0.0210695231326
35 77 0 8 0.0210466560239
46 60 0 8 0.0210463593587
67 80 0 8 0.0210304330199
11 55 0 8 0.020998916828
16 75 0 8 0.0209031119056
7 60 0 8 0.0208920397252
13 54 0 8 0.0208727027327
12 75 0 8 0.0208023174337
35 57 0 8 0.0207948151903
16 26 0 8 0.0207856623737
33 73 0 8 0.0207854373861
11 66 0 8 0.020778773371
18 60 0 8 0.0207519600186
1 18 0 8 0.0207210112736
20 32 0 8 0.0207023153963
12 48 0 8 0.0207015010604
66 79 0 8 0.0206988808502
38 71 0 8 0.0206791058286
7 66 0 8 0.0206468230859
32 63 0 8 0.0206130570174
52 66 0 8 0.0205896304262
7 33 0 8 0.020568620959
43 75 0 8 0.0205667573444
40 75 0 8 0.0204534670977
11 33 0 8 0.020444549224
9 58 0 8 0.0204413237372
14 52 0 8 0.0203849951894
37 70 0 8 0.0203816502401
37 59 0 8 0.0203230618606
20 46 0 8 0.0203193923715
6 17 0 8 0.020307732834
9 54 0 8 0.0202942495027
21 32 0 8 0.0202199557898
34 77 0 8 0.0202093017282
11 39 0 8 0.0201690687578
33 64 0 8 0.0201665361533
42 74 0 8 0.0201231573378
3 16 0 8 0.0201059069565
23 52 0 8 0.0200953166081
7 62 0 8 0.020063013955
10 32 0 8 0.0199801886304
20 50 0 8 0.0199324693449
27 45 0 8 0.0198879257703
16 39 0 8 0.0198690208337
1 20 0 8 0.0198650427333
13 35 0 8 0.0198314897063
17 37 0 8 0.0197814209922
46 73 0 8 0.0197740581216
64 80 0 8 0.019745590214
7 53 0 8 0.0196542392507
13 28 0 8 0.0196462253097
39 77 0 8 0.0195813651502
9 35 0 8 0.0195802760507
9 56 0 8 0.0195538051574
5 38 0 8 0.0195470794201
17 39 0 8 0.0194442222295
45 76 0 8 0.0194219484511
15 79 0 8 0.0194117782125
46 71 0 8 0.0193952864179
4 17 0 8 0.0192592684354
11 63 0 8 0.0192401365201
18 57 0 8 0.0192262350702
17 77 0 8 0.0191761783023
33 45 0 8 0.0191745496306
9 30 0 8 0.0191695063231
31 53 0 8 0.0191562161228
11 38 0 8 0.0190992643791
32 58 0 8 0.0190542329994
10 37 0 8 0.0190051478596
5 62 0 8 0.0189905734377
8 74 0 8 0.0189558914904
25 49 0 8 0.0189433996976
64 79 0 8 0.0189079890291
21 45 0 8 0.0188706450596
53 75 0 8 0.0188511806404
57 67 0 8 0.0188434056244
22 42 0 8 0.0188334026332
19 58 0 8 0.018816255786
16 35 0 8 0.0188003533396
25 48 0 8 0.0187239550961
12 59 0 8 0.0186904996301
21 42 0 8 0.0186899421386
15 74 0 8 0.0186779301867
6 39 0 8 0.0186413746695
30 77 0 8 0.0186373985602
7 17 0 8 0.0185668778704
42 54 0 8 0.018541221313
8 52 0 8 0.018462145119
17 64 0 8 0.0184458504375
13 79 0 8 0.0183712441311
52 77 0 8 0.0183647294442
47 64 0 8 0.0183643730478
18 38 0 8 0.0183173745193
2 19 0 8 0.0182975596768
16 38 0 8 0.0182950629111
17 66 0 8 0.0182905093998
68 80 0 8 0.0182677537895
11 56 0 8 0.0182418961368
29 40 0 8 0.018181221146
33 53 0 8 0.0181803172133
7 40 0 8 0.0181755586248
46 76 0 8 0.0181241897607
25 69 0 8 0.0180936790447
22 33 0 8 0.0180402952469
21 49 0 8 0.0180283111697
10 35 0 8 0.0180020294253
22 62 0 8 0.0179344475124
18 51 0 8 0.0179308337726
4 19 0 8 0.0179209860826
7 18 0 8 0.0178846655083
29 76 0 8 0.0177688446482
49 63 0 8 0.0177653961648
46 69 0 8 0.0177283886812
50 70 0 8 0.0176945708457
43 79 0 8 0.0176911721383
52 63 0 8 0.0176482154235
25 51 0 8 0.0176181586649
40 65 0 8 0.0175969919055
27 56 0 8 0.0175956240601
17 38 0 8 0.0175474946202
23 56 0 8 0.0174471103029
22 49 0 8 0.017424281024
38 55 0 8 0.0173967409415
68 78 0 8 0.0173008802699
10 45 0 8 0.017216641306
38 66 0 8 0.0171312714307
25 63 0 8 0.0171092007385
37 57 0 8 0.0170913968477
9 45 0 8 0.0170913490627
23 45 0 8 0.017062731827
42 64 0 8 0.0170622121652
18 77 0 8 0.0170478487937
39 74 0 8 0.0169801354721
48 77 0 8 0.0169616566183
3 19 0 8 0.0169494614907
19 73 0 8 0.0169355023006
12 76 0 8 0.0168765913723
5 52 0 8 0.016867020437
32 75 0 8 0.0168614733961
30 45 0 8 0.0168515261541
7 75 0 8 0.0168479542261
32 57 0 8 0.0167985106989
34 62 0 8 0.0167931388697
11 29 0 8 0.0167692384106
13 30 0 8 0.0167597491081
36 55 0 8 0.0167150581963
20 67 0 8 0.0167141861203
33 62 0 8 0.0167011627195
5 34 0 8 0.0166962249372
33 60 0 8 0.0166473548299
22 51 0 8 0.0166409237667
44 61 0 8 0.0166386858364
27 77 0 8 0.0166203284361
28 69 0 8 0.0165939471397
14 74 0 8 0.0165833149794
44 79 0 8 0.0165684458834
10 47 0 8 0.016560601181
5 77 0 8 0.0165396394988
31 74 0 8 0.0165310800125
32 48 0 8 0.0164786917353
8 37 0 8 0.0164604995915
7 54 0 8 0.0164488350764
27 53 0 8 0.0164181481532
9 32 0 8 0.0164094841373
29 39 0 8 0.0163933925419
5 42 0 8 0.0163320266598
19 30 0 8 0.01627388726
39 63 0 8 0.0162554273212
30 40 0 8 0.0162367802244
1 21 0 8 0.0162141271527
29 70 0 8 0.0162083979315
70 81 0 8 0.0161796323632
54 76 0 8 0.0161761918439
27 41 0 8 0.0161760992605
12 44 0 8 0.016159301841
10 49 0 8 0.0161365153696
19 37 0 8 0.0161330768413
42 76 0 8 0.0161250419944
10 52 0 8 0.0161082415884
23 61 0 8 0.0160901569608
33 79 0 8 0.0160647134448
1 22 0 8 0.0160605860163
53 70 0 8 0.0160429573371
9 68 0 8 0.016038461566
69 80 0 8 0.0160375158214
31 49 0 8 0.0160280245278
29 69 0 8 0.016007201223
4 77 0 8 0.0159885561173
46 74 0 8 0.0159511872597
55 75 0 8 0.0159213724126
11 48 0 8 0.015912001577
1 19 0 8 0.0158913992778
3 77 0 8 0.0158885630395
39 55 0 8 0.015813971666
23 54 0 8 0.0158052718113
9 40 0 8 0.0157893514455
8 73 0 8 0.0157801080365
9 66 0 8 0.0157783877769
30 44 0 8 0.0157716510889
5 41 0 8 0.0157661637792
25 58 0 8 0.0157539945351
3 20 0 8 0.0157440891049
1 81 0 8 0.0156967710143
23 53 0 8 0.0156839666281
26 58 0 8 0.0156652846881
12 52 0 8 0.0156344554055
54 79 0 8 0.0156228974111
25 42 0 8 0.0155589780186
12 61 0 8 0.0155385688504
14 26 0 8 0.0155326494847
10 56 0 8 0.015526022304
39 81 0 8 0.0154810596151
14 67 0 8 0.0154645867354
47 71 0 8 0.0154473433227
18 73 0 8 0.0154416788104
15 73 0 8 0.0154326345056
43 74 0 8 0.0153720849503
37 64 0 8 0.015303561275
33 57 0 8 0.0152681187498
30 46 0 8 0.0152518449742
20 74 0 8 0.0152471003229
22 44 0 8 0.0152233233084
33 67 0 8 0.0151943536584
9 75 0 8 0.0151792625613
4 43 0 8 0.0151467428847
45 61 0 8 0.0151432854416
53 79 0 8 0.015117020621
47 59 0 8 0.0151161704464
25 44 0 8 0.015105503443
21 47 0 8 0.0151053312179
20 75 0 8 0.0151047617801
41 73 0 8 0.0151001256406
23 46 0 8 0.0149917502792
11 54 0 8 0.0149572037226
20 38 0 8 0.0149549359266
35 79 0 8 0.0149410304946
12 43 0 8 0.0149170055955
9 57 0 8 0.0149149578095
26 45 0 8 0.0148852584429
10 46 0 8 0.0148770125456
10 75 0 8 0.0148565316998
24 70 0 8 0.0148428860987
15 61 0 8 0.0148164351158
27 79 0 8 0.0147970015577
10 68 0 8 0.014791921416
10 69 0 8 0.0147913927945
25 62 0 8 0.0147341324395
27 57 0 8 0.0147336625537
10 48 0 8 0.0147059562193
34 46 0 8 0.0147054445217
8 26 0 8 0.0147005415827
35 56 0 8 0.0146970771709
50 66 0 8 0.0146749676534
12 71 0 8 0.0146684370382
15 36 0 8 0.0146550990529
5 64 0 8 0.014647305122
22 56 0 8 0.014640620201
8 59 0 8 0.0145722279343
71 81 0 8 0.0145563493804
26 77 0 8 0.0145486340956
44 76 0 8 0.0145222428439
34 54 0 8 0.0145198874422
6 18 0 8 0.0145185574266
10 77 0 8 0.0145090004286
20 33 0 8 0.0144988182437
48 67 0 8 0.014490766473
50 71 0 8 0.0144765564116
32 79 0 8 0.0144380217994
7 44 0 8 0.0143906828028
41 76 0 8 0.0143775618411
14 78 0 8 0.0143716335158
24 60 0 8 0.0143669217167
33 71 0 8 0.0143538495354
47 58 0 8 0.0143261272727
28 52 0 8 0.014279702164
1 77 0 8 0.0142620157447
38 74 0 8 0.014249914196
31 64 0 8 0.0142386319608
30 55 0 8 0.0142163094019
5 40 0 8 0.0141940087445
9 65 0 8 0.0141798842979
13 71 0 8 0.0141578813012
11 49 0 8 0.0141551426239
35 75 0 8 0.0141367623267
2 77 0 8 0.0140961112377
9 26 0 8 0.0140783561274
37 73 0 8 0.0140769713582
5 43 0 8 0.0140766010245
6 33 0 8 0.0140535855833
26 52 0 8 0.0140531764243
19 76 0 8 0.0140524387436
44 74 0 8 0.0140470360531
14 80 0 8 0.0140454939917
2 81 0 8 0.0140029364807
34 70 0 8 0.013994263505
10 61 0 8 0.0139864237801
7 35 0 8 0.013983618403
24 73 0 8 0.0139730419919
12 47 0 8 0.0139694909699
28 77 0 8 0.0139595576651
12 55 0 8 0.0139493117669
37 77 0 8 0.0139320016543
49 79 0 8 0.0139245959764
27 75 0 8 0.0139061071675
33 46 0 8 0.0138968617675
15 78 0 8 0.0138918104958
39 73 0 8 0.0138915446918
14 76 0 8 0.0138911534522
9 77 0 8 0.0138857119365
8 79 0 8 0.0138842594719
26 49 0 8 0.0138807174096
10 71 0 8 0.013878926468
40 76 0 8 0.0138239070298
54 69 0 8 0.0138076661064
23 48 0 8 0.0137836949654
16 36 0 8 0.0137585092892
8 29 0 8 0.0137501608532
1 40 0 8 0.0137429602526
49 70 0 8 0.013714955262
53 73 0 8 0.0137010120002
7 76 0 8 0.0136978173745
5 19 0 8 0.013696076209
21 40 0 8 0.0136760911325
65 79 0 8 0.0136683011836
31 42 0 8 0.0136427451738
26 48 0 8 0.0136326406395
64 77 0 8 0.0136116779617
8 50 0 8 0.0135821866589
26 61 0 8 0.0135777516145
4 40 0 8 0.0135754220963
39 79 0 8 0.0135536570289
12 67 0 8 0.0135320562225
20 35 0 8 0.0135186296359
20 70 0 8 0.013511682893
34 73 0 8 0.0134823887032
30 48 0 8 0.0134416002323
15 25 0 8 0.0134016937927
21 31 0 8 0.013369919761
9 52 0 8 0.0133337017253
40 73 0 8 0.0133089769752
15 64 0 8 0.0132977066862
38 67 0 8 0.0132524702292
4 75 0 8 0.0132498709249
9 46 0 8 0.0132301645942
65 77 0 8 0.0132050207299
7 64 0 8 0.0131793412754
37 75 0 8 0.0131784144457
2 20 0 8 0.0131773681536
31 76 0 8 0.0131638181224
45 74 0 8 0.0131535105019
20 60 0 8 0.013150955996
50 75 0 8 0.0131361436447
9 76 0 8 0.0131275284092
12 24 0 8 0.0131238977455
35 70 0 8 0.0130638140939
5 79 0 8 0.0130375781435
11 68 0 8 0.0130321635068
3 40 0 8 0.0130299554421
51 70 0 8 0.0130293939685
42 78 0 8 0.01302637555
34 79 0 8 0.0130229718649
49 77 0 8 0.0130192754969
34 74 0 8 0.0130151888847
27 74 0 8 0.0130117433879
18 79 0 8 0.0130065746448
12 64 0 8 0.0130045338275
10 33 0 8 0.0129766184338
13 33 0 8 0.012938803583
33 74 0 8 0.0129308832209
41 74 0 8 0.0129224909821
3 75 0 8 0.0129161027263
32 60 0 8 0.0129144013815
31 48 0 8 0.0129006512507
7 45 0 8 0.012892821481
63 77 0 8 0.0128706233622
26 46 0 8 0.0128666114141
10 39 0 8 0.0128592704451
49 69 0 8 0.0128510155881
25 55 0 8 0.0128315232943
38 77 0 8 0.0128177542486
21 66 0 8 0.0128132375716
9 36 0 8 0.0128123535493
30 57 0 8 0.0128080419494
34 75 0 8 0.0127906263117
4 49 0 8 0.0127733709528
7 27 0 8 0.0127671141057
28 74 0 8 0.0127626143525
23 77 0 8 0.0127599254513
32 74 0 8 0.0127543346075
24 41 0 8 0.0127223893463
23 58 0 8 0.0127141713235
52 75 0 8 0.0127109806799
38 79 0 8 0.0127094336409
37 79 0 8 0.01270550233
16 61 0 8 0.0126370513276
39 75 0 8 0.0126038377731
23 75 0 8 0.012600909947
7 42 0 8 0.0125964251266
17 79 0 8 0.0125955321446
24 75 0 8 0.0125947048669
12 31 0 8 0.0125857352261
4 46 0 8 0.0125630343694
25 52 0 8 0.0125622747872
10 74 0 8 0.0125556436243
6 38 0 8 0.0125532732897
29 47 0 8 0.0125401075295
21 57 0 8 0.0125181632685
3 43 0 8 0.0125125256352
43 78 0 8 0.0124528242636
33 70 0 8 0.0124511109726
35 59 0 8 0.0124366181834
3 39 0 8 0.0124290741281
50 67 0 8 0.0124259352516
52 79 0 8 0.0124080029386
3 41 0 8 0.0124008859617
2 76 0 8 0.0124006659517
17 74 0 8 0.0123863483741
7 57 0 8 0.0123748710169
40 74 0 8 0.0123738396575
37 60 0 8 0.0123696763903
16 79 0 8 0.0123670969963
18 39 0 8 0.0123653249696
37 53 0 8 0.0123545882797
26 75 0 8 0.012345500172
51 77 0 8 0.0123299212698
11 75 0 8 0.0123271606911
9 44 0 8 0.0123225932425
9 48 0 8 0.0123200596425
31 79 0 8 0.0123114911965
41 80 0 8 0.012301785866
12 33 0 8 0.0122967385764
7 52 0 8 0.0122862836189
10 29 0 8 0.0122862776458
15 26 0 8 0.0122798585288
36 53 0 8 0.0122769028281
4 39 0 8 0.0122611556829
23 51 0 8 0.0122555708122
7 61 0 8 0.0122328978301
33 47 0 8 0.0122223781637
52 68 0 8 0.0122134792048
10 26 0 8 0.0121953408191
17 68 0 8 0.0121923293692
2 21 0 8 0.0121887813338
24 77 0 8 0.0121857250854
7 49 0 8 0.0121807514644
7 43 0 8 0.012180343301
29 77 0 8 0.0121799102495
44 59 0 8 0.0121730142782
38 75 0 8 0.0121715259748
35 62 0 8 0.0121484896277
18 74 0 8 0.0121398813608
48 74 0 8 0.0121364219267
29 56 0 8 0.0121123303277
20 77 0 8 0.0121002745729
18 29 0 8 0.0120890779525
20 31 0 8 0.0120881212572
25 46 0 8 0.0120762397186
52 71 0 8 0.0120667315011
4 41 0 8 0.0120589534985
8 78 0 8 0.0120567852546
7 47 0 8 0.0120533616592
49 62 0 8 0.0120301789705
13 80 0 8 0.0120219748851
11 77 0 8 0.0120033307749
55 79 0 8 0.0119962267397
10 70 0 8 0.0119946080232
10 76 0 8 0.0119828051307
21 73 0 8 0.0119816503268
4 45 0 8 0.0119782526149
4 79 0 8 0.0119580614657
63 79 0 8 0.0119511674854
27 73 0 8 0.0119448439384
1 55 0 8 0.0119432102891
10 53 0 8 0.0119414671325
25 47 0 8 0.0119150967867
50 63 0 8 0.0119078384459
50 73 0 8 0.0119040445168
36 77 0 8 0.0118875457535
18 76 0 8 0.0118676512694
7 78 0 8 0.0118645810839
41 54 0 8 0.0118609036307
3 79 0 8 0.0118335536927
11 69 0 8 0.0118148817079
2 40 0 8 0.0118131803632
20 30 0 8 0.0118055556707
3 49 0 8 0.011804240588
16 69 0 8 0.0117935934949
8 36 0 8 0.0117625581396
6 46 0 8 0.0117596571925
4 81 0 8 0.0117412549938
21 74 0 8 0.0117393386166
42 70 0 8 0.011738488442
27 60 0 8 0.0117299080498
45 79 0 8 0.0117255725575
39 61 0 8 0.0117219926653
30 70 0 8 0.0117154720052
13 78 0 8 0.0117096521917
35 46 0 8 0.0116871842868
7 41 0 8 0.0116763868701
22 63 0 8 0.0116620085658
9 74 0 8 0.0116516531603
3 31 0 8 0.0116503609746
2 75 0 8 0.0116464007935
4 76 0 8 0.0116446954667
34 60 0 8 0.0116422126383
45 73 0 8 0.0116421628622
13 73 0 8 0.0116319030267
53 76 0 8 0.0116236043668
29 41 0 8 0.0115990468641
30 75 0 8 0.0115950379026
1 76 0 8 0.0115860194813
46 79 0 8 0.0115832937458
5 47 0 8 0.0115609174288
1 52 0 8 0.0115510428598
20 73 0 8 0.011543134444
55 65 0 8 0.0115204345828
3 42 0 8 0.0115176789817
14 81 0 8 0.0115159577266
54 72 0 8 0.0115154549886
3 76 0 8 0.0115154440379
12 68 0 8 0.011515111534
48 69 0 8 0.0115001817113
26 53 0 8 0.0114871672702
3 81 0 8 0.0114785122139
7 46 0 8 0.0114729890655
7 79 0 8 0.011461088612
35 60 0 8 0.0114591503334
9 49 0 8 0.0114260114429
21 48 0 8 0.0114249352851
40 54 0 8 0.011419085606
19 79 0 8 0.0114150975504
10 73 0 8 0.0114137316961
6 76 0 8 0.0114113633525
49 80 0 8 0.011403541547
25 70 0 8 0.0113931741953
13 74 0 8 0.0113790198831
26 74 0 8 0.011373996486
40 81 0 8 0.0113737386462
23 50 0 8 0.0113691871259
25 37 0 8 0.0113691323723
18 35 0 8 0.0113371393261
8 30 0 8 0.0113348625704
4 80 0 8 0.0113344703353
11 67 0 8 0.0113329023903
4 42 0 8 0.0112951273603
4 52 0 8 0.0112765808112
4 20 0 8 0.0112676738882
53 69 0 8 0.0112671920562
27 61 0 8 0.0112587739338
55 78 0 8 0.0112394259906
30 79 0 8 0.0112337983125
21 58 0 8 0.0112337117022
11 52 0 8 0.0112333334044
52 76 0 8 0.0112311313127
4 21 0 8 0.011224869488
34 58 0 8 0.0112185578873
45 64 0 8 0.0112113453404
22 48 0 8 0.0111946056612
66 78 0 8 0.0111908117321
24 74 0 8 0.0111862512521
4 47 0 8 0.0111862343283
11 65 0 8 0.0111845728043
18 65 0 8 0.0111780202876
13 29 0 8 0.0111761497044
22 45 0 8 0.0111328375887
47 79 0 8 0.011130535945
29 42 0 8 0.0111291233013
13 81 0 8 0.0111085080603
2 41 0 8 0.0110770137699
30 60 0 8 0.0110725289495
7 67 0 8 0.0110648962929
9 37 0 8 0.0110616877299
29 75 0 8 0.0110560331728
18 37 0 8 0.0110530993735
6 77 0 8 0.0110463706497
10 79 0 8 0.0110416976759
57 77 0 8 0.0110384154444
24 58 0 8 0.0110107369846
53 74 0 8 0.0109940032784
30 42 0 8 0.0109937125864
1 41 0 8 0.0109822850052
19 36 0 8 0.0109727429401
15 69 0 8 0.010947878817
5 21 0 8 0.0109311540706
47 69 0 8 0.0109268942379
5 22 0 8 0.0109202939361
10 50 0 8 0.0109200998096
27 67 0 8 0.010918670242
50 79 0 8 0.0109109559527
9 19 0 8 0.0108977563448
25 53 0 8 0.0108879723681
1 75 0 8 0.0108827926744
12 79 0 8 0.0108776030254
27 63 0 8 0.0108698708167
53 72 0 8 0.0108626144669
39 78 0 8 0.0108518568711
26 55 0 8 0.0108469280485
2 49 0 8 0.0108427329246
28 57 0 8 0.0108302182348
3 47 0 8 0.0108116010037
16 74 0 8 0.0107977234463
4 70 0 8 0.0107647737047
4 31 0 8 0.010748832433
56 73 0 8 0.01074793746
27 51 0 8 0.0107472027658
19 35 0 8 0.0107439135656
1 79 0 8 0.0107393471126
5 45 0 8 0.0107269230152
56 79 0 8 0.0106840250361
3 73 0 8 0.010677695516
50 74 0 8 0.0106630394614
48 64 0 8 0.0106556079
22 55 0 8 0.01064756708
52 65 0 8 0.0106474954025
3 74 0 8 0.0106418577692
11 44 0 8 0.0106378727001
3 70 0 8 0.0106367248649
17 61 0 8 0.0106333142112
2 42 0 8 0.0106249617932
40 79 0 8 0.0106119851819
51 73 0 8 0.0106032823406
10 34 0 8 0.0106023584975
32 64 0 8 0.0105708841176
43 76 0 8 0.0105579353808
4 48 0 8 0.0105467905275
5 51 0 8 0.0105251698106
55 69 0 8 0.0105210035568
11 28 0 8 0.0105166262527
56 68 0 8 0.0105097541738
13 65 0 8 0.0105090612915
5 70 0 8 0.0105081394394
41 68 0 8 0.0105060498416
35 45 0 8 0.0105020777143
9 43 0 8 0.0104871050842
3 46 0 8 0.0104832872626
2 80 0 8 0.0104759423115
36 54 0 8 0.0104732683431
37 74 0 8 0.0104680279225
7 70 0 8 0.0104677262798
2 43 0 8 0.0104626142814
48 80 0 8 0.010447845733
42 80 0 8 0.0104472723131
7 28 0 8 0.0104396297013
4 73 0 8 0.0104393380138
49 76 0 8 0.0104310284031
6 75 0 8 0.0104220219281
35 74 0 8 0.010411156816
28 60 0 8 0.0104048591526
43 64 0 8 0.0103964549675
7 34 0 8 0.0103794026948
32 73 0 8 0.0103710652096
35 53 0 8 0.0103686311616
8 20 0 8 0.0103612742643
1 78 0 8 0.0103423792829
2 74 0 8 0.0103368183047
20 79 0 8 0.0103289556828
39 70 0 8 0.0103280049606
33 80 0 8 0.0103062677679
7 39 0 8 0.010305503208
56 69 0 8 0.0102979163454
6 79 0 8 0.0102962388931
3 52 0 8 0.0102899392386
4 51 0 8 0.0102886251514
1 80 0 8 0.0102851049905
66 80 0 8 0.0102827107634
23 44 0 8 0.0102800547144
4 55 0 8 0.010279118925
5 57 0 8 0.0102682488354
30 63 0 8 0.0102631238952
9 73 0 8 0.0102514653532
9 51 0 8 0.0102354922248
9 79 0 8 0.0102322906305
38 53 0 8 0.0102305106397
5 31 0 8 0.0102238207411
11 47 0 8 0.0102232791779
30 74 0 8 0.0102193160103
31 78 0 8 0.0102179222814
10 65 0 8 0.0102096315857
9 67 0 8 0.0102028560723
45 78 0 8 0.0101802597453
44 73 0 8 0.0101748431176
22 75 0 8 0.0101566937811
23 67 0 8 0.0101471298145
21 46 0 8 0.0101326579313
8 61 0 8 0.0101129764886
50 62 0 8 0.0101108500565
2 55 0 8 0.0101055658331
48 78 0 8 0.01010445085
33 66 0 8 0.01010394413
9 34 0 8 0.0101035877336
10 38 0 8 0.0100993846455
1 49 0 8 0.0100848430758
18 68 0 8 0.0100844388945
1 46 0 8 0.0100814632833
3 80 0 8 0.0100814045476
1 42 0 8 0.0100661302747
2 39 0 8 0.0100591755677
27 66 0 8 0.0100523721797
19 64 0 8 0.0100508739212
34 76 0 8 0.0100495648116
69 81 0 8 0.0100452223506
16 59 0 8 0.0100396573904
3 48 0 8 0.0100344438489
21 75 0 8 0.0100195478738
1 43 0 8 0.0100194184561
3 45 0 8 0.0100173925717
20 64 0 8 0.0100072790777
5 80 0 8 0.0100029993345
25 77 0 8 0.00999573502058
14 29 0 8 0.00998654935181
18 58 0 8 0.00997982660105
47 80 0 8 0.00997792017907
50 77 0 8 0.00997464192966
27 65 0 8 0.0099739679622
57 79 0 8 0.00996712873553
10 43 0 8 0.00996637910851
4 78 0 8 0.00996471559355
5 20 0 8 0.0099578046894
4 22 0 8 0.00994729398268
26 79 0 8 0.00992664489396
9 70 0 8 0.00992133080489
3 44 0 8 0.00988385044903
8 71 0 8 0.0098789007205
43 65 0 8 0.00987718046087
3 55 0 8 0.00986998583334
9 31 0 8 0.00985336263001
2 52 0 8 0.00983943031892
4 50 0 8 0.00983288477084
10 51 0 8 0.00982810627186
10 64 0 8 0.00980324015779
11 79 0 8 0.00980098729462
40 80 0 8 0.00980050546264
23 47 0 8 0.00978878420285
19 59 0 8 0.00978866274934
56 78 0 8 0.00978132675788
10 67 0 8 0.00977865478054
3 57 0 8 0.0097643581089
3 67 0 8 0.00974234217037
4 57 0 8 0.00971323414293
33 56 0 8 0.00970805843122
7 74 0 8 0.00970212612384
1 54 0 8 0.00969455817608
39 80 0 8 0.00969421770803
46 61 0 8 0.00968350889271
27 64 0 8 0.00967809624709
11 43 0 8 0.00966497329427
52 73 0 8 0.00965939738327
20 61 0 8 0.00965863680551
10 66 0 8 0.00965608130408
6 41 0 8 0.0096491833417
39 76 0 8 0.00964880603938
7 37 0 8 0.00964285282607
4 66 0 8 0.00963916541769
5 74 0 8 0.00963813704489
20 37 0 8 0.00963162335347
12 77 0 8 0.00959217485334
13 26 0 8 0.00958371890119
7 73 0 8 0.00957604642376
3 32 0 8 0.00957178260894
35 76 0 8 0.00956496030612
2 79 0 8 0.00954869748126
1 39 0 8 0.00954379951981
25 50 0 8 0.00954188214709
22 59 0 8 0.00953182539778
1 48 0 8 0.00952067954891
22 32 0 8 0.00950651826807
30 56 0 8 0.00950573379782
2 46 0 8 0.00945789604542
57 68 0 8 0.00945583034014
4 54 0 8 0.00945140425546
54 71 0 8 0.00944613496481
36 79 0 8 0.00943641768803
3 78 0 8 0.00943171285757
12 37 0 8 0.00941988308603
8 24 0 8 0.00941080592901
30 51 0 8 0.00940057795015
2 47 0 8 0.00939057894104
21 77 0 8 0.00938651423034
14 36 0 8 0.00938618769958
5 78 0 8 0.00937758540589
65 80 0 8 0.00937390098407
28 51 0 8 0.00937208814102
53 78 0 8 0.00936501596253
27 76 0 8 0.00936221058542
3 21 0 8 0.00935787608864
7 31 0 8 0.00935732357469
2 78 0 8 0.00934901396407
14 71 0 8 0.00934648335065
36 76 0 8 0.00934521903946
7 50 0 8 0.0093432319803
27 69 0 8 0.00933533551074
48 79 0 8 0.00932144202495
16 73 0 8 0.00929151468405
55 74 0 8 0.00928502090304
4 58 0 8 0.00928484967349
33 78 0 8 0.00927875509625
2 45 0 8 0.00927337032521
2 73 0 8 0.00926906569404
46 64 0 8 0.00926456793188
36 75 0 8 0.00926169685041
64 81 0 8 0.0092553046125
22 73 0 8 0.00925378246147
11 70 0 8 0.00923823242937
7 56 0 8 0.00923806418639
1 23 0 8 0.00923628618656
2 27 0 8 0.00923588399623
5 50 0 8 0.00923345890799
6 40 0 8 0.00921820155896
9 60 0 8 0.00921298204434
26 42 0 8 0.00921258980922
47 78 0 8 0.00920281180568
27 70 0 8 0.00920215774863
9 50 0 8 0.0092001239
37 76 0 8 0.00919077695689
3 50 0 8 0.00918685659669
4 74 0 8 0.00917721497947
9 59 0 8 0.00917129163178
1 50 0 8 0.0091676330935
4 44 0 8 0.00916241556992
22 54 0 8 0.0091536231318
5 32 0 8 0.00914476797587
18 61 0 8 0.00913935035265
67 81 0 8 0.00913459076857
3 66 0 8 0.00913222242501
45 69 0 8 0.00913113531649
25 57 0 8 0.00911760718677
2 48 0 8 0.00910295312323
33 63 0 8 0.00910191877731
31 58 0 8 0.00908414176558
10 30 0 8 0.00908083663712
9 39 0 8 0.00907334036684
1 35 0 8 0.00907140905684
5 81 0 8 0.00905142497589
64 78 0 8 0.00904889834456
4 38 0 8 0.00904383413116
56 74 0 8 0.00901496602419
3 60 0 8 0.00900444536227
1 36 0 8 0.00899132937809
52 70 0 8 0.00898881867508
5 37 0 8 0.00898497397444
49 71 0 8 0.00898178233533
4 30 0 8 0.00897417357123
7 51 0 8 0.00896782613175
5 73 0 8 0.00895383408942
39 72 0 8 0.00895337415889
10 78 0 8 0.00892295104872
38 76 0 8 0.00891981515876
54 78 0 8 0.00890194655914
12 36 0 8 0.00889047318398
50 64 0 8 0.00888369667511
44 78 0 8 0.00888146471788
10 80 0 8 0.00887942290509
36 74 0 8 0.00885705256121
4 53 0 8 0.00885692314353
4 67 0 8 0.00885183901972
2 22 0 8 0.00884990173659
1 53 0 8 0.00884560905168
11 45 0 8 0.00884290223111
1 74 0 8 0.00883313617382
8 80 0 8 0.00881509833569
13 34 0 8 0.00881247016125
11 50 0 8 0.00880471903769
23 72 0 8 0.00880229295394
9 38 0 8 0.00880083451623
68 81 0 8 0.00879549155706
21 76 0 8 0.00878898483428
51 74 0 8 0.00878393854025
1 58 0 8 0.00878053087316
6 55 0 8 0.00877565083108
1 45 0 8 0.00877508437985
43 80 0 8 0.00876578223516
6 52 0 8 0.00876456371792
3 69 0 8 0.00876146466223
13 36 0 8 0.00875973444739
11 42 0 8 0.00875077376628
4 37 0 8 0.00874929840472
22 77 0 8 0.00874638352034
37 62 0 8 0.00874378222496
11 53 0 8 0.00874188078058
1 73 0 8 0.0087328105922
12 29 0 8 0.0087274228346
3 33 0 8 0.00872273891008
16 64 0 8 0.00871767469668
21 79 0 8 0.00871738300914
22 74 0 8 0.00870570953433
18 78 0 8 0.0086944014156
53 68 0 8 0.00868993650562
5 35 0 8 0.00867090215134
4 60 0 8 0.00866570951579
5 59 0 8 0.00863870203686
20 63 0 8 0.00862991158978
3 37 0 8 0.00862644916906
42 81 0 8 0.00861582895507
3 59 0 8 0.00861047305413
4 59 0 8 0.00859957210333
50 78 0 8 0.00859119877939
57 78 0 8 0.00858436054824
5 67 0 8 0.00858287821804
47 60 0 8 0.00857742276504
26 50 0 8 0.00857409274856
6 78 0 8 0.00855506237637
4 23 0 8 0.0085527657103
1 59 0 8 0.00854993444965
38 73 0 8 0.00852911612243
3 53 0 8 0.00851387171516
25 75 0 8 0.00849465418509
2 59 0 8 0.00849380600152
35 80 0 8 0.00848106532861
11 35 0 8 0.00847461435499
41 69 0 8 0.00847448394179
38 72 0 8 0.00845887019637
11 46 0 8 0.00845864023111
12 63 0 8 0.00842862329334
3 34 0 8 0.0084259901413
8 72 0 8 0.00842121861097
1 47 0 8 0.00841536395419
10 81 0 8 0.00841158894
2 70 0 8 0.00840264717378
4 32 0 8 0.00840060237443
25 60 0 8 0.00839745254718
3 23 0 8 0.00839375120151
11 31 0 8 0.00838947743149
2 58 0 8 0.00838754014836
24 69 0 8 0.00838468499522
7 81 0 8 0.0083825744915
7 30 0 8 0.00835792042332
54 80 0 8 0.00835395227813
1 51 0 8 0.00835308517967
1 44 0 8 0.00834059338692
26 76 0 8 0.00831609561548
3 58 0 8 0.00830793234638
38 78 0 8 0.00830258540513
7 20 0 8 0.00829930217812
35 67 0 8 0.00828527529257
27 58 0 8 0.00827975313969
22 76 0 8 0.00826900052146
2 60 0 8 0.00826304332607
18 80 0 8 0.008262557512
56 80 0 8 0.00825660131213
10 36 0 8 0.00825642908706
54 68 0 8 0.00825187557574
2 44 0 8 0.0082440816448
7 36 0 8 0.00824360180386
3 56 0 8 0.00823440817092
25 40 0 8 0.0082303325095
1 38 0 8 0.00821377102845
24 38 0 8 0.0082085495228
6 19 0 8 0.00820514782883
48 76 0 8 0.00820019113166
10 31 0 8 0.0081999999917
14 61 0 8 0.00819931109143
37 47 0 8 0.00818943851344
11 74 0 8 0.00818899351572
3 24 0 8 0.00818333497651
19 78 0 8 0.00817698056838
25 56 0 8 0.00816867991745
28 79 0 8 0.00816670580006
7 32 0 8 0.00816289295608
1 57 0 8 0.0081620009696
27 78 0 8 0.00814724138088
36 66 0 8 0.00813192728716
22 79 0 8 0.00812790936594
3 22 0 8 0.00812267392299
36 64 0 8 0.00812097357377
11 76 0 8 0.00809490636407
32 71 0 8 0.00808844941732
56 71 0 8 0.00808140610893
35 78 0 8 0.00807894518196
32 78 0 8 0.00807604274159
35 73 0 8 0.00807134487978
4 33 0 8 0.0080477604985
48 81 0 8 0.00804223535906
2 23 0 8 0.00803936825967
42 73 0 8 0.00803794665622
50 80 0 8 0.00803647129466
1 34 0 8 0.00803573759597
17 36 0 8 0.00803540160776
2 51 0 8 0.00802955342187
2 35 0 8 0.00802860120639
7 65 0 8 0.00801808601984
12 70 0 8 0.00800498944831
22 46 0 8 0.00800110990445
5 60 0 8 0.00798306260887
29 73 0 8 0.0079760491661
26 51 0 8 0.00797329057845
27 80 0 8 0.00797032741133
55 76 0 8 0.00796506260052
20 76 0 8 0.0079620053567
41 78 0 8 0.00796070968661
15 80 0 8 0.00795337518843
11 27 0 8 0.00794606259171
38 81 0 8 0.00794111037438
40 78 0 8 0.00793943192662
2 53 0 8 0.00793701330927
37 61 0 8 0.0079199754716
24 64 0 8 0.00791894809432
5 27 0 8 0.0079177669091
51 79 0 8 0.00791652001952
7 80 0 8 0.00790618551996
1 27 0 8 0.00789655833779
26 72 0 8 0.00789495754064
7 38 0 8 0.00789340403071
23 42 0 8 0.00789002473596
6 49 0 8 0.00788888187829
8 81 0 8 0.00788379924776
2 57 0 8 0.00788330895385
29 79 0 8 0.00787235374718
3 30 0 8 0.00786654687539
2 33 0 8 0.00786491422158
16 78 0 8 0.0078615165097
2 50 0 8 0.00784697742879
4 35 0 8 0.00784465438142
3 54 0 8 0.00783190425107
21 56 0 8 0.0077985199648
12 65 0 8 0.00779609736537
1 26 0 8 0.00778803812819
51 69 0 8 0.00778108491441
37 80 0 8 0.00778041891111
54 74 0 8 0.00775517051712
2 54 0 8 0.00775055926561
29 50 0 8 0.00773680913479
24 59 0 8 0.00773268967046
23 79 0 8 0.00771374590857
25 38 0 8 0.00771186984996
39 64 0 8 0.00770811972378
4 34 0 8 0.0076784905413
9 63 0 8 0.00766760551883
49 78 0 8 0.00766229541183
21 68 0 8 0.00763817544047
3 27 0 8 0.00763633920268
5 29 0 8 0.00763529539931
2 30 0 8 0.00763170356091
9 28 0 8 0.00763112068359
29 49 0 8 0.00762610973054
26 37 0 8 0.0076239832985
30 76 0 8 0.00761768264849
49 64 0 8 0.00761459504128
46 78 0 8 0.00761330235776
4 56 0 8 0.00761130932547
10 63 0 8 0.00759869259488
26 73 0 8 0.00759281504114
1 37 0 8 0.0075876283787
26 70 0 8 0.00758488571939
23 65 0 8 0.00758004350709
50 69 0 8 0.00757543673542
29 74 0 8 0.00757070104382
18 64 0 8 0.00756154175635
53 80 0 8 0.00756019830127
32 80 0 8 0.00755909128234
22 47 0 8 0.00755034264712
2 34 0 8 0.0075390783313
20 68 0 8 0.00753860894333
26 80 0 8 0.00753841083472
11 34 0 8 0.00753390560615
56 76 0 8 0.00752414900631
20 59 0 8 0.00751073536146
20 80 0 8 0.00750975228485
23 78 0 8 0.00750269852349
3 38 0 8 0.00750209971783
41 81 0 8 0.00749426148622
22 78 0 8 0.00749154321717
20 72 0 8 0.00749043470496
51 75 0 8 0.00748263330761
9 81 0 8 0.00747790209586
52 74 0 8 0.00747468357769
22 58 0 8 0.00747236550793
5 36 0 8 0.00746721518199
43 73 0 8 0.00744680651151
37 69 0 8 0.00743134358746
9 78 0 8 0.0074236526929
59 79 0 8 0.00742094139249
17 78 0 8 0.00741855612508
13 68 0 8 0.00740908075981
2 24 0 8 0.00739365019019
4 69 0 8 0.00739231071719
22 81 0 8 0.00739058199564
42 71 0 8 0.00736788064116
47 65 0 8 0.00736187068317
48 71 0 8 0.00735975868617
10 24 0 8 0.00735567904267
7 69 0 8 0.00735466112283
26 44 0 8 0.00735368999246
2 38 0 8 0.00735325992756
5 71 0 8 0.00735234305306
6 21 0 8 0.00735184131067
22 61 0 8 0.00733510362247
3 35 0 8 0.00731753168799
37 67 0 8 0.00729240574304
1 25 0 8 0.00729169494132
25 68 0 8 0.00728825591533
33 69 0 8 0.00728522604832
3 26 0 8 0.0072836461571
6 42 0 8 0.00727910757858
31 52 0 8 0.00727681589011
50 76 0 8 0.00724429173367
25 65 0 8 0.00724356450585
9 69 0 8 0.00724160133919
28 39 0 8 0.00723898660428
20 66 0 8 0.00721877853119
2 32 0 8 0.00720577802741
31 50 0 8 0.00719870236459
42 69 0 8 0.00719848484334
38 70 0 8 0.00718648682881
19 38 0 8 0.00717226332794
36 80 0 8 0.00717029767248
26 43 0 8 0.007168126442
39 68 0 8 0.0071663230564
4 36 0 8 0.00716610304634
25 79 0 8 0.00716487656493
12 30 0 8 0.00715901543728
6 58 0 8 0.00715020557754
2 31 0 8 0.00714116475702
2 66 0 8 0.0071312762507
1 33 0 8 0.00711539072815
5 33 0 8 0.00711333995567
7 63 0 8 0.00710793626974
22 80 0 8 0.00710510351581
29 52 0 8 0.00708701938597
14 68 0 8 0.00708377697531
23 43 0 8 0.00707863312026
11 36 0 8 0.0070660562105
23 70 0 8 0.00705041011066
5 72 0 8 0.00702568585827
34 69 0 8 0.00701880083766
48 58 0 8 0.00701643100082
23 74 0 8 0.00701158729524
52 67 0 8 0.00700185458789
46 68 0 8 0.00700131800228
37 55 0 8 0.00698256488258
2 37 0 8 0.0069805165989
11 73 0 8 0.00697350813373
34 78 0 8 0.00695390683046
8 21 0 8 0.00694977591765
13 27 0 8 0.00694839562831
19 80 0 8 0.00694767636466
23 80 0 8 0.0069382258874
9 80 0 8 0.00691375947486
52 78 0 8 0.00689183213766
6 74 0 8 0.00689119599999
2 56 0 8 0.00689005164903
7 29 0 8 0.00688647573896
28 38 0 8 0.00688341600634
6 70 0 8 0.00687422784876
38 80 0 8 0.00687384556885
28 58 0 8 0.00687253247715
53 64 0 8 0.00685485551524
3 51 0 8 0.00684884107741
57 80 0 8 0.00683694809031
43 53 0 8 0.00683250408626
47 81 0 8 0.00683008148683
6 53 0 8 0.00681873952039
3 71 0 8 0.00680741547333
55 80 0 8 0.00680545678651
26 78 0 8 0.006803428911
23 76 0 8 0.00680255135958
19 65 0 8 0.006789693713
19 68 0 8 0.0067887982422
1 60 0 8 0.0067802387559
36 70 0 8 0.00677698589227
4 27 0 8 0.00677352247603
25 73 0 8 0.00676018946835
35 81 0 8 0.00674925566537
49 72 0 8 0.00674835870129
51 64 0 8 0.00674701972606
2 69 0 8 0.00674099831958
25 74 0 8 0.00672491916827
3 68 0 8 0.00672338407548
17 80 0 8 0.00671623972174
21 63 0 8 0.00670317202031
6 20 0 8 0.0066920630057
28 64 0 8 0.00668443134462
6 31 0 8 0.00667782656306
12 66 0 8 0.00666842934616
22 60 0 8 0.00666715159544
34 71 0 8 0.00664757717123
46 80 0 8 0.00663932579857
39 69 0 8 0.00662990668021
1 24 0 8 0.006619878801
1 56 0 8 0.00660576082531
51 63 0 8 0.00659953732815
5 24 0 8 0.00659926306222
10 27 0 8 0.00659305847995
36 60 0 8 0.00658340591201
38 68 0 8 0.00657915006135
6 73 0 8 0.0065754497112
7 71 0 8 0.00657386086029
29 67 0 8 0.00657348803782
23 60 0 8 0.00656560749658
35 64 0 8 0.00655009081443
19 71 0 8 0.00651618587088
24 71 0 8 0.00651219383319
24 79 0 8 0.00651194246423
63 81 0 8 0.00651084938259
29 57 0 8 0.00650986829702
33 58 0 8 0.00650530731929
52 64 0 8 0.0065052470903
11 78 0 8 0.0064998429066
4 72 0 8 0.00649618884817
10 28 0 8 0.00649357311773
53 65 0 8 0.00648962388743
15 68 0 8 0.00648204897103
51 71 0 8 0.00648062139446
33 81 0 8 0.00647828739636
9 27 0 8 0.00647729834662
23 33 0 8 0.00647276275467
31 69 0 8 0.0064607239238
39 54 0 8 0.00644773437074
12 46 0 8 0.00643871545168
9 72 0 8 0.00643520474821
36 81 0 8 0.00643461888432
6 81 0 8 0.0064297154475
6 57 0 8 0.00642905740837
19 81 0 8 0.006426854819
24 65 0 8 0.0064223311733
21 36 0 8 0.00641266217927
4 71 0 8 0.00641033514982
36 73 0 8 0.00641022215822
62 77 0 8 0.00640449293705
44 80 0 8 0.0063921290687
20 65 0 8 0.00638800711557
55 73 0 8 0.00638443568534
6 47 0 8 0.00636366564087
21 80 0 8 0.00635712307934
51 62 0 8 0.00635198718846
3 72 0 8 0.00635157952277
6 43 0 8 0.00634361884212
45 65 0 8 0.00632377313854
25 35 0 8 0.00632004093174
15 71 0 8 0.00630944660129
1 70 0 8 0.00630217332763
2 36 0 8 0.00630115441227
52 72 0 8 0.00629889507823
20 81 0 8 0.00628765764146
3 36 0 8 0.00628742618291
59 77 0 8 0.00628397321964
25 43 0 8 0.00627986669708
12 80 0 8 0.00627658645663
21 64 0 8 0.00626568202151
51 67 0 8 0.00625667853301
24 68 0 8 0.00625041023742
38 69 0 8 0.00623925891319
36 63 0 8 0.00622098015907
37 81 0 8 0.00621420663676
10 20 0 8 0.00620679199918
6 80 0 8 0.00620675566267
6 50 0 8 0.00618102593447
3 62 0 8 0.00618045052355
32 61 0 8 0.00617068944386
6 37 0 8 0.00616621507643
31 80 0 8 0.00616047838885
21 81 0 8 0.0061604301061
6 48 0 8 0.00616014588496
24 76 0 8 0.00615913742257
20 78 0 8 0.00615903139963
27 81 0 8 0.00614579346417
27 37 0 8 0.00614356648454
30 52 0 8 0.00614310257193
45 80 0 8 0.00614063816063
22 57 0 8 0.00614035194846
57 75 0 8 0.00613055901211
14 25 0 8 0.00612276259236
35 72 0 8 0.00612080490106
12 74 0 8 0.00612041465698
5 68 0 8 0.00611800748812
37 78 0 8 0.00611225636549
13 72 0 8 0.00610337731707
2 26 0 8 0.00609185366813
21 78 0 8 0.00607516127611
42 68 0 8 0.00606956495694
56 81 0 8 0.00605707714627
2 25 0 8 0.006042459917
30 80 0 8 0.00603002238012
5 28 0 8 0.00602785314069
23 57 0 8 0.00600902187262
52 69 0 8 0.00599972420778
29 61 0 8 0.00599662067224
11 80 0 8 0.0059961935939
31 81 0 8 0.00598784466021
30 72 0 8 0.00596580731798
23 63 0 8 0.00594984165603
12 78 0 8 0.00594646733888
15 65 0 8 0.00592908306004
9 61 0 8 0.00590934586821
6 67 0 8 0.00590767140252
23 69 0 8 0.00589434735453
51 78 0 8 0.00589093421208
26 81 0 8 0.00587769826767
5 26 0 8 0.00587408353229
30 41 0 8 0.0058677714338
6 66 0 8 0.00586760418633
2 67 0 8 0.00586049766238
31 51 0 8 0.00584313080515
11 64 0 8 0.0058411925265
14 69 0 8 0.00582816763245
23 81 0 8 0.00582489983602
2 62 0 8 0.0058133607565
6 54 0 8 0.00579959668839
22 39 0 8 0.00578562455648
25 76 0 8 0.00578343192231
25 80 0 8 0.0057784518304
2 72 0 8 0.00577190379352
12 81 0 8 0.00575407252592
36 78 0 8 0.00575340453158
4 68 0 8 0.00574844086576
54 81 0 8 0.00574057525734
31 61 0 8 0.00573468525958
22 69 0 8 0.00573155584051
2 61 0 8 0.00572669720212
32 81 0 8 0.00571492317974
25 78 0 8 0.00571347867932
45 71 0 8 0.0057030043091
38 61 0 8 0.00570244831084
51 80 0 8 0.00569517005958
14 72 0 8 0.00569485049746
26 56 0 8 0.005690531929
1 67 0 8 0.00568859215707
6 45 0 8 0.0056835000691
65 81 0 8 0.00568095551839
59 69 0 8 0.00567304760034
30 78 0 8 0.00566514167333
14 65 0 8 0.00566408841251
1 61 0 8 0.00566302868081
36 59 0 8 0.00565931240233
24 78 0 8 0.00565627208236
30 54 0 8 0.00564390871176
1 31 0 8 0.00564043235376
26 67 0 8 0.00563566181894
38 63 0 8 0.0056286453896
6 35 0 8 0.00562004857128
40 68 0 8 0.00561974195093
48 72 0 8 0.00561879570858
30 65 0 8 0.00561827007369
1 62 0 8 0.0056153666378
61 79 0 8 0.0056119679304
3 61 0 8 0.00560828599738
4 24 0 8 0.00560486588629
3 65 0 8 0.00559505652385
6 51 0 8 0.00558869614261
6 28 0 8 0.00557424864959
18 81 0 8 0.00555653485342
54 65 0 8 0.00555587233445
33 61 0 8 0.00555521280204
38 65 0 8 0.0055481913951
4 65 0 8 0.00552557913972
2 71 0 8 0.00551762492996
22 70 0 8 0.00550382253431
33 49 0 8 0.00550185936764
5 23 0 8 0.00549235762107
57 69 0 8 0.00547711968469
45 81 0 8 0.00546829489215
44 69 0 8 0.00546435611481
3 25 0 8 0.00546383943961
58 79 0 8 0.00545684192516
55 68 0 8 0.00544508731543
66 81 0 8 0.00543453579237
49 65 0 8 0.00541768013498
28 78 0 8 0.0054143501185
6 36 0 8 0.00541365624063
35 63 0 8 0.00540580307621
19 72 0 8 0.00540353776903
4 61 0 8 0.00539510371833
1 71 0 8 0.00539270451364
1 32 0 8 0.00539199172087
32 69 0 8 0.00538935458675
55 81 0 8 0.00537796682636
63 80 0 8 0.00536509673578
35 69 0 8 0.00534876123791
4 62 0 8 0.00534239040369
9 71 0 8 0.00534042176167
15 72 0 8 0.00533746606094
5 65 0 8 0.00532765271642
7 72 0 8 0.00532750289057
3 28 0 8 0.00532744813693
30 61 0 8 0.00530264274962
7 24 0 8 0.00528409968478
34 49 0 8 0.00527429679322
29 53 0 8 0.0052710951989
30 53 0 8 0.00526134706098
25 61 0 8 0.0052503430738
36 56 0 8 0.00524771489936
20 69 0 8 0.00524711908027
30 69 0 8 0.00524049389054
12 34 0 8 0.00523188413045
6 44 0 8 0.00522602300279
12 73 0 8 0.00522454216587
6 56 0 8 0.00520436495392
32 51 0 8 0.00517617628978
12 35 0 8 0.00516491396499
61 77 0 8 0.00516173775645
11 81 0 8 0.00516064119049
6 69 0 8 0.00514913894524
1 30 0 8 0.00513840723294
50 81 0 8 0.0051280110111
24 72 0 8 0.00512522405112
49 81 0 8 0.00512456551423
23 64 0 8 0.00512124346192
1 72 0 8 0.00511898661667
6 59 0 8 0.0051189761637
34 80 0 8 0.00511436292114
32 49 0 8 0.00510683529197
52 80 0 8 0.00510025539842
29 54 0 8 0.0050835480736
7 68 0 8 0.00508339974103
5 61 0 8 0.00507843557745
24 61 0 8 0.00506947390082
6 34 0 8 0.00506800501015
17 72 0 8 0.00506634149519
27 59 0 8 0.00506582531775
42 65 0 8 0.00505401495886
57 81 0 8 0.00505301047856
40 72 0 8 0.00505014238365
46 81 0 8 0.00503950574357
21 37 0 8 0.00503055750647
34 64 0 8 0.00501578198941
12 28 0 8 0.00499244698606
51 76 0 8 0.00499024588997
54 73 0 8 0.0049849517113
48 65 0 8 0.00498012144525
28 65 0 8 0.00497561621668
27 39 0 8 0.00496975359575
16 80 0 8 0.00496056245161
7 26 0 8 0.00495454801378
3 63 0 8 0.00495345443438
6 32 0 8 0.0049473966914
32 52 0 8 0.00493113535982
1 66 0 8 0.00492483072772
2 63 0 8 0.00491326626243
4 28 0 8 0.004902057198
3 64 0 8 0.00487383518392
24 39 0 8 0.00486775006412
14 24 0 8 0.00485976001562
48 59 0 8 0.00485211591053
1 69 0 8 0.00485152457128
28 72 0 8 0.00484762909909
53 81 0 8 0.00484140012657
4 25 0 8 0.00483928713405
4 64 0 8 0.00483451460819
28 61 0 8 0.00482960320721
29 78 0 8 0.00481611937816
30 50 0 8 0.00479654495395
12 45 0 8 0.0047914687943
13 25 0 8 0.00479141453843
32 50 0 8 0.00477920248697
23 73 0 8 0.0047760755567
28 68 0 8 0.00477041403093
22 66 0 8 0.00476656933029
37 56 0 8 0.00476367933393
37 65 0 8 0.00475758575221
4 63 0 8 0.00475632592086
2 65 0 8 0.00474438315773
25 67 0 8 0.00473640953532
26 63 0 8 0.00472414422351
11 72 0 8 0.00472304267994
22 64 0 8 0.00470352300937
15 81 0 8 0.00470177089307
6 30 0 8 0.00468863698952
1 28 0 8 0.00468364096928
18 69 0 8 0.00464311531585
40 71 0 8 0.00462662103244
32 68 0 8 0.00462485896094
21 67 0 8 0.00461829897781
44 81 0 8 0.00461193660552
23 41 0 8 0.0046117763267
18 36 0 8 0.00457597889845
52 81 0 8 0.00457473748424
43 81 0 8 0.00456600378183
24 37 0 8 0.00456468770357
45 68 0 8 0.00455126460128
50 68 0 8 0.00453591218002
21 34 0 8 0.00451665731793
4 26 0 8 0.00451659260909
45 59 0 8 0.00450371107002
25 81 0 8 0.00450227801808
6 62 0 8 0.00449210230405
31 68 0 8 0.00448853585143
21 70 0 8 0.00448536312721
29 58 0 8 0.00447815157583
17 59 0 8 0.00447127402162
17 81 0 8 0.00446135515192
6 60 0 8 0.0044377951609
30 68 0 8 0.00443130486421
25 41 0 8 0.00442740540994
30 81 0 8 0.00442486085923
34 81 0 8 0.00441669161702
39 71 0 8 0.00441352237712
4 29 0 8 0.00440646961128
23 59 0 8 0.00439213063002
24 81 0 8 0.0043838235082
36 69 0 8 0.00437658458
6 72 0 8 0.00437615999046
9 64 0 8 0.00437407686356
36 67 0 8 0.00437069707105
29 63 0 8 0.00436015301439
1 63 0 8 0.00435589417718
26 36 0 8 0.00434979263129
62 80 0 8 0.00434372991071
24 34 0 8 0.00431407733349
29 80 0 8 0.00431025254327
58 77 0 8 0.00429338294858
24 80 0 8 0.00429088419183
57 74 0 8 0.0042800399857
46 59 0 8 0.00425877218092
34 47 0 8 0.00425865520724
26 60 0 8 0.00423881348575
2 68 0 8 0.00423614797929
27 72 0 8 0.00422843966312
11 24 0 8 0.00420289908383
33 48 0 8 0.00419075174121
48 68 0 8 0.00418667110218
3 29 0 8 0.00418438787564
11 30 0 8 0.00417419872208
10 25 0 8 0.00416689707609
32 65 0 8 0.00415997372793
26 57 0 8 0.00415044410679
33 72 0 8 0.00414324002181
11 25 0 8 0.00414159343071
44 68 0 8 0.00414021214585
9 25 0 8 0.00413383583627
11 26 0 8 0.00412147395896
8 23 0 8 0.00411972831355
41 53 0 8 0.00411727983058
60 79 0 8 0.0041088104389
36 65 0 8 0.00410667604269
25 72 0 8 0.00409331914252
8 25 0 8 0.00409205881341
1 68 0 8 0.00408574920372
64 75 0 8 0.00406109861986
6 29 0 8 0.00405944804667
66 76 0 8 0.0040547546647
37 51 0 8 0.00404765361611
59 80 0 8 0.00403511154957
1 65 0 8 0.00403398959783
14 30 0 8 0.00403212399219
17 73 0 8 0.00401295026503
1 64 0 8 0.00400310307281
30 67 0 8 0.00399641267647
30 58 0 8 0.00398150774174
36 57 0 8 0.0039801010711
33 68 0 8 0.00395610404653
61 81 0 8 0.00394607069195
57 70 0 8 0.00391643852291
13 24 0 8 0.00390111372735
6 71 0 8 0.00389588699521
58 70 0 8 0.00389575409321
2 28 0 8 0.00388700496023
50 65 0 8 0.00388448131546
43 68 0 8 0.00388248454997
16 68 0 8 0.00386853979487
37 68 0 8 0.00386739768384
36 62 0 8 0.00386388250053
59 78 0 8 0.00383112937434
48 61 0 8 0.00383057611375
20 71 0 8 0.00382736132879
58 78 0 8 0.0038172441016
29 65 0 8 0.00381691856635
26 65 0 8 0.00381393275113
31 72 0 8 0.00380030830479
2 64 0 8 0.00379857161907
37 72 0 8 0.00379241407515
36 61 0 8 0.00379061044066
53 71 0 8 0.00378771820438
49 68 0 8 0.0037825208401
34 72 0 8 0.00377423138877
44 71 0 8 0.00375202356364
51 81 0 8 0.00374744441766
34 48 0 8 0.0037463189816
28 80 0 8 0.00371607655842
18 59 0 8 0.00371281821942
40 53 0 8 0.00369190656214
6 27 0 8 0.00368800810339
45 72 0 8 0.00368475449312
18 72 0 8 0.00367905040884
26 40 0 8 0.0036658084913
41 72 0 8 0.00364771017529
51 65 0 8 0.00364758921954
57 76 0 8 0.00361266934272
7 22 0 8 0.00360765291431
57 73 0 8 0.00360621339149
6 65 0 8 0.00360086844128
21 38 0 8 0.00359605410355
6 63 0 8 0.00358727759376
16 81 0 8 0.00358350133516
1 29 0 8 0.00357818973489
59 70 0 8 0.00357230670578
58 80 0 8 0.00356426688125
28 59 0 8 0.00354635472759
49 61 0 8 0.00354119295317
46 65 0 8 0.00353800255846
22 71 0 8 0.00353116507396
30 66 0 8 0.00353051201243
6 68 0 8 0.00352877781551
35 49 0 8 0.00351477855566
22 68 0 8 0.0035122459512
63 78 0 8 0.00350847317692
6 26 0 8 0.0035015694903
34 61 0 8 0.00347730541732
25 59 0 8 0.00347585693482
22 72 0 8 0.0034706675347
2 29 0 8 0.00346044652449
33 52 0 8 0.0034597867432
6 61 0 8 0.00345450824398
61 80 0 8 0.00345186314569
20 36 0 8 0.00343535417836
42 52 0 8 0.0034350714505
32 72 0 8 0.00341583251674
63 75 0 8 0.00341411151047
31 65 0 8 0.00341126979685
39 53 0 8 0.0033994114041
6 23 0 8 0.0033930654579
58 69 0 8 0.00338804181197
27 68 0 8 0.00338180313311
23 38 0 8 0.00329910822169
33 59 0 8 0.00328578890243
9 24 0 8 0.00328232772611
58 81 0 8 0.0032693550969
6 22 0 8 0.00324858181698
5 25 0 8 0.00324692327962
26 38 0 8 0.00323217289946
60 77 0 8 0.0032190805589
7 21 0 8 0.00321825203686
23 68 0 8 0.00321664053786
65 78 0 8 0.00319600887075
7 23 0 8 0.00319063579708
29 81 0 8 0.00318460866636
48 60 0 8 0.00318181847094
62 79 0 8 0.0031708226968
59 81 0 8 0.00315333115061
9 21 0 8 0.00314236797977
35 68 0 8 0.00314208077207
21 72 0 8 0.00312749963042
43 69 0 8 0.0031201668744
51 61 0 8 0.00310036422709
36 72 0 8 0.00309996079236
60 80 0 8 0.00308223728986
16 72 0 8 0.0030701481852
23 34 0 8 0.00305964046505
35 65 0 8 0.00303699884181
6 64 0 8 0.0030362138738
41 71 0 8 0.00299466980276
35 52 0 8 0.00298133007532
38 51 0 8 0.00296209288372
9 20 0 8 0.00295991493349
22 37 0 8 0.00295416555302
62 81 0 8 0.0029502792894
50 72 0 8 0.00294952144932
7 25 0 8 0.00294843259864
28 81 0 8 0.00291031734951
11 23 0 8 0.00290009907698
30 64 0 8 0.00289536537642
50 60 0 8 0.00286201369346
36 49 0 8 0.00285915729592
26 59 0 8 0.00284692508517
38 50 0 8 0.00281797235895
23 71 0 8 0.00280972098628
34 68 0 8 0.00280132401873
35 48 0 8 0.00278935138998
42 72 0 8 0.00278001564648
34 65 0 8 0.0027759218168
44 72 0 8 0.00276818139509
17 65 0 8 0.00276696238009
51 68 0 8 0.00274068237786
16 65 0 8 0.00270734587659
10 23 0 8 0.00270634861381
36 48 0 8 0.00270277270374
30 59 0 8 0.00268910644553
35 71 0 8 0.0026525638701
12 27 0 8 0.00262452279189
60 78 0 8 0.00261990083853
22 38 0 8 0.00260065568276
58 76 0 8 0.00259684358542
11 21 0 8 0.00256499115652
60 81 0 8 0.00254703943092
18 71 0 8 0.00253997795427
35 54 0 8 0.00252815465362
37 49 0 8 0.00251209043512
29 68 0 8 0.00250457624547
58 68 0 8 0.00247385373247
26 64 0 8 0.00247222705177
33 65 0 8 0.00246573600845
37 71 0 8 0.00246554611289
49 60 0 8 0.00245954287466
29 60 0 8 0.002455014998
51 72 0 8 0.00243733181409
8 22 0 8 0.00243441195211
35 47 0 8 0.00239623921166
38 48 0 8 0.00238645722604
12 72 0 8 0.00236650475287
9 23 0 8 0.00233121354686
44 65 0 8 0.00230575634242
14 27 0 8 0.0022781480668
65 75 0 8 0.00225357463579
50 61 0 8 0.0022205932865
41 52 0 8 0.00220834141422
17 71 0 8 0.00216863208769
24 36 0 8 0.00214066517577
33 51 0 8 0.00212408453094
32 59 0 8 0.0021155531681
34 52 0 8 0.00211213579469
58 75 0 8 0.00210599766342
16 71 0 8 0.00208711761485
36 71 0 8 0.00208266838431
29 59 0 8 0.00205475622602
21 39 0 8 0.00204948394881
34 59 0 8 0.00204787493861
43 72 0 8 0.00203637368888
55 72 0 8 0.00203462480802
23 35 0 8 0.00202385825251
37 54 0 8 0.00198934479698
39 49 0 8 0.00198172110007
64 76 0 8 0.00197805185994
6 24 0 8 0.00197717381075
27 38 0 8 0.00197306604379
56 72 0 8 0.00196896574323
36 46 0 8 0.00196342641761
35 50 0 8 0.00195541844974
33 50 0 8 0.0019528216342
61 78 0 8 0.00192789877545
31 59 0 8 0.00191970340082
12 69 0 8 0.00191871459997
35 61 0 8 0.00191866208625
62 78 0 8 0.0019028268375
30 71 0 8 0.0018800667473
46 72 0 8 0.00187940298393
49 59 0 8 0.00186372340971
55 71 0 8 0.00185833739427
9 22 0 8 0.00185570312226
12 22 0 8 0.00184863218817
26 71 0 8 0.00182145447522
13 23 0 8 0.0018157101968
41 65 0 8 0.00181334807524
21 71 0 8 0.00181294289835
26 41 0 8 0.00180838204507
35 51 0 8 0.00180148109612
37 48 0 8 0.00179980812372
27 71 0 8 0.00179462842993
64 74 0 8 0.0017837823572
25 64 0 8 0.00178041774638
12 25 0 8 0.00176674763054
6 25 0 8 0.00176639982052
24 35 0 8 0.00175108174473
10 21 0 8 0.0016624761785
21 35 0 8 0.00165864006423
22 67 0 8 0.00165274235119
23 39 0 8 0.00164152582035
23 36 0 8 0.00164019568036
26 39 0 8 0.00161101560212
10 22 0 8 0.00159476310578
61 75 0 8 0.00156829781228
39 52 0 8 0.00155963827616
43 71 0 8 0.00155945261156
58 74 0 8 0.00155416801478
29 64 0 8 0.00155151557453
22 34 0 8 0.00152791190505
39 50 0 8 0.00152581645858
29 72 0 8 0.00147921987152
34 51 0 8 0.001460888977
22 36 0 8 0.00144534093594
59 76 0 8 0.00143895156016
12 26 0 8 0.00142451539119
47 72 0 8 0.00140875542868
57 72 0 8 0.00138637960945
25 36 0 8 0.00137191880135
23 37 0 8 0.00134013319676
22 35 0 8 0.00133154521368
65 76 0 8 0.00132931462529
36 68 0 8 0.00128853424302
60 70 0 8 0.00128028087931
29 71 0 8 0.00125975100418
36 47 0 8 0.00125684719497
36 51 0 8 0.00118274362651
34 50 0 8 0.00118114457151
38 52 0 8 0.00115406653506
63 74 0 8 0.00113941881797
59 75 0 8 0.00110760011232
62 76 0 8 0.001022245792
12 23 0 8 0.00100754207687
11 22 0 8 0.00100116576729
36 50 0 8 0.000979992910287
25 39 0 8 0.00096917657874
38 49 0 8 0.000955675452519
58 73 0 8 0.000946091948822
62 75 0 8 0.000930344554759
28 71 0 8 0.000921237158799
37 52 0 8 0.000919779467729
60 75 0 8 0.000917929665976
61 76 0 8 0.000865347884498
62 73 0 8 0.000864177650008
41 51 0 8 0.000849644666663
40 51 0 8 0.000844783539471
36 52 0 8 0.000836127612112
59 74 0 8 0.000831583433798
63 76 0 8 0.000786011175233
62 74 0 8 0.000782877151878
60 74 0 8 0.000769486341785
57 71 0 8 0.000689229709246
40 50 0 8 0.000669674324368
25 71 0 8 0.000668321847385
37 50 0 8 0.000668240774674
60 76 0 8 0.00065920835386
38 54 0 8 0.000626170011013
58 71 0 8 0.000556850603556
61 74 0 8 0.000442417996979
63 73 0 8 0.000390801186084
60 73 0 8 0.000380191549506
58 72 0 8 0.000365490634277
60 72 0 8 0.000323983335287
59 73 0 8 0.000304247418967
61 73 0 8 0.000251413926322
62 72 0 8 0.000174721257606
60 71 0 8 9.0887003945e-05
61 72 0 8 4.54983256042e-05
59 71 0 8 9.43377117423e-06
59 72 0 8 8.2348221364e-07
61 71 0 8 0.0
