61 84 0 8 1.0
43 88 0 8 0.729128747584
42 88 0 8 0.666899511009
68 88 0 8 0.639808503443
27 68 0 8 0.628161254932
42 64 0 8 0.621196231334
61 86 0 8 0.614429545574
43 86 0 8 0.559368602249
42 86 0 8 0.550524281273
42 87 0 8 0.541030973007
44 86 0 8 0.540747295056
45 84 0 8 0.53081706751
65 86 0 8 0.519525698709
26 64 0 8 0.519211522419
46 84 0 8 0.501969939557
57 75 0 8 0.493788967312
57 84 0 8 0.491474092107
43 87 0 8 0.474196842365
45 64 0 8 0.472736433555
8 68 0 8 0.447630461463
65 84 0 8 0.442495377646
19 61 0 8 0.441137432207
40 89 0 8 0.43801811893
69 88 0 8 0.437711202271
41 89 0 8 0.415883426781
43 57 0 8 0.407490149801
44 88 0 8 0.398190799922
45 86 0 8 0.374855112388
76 86 0 8 0.365669115326
27 61 0 8 0.363462582215
68 86 0 8 0.344876784084
45 85 0 8 0.341210157798
41 88 0 8 0.340807997944
45 58 0 8 0.340792334502
40 61 0 8 0.335956158079
8 89 0 8 0.333911033381
42 89 0 8 0.327506106054
75 86 0 8 0.324095401469
40 64 0 8 0.323337302723
8 91 0 8 0.3210106898
27 39 0 8 0.317773782346
47 84 0 8 0.313184097994
27 65 0 8 0.311759217973
58 79 0 8 0.311692421482
43 85 0 8 0.31012797112
42 60 0 8 0.308382878269
61 89 0 8 0.307867385326
48 83 0 8 0.304391580794
27 57 0 8 0.30330332668
42 57 0 8 0.298972562572
40 84 0 8 0.297049825775
45 57 0 8 0.292442722256
40 60 0 8 0.292183486376
40 88 0 8 0.291165638842
19 64 0 8 0.290259033307
68 91 0 8 0.289671614786
44 87 0 8 0.288461485681
39 89 0 8 0.287015458041
23 64 0 8 0.285321281239
26 43 0 8 0.283656557232
46 85 0 8 0.283520439161
27 41 0 8 0.282858786973
19 86 0 8 0.280549632672
44 85 0 8 0.278688346279
45 83 0 8 0.275948901057
61 77 0 8 0.275197844941
19 68 0 8 0.271963975485
68 84 0 8 0.270819873508
61 88 0 8 0.269641860377
68 89 0 8 0.269589089965
30 41 0 8 0.268999955172
38 64 0 8 0.268036397048
13 61 0 8 0.26569256223
19 58 0 8 0.261380736289
40 57 0 8 0.261032885572
57 88 0 8 0.260213099694
26 57 0 8 0.259237784125
64 75 0 8 0.258319361965
41 60 0 8 0.257670078766
26 44 0 8 0.256181913706
42 69 0 8 0.253759347407
2 91 0 8 0.252189472049
64 84 0 8 0.249373031344
8 57 0 8 0.249313356393
58 84 0 8 0.24870394198
46 57 0 8 0.24817799359
42 85 0 8 0.247963656947
46 64 0 8 0.247517091038
27 69 0 8 0.247410820306
73 90 0 8 0.243250657514
47 83 0 8 0.243155572136
39 64 0 8 0.241544861358
45 88 0 8 0.241200028911
65 88 0 8 0.241155997675
8 19 0 8 0.238698671949
43 60 0 8 0.23782489257
19 42 0 8 0.237654429345
27 44 0 8 0.236611192832
27 38 0 8 0.23546237604
72 89 0 8 0.235388102919
46 86 0 8 0.235154078473
65 75 0 8 0.233636401437
26 38 0 8 0.233545971693
45 65 0 8 0.233205380606
23 69 0 8 0.230546442318
40 58 0 8 0.230542082594
23 42 0 8 0.228677304477
26 40 0 8 0.227180913151
26 65 0 8 0.22455543229
28 42 0 8 0.224273529792
27 64 0 8 0.223628566863
8 88 0 8 0.223572620363
74 91 0 8 0.222229825457
8 61 0 8 0.221929537156
26 42 0 8 0.221560203457
58 77 0 8 0.221168025595
44 84 0 8 0.22025437743
19 84 0 8 0.219732335037
24 64 0 8 0.219127043621
23 61 0 8 0.218655364915
40 65 0 8 0.218271886773
41 58 0 8 0.216889479535
44 89 0 8 0.215541989542
24 68 0 8 0.212705367853
76 87 0 8 0.212409794366
26 41 0 8 0.209990818428
27 40 0 8 0.209648294071
74 89 0 8 0.208528614438
48 84 0 8 0.208514825085
54 82 0 8 0.208065635451
23 41 0 8 0.207508024814
19 88 0 8 0.206070499622
41 87 0 8 0.204506877805
22 39 0 8 0.203361079284
61 85 0 8 0.202830909261
43 89 0 8 0.202508644796
74 88 0 8 0.202298746786
39 88 0 8 0.201999208121
23 65 0 8 0.200689535278
22 45 0 8 0.200584625728
61 87 0 8 0.199463072005
13 84 0 8 0.199189395773
45 87 0 8 0.199041382167
30 40 0 8 0.198818247167
75 87 0 8 0.197313570392
42 84 0 8 0.196890854737
46 88 0 8 0.196782058916
8 22 0 8 0.196663221922
28 38 0 8 0.195838760685
40 86 0 8 0.195065688951
22 61 0 8 0.194605807144
47 85 0 8 0.194278867319
26 39 0 8 0.193427281104
23 86 0 8 0.19260804759
27 45 0 8 0.191748452108
48 82 0 8 0.191217058996
20 68 0 8 0.190874929183
26 61 0 8 0.190164096944
42 58 0 8 0.189952877207
40 87 0 8 0.189810209687
41 91 0 8 0.189650892362
39 75 0 8 0.189646414275
22 68 0 8 0.189452416433
27 58 0 8 0.189129323424
41 83 0 8 0.188818579677
23 43 0 8 0.188742570557
42 91 0 8 0.187529896636
3 89 0 8 0.18702168305
41 86 0 8 0.185892514606
22 86 0 8 0.18567855278
27 51 0 8 0.184426148164
3 13 0 8 0.184372845117
30 54 0 8 0.184051448651
41 85 0 8 0.183685764495
27 43 0 8 0.183664853603
65 89 0 8 0.183289443909
28 64 0 8 0.183240717585
26 45 0 8 0.183117146049
19 43 0 8 0.183041117202
75 88 0 8 0.182759017432
46 61 0 8 0.182756551525
23 39 0 8 0.182727394639
57 86 0 8 0.181165548275
73 89 0 8 0.18102716157
19 60 0 8 0.180881022053
23 40 0 8 0.180637390433
39 57 0 8 0.18007889207
8 84 0 8 0.179813205377
61 91 0 8 0.179196511607
41 84 0 8 0.178730869441
38 89 0 8 0.178133942381
58 82 0 8 0.178016723022
45 89 0 8 0.177631942881
47 89 0 8 0.177493990176
77 87 0 8 0.177061489801
23 68 0 8 0.176463181834
41 61 0 8 0.175271497713
57 91 0 8 0.174954579335
3 19 0 8 0.173729773151
47 57 0 8 0.1734913298
26 68 0 8 0.172637376314
41 57 0 8 0.172465670272
41 68 0 8 0.171550956835
41 64 0 8 0.171394421054
3 88 0 8 0.170566428638
43 84 0 8 0.170417606213
23 84 0 8 0.170065553591
19 45 0 8 0.169360383075
37 79 0 8 0.169360008257
2 68 0 8 0.169066486405
73 88 0 8 0.168937272874
26 84 0 8 0.168715262327
46 87 0 8 0.167642237656
74 86 0 8 0.164486369773
3 61 0 8 0.163930120317
57 82 0 8 0.163359874372
19 91 0 8 0.163177466294
27 60 0 8 0.163072270697
74 87 0 8 0.162391029343
3 86 0 8 0.162371943223
26 47 0 8 0.161936769804
19 89 0 8 0.161534452132
40 77 0 8 0.161119676697
47 86 0 8 0.160973566771
13 47 0 8 0.160794285462
13 42 0 8 0.160511613602
47 61 0 8 0.159961538777
20 64 0 8 0.15962271328
38 61 0 8 0.159440956201
27 84 0 8 0.159167418061
28 43 0 8 0.158982159393
57 89 0 8 0.158322706794
47 64 0 8 0.158312645893
40 91 0 8 0.158087676258
64 88 0 8 0.158001744328
28 69 0 8 0.157607731831
25 43 0 8 0.157545147109
28 40 0 8 0.157458929134
19 57 0 8 0.157369170116
44 57 0 8 0.157291207998
70 88 0 8 0.156922061708
13 86 0 8 0.156007732953
46 65 0 8 0.155854175987
43 91 0 8 0.155195709751
72 88 0 8 0.154738816623
39 58 0 8 0.153870521421
43 64 0 8 0.153327558273
3 23 0 8 0.153293222982
68 79 0 8 0.153154481186
26 69 0 8 0.152855248294
65 77 0 8 0.152405555615
72 91 0 8 0.152184630067
5 18 0 8 0.152156656818
23 44 0 8 0.152114746261
46 83 0 8 0.152014561388
13 91 0 8 0.152005398077
42 61 0 8 0.151383407538
23 45 0 8 0.151351459246
69 91 0 8 0.151334326124
43 68 0 8 0.151080071376
64 86 0 8 0.150550207126
3 91 0 8 0.149819460222
45 61 0 8 0.149636736507
3 22 0 8 0.149535831589
65 76 0 8 0.148838976111
29 68 0 8 0.148032269405
58 86 0 8 0.148015668918
5 89 0 8 0.147955747376
19 44 0 8 0.146606452339
46 58 0 8 0.146500536698
13 68 0 8 0.146435920069
54 84 0 8 0.146301587315
69 86 0 8 0.146028226719
19 40 0 8 0.14576254989
46 89 0 8 0.1454379872
7 89 0 8 0.145045395066
22 44 0 8 0.144401043681
22 43 0 8 0.144397630866
40 85 0 8 0.143933349881
26 58 0 8 0.143727722821
22 65 0 8 0.143632420444
25 40 0 8 0.143335337822
70 91 0 8 0.143207219154
26 77 0 8 0.142976952751
2 89 0 8 0.142810287023
25 64 0 8 0.142668349411
43 65 0 8 0.14264578143
4 16 0 8 0.142466460667
68 87 0 8 0.142161802778
13 88 0 8 0.141600858235
40 83 0 8 0.141320898873
13 43 0 8 0.140972051929
65 91 0 8 0.140586502425
24 69 0 8 0.140174370443
72 90 0 8 0.139778079448
22 64 0 8 0.138944948081
69 84 0 8 0.138789260571
38 88 0 8 0.138594710366
5 19 0 8 0.138389132625
29 44 0 8 0.138178050978
76 88 0 8 0.138106293082
54 83 0 8 0.137824074949
13 60 0 8 0.136784428796
12 87 0 8 0.13650514016
29 41 0 8 0.136246841324
45 62 0 8 0.135313179858
19 65 0 8 0.134416901543
13 87 0 8 0.134271176298
47 82 0 8 0.134134150773
67 77 0 8 0.133353059909
27 91 0 8 0.13333925083
45 77 0 8 0.133202126669
2 19 0 8 0.132718907517
3 20 0 8 0.132320288705
61 82 0 8 0.132029370851
51 84 0 8 0.13179171659
2 57 0 8 0.131576995265
22 57 0 8 0.131172300459
48 85 0 8 0.131111668735
39 69 0 8 0.130928343339
20 67 0 8 0.130292662084
13 58 0 8 0.130010601769
39 84 0 8 0.129565180041
3 84 0 8 0.129516453717
47 88 0 8 0.129422818293
26 60 0 8 0.129288712402
64 77 0 8 0.129277704593
40 75 0 8 0.12916090937
2 88 0 8 0.129110940229
8 26 0 8 0.128571853486
46 56 0 8 0.128340590857
22 69 0 8 0.128177308353
69 79 0 8 0.127949882675
12 44 0 8 0.127845269033
13 40 0 8 0.127741533254
42 65 0 8 0.127665750997
29 42 0 8 0.127539072419
43 61 0 8 0.126996661633
48 61 0 8 0.126518226341
29 64 0 8 0.126003630988
2 61 0 8 0.125609993308
23 58 0 8 0.125377813361
39 91 0 8 0.125283990529
13 44 0 8 0.124693297282
25 44 0 8 0.124383973898
22 41 0 8 0.124107910668
26 46 0 8 0.124042929085
39 83 0 8 0.123156386171
75 85 0 8 0.121820032214
71 89 0 8 0.121512326465
19 41 0 8 0.120690557998
48 60 0 8 0.120586427674
51 86 0 8 0.120554982427
8 87 0 8 0.120367297307
54 77 0 8 0.120005627647
6 89 0 8 0.119989727478
19 47 0 8 0.119407990407
22 40 0 8 0.118962834996
28 39 0 8 0.118586083849
25 68 0 8 0.118308876438
46 76 0 8 0.11828441464
26 88 0 8 0.117995607603
42 90 0 8 0.117884158466
48 89 0 8 0.117422027752
8 69 0 8 0.117299452443
13 89 0 8 0.117180013767
60 84 0 8 0.117117744681
8 67 0 8 0.116302870891
45 68 0 8 0.115652068694
29 74 0 8 0.115622566581
19 85 0 8 0.115570289351
44 61 0 8 0.115418833338
7 19 0 8 0.114878809551
46 60 0 8 0.114650131192
34 47 0 8 0.114595979872
23 54 0 8 0.114232751759
39 87 0 8 0.113775434495
27 86 0 8 0.113479900463
23 85 0 8 0.113376500048
8 40 0 8 0.112899781027
38 91 0 8 0.112785668711
13 41 0 8 0.112401924251
20 88 0 8 0.112140607145
42 68 0 8 0.112031732416
23 38 0 8 0.111959698338
41 90 0 8 0.111799907559
47 87 0 8 0.111684828608
2 94 0 8 0.111638834509
58 88 0 8 0.111596667498
43 75 0 8 0.111311973593
22 87 0 8 0.110910080057
28 54 0 8 0.110739577378
12 88 0 8 0.110508669838
12 68 0 8 0.109659154985
44 83 0 8 0.108754226268
30 43 0 8 0.108745349002
24 43 0 8 0.108710214758
71 90 0 8 0.108438619752
32 42 0 8 0.108265808984
77 88 0 8 0.108236967735
20 60 0 8 0.108101510527
40 68 0 8 0.108050752295
6 19 0 8 0.108032790628
22 88 0 8 0.107828998203
32 64 0 8 0.107556367516
38 75 0 8 0.107295040548
23 88 0 8 0.107177653507
8 23 0 8 0.10708971926
27 88 0 8 0.106764949434
51 83 0 8 0.106726550329
29 88 0 8 0.106600641113
54 86 0 8 0.106540976025
25 88 0 8 0.106474988352
13 57 0 8 0.106467432813
44 65 0 8 0.106347155729
58 89 0 8 0.106203807618
13 64 0 8 0.106153049387
2 13 0 8 0.105845373229
54 85 0 8 0.105340809185
12 84 0 8 0.105323054654
47 60 0 8 0.105287831637
44 91 0 8 0.10514014353
12 85 0 8 0.105030035847
50 82 0 8 0.104897064274
51 85 0 8 0.104859562759
13 50 0 8 0.104701409342
22 89 0 8 0.104485938381
64 87 0 8 0.104452836045
70 89 0 8 0.104338506729
1 16 0 8 0.104125284675
23 60 0 8 0.103255056202
27 42 0 8 0.10310305769
69 89 0 8 0.103096360286
3 85 0 8 0.102888878864
30 50 0 8 0.102557352453
12 47 0 8 0.102231428582
5 16 0 8 0.102020948617
2 84 0 8 0.101924058196
13 45 0 8 0.101784931718
30 52 0 8 0.101339677672
27 54 0 8 0.101297313388
2 27 0 8 0.101190825657
41 65 0 8 0.100863718151
40 63 0 8 0.100673715078
16 85 0 8 0.100592162599
60 86 0 8 0.100299202974
71 91 0 8 0.100274336767
39 60 0 8 0.100132359701
3 77 0 8 0.100115739487
16 44 0 8 0.0998723150038
62 84 0 8 0.0996792542065
29 43 0 8 0.0994657362441
5 88 0 8 0.0993120609148
44 54 0 8 0.0992399775189
3 60 0 8 0.0989927555385
29 40 0 8 0.0988991003876
39 63 0 8 0.0986892812858
8 64 0 8 0.0986522334978
31 46 0 8 0.0985465841748
49 82 0 8 0.0985312166418
3 15 0 8 0.0984749545058
73 91 0 8 0.0978101360929
8 65 0 8 0.0976346325541
68 85 0 8 0.0971192283831
25 45 0 8 0.0970972324919
65 87 0 8 0.0968227079883
25 42 0 8 0.0967890335612
22 84 0 8 0.0965608286562
27 47 0 8 0.096522538051
8 27 0 8 0.096402290558
29 65 0 8 0.0963830663464
38 58 0 8 0.0959327226679
36 89 0 8 0.0958855843881
44 60 0 8 0.0958652357229
26 51 0 8 0.0956155182445
4 90 0 8 0.0955702540541
23 36 0 8 0.0955279588158
11 53 0 8 0.0952234488821
38 87 0 8 0.0951723355601
8 41 0 8 0.0951569384363
29 61 0 8 0.0949147567699
5 22 0 8 0.0946689650156
49 60 0 8 0.0945332020353
16 84 0 8 0.0944710611768
1 94 0 8 0.094353437409
62 86 0 8 0.0942761756083
19 77 0 8 0.0940417862084
3 94 0 8 0.0939399837004
70 84 0 8 0.0937247494667
3 16 0 8 0.0936278393184
54 79 0 8 0.0935199114972
41 69 0 8 0.0934071209073
4 92 0 8 0.093288925049
16 88 0 8 0.093288234595
65 82 0 8 0.0932124819295
26 86 0 8 0.0930553641938
39 86 0 8 0.0926899266279
39 90 0 8 0.0925181909951
50 78 0 8 0.0924464725535
28 68 0 8 0.0924386605599
23 74 0 8 0.0924035559067
23 57 0 8 0.0922501173044
11 87 0 8 0.0922347399078
51 88 0 8 0.092096787202
3 14 0 8 0.092035563661
26 50 0 8 0.0918498512669
22 60 0 8 0.0917665233347
45 60 0 8 0.0916913822141
5 15 0 8 0.0914223616151
32 69 0 8 0.0913476544942
37 89 0 8 0.0911360895302
11 68 0 8 0.0911160663647
19 39 0 8 0.091091269203
13 65 0 8 0.0909549242687
29 60 0 8 0.0909318236511
16 60 0 8 0.0909304032886
13 85 0 8 0.0907802492746
12 86 0 8 0.0906991505225
10 22 0 8 0.0906739390885
29 86 0 8 0.0905627464064
36 61 0 8 0.0904330791484
44 64 0 8 0.0903949167704
38 57 0 8 0.0902205179579
40 76 0 8 0.0902190088228
3 87 0 8 0.0902058014244
39 65 0 8 0.0899142424347
5 87 0 8 0.0897732813222
42 75 0 8 0.089618303994
38 90 0 8 0.0895531350016
77 89 0 8 0.0895406476481
2 92 0 8 0.0893497963036
6 20 0 8 0.0893463736246
19 38 0 8 0.0891527012824
2 86 0 8 0.0887564694688
3 18 0 8 0.0885550936329
57 85 0 8 0.0884361580025
8 43 0 8 0.0880836713806
20 41 0 8 0.0876870252946
3 92 0 8 0.0875745010227
41 74 0 8 0.0874711992432
13 77 0 8 0.087333867946
33 46 0 8 0.087243822883
43 58 0 8 0.087177953573
7 22 0 8 0.0871197877567
1 14 0 8 0.0871069946308
9 67 0 8 0.0871011159083
60 87 0 8 0.087013625525
8 86 0 8 0.0869962458119
16 61 0 8 0.0869730958762
68 78 0 8 0.0867410737471
75 89 0 8 0.086690335243
48 86 0 8 0.0862603106388
16 53 0 8 0.0860890977782
57 79 0 8 0.086075702971
27 37 0 8 0.0860708303386
41 54 0 8 0.0860531843075
42 54 0 8 0.0859395257183
13 82 0 8 0.0858330971686
16 42 0 8 0.0857721991273
19 87 0 8 0.0857414739251
4 91 0 8 0.085695884235
61 83 0 8 0.0855168396536
71 88 0 8 0.0854978718963
16 87 0 8 0.0854122950569
31 64 0 8 0.0851745717506
13 83 0 8 0.0851222353387
40 90 0 8 0.0850078369773
49 83 0 8 0.084915888234
6 16 0 8 0.0848518732862
4 89 0 8 0.0846897349637
22 77 0 8 0.0846047598057
3 68 0 8 0.0845826356874
51 82 0 8 0.0845357538619
44 68 0 8 0.0844152992328
27 67 0 8 0.0843036429601
50 84 0 8 0.0842830082496
4 14 0 8 0.0839248697687
22 47 0 8 0.0837689553957
54 89 0 8 0.0837634514911
4 15 0 8 0.0837218269796
13 48 0 8 0.083566751015
19 46 0 8 0.0833488930561
10 88 0 8 0.0832224413409
1 13 0 8 0.0832078037165
12 46 0 8 0.0830869150877
19 82 0 8 0.0828966161064
23 46 0 8 0.0827959183248
16 47 0 8 0.0827957309159
25 60 0 8 0.0827673532572
42 56 0 8 0.0827596004453
9 87 0 8 0.0827286483796
3 90 0 8 0.0827217832943
2 22 0 8 0.0825729411428
73 87 0 8 0.0825683052375
26 75 0 8 0.0825498898434
54 91 0 8 0.0824419028405
64 91 0 8 0.0822360982354
32 75 0 8 0.0822304365128
2 90 0 8 0.0819656671376
19 54 0 8 0.0819597933469
38 86 0 8 0.0818770029825
50 85 0 8 0.0818293024759
43 69 0 8 0.0817260105601
40 54 0 8 0.0816970904018
19 51 0 8 0.081603139342
20 45 0 8 0.0815878852408
36 68 0 8 0.0814249923508
7 82 0 8 0.0813125913742
43 62 0 8 0.0811715069664
54 88 0 8 0.0811402441964
69 83 0 8 0.0809387647923
47 58 0 8 0.0808593379252
10 84 0 8 0.0808577301538
32 68 0 8 0.0808449025052
45 55 0 8 0.0808436251653
39 82 0 8 0.0808307925848
29 84 0 8 0.0807599963925
44 56 0 8 0.0806418449206
15 84 0 8 0.0804936882913
1 11 0 8 0.0801565987932
24 41 0 8 0.0800645316864
25 41 0 8 0.0800556692163
46 77 0 8 0.0799347016785
49 84 0 8 0.0797254891899
3 82 0 8 0.0796633532632
16 64 0 8 0.0795419911803
30 64 0 8 0.079521775674
65 85 0 8 0.0794613362914
13 69 0 8 0.0794530163209
69 82 0 8 0.079413418785
50 83 0 8 0.0794131919216
1 15 0 8 0.0793029856023
5 90 0 8 0.0791315902646
16 38 0 8 0.0791096486234
16 51 0 8 0.0790068005708
13 49 0 8 0.0787738068743
30 42 0 8 0.0787707442177
58 91 0 8 0.078533030775
44 58 0 8 0.0784376938754
5 91 0 8 0.0783917490946
67 79 0 8 0.0783148127937
64 89 0 8 0.0780797674624
74 90 0 8 0.0779961633487
26 36 0 8 0.0779306392657
16 40 0 8 0.0778341532534
19 69 0 8 0.0775644323368
15 61 0 8 0.0775126482881
37 64 0 8 0.0773120763379
20 61 0 8 0.0772499009567
12 42 0 8 0.0772451318924
11 47 0 8 0.0772214098663
57 83 0 8 0.0767123775992
11 85 0 8 0.0767016163807
21 85 0 8 0.076517615326
24 40 0 8 0.0764841283078
51 87 0 8 0.0764144565691
16 83 0 8 0.0764039074186
27 46 0 8 0.0764029851694
24 63 0 8 0.0763876669546
29 51 0 8 0.0763339545665
30 46 0 8 0.0762099588948
9 68 0 8 0.0759138527724
8 90 0 8 0.0758473423266
22 67 0 8 0.0757863505809
38 84 0 8 0.0757741640681
8 70 0 8 0.0755542298154
75 91 0 8 0.0753571199987
15 51 0 8 0.0752909449163
20 86 0 8 0.0752305400564
12 91 0 8 0.075031644923
29 48 0 8 0.0749643305914
12 82 0 8 0.0749423445639
28 41 0 8 0.0749273814397
57 77 0 8 0.0749056272075
16 89 0 8 0.0748786353885
45 82 0 8 0.0748570981561
23 47 0 8 0.0748233201609
43 63 0 8 0.0747573324874
60 89 0 8 0.0747465860643
13 39 0 8 0.0747144651586
64 74 0 8 0.0746741574415
11 60 0 8 0.0746257862082
48 81 0 8 0.0745474295447
27 89 0 8 0.0744740490818
12 89 0 8 0.0744707053118
69 87 0 8 0.074373089914
12 52 0 8 0.0742592488477
75 90 0 8 0.0742579369851
20 89 0 8 0.0742249480802
13 81 0 8 0.0740698227975
42 76 0 8 0.0740623165763
22 42 0 8 0.0738561815397
14 83 0 8 0.0737909533656
26 62 0 8 0.0735427302269
11 84 0 8 0.0735049525304
3 65 0 8 0.0734944379026
24 38 0 8 0.0734504855748
20 44 0 8 0.0733939225981
26 89 0 8 0.0733836397656
24 67 0 8 0.0733615057836
20 91 0 8 0.0733421237539
31 75 0 8 0.0730790805137
70 90 0 8 0.0730474577213
38 79 0 8 0.0729936220379
10 68 0 8 0.0729534573433
38 65 0 8 0.0729082572665
36 88 0 8 0.0728904830083
15 54 0 8 0.0726822371552
2 15 0 8 0.0726796282255
3 64 0 8 0.0726718902091
60 85 0 8 0.072591427661
29 67 0 8 0.0724866068827
8 18 0 8 0.0723821411951
13 46 0 8 0.0723002681482
4 19 0 8 0.0721618715791
41 75 0 8 0.0721460503193
61 75 0 8 0.071882079898
16 48 0 8 0.0718094885253
37 58 0 8 0.0717633514038
71 87 0 8 0.0714594678104
31 77 0 8 0.0713347126394
29 54 0 8 0.0713015905754
45 75 0 8 0.0712525732745
69 85 0 8 0.0709858903554
23 89 0 8 0.0706631820274
58 85 0 8 0.0706046561887
40 69 0 8 0.0705728854418
11 81 0 8 0.070571499602
21 42 0 8 0.0704047155107
5 86 0 8 0.0703432552425
62 77 0 8 0.0702458667082
69 94 0 8 0.0702442046869
13 54 0 8 0.0701788778765
26 74 0 8 0.0700559721357
3 83 0 8 0.0699040525322
12 49 0 8 0.0698435194451
72 87 0 8 0.0698214446449
12 83 0 8 0.0697327558308
1 12 0 8 0.0696366051819
50 80 0 8 0.0695768315942
58 83 0 8 0.0695671307157
49 85 0 8 0.0695361885137
3 24 0 8 0.0695116921927
2 14 0 8 0.0694339026879
45 91 0 8 0.0693997104203
2 16 0 8 0.0693801261863
20 40 0 8 0.069340804832
11 64 0 8 0.0689992076557
28 58 0 8 0.0689813791475
66 78 0 8 0.0689316812562
65 83 0 8 0.0688731652811
7 88 0 8 0.0688187723027
43 56 0 8 0.0687726992948
3 58 0 8 0.0686809182332
20 87 0 8 0.0686485753959
21 43 0 8 0.0685174039346
9 83 0 8 0.0684261555089
16 67 0 8 0.0683686998739
8 83 0 8 0.0680922322355
9 61 0 8 0.0680260472894
44 82 0 8 0.0679465168542
31 55 0 8 0.0679073089316
60 88 0 8 0.0678789805911
38 68 0 8 0.0678586171304
30 49 0 8 0.0677470792212
35 58 0 8 0.0676852687943
20 39 0 8 0.0675019581937
31 84 0 8 0.0673924423283
35 46 0 8 0.0673896410579
35 76 0 8 0.0673700321648
16 57 0 8 0.0673073340113
31 42 0 8 0.0671745103923
10 87 0 8 0.0671009227931
12 60 0 8 0.0669119110153
22 58 0 8 0.0668983731854
32 47 0 8 0.0668892986473
3 26 0 8 0.0667407573365
8 25 0 8 0.0666959863276
25 89 0 8 0.0666781775466
35 77 0 8 0.0665604304834
2 21 0 8 0.0665406391132
51 79 0 8 0.0664920558119
28 44 0 8 0.0663655054604
12 53 0 8 0.0662547073234
64 85 0 8 0.066228657481
47 75 0 8 0.0660349456843
39 85 0 8 0.066015420632
45 69 0 8 0.0659248675921
8 44 0 8 0.0658570748746
2 12 0 8 0.0658349359609
31 47 0 8 0.0657716410579
16 50 0 8 0.065751918733
23 87 0 8 0.065747169396
42 92 0 8 0.0657088048136
47 81 0 8 0.0656722551389
25 58 0 8 0.0656120278243
8 63 0 8 0.065562887228
29 79 0 8 0.0655612843883
15 68 0 8 0.0655363442041
51 91 0 8 0.0655114730653
15 82 0 8 0.0654237508868
11 82 0 8 0.0653514652866
7 84 0 8 0.0651604955785
15 88 0 8 0.0651522051989
16 45 0 8 0.0651315606248
51 81 0 8 0.0650720237642
16 91 0 8 0.0650420481977
8 82 0 8 0.0650024950481
7 90 0 8 0.0649635633071
7 83 0 8 0.0649123809397
16 81 0 8 0.0648383149546
62 72 0 8 0.0646898772119
41 56 0 8 0.0645839270482
22 38 0 8 0.0644847926517
44 92 0 8 0.0644757723636
25 87 0 8 0.0644415505051
68 94 0 8 0.064406894647
8 60 0 8 0.0642264839531
74 85 0 8 0.0641909403684
67 82 0 8 0.0641426677713
48 87 0 8 0.063998520707
25 84 0 8 0.0638404659266
28 51 0 8 0.0636038522785
16 68 0 8 0.0635959021941
32 44 0 8 0.0635223145949
55 83 0 8 0.0635039386553
9 50 0 8 0.0634819181051
3 21 0 8 0.0633443204899
32 89 0 8 0.0632968320513
20 65 0 8 0.0632061754434
9 74 0 8 0.0631598065266
8 77 0 8 0.0631391372935
16 56 0 8 0.0629834547157
9 91 0 8 0.0629413912727
46 79 0 8 0.0629329085524
16 52 0 8 0.0629276167158
7 81 0 8 0.0629268917391
11 91 0 8 0.06287665628
20 47 0 8 0.0626217653286
31 68 0 8 0.0625715052104
30 69 0 8 0.0625201354341
26 70 0 8 0.06248834496
15 44 0 8 0.0623585642703
43 67 0 8 0.0622962409347
11 44 0 8 0.0622143432287
16 77 0 8 0.0621266407774
13 62 0 8 0.0620461141157
2 64 0 8 0.0618452462567
33 89 0 8 0.0617868585088
8 45 0 8 0.0617272871255
30 58 0 8 0.0616910333596
2 18 0 8 0.061542699185
41 67 0 8 0.0614627840683
10 83 0 8 0.0613968062584
51 89 0 8 0.0613936942836
52 84 0 8 0.0613763195023
7 91 0 8 0.0612916155941
12 43 0 8 0.0612391115005
15 43 0 8 0.0612054617324
37 88 0 8 0.0609321110006
13 51 0 8 0.0608801740656
27 53 0 8 0.0608629373751
16 82 0 8 0.0607919685693
9 69 0 8 0.0607884916403
8 85 0 8 0.0607335610942
11 86 0 8 0.060691502583
14 44 0 8 0.060689273403
43 83 0 8 0.0606718345081
8 46 0 8 0.0605555571255
47 91 0 8 0.0605254138774
5 20 0 8 0.0605230120839
38 69 0 8 0.0604490545987
35 64 0 8 0.0604319707944
11 43 0 8 0.0604187831233
63 76 0 8 0.060377789884
11 45 0 8 0.060015459361
11 83 0 8 0.059935923994
13 79 0 8 0.059821994155
15 89 0 8 0.0597969701299
9 90 0 8 0.0596933033962
22 74 0 8 0.0596825717686
5 21 0 8 0.0596671647811
26 87 0 8 0.05935271231
4 94 0 8 0.0591471395002
15 49 0 8 0.0590534596902
15 85 0 8 0.0590215705798
20 42 0 8 0.0589019198364
13 75 0 8 0.058843438384
6 18 0 8 0.0587605543152
2 83 0 8 0.0585905152264
2 87 0 8 0.0585437369691
15 42 0 8 0.058541349971
62 83 0 8 0.0584368892152
13 76 0 8 0.0581001696032
55 81 0 8 0.0580820402543
36 91 0 8 0.0580783512573
25 47 0 8 0.058048370759
22 91 0 8 0.0579862200369
65 79 0 8 0.0579827726988
29 87 0 8 0.0579439395941
23 75 0 8 0.0577759570719
54 81 0 8 0.0577689834866
12 48 0 8 0.0577049931979
2 20 0 8 0.0576807533312
54 87 0 8 0.0575728304419
25 38 0 8 0.0575483242573
14 53 0 8 0.057495440414
61 79 0 8 0.0574909278041
27 48 0 8 0.0574321800337
35 88 0 8 0.0572415555527
9 84 0 8 0.057233506832
35 54 0 8 0.0568721478764
22 54 0 8 0.0568627330431
1 92 0 8 0.0568147760822
15 91 0 8 0.0567996847309
15 83 0 8 0.0567852542426
21 76 0 8 0.0567836563348
34 48 0 8 0.0567669670757
8 54 0 8 0.0567477132732
31 57 0 8 0.0567242723605
9 86 0 8 0.0566374576357
6 91 0 8 0.0566118269975
66 77 0 8 0.056479412719
33 77 0 8 0.0564268839664
36 60 0 8 0.0564172915878
10 85 0 8 0.0564154470893
2 93 0 8 0.0563572319549
21 64 0 8 0.0563435165798
33 84 0 8 0.0562807247218
27 49 0 8 0.0562686615044
29 39 0 8 0.0562429174344
8 92 0 8 0.0562422023214
28 46 0 8 0.0561709721294
21 58 0 8 0.0561244947127
5 77 0 8 0.0560723555734
30 44 0 8 0.0560647655114
7 87 0 8 0.0560284427001
28 89 0 8 0.0560072901491
68 83 0 8 0.05600514481
16 41 0 8 0.0559019564622
34 82 0 8 0.0556984254235
48 64 0 8 0.0554126613154
9 26 0 8 0.0553492480489
33 44 0 8 0.055175815872
15 64 0 8 0.0550312939897
25 36 0 8 0.0548400086456
8 20 0 8 0.0548300661082
27 50 0 8 0.0547775965373
26 54 0 8 0.0547525231941
15 81 0 8 0.0546801093667
12 90 0 8 0.0546728201454
29 89 0 8 0.0546416264208
6 83 0 8 0.0546287889085
19 48 0 8 0.0542983425641
7 68 0 8 0.0542600026408
28 77 0 8 0.0542075380017
62 82 0 8 0.0541549451355
13 67 0 8 0.0541445439394
33 58 0 8 0.0540728649524
14 54 0 8 0.0540647175954
57 87 0 8 0.0540286956247
34 89 0 8 0.0539526421185
43 76 0 8 0.0539176163743
18 42 0 8 0.0538512489511
8 75 0 8 0.0538464355005
18 44 0 8 0.0538032574675
67 88 0 8 0.0537493823295
3 79 0 8 0.053737373362
25 39 0 8 0.0536948660558
29 85 0 8 0.0536746160268
21 88 0 8 0.0536537593847
13 53 0 8 0.0535332850283
15 77 0 8 0.0535331715966
67 89 0 8 0.0533803593347
8 49 0 8 0.0533027375116
55 82 0 8 0.0532400492217
38 77 0 8 0.0531922451471
51 61 0 8 0.0531795457256
21 80 0 8 0.0531394451446
12 69 0 8 0.0531221295451
11 22 0 8 0.0530497995586
46 62 0 8 0.0530488625139
9 22 0 8 0.0529259123868
26 91 0 8 0.0528334260757
2 77 0 8 0.0528241690606
28 60 0 8 0.0527942033577
14 47 0 8 0.0527540238677
43 77 0 8 0.0527425475361
11 48 0 8 0.052719782282
22 33 0 8 0.0526221668842
11 63 0 8 0.0525953328834
67 91 0 8 0.0525147421081
66 82 0 8 0.0525048784798
46 91 0 8 0.0524415342587
74 94 0 8 0.0523638927083
12 51 0 8 0.0523248721946
3 51 0 8 0.052299463488
64 76 0 8 0.0522904086772
9 85 0 8 0.0521944553009
31 89 0 8 0.0521693227759
40 82 0 8 0.0519904310807
34 50 0 8 0.0519569243353
14 84 0 8 0.0519376409419
50 86 0 8 0.0519208431829
45 76 0 8 0.0519191121161
3 93 0 8 0.0519181652078
16 86 0 8 0.0518165649042
26 76 0 8 0.0517671136035
37 90 0 8 0.0516653702773
43 90 0 8 0.0515704427183
41 92 0 8 0.051539959175
18 43 0 8 0.0515382379718
44 62 0 8 0.0514970326645
5 25 0 8 0.0514738876606
37 91 0 8 0.0514650350542
1 90 0 8 0.0512394785334
15 41 0 8 0.0512342508104
20 38 0 8 0.0512335751518
27 77 0 8 0.0512221284112
44 75 0 8 0.0511285965556
48 91 0 8 0.0510433994659
46 68 0 8 0.05103946881
7 54 0 8 0.0509622513956
29 57 0 8 0.0509456459773
2 51 0 8 0.0509323202155
33 88 0 8 0.0508851819357
23 67 0 8 0.0508550633466
10 43 0 8 0.0508202398068
8 42 0 8 0.0508144547888
42 73 0 8 0.0507906735809
10 41 0 8 0.0507743591396
12 81 0 8 0.0507257067929
53 88 0 8 0.0507141367568
11 92 0 8 0.0506135425433
27 63 0 8 0.050582210728
9 65 0 8 0.0504463491114
2 60 0 8 0.0504418512969
12 77 0 8 0.0504193622243
31 58 0 8 0.0503140285374
22 79 0 8 0.0501893670707
52 83 0 8 0.0501387173393
30 85 0 8 0.0500801421824
9 75 0 8 0.0499169336563
10 91 0 8 0.0499041158713
9 49 0 8 0.0498807785267
33 69 0 8 0.0498509755737
35 59 0 8 0.0498496341202
27 62 0 8 0.0497426926619
11 77 0 8 0.0497295148545
29 77 0 8 0.0496403377907
10 50 0 8 0.0495251602028
73 94 0 8 0.0495157749604
49 61 0 8 0.0494809760797
27 73 0 8 0.0493928199015
34 88 0 8 0.0493807270932
68 81 0 8 0.0493328786321
16 39 0 8 0.0493076524027
24 44 0 8 0.0492949825721
9 89 0 8 0.0492898781444
10 75 0 8 0.0492300798977
17 85 0 8 0.049088038718
4 17 0 8 0.0490807593603
50 87 0 8 0.0490704617323
12 64 0 8 0.0490179132524
28 45 0 8 0.0489733937659
35 75 0 8 0.048971347063
16 79 0 8 0.0489456276522
14 85 0 8 0.0489401040203
1 93 0 8 0.0489105377944
11 90 0 8 0.0489022868693
30 79 0 8 0.0488647015136
48 88 0 8 0.048864237923
9 76 0 8 0.0487801850142
24 39 0 8 0.048732316826
24 58 0 8 0.0485975204812
10 44 0 8 0.0485157756615
23 82 0 8 0.048508037645
3 45 0 8 0.0484780670104
26 37 0 8 0.0484528013264
24 42 0 8 0.0484389478604
6 81 0 8 0.0484306624126
8 38 0 8 0.0483771966153
22 48 0 8 0.048334635059
40 74 0 8 0.0482088885933
38 60 0 8 0.0481999225551
3 17 0 8 0.0479922783834
8 51 0 8 0.0478991558684
36 54 0 8 0.0478849029254
62 88 0 8 0.047847840342
27 74 0 8 0.0476950773983
14 51 0 8 0.0476707882135
15 60 0 8 0.0476352446288
8 21 0 8 0.0476340609934
23 59 0 8 0.047622421912
22 85 0 8 0.0475503681071
4 93 0 8 0.0473592011264
12 67 0 8 0.0473351190779
16 43 0 8 0.0473042952393
25 61 0 8 0.0472665372701
2 82 0 8 0.047217682719
19 83 0 8 0.0470973365898
3 44 0 8 0.0469937635605
45 78 0 8 0.0468638842345
23 55 0 8 0.0468019801031
15 40 0 8 0.0466622618079
20 54 0 8 0.0466295836072
3 47 0 8 0.046599972995
11 89 0 8 0.0465544622139
10 42 0 8 0.0465297143704
21 89 0 8 0.0463851776927
68 90 0 8 0.0463692282057
11 46 0 8 0.0463383895717
77 91 0 8 0.04629586747
30 60 0 8 0.0462776592121
17 42 0 8 0.0462230295066
74 84 0 8 0.0462140585366
3 54 0 8 0.0461970191187
27 75 0 8 0.0461366438497
9 63 0 8 0.0460488181031
24 84 0 8 0.0460488181031
35 82 0 8 0.0460185910141
29 69 0 8 0.0460093142716
67 94 0 8 0.0459966345774
25 86 0 8 0.0459932464211
46 75 0 8 0.0459747126634
3 57 0 8 0.0459225439332
2 25 0 8 0.0459117629875
28 57 0 8 0.0458501449013
3 67 0 8 0.0457965558086
28 73 0 8 0.0457884479061
71 92 0 8 0.045781178412
29 49 0 8 0.0457429667159
59 79 0 8 0.0457370140162
29 56 0 8 0.0457074379266
29 76 0 8 0.0456806483121
15 47 0 8 0.0456550324693
53 89 0 8 0.0456403849813
41 77 0 8 0.0456294462175
24 35 0 8 0.0455159503781
6 53 0 8 0.0454874543559
72 93 0 8 0.0453519330345
15 87 0 8 0.0453331477543
2 65 0 8 0.0452391325809
13 90 0 8 0.0452385062405
15 86 0 8 0.0452328790405
9 88 0 8 0.045171137659
19 81 0 8 0.0450959422885
2 23 0 8 0.0450327065673
10 86 0 8 0.0450160962171
23 34 0 8 0.0450111496075
7 23 0 8 0.0450021589103
62 75 0 8 0.0449613530799
17 43 0 8 0.0449555286074
30 86 0 8 0.0449106589621
29 45 0 8 0.0449037692177
47 62 0 8 0.0447524858183
34 45 0 8 0.0447285467923
23 63 0 8 0.0446795097641
43 92 0 8 0.0446217236975
11 78 0 8 0.0445460055547
33 76 0 8 0.0444980732528
28 84 0 8 0.0444454557275
8 76 0 8 0.0443682777676
22 55 0 8 0.0441855935074
27 82 0 8 0.0441600121873
32 51 0 8 0.0440969145569
24 89 0 8 0.0440863654064
19 56 0 8 0.0440096510371
9 72 0 8 0.0439643424604
29 53 0 8 0.0439334545083
9 46 0 8 0.0439032224874
12 79 0 8 0.0438776263719
12 56 0 8 0.0437814559957
14 48 0 8 0.0437684557336
11 42 0 8 0.0437635978966
44 77 0 8 0.0436487852629
31 88 0 8 0.043593874444
16 54 0 8 0.0435876159718
44 90 0 8 0.0434475228587
58 76 0 8 0.0434344634148
32 57 0 8 0.0434153279758
9 43 0 8 0.0434031611903
36 82 0 8 0.0433913396317
50 89 0 8 0.0433175991463
67 84 0 8 0.0433018666592
5 17 0 8 0.0431680122909
14 90 0 8 0.0431239810541
38 82 0 8 0.0431042932519
16 58 0 8 0.0430228147501
21 39 0 8 0.0429690431803
11 88 0 8 0.0428567654991
17 60 0 8 0.0427245731522
70 94 0 8 0.0426475283513
9 19 0 8 0.0426145591736
53 85 0 8 0.0425771760223
21 45 0 8 0.0425528079285
61 81 0 8 0.042552556406
22 82 0 8 0.0425082144648
15 50 0 8 0.0425060888529
30 57 0 8 0.0424763154908
30 55 0 8 0.0424687796788
21 65 0 8 0.0424483619681
2 58 0 8 0.0424067473202
33 64 0 8 0.0423991720537
53 91 0 8 0.0423289528836
6 77 0 8 0.0421722839431
23 91 0 8 0.0420896760558
12 75 0 8 0.042034868805
3 59 0 8 0.0419456079005
15 46 0 8 0.0418806608397
30 89 0 8 0.0418752259805
30 76 0 8 0.0418647212163
14 87 0 8 0.0418021216992
24 36 0 8 0.0417591261433
74 93 0 8 0.0416329506097
2 85 0 8 0.0415278487181
70 87 0 8 0.0413806439289
31 41 0 8 0.0413795835889
32 71 0 8 0.0413675105078
11 67 0 8 0.0412605345268
5 68 0 8 0.0412530036465
40 79 0 8 0.0411368791502
26 67 0 8 0.0409871788631
7 18 0 8 0.0409616222021
8 47 0 8 0.040947956145
13 55 0 8 0.0409062280654
67 86 0 8 0.0409032985678
3 69 0 8 0.0408881578983
30 75 0 8 0.040795015656
53 84 0 8 0.0407121562462
12 45 0 8 0.0406397695438
20 43 0 8 0.0406175295279
36 62 0 8 0.0404961181268
22 46 0 8 0.0404798382082
3 75 0 8 0.0404771799604
9 54 0 8 0.0404566118294
20 84 0 8 0.0404562320797
32 45 0 8 0.0404068794154
32 54 0 8 0.0404017527946
73 86 0 8 0.0403873765563
14 91 0 8 0.0403527280959
42 77 0 8 0.040307821462
7 61 0 8 0.0401901212511
6 74 0 8 0.0399697184761
22 62 0 8 0.0399081891626
15 55 0 8 0.0398952357527
40 94 0 8 0.0398635710398
13 80 0 8 0.0397707395018
24 34 0 8 0.0397557837754
36 90 0 8 0.0396891870228
42 59 0 8 0.0396836140728
43 54 0 8 0.0396413360959
10 47 0 8 0.039636105907
63 77 0 8 0.0396307746159
7 74 0 8 0.0395666856908
66 76 0 8 0.0395534980197
11 70 0 8 0.0395217100115
20 48 0 8 0.0395204819898
10 40 0 8 0.0394188792203
30 45 0 8 0.0394137895881
7 75 0 8 0.0394112817606
50 91 0 8 0.0392992556019
37 69 0 8 0.0392957934683
19 67 0 8 0.0392617047688
33 75 0 8 0.0392558556372
37 77 0 8 0.0391630142356
16 80 0 8 0.0391610193167
21 61 0 8 0.0391110427779
9 27 0 8 0.0390871949905
2 75 0 8 0.0390780144185
76 89 0 8 0.0390323458193
35 47 0 8 0.0390261366653
24 45 0 8 0.039009743315
13 56 0 8 0.0390096175537
53 83 0 8 0.0390020669462
7 92 0 8 0.038953269111
23 77 0 8 0.0388630563663
8 36 0 8 0.0388349277642
7 25 0 8 0.0388244723182
5 47 0 8 0.038822699331
68 82 0 8 0.0388061185718
19 62 0 8 0.0387964670115
14 50 0 8 0.0387902331984
2 17 0 8 0.0387509414349
27 85 0 8 0.0387498589017
46 74 0 8 0.038662220564
3 25 0 8 0.0386474201897
49 89 0 8 0.0385220682691
15 58 0 8 0.0384613625686
2 69 0 8 0.0384194273527
55 77 0 8 0.0384085724298
25 65 0 8 0.0383835089502
22 51 0 8 0.0381903199257
21 47 0 8 0.038143524407
2 74 0 8 0.0379552745945
10 74 0 8 0.0379378307678
58 75 0 8 0.0378571314926
11 74 0 8 0.0378405951197
69 93 0 8 0.0378242510876
15 65 0 8 0.0377989656764
28 75 0 8 0.0377948402138
31 86 0 8 0.0377558197002
13 78 0 8 0.0377326549691
18 64 0 8 0.0377144565748
65 78 0 8 0.0376921795702
40 70 0 8 0.0376350445031
68 93 0 8 0.0375443903611
56 86 0 8 0.037499912795
69 90 0 8 0.0374756975875
11 51 0 8 0.0374588702376
10 89 0 8 0.0374543822867
30 68 0 8 0.0373950673577
69 92 0 8 0.0373542763228
18 41 0 8 0.0373299230244
42 83 0 8 0.0372100725425
8 48 0 8 0.0371496011031
1 91 0 8 0.0369990673394
27 87 0 8 0.0369879140417
52 88 0 8 0.0369056785064
3 62 0 8 0.0368949246856
76 91 0 8 0.0368870954306
32 61 0 8 0.0368518773457
62 74 0 8 0.0368469208725
43 55 0 8 0.036843032137
12 92 0 8 0.0368188933726
5 92 0 8 0.0367943107449
3 76 0 8 0.0367884788746
42 79 0 8 0.036645108571
10 45 0 8 0.0366307865826
18 53 0 8 0.0366137767556
29 46 0 8 0.0366068944089
21 91 0 8 0.0365682955654
9 48 0 8 0.0364944811028
20 58 0 8 0.0364939040805
72 92 0 8 0.0364899216406
73 92 0 8 0.0364683424877
3 40 0 8 0.0364458410856
10 60 0 8 0.0364394938408
8 94 0 8 0.0363939238779
60 91 0 8 0.036390072131
29 83 0 8 0.0363627202897
39 54 0 8 0.0362442507157
11 76 0 8 0.0362410721615
20 63 0 8 0.036202764295
7 73 0 8 0.0361176461143
6 90 0 8 0.0360500383399
37 87 0 8 0.0360441398901
39 77 0 8 0.0358931351381
8 81 0 8 0.0358842307477
31 52 0 8 0.0358697287481
35 89 0 8 0.0358637217985
10 49 0 8 0.0358382637737
33 60 0 8 0.0356900701558
16 46 0 8 0.0356654332782
32 56 0 8 0.0356383847434
36 67 0 8 0.0356294310348
58 69 0 8 0.035590625055
22 81 0 8 0.0355400887553
37 76 0 8 0.0355087322809
11 41 0 8 0.0354059853305
26 82 0 8 0.0353990487338
9 40 0 8 0.0352897474024
22 75 0 8 0.0352654187632
30 77 0 8 0.0352369695932
18 91 0 8 0.0352069003222
17 44 0 8 0.0351253872977
30 61 0 8 0.0350949160839
44 94 0 8 0.0350506234609
15 79 0 8 0.0350270469233
10 67 0 8 0.0349997912523
32 91 0 8 0.0349826063458
3 27 0 8 0.0348957472348
21 41 0 8 0.0348920311128
15 75 0 8 0.0348837431991
7 70 0 8 0.0348583690152
30 88 0 8 0.0347814228507
33 79 0 8 0.0347805129309
31 69 0 8 0.0347589165167
62 85 0 8 0.0347205889229
6 47 0 8 0.0347122640206
12 80 0 8 0.0346982231457
8 74 0 8 0.03469407549
18 60 0 8 0.034678550139
26 85 0 8 0.0346106563193
6 26 0 8 0.0345929461747
16 75 0 8 0.0345690392055
5 84 0 8 0.0345571683288
30 81 0 8 0.0345343167679
11 21 0 8 0.0345341293589
3 63 0 8 0.0344967634689
47 77 0 8 0.0344830727528
71 94 0 8 0.0344603173623
40 92 0 8 0.0344057468385
25 77 0 8 0.0343992368438
13 74 0 8 0.0343989212077
27 56 0 8 0.0343208259304
7 69 0 8 0.0342912818977
31 61 0 8 0.0342638190905
19 75 0 8 0.0342510851463
29 63 0 8 0.0342412017908
26 52 0 8 0.0342268156888
25 57 0 8 0.0341758231963
59 82 0 8 0.0341740699364
55 75 0 8 0.0341431400638
29 58 0 8 0.0340757986073
34 68 0 8 0.0339410293876
10 90 0 8 0.0339406027857
67 78 0 8 0.0339295974424
15 76 0 8 0.0339282411935
31 60 0 8 0.0339202985067
15 63 0 8 0.0338557016048
70 86 0 8 0.0338514799719
11 49 0 8 0.0338311781589
11 61 0 8 0.033770270254
4 87 0 8 0.0337616395792
9 92 0 8 0.0337499117251
46 82 0 8 0.0337451771835
13 63 0 8 0.0337075153846
78 88 0 8 0.0336841953014
5 76 0 8 0.0336761342511
7 94 0 8 0.0336058016493
71 86 0 8 0.0335951119421
14 81 0 8 0.0335897633897
20 46 0 8 0.0335839093263
42 78 0 8 0.0335675874873
15 52 0 8 0.0334526712854
27 55 0 8 0.0334370990822
5 70 0 8 0.0334351510156
9 51 0 8 0.0334158232359
26 59 0 8 0.0334069533681
72 86 0 8 0.0333995309878
22 83 0 8 0.0333819934567
23 35 0 8 0.03332150229
2 76 0 8 0.0333212507675
11 50 0 8 0.0333159761923
16 76 0 8 0.0332847578086
66 79 0 8 0.0332476952252
31 83 0 8 0.033238702062
5 81 0 8 0.0332225627002
14 82 0 8 0.0332146076839
18 61 0 8 0.0331457398309
28 78 0 8 0.0331369464063
24 50 0 8 0.0331068080899
41 94 0 8 0.0330836852792
1 21 0 8 0.033033030616
52 85 0 8 0.0329488716732
25 62 0 8 0.0329308089038
31 56 0 8 0.0329245011135
75 94 0 8 0.0329130839637
2 26 0 8 0.032906149833
9 38 0 8 0.0328767192319
23 78 0 8 0.0328440656904
24 88 0 8 0.0328077354813
25 82 0 8 0.0327939781857
29 55 0 8 0.0327890266443
3 74 0 8 0.0327685102974
24 86 0 8 0.0327625526659
18 47 0 8 0.0327542820135
38 94 0 8 0.0326527778803
12 76 0 8 0.0326316573861
8 58 0 8 0.0326172540229
17 91 0 8 0.0325996671736
11 56 0 8 0.0325975292321
26 73 0 8 0.0325963924489
36 87 0 8 0.032591349669
1 17 0 8 0.0325828694145
67 83 0 8 0.0325658004057
31 54 0 8 0.0325278254366
4 88 0 8 0.0325029518319
1 22 0 8 0.0324957168605
48 77 0 8 0.0324718296186
20 83 0 8 0.0324622692969
2 70 0 8 0.0324459770488
28 61 0 8 0.032436707704
66 84 0 8 0.032407489171
32 58 0 8 0.0324065225355
32 60 0 8 0.0323999829499
6 71 0 8 0.0323892981745
8 79 0 8 0.0323885214138
2 24 0 8 0.0323407272027
7 17 0 8 0.0323405200665
1 18 0 8 0.0323375535803
12 61 0 8 0.0323250834882
25 69 0 8 0.0323124383166
9 45 0 8 0.032312270635
15 69 0 8 0.03227036501
36 48 0 8 0.0322604767226
13 38 0 8 0.0322554931244
42 94 0 8 0.0322398814667
39 94 0 8 0.0322231552189
8 53 0 8 0.032219702949
42 67 0 8 0.0321940575154
4 85 0 8 0.0321909923929
35 60 0 8 0.0321728827712
35 65 0 8 0.0321074055405
9 73 0 8 0.0320954064366
5 83 0 8 0.0320770699516
18 84 0 8 0.0320712627404
70 83 0 8 0.0320421773664
15 48 0 8 0.032038949494
4 20 0 8 0.0320216141672
7 20 0 8 0.0320181668291
53 86 0 8 0.0320107000625
35 73 0 8 0.0319954829499
9 41 0 8 0.0319887781485
14 89 0 8 0.0319760565339
70 85 0 8 0.0319481424657
24 87 0 8 0.0319211161241
24 61 0 8 0.0319185195239
38 67 0 8 0.031905884216
14 80 0 8 0.0319036846269
3 80 0 8 0.0318965137691
24 65 0 8 0.0318606594802
28 91 0 8 0.0318351422737
10 54 0 8 0.0318155974941
36 46 0 8 0.0317882333233
12 50 0 8 0.0317816912718
14 68 0 8 0.0317556488271
72 94 0 8 0.0317375441373
16 90 0 8 0.0317369868423
18 45 0 8 0.0317264154986
70 93 0 8 0.0317205318443
48 79 0 8 0.031710880284
20 82 0 8 0.0317046785277
17 61 0 8 0.0316510697077
1 89 0 8 0.0316294954867
49 81 0 8 0.0316222333903
51 68 0 8 0.0315581789879
15 39 0 8 0.0315567734209
7 66 0 8 0.0315550275587
3 42 0 8 0.0315493165179
20 31 0 8 0.0315232247551
68 92 0 8 0.0315129961725
13 66 0 8 0.0315038402595
5 94 0 8 0.0315036183279
33 57 0 8 0.0314691548105
6 69 0 8 0.0314346025204
31 43 0 8 0.0314237229384
10 46 0 8 0.0314094946545
67 87 0 8 0.0314031104211
14 39 0 8 0.0313903789428
33 47 0 8 0.0313878415244
23 62 0 8 0.0313862312871
5 64 0 8 0.0313650540771
37 75 0 8 0.031351893531
16 69 0 8 0.031346505524
2 81 0 8 0.0313365481912
57 81 0 8 0.031331352525
26 79 0 8 0.0313306694688
3 66 0 8 0.0313143550275
35 91 0 8 0.0313064049431
44 59 0 8 0.0312799580896
23 33 0 8 0.031270501336
25 76 0 8 0.0312588696522
20 51 0 8 0.0312547318602
6 17 0 8 0.0312481898087
9 77 0 8 0.0312313476633
53 87 0 8 0.0312187592077
28 55 0 8 0.0312112628501
42 74 0 8 0.0312043311853
34 74 0 8 0.0311793466148
12 54 0 8 0.0311603443348
18 51 0 8 0.0311420694974
56 87 0 8 0.0311298903823
13 71 0 8 0.0311144439404
10 63 0 8 0.0311065579695
14 69 0 8 0.0310874792464
66 91 0 8 0.0310868085197
41 70 0 8 0.0310719218386
31 44 0 8 0.0310581349521
14 42 0 8 0.0310505399583
29 52 0 8 0.0310490308232
12 55 0 8 0.0310407626368
19 74 0 8 0.0310403730234
42 55 0 8 0.0310386764794
46 81 0 8 0.0310201821762
25 75 0 8 0.0309998507724
56 84 0 8 0.0309961864344
3 81 0 8 0.0309535829578
41 55 0 8 0.0309436354886
51 80 0 8 0.0309338951556
52 82 0 8 0.0308866385123
33 56 0 8 0.0308857039335
39 79 0 8 0.0308818941071
31 53 0 8 0.0308769647588
45 63 0 8 0.030837470791
16 36 0 8 0.0308212401906
56 88 0 8 0.0307934716109
9 30 0 8 0.0307622729545
38 92 0 8 0.0307391550757
36 65 0 8 0.0307373598953
8 24 0 8 0.030733811455
23 48 0 8 0.0307217285103
43 94 0 8 0.0307190579329
24 82 0 8 0.030709766395
5 74 0 8 0.0307028026734
10 73 0 8 0.0307010395499
28 52 0 8 0.0306945147597
30 63 0 8 0.0306879381856
48 67 0 8 0.0306808487027
9 52 0 8 0.0306733079588
6 21 0 8 0.0306712834491
21 68 0 8 0.0306561501774
27 59 0 8 0.0306383759191
47 76 0 8 0.0306205597405
27 70 0 8 0.0306151150176
9 21 0 8 0.0306093571246
41 93 0 8 0.0306064966724
49 86 0 8 0.0305878149603
29 47 0 8 0.0305856350985
15 45 0 8 0.0305772238894
28 86 0 8 0.0305459857785
14 88 0 8 0.0305320731307
20 85 0 8 0.0305196104363
16 65 0 8 0.0305179854036
25 50 0 8 0.0305075200939
14 38 0 8 0.0305068888217
20 36 0 8 0.0305003393725
62 89 0 8 0.0304938984232
8 55 0 8 0.030478008118
70 81 0 8 0.0304575041006
14 40 0 8 0.030431698383
9 25 0 8 0.0304166785429
28 76 0 8 0.0304086520154
40 67 0 8 0.0304025390317
11 40 0 8 0.0303887472134
35 48 0 8 0.0303405239345
74 92 0 8 0.0303361913358
66 94 0 8 0.030336077904
67 93 0 8 0.0303218594838
30 67 0 8 0.0303013899891
12 40 0 8 0.0302914129291
55 79 0 8 0.0302870137508
45 79 0 8 0.030285070616
10 92 0 8 0.0302645764623
18 81 0 8 0.0302521655519
21 84 0 8 0.0302518351204
13 70 0 8 0.0302431378661
8 39 0 8 0.0302125359592
38 83 0 8 0.030195876291
10 23 0 8 0.0301955458594
12 94 0 8 0.0301915782149
30 84 0 8 0.0301818354161
31 91 0 8 0.0301770145677
8 78 0 8 0.0301741343882
4 72 0 8 0.0301605743652
14 46 0 8 0.0301414265967
50 88 0 8 0.0301395451096
5 29 0 8 0.0301345220569
66 93 0 8 0.0300954645546
37 74 0 8 0.0300529005325
42 93 0 8 0.0300259678953
1 20 0 8 0.0300229422273
31 70 0 8 0.0299896253567
35 90 0 8 0.0299678661926
18 85 0 8 0.0299537143519
32 70 0 8 0.0299509377405
37 60 0 8 0.0299097225696
24 47 0 8 0.0298678243423
53 90 0 8 0.0298584095091
55 84 0 8 0.0298578620777
3 78 0 8 0.0298411678868
25 85 0 8 0.0298289961694
5 75 0 8 0.0298222716408
2 79 0 8 0.0298154090214
65 80 0 8 0.0298005963176
48 65 0 8 0.0297941183797
14 86 0 8 0.0297898178377
10 25 0 8 0.0297833818202
14 41 0 8 0.0297805460271
71 81 0 8 0.0297739004075
8 59 0 8 0.0297694321839
15 57 0 8 0.0297688773548
7 85 0 8 0.0297605672479
23 37 0 8 0.0297572875915
66 88 0 8 0.0297567771487
40 56 0 8 0.0297334545995
29 91 0 8 0.0297192090543
44 76 0 8 0.0297130418207
20 77 0 8 0.0296935069048
10 51 0 8 0.0296891175902
30 65 0 8 0.0296860105473
37 57 0 8 0.0296378119274
49 87 0 8 0.0296201091805
32 77 0 8 0.0296192362494
43 53 0 8 0.029611868119
9 53 0 8 0.0295759275233
31 79 0 8 0.02956991071
5 26 0 8 0.0295362165557
19 79 0 8 0.0295320220477
14 75 0 8 0.0295245158266
21 40 0 8 0.0295222373284
39 68 0 8 0.0295020884017
33 54 0 8 0.0294953811344
6 70 0 8 0.0294927006934
19 59 0 8 0.0294806078851
18 69 0 8 0.0294619631616
49 91 0 8 0.0294514312725
28 88 0 8 0.0294374767043
50 60 0 8 0.0294297164947
30 51 0 8 0.0294240202493
40 62 0 8 0.0294222842508
62 79 0 8 0.0294080485692
55 91 0 8 0.0293885605055
14 76 0 8 0.0293707418609
13 92 0 8 0.0293602272331
15 74 0 8 0.0293486670607
30 87 0 8 0.0293457819495
13 72 0 8 0.029344679689
33 83 0 8 0.0293410350783
18 83 0 8 0.029312965658
25 54 0 8 0.0293063964815
2 45 0 8 0.02927708671
21 60 0 8 0.0292584839069
5 85 0 8 0.0292551697278
31 87 0 8 0.029209811833
33 45 0 8 0.0292068206877
36 56 0 8 0.0292051463368
36 92 0 8 0.0291912262913
29 70 0 8 0.0291804724705
36 58 0 8 0.0291662269253
25 91 0 8 0.0291588957835
27 83 0 8 0.0291556210589
47 78 0 8 0.0291259290717
6 87 0 8 0.0290936750071
4 21 0 8 0.0290733263419
39 70 0 8 0.0290592065579
17 84 0 8 0.0290524401089
16 66 0 8 0.0290457180462
32 88 0 8 0.0290430844574
39 62 0 8 0.0290315957963
47 79 0 8 0.0290131434136
10 77 0 8 0.0290097725186
3 43 0 8 0.0290069613846
16 55 0 8 0.0289955146439
42 82 0 8 0.0289916949538
50 81 0 8 0.0289784875555
23 51 0 8 0.0289755506602
22 70 0 8 0.0289619215917
53 81 0 8 0.0289566741415
48 76 0 8 0.02895347586
56 91 0 8 0.028940258598
10 53 0 8 0.0289263903366
40 78 0 8 0.028901166573
64 79 0 8 0.0288709789385
34 91 0 8 0.0288678644979
2 47 0 8 0.0288649645912
13 52 0 8 0.0288041627202
48 90 0 8 0.0287700099072
43 79 0 8 0.0287690136807
3 70 0 8 0.0287676155114
24 60 0 8 0.0287584448029
38 56 0 8 0.0287277491916
3 49 0 8 0.0287191431759
20 57 0 8 0.0287042441653
26 56 0 8 0.0286682147969
7 36 0 8 0.0286607406325
33 61 0 8 0.0286483050631
21 77 0 8 0.0286447073047
61 76 0 8 0.0286343036427
37 54 0 8 0.0286067348015
11 69 0 8 0.0285728310451
30 62 0 8 0.0285722392274
61 94 0 8 0.0285688436733
16 92 0 8 0.0285468009299
56 89 0 8 0.0285432796146
30 56 0 8 0.0285249381977
35 69 0 8 0.0285190200207
46 90 0 8 0.0285017660689
56 77 0 8 0.0284832964248
7 26 0 8 0.0284803225409
2 78 0 8 0.028479257269
12 78 0 8 0.0284739851597
6 22 0 8 0.028461953999
52 86 0 8 0.0284584425474
11 55 0 8 0.0284520459844
55 88 0 8 0.0284445372973
30 91 0 8 0.0283687007909
10 76 0 8 0.0283565488008
62 91 0 8 0.0283500141471
61 74 0 8 0.02832626253
9 81 0 8 0.0282989748023
55 87 0 8 0.0282263957591
6 88 0 8 0.028212917111
5 58 0 8 0.028185291554
24 91 0 8 0.0281840635323
69 80 0 8 0.0281821080679
21 87 0 8 0.0281806901714
12 93 0 8 0.0281644595709
10 64 0 8 0.0281501227872
12 71 0 8 0.0281217796512
13 94 0 8 0.0281136495555
17 81 0 8 0.0281062715615
40 81 0 8 0.0280947286505
15 72 0 8 0.0280805940711
35 79 0 8 0.0280770653581
38 63 0 8 0.0280681708312
32 74 0 8 0.0280534592296
4 86 0 8 0.0280440246691
10 94 0 8 0.028038693378
60 77 0 8 0.0280385700826
42 70 0 8 0.0280028464867
31 65 0 8 0.0279980996156
38 49 0 8 0.0279919397797
10 48 0 8 0.0279912641211
39 76 0 8 0.0279886502596
44 74 0 8 0.0279807346979
14 45 0 8 0.0279591185564
5 52 0 8 0.0279559868544
11 52 0 8 0.0279467150438
15 70 0 8 0.0279427572629
11 75 0 8 0.0279263244581
15 56 0 8 0.0279228105405
63 82 0 8 0.0279013374217
37 83 0 8 0.0278773145549
12 22 0 8 0.0278751149658
38 62 0 8 0.027865369701
8 52 0 8 0.0278643192246
67 81 0 8 0.0278619322265
40 73 0 8 0.0278525124615
17 41 0 8 0.0278263960395
37 81 0 8 0.0278174645241
28 67 0 8 0.0277917278519
20 69 0 8 0.0277908179322
6 94 0 8 0.0277840909376
41 82 0 8 0.0277772011933
18 65 0 8 0.0277534125876
48 80 0 8 0.0277525396565
6 92 0 8 0.0277507913284
29 82 0 8 0.0277250817812
55 86 0 8 0.0277228180785
70 92 0 8 0.027722778624
6 76 0 8 0.0277214692273
11 94 0 8 0.0277185126047
60 83 0 8 0.0277137410745
8 62 0 8 0.0277012216643
32 76 0 8 0.0276851686091
5 79 0 8 0.0276843302007
16 74 0 8 0.0276807792945
31 50 0 8 0.027660889288
56 85 0 8 0.0276503401375
57 68 0 8 0.0276438375405
13 59 0 8 0.0276248179992
12 72 0 8 0.0276205001959
66 92 0 8 0.027616890108
33 68 0 8 0.0276111716694
21 46 0 8 0.0275851094975
66 89 0 8 0.0275758475505
14 52 0 8 0.0275742471768
7 72 0 8 0.0275672735916
14 56 0 8 0.0275556271124
14 77 0 8 0.0275440595423
46 63 0 8 0.027527587283
37 84 0 8 0.0275269288858
26 63 0 8 0.0275169247008
58 87 0 8 0.0274648718682
24 77 0 8 0.0274642948459
9 82 0 8 0.0274517779016
6 85 0 8 0.0274381956854
11 79 0 8 0.0274090190728
23 50 0 8 0.0273808534821
28 53 0 8 0.0273723929549
39 73 0 8 0.0273568947289
47 90 0 8 0.027354793776
15 90 0 8 0.0273524486984
7 65 0 8 0.0273435393761
14 79 0 8 0.0273246184711
5 69 0 8 0.0272977746066
44 63 0 8 0.0272799732233
18 86 0 8 0.0272757269314
25 46 0 8 0.0272463456485
2 49 0 8 0.0272418330385
24 37 0 8 0.0272295577531
37 63 0 8 0.0272227469177
44 79 0 8 0.027211699654
18 46 0 8 0.0272086863155
9 23 0 8 0.0271884017639
29 81 0 8 0.0271851048461
2 44 0 8 0.0271601424687
5 93 0 8 0.0271539579737
6 73 0 8 0.0271405335756
76 94 0 8 0.0271101412708
15 93 0 8 0.027098696996
4 82 0 8 0.02709163957
4 77 0 8 0.0270787231487
4 18 0 8 0.027056820962
27 52 0 8 0.0270458254823
35 57 0 8 0.0270301324496
36 86 0 8 0.0270282484966
53 92 0 8 0.0270253436581
38 74 0 8 0.0270024033245
27 81 0 8 0.0269742130747
46 78 0 8 0.0269671260578
56 82 0 8 0.0269514157637
41 59 0 8 0.0269264163977
63 83 0 8 0.026922138049
4 81 0 8 0.0269206979592
67 85 0 8 0.0269171371894
43 82 0 8 0.0268997969308
2 67 0 8 0.0268919849372
8 50 0 8 0.0268909961084
55 89 0 8 0.0268641892325
6 27 0 8 0.0268381048674
47 94 0 8 0.0267956370157
19 76 0 8 0.0267949539594
30 53 0 8 0.0267836083209
18 40 0 8 0.026780210301
28 70 0 8 0.0267720678758
62 78 0 8 0.0267536006976
14 61 0 8 0.0267525526871
25 37 0 8 0.0267510854724
10 61 0 8 0.026740030811
21 86 0 8 0.0267381567216
11 54 0 8 0.0267246657439
3 46 0 8 0.0267193073278
3 50 0 8 0.0267161287736
28 87 0 8 0.0266886955573
7 60 0 8 0.0266831349369
55 85 0 8 0.0266715920258
9 94 0 8 0.0266606655915
58 81 0 8 0.0266188635347
48 58 0 8 0.0266178081264
49 88 0 8 0.0266144569587
17 83 0 8 0.0266040089104
36 51 0 8 0.0265973978135
13 93 0 8 0.0265496504547
47 80 0 8 0.0265425511082
5 38 0 8 0.0265339623538
52 87 0 8 0.0265309786063
23 56 0 8 0.0265137049272
24 54 0 8 0.0264933784551
3 55 0 8 0.0264788246715
4 84 0 8 0.0264733330964
14 58 0 8 0.0264704085306
12 38 0 8 0.0264368919216
7 77 0 8 0.0263999624971
16 94 0 8 0.0263961995229
21 69 0 8 0.0263848292253
7 53 0 8 0.0263758730508
10 26 0 8 0.0263640169696
36 55 0 8 0.0263486173798
33 62 0 8 0.026347685267
2 80 0 8 0.0263185629043
33 43 0 8 0.0263128691249
44 67 0 8 0.0262926388232
22 32 0 8 0.026281682798
22 36 0 8 0.0262625399613
19 50 0 8 0.0262497961535
38 48 0 8 0.026246015918
34 69 0 8 0.0262376737543
61 93 0 8 0.0262133031946
28 56 0 8 0.0261863483643
18 82 0 8 0.0261796854834
34 49 0 8 0.0261686678105
33 51 0 8 0.0261643450754
6 54 0 8 0.0261479467933
65 81 0 8 0.0261324658287
2 42 0 8 0.0261163535918
15 92 0 8 0.0261008824908
21 38 0 8 0.0259798656348
30 72 0 8 0.025973651549
8 93 0 8 0.0259543360988
18 50 0 8 0.0259522129528
16 62 0 8 0.0258834955201
15 38 0 8 0.0258800506479
11 26 0 8 0.0258631246617
26 53 0 8 0.0258600792665
9 44 0 8 0.0258586810972
34 44 0 8 0.0258514066713
17 40 0 8 0.0258440163477
10 52 0 8 0.0258364312176
21 48 0 8 0.025787588996
19 55 0 8 0.0257665917972
66 87 0 8 0.0257609399382
7 86 0 8 0.0257609325404
38 85 0 8 0.0257534805692
8 80 0 8 0.0257276797834
5 82 0 8 0.0257255245806
6 62 0 8 0.0257022809405
39 92 0 8 0.0256986215344
18 87 0 8 0.0256867062714
5 36 0 8 0.0256766996204
39 93 0 8 0.0256737134069
18 54 0 8 0.0256620718596
2 43 0 8 0.0256543585023
19 53 0 8 0.0256421325349
34 79 0 8 0.0256218751083
12 41 0 8 0.0255293024905
21 81 0 8 0.0255161912625
19 37 0 8 0.0254906395334
9 37 0 8 0.0254869234114
12 74 0 8 0.0254854414012
33 91 0 8 0.0254580353099
32 78 0 8 0.0254046138989
23 79 0 8 0.0254027077527
11 39 0 8 0.0253967008031
52 81 0 8 0.0253758022406
51 77 0 8 0.0253393881907
15 80 0 8 0.0253374894422
8 56 0 8 0.0253302322777
3 29 0 8 0.0253229553859
31 62 0 8 0.025308781352
6 86 0 8 0.0253057063658
44 66 0 8 0.0253052822298
20 62 0 8 0.0253008164721
35 68 0 8 0.0252844255877
37 55 0 8 0.025269450134
20 81 0 8 0.0252657586711
19 36 0 8 0.0252617293789
17 89 0 8 0.0252531628177
25 53 0 8 0.0252492321619
5 46 0 8 0.0252484184125
2 71 0 8 0.0252434545416
52 91 0 8 0.0252276308158
10 82 0 8 0.0252116837947
33 65 0 8 0.0251790499804
35 63 0 8 0.0251698077607
5 45 0 8 0.0251641115153
8 71 0 8 0.0251122880121
64 81 0 8 0.025111415081
18 52 0 8 0.02507858646
27 79 0 8 0.0250780858808
48 94 0 8 0.0250526352538
18 38 0 8 0.0250523245495
65 94 0 8 0.0250432574092
1 83 0 8 0.0250366167214
63 84 0 8 0.0249623337365
49 79 0 8 0.0249490277019
63 75 0 8 0.0249374206772
22 56 0 8 0.0249293004452
2 29 0 8 0.0249173728527
35 87 0 8 0.0249000153327
18 68 0 8 0.024896000836
28 85 0 8 0.0248860139123
38 93 0 8 0.0248721826395
31 73 0 8 0.0248319464336
32 49 0 8 0.0248115829729
32 65 0 8 0.0248103105649
15 53 0 8 0.0248024467872
18 89 0 8 0.0247807073504
39 78 0 8 0.0247692877347
2 54 0 8 0.024766094385
25 51 0 8 0.0247525442256
56 81 0 8 0.0247329304007
33 82 0 8 0.0247119455314
46 94 0 8 0.0247113685091
17 82 0 8 0.0246631476961
9 28 0 8 0.0246620183107
2 52 0 8 0.0246590074382
31 82 0 8 0.0246018304506
49 80 0 8 0.0245879030074
10 69 0 8 0.0245813954787
66 80 0 8 0.0245730212582
14 49 0 8 0.0245688144207
20 59 0 8 0.0245454425534
56 83 0 8 0.0245377612528
7 76 0 8 0.0245112749449
45 94 0 8 0.0245103280366
37 86 0 8 0.0244965263546
19 70 0 8 0.0244798469591
7 27 0 8 0.0244697860582
9 55 0 8 0.0244538636962
52 89 0 8 0.0244264107527
36 77 0 8 0.0244015667388
5 23 0 8 0.0243870598074
71 93 0 8 0.0243743554542
38 76 0 8 0.0243706417981
73 93 0 8 0.0243640183717
9 93 0 8 0.0243637569855
33 78 0 8 0.0243628273385
6 23 0 8 0.0243612146353
4 76 0 8 0.0243607535107
45 74 0 8 0.0243567365481
28 79 0 8 0.0242978013688
17 69 0 8 0.0242874618204
1 88 0 8 0.0242806830418
29 71 0 8 0.0242610815464
36 64 0 8 0.0242580435489
9 29 0 8 0.0242466683195
15 62 0 8 0.0242440100717
3 72 0 8 0.0242301122194
12 70 0 8 0.0242170059233
38 54 0 8 0.0242016827766
14 60 0 8 0.0241996385397
31 67 0 8 0.0241989998697
60 82 0 8 0.0241782911821
23 83 0 8 0.0241637078076
62 80 0 8 0.0241398600202
14 43 0 8 0.0241134748144
3 56 0 8 0.0241109694528
14 94 0 8 0.0240756379361
16 71 0 8 0.0240216962187
5 72 0 8 0.0240145796109
12 58 0 8 0.0239766736872
26 83 0 8 0.0239663637297
15 67 0 8 0.0239296685664
10 78 0 8 0.0238615774742
54 90 0 8 0.0238474601561
14 74 0 8 0.0238411351045
14 65 0 8 0.0238358186088
12 63 0 8 0.0238303294996
6 84 0 8 0.0238281027855
25 35 0 8 0.023827930172
17 68 0 8 0.023802666954
68 80 0 8 0.0237987190368
66 83 0 8 0.0237795712683
21 63 0 8 0.0237577036043
45 90 0 8 0.0237384054154
5 55 0 8 0.0237269389475
30 73 0 8 0.0237233732459
53 82 0 8 0.0237008175938
11 71 0 8 0.0236875707409
9 78 0 8 0.0236696263351
39 59 0 8 0.0236450683665
9 79 0 8 0.0236424964254
6 82 0 8 0.0236363020668
35 78 0 8 0.0236334465464
32 50 0 8 0.0236104149743
47 65 0 8 0.0236078701581
14 64 0 8 0.0236013650953
1 25 0 8 0.0235940364194
18 88 0 8 0.0235894202414
16 49 0 8 0.0235746149352
30 83 0 8 0.0235473740597
62 76 0 8 0.0235224412732
8 72 0 8 0.0235186930944
36 69 0 8 0.023514989302
2 40 0 8 0.0234861431209
71 84 0 8 0.0234731502565
21 82 0 8 0.0234601943807
1 19 0 8 0.0234577482009
30 74 0 8 0.0234532060001
23 76 0 8 0.0234381984896
22 78 0 8 0.0234344872994
28 49 0 8 0.0234222761275
3 41 0 8 0.023398245863
12 73 0 8 0.0233931907535
7 79 0 8 0.0233890825523
16 72 0 8 0.0233777936297
66 90 0 8 0.0233583795432
43 93 0 8 0.0233327020528
47 69 0 8 0.0233290105899
50 94 0 8 0.023311862672
35 61 0 8 0.0233091674356
62 87 0 8 0.02329599456
5 43 0 8 0.0232952967082
13 23 0 8 0.0232792880395
7 34 0 8 0.0232616715993
9 56 0 8 0.0232609194976
10 81 0 8 0.0232476973038
2 63 0 8 0.0232331879066
36 75 0 8 0.0232073501322
7 33 0 8 0.0231861383994
50 90 0 8 0.0231845996734
25 56 0 8 0.0231842766396
40 59 0 8 0.0231457394437
17 88 0 8 0.0231106298587
36 84 0 8 0.0230992768225
7 62 0 8 0.0230972547787
31 51 0 8 0.0230961648477
64 82 0 8 0.0230844961754
34 90 0 8 0.0230524591106
35 84 0 8 0.0229650599659
30 70 0 8 0.0229541162703
46 92 0 8 0.0229322658676
4 60 0 8 0.0229295706312
33 49 0 8 0.0229268926561
14 71 0 8 0.0229111946916
20 37 0 8 0.0228968924305
18 49 0 8 0.0228902640723
31 45 0 8 0.0228870707226
36 94 0 8 0.0228481809021
16 70 0 8 0.0228433551219
4 78 0 8 0.0228411900555
22 63 0 8 0.0228329933803
26 55 0 8 0.0228304781551
3 38 0 8 0.0228301600531
27 66 0 8 0.0228297211216
17 92 0 8 0.022827348919
3 52 0 8 0.0228133154418
6 93 0 8 0.0227972106027
49 78 0 8 0.0227859685323
2 41 0 8 0.0227678958993
48 74 0 8 0.0227594624971
3 71 0 8 0.0227571618057
49 90 0 8 0.0227528390706
4 22 0 8 0.0227433798511
11 93 0 8 0.0227292995216
50 79 0 8 0.0226824250939
32 79 0 8 0.0226655213009
44 55 0 8 0.0226594551694
61 92 0 8 0.0226592504992
37 78 0 8 0.0226289962852
70 82 0 8 0.0226182695894
29 75 0 8 0.0226127829461
19 66 0 8 0.0226097375509
17 38 0 8 0.0226050030093
31 74 0 8 0.0226037749875
9 36 0 8 0.0226019255572
2 53 0 8 0.0225901681123
37 61 0 8 0.0225892532607
29 66 0 8 0.0225847973666
47 59 0 8 0.0225652575189
20 90 0 8 0.022549862861
10 79 0 8 0.0225479172603
19 52 0 8 0.0225255490172
34 67 0 8 0.0224501637718
6 55 0 8 0.022447503058
60 79 0 8 0.022443150732
41 62 0 8 0.022408413499
17 51 0 8 0.0223901090707
11 62 0 8 0.0223854953585
47 68 0 8 0.022377920092
54 94 0 8 0.0223513524091
21 53 0 8 0.0223259091798
37 82 0 8 0.022314943291
24 57 0 8 0.0222765885723
35 67 0 8 0.0222758586638
10 80 0 8 0.0222614133801
25 66 0 8 0.0222331540849
11 38 0 8 0.0222025028599
21 44 0 8 0.0221908588467
34 73 0 8 0.0221458905651
9 60 0 8 0.0221417922275
38 70 0 8 0.0221412176712
20 76 0 8 0.022118849428
7 51 0 8 0.022101070238
20 79 0 8 0.0220978620929
72 84 0 8 0.0220874239082
34 65 0 8 0.0220796439713
3 28 0 8 0.022061075691
28 65 0 8 0.0219882401935
7 30 0 8 0.0219848372418
65 90 0 8 0.0219559639357
7 80 0 8 0.0219274111976
4 79 0 8 0.0219258995966
11 65 0 8 0.0219010161282
9 64 0 8 0.0218533304171
18 79 0 8 0.0218385867586
22 49 0 8 0.0218285233918
16 93 0 8 0.0218133235406
37 92 0 8 0.0217958649184
71 85 0 8 0.0217944051015
33 55 0 8 0.0217744509813
11 80 0 8 0.0217671124419
35 74 0 8 0.0217649301141
23 80 0 8 0.0217622422754
5 78 0 8 0.0217478931621
41 79 0 8 0.021734705491
9 47 0 8 0.0217319288796
73 83 0 8 0.0217238308408
6 75 0 8 0.0217232760117
50 92 0 8 0.0217232439549
23 81 0 8 0.021711777487
12 66 0 8 0.0216882773925
36 63 0 8 0.021685609281
21 67 0 8 0.0216587629506
12 39 0 8 0.0216550739536
28 47 0 8 0.0216442387579
5 80 0 8 0.0216399086251
24 55 0 8 0.0216124778747
4 51 0 8 0.0215980991705
6 72 0 8 0.0215877670198
46 59 0 8 0.021578897152
18 48 0 8 0.0215755558479
5 71 0 8 0.0215662544464
18 77 0 8 0.0215548989443
32 90 0 8 0.0215485788245
19 63 0 8 0.0215377312992
37 94 0 8 0.0215340324386
75 93 0 8 0.02151775252
15 66 0 8 0.0214982866495
45 92 0 8 0.0214893921227
32 84 0 8 0.0214793188922
4 83 0 8 0.0213906300781
48 78 0 8 0.0213773092481
9 71 0 8 0.0213729150017
32 43 0 8 0.0213638527931
16 59 0 8 0.0213636752478
3 48 0 8 0.0213633768731
16 37 0 8 0.0213587483655
32 46 0 8 0.0213484556693
2 62 0 8 0.0213188277957
23 66 0 8 0.0213120391535
2 48 0 8 0.0212956211442
14 72 0 8 0.0212882505479
43 74 0 8 0.0212867931968
49 59 0 8 0.0212853432435
32 82 0 8 0.0212850769255
9 39 0 8 0.0212755683878
21 54 0 8 0.0212538215532
5 61 0 8 0.0212520461001
5 53 0 8 0.0212219916246
24 75 0 8 0.0212179253438
10 55 0 8 0.0212170351514
72 85 0 8 0.0211508230803
8 66 0 8 0.0211414822243
41 76 0 8 0.0211414723607
64 80 0 8 0.021138145852
48 92 0 8 0.0211172152327
20 50 0 8 0.021103088051
4 71 0 8 0.0210751197329
60 94 0 8 0.0209730114525
9 42 0 8 0.0209656778448
65 93 0 8 0.020960575883
64 83 0 8 0.0209001463641
29 59 0 8 0.0208979369113
48 62 0 8 0.0208915181552
47 92 0 8 0.0208459432605
41 52 0 8 0.0208345261107
17 47 0 8 0.020829900069
34 61 0 8 0.0207949285748
24 76 0 8 0.0207814400631
52 94 0 8 0.0207758399881
35 94 0 8 0.020764139259
37 65 0 8 0.0207450950586
5 73 0 8 0.020723136156
24 46 0 8 0.0206886085251
6 58 0 8 0.0206863990723
28 81 0 8 0.0206745947751
34 60 0 8 0.0206697221427
31 85 0 8 0.0206319173212
22 53 0 8 0.0206252692358
1 77 0 8 0.0205514128527
36 85 0 8 0.0205111593855
7 93 0 8 0.0204985191458
10 56 0 8 0.020490554266
54 76 0 8 0.0204631432428
20 34 0 8 0.0204569414865
52 92 0 8 0.0204547838178
33 63 0 8 0.0204446218147
6 52 0 8 0.0204370613436
1 76 0 8 0.0204288128844
31 66 0 8 0.0204107229901
30 78 0 8 0.0203988151248
33 73 0 8 0.0203957278091
17 75 0 8 0.0203955576615
17 50 0 8 0.0203506362322
18 63 0 8 0.0203445454417
17 45 0 8 0.0203259968887
32 73 0 8 0.0203236493451
45 59 0 8 0.0203178495317
2 50 0 8 0.0203021540331
16 78 0 8 0.0202976660822
34 53 0 8 0.0202929561997
66 81 0 8 0.0202665709939
18 74 0 8 0.0202483479406
70 80 0 8 0.0202319397948
33 87 0 8 0.0201908947715
1 24 0 8 0.0201848385037
15 78 0 8 0.0201704030836
32 86 0 8 0.0201682380172
14 92 0 8 0.0201487006354
52 90 0 8 0.0201443655707
3 53 0 8 0.0201401044833
49 77 0 8 0.0201339495792
71 83 0 8 0.0201242881553
22 37 0 8 0.0201236371558
36 57 0 8 0.0201167523432
19 90 0 8 0.0201145749473
2 59 0 8 0.0201097368376
67 90 0 8 0.0201017990827
48 63 0 8 0.0200993578347
62 81 0 8 0.0200960806441
67 92 0 8 0.0200954986901
34 51 0 8 0.0200797612711
40 93 0 8 0.0200794579645
32 62 0 8 0.0200568418977
14 67 0 8 0.0200551145298
4 48 0 8 0.0200322259803
43 78 0 8 0.0200108404011
56 79 0 8 0.0199795073528
7 71 0 8 0.0199465295444
8 73 0 8 0.0199453804317
30 48 0 8 0.019883060795
24 79 0 8 0.0198474469319
33 70 0 8 0.0198344318744
12 65 0 8 0.019832875887
20 30 0 8 0.0198160214121
6 31 0 8 0.019785477454
25 74 0 8 0.0197726165156
39 74 0 8 0.0197328155424
1 84 0 8 0.0197095694363
24 53 0 8 0.0196855490354
18 67 0 8 0.0196799045741
31 72 0 8 0.019679323853
57 94 0 8 0.0196645469048
45 81 0 8 0.0196520262616
76 90 0 8 0.0196440317908
29 50 0 8 0.0196279010597
21 31 0 8 0.019593019571
1 80 0 8 0.019576777874
38 81 0 8 0.0195705662541
5 28 0 8 0.0195396351486
19 71 0 8 0.0195203233973
5 48 0 8 0.0195087977476
75 92 0 8 0.0194969663254
17 39 0 8 0.0194685331838
43 59 0 8 0.0193811858232
28 50 0 8 0.0193535590332
20 74 0 8 0.0193465348968
77 94 0 8 0.0193196589756
25 70 0 8 0.0192880115241
53 94 0 8 0.019240269097
51 90 0 8 0.0192167862639
34 64 0 8 0.0191755710929
19 78 0 8 0.0191597905206
6 68 0 8 0.0191209167284
27 71 0 8 0.0191152241819
36 66 0 8 0.0191044272077
34 66 0 8 0.0191023435162
2 28 0 8 0.0191000539215
71 82 0 8 0.0190905157929
6 60 0 8 0.0190899412366
44 69 0 8 0.0190661415344
15 71 0 8 0.019062647344
3 73 0 8 0.0190624808953
51 94 0 8 0.0190462613915
42 66 0 8 0.0190459839769
41 78 0 8 0.0190176802954
9 70 0 8 0.0190147273717
2 46 0 8 0.0190082629963
18 80 0 8 0.0190058192824
5 44 0 8 0.0189967311818
15 94 0 8 0.0189829677214
36 59 0 8 0.0189768818628
47 63 0 8 0.018976504579
7 21 0 8 0.0189692609769
24 51 0 8 0.0189689108181
29 80 0 8 0.018960022456
49 92 0 8 0.0189548539148
34 63 0 8 0.0189342475623
1 51 0 8 0.0188948300376
63 89 0 8 0.0188822095251
12 62 0 8 0.0188774466256
2 38 0 8 0.0188542831274
31 49 0 8 0.0188537813153
4 73 0 8 0.0188480456155
30 82 0 8 0.0188415257571
37 73 0 8 0.0188300888801
58 78 0 8 0.0187884446413
28 59 0 8 0.0187808040282
11 23 0 8 0.0187694312647
17 54 0 8 0.0187570450135
33 74 0 8 0.0187554150489
8 34 0 8 0.0187461678973
46 69 0 8 0.0187324241642
36 83 0 8 0.0187089598254
34 46 0 8 0.0187071153269
19 80 0 8 0.0186832823349
25 63 0 8 0.0186702894705
49 94 0 8 0.0186642615606
7 59 0 8 0.0186455403941
4 61 0 8 0.0186287093453
19 49 0 8 0.0186160592419
64 94 0 8 0.0185960927923
34 58 0 8 0.0185914889438
44 93 0 8 0.0185895297806
43 81 0 8 0.0185798547942
38 55 0 8 0.018576011678
36 47 0 8 0.0185684351785
14 55 0 8 0.0185670653671
17 72 0 8 0.0185443297038
14 78 0 8 0.0185342897631
17 79 0 8 0.0185303036243
33 90 0 8 0.0185158373804
21 90 0 8 0.0184606096925
21 79 0 8 0.0184522268413
7 78 0 8 0.018451385967
5 51 0 8 0.0184332442886
9 80 0 8 0.018427208981
37 68 0 8 0.0184065681058
73 85 0 8 0.0183970916249
29 78 0 8 0.0183883524502
23 70 0 8 0.0183739922403
35 45 0 8 0.0183729220366
14 93 0 8 0.0183729035423
18 93 0 8 0.0182572142786
25 79 0 8 0.0182504453637
11 66 0 8 0.0182448588512
6 79 0 8 0.0182328646791
29 94 0 8 0.0182284075521
28 82 0 8 0.0182170532829
6 61 0 8 0.0182024834709
45 56 0 8 0.0181775223265
12 36 0 8 0.0181764533558
4 68 0 8 0.0181698817134
67 80 0 8 0.0181660829835
50 77 0 8 0.0181224561554
3 30 0 8 0.0181096322057
16 63 0 8 0.0181016660928
6 51 0 8 0.0180980042208
17 58 0 8 0.0180829288979
38 59 0 8 0.0180390616438
26 71 0 8 0.0180374230486
21 36 0 8 0.018019948398
17 53 0 8 0.017991262501
26 81 0 8 0.0179646479658
29 90 0 8 0.0179635198133
4 80 0 8 0.0179488131435
63 91 0 8 0.0179417335243
44 78 0 8 0.0179308798342
59 91 0 8 0.017918943611
1 48 0 8 0.0179048460202
38 73 0 8 0.017881179477
31 94 0 8 0.0178584549103
34 62 0 8 0.0178307331829
5 62 0 8 0.01782558067
1 26 0 8 0.0178173260461
40 71 0 8 0.0178161473425
20 66 0 8 0.0178152966045
64 90 0 8 0.0177912071583
26 49 0 8 0.0177545711767
58 94 0 8 0.0177453708774
39 81 0 8 0.0177283844765
29 62 0 8 0.0177248631612
34 77 0 8 0.0176733503622
14 73 0 8 0.0176663570497
7 29 0 8 0.0176613796163
10 38 0 8 0.0176432132788
35 93 0 8 0.0176220816881
20 53 0 8 0.0176152190687
17 90 0 8 0.0176111984072
10 71 0 8 0.0176045293615
28 94 0 8 0.017583629566
22 76 0 8 0.017579409166
7 63 0 8 0.0175707747924
13 37 0 8 0.017536364292
19 94 0 8 0.0175278112933
31 90 0 8 0.0175177171027
1 87 0 8 0.0175079866333
32 85 0 8 0.0175069460205
61 90 0 8 0.0175018144679
1 72 0 8 0.0174730126732
53 79 0 8 0.017451071032
21 56 0 8 0.017436713288
45 70 0 8 0.0174273305115
18 58 0 8 0.0174200918413
36 74 0 8 0.0173786300796
2 73 0 8 0.0173611911847
4 23 0 8 0.0173611135087
30 80 0 8 0.0173288002623
4 75 0 8 0.0173201917806
16 73 0 8 0.0173177098452
2 66 0 8 0.0173160404261
33 66 0 8 0.0172871079383
40 55 0 8 0.0172868971032
25 48 0 8 0.0172806904151
32 87 0 8 0.0172790912743
34 71 0 8 0.0172683843058
31 80 0 8 0.0172676778234
4 62 0 8 0.0172602492783
7 52 0 8 0.017252722097
26 78 0 8 0.0172467878916
9 66 0 8 0.017233639675
4 59 0 8 0.0172267117091
64 78 0 8 0.0172012919059
30 94 0 8 0.0171927857594
35 62 0 8 0.0171711794816
54 78 0 8 0.0171462466951
36 76 0 8 0.017139135019
1 78 0 8 0.0171323118541
1 85 0 8 0.0171286783401
14 63 0 8 0.0171259818707
33 59 0 8 0.0171253049792
34 87 0 8 0.0171216813287
54 75 0 8 0.0171145980106
2 72 0 8 0.0170784404151
69 81 0 8 0.0170777240691
17 94 0 8 0.0170773418535
51 75 0 8 0.0170708318588
6 80 0 8 0.0170478841275
13 73 0 8 0.01703059442
59 86 0 8 0.0170182747482
4 55 0 8 0.0169979297818
8 37 0 8 0.0169785354226
1 86 0 8 0.0169778314061
20 92 0 8 0.016972475456
1 82 0 8 0.0169712831899
25 67 0 8 0.0169328877837
36 53 0 8 0.0169290890538
24 74 0 8 0.0169238218763
25 81 0 8 0.016920511396
42 52 0 8 0.0169178124607
20 94 0 8 0.016905357164
3 32 0 8 0.0169042031195
37 93 0 8 0.0169004191851
5 67 0 8 0.0168835844375
84 94 0 8 0.016870221687
37 49 0 8 0.0168591066108
30 47 0 8 0.0168079735616
1 73 0 8 0.0167739156859
11 72 0 8 0.0167612902416
4 69 0 8 0.016755018207
34 94 0 8 0.0167541267816
2 32 0 8 0.0167340505991
32 83 0 8 0.0167281620129
6 78 0 8 0.0167001012233
17 87 0 8 0.0166955947781
63 90 0 8 0.0166691553224
30 92 0 8 0.0166629313729
31 76 0 8 0.0166411956349
3 39 0 8 0.0166195523685
5 60 0 8 0.0166185795681
18 92 0 8 0.0165951152293
7 58 0 8 0.0165781818454
5 63 0 8 0.0165757541598
4 63 0 8 0.0165747912231
13 36 0 8 0.0165715534871
19 31 0 8 0.0165706312379
25 78 0 8 0.0165673232235
31 63 0 8 0.0165111289
23 49 0 8 0.0165030357929
32 55 0 8 0.0164895818039
59 84 0 8 0.0164740465893
32 48 0 8 0.0164581069659
10 72 0 8 0.0164524168853
48 75 0 8 0.0164465911798
7 55 0 8 0.0164407432812
45 80 0 8 0.0164398037706
20 70 0 8 0.0164379666698
7 38 0 8 0.0164251242257
39 71 0 8 0.016422171302
20 75 0 8 0.0164185057311
1 61 0 8 0.0164062637354
7 48 0 8 0.0164022886932
17 65 0 8 0.0164022171819
4 74 0 8 0.0163957441758
65 92 0 8 0.0163916594007
17 86 0 8 0.0163724438198
1 74 0 8 0.0163632237932
62 94 0 8 0.0163577248204
11 57 0 8 0.016352587103
28 72 0 8 0.0163501828436
32 63 0 8 0.0163462213639
2 56 0 8 0.0163444471437
33 52 0 8 0.0163418764356
33 85 0 8 0.0163365032241
11 73 0 8 0.016312407613
10 70 0 8 0.0162992199419
14 66 0 8 0.0162856229303
59 77 0 8 0.0162769737612
43 70 0 8 0.0162549297848
39 67 0 8 0.0162366056293
7 57 0 8 0.0162363910954
22 80 0 8 0.0162336773647
1 23 0 8 0.0162155492487
4 47 0 8 0.0162136714605
60 81 0 8 0.0161522062606
33 86 0 8 0.016139615339
33 67 0 8 0.0161050753785
33 53 0 8 0.0161031149824
35 92 0 8 0.0160693468508
17 77 0 8 0.0160619787205
28 74 0 8 0.0160554835212
18 39 0 8 0.0160525786827
47 93 0 8 0.0160467394147
47 74 0 8 0.0160421170719
56 94 0 8 0.0160222270653
44 71 0 8 0.0159959343311
18 56 0 8 0.0159906930456
38 66 0 8 0.0159573046637
20 78 0 8 0.01595705684
51 78 0 8 0.0159546834045
21 83 0 8 0.0159268050919
1 71 0 8 0.0159214996929
40 66 0 8 0.0159092675608
9 59 0 8 0.0159071888011
1 53 0 8 0.0158974731272
30 66 0 8 0.0158950306462
6 63 0 8 0.015889836213
10 62 0 8 0.0158884207823
21 74 0 8 0.0158828478323
31 81 0 8 0.0158763452353
7 47 0 8 0.0158750863898
1 49 0 8 0.0158714134212
37 85 0 8 0.01586725097
4 58 0 8 0.0158613364919
59 94 0 8 0.0158456348285
17 55 0 8 0.0158385416468
25 83 0 8 0.015836387677
9 62 0 8 0.0158283216949
18 71 0 8 0.0158129615597
23 53 0 8 0.0157881089152
76 93 0 8 0.0157880300061
31 78 0 8 0.015764997201
4 66 0 8 0.0157437830024
22 59 0 8 0.0157306878028
56 93 0 8 0.0157298937808
1 69 0 8 0.0157188637784
36 93 0 8 0.0156901939097
17 74 0 8 0.0156814325418
28 71 0 8 0.0156612749844
21 94 0 8 0.015658446589
5 56 0 8 0.0156440925439
15 59 0 8 0.0156272257394
27 94 0 8 0.015612294672
11 59 0 8 0.0156049733939
22 71 0 8 0.0155944920559
29 93 0 8 0.0155742198337
12 57 0 8 0.0155481477982
10 93 0 8 0.0155419793316
10 57 0 8 0.015537032722
6 25 0 8 0.0155290518137
11 58 0 8 0.0155058291338
32 80 0 8 0.0155006112744
52 80 0 8 0.0154685236585
50 76 0 8 0.0154596587225
9 58 0 8 0.0154489147654
37 67 0 8 0.0154477718174
28 93 0 8 0.0154476213971
42 63 0 8 0.0154469013522
5 66 0 8 0.0154378896948
55 94 0 8 0.0154276894702
18 72 0 8 0.0153951481273
14 57 0 8 0.0153758462397
63 81 0 8 0.0153533990875
5 65 0 8 0.0153493660965
27 76 0 8 0.0153220204199
21 57 0 8 0.0153203312735
21 50 0 8 0.0152747378845
4 52 0 8 0.0152730980563
17 64 0 8 0.0152724766477
1 81 0 8 0.0152671922089
29 72 0 8 0.0152559464396
22 35 0 8 0.0152510035289
76 92 0 8 0.0152172785507
26 94 0 8 0.0152097365739
77 90 0 8 0.0152072534054
36 71 0 8 0.01517844298
20 56 0 8 0.0151758007606
20 71 0 8 0.0151679295852
66 86 0 8 0.0151670973415
20 32 0 8 0.0151553115386
44 70 0 8 0.0151420942767
4 29 0 8 0.0151384472001
17 49 0 8 0.0151308916608
14 70 0 8 0.0151305871213
20 35 0 8 0.0151273370558
48 59 0 8 0.0151231758376
19 92 0 8 0.0151210835154
6 48 0 8 0.0151110583702
7 45 0 8 0.0150994192887
10 39 0 8 0.0150819717632
32 67 0 8 0.015073591378
27 90 0 8 0.0150693475519
27 78 0 8 0.0150550107681
28 62 0 8 0.0150544423765
7 46 0 8 0.0150196718537
1 79 0 8 0.0150072005286
32 59 0 8 0.0150059268876
28 63 0 8 0.0149954147257
55 90 0 8 0.0149745913734
25 94 0 8 0.0149724669944
31 92 0 8 0.0149718579154
35 49 0 8 0.01497120445
35 70 0 8 0.0149465811348
18 75 0 8 0.0149087824781
21 75 0 8 0.014904034374
5 49 0 8 0.0148879036429
17 62 0 8 0.0148681332328
4 50 0 8 0.0148641631224
51 93 0 8 0.014863244572
5 50 0 8 0.0148548987095
1 50 0 8 0.0148514784964
26 48 0 8 0.0148376447577
21 78 0 8 0.0148312370981
30 90 0 8 0.0148168472973
15 73 0 8 0.0147968537227
4 49 0 8 0.0147762177793
17 76 0 8 0.0147684477061
1 28 0 8 0.0147677301271
63 94 0 8 0.0147448218503
41 51 0 8 0.0147315478725
24 85 0 8 0.0147202577169
18 66 0 8 0.0147193391666
32 81 0 8 0.014693745517
17 67 0 8 0.014669886633
22 94 0 8 0.0146665009426
28 80 0 8 0.0146634530814
28 66 0 8 0.0146394770668
35 56 0 8 0.0146352702294
22 34 0 8 0.0146349459626
48 93 0 8 0.0146334799808
9 24 0 8 0.0146300499041
30 59 0 8 0.0146220159788
4 25 0 8 0.0146163924777
32 94 0 8 0.0146152495298
2 55 0 8 0.0146110278968
22 66 0 8 0.0146072377977
60 92 0 8 0.0146017486885
39 55 0 8 0.0146007290359
1 52 0 8 0.0145875561603
33 81 0 8 0.0145854342472
9 20 0 8 0.0145691370673
10 20 0 8 0.01456646649
7 44 0 8 0.0145638896171
17 80 0 8 0.0145631671063
5 41 0 8 0.0145585731214
35 86 0 8 0.0145333875794
1 70 0 8 0.0145274669365
12 59 0 8 0.0145244178424
38 78 0 8 0.0145042282282
20 72 0 8 0.0144921909027
9 57 0 8 0.0144761785351
6 67 0 8 0.0144599824574
11 37 0 8 0.0144464175025
25 71 0 8 0.0144435767776
21 51 0 8 0.0144297578343
49 75 0 8 0.0144200828479
4 70 0 8 0.0143996207509
46 93 0 8 0.0143769220762
43 66 0 8 0.0143741294364
32 52 0 8 0.0143546758955
10 59 0 8 0.0143480413725
2 30 0 8 0.0143396449588
22 90 0 8 0.0143388755958
33 80 0 8 0.0143151917913
25 80 0 8 0.0143151486379
7 67 0 8 0.0143113622376
10 58 0 8 0.0143105867098
18 76 0 8 0.0143031137784
24 81 0 8 0.0142890766023
6 46 0 8 0.0142890272842
36 70 0 8 0.014280672791
22 72 0 8 0.0142751294319
32 53 0 8 0.0142742528019
53 93 0 8 0.0142717671675
60 93 0 8 0.0142674000461
59 85 0 8 0.0142614078919
37 71 0 8 0.0142554021752
34 76 0 8 0.0142526526888
25 90 0 8 0.0142323040236
10 66 0 8 0.0142302585536
62 93 0 8 0.0142104363596
28 83 0 8 0.0142085980258
31 71 0 8 0.014198350949
26 72 0 8 0.0141874762987
10 65 0 8 0.0141240975549
17 63 0 8 0.0140878844764
22 93 0 8 0.0140836073606
6 45 0 8 0.0140824693445
34 83 0 8 0.0140697674571
18 55 0 8 0.0140578361657
30 93 0 8 0.0140569163824
17 70 0 8 0.0140442009325
1 75 0 8 0.0140401839699
21 92 0 8 0.0140400323166
18 78 0 8 0.014038110142
39 61 0 8 0.0139957643526
7 24 0 8 0.0139922837248
30 71 0 8 0.0139725207125
18 90 0 8 0.0139374308547
26 66 0 8 0.0139277275103
21 66 0 8 0.0139232284629
5 34 0 8 0.013920545556
2 31 0 8 0.0139103453313
6 59 0 8 0.0138988924259
34 92 0 8 0.0138945388669
51 92 0 8 0.0138942035036
7 43 0 8 0.0138813807867
1 54 0 8 0.0138458544634
20 80 0 8 0.0138346962339
37 47 0 8 0.0138227982322
42 62 0 8 0.0138022338001
7 50 0 8 0.0137671833968
50 93 0 8 0.0137549808556
24 56 0 8 0.0137546960433
32 92 0 8 0.0137506359273
5 27 0 8 0.0137480393272
3 36 0 8 0.0137428029735
31 93 0 8 0.0137310196365
1 68 0 8 0.0137277227187
4 54 0 8 0.0137238586423
5 35 0 8 0.0137074899511
4 46 0 8 0.0136862782184
24 49 0 8 0.0136764281526
34 80 0 8 0.0136324745918
6 57 0 8 0.0136318420866
46 80 0 8 0.0136190748527
1 30 0 8 0.0136012266172
59 89 0 8 0.0136003401236
54 80 0 8 0.0135861204705
17 57 0 8 0.0135567983693
24 83 0 8 0.0135479802856
10 21 0 8 0.0135371709819
31 48 0 8 0.013533850638
22 50 0 8 0.0134824377083
14 59 0 8 0.0134663254715
36 79 0 8 0.0134643256208
6 64 0 8 0.0134556443949
6 66 0 8 0.0134399353339
63 85 0 8 0.0134203005487
25 55 0 8 0.01337661084
4 24 0 8 0.0133723719457
18 70 0 8 0.0133581979118
4 56 0 8 0.013356866322
35 66 0 8 0.0133556259707
21 93 0 8 0.0133522242519
27 72 0 8 0.0133496806688
54 93 0 8 0.0133454491722
11 24 0 8 0.0133390797342
20 33 0 8 0.0133302308267
32 66 0 8 0.0133278475275
21 62 0 8 0.013317218235
33 94 0 8 0.0133007287143
31 59 0 8 0.0132856028403
45 93 0 8 0.0132646956471
2 39 0 8 0.0132618203994
23 94 0 8 0.0132613999623
28 92 0 8 0.01324609531
18 62 0 8 0.0132335660361
24 48 0 8 0.0132149743296
6 56 0 8 0.0132075729095
17 56 0 8 0.0132057469053
1 29 0 8 0.0132025572545
3 31 0 8 0.0131614209926
18 59 0 8 0.0131086320867
34 86 0 8 0.0131027903529
21 33 0 8 0.0131001542982
6 44 0 8 0.0130994490488
44 81 0 8 0.0130889640118
24 90 0 8 0.0130779833276
24 80 0 8 0.0130572943672
6 50 0 8 0.0130548740794
63 93 0 8 0.0130478363806
21 32 0 8 0.0130470682505
19 72 0 8 0.0130361529128
20 93 0 8 0.0130273077041
21 37 0 8 0.0129969351266
35 85 0 8 0.0129957971105
28 90 0 8 0.0129914151936
17 46 0 8 0.0129880122418
45 71 0 8 0.0129809042647
4 67 0 8 0.0129662000607
32 93 0 8 0.0129545992009
20 55 0 8 0.0129497635571
14 62 0 8 0.0129439686754
35 80 0 8 0.0129355722618
24 72 0 8 0.0129294383179
7 42 0 8 0.0129025932205
72 82 0 8 0.0129006278926
72 83 0 8 0.0128938971992
4 53 0 8 0.0128848756781
21 35 0 8 0.0128785161037
24 59 0 8 0.0128646712684
39 66 0 8 0.0128596260225
24 94 0 8 0.0128506575185
58 93 0 8 0.0128156256095
7 49 0 8 0.0128154998483
57 90 0 8 0.0128107702385
36 49 0 8 0.0128087790185
5 39 0 8 0.0128086520243
37 48 0 8 0.0128064401056
18 94 0 8 0.0128007130365
66 85 0 8 0.012789472199
6 49 0 8 0.012785093981
34 81 0 8 0.0127713761399
17 48 0 8 0.0127704353963
34 54 0 8 0.0127664159678
1 60 0 8 0.0127502371514
18 36 0 8 0.0127431193106
5 40 0 8 0.0127334665174
12 37 0 8 0.0127097543549
36 78 0 8 0.012696163508
21 70 0 8 0.0126958885594
24 71 0 8 0.0126895844679
41 63 0 8 0.0126745905199
1 47 0 8 0.012669333206
63 88 0 8 0.0126542714455
34 93 0 8 0.0125991238995
56 92 0 8 0.0125621932421
37 70 0 8 0.0125568557863
33 72 0 8 0.0125402873566
24 62 0 8 0.0125324050846
57 93 0 8 0.0125312695344
62 73 0 8 0.0125036069887
17 71 0 8 0.0124907620787
25 93 0 8 0.0124764536529
1 63 0 8 0.0124720643383
24 93 0 8 0.0124690053806
38 51 0 8 0.0124607951429
64 93 0 8 0.0124298591056
17 93 0 8 0.0124284288795
41 81 0 8 0.0124139416754
7 64 0 8 0.0124016947479
56 90 0 8 0.0123892271217
61 80 0 8 0.0123680338833
37 56 0 8 0.0123624794276
63 87 0 8 0.0123524666119
63 86 0 8 0.012351480249
7 56 0 8 0.012351241056
7 39 0 8 0.0123329896448
42 81 0 8 0.0123295053181
26 93 0 8 0.0123071691317
63 74 0 8 0.0123043616965
49 76 0 8 0.0123032384758
2 37 0 8 0.0122949246701
1 31 0 8 0.0122912899231
23 71 0 8 0.0122900286116
18 57 0 8 0.0122865060633
7 40 0 8 0.0122601800393
7 41 0 8 0.0122546465438
3 34 0 8 0.0122431060987
41 66 0 8 0.0122384973183
11 25 0 8 0.012233677703
6 24 0 8 0.0122256067891
27 80 0 8 0.0122201546685
61 78 0 8 0.0122080877522
35 55 0 8 0.0122053148397
5 54 0 8 0.0122006394799
1 27 0 8 0.0121764698916
35 81 0 8 0.0121705122601
25 49 0 8 0.0121675655011
5 37 0 8 0.0121099150595
34 84 0 8 0.0121096992926
26 80 0 8 0.0121040498995
55 92 0 8 0.0121013941175
37 62 0 8 0.0120938028226
24 70 0 8 0.0120807495435
6 38 0 8 0.012078824903
33 48 0 8 0.012074764787
40 72 0 8 0.012053851429
54 92 0 8 0.0120233617209
36 73 0 8 0.0119938090575
20 49 0 8 0.0119802145117
50 74 0 8 0.0119719401605
52 78 0 8 0.0119716960357
26 90 0 8 0.0119392188065
8 31 0 8 0.0119364064395
58 80 0 8 0.011931722449
33 92 0 8 0.0118860328896
48 68 0 8 0.0118720400998
17 36 0 8 0.011866595377
4 64 0 8 0.011824000531
4 44 0 8 0.0117988100572
38 71 0 8 0.0117643046194
49 93 0 8 0.0117476252239
1 46 0 8 0.0117215322281
1 39 0 8 0.0117213744101
29 92 0 8 0.0117203436609
80 94 0 8 0.0117197666387
6 65 0 8 0.0117071818819
73 84 0 8 0.0117043214297
21 71 0 8 0.0117038553732
63 92 0 8 0.0116980469291
39 56 0 8 0.0116974193557
79 89 0 8 0.011695102636
27 93 0 8 0.0116822404647
32 72 0 8 0.0116772790597
60 78 0 8 0.0116548812256
8 32 0 8 0.0116446378476
23 73 0 8 0.0116384508867
79 94 0 8 0.0116333908454
1 59 0 8 0.0116265035669
6 29 0 8 0.0116223916669
1 66 0 8 0.0116053066297
5 30 0 8 0.0115765714144
27 92 0 8 0.0115587330426
33 71 0 8 0.0115435640152
39 80 0 8 0.0115310076163
5 42 0 8 0.0115274419147
34 85 0 8 0.0115134984431
6 42 0 8 0.0114965823205
78 94 0 8 0.0114920660117
4 65 0 8 0.0114758871953
1 62 0 8 0.011472818374
23 92 0 8 0.011454320372
11 36 0 8 0.0114542735197
4 42 0 8 0.0114445899026
35 71 0 8 0.0114362945912
17 37 0 8 0.0114308954877
52 93 0 8 0.0114263976731
21 34 0 8 0.0114109364357
34 57 0 8 0.0114062758713
60 76 0 8 0.0114011850062
42 71 0 8 0.0113433459226
20 73 0 8 0.011336197258
57 92 0 8 0.0113352084292
5 24 0 8 0.0113291484626
22 73 0 8 0.011293999423
5 33 0 8 0.0112699444995
79 91 0 8 0.0112627440508
17 52 0 8 0.011249044704
59 83 0 8 0.0112431622826
41 73 0 8 0.0112400515409
4 26 0 8 0.0112383636275
49 74 0 8 0.0112276369317
1 67 0 8 0.0112219789079
34 78 0 8 0.0111996920396
34 75 0 8 0.0111878347254
28 48 0 8 0.0111814467931
34 70 0 8 0.0111804098792
6 43 0 8 0.011178451949
43 73 0 8 0.0111450721978
25 92 0 8 0.011144297903
59 93 0 8 0.0111425742339
58 92 0 8 0.0111321113902
21 55 0 8 0.0111315627258
5 59 0 8 0.0110891133684
3 33 0 8 0.0110754127886
8 29 0 8 0.0110697806568
33 93 0 8 0.0110322051647
6 28 0 8 0.0109918284022
62 92 0 8 0.0109737089169
51 76 0 8 0.0109665318944
7 35 0 8 0.0109575498278
4 27 0 8 0.0109557706759
25 59 0 8 0.0109433018167
2 33 0 8 0.0109313162753
25 52 0 8 0.0108971474339
25 72 0 8 0.0108934202153
1 38 0 8 0.0108643878583
50 75 0 8 0.0108556462177
36 72 0 8 0.0108447197834
78 91 0 8 0.0108286790578
21 59 0 8 0.0108029189595
14 37 0 8 0.0107959564708
19 35 0 8 0.0107952968407
12 23 0 8 0.0107917373038
63 79 0 8 0.0107860299619
6 39 0 8 0.0107765867707
57 80 0 8 0.0107647726099
18 37 0 8 0.010752959682
55 93 0 8 0.0107075549349
60 90 0 8 0.0106980957153
56 80 0 8 0.0106943339741
13 26 0 8 0.0106771872892
17 66 0 8 0.0106751368874
45 73 0 8 0.0106063947957
26 92 0 8 0.0105382778114
43 80 0 8 0.0105343804453
3 37 0 8 0.0105279949789
37 59 0 8 0.0105194691052
13 25 0 8 0.0104995149851
38 72 0 8 0.0104838675717
48 72 0 8 0.0104610406698
35 83 0 8 0.0103869155029
34 72 0 8 0.0103173991164
1 58 0 8 0.0103010772774
47 73 0 8 0.0102974117065
8 30 0 8 0.0102896687583
4 31 0 8 0.0102749287987
21 73 0 8 0.0102686234743
1 55 0 8 0.010267172288
59 87 0 8 0.0102663893625
19 93 0 8 0.0102444218293
19 29 0 8 0.0102324523163
36 81 0 8 0.0102318000839
52 76 0 8 0.0102274230988
21 72 0 8 0.0102025038748
43 72 0 8 0.0101655189674
42 80 0 8 0.0100794181228
62 90 0 8 0.0100649247539
1 32 0 8 0.010057704578
16 34 0 8 0.0100450655712
20 52 0 8 0.00996560664731
21 52 0 8 0.00996358337055
4 45 0 8 0.00994324210303
49 68 0 8 0.00991334297966
7 37 0 8 0.00990707217795
1 44 0 8 0.00990590087209
24 78 0 8 0.0098958424371
4 43 0 8 0.00989430617699
25 73 0 8 0.00988072642669
59 88 0 8 0.00987248783113
2 36 0 8 0.00985939263157
50 61 0 8 0.00978755089464
11 31 0 8 0.00978509485119
9 35 0 8 0.00977583906896
22 92 0 8 0.00975909186101
59 81 0 8 0.00970558722562
16 35 0 8 0.00970453243387
49 62 0 8 0.00968667001944
33 50 0 8 0.00966260276632
77 92 0 8 0.00965943715811
37 51 0 8 0.00965671787907
57 76 0 8 0.00964595296171
12 35 0 8 0.00963880614651
1 41 0 8 0.00962113853874
3 35 0 8 0.00961437640504
24 66 0 8 0.00954098053018
8 28 0 8 0.00953674471829
23 93 0 8 0.00953033582578
1 65 0 8 0.00952317236571
11 30 0 8 0.00947407985457
9 31 0 8 0.00944179866496
17 35 0 8 0.00944025069179
45 66 0 8 0.00943659498454
48 71 0 8 0.00942320757499
7 28 0 8 0.00931900758886
23 52 0 8 0.00928181862768
4 34 0 8 0.00926968821427
23 72 0 8 0.00926627231648
4 38 0 8 0.0092512031583
19 33 0 8 0.00922576917618
1 34 0 8 0.00922216278708
1 45 0 8 0.0092015576675
5 57 0 8 0.00919225133417
4 40 0 8 0.0091801597588
39 72 0 8 0.00917787817827
4 28 0 8 0.00917115611556
1 64 0 8 0.00916688454802
6 40 0 8 0.00914549711942
2 34 0 8 0.00912560464699
1 43 0 8 0.00908716177206
37 72 0 8 0.00907605779247
58 90 0 8 0.00904349857184
6 41 0 8 0.00904104252838
78 90 0 8 0.00899089460901
40 51 0 8 0.00898284095648
51 74 0 8 0.00897348530501
13 27 0 8 0.00896563632277
10 24 0 8 0.00896541377466
11 34 0 8 0.0089169241778
36 80 0 8 0.00890490842906
18 73 0 8 0.00888304569687
1 40 0 8 0.00886207747248
34 52 0 8 0.00885706859872
11 29 0 8 0.00884426314324
24 92 0 8 0.00882184126662
1 37 0 8 0.00878655660219
64 92 0 8 0.00878438783691
34 56 0 8 0.00873130733754
10 34 0 8 0.00871342334643
1 33 0 8 0.00869908964503
4 36 0 8 0.00868137703447
7 31 0 8 0.00866965164629
7 32 0 8 0.00865862226039
2 35 0 8 0.00865302650074
11 35 0 8 0.00861249068718
35 72 0 8 0.00861080339026
52 77 0 8 0.00858359518799
23 90 0 8 0.00858156882885
17 78 0 8 0.00852359535335
40 80 0 8 0.00851779060808
59 92 0 8 0.00849789813565
10 37 0 8 0.00849140601878
53 77 0 8 0.00847623021012
1 42 0 8 0.00845031352669
5 31 0 8 0.00840900773363
1 36 0 8 0.00835857931733
6 37 0 8 0.00835021927585
49 72 0 8 0.0083268400108
42 72 0 8 0.0083117634549
4 41 0 8 0.00830034445568
78 89 0 8 0.00829945796209
21 49 0 8 0.00826921854354
37 80 0 8 0.00825624355695
24 73 0 8 0.00825071252737
22 52 0 8 0.00823918256233
43 71 0 8 0.00823733683088
17 73 0 8 0.00820188510124
47 67 0 8 0.00818014504793
6 35 0 8 0.00817893243812
37 66 0 8 0.00814032311446
11 33 0 8 0.00808834487556
52 79 0 8 0.00808435996971
4 39 0 8 0.00807708985916
4 35 0 8 0.0080674339835
17 59 0 8 0.00806574668658
77 93 0 8 0.00806455750289
12 34 0 8 0.00805162012138
9 32 0 8 0.00805092596854
4 33 0 8 0.00803738197389
41 53 0 8 0.00800346527141
8 33 0 8 0.00799425757437
6 36 0 8 0.00798948851007
35 50 0 8 0.00797456175803
1 56 0 8 0.00796954240416
1 35 0 8 0.00796035073551
13 31 0 8 0.00796004989485
58 74 0 8 0.007958944552
51 65 0 8 0.00793950642295
50 69 0 8 0.00793050832801
13 32 0 8 0.00793003055851
57 78 0 8 0.00787587430717
52 75 0 8 0.00782061764481
50 73 0 8 0.00779243479277
54 69 0 8 0.00778251506505
12 33 0 8 0.00769484405409
34 55 0 8 0.00759548957537
48 69 0 8 0.00759301380466
42 53 0 8 0.00758648901452
4 30 0 8 0.00754965021215
46 72 0 8 0.00753963616349
10 33 0 8 0.00752541096201
63 80 0 8 0.00749561787265
10 36 0 8 0.00749561417379
55 78 0 8 0.00741790542743
45 72 0 8 0.0073846403409
4 32 0 8 0.00732175662793
34 59 0 8 0.00729692124475
49 71 0 8 0.00728074119543
60 80 0 8 0.00727297482108
9 33 0 8 0.00724980885699
6 34 0 8 0.00723606327444
49 73 0 8 0.00717418503508
38 80 0 8 0.00716397186442
55 80 0 8 0.00711422095609
15 37 0 8 0.00706913677691
63 78 0 8 0.00705939582746
44 72 0 8 0.00704488704667
9 34 0 8 0.00703888996065
11 32 0 8 0.00702982158735
19 34 0 8 0.00696568334415
13 35 0 8 0.00688667814715
79 90 0 8 0.00684894545346
46 73 0 8 0.00684154403335
35 51 0 8 0.00683179691913
29 73 0 8 0.00681144393856
41 71 0 8 0.00680005329727
8 35 0 8 0.00678434608563
59 90 0 8 0.00671483956271
19 73 0 8 0.0066666538889
12 31 0 8 0.00665415913772
10 31 0 8 0.00662362504327
41 80 0 8 0.00662320953793
4 37 0 8 0.00662059937528
14 36 0 8 0.00653795449943
6 32 0 8 0.00649177853989
79 93 0 8 0.00646508386278
47 72 0 8 0.00645788279762
40 52 0 8 0.00642782339029
46 70 0 8 0.00640248064673
47 70 0 8 0.00632426207409
10 35 0 8 0.00629372736317
47 71 0 8 0.00625157946285
16 33 0 8 0.0062487146953
36 52 0 8 0.00623446421827
81 94 0 8 0.00622517391334
13 33 0 8 0.00619908091755
78 93 0 8 0.0061643036135
59 78 0 8 0.00615850626595
11 27 0 8 0.00605188537554
15 33 0 8 0.00603107681863
48 73 0 8 0.00601442331515
50 64 0 8 0.00597897959971
19 30 0 8 0.0059591025392
58 68 0 8 0.00590861062579
36 50 0 8 0.00589547350581
44 80 0 8 0.00587818688069
19 32 0 8 0.00585703741212
60 74 0 8 0.0058288354493
49 65 0 8 0.00582759941338
13 34 0 8 0.00581607869549
10 30 0 8 0.00580033264582
5 32 0 8 0.00578897221189
4 57 0 8 0.00574722933681
16 31 0 8 0.00573284508432
38 53 0 8 0.00573124101177
49 67 0 8 0.00566907734366
1 57 0 8 0.00564887046808
51 69 0 8 0.00564105970739
12 32 0 8 0.00560682675233
10 29 0 8 0.00559561550578
6 30 0 8 0.0055924011959
53 80 0 8 0.00555897027711
15 36 0 8 0.0055519590868
44 73 0 8 0.00553139958651
37 53 0 8 0.00538169621699
24 52 0 8 0.00534526367281
13 24 0 8 0.00531393370685
10 32 0 8 0.00530376800491
40 50 0 8 0.00519369854344
12 26 0 8 0.00517052703107
49 69 0 8 0.00516621785845
50 62 0 8 0.00513969764426
57 74 0 8 0.00513713310089
51 64 0 8 0.00512206517567
48 70 0 8 0.00511641393311
46 67 0 8 0.00511262383393
82 94 0 8 0.00510277438456
6 33 0 8 0.00503216745061
46 71 0 8 0.0050191770521
37 52 0 8 0.00485142632513
78 92 0 8 0.00484412230835
54 68 0 8 0.00483121328478
12 30 0 8 0.00478393629773
37 50 0 8 0.0047104411701
63 73 0 8 0.00469425310659
59 80 0 8 0.00467485443205
35 52 0 8 0.0046697974731
50 72 0 8 0.00463456890805
53 78 0 8 0.00459977434265
57 69 0 8 0.00457813847391
14 34 0 8 0.00453889849451
38 52 0 8 0.00450700722646
51 71 0 8 0.00450387614094
10 28 0 8 0.00449488390253
54 64 0 8 0.00448984482141
17 33 0 8 0.00448612253467
60 75 0 8 0.00446128098673
61 72 0 8 0.00445960601934
83 94 0 8 0.00440219569537
10 27 0 8 0.00438239970156
45 67 0 8 0.00438153016107
52 72 0 8 0.00438001917651
49 64 0 8 0.00436567160439
16 32 0 8 0.00434936795148
14 35 0 8 0.00432410627462
58 70 0 8 0.00431649956775
50 68 0 8 0.00426846770489
49 63 0 8 0.00421869861049
39 52 0 8 0.0042069722976
16 30 0 8 0.00420518359025
53 68 0 8 0.00420345776353
80 93 0 8 0.00418713191746
41 72 0 8 0.00416406458966
40 53 0 8 0.0041368428249
14 32 0 8 0.00399270130881
54 74 0 8 0.0039811731932
12 25 0 8 0.00386947684954
18 35 0 8 0.003773395246
39 51 0 8 0.0037613388098
18 34 0 8 0.0037434982803
12 27 0 8 0.00373765839585
55 76 0 8 0.00373490027878
53 76 0 8 0.00372603626754
50 65 0 8 0.00367212136686
11 28 0 8 0.00361472029004
13 29 0 8 0.0035989085856
54 72 0 8 0.00356010692118
12 29 0 8 0.00355795973259
56 76 0 8 0.00347055380664
15 34 0 8 0.00336184336822
35 53 0 8 0.00332136457875
14 33 0 8 0.00329818042861
53 75 0 8 0.00326340281631
18 33 0 8 0.0031960074181
61 71 0 8 0.00318543299205
16 26 0 8 0.00314256812924
83 93 0 8 0.00311429064802
14 25 0 8 0.00303762066503
51 72 0 8 0.00302565269324
12 24 0 8 0.0030210269598
48 66 0 8 0.00291489123661
17 31 0 8 0.00290105071663
49 70 0 8 0.0028934547981
13 28 0 8 0.00289335955244
49 66 0 8 0.00288820364897
14 24 0 8 0.00287267459912
56 78 0 8 0.00283003505858
17 34 0 8 0.002784881834
39 50 0 8 0.00278440591393
52 62 0 8 0.00275368225288
79 92 0 8 0.00274408740843
17 32 0 8 0.00274204964446
13 30 0 8 0.00273905880741
14 31 0 8 0.00272451427096
15 25 0 8 0.0027100073396
39 49 0 8 0.00267894153394
47 66 0 8 0.00263922409329
59 76 0 8 0.00258757258707
51 63 0 8 0.00258164423821
80 91 0 8 0.00253199658974
59 69 0 8 0.00251871213181
81 93 0 8 0.00250854519691
17 27 0 8 0.00250634930665
56 75 0 8 0.00248222348824
55 74 0 8 0.0024798614575
81 91 0 8 0.00245176028863
39 53 0 8 0.00242880731727
54 67 0 8 0.00242208741223
54 65 0 8 0.00239156996266
80 92 0 8 0.00234369776729
53 71 0 8 0.00231717169657
59 75 0 8 0.00227914062812
54 70 0 8 0.00226964226228
18 31 0 8 0.00224627101143
50 71 0 8 0.00223601684507
51 67 0 8 0.00223572740923
51 70 0 8 0.00221325837214
55 69 0 8 0.00220796992616
61 73 0 8 0.00220368880323
15 35 0 8 0.00220334480919
52 71 0 8 0.00219577231678
50 63 0 8 0.00216806846719
12 28 0 8 0.0021609466193
80 90 0 8 0.00214017412628
14 30 0 8 0.0020611658469
55 65 0 8 0.00200315661575
51 62 0 8 0.00199109987131
16 29 0 8 0.00198504976828
18 30 0 8 0.00197540005739
15 31 0 8 0.00197012609862
52 74 0 8 0.0018926913762
52 68 0 8 0.00189181844509
50 67 0 8 0.00187051439497
18 29 0 8 0.00182018615615
52 73 0 8 0.00179955514454
53 74 0 8 0.00178655549889
57 67 0 8 0.0017597293581
54 73 0 8 0.00171300920369
51 73 0 8 0.00169260228139
50 70 0 8 0.00166458973106
15 27 0 8 0.00166449941721
15 30 0 8 0.00165724872568
59 74 0 8 0.00164932931097
14 26 0 8 0.00161755501938
46 66 0 8 0.00159901448051
52 69 0 8 0.00158532361027
54 71 0 8 0.00158052880807
58 73 0 8 0.0015707178885
18 32 0 8 0.00154753558779
55 73 0 8 0.00154181607043
15 26 0 8 0.00154018024932
15 32 0 8 0.00152706855901
14 29 0 8 0.00151886988032
82 92 0 8 0.00147156530593
57 70 0 8 0.00145187457552
53 72 0 8 0.00143691484197
60 72 0 8 0.00143302071233
14 28 0 8 0.00142578543271
38 50 0 8 0.00139491196781
16 27 0 8 0.00138875444371
51 66 0 8 0.0013804295414
15 29 0 8 0.00133538404614
55 68 0 8 0.00131304647271
60 70 0 8 0.00128711745975
52 64 0 8 0.00127135692287
58 71 0 8 0.00125246021455
56 67 0 8 0.00119370766653
52 63 0 8 0.00118209709715
14 27 0 8 0.00117820836168
58 72 0 8 0.00117239729753
55 72 0 8 0.00116026303113
17 28 0 8 0.00114400376455
60 71 0 8 0.00114130744928
17 29 0 8 0.00114070191497
59 70 0 8 0.00113224077129
82 93 0 8 0.00112878526488
56 74 0 8 0.00109973872888
56 68 0 8 0.0010853994792
81 92 0 8 0.00106379227663
17 30 0 8 0.00105747277326
50 66 0 8 0.00103028892182
55 70 0 8 0.000977456091996
16 28 0 8 0.000960863157361
52 70 0 8 0.000944744909839
54 66 0 8 0.000923194269015
57 72 0 8 0.000887217147047
53 69 0 8 0.000874348040344
53 63 0 8 0.000859935429926
53 65 0 8 0.000809057602058
18 28 0 8 0.000713793292594
52 65 0 8 0.000712462011008
52 67 0 8 0.000661462428978
55 66 0 8 0.000645067152207
57 71 0 8 0.000643019524614
57 73 0 8 0.000539350864398
59 71 0 8 0.0005367619702
15 28 0 8 0.000524822895765
55 67 0 8 0.000516404597225
56 69 0 8 0.000507034766791
53 64 0 8 0.000488322230899
53 70 0 8 0.000479386014813
55 71 0 8 0.000476094876514
52 66 0 8 0.000456537459209
59 72 0 8 0.00044355299429
53 67 0 8 0.00043639847313
56 70 0 8 0.000345946381337
59 73 0 8 0.000314042398451
56 66 0 8 0.000262356292476
53 73 0 8 0.000258271209157
53 66 0 8 0.00019895188781
60 73 0 8 0.000197260044373
56 71 0 8 0.000145197810509
56 73 0 8 6.65446988054e-05
56 72 0 8 0.0
