7 42 0 8 1.0
33 46 0 8 0.995341694952
7 72 0 8 0.979739934834
6 73 0 8 0.978027151434
7 70 0 8 0.97741504345
32 47 0 8 0.969443782818
31 46 0 8 0.96617272303
5 44 0 8 0.962496952458
15 42 0 8 0.958035830883
8 71 0 8 0.953568724194
6 43 0 8 0.949398466132
31 48 0 8 0.947279540726
31 49 0 8 0.936224450275
9 70 0 8 0.934214037581
22 60 0 8 0.934145078663
5 72 0 8 0.931052336229
5 74 0 8 0.929116347123
7 41 0 8 0.916304560754
32 46 0 8 0.91174650636
6 41 0 8 0.909224301392
8 41 0 8 0.904864211138
22 57 0 8 0.902094664842
18 64 0 8 0.899502069733
9 40 0 8 0.894471451581
29 53 0 8 0.887148014448
6 72 0 8 0.886491863834
19 42 0 8 0.884397269216
33 45 0 8 0.881315065787
31 47 0 8 0.880854667423
14 68 0 8 0.861998631857
6 42 0 8 0.859579865267
8 70 0 8 0.85653311713
7 71 0 8 0.855430815325
5 73 0 8 0.85537727458
18 68 0 8 0.8422810652
22 64 0 8 0.838169292108
22 61 0 8 0.837988372531
33 44 0 8 0.83434012047
25 60 0 8 0.830159843849
16 42 0 8 0.829002309854
32 48 0 8 0.8251368372
5 43 0 8 0.816462390767
15 68 0 8 0.814437795957
6 44 0 8 0.814197675799
8 40 0 8 0.79992675775
26 57 0 8 0.799381591961
19 44 0 8 0.795796899205
5 61 0 8 0.795609734292
34 45 0 8 0.791075555297
22 44 0 8 0.790881299325
34 44 0 8 0.786460121878
15 70 0 8 0.777364115265
8 42 0 8 0.767962022132
7 44 0 8 0.763152592963
11 68 0 8 0.761303778339
26 46 0 8 0.755969415669
8 73 0 8 0.753672498186
9 71 0 8 0.751466203131
5 46 0 8 0.742413718703
29 49 0 8 0.739106292844
8 72 0 8 0.724458052411
25 57 0 8 0.718106220417
12 40 0 8 0.702138912975
19 35 0 8 0.695317444724
6 74 0 8 0.692053280828
33 47 0 8 0.672662488366
21 64 0 8 0.669394421135
5 22 0 8 0.666075610549
31 53 0 8 0.629606881727
7 19 0 8 0.624753930373
23 44 0 8 0.604077964862
10 40 0 8 0.592231473239
29 50 0 8 0.582683395377
5 45 0 8 0.580992730876
30 48 0 8 0.537994405677
11 70 0 8 0.518574012925
18 70 0 8 0.505483528437
58 74 0 8 0.499162044872
12 42 0 8 0.473377947481
26 49 0 8 0.470118922976
45 73 0 8 0.453969167151
14 70 0 8 0.452676610292
19 33 0 8 0.439541432618
32 45 0 8 0.433107207727
16 37 0 8 0.42400830614
23 35 0 8 0.422753091187
33 48 0 8 0.422382632167
30 49 0 8 0.410143465043
61 74 0 8 0.396203484746
23 33 0 8 0.393947975143
35 45 0 8 0.390986579932
61 72 0 8 0.390189258702
54 76 0 8 0.382733856318
42 72 0 8 0.37803180139
45 76 0 8 0.369766619632
30 47 0 8 0.367103634382
32 44 0 8 0.366439449403
21 60 0 8 0.361663263638
45 74 0 8 0.349802329676
43 73 0 8 0.345998887521
44 72 0 8 0.343054764567
6 71 0 8 0.339095123957
9 41 0 8 0.337546443266
45 77 0 8 0.333117556733
31 45 0 8 0.332306020858
34 47 0 8 0.318855778993
46 76 0 8 0.305579430703
18 42 0 8 0.30490662586
44 74 0 8 0.29592384849
35 46 0 8 0.287301088718
30 46 0 8 0.272683456937
12 37 0 8 0.263480954334
2 77 0 8 0.26147120846
46 57 0 8 0.26078105004
4 45 0 8 0.260558787639
4 77 0 8 0.254798684967
45 75 0 8 0.254654538058
15 40 0 8 0.253599222649
43 71 0 8 0.25193511709
34 46 0 8 0.249086121662
46 72 0 8 0.246736444102
16 35 0 8 0.246386819133
18 61 0 8 0.243091103279
17 68 0 8 0.242973222562
44 73 0 8 0.24140821292
4 75 0 8 0.239960482231
15 64 0 8 0.235551340067
36 73 0 8 0.233418980683
34 73 0 8 0.231310122628
42 70 0 8 0.227905519991
26 53 0 8 0.226536441503
45 72 0 8 0.226461416151
32 49 0 8 0.222022608641
43 75 0 8 0.220666947867
6 34 0 8 0.218509021638
20 35 0 8 0.217198232953
5 57 0 8 0.216611919507
44 75 0 8 0.211083674934
44 61 0 8 0.209937493138
4 71 0 8 0.209790922909
29 48 0 8 0.206934576201
31 50 0 8 0.205756403322
46 74 0 8 0.199008887005
44 76 0 8 0.197078769166
7 43 0 8 0.19481974656
35 74 0 8 0.193563197967
4 73 0 8 0.191595868334
7 73 0 8 0.190276785062
33 43 0 8 0.188830729554
47 77 0 8 0.188618697144
36 71 0 8 0.186850827929
24 35 0 8 0.181954256807
23 37 0 8 0.181690456417
6 75 0 8 0.175401012726
8 43 0 8 0.17481323553
7 18 0 8 0.17236603965
6 36 0 8 0.172339480708
33 72 0 8 0.169944979851
47 76 0 8 0.169589939004
23 57 0 8 0.168609892904
5 19 0 8 0.168014666844
7 64 0 8 0.167355458618
61 76 0 8 0.164397218602
15 37 0 8 0.164376238177
43 74 0 8 0.164107314659
6 45 0 8 0.163940756102
35 72 0 8 0.162081012139
22 46 0 8 0.159460378074
12 68 0 8 0.159394753254
43 72 0 8 0.159118527247
3 75 0 8 0.156411109034
9 68 0 8 0.155082657757
29 57 0 8 0.152629216541
23 34 0 8 0.151866391034
15 57 0 8 0.149652923601
46 75 0 8 0.148300141536
5 75 0 8 0.147054847559
44 57 0 8 0.146561205792
34 71 0 8 0.146357549289
19 37 0 8 0.141569832421
42 76 0 8 0.141465808543
43 76 0 8 0.141173806557
4 34 0 8 0.141070839833
26 61 0 8 0.140616068777
7 35 0 8 0.140386276193
4 36 0 8 0.13925021054
45 71 0 8 0.13731679113
23 46 0 8 0.137122372519
19 64 0 8 0.136729908448
46 77 0 8 0.136267054236
15 44 0 8 0.135296644495
54 74 0 8 0.13483235906
8 38 0 8 0.134768466345
43 77 0 8 0.13465844109
23 61 0 8 0.133768464445
33 49 0 8 0.132868802651
19 57 0 8 0.132420236271
30 50 0 8 0.131552036983
19 61 0 8 0.131516882572
5 76 0 8 0.130592540316
46 73 0 8 0.129864438226
10 70 0 8 0.12962240706
41 75 0 8 0.128418976351
4 76 0 8 0.12828988981
48 78 0 8 0.128241561643
7 68 0 8 0.126632867177
33 57 0 8 0.126176071267
44 64 0 8 0.125863462925
46 78 0 8 0.125819761837
16 33 0 8 0.12566335195
20 33 0 8 0.125163163965
72 84 0 8 0.124952253764
5 33 0 8 0.124938087911
18 57 0 8 0.124924922287
23 64 0 8 0.123812105874
46 64 0 8 0.122093817146
25 56 0 8 0.121724724293
7 37 0 8 0.121670419145
3 58 0 8 0.121549529607
29 46 0 8 0.121084536693
41 77 0 8 0.120909651021
22 68 0 8 0.11946884062
3 76 0 8 0.119011239646
7 61 0 8 0.118333889044
19 36 0 8 0.117826235931
34 74 0 8 0.11754811518
18 67 0 8 0.116250695417
20 37 0 8 0.115430930011
29 56 0 8 0.114701323511
4 43 0 8 0.114667478344
18 72 0 8 0.114572114991
12 39 0 8 0.112873806459
29 47 0 8 0.11232864067
9 42 0 8 0.112005119254
15 35 0 8 0.111276269025
58 76 0 8 0.111212734116
19 68 0 8 0.111056999181
9 69 0 8 0.110702039655
47 75 0 8 0.107720290178
7 22 0 8 0.107139701624
42 71 0 8 0.10702508995
47 78 0 8 0.106458366367
4 72 0 8 0.104470373454
42 73 0 8 0.103798202903
22 33 0 8 0.10308377875
15 81 0 8 0.102763965502
33 74 0 8 0.102600277522
15 74 0 8 0.102479696998
46 61 0 8 0.100740370921
62 72 0 8 0.10051981623
19 46 0 8 0.099594847813
41 73 0 8 0.0994241826219
19 80 0 8 0.0993281931087
73 83 0 8 0.0982412362895
15 72 0 8 0.0975119631998
41 71 0 8 0.097166526184
57 72 0 8 0.0969580962268
3 62 0 8 0.0967076159668
32 50 0 8 0.0958237789429
37 68 0 8 0.0953266810984
23 68 0 8 0.0940891937912
50 80 0 8 0.0937076183988
4 74 0 8 0.092673080116
5 34 0 8 0.0911892191827
6 38 0 8 0.0907320085426
9 72 0 8 0.0900828595358
36 77 0 8 0.0900101517894
26 64 0 8 0.0899020944654
15 61 0 8 0.089685581352
18 65 0 8 0.0891353818874
23 42 0 8 0.0886263626072
33 53 0 8 0.0880166779436
6 35 0 8 0.0879115643848
35 73 0 8 0.0878032061787
26 44 0 8 0.0873680900412
7 46 0 8 0.0872901697162
7 57 0 8 0.0867015467977
33 50 0 8 0.0866449565721
19 53 0 8 0.0863615825829
19 72 0 8 0.0862879559264
49 80 0 8 0.0862002203402
36 72 0 8 0.0861723521547
3 33 0 8 0.0858622972443
5 35 0 8 0.0856637719996
8 75 0 8 0.0855985700412
29 64 0 8 0.085052696773
62 74 0 8 0.0848258723496
18 60 0 8 0.084637487644
29 68 0 8 0.0845915014785
27 57 0 8 0.0844344491682
12 57 0 8 0.0835013081441
7 36 0 8 0.0831229448711
47 73 0 8 0.0829954277957
47 57 0 8 0.0825386644128
8 36 0 8 0.0824528479664
10 68 0 8 0.0823086685297
41 78 0 8 0.0817053755772
48 80 0 8 0.0811274624342
8 65 0 8 0.0810910882311
5 42 0 8 0.0808625967584
5 18 0 8 0.080659184213
22 53 0 8 0.0805608608307
22 42 0 8 0.0794464017637
44 70 0 8 0.0790795777248
57 76 0 8 0.0789953957999
46 80 0 8 0.0788216567326
12 70 0 8 0.0785676390753
22 37 0 8 0.0781593583659
33 80 0 8 0.077563619993
45 79 0 8 0.0774734448225
22 35 0 8 0.0767996560135
49 78 0 8 0.076592819918
43 78 0 8 0.0765424343687
18 53 0 8 0.0761778059558
44 68 0 8 0.0758459248972
34 72 0 8 0.075812071598
15 53 0 8 0.075327049696
23 53 0 8 0.0749488084023
3 32 0 8 0.0748999353953
26 68 0 8 0.0746130890643
47 74 0 8 0.0745624839523
46 82 0 8 0.0740528141163
35 57 0 8 0.0729570829253
42 64 0 8 0.0728447644606
4 47 0 8 0.0727736424441
3 48 0 8 0.0726299671882
26 60 0 8 0.0717315739775
12 35 0 8 0.0716279973568
61 73 0 8 0.0714924784446
9 37 0 8 0.0713588461444
2 76 0 8 0.0713572441507
3 72 0 8 0.0713566749143
54 80 0 8 0.0711575479055
8 37 0 8 0.0711446099764
30 53 0 8 0.0708403206171
36 74 0 8 0.0705697300499
16 68 0 8 0.0705240366346
45 80 0 8 0.0704363498401
33 76 0 8 0.0701665968636
45 78 0 8 0.0697899412997
48 76 0 8 0.0696950902591
15 46 0 8 0.0686364407507
49 72 0 8 0.0685265130787
46 70 0 8 0.0684733138754
38 75 0 8 0.0680138018941
36 76 0 8 0.0673917891975
14 69 0 8 0.0672887248895
48 79 0 8 0.067276311471
32 43 0 8 0.0664808361932
48 77 0 8 0.0662076515347
5 23 0 8 0.0656041471515
34 75 0 8 0.0654768415068
19 76 0 8 0.0642577161381
7 33 0 8 0.0641760795129
71 85 0 8 0.0639253674924
58 72 0 8 0.0639144544183
47 80 0 8 0.0637856524952
42 75 0 8 0.0636754930626
3 78 0 8 0.0636427904341
28 50 0 8 0.0632321555258
72 85 0 8 0.0632152817338
15 49 0 8 0.0619392042678
4 78 0 8 0.0616125276559
7 74 0 8 0.0615997889595
47 82 0 8 0.0614510027743
27 68 0 8 0.0614407117942
46 58 0 8 0.0613560053586
12 46 0 8 0.0613556190911
47 79 0 8 0.060992734981
48 81 0 8 0.0608629124984
6 77 0 8 0.0604477602931
37 70 0 8 0.060319092547
16 69 0 8 0.0601804672308
22 72 0 8 0.0601674845759
14 57 0 8 0.0599057456341
31 57 0 8 0.0598546485393
15 78 0 8 0.0597931588151
23 54 0 8 0.0596299343564
37 76 0 8 0.0594856085447
31 51 0 8 0.0594572117825
23 60 0 8 0.0592524086741
19 60 0 8 0.059143737388
29 61 0 8 0.0590766162899
18 46 0 8 0.0586448586468
20 36 0 8 0.0585581924119
12 72 0 8 0.0584620849853
4 80 0 8 0.0583143966131
11 40 0 8 0.0581994677931
4 32 0 8 0.0573048600042
33 70 0 8 0.0572180473941
51 80 0 8 0.0572023568006
46 68 0 8 0.056530844937
3 47 0 8 0.056510852543
35 75 0 8 0.0563858197777
44 77 0 8 0.0558260652744
5 77 0 8 0.0558117855738
47 81 0 8 0.0557172110195
46 81 0 8 0.0553845452279
40 77 0 8 0.0552759186675
50 82 0 8 0.0552750851429
71 84 0 8 0.05516122974
15 80 0 8 0.0551402493144
32 75 0 8 0.0549785902556
49 76 0 8 0.0549273264559
34 77 0 8 0.0547583933698
47 72 0 8 0.0538781709967
33 75 0 8 0.0537400376633
31 74 0 8 0.0533097844307
37 74 0 8 0.0531556026981
14 64 0 8 0.0529981193946
37 57 0 8 0.0528952258575
20 68 0 8 0.0528435839222
29 60 0 8 0.052832378098
19 54 0 8 0.0526426353571
7 76 0 8 0.0523963227205
12 54 0 8 0.0523826203882
15 76 0 8 0.0523339872737
23 72 0 8 0.0521053697557
18 44 0 8 0.0519805484211
28 48 0 8 0.0516881479696
61 75 0 8 0.0515841281578
41 76 0 8 0.051556304698
33 61 0 8 0.0515471115308
58 75 0 8 0.0514997957918
12 44 0 8 0.05149383914
23 36 0 8 0.0511536553625
42 68 0 8 0.0510058490771
33 64 0 8 0.0508613728243
4 33 0 8 0.0506109169602
53 82 0 8 0.0505376033837
2 45 0 8 0.0504972363942
35 76 0 8 0.0503591477866
18 35 0 8 0.0501529297192
23 49 0 8 0.0499008068058
16 57 0 8 0.0498829937738
12 64 0 8 0.0497521304019
32 72 0 8 0.0495053379804
53 76 0 8 0.0494919080684
37 72 0 8 0.0492565329017
7 34 0 8 0.0485626297195
3 37 0 8 0.0484502258693
23 70 0 8 0.0481955047985
26 48 0 8 0.0481446597941
5 37 0 8 0.0479848304237
42 61 0 8 0.0479004167383
36 75 0 8 0.0474476461418
37 78 0 8 0.0474014322818
3 80 0 8 0.047358149989
4 46 0 8 0.0472186098286
20 64 0 8 0.0469754035961
8 44 0 8 0.0469409282028
3 49 0 8 0.0469280065376
9 46 0 8 0.0464570325757
33 68 0 8 0.0463834994366
5 58 0 8 0.0462771376238
49 82 0 8 0.0459811306534
50 78 0 8 0.0458402487216
65 75 0 8 0.045721192938
32 76 0 8 0.0456987812896
46 79 0 8 0.045677312947
3 82 0 8 0.045508514038
72 82 0 8 0.0454320655956
3 22 0 8 0.0454138744281
49 79 0 8 0.0445085812596
15 54 0 8 0.0443270395882
5 79 0 8 0.0442901002148
44 71 0 8 0.044279443297
31 76 0 8 0.0442655986557
7 78 0 8 0.0440920913488
41 72 0 8 0.0440025220084
8 45 0 8 0.043916851937
51 76 0 8 0.0438967660257
49 77 0 8 0.04388484459
4 48 0 8 0.0438304418584
26 58 0 8 0.0437768563876
42 57 0 8 0.0436891126695
16 36 0 8 0.0429865326988
36 79 0 8 0.0429474952828
35 47 0 8 0.0428163432267
3 74 0 8 0.0426823653187
4 79 0 8 0.0426432994409
46 71 0 8 0.0425245282755
19 70 0 8 0.0424816973058
9 39 0 8 0.0422822328211
42 77 0 8 0.042117207136
20 57 0 8 0.0418023137165
49 81 0 8 0.0417317080787
44 60 0 8 0.04173150478
58 78 0 8 0.0415069410381
12 61 0 8 0.0412793074859
48 82 0 8 0.0412209119678
19 74 0 8 0.0411099393405
73 84 0 8 0.0403283696937
30 57 0 8 0.0402259274797
7 40 0 8 0.0401362768198
30 74 0 8 0.0400609790481
50 81 0 8 0.0399303027109
22 70 0 8 0.039618300199
27 64 0 8 0.0396021623483
3 81 0 8 0.0395606202924
4 51 0 8 0.0394422923181
57 74 0 8 0.039212605449
20 61 0 8 0.038938412429
23 76 0 8 0.0387414037926
16 27 0 8 0.038715418153
5 32 0 8 0.0384569035286
54 72 0 8 0.0383672122089
3 77 0 8 0.0382654408807
20 69 0 8 0.0382300425114
16 74 0 8 0.0381888338653
42 78 0 8 0.0381342725607
50 79 0 8 0.0379619159245
42 74 0 8 0.037946213133
4 44 0 8 0.037824729963
38 71 0 8 0.0377242353506
12 53 0 8 0.0376271073646
3 79 0 8 0.0373864423658
8 76 0 8 0.0373812745129
15 50 0 8 0.0373773874418
9 43 0 8 0.0373507878401
58 82 0 8 0.0373425013852
18 76 0 8 0.0372469347332
29 44 0 8 0.0372300690732
38 66 0 8 0.0371230282427
3 71 0 8 0.0370749033749
15 60 0 8 0.0368461801416
5 36 0 8 0.0367352197122
8 78 0 8 0.0364008462116
7 65 0 8 0.0363408608977
27 46 0 8 0.0363008313841
15 58 0 8 0.0362890237957
6 46 0 8 0.0362219311593
11 41 0 8 0.0361668900698
34 76 0 8 0.0357958618139
6 33 0 8 0.0357511279684
19 49 0 8 0.035668430124
40 76 0 8 0.0356540162463
23 58 0 8 0.0355823127954
30 51 0 8 0.035516797757
33 79 0 8 0.0355055350091
29 76 0 8 0.0353011750919
35 80 0 8 0.0351841157015
54 82 0 8 0.0351738613152
16 64 0 8 0.0350340202727
15 75 0 8 0.0349301183741
3 70 0 8 0.0349055924192
16 61 0 8 0.0347892201784
5 64 0 8 0.0347151584627
22 50 0 8 0.0345754556634
8 74 0 8 0.034564888197
14 61 0 8 0.0344817512274
5 26 0 8 0.0344541229344
30 45 0 8 0.0344161630015
37 77 0 8 0.034399366463
37 64 0 8 0.0343919501265
7 45 0 8 0.0342609810393
18 49 0 8 0.0341636538205
8 80 0 8 0.0341633326086
49 64 0 8 0.0341068399664
33 73 0 8 0.0340791140899
27 61 0 8 0.0339778835362
38 73 0 8 0.0339582001563
3 64 0 8 0.0337737594454
46 60 0 8 0.0337276777295
40 78 0 8 0.0336268395423
29 54 0 8 0.0334018122794
7 29 0 8 0.0330932821092
36 46 0 8 0.0330526020397
36 78 0 8 0.0330354598935
11 69 0 8 0.0329647526063
36 70 0 8 0.0326044178619
50 76 0 8 0.0324973018109
19 48 0 8 0.0323912673089
54 81 0 8 0.0323115152626
36 80 0 8 0.0322959263185
38 78 0 8 0.0321890216981
40 75 0 8 0.0321010360546
22 76 0 8 0.0317295808714
9 57 0 8 0.0316583267107
35 71 0 8 0.0315807133667
4 35 0 8 0.031513206001
19 79 0 8 0.0314794319883
6 76 0 8 0.0314673255508
48 72 0 8 0.0314013246285
7 80 0 8 0.0313463526605
47 83 0 8 0.0312859424524
8 39 0 8 0.0312856436033
7 38 0 8 0.0311665735889
33 54 0 8 0.0304734775024
11 39 0 8 0.030174671109
28 49 0 8 0.0300079824405
24 34 0 8 0.029986201018
29 52 0 8 0.0297632514677
51 77 0 8 0.0297531454894
3 31 0 8 0.0297396017302
23 50 0 8 0.0296476192342
44 78 0 8 0.0293561315939
12 67 0 8 0.029306776769
16 40 0 8 0.0292870100366
20 74 0 8 0.0292126738676
51 79 0 8 0.0291546991779
26 47 0 8 0.0291539734015
27 54 0 8 0.0291395046332
7 79 0 8 0.0291359855327
7 60 0 8 0.029088002974
30 61 0 8 0.0288830372266
22 58 0 8 0.0288495437661
41 74 0 8 0.0288130069241
26 72 0 8 0.0287929515075
9 48 0 8 0.0287340741716
31 52 0 8 0.0287179912116
25 64 0 8 0.0286749345803
29 70 0 8 0.0286584795837
8 46 0 8 0.0286088320086
29 45 0 8 0.0286063375336
14 72 0 8 0.0285642038784
35 68 0 8 0.0284049376454
32 53 0 8 0.028378449858
16 53 0 8 0.0283394815636
2 72 0 8 0.0283248277934
15 41 0 8 0.0283211175922
16 80 0 8 0.0283186271831
27 48 0 8 0.0283061771708
22 49 0 8 0.0282623622354
9 38 0 8 0.0281201629281
15 39 0 8 0.0280811600728
43 70 0 8 0.0280276518555
22 82 0 8 0.0280229332927
18 80 0 8 0.0280139556222
21 37 0 8 0.0280126911043
14 53 0 8 0.0280057281239
45 60 0 8 0.0279691445232
29 82 0 8 0.0279108262587
30 64 0 8 0.0278751148094
12 76 0 8 0.0277409417346
26 42 0 8 0.0275236804819
33 77 0 8 0.0275153045756
8 77 0 8 0.0275145218756
33 60 0 8 0.0275022568651
57 80 0 8 0.0274285366912
27 60 0 8 0.0274118458681
32 51 0 8 0.0273732475773
37 71 0 8 0.0273602730544
15 82 0 8 0.0273385383906
7 82 0 8 0.02732691987
45 81 0 8 0.027303806841
5 15 0 8 0.0272857518836
7 39 0 8 0.027281486677
27 53 0 8 0.0272637102388
12 80 0 8 0.027263212157
26 70 0 8 0.0272491845468
37 80 0 8 0.0272421910716
3 36 0 8 0.0272054041722
68 82 0 8 0.0271739396327
61 82 0 8 0.0271723417049
7 75 0 8 0.0271454127594
12 41 0 8 0.0270967877768
19 65 0 8 0.0270829004427
8 68 0 8 0.0270787409513
4 37 0 8 0.0270531741071
9 78 0 8 0.0270050004476
44 80 0 8 0.0269949635909
36 68 0 8 0.0269659792955
3 57 0 8 0.026950912829
29 58 0 8 0.0269275761714
35 61 0 8 0.0268933264397
35 77 0 8 0.0268435141927
7 23 0 8 0.0268299033449
54 79 0 8 0.0268090428655
35 64 0 8 0.026778037781
37 73 0 8 0.0267249646229
46 56 0 8 0.0266888608071
16 54 0 8 0.0266108774595
35 70 0 8 0.0265760361287
20 46 0 8 0.0264891726939
8 79 0 8 0.0264475045928
25 53 0 8 0.0264473358549
5 71 0 8 0.0263930530695
4 38 0 8 0.0263728736407
18 33 0 8 0.0263388861644
16 72 0 8 0.026314268725
7 32 0 8 0.0262950549651
9 44 0 8 0.0262030806011
44 82 0 8 0.0261714229278
39 68 0 8 0.0261616727222
20 44 0 8 0.0261234037753
42 53 0 8 0.0261140398373
3 46 0 8 0.0260994836505
45 57 0 8 0.0260647500679
6 78 0 8 0.0260612655283
45 82 0 8 0.0260390063538
11 42 0 8 0.0260288088911
7 47 0 8 0.0259333540534
32 74 0 8 0.0258427214608
35 78 0 8 0.025818801336
6 37 0 8 0.0257943790634
42 60 0 8 0.0257494581831
38 77 0 8 0.0257394375902
8 66 0 8 0.025724639478
18 37 0 8 0.0256419517985
3 84 0 8 0.0256383635765
8 34 0 8 0.0256254927359
31 69 0 8 0.0255577231149
53 81 0 8 0.0255194155413
32 57 0 8 0.0255138085632
33 58 0 8 0.0255102731988
5 68 0 8 0.0254968636167
11 72 0 8 0.0253841710824
48 83 0 8 0.0253705256738
41 80 0 8 0.0253553595909
3 51 0 8 0.0253244866506
20 31 0 8 0.0253107660215
9 80 0 8 0.025310682669
37 61 0 8 0.025298810025
37 53 0 8 0.0252958235672
43 80 0 8 0.025295229935
50 84 0 8 0.0252899665317
44 58 0 8 0.0252125686843
29 51 0 8 0.02520903332
4 81 0 8 0.0251962946235
33 71 0 8 0.0251953858784
30 76 0 8 0.0251629089113
3 61 0 8 0.0251576800688
7 48 0 8 0.0251226334063
18 81 0 8 0.0250745491982
57 78 0 8 0.0250694423349
11 48 0 8 0.0250569760587
54 75 0 8 0.0250367397063
71 87 0 8 0.0250357354108
16 44 0 8 0.025034603037
23 82 0 8 0.0250304842054
7 81 0 8 0.0250235761156
31 75 0 8 0.0250049478559
23 48 0 8 0.0249564997432
22 67 0 8 0.0249432670309
15 67 0 8 0.024891875153
8 35 0 8 0.0248720230352
7 53 0 8 0.0248511605228
9 76 0 8 0.0248398571152
20 53 0 8 0.0248393813962
3 85 0 8 0.0248319853896
1 77 0 8 0.0247881785861
27 70 0 8 0.0247559882703
7 77 0 8 0.0247533372552
29 78 0 8 0.0247435951816
57 82 0 8 0.0247269063915
3 68 0 8 0.0246522713735
48 75 0 8 0.0246487034813
16 70 0 8 0.0246440479411
20 72 0 8 0.0246119836705
33 78 0 8 0.0246059111384
8 47 0 8 0.0245950854827
22 56 0 8 0.0245577862705
10 71 0 8 0.024529135385
39 78 0 8 0.0245108527331
19 50 0 8 0.0244888842758
3 42 0 8 0.0244604021282
39 76 0 8 0.0242592807592
58 81 0 8 0.0242265964275
47 70 0 8 0.0241941255594
20 80 0 8 0.0241821390682
5 47 0 8 0.024152660757
14 42 0 8 0.024110500673
30 68 0 8 0.0241033242289
40 71 0 8 0.0240468681805
22 80 0 8 0.0240279837644
74 84 0 8 0.0240263675397
31 77 0 8 0.0240156496324
5 78 0 8 0.0239957426239
32 78 0 8 0.0239376825487
42 65 0 8 0.0239179219152
54 78 0 8 0.0239069763133
37 67 0 8 0.023835360281
27 37 0 8 0.0238110233938
2 48 0 8 0.0238044649778
62 75 0 8 0.0237585763957
3 29 0 8 0.0237481309086
31 61 0 8 0.0237204863516
37 79 0 8 0.0236839657735
30 69 0 8 0.0236571039165
21 35 0 8 0.0235878156542
37 75 0 8 0.0235425186713
20 34 0 8 0.0235357244288
64 74 0 8 0.0235174499089
72 83 0 8 0.0235107715466
22 48 0 8 0.0235056585844
27 47 0 8 0.023442469283
4 58 0 8 0.0233261214381
5 82 0 8 0.0233189693899
27 80 0 8 0.0232970029656
25 35 0 8 0.0232552738748
5 80 0 8 0.0232542899091
44 81 0 8 0.0232420147337
4 55 0 8 0.0232240390629
5 70 0 8 0.0232159477747
2 79 0 8 0.0231821310692
41 66 0 8 0.0231530146297
19 78 0 8 0.023088633998
11 67 0 8 0.0230813376077
3 50 0 8 0.0230594768987
16 46 0 8 0.0230590418395
15 71 0 8 0.0230196527168
60 74 0 8 0.0230165178508
48 73 0 8 0.0230050233424
20 42 0 8 0.022976203719
2 75 0 8 0.0229318419101
19 82 0 8 0.0229317280628
34 78 0 8 0.0228647553727
3 45 0 8 0.0228495892898
23 80 0 8 0.0228081021245
5 29 0 8 0.0227949507317
18 58 0 8 0.0227883618209
42 82 0 8 0.0227630999247
30 80 0 8 0.0227374598929
23 65 0 8 0.0227231131038
9 49 0 8 0.0227052106204
20 70 0 8 0.022683266559
19 58 0 8 0.0226669233766
16 76 0 8 0.0226435867191
34 48 0 8 0.0226134863138
49 70 0 8 0.0225705049031
19 47 0 8 0.0225599476017
12 79 0 8 0.0225488434268
16 50 0 8 0.0225471458827
39 77 0 8 0.0225237787303
20 60 0 8 0.0225181392244
16 48 0 8 0.0225128188975
30 52 0 8 0.0224926415017
11 80 0 8 0.0224212938236
19 34 0 8 0.0223944624615
12 47 0 8 0.0223744334737
41 79 0 8 0.0223603021812
12 78 0 8 0.0223357619954
18 78 0 8 0.0223126469334
9 36 0 8 0.0222618771496
46 83 0 8 0.0222469062334
11 71 0 8 0.0222468005181
37 54 0 8 0.0222106560426
4 82 0 8 0.0221892466567
27 49 0 8 0.02217936634
4 42 0 8 0.0221784453968
73 85 0 8 0.0220938589075
35 60 0 8 0.0220201631295
31 68 0 8 0.0220131879512
9 81 0 8 0.0219705175874
31 80 0 8 0.0219565956926
39 75 0 8 0.0219512773986
18 48 0 8 0.0219277171125
27 69 0 8 0.0219165275522
31 78 0 8 0.0218946200845
20 32 0 8 0.0218694984643
15 33 0 8 0.0218517952137
28 47 0 8 0.0218239961497
8 69 0 8 0.0218039854589
14 80 0 8 0.0216958081887
25 68 0 8 0.0216186807286
10 41 0 8 0.0216007213216
51 84 0 8 0.0215882306496
18 82 0 8 0.0215746299667
31 72 0 8 0.0215166654419
16 79 0 8 0.0214702218543
12 82 0 8 0.0214584996514
58 79 0 8 0.0214158374196
32 77 0 8 0.0214055322086
51 74 0 8 0.0214005473245
2 32 0 8 0.0213915838849
31 64 0 8 0.0213689892676
68 84 0 8 0.0213669339178
6 47 0 8 0.0213620161223
12 60 0 8 0.0213604730851
26 50 0 8 0.021352993726
4 41 0 8 0.0213461649228
24 68 0 8 0.0213453334311
12 74 0 8 0.021320673299
35 69 0 8 0.021305064025
11 78 0 8 0.0212867325814
16 49 0 8 0.0212805787298
35 53 0 8 0.021264934895
32 61 0 8 0.0212145310488
38 65 0 8 0.0211920563777
41 65 0 8 0.0211890516229
47 64 0 8 0.0211886897512
29 80 0 8 0.0211808098937
10 69 0 8 0.0211758534714
8 48 0 8 0.021148278036
19 67 0 8 0.0211415610471
48 74 0 8 0.0209952957657
9 79 0 8 0.0209652278883
9 73 0 8 0.0209503504896
2 36 0 8 0.0209073812767
29 63 0 8 0.0209047648225
19 45 0 8 0.0208981596478
15 48 0 8 0.0208782770351
49 83 0 8 0.0208569835295
37 60 0 8 0.0208529887101
22 36 0 8 0.0208311564629
22 81 0 8 0.0208231281973
30 60 0 8 0.0208177184189
8 18 0 8 0.0207917490433
10 72 0 8 0.0207862132197
47 58 0 8 0.0207726430316
47 84 0 8 0.0207668185239
3 83 0 8 0.0207461003536
40 79 0 8 0.0207303853642
12 69 0 8 0.0207078740994
5 51 0 8 0.0206805344905
38 70 0 8 0.0206474618583
68 85 0 8 0.0206120085983
12 49 0 8 0.0206112258983
29 72 0 8 0.0206080422407
64 82 0 8 0.0205869886275
22 65 0 8 0.0205586121953
42 79 0 8 0.0205202578629
26 56 0 8 0.0204769308444
4 49 0 8 0.0204283566864
7 58 0 8 0.0204229814688
9 47 0 8 0.0203898803748
51 81 0 8 0.0203851862079
26 76 0 8 0.0203630286828
3 44 0 8 0.0203109049296
15 79 0 8 0.0203071540686
3 34 0 8 0.0202713226731
14 78 0 8 0.0202701293097
7 26 0 8 0.0201949209893
49 75 0 8 0.0201508763264
10 42 0 8 0.020133602036
49 61 0 8 0.0201042314731
32 80 0 8 0.0201002854454
58 80 0 8 0.0200945869829
40 68 0 8 0.0200698780591
35 79 0 8 0.0200594650998
47 61 0 8 0.0199084527939
6 65 0 8 0.0198879419882
45 56 0 8 0.0198750670817
28 51 0 8 0.019870181814
71 86 0 8 0.0198452675585
4 70 0 8 0.0198356494971
15 36 0 8 0.0198109852991
8 67 0 8 0.0198027313719
31 54 0 8 0.0197987894102
14 60 0 8 0.0197947234362
7 49 0 8 0.01977758129
2 38 0 8 0.0197203771023
26 80 0 8 0.0197199074823
27 72 0 8 0.0197176488338
8 81 0 8 0.0196650351307
42 80 0 8 0.0196442925646
9 61 0 8 0.0196442783337
2 71 0 8 0.0196090222734
15 77 0 8 0.019593004369
49 84 0 8 0.0195929352475
15 65 0 8 0.019556935114
34 49 0 8 0.019555847466
23 47 0 8 0.0195334215866
12 71 0 8 0.0195175683541
2 78 0 8 0.0195115974713
29 65 0 8 0.0195097596511
30 78 0 8 0.019473389514
44 79 0 8 0.0194667660425
32 68 0 8 0.0194602482862
64 76 0 8 0.0194459421568
12 23 0 8 0.0194359764546
5 48 0 8 0.0194104868639
28 56 0 8 0.0194034628938
6 32 0 8 0.0193807076706
38 76 0 8 0.0193649194937
43 61 0 8 0.01934924923
11 46 0 8 0.0193231070504
11 79 0 8 0.0193226740242
30 72 0 8 0.0192794039293
4 61 0 8 0.0192682448638
39 70 0 8 0.0192660451719
53 80 0 8 0.0192624183231
31 70 0 8 0.0192446398519
6 79 0 8 0.0192319560462
23 74 0 8 0.0192091601632
29 75 0 8 0.0192070580546
14 76 0 8 0.0191964600935
30 54 0 8 0.0191832761729
45 70 0 8 0.0191664349088
22 63 0 8 0.0191558776074
13 68 0 8 0.0191326425992
27 50 0 8 0.0191248155993
28 68 0 8 0.0190999968942
14 37 0 8 0.0190612461294
12 58 0 8 0.0190040378758
3 38 0 8 0.0190036211134
37 82 0 8 0.0189413161614
61 81 0 8 0.0188944212507
29 81 0 8 0.0188691024309
12 48 0 8 0.0188524360036
34 80 0 8 0.0187634419985
33 82 0 8 0.0187421749217
3 86 0 8 0.0187022551894
50 85 0 8 0.0186998054401
38 74 0 8 0.0186933141126
17 37 0 8 0.0186626282072
14 81 0 8 0.0186573952987
19 56 0 8 0.0186485396074
58 84 0 8 0.018643751923
7 67 0 8 0.018633296271
30 82 0 8 0.018633296271
9 64 0 8 0.0186058346829
1 76 0 8 0.0185769073111
2 37 0 8 0.0185195079567
24 36 0 8 0.018452161197
18 56 0 8 0.0184510267902
14 67 0 8 0.0184325327077
30 70 0 8 0.0183849811422
6 18 0 8 0.0183837023934
11 57 0 8 0.0183684061993
30 77 0 8 0.0183635839542
19 75 0 8 0.0183417334102
5 55 0 8 0.018282107935
29 67 0 8 0.0182760536998
62 73 0 8 0.0182694708879
58 77 0 8 0.0182533899609
9 77 0 8 0.01822682492
6 80 0 8 0.0182166294903
31 82 0 8 0.0182065702707
32 82 0 8 0.0182044701952
27 58 0 8 0.0181993003093
43 57 0 8 0.0181973567738
16 78 0 8 0.0181906275868
8 82 0 8 0.0181860330363
1 37 0 8 0.0181831197659
70 84 0 8 0.018145788026
4 57 0 8 0.0181424498614
7 17 0 8 0.0181344520906
3 87 0 8 0.0181240919889
10 39 0 8 0.0181210242116
8 57 0 8 0.0181209022324
50 83 0 8 0.0181063114848
29 77 0 8 0.0180884618591
49 68 0 8 0.0180881081194
22 78 0 8 0.0180840401124
39 79 0 8 0.0179925313025
28 46 0 8 0.0179915778316
4 85 0 8 0.0179883962069
48 84 0 8 0.0179369209766
27 44 0 8 0.0178712209363
36 47 0 8 0.0178627250837
31 79 0 8 0.0178535380156
18 79 0 8 0.0178404028867
31 60 0 8 0.0178263183529
20 67 0 8 0.017816934085
16 60 0 8 0.0178095604412
6 70 0 8 0.017803819286
71 83 0 8 0.0177838573868
3 35 0 8 0.0177768354498
50 77 0 8 0.0177754957113
26 82 0 8 0.0177748939472
27 67 0 8 0.0177743755355
17 64 0 8 0.0177642227985
36 57 0 8 0.0177607240279
28 57 0 8 0.0177592907721
14 44 0 8 0.01775290516
43 82 0 8 0.0177387189769
15 43 0 8 0.0177194116995
20 39 0 8 0.0176978600045
19 71 0 8 0.0176807890129
11 81 0 8 0.0176220417881
43 64 0 8 0.017590195047
23 81 0 8 0.0175362639684
68 86 0 8 0.0175293965384
12 33 0 8 0.0174993815186
60 76 0 8 0.0174880618471
35 48 0 8 0.0174203755785
12 32 0 8 0.0174156631147
9 67 0 8 0.0173857192495
16 65 0 8 0.0173824014147
72 87 0 8 0.017361752366
61 84 0 8 0.017355968518
57 81 0 8 0.0173488530636
40 70 0 8 0.0173337784651
40 72 0 8 0.0173235789694
9 82 0 8 0.0173205010271
12 81 0 8 0.0173174251178
15 52 0 8 0.0173149123459
9 45 0 8 0.0173137474444
19 69 0 8 0.0173024440368
60 72 0 8 0.0172868144329
37 69 0 8 0.0172620201236
32 81 0 8 0.0172280489112
16 41 0 8 0.0171982453221
32 52 0 8 0.0171798508559
31 44 0 8 0.0171798447569
18 74 0 8 0.0171751282271
20 54 0 8 0.0171271151736
57 77 0 8 0.0171102393487
18 75 0 8 0.0170865489514
26 81 0 8 0.0170801755372
37 58 0 8 0.0170004438208
2 80 0 8 0.0169370593527
15 47 0 8 0.0169299235684
24 80 0 8 0.016908912648
27 56 0 8 0.016866591958
21 68 0 8 0.0168416289108
9 75 0 8 0.0168407994521
18 47 0 8 0.0168080195701
38 80 0 8 0.0167931096436
31 81 0 8 0.016778679502
2 47 0 8 0.016769459906
1 72 0 8 0.0167562658205
32 60 0 8 0.016754633332
4 84 0 8 0.0167165117766
39 57 0 8 0.0166935400402
18 50 0 8 0.0166790631399
9 50 0 8 0.016616424778
24 60 0 8 0.0166066095169
30 44 0 8 0.0166064895707
22 74 0 8 0.0165308156963
3 26 0 8 0.0165223361076
3 73 0 8 0.0165199981726
75 85 0 8 0.0165190030254
11 76 0 8 0.0164998451726
19 43 0 8 0.0164955362567
49 85 0 8 0.0164752846569
14 46 0 8 0.016443957344
36 64 0 8 0.0164029967223
41 81 0 8 0.016375726235
71 82 0 8 0.0163614688973
19 39 0 8 0.0163575015232
26 78 0 8 0.0163549125143
47 71 0 8 0.0163376087456
19 29 0 8 0.0163283982981
1 31 0 8 0.0163038672607
50 75 0 8 0.0163004518425
11 47 0 8 0.0162867566257
18 63 0 8 0.0162624034747
14 82 0 8 0.0162296652689
32 79 0 8 0.0162237350458
9 60 0 8 0.0162148722391
55 76 0 8 0.0161859062406
40 80 0 8 0.0161663702522
22 43 0 8 0.0161581031106
1 78 0 8 0.0161506816917
20 76 0 8 0.016070753792
9 53 0 8 0.0160675081283
5 81 0 8 0.0160622254116
3 88 0 8 0.0160414218559
14 79 0 8 0.0160027168332
1 80 0 8 0.0159734204743
14 50 0 8 0.0159613282678
3 19 0 8 0.0159233744338
9 35 0 8 0.015903056762
23 56 0 8 0.0158978492658
22 47 0 8 0.0158906657063
29 79 0 8 0.0158897681426
16 67 0 8 0.0158807406639
22 71 0 8 0.0158497010186
4 64 0 8 0.0158409388448
36 81 0 8 0.0158290499369
1 75 0 8 0.0158161699479
67 85 0 8 0.0157721283344
10 48 0 8 0.0157564397739
1 38 0 8 0.0157537074394
42 81 0 8 0.015750328615
4 68 0 8 0.0157490315693
2 51 0 8 0.0157230225504
32 54 0 8 0.015721441903
35 82 0 8 0.0157178882418
34 57 0 8 0.015711919392
34 81 0 8 0.0157081715805
33 52 0 8 0.0156913648771
31 71 0 8 0.0156912672938
37 81 0 8 0.0156785184324
77 87 0 8 0.0156513333305
9 19 0 8 0.0156277710114
76 86 0 8 0.0156275392509
6 82 0 8 0.0156224933772
12 22 0 8 0.0156173377222
1 36 0 8 0.0155850660869
22 75 0 8 0.0155835118683
26 54 0 8 0.0155819068251
61 78 0 8 0.0155506211885
26 65 0 8 0.0155502562673
23 71 0 8 0.0155249740412
24 57 0 8 0.0155194849763
49 74 0 8 0.0155097683151
33 56 0 8 0.0155037801519
5 60 0 8 0.0154959816139
15 56 0 8 0.0154946225621
3 43 0 8 0.0154872072421
11 61 0 8 0.0154809964668
38 79 0 8 0.0154771104122
19 81 0 8 0.0154696798448
34 70 0 8 0.0154691827795
49 73 0 8 0.0154375393371
54 83 0 8 0.0154101814313
53 78 0 8 0.0153997257793
30 58 0 8 0.0153694352898
43 65 0 8 0.0153395463152
2 49 0 8 0.0153297188561
36 82 0 8 0.0153271461111
41 70 0 8 0.0153076883927
24 37 0 8 0.0152812046713
32 70 0 8 0.0152582268359
4 65 0 8 0.0152516369086
27 42 0 8 0.0152340973135
60 75 0 8 0.0152333593392
39 80 0 8 0.0152304887616
42 63 0 8 0.0152290138295
57 79 0 8 0.0151909603792
53 64 0 8 0.0151808889617
29 83 0 8 0.0151495016757
68 87 0 8 0.0151480857003
73 86 0 8 0.0151453401514
7 31 0 8 0.0151329470627
23 78 0 8 0.01509379275
6 61 0 8 0.0150766739831
35 54 0 8 0.0150635327553
9 74 0 8 0.0150609406969
44 65 0 8 0.015041483995
43 79 0 8 0.0150227581519
9 58 0 8 0.0150161509442
41 82 0 8 0.0150074019847
70 86 0 8 0.0149857405084
53 72 0 8 0.0149848419282
48 64 0 8 0.0149696738123
48 70 0 8 0.0149693658148
29 85 0 8 0.0149516656137
72 86 0 8 0.0149163932895
5 16 0 8 0.0148519232064
68 88 0 8 0.0148067614171
8 60 0 8 0.0148029099233
6 57 0 8 0.0147944018728
39 74 0 8 0.0147570213412
20 50 0 8 0.0147561288599
44 56 0 8 0.0147496853076
11 60 0 8 0.014747681799
22 34 0 8 0.0147203055963
23 67 0 8 0.0147177979069
20 58 0 8 0.0146941481693
39 67 0 8 0.0146859115226
6 68 0 8 0.0146827603927
25 37 0 8 0.0146713614347
40 64 0 8 0.0146671206239
8 84 0 8 0.0146315687641
43 53 0 8 0.0146250306779
47 60 0 8 0.0146218643007
5 54 0 8 0.0145938019649
40 73 0 8 0.0145909008925
60 82 0 8 0.0145884633411
19 40 0 8 0.0145856191923
15 73 0 8 0.0145398159957
22 79 0 8 0.014524609253
1 48 0 8 0.014501191276
36 61 0 8 0.0144905119954
32 71 0 8 0.0144828852447
30 79 0 8 0.0144800126341
68 89 0 8 0.0144784208053
35 49 0 8 0.0144495757696
8 83 0 8 0.0143975241874
23 43 0 8 0.0143922618006
8 64 0 8 0.0143386102577
6 60 0 8 0.0143153040949
18 71 0 8 0.0143015062123
15 69 0 8 0.0142968821834
11 82 0 8 0.0142900208523
4 62 0 8 0.0142662826799
61 71 0 8 0.0142421501079
16 82 0 8 0.0142281885698
30 75 0 8 0.0142210243237
6 64 0 8 0.0142093224506
16 39 0 8 0.0142086322516
39 61 0 8 0.0141966457603
30 81 0 8 0.0141557705241
16 31 0 8 0.0141481254765
38 68 0 8 0.0141385948336
29 84 0 8 0.0141313848452
8 49 0 8 0.0141150447124
14 71 0 8 0.0141097802926
1 79 0 8 0.0141033245424
17 67 0 8 0.0141016635921
22 52 0 8 0.0140963564796
2 74 0 8 0.0140879907381
3 65 0 8 0.0140610739905
27 45 0 8 0.0140440141803
43 68 0 8 0.0140343554591
29 42 0 8 0.0140221534713
18 41 0 8 0.0140063663109
47 68 0 8 0.0140058672126
11 64 0 8 0.014004945253
16 34 0 8 0.013980507733
6 16 0 8 0.0139615216675
7 69 0 8 0.0139471809774
5 65 0 8 0.0139389209513
53 68 0 8 0.013938504189
16 81 0 8 0.0139230565374
37 49 0 8 0.0139152508839
71 88 0 8 0.0139088805192
34 79 0 8 0.0138980680779
1 71 0 8 0.0138957830005
11 53 0 8 0.0138703543994
1 32 0 8 0.0138183902357
70 87 0 8 0.0138058060463
74 85 0 8 0.0137984161386
58 68 0 8 0.0137839128095
57 75 0 8 0.0137812201182
18 40 0 8 0.0137752411035
55 74 0 8 0.0137303659654
22 45 0 8 0.0137266334013
35 81 0 8 0.0137196267116
20 41 0 8 0.0137179708437
70 85 0 8 0.0137003977043
22 84 0 8 0.0136990721968
5 53 0 8 0.0136977009471
26 52 0 8 0.0136896035599
12 43 0 8 0.0136727287515
25 61 0 8 0.0136179275544
11 77 0 8 0.0135895043634
54 77 0 8 0.013583017102
28 67 0 8 0.0135699663421
26 67 0 8 0.0135445611203
4 83 0 8 0.0135437326781
28 60 0 8 0.0135204956369
24 61 0 8 0.0134847160825
19 73 0 8 0.0134601321874
30 56 0 8 0.0134402566902
24 69 0 8 0.013422095001
11 84 0 8 0.0133905003504
39 64 0 8 0.0133760305655
60 77 0 8 0.0133526471493
16 71 0 8 0.0133443861067
11 44 0 8 0.0133365540243
49 86 0 8 0.0133117363358
18 39 0 8 0.0132927065611
6 83 0 8 0.0132919696034
20 79 0 8 0.0132875336258
22 54 0 8 0.0132851021733
19 41 0 8 0.0132657501703
40 81 0 8 0.0132294613527
50 86 0 8 0.0132131293518
12 52 0 8 0.013206999896
27 76 0 8 0.0132022975971
50 68 0 8 0.0131981198089
4 50 0 8 0.0131945590322
8 61 0 8 0.0131836551065
24 70 0 8 0.0131705423405
27 74 0 8 0.0131648265976
9 83 0 8 0.013158275297
6 81 0 8 0.0131537935772
32 73 0 8 0.0131409694954
21 57 0 8 0.0131357335374
18 54 0 8 0.0131319613301
12 77 0 8 0.0131200002512
2 70 0 8 0.0131186279849
3 54 0 8 0.0131168572533
1 70 0 8 0.0131157574073
23 79 0 8 0.013082709171
20 48 0 8 0.0130826024392
61 80 0 8 0.0130773441183
20 47 0 8 0.0130759006976
38 67 0 8 0.0130682708974
57 85 0 8 0.0130669606373
26 63 0 8 0.0130649896564
9 84 0 8 0.0130543835634
7 50 0 8 0.0130482114149
75 86 0 8 0.0130180876303
19 77 0 8 0.0130179565026
70 89 0 8 0.0129794995044
12 36 0 8 0.0129776474533
7 56 0 8 0.0129768220606
10 46 0 8 0.0129694413013
32 64 0 8 0.0129384321509
5 41 0 8 0.0129332114404
4 60 0 8 0.0129325629175
31 58 0 8 0.0129259424954
12 75 0 8 0.0129154014579
39 81 0 8 0.0128847531627
11 49 0 8 0.0128833117749
46 84 0 8 0.012878063619
37 47 0 8 0.0128639740027
14 39 0 8 0.0128593093141
29 86 0 8 0.0128458712702
39 72 0 8 0.012821225369
2 85 0 8 0.0128075962243
75 87 0 8 0.0128070036086
10 67 0 8 0.0127986297352
12 45 0 8 0.0127937841107
2 84 0 8 0.012787646523
3 63 0 8 0.0127786993473
31 56 0 8 0.0127660623003
12 73 0 8 0.0127633167514
18 43 0 8 0.0127567979786
7 63 0 8 0.012745418334
24 72 0 8 0.0127367212157
50 74 0 8 0.0127344971279
12 50 0 8 0.0127172695962
4 31 0 8 0.0127150546569
10 47 0 8 0.0127037858101
37 65 0 8 0.0127028719824
26 45 0 8 0.0126765336196
1 47 0 8 0.0126631392849
9 56 0 8 0.0126524742352
58 85 0 8 0.0126495812947
3 60 0 8 0.0126264245565
16 43 0 8 0.0125989914302
14 49 0 8 0.012595594309
5 49 0 8 0.012594566634
34 68 0 8 0.0125880519273
8 58 0 8 0.0125789431291
5 17 0 8 0.0125611057013
8 33 0 8 0.0125570864861
26 79 0 8 0.0125518332477
25 80 0 8 0.0125496579516
44 54 0 8 0.0125155271497
45 83 0 8 0.0124930911054
8 19 0 8 0.0124922291189
73 87 0 8 0.0124790462148
18 73 0 8 0.012472619943
18 77 0 8 0.012468796911
35 58 0 8 0.0124632966647
10 80 0 8 0.0124414542526
16 77 0 8 0.0124233139097
43 81 0 8 0.0124045697698
37 56 0 8 0.0123737598521
10 57 0 8 0.0123624828733
53 74 0 8 0.0123482163872
33 81 0 8 0.0123156733481
48 86 0 8 0.0122927676838
34 61 0 8 0.0122767762082
2 81 0 8 0.0122719854743
1 85 0 8 0.012253302324
20 49 0 8 0.0122308530653
1 68 0 8 0.0122269893735
36 69 0 8 0.012220823324
5 31 0 8 0.012201695966
1 87 0 8 0.012198878246
67 86 0 8 0.0121874843705
9 32 0 8 0.0121827332799
1 84 0 8 0.0121487386881
50 72 0 8 0.0121340401922
26 71 0 8 0.0121332605417
20 82 0 8 0.0121231565964
28 64 0 8 0.0121189910061
8 85 0 8 0.0120939557879
14 58 0 8 0.0120896367071
42 58 0 8 0.012066857088
7 83 0 8 0.0120550993078
20 40 0 8 0.0120507822599
40 60 0 8 0.0120162245307
16 58 0 8 0.012008686215
2 34 0 8 0.0119950397899
10 38 0 8 0.0119717610725
7 84 0 8 0.0119613633606
11 85 0 8 0.0119324522527
3 18 0 8 0.0119099369219
8 56 0 8 0.0119054562186
19 63 0 8 0.01190429335
22 73 0 8 0.0118762035689
8 32 0 8 0.0118667938887
29 59 0 8 0.01184340539
39 71 0 8 0.0118322463244
16 26 0 8 0.0118225957352
20 56 0 8 0.0118196387557
4 87 0 8 0.0118086209827
12 84 0 8 0.0117761287683
12 65 0 8 0.0117716165537
45 61 0 8 0.0117611487037
25 54 0 8 0.0117552449096
1 89 0 8 0.0117455343472
1 69 0 8 0.0117439821617
32 69 0 8 0.0117344860795
6 48 0 8 0.0117210663324
27 79 0 8 0.0116926594053
4 54 0 8 0.0116866285495
24 64 0 8 0.0116854351861
4 86 0 8 0.0116642494288
20 71 0 8 0.0116608238457
69 87 0 8 0.0116588650628
2 55 0 8 0.0116521806016
11 37 0 8 0.0116503875071
1 86 0 8 0.011648527324
30 63 0 8 0.0116297404913
42 84 0 8 0.0116184157373
60 84 0 8 0.0116061070176
11 50 0 8 0.0116024781359
39 53 0 8 0.0115853166763
36 53 0 8 0.0115848236769
15 84 0 8 0.0115607907213
23 41 0 8 0.0115481048826
30 65 0 8 0.0115355095117
1 88 0 8 0.0115321205224
11 56 0 8 0.0115311650186
27 51 0 8 0.0115288596113
18 52 0 8 0.0115074512419
25 48 0 8 0.0114936533593
45 68 0 8 0.0114867655994
17 35 0 8 0.0114760690384
20 38 0 8 0.0114705413468
8 54 0 8 0.0114694862266
22 85 0 8 0.0114614640599
10 81 0 8 0.0114491868515
51 78 0 8 0.0114461546515
12 85 0 8 0.0114420754631
8 53 0 8 0.0114331801286
11 74 0 8 0.0114056158746
76 87 0 8 0.0113988673743
30 71 0 8 0.011398452645
23 69 0 8 0.0113859111483
20 78 0 8 0.0113747215879
23 52 0 8 0.0113746433179
74 86 0 8 0.0113619676441
39 82 0 8 0.0113577685095
53 84 0 8 0.011352928984
41 83 0 8 0.0113437317509
31 83 0 8 0.0113313406952
57 73 0 8 0.0113279588214
30 83 0 8 0.0113098530393
13 70 0 8 0.0112998080507
12 63 0 8 0.0112991503794
26 37 0 8 0.0112967484053
15 63 0 8 0.0112863201985
18 36 0 8 0.0112823507915
29 55 0 8 0.0112782675371
2 87 0 8 0.011271329969
40 61 0 8 0.0112690082979
1 29 0 8 0.0112462835694
51 85 0 8 0.0112459511761
2 73 0 8 0.0112342015278
10 78 0 8 0.0112276004191
30 67 0 8 0.0112242378586
22 77 0 8 0.0112169069076
18 84 0 8 0.0112063668866
11 83 0 8 0.0112005728737
30 84 0 8 0.0111910666266
27 78 0 8 0.0111829926188
32 83 0 8 0.011175612876
14 65 0 8 0.0111628904435
53 79 0 8 0.0111560097991
1 82 0 8 0.0111438545699
10 49 0 8 0.01114266019
15 29 0 8 0.0111370074697
35 67 0 8 0.0111321760762
70 88 0 8 0.0111238255822
67 89 0 8 0.0111232858241
4 63 0 8 0.0110985189602
67 88 0 8 0.0110932901177
12 56 0 8 0.0110930217634
67 87 0 8 0.0110779126042
15 51 0 8 0.0110667992809
24 74 0 8 0.0110607968868
6 19 0 8 0.0110108728255
8 50 0 8 0.0110045837803
23 73 0 8 0.0109912229899
36 67 0 8 0.0109678771839
11 73 0 8 0.0109661542274
34 64 0 8 0.0109652922409
25 67 0 8 0.0109649191878
16 63 0 8 0.0109597625163
14 48 0 8 0.0109556111569
15 26 0 8 0.010945363886
51 83 0 8 0.0109311390761
7 54 0 8 0.0109306460768
22 83 0 8 0.0109247890413
9 33 0 8 0.0109093566371
54 84 0 8 0.0109082232469
41 64 0 8 0.0109016800783
37 84 0 8 0.0109016160392
65 76 0 8 0.0108998808848
50 87 0 8 0.0108983266663
34 53 0 8 0.0108940553606
53 75 0 8 0.0108882430508
29 74 0 8 0.0108848306822
28 53 0 8 0.0108473078415
23 45 0 8 0.0108429562329
2 86 0 8 0.010838175664
63 74 0 8 0.0108379754147
45 64 0 8 0.01083536201
3 67 0 8 0.0108165223196
12 83 0 8 0.0108159032751
33 51 0 8 0.0108011742844
24 67 0 8 0.0107849103886
40 82 0 8 0.0107714560807
11 75 0 8 0.0107666409511
74 87 0 8 0.0107618715636
37 83 0 8 0.0107452457961
2 88 0 8 0.0107420082643
39 73 0 8 0.0107388113923
60 85 0 8 0.0107369257969
54 85 0 8 0.0107360394145
33 69 0 8 0.0107305168054
7 85 0 8 0.0107295846809
3 39 0 8 0.010727844444
47 85 0 8 0.0107155774006
3 23 0 8 0.0107135271332
46 65 0 8 0.0107079536994
47 87 0 8 0.0106766670463
20 65 0 8 0.0106566299266
11 43 0 8 0.0106309217897
23 63 0 8 0.0106226546482
55 82 0 8 0.0106169561857
28 54 0 8 0.0106135590644
52 82 0 8 0.0106117802008
62 76 0 8 0.0106091993238
68 81 0 8 0.0106031522041
2 82 0 8 0.0105958629292
7 52 0 8 0.0105857101923
57 68 0 8 0.0105804772838
26 74 0 8 0.0105770964264
9 86 0 8 0.0105745074175
25 70 0 8 0.0105649269664
57 86 0 8 0.0105568793874
22 32 0 8 0.0105380661259
77 89 0 8 0.0105314487532
7 30 0 8 0.0105203384794
15 45 0 8 0.0105163273961
58 83 0 8 0.0105091621335
43 83 0 8 0.0105066452956
48 85 0 8 0.0104995928638
3 53 0 8 0.0104931472785
27 52 0 8 0.0104805468252
2 69 0 8 0.0104255748573
10 79 0 8 0.0104166215826
32 56 0 8 0.0104164589436
1 83 0 8 0.0104149758796
9 34 0 8 0.0104104575661
9 85 0 8 0.0103986499777
42 83 0 8 0.0103956747012
16 75 0 8 0.0103721245801
27 82 0 8 0.0103721194976
2 43 0 8 0.0103719527927
68 83 0 8 0.0103638005149
31 43 0 8 0.0103569767941
28 61 0 8 0.010344331615
29 62 0 8 0.0103437633952
58 86 0 8 0.0103429796787
14 84 0 8 0.0103409385598
27 65 0 8 0.0103342144553
58 73 0 8 0.0103300102383
25 50 0 8 0.0103298750446
19 31 0 8 0.0103259788251
14 56 0 8 0.0103245384538
4 40 0 8 0.0103236297086
9 52 0 8 0.0103166413159
23 75 0 8 0.010316229636
29 87 0 8 0.0103128508116
2 68 0 8 0.010291868353
2 31 0 8 0.0102847000409
3 89 0 8 0.0102796602662
8 86 0 8 0.0102762174027
9 63 0 8 0.0102661449688
2 89 0 8 0.0102633994198
25 49 0 8 0.0102540608941
10 60 0 8 0.0102475563523
47 86 0 8 0.0102468783511
14 74 0 8 0.0102384902469
55 72 0 8 0.0102374605389
55 80 0 8 0.0102146239962
33 67 0 8 0.0102068722168
3 40 0 8 0.0102001470959
1 49 0 8 0.0101982228737
2 63 0 8 0.0101975926478
37 48 0 8 0.0101947261361
48 71 0 8 0.010194666163
2 83 0 8 0.0101820850231
76 88 0 8 0.0101817627946
34 82 0 8 0.010171709674
42 85 0 8 0.0101708039783
5 20 0 8 0.0101639385813
18 69 0 8 0.0101638399814
10 43 0 8 0.0101630491495
48 68 0 8 0.0101506479289
19 52 0 8 0.0101408804429
3 55 0 8 0.0101369791409
6 40 0 8 0.0101344389237
5 40 0 8 0.0101110860023
11 45 0 8 0.0100864451835
29 69 0 8 0.0100625118443
18 85 0 8 0.0100610968854
28 52 0 8 0.0100567310458
29 71 0 8 0.0100428020355
24 48 0 8 0.0100388438099
5 67 0 8 0.0100355320741
6 67 0 8 0.0100350634706
51 75 0 8 0.0099788168198
42 67 0 8 0.00996707936947
69 89 0 8 0.0099478676425
16 47 0 8 0.00992580261831
20 81 0 8 0.0099126715554
2 64 0 8 0.00990923072493
50 70 0 8 0.00988380110728
78 88 0 8 0.00986895928583
14 40 0 8 0.00985356652491
52 84 0 8 0.00984925354303
10 77 0 8 0.00984260669209
2 50 0 8 0.00983836588125
14 75 0 8 0.00983702410984
27 71 0 8 0.00983625767375
40 83 0 8 0.0098356254148
14 52 0 8 0.00983421248885
21 61 0 8 0.00978659281831
71 89 0 8 0.00974151031551
14 85 0 8 0.00973644716144
41 84 0 8 0.00972801636443
22 40 0 8 0.00972662681783
46 63 0 8 0.00972517221564
7 59 0 8 0.00971581336008
71 81 0 8 0.00971379257102
10 73 0 8 0.00970642909217
11 63 0 8 0.00969782447478
4 15 0 8 0.00968682398223
37 63 0 8 0.00968189195581
20 75 0 8 0.00967517395033
13 72 0 8 0.00966740692357
28 78 0 8 0.0096501478806
48 87 0 8 0.00964744400791
20 43 0 8 0.00964664504403
16 32 0 8 0.00963863609182
44 63 0 8 0.00962348627284
44 83 0 8 0.00961351345521
9 65 0 8 0.00960848994438
36 60 0 8 0.00960712174414
26 75 0 8 0.00959760024961
18 86 0 8 0.00958146646494
21 70 0 8 0.00957592250944
17 60 0 8 0.0095710870499
8 31 0 8 0.00956265320342
13 46 0 8 0.00955860654283
43 84 0 8 0.00954808380222
33 65 0 8 0.00954636592822
1 67 0 8 0.00954456876773
15 85 0 8 0.00954363359372
25 82 0 8 0.00950080465699
46 85 0 8 0.00948919020237
6 58 0 8 0.00948658391306
31 84 0 8 0.00947479665455
17 61 0 8 0.00946985344671
62 84 0 8 0.00945698260613
20 73 0 8 0.00945055938376
6 39 0 8 0.00944772336693
18 83 0 8 0.00944542405865
1 30 0 8 0.00943985062484
51 88 0 8 0.00941973218568
75 89 0 8 0.00939253590235
53 83 0 8 0.00938262305783
16 30 0 8 0.00937990902021
11 86 0 8 0.00937104214749
16 56 0 8 0.0093617036218
28 76 0 8 0.00935516960164
10 50 0 8 0.00935290993661
6 53 0 8 0.00933334243692
34 60 0 8 0.00932202073243
10 44 0 8 0.0093166068881
7 86 0 8 0.00930492737789
59 76 0 8 0.00929774890086
49 60 0 8 0.00929237673277
64 80 0 8 0.00929123317759
35 50 0 8 0.00928085274607
51 86 0 8 0.00927760911534
36 83 0 8 0.00927065528337
1 41 0 8 0.00926278762376
10 61 0 8 0.00925516595556
1 33 0 8 0.00925477765505
4 88 0 8 0.00924300869342
15 83 0 8 0.00923660783391
8 63 0 8 0.00922974142038
36 48 0 8 0.00921068724991
11 65 0 8 0.00920446935923
46 86 0 8 0.00920280637588
10 76 0 8 0.00920010555267
17 70 0 8 0.00919910837256
13 40 0 8 0.00919851067438
10 84 0 8 0.00919703269285
12 34 0 8 0.00919399744329
16 73 0 8 0.00917198934273
20 77 0 8 0.00916014414408
79 89 0 8 0.0091574555188
2 40 0 8 0.00915348814471
48 58 0 8 0.00914959090867
17 57 0 8 0.00914044653323
11 52 0 8 0.00914000435856
24 50 0 8 0.00911769842541
1 51 0 8 0.0091081748979
38 72 0 8 0.00910312190875
1 46 0 8 0.00908799546912
18 45 0 8 0.00906460493742
14 73 0 8 0.00906401232171
12 86 0 8 0.00905652584716
11 54 0 8 0.00904418155021
25 58 0 8 0.00903651109033
25 47 0 8 0.00903410911621
45 58 0 8 0.00903317292571
76 89 0 8 0.00902687168256
39 60 0 8 0.00901806173348
4 67 0 8 0.00900878826337
20 52 0 8 0.00900248905321
5 63 0 8 0.00897719971166
47 88 0 8 0.00897227683369
50 73 0 8 0.008971447375
54 64 0 8 0.00897025604463
38 81 0 8 0.00895131775441
40 74 0 8 0.00894577481541
55 79 0 8 0.00894501752776
60 83 0 8 0.00894351819986
45 67 0 8 0.00894341350103
32 58 0 8 0.00894052259354
11 58 0 8 0.00891560935459
5 62 0 8 0.00889592495814
65 80 0 8 0.00888678973115
13 67 0 8 0.00888014694619
5 38 0 8 0.00886602175264
9 59 0 8 0.00886447871553
29 43 0 8 0.0088599695504
27 81 0 8 0.00885140660924
40 57 0 8 0.00884498846934
1 40 0 8 0.00884236693263
21 63 0 8 0.00883830604114
23 77 0 8 0.00883268788162
43 85 0 8 0.00881923865624
22 62 0 8 0.00880067138615
16 52 0 8 0.00879264007108
24 54 0 8 0.00878958245866
46 67 0 8 0.00878205939034
19 85 0 8 0.00877951104116
38 69 0 8 0.00877854028988
25 76 0 8 0.0087485872762
19 84 0 8 0.00873173889659
22 86 0 8 0.00872431137866
5 83 0 8 0.00871932547809
38 83 0 8 0.00871731993643
32 42 0 8 0.00869273400838
47 67 0 8 0.00868740046704
28 69 0 8 0.00868065908221
6 84 0 8 0.00867872876107
55 81 0 8 0.00867725077953
75 88 0 8 0.00867701292006
6 22 0 8 0.00864717578664
10 74 0 8 0.00863752316445
38 82 0 8 0.00863723244731
1 64 0 8 0.00863362592841
25 72 0 8 0.008633456174
23 84 0 8 0.008632049347
1 39 0 8 0.0086252886488
11 36 0 8 0.00861044377787
63 73 0 8 0.00859268766958
39 58 0 8 0.00859145466297
38 84 0 8 0.00858037488393
4 69 0 8 0.00856159719968
7 20 0 8 0.00854780338302
39 83 0 8 0.00854673199888
54 88 0 8 0.00853385404285
10 82 0 8 0.00852637468375
22 39 0 8 0.00852334248366
26 36 0 8 0.00851059057283
25 81 0 8 0.00850828109962
37 52 0 8 0.00850228073854
10 56 0 8 0.00850038091221
11 88 0 8 0.00849549767748
61 77 0 8 0.00848830293656
1 50 0 8 0.00848552587634
4 39 0 8 0.00848360063767
69 85 0 8 0.00847737969751
40 84 0 8 0.00847532333118
14 35 0 8 0.00844497185205
8 51 0 8 0.00844083777302
36 49 0 8 0.00843929473591
36 54 0 8 0.00843911684955
26 73 0 8 0.00842896817854
2 41 0 8 0.00842125502593
1 35 0 8 0.00842046216101
65 84 0 8 0.00841266463945
20 63 0 8 0.0084097208743
20 45 0 8 0.00840779258615
13 44 0 8 0.00840131548963
28 70 0 8 0.00840044333821
5 84 0 8 0.00840007231809
10 63 0 8 0.00838149589955
2 67 0 8 0.00838135663994
3 41 0 8 0.00837778976428
21 80 0 8 0.00836159803948
61 83 0 8 0.0083559422697
13 80 0 8 0.00833063056529
53 77 0 8 0.00833043031607
35 65 0 8 0.0083145455723
69 88 0 8 0.00830828092292
41 85 0 8 0.00830437758792
64 81 0 8 0.00829995279175
31 85 0 8 0.00829367289497
30 85 0 8 0.00829248969655
21 72 0 8 0.00828226987099
23 40 0 8 0.00826762524928
5 39 0 8 0.00825586441959
37 85 0 8 0.00825023202916
14 83 0 8 0.00824912710074
8 52 0 8 0.00824176057242
40 67 0 8 0.00823969505764
27 63 0 8 0.00822140986449
32 84 0 8 0.00821640973301
73 88 0 8 0.00820494266995
9 54 0 8 0.00819524989627
2 46 0 8 0.0081840806658
35 56 0 8 0.00817830749102
39 84 0 8 0.00816178642232
57 84 0 8 0.00814819742909
23 83 0 8 0.00814019762532
70 82 0 8 0.00813720557674
26 39 0 8 0.00807359036463
36 65 0 8 0.00806829951601
1 65 0 8 0.00806510670996
1 57 0 8 0.00806310675901
6 49 0 8 0.00805153703011
34 54 0 8 0.00804767486309
26 43 0 8 0.00803879020174
31 73 0 8 0.00803141452497
28 80 0 8 0.00802976170656
13 64 0 8 0.00802792439457
26 69 0 8 0.00802488457079
3 30 0 8 0.00801036040355
39 65 0 8 0.00800945928207
13 79 0 8 0.00800889258695
1 34 0 8 0.00800808650761
8 59 0 8 0.00800109506539
17 72 0 8 0.00799711041091
10 45 0 8 0.00799501694256
77 88 0 8 0.00798848343065
8 87 0 8 0.00798222640497
21 32 0 8 0.00797141752144
21 54 0 8 0.00796972150205
58 87 0 8 0.00796111586816
10 37 0 8 0.00796024727448
28 79 0 8 0.00795683744706
10 83 0 8 0.00795099820021
12 88 0 8 0.00795038068041
3 15 0 8 0.00794553810542
2 39 0 8 0.00794205254925
31 42 0 8 0.0079262648806
31 67 0 8 0.0078994853596
6 69 0 8 0.0078799275166
72 88 0 8 0.00787896286427
22 41 0 8 0.00787406489039
10 64 0 8 0.00786912727326
11 59 0 8 0.00786548009462
51 87 0 8 0.00784636595102
25 79 0 8 0.00784548210993
56 78 0 8 0.00783568667041
27 77 0 8 0.0078256249096
44 84 0 8 0.00781910156262
14 77 0 8 0.00781770998304
8 62 0 8 0.00781691000266
30 55 0 8 0.00781333194557
16 84 0 8 0.0078060269151
1 60 0 8 0.00779568815981
16 38 0 8 0.0077868441582
4 53 0 8 0.00778636132379
17 80 0 8 0.00778608534581
34 65 0 8 0.00778463430135
45 84 0 8 0.00776132763036
24 46 0 8 0.00775935004227
37 86 0 8 0.00775306963724
7 87 0 8 0.00775048012008
21 36 0 8 0.00775025547502
18 87 0 8 0.00774669164884
22 69 0 8 0.00772549216885
10 86 0 8 0.00772227699994
13 39 0 8 0.00772058250529
1 73 0 8 0.00772015710277
41 60 0 8 0.00770924758638
2 65 0 8 0.00770229731214
24 56 0 8 0.00769424719194
43 54 0 8 0.00769233567593
72 89 0 8 0.00769070776161
40 65 0 8 0.00768785853036
47 89 0 8 0.00768691674914
5 56 0 8 0.00768447309879
22 51 0 8 0.00768241978194
41 69 0 8 0.00767287897403
5 85 0 8 0.0076721272771
5 69 0 8 0.00767071536764
1 74 0 8 0.00766568829908
13 71 0 8 0.00765504052977
18 34 0 8 0.00764620618485
15 34 0 8 0.00764094227331
1 61 0 8 0.0076334715544
52 83 0 8 0.00763184516482
7 89 0 8 0.00763129219236
10 85 0 8 0.00762100985245
6 66 0 8 0.00761230968467
23 51 0 8 0.00760396783084
1 15 0 8 0.00760372793838
5 25 0 8 0.00759373428263
1 81 0 8 0.00758332030682
16 85 0 8 0.00758271905092
29 88 0 8 0.00757599697947
10 89 0 8 0.00757520614753
16 45 0 8 0.00756947109126
11 87 0 8 0.00756150534002
50 61 0 8 0.00755262474464
14 63 0 8 0.00755037829403
38 85 0 8 0.00755019989942
11 89 0 8 0.00754631841903
29 73 0 8 0.00754210861124
20 30 0 8 0.00753239245821
39 69 0 8 0.00751511105238
10 53 0 8 0.00751363764507
33 84 0 8 0.00750974091727
59 75 0 8 0.00750940394968
14 43 0 8 0.00750612321694
34 50 0 8 0.00749869773199
26 59 0 8 0.00749844614985
44 67 0 8 0.00749482285881
24 58 0 8 0.00749298402208
24 49 0 8 0.00749262265865
19 83 0 8 0.0074811611863
2 60 0 8 0.00746673561893
26 84 0 8 0.00746436261487
9 62 0 8 0.00745548405248
15 86 0 8 0.00745543322781
3 69 0 8 0.0074175200536
1 43 0 8 0.00741062721125
22 59 0 8 0.00740896575264
48 60 0 8 0.00739977055252
54 73 0 8 0.00738467206646
73 89 0 8 0.00738406420335
38 57 0 8 0.00738403523329
26 77 0 8 0.0073745716789
30 42 0 8 0.00737422962884
24 82 0 8 0.00737395365085
57 88 0 8 0.00736976264819
1 45 0 8 0.00736808035147
12 87 0 8 0.00735383368695
45 55 0 8 0.00735371069124
14 36 0 8 0.00734459223638
2 33 0 8 0.00734429135431
62 88 0 8 0.00733107948017
27 40 0 8 0.00733013566596
32 85 0 8 0.0073247507917
41 61 0 8 0.00732265935634
21 33 0 8 0.007320644158
46 59 0 8 0.00730826987449
2 57 0 8 0.0073013114683
52 80 0 8 0.0072976419268
60 80 0 8 0.00729267991383
54 87 0 8 0.00727805511374
19 30 0 8 0.00727471237489
54 86 0 8 0.00726510346193
57 83 0 8 0.00725432863093
32 67 0 8 0.00725358760718
37 50 0 8 0.00724397971071
61 79 0 8 0.00724103848679
5 30 0 8 0.00723921947169
4 89 0 8 0.0072349552815
9 51 0 8 0.00722588815956
46 87 0 8 0.00722235482819
24 79 0 8 0.00721295429639
53 85 0 8 0.00721166182492
25 78 0 8 0.00720304907558
17 40 0 8 0.00720164174034
10 75 0 8 0.00719305440333
20 84 0 8 0.00719016807007
25 46 0 8 0.00718785046491
51 72 0 8 0.00718114719859
13 57 0 8 0.00717601238172
64 75 0 8 0.0071742975572
7 62 0 8 0.00717261221099
49 89 0 8 0.00716943261936
9 89 0 8 0.00716921661449
26 40 0 8 0.00716885931703
33 63 0 8 0.00716209861882
6 85 0 8 0.00713424618894
43 60 0 8 0.00712905495668
39 49 0 8 0.00712675259893
19 38 0 8 0.00712030447247
8 89 0 8 0.00711813476712
4 66 0 8 0.00711620190475
43 58 0 8 0.00711337656109
9 29 0 8 0.00709163274884
64 78 0 8 0.00709121242878
9 87 0 8 0.00707544509
31 65 0 8 0.00707421462463
28 77 0 8 0.007070643683
11 38 0 8 0.00705895451611
65 82 0 8 0.00705137249116
14 86 0 8 0.00704668798091
17 78 0 8 0.00704407355966
49 87 0 8 0.00704358310155
23 85 0 8 0.00703934483194
12 25 0 8 0.00703665620666
60 81 0 8 0.00703129979421
27 75 0 8 0.00701974887043
14 45 0 8 0.00701323975437
78 89 0 8 0.007008651811
34 67 0 8 0.00700720076654
21 76 0 8 0.00698999458123
13 82 0 8 0.00698179605298
27 43 0 8 0.006979256344
33 83 0 8 0.00697307657182
29 66 0 8 0.0069670909499
16 83 0 8 0.00696532428422
49 71 0 8 0.00696022250339
6 56 0 8 0.00695555730651
21 78 0 8 0.00695333982597
43 87 0 8 0.0069488443835
44 59 0 8 0.00694857958695
55 83 0 8 0.00693537076229
18 62 0 8 0.00692029311435
38 86 0 8 0.00690299239514
48 89 0 8 0.00689299518166
26 83 0 8 0.00689054797358
13 65 0 8 0.00687252605225
40 85 0 8 0.00686933426269
10 52 0 8 0.00686811751998
3 56 0 8 0.00683408328493
6 17 0 8 0.00682888697021
10 59 0 8 0.00682015325814
62 77 0 8 0.00681356078961
40 69 0 8 0.00680481183014
57 87 0 8 0.00679235775189
68 80 0 8 0.0067868453077
26 41 0 8 0.00678387308073
43 66 0 8 0.00678337550717
41 86 0 8 0.00677543516827
24 53 0 8 0.00677402325881
40 63 0 8 0.00676791209994
4 56 0 8 0.00675319073297
2 22 0 8 0.00674465930311
60 78 0 8 0.00674397418649
2 62 0 8 0.00674006526078
20 85 0 8 0.00672904291361
30 73 0 8 0.00672547502146
23 59 0 8 0.00672529815159
51 82 0 8 0.00672396603688
9 31 0 8 0.00672361280539
48 61 0 8 0.00671238665128
61 85 0 8 0.00671069469787
17 56 0 8 0.00671058491657
17 42 0 8 0.00670141055457
27 39 0 8 0.00670055466705
39 86 0 8 0.00670029241173
13 81 0 8 0.00668452812244
23 39 0 8 0.00667441604519
10 88 0 8 0.00666671864824
13 78 0 8 0.00666020140022
31 63 0 8 0.0066561999736
14 41 0 8 0.00664993278298
7 88 0 8 0.00664733310088
12 59 0 8 0.00664378299737
9 22 0 8 0.0066251572789
24 76 0 8 0.00662311158575
27 62 0 8 0.0066186293577
39 85 0 8 0.00661718644519
15 62 0 8 0.00661422489141
12 89 0 8 0.00660709164834
5 50 0 8 0.00660259010692
22 87 0 8 0.00660103538012
30 59 0 8 0.00659591326943
60 79 0 8 0.00659429806127
17 39 0 8 0.00659269352629
58 88 0 8 0.00658782198124
23 62 0 8 0.00658537274018
7 25 0 8 0.00657836350931
39 63 0 8 0.00657417047367
20 62 0 8 0.00656903819803
40 86 0 8 0.00656857620174
13 61 0 8 0.00656313592858
20 51 0 8 0.0065612518579
37 59 0 8 0.00655314278108
28 58 0 8 0.00654988390295
4 18 0 8 0.00654769844194
1 63 0 8 0.00654500727543
1 58 0 8 0.00654385812954
16 51 0 8 0.00653930982941
19 86 0 8 0.00653455365637
33 85 0 8 0.00653308279029
48 88 0 8 0.00652207772352
6 86 0 8 0.00651975554414
17 79 0 8 0.00651483876513
74 89 0 8 0.00651137201408
45 87 0 8 0.00651051256883
35 63 0 8 0.00650729689168
43 86 0 8 0.00650336661959
21 71 0 8 0.00650263728552
42 87 0 8 0.00650146323553
42 62 0 8 0.00649480317019
45 85 0 8 0.00649279559554
14 47 0 8 0.00648858070528
34 83 0 8 0.00648664885941
20 83 0 8 0.00648405273503
26 62 0 8 0.00648213867779
28 82 0 8 0.0064754455764
21 79 0 8 0.00646761044458
51 89 0 8 0.0064631637938
27 41 0 8 0.00644336199236
36 56 0 8 0.00643572304378
13 41 0 8 0.00643100346451
1 62 0 8 0.00642694155652
24 42 0 8 0.00641607168338
42 86 0 8 0.006403092078
8 88 0 8 0.00639855089333
2 42 0 8 0.00639505720521
28 81 0 8 0.00638482823121
38 64 0 8 0.00638118308556
70 81 0 8 0.00636860245387
25 42 0 8 0.00635517101714
32 65 0 8 0.00634628279806
36 84 0 8 0.00634248517838
44 85 0 8 0.00633037619968
21 40 0 8 0.00632624872786
56 80 0 8 0.00631525484251
24 71 0 8 0.00631490364401
67 84 0 8 0.00631322236378
1 42 0 8 0.00630400988328
41 87 0 8 0.00630096294404
15 30 0 8 0.00629555214919
5 21 0 8 0.00628697904309
25 63 0 8 0.00628544566266
62 82 0 8 0.00627610357924
21 53 0 8 0.00626501465175
25 74 0 8 0.00625634802825
2 35 0 8 0.00625083965003
53 86 0 8 0.00624278139788
42 69 0 8 0.00624144064297
18 66 0 8 0.00622816777922
12 62 0 8 0.00620628978983
13 53 0 8 0.00619019615664
18 38 0 8 0.00618660742637
31 87 0 8 0.0061727048449
21 58 0 8 0.00617097680597
6 54 0 8 0.00616521125489
6 50 0 8 0.00616213585384
13 84 0 8 0.00616027567075
6 87 0 8 0.00616021112341
26 85 0 8 0.00615780000085
34 58 0 8 0.00615685313717
5 86 0 8 0.00615250203678
31 55 0 8 0.00614933820079
13 85 0 8 0.00614821192601
12 31 0 8 0.00614504046632
56 86 0 8 0.00614476855431
18 88 0 8 0.00614369564543
48 67 0 8 0.00613354595793
30 87 0 8 0.00611774710785
10 58 0 8 0.00611621220268
12 38 0 8 0.00609757479454
56 79 0 8 0.00609651255884
8 22 0 8 0.00608915822844
12 30 0 8 0.00608563099602
14 88 0 8 0.00608280209464
56 88 0 8 0.00607479466717
59 78 0 8 0.00607404144549
41 63 0 8 0.00606812951935
38 58 0 8 0.00606784896715
55 84 0 8 0.00606390751364
2 61 0 8 0.00606335809891
28 65 0 8 0.00606261199269
30 86 0 8 0.00606230145393
11 51 0 8 0.00605927433631
12 27 0 8 0.00605906646339
17 76 0 8 0.00605620706721
56 87 0 8 0.00604794958234
60 86 0 8 0.0060404371872
17 41 0 8 0.00603850584956
38 61 0 8 0.00603830153437
9 88 0 8 0.0060350726428
66 88 0 8 0.0060221199745
13 37 0 8 0.00602120817984
2 30 0 8 0.00601760471042
64 79 0 8 0.00600066789588
5 59 0 8 0.0059906076598
37 87 0 8 0.00597449623798
54 89 0 8 0.00597058273804
25 69 0 8 0.00596931567891
6 31 0 8 0.00596353538868
32 63 0 8 0.00596325890245
14 54 0 8 0.00594379762633
14 51 0 8 0.00594350385971
50 89 0 8 0.00593740744
21 82 0 8 0.0059360168769
47 63 0 8 0.00592899036565
56 81 0 8 0.00591777488473
39 56 0 8 0.00591542678476
4 30 0 8 0.00591467508783
17 65 0 8 0.00590728365541
15 38 0 8 0.0059017427494
12 28 0 8 0.00589477824425
2 58 0 8 0.00588780357416
5 87 0 8 0.0058781163912
15 87 0 8 0.00587442956931
26 51 0 8 0.00587130690131
24 81 0 8 0.00586662086632
7 21 0 8 0.0058622357134
28 83 0 8 0.00586109266647
24 78 0 8 0.00585266949316
13 42 0 8 0.00583533675441
10 36 0 8 0.00582997068527
30 62 0 8 0.00582888557847
27 73 0 8 0.00582565821164
50 88 0 8 0.0058246813614
25 65 0 8 0.00582052949374
19 62 0 8 0.00581041589175
21 44 0 8 0.00580387475614
10 54 0 8 0.0058004461236
29 89 0 8 0.00578554026306
50 64 0 8 0.00576048725625
14 33 0 8 0.0057590809375
55 88 0 8 0.00575545612172
58 89 0 8 0.00575493821828
21 42 0 8 0.00575402489888
25 40 0 8 0.00575112941717
17 82 0 8 0.0057357046367
35 52 0 8 0.00573309275668
64 88 0 8 0.00573068519185
2 56 0 8 0.00572747815489
49 88 0 8 0.00572422944169
16 59 0 8 0.00572334000989
24 73 0 8 0.00572303099587
74 88 0 8 0.00571535240404
64 84 0 8 0.00570873858914
1 22 0 8 0.0057026874034
10 65 0 8 0.00569684154933
3 21 0 8 0.00568859372115
67 82 0 8 0.00568701612326
27 83 0 8 0.00568091563757
15 88 0 8 0.00567973243915
16 86 0 8 0.00567650913829
36 58 0 8 0.00567575998259
31 86 0 8 0.00565646236192
52 85 0 8 0.00564270513902
8 29 0 8 0.00563915147778
11 29 0 8 0.00563911234278
28 84 0 8 0.00563586871205
27 85 0 8 0.00563529998395
38 53 0 8 0.00562587251507
39 87 0 8 0.0056067151705
13 45 0 8 0.00560606512292
37 62 0 8 0.00560514011384
27 55 0 8 0.0055940593183
40 87 0 8 0.0055882825858
19 51 0 8 0.00558221767738
40 50 0 8 0.00555482368607
65 81 0 8 0.00554823579176
62 87 0 8 0.00554278332067
27 84 0 8 0.00554231471717
16 88 0 8 0.00553828076276
17 34 0 8 0.00552899255349
28 85 0 8 0.00552827084311
21 81 0 8 0.00552408339818
46 88 0 8 0.00552246971476
50 60 0 8 0.0055174665338
13 60 0 8 0.00550254796709
3 25 0 8 0.0055009454651
12 51 0 8 0.00549233525699
61 86 0 8 0.00548437204699
18 59 0 8 0.00548234312598
64 85 0 8 0.00548054545724
38 63 0 8 0.00547392249391
2 59 0 8 0.00547022296585
13 69 0 8 0.00546240765565
1 44 0 8 0.00546102369976
44 87 0 8 0.00545907965596
13 63 0 8 0.00545715797502
13 76 0 8 0.0054536470065
36 85 0 8 0.00545191591809
9 66 0 8 0.0054509299194
19 87 0 8 0.00544634502551
10 87 0 8 0.00544305311135
45 86 0 8 0.00543524745783
1 59 0 8 0.00543243024612
17 44 0 8 0.00542743062289
5 52 0 8 0.00542517959806
38 87 0 8 0.00542400808931
37 66 0 8 0.00541021732213
60 88 0 8 0.00540631754485
23 86 0 8 0.00540629873972
7 66 0 8 0.00539887528776
31 59 0 8 0.00539717113642
53 73 0 8 0.00539588323917
62 78 0 8 0.00539264774039
17 71 0 8 0.00539179642709
33 87 0 8 0.0053894132581
28 86 0 8 0.00538687812334
20 86 0 8 0.00538265408464
30 43 0 8 0.00537974894625
14 87 0 8 0.00536603187484
25 36 0 8 0.0053580747638
21 67 0 8 0.00534900001816
44 86 0 8 0.00534463773635
28 88 0 8 0.00533175368136
32 87 0 8 0.00531670347874
35 83 0 8 0.00531632229368
28 87 0 8 0.00531332567087
5 27 0 8 0.00530541531853
52 76 0 8 0.00530214576722
9 26 0 8 0.00529475077707
25 84 0 8 0.00529023348
64 87 0 8 0.00528773392251
2 66 0 8 0.0052845035062
2 44 0 8 0.00528015393055
38 60 0 8 0.0052781168776
60 87 0 8 0.00526295028647
3 66 0 8 0.00526217368545
3 52 0 8 0.00525401886642
62 89 0 8 0.00524152971915
28 62 0 8 0.00523591715034
21 69 0 8 0.00523514207406
25 71 0 8 0.00523470040764
10 51 0 8 0.00522986952232
15 55 0 8 0.00522678497283
46 69 0 8 0.00520979479238
15 59 0 8 0.00520922657252
17 69 0 8 0.00520572475245
4 22 0 8 0.00520498779467
1 66 0 8 0.00519977216657
12 55 0 8 0.00518457050642
7 51 0 8 0.00518180767711
20 87 0 8 0.00518114136563
27 87 0 8 0.00517666422005
16 62 0 8 0.00516384725363
6 89 0 8 0.00516306353715
11 35 0 8 0.00516106358621
65 88 0 8 0.00515256163465
36 50 0 8 0.00514509142399
3 59 0 8 0.00514344673753
17 48 0 8 0.0051410381562
69 84 0 8 0.00514027629433
18 51 0 8 0.00513484262838
6 52 0 8 0.00513147091947
18 55 0 8 0.00513024553657
65 87 0 8 0.00512908266801
2 54 0 8 0.00512690737194
24 65 0 8 0.00512607181429
12 66 0 8 0.00512598947832
6 23 0 8 0.00512554679541
29 39 0 8 0.00512131716599
69 86 0 8 0.0051196135229
53 89 0 8 0.00511324417469
11 62 0 8 0.00510437781022
17 50 0 8 0.00509784683955
28 63 0 8 0.00509341391144
20 88 0 8 0.00509120608757
15 31 0 8 0.00508810171645
22 88 0 8 0.00508265585258
21 84 0 8 0.00508030724437
40 53 0 8 0.00507343625662
17 81 0 8 0.00507262204534
21 65 0 8 0.00505850193426
16 87 0 8 0.00505637746287
28 55 0 8 0.00505335339473
25 73 0 8 0.00504591418712
13 52 0 8 0.00502914763525
65 78 0 8 0.00502481889772
62 85 0 8 0.0050205740209
17 36 0 8 0.00501988483832
21 85 0 8 0.00499893389099
24 51 0 8 0.00499518760423
25 51 0 8 0.00498882842095
45 62 0 8 0.00498067563491
9 55 0 8 0.00497385038937
56 82 0 8 0.00497231243472
23 55 0 8 0.00496918824198
64 86 0 8 0.00496254545702
37 55 0 8 0.004953296891
13 48 0 8 0.00494354973492
24 40 0 8 0.00493861567551
17 43 0 8 0.00492777782192
13 88 0 8 0.00492522083254
37 89 0 8 0.00491349913786
60 73 0 8 0.00491270423995
36 86 0 8 0.00491202064808
70 83 0 8 0.00490693106517
37 88 0 8 0.00490665356245
2 25 0 8 0.00490172204428
4 59 0 8 0.00488926135883
45 65 0 8 0.004878225289
40 58 0 8 0.00486985853108
57 70 0 8 0.00486027503046
67 81 0 8 0.00485434124971
34 84 0 8 0.00484180331075
31 62 0 8 0.00484036446421
47 65 0 8 0.00483359258458
25 52 0 8 0.00483235398726
24 83 0 8 0.00483109810956
40 56 0 8 0.00482944122517
3 14 0 8 0.00482285180612
53 88 0 8 0.00482003866038
64 83 0 8 0.00481267416504
43 69 0 8 0.00481111283104
7 27 0 8 0.00480886739692
35 59 0 8 0.00480291023682
38 54 0 8 0.00480173669509
56 89 0 8 0.00480160607567
38 56 0 8 0.00479421972573
62 81 0 8 0.00479142741811
65 85 0 8 0.0047905227389
24 47 0 8 0.00478681457065
21 77 0 8 0.00478523900574
56 85 0 8 0.00477635180315
9 30 0 8 0.00477226041685
5 24 0 8 0.00477047037182
41 68 0 8 0.00476803332867
52 89 0 8 0.00476114455229
25 75 0 8 0.00474312415569
8 55 0 8 0.00473960048101
33 59 0 8 0.00473547453393
17 83 0 8 0.00472684094647
17 53 0 8 0.00472506869007
23 87 0 8 0.00471228831741
23 88 0 8 0.00469845739874
33 62 0 8 0.00469749274642
61 87 0 8 0.00469043624861
14 38 0 8 0.00468953563537
28 72 0 8 0.00468467832123
25 83 0 8 0.00468227736361
34 87 0 8 0.00467320922518
55 89 0 8 0.00466869853531
19 88 0 8 0.00466788178279
36 52 0 8 0.004665585524
6 26 0 8 0.00466101486102
21 74 0 8 0.00465741240809
26 86 0 8 0.00465696921693
1 20 0 8 0.00465440765333
43 88 0 8 0.00465431362768
2 28 0 8 0.00464731761124
32 86 0 8 0.00464710160637
24 41 0 8 0.00464223768502
55 77 0 8 0.00463987179642
2 21 0 8 0.00463397613418
37 51 0 8 0.00463238481362
24 44 0 8 0.00463113554312
21 50 0 8 0.00463040061832
53 87 0 8 0.00462481142887
21 38 0 8 0.00461827740871
24 39 0 8 0.00461621189394
5 89 0 8 0.00460924891353
14 29 0 8 0.00460839251776
1 21 0 8 0.00460093043905
13 86 0 8 0.0045955674194
63 88 0 8 0.00459381905059
42 56 0 8 0.00457664031061
38 88 0 8 0.00457262211184
27 88 0 8 0.00457192937152
21 46 0 8 0.00456742427237
13 74 0 8 0.0045652576165
62 86 0 8 0.00456279312803
12 26 0 8 0.00455900719803
21 52 0 8 0.00455119341257
40 62 0 8 0.00454374353178
39 89 0 8 0.00454108590955
62 80 0 8 0.00453162133866
6 88 0 8 0.00452931491493
19 66 0 8 0.00452734139282
25 77 0 8 0.00452104624863
21 86 0 8 0.00451895684626
58 70 0 8 0.00451519836158
1 56 0 8 0.00451446851925
33 86 0 8 0.00450666591522
38 89 0 8 0.00450655206795
39 62 0 8 0.00450128764816
17 58 0 8 0.00450101370317
63 89 0 8 0.00449496658339
6 51 0 8 0.0044886180733
1 19 0 8 0.00448731696163
11 55 0 8 0.004482341226
69 83 0 8 0.00448205254185
61 88 0 8 0.00447806585438
7 55 0 8 0.00447505601715
34 69 0 8 0.0044720111109
17 62 0 8 0.00446951307815
2 52 0 8 0.00446719242351
34 85 0 8 0.00446480010608
21 39 0 8 0.00446386289908
39 54 0 8 0.00446048204173
6 21 0 8 0.00443741373846
22 66 0 8 0.00443210510121
60 89 0 8 0.00443019866767
52 87 0 8 0.00443003450397
28 44 0 8 0.00442859819867
36 87 0 8 0.00442125504969
27 86 0 8 0.00441123089914
28 75 0 8 0.00440961467449
47 59 0 8 0.0044057799528
16 66 0 8 0.0044025312396
17 49 0 8 0.00439810593519
27 59 0 8 0.0043964958095
34 51 0 8 0.00439553369841
44 62 0 8 0.00439218791009
25 85 0 8 0.00439053763291
42 54 0 8 0.00438973968552
15 27 0 8 0.00438886804235
34 63 0 8 0.0043870408953
11 66 0 8 0.00438518833591
21 75 0 8 0.00438218968012
4 29 0 8 0.00436410321144
4 52 0 8 0.00436284174302
6 63 0 8 0.00435725153707
46 62 0 8 0.00435573696177
52 86 0 8 0.00435491868451
28 71 0 8 0.00435045170387
26 87 0 8 0.00434872773091
43 89 0 8 0.00434747744391
6 29 0 8 0.00433878896581
17 84 0 8 0.00433319825161
13 50 0 8 0.00432060084778
42 89 0 8 0.00431747462205
13 83 0 8 0.00431074136917
28 89 0 8 0.0043056858388
17 54 0 8 0.00430084326381
34 86 0 8 0.00429798183463
14 59 0 8 0.00428895333945
10 62 0 8 0.0042877360885
19 59 0 8 0.00428759632064
19 55 0 8 0.00428751195168
1 23 0 8 0.00428159697606
53 70 0 8 0.00428090016978
2 17 0 8 0.00427508989298
14 89 0 8 0.0042748378026
4 26 0 8 0.00426335498389
35 62 0 8 0.00426116444041
42 59 0 8 0.00425069354097
9 23 0 8 0.004248580251
13 54 0 8 0.00424712971479
18 29 0 8 0.00424699807888
2 20 0 8 0.00424455798626
16 55 0 8 0.00424395977984
17 74 0 8 0.00424045795977
55 87 0 8 0.00423834924402
18 89 0 8 0.00423081346953
49 63 0 8 0.00421950243822
59 85 0 8 0.004215866441
2 18 0 8 0.00421345887617
21 83 0 8 0.00421141013354
26 55 0 8 0.00421075805297
13 77 0 8 0.00420391857652
32 88 0 8 0.0042031094477
4 19 0 8 0.00419937535886
2 29 0 8 0.00419859265887
52 88 0 8 0.00419641787105
5 88 0 8 0.0041873853099
42 88 0 8 0.00418622498258
39 52 0 8 0.0041735335531
59 89 0 8 0.00417020656991
21 88 0 8 0.00416884650162
55 75 0 8 0.0041571451368
17 88 0 8 0.00415528952794
35 84 0 8 0.00415451241866
17 75 0 8 0.00415020248626
13 43 0 8 0.0041400543235
63 82 0 8 0.00413972091364
65 83 0 8 0.00413120422293
31 88 0 8 0.00413023702937
38 62 0 8 0.00412763023182
21 34 0 8 0.00412589812691
39 88 0 8 0.0041205442557
41 88 0 8 0.00411694739348
25 39 0 8 0.00411627955726
68 78 0 8 0.00411263187037
62 79 0 8 0.00411150356259
12 29 0 8 0.00411148882344
14 62 0 8 0.00409182119914
45 88 0 8 0.00408929978704
6 62 0 8 0.00408561957235
52 81 0 8 0.00408332687129
48 63 0 8 0.00408119528444
21 41 0 8 0.00407800908559
1 26 0 8 0.00407623428796
59 80 0 8 0.00406894907911
4 20 0 8 0.00405259624008
41 89 0 8 0.00404616691876
13 87 0 8 0.00404469147846
24 84 0 8 0.00404023161327
8 21 0 8 0.0039967922722
66 89 0 8 0.00399567463761
59 83 0 8 0.00399433947341
49 67 0 8 0.00399428204153
65 79 0 8 0.00399225464526
19 32 0 8 0.00398782781611
29 41 0 8 0.00398401545728
38 52 0 8 0.00398204955887
33 88 0 8 0.00397782297893
21 48 0 8 0.00397341902089
59 74 0 8 0.00395718689046
39 66 0 8 0.00395499329751
35 85 0 8 0.00395435189012
1 28 0 8 0.00395052987459
50 71 0 8 0.00394567764292
22 55 0 8 0.00394375011714
40 88 0 8 0.00393840564849
46 89 0 8 0.00393720618617
24 85 0 8 0.00393262485001
40 89 0 8 0.0039295967159
31 89 0 8 0.00392683388659
9 20 0 8 0.00392459760091
59 86 0 8 0.00392285177334
38 59 0 8 0.00391797107985
67 83 0 8 0.0039171245949
70 80 0 8 0.00391542832138
24 52 0 8 0.00391413737465
3 20 0 8 0.00391357627024
15 32 0 8 0.00391234428013
65 89 0 8 0.00391231226059
65 86 0 8 0.00391121673473
13 49 0 8 0.00391069603594
64 89 0 8 0.00391036770854
56 76 0 8 0.00390965667135
17 85 0 8 0.00390869405201
24 88 0 8 0.00390618483783
66 87 0 8 0.00390382936829
25 44 0 8 0.00390258187665
44 69 0 8 0.00390055397214
36 63 0 8 0.00389767246722
34 52 0 8 0.00389284818911
25 59 0 8 0.0038912812644
44 88 0 8 0.00387910850073
34 56 0 8 0.00386967467876
21 49 0 8 0.00386586104931
23 66 0 8 0.0038595971623
23 38 0 8 0.00385816746421
59 77 0 8 0.00385337444328
22 89 0 8 0.00384979689444
17 77 0 8 0.0038392238374
1 52 0 8 0.00383782641297
4 17 0 8 0.00383213125407
13 75 0 8 0.00383144740807
11 33 0 8 0.00382140521476
32 59 0 8 0.00381011044734
7 24 0 8 0.00380805636812
20 89 0 8 0.00380791202604
10 55 0 8 0.0038042562072
56 84 0 8 0.0038021523198
8 30 0 8 0.00379871631768
25 88 0 8 0.00379601905221
20 59 0 8 0.0037888365092
17 38 0 8 0.00378733768955
24 75 0 8 0.00377966773792
5 66 0 8 0.00377167733672
35 86 0 8 0.00377110022254
17 33 0 8 0.003764546889
59 84 0 8 0.00375321273246
1 24 0 8 0.00375226815589
17 73 0 8 0.00374919682081
57 89 0 8 0.00374034697435
13 73 0 8 0.00373388156751
1 18 0 8 0.00372406960997
13 36 0 8 0.0037088829431
13 47 0 8 0.00370845220398
63 87 0 8 0.0037003456684
56 77 0 8 0.00369913172105
40 54 0 8 0.00368968087282
16 89 0 8 0.00368397427837
26 88 0 8 0.00368312753929
41 67 0 8 0.0036810607539
35 87 0 8 0.00367767430584
24 43 0 8 0.00367180558067
25 86 0 8 0.00366840973004
48 59 0 8 0.00365961884021
13 58 0 8 0.00365880361243
39 59 0 8 0.00365728776652
47 69 0 8 0.00365392342719
21 87 0 8 0.00364949812278
3 27 0 8 0.00364636960994
45 69 0 8 0.00364489798149
30 88 0 8 0.00364377196082
2 53 0 8 0.00364263704584
13 35 0 8 0.0036402391377
52 78 0 8 0.00364013037289
1 25 0 8 0.00363779574147
32 55 0 8 0.00363139437371
43 67 0 8 0.00361606946373
61 89 0 8 0.00360924040634
55 86 0 8 0.00360635127771
24 62 0 8 0.00360578458259
41 57 0 8 0.00360224108629
21 56 0 8 0.00359809785882
17 86 0 8 0.00359386289281
29 40 0 8 0.00359007264271
15 66 0 8 0.00358424559378
17 87 0 8 0.0035831683648
17 32 0 8 0.00358028940111
25 62 0 8 0.00357928154782
25 87 0 8 0.0035788790164
41 59 0 8 0.00357708592188
36 89 0 8 0.00357488063925
69 81 0 8 0.00357277217763
20 55 0 8 0.00357120271168
27 89 0 8 0.00356947924697
59 88 0 8 0.00356005787705
38 51 0 8 0.00355442777373
28 45 0 8 0.00355185782406
2 23 0 8 0.00355176608553
24 77 0 8 0.00354488925294
36 88 0 8 0.0035340933297
4 23 0 8 0.00352655247275
11 31 0 8 0.00350679743001
43 63 0 8 0.00349935491879
54 65 0 8 0.00349118561473
21 73 0 8 0.00348925605597
1 53 0 8 0.0034851944021
55 85 0 8 0.00348157619352
30 89 0 8 0.00346909365346
69 82 0 8 0.00346668939223
10 66 0 8 0.00346360967108
52 79 0 8 0.00345019017814
59 73 0 8 0.00344994037487
25 89 0 8 0.00344927863761
32 89 0 8 0.00344181274704
63 81 0 8 0.00344100463472
1 12 0 8 0.00344061862132
1 55 0 8 0.00343618391434
14 66 0 8 0.0034244474805
4 14 0 8 0.00340963437499
65 77 0 8 0.00340423171209
17 52 0 8 0.0033948095798
45 89 0 8 0.0033941028627
24 55 0 8 0.00338270670006
54 68 0 8 0.00338028388782
24 63 0 8 0.00337941351527
10 35 0 8 0.00337272956233
17 51 0 8 0.00337156211955
34 88 0 8 0.00336951490166
11 32 0 8 0.00336274607151
8 20 0 8 0.00335987295266
30 66 0 8 0.00334995350094
13 38 0 8 0.00334431983989
62 83 0 8 0.00334343879416
21 51 0 8 0.00334270031164
1 27 0 8 0.00333849380745
13 89 0 8 0.00333757616795
54 67 0 8 0.00333027494933
57 67 0 8 0.00332580974755
10 32 0 8 0.00331190996144
36 66 0 8 0.00330793623426
38 48 0 8 0.0033023447577
28 74 0 8 0.0033020479416
43 62 0 8 0.00330017301936
26 66 0 8 0.00329194120095
17 89 0 8 0.00328950796965
24 87 0 8 0.00327593854393
17 63 0 8 0.00327398204808
25 41 0 8 0.00327260444528
9 28 0 8 0.00326454390602
11 26 0 8 0.00326318866608
24 86 0 8 0.00326131857218
44 89 0 8 0.00325868229631
4 16 0 8 0.00325682973693
32 62 0 8 0.00325136608441
48 65 0 8 0.00324590065304
26 38 0 8 0.00323485009818
66 85 0 8 0.0032296520046
17 46 0 8 0.00322687596087
22 38 0 8 0.00322050305494
66 86 0 8 0.00321702105649
33 89 0 8 0.00320860423626
15 89 0 8 0.00320744543368
24 89 0 8 0.00320252738405
48 69 0 8 0.0031741827172
2 26 0 8 0.00317308668309
1 54 0 8 0.00317058814209
15 25 0 8 0.00316946644153
38 50 0 8 0.00316655291706
14 26 0 8 0.00314886796331
52 77 0 8 0.00314839681858
1 16 0 8 0.00314010248582
13 59 0 8 0.00313333492629
47 62 0 8 0.00312970858576
21 59 0 8 0.00312326884537
41 62 0 8 0.00312173419433
28 73 0 8 0.00311851394295
17 47 0 8 0.00311233899912
9 25 0 8 0.00311041147334
39 50 0 8 0.00309788979828
13 66 0 8 0.00308233897261
35 51 0 8 0.00308225689077
27 38 0 8 0.00307338366496
3 28 0 8 0.00307200606216
6 30 0 8 0.00306906331351
23 89 0 8 0.00306230973076
6 20 0 8 0.00305348555077
7 28 0 8 0.00304690502603
21 43 0 8 0.00303655737643
1 17 0 8 0.00303535664349
16 28 0 8 0.00303335033946
56 83 0 8 0.00303305835171
42 52 0 8 0.00302520339826
68 79 0 8 0.00302069321664
43 59 0 8 0.00301711109358
2 24 0 8 0.00300442373008
64 77 0 8 0.00299602088665
31 41 0 8 0.00298602545203
4 27 0 8 0.00297670166549
55 78 0 8 0.00297232693163
54 70 0 8 0.00297054069845
30 40 0 8 0.00296952242609
35 88 0 8 0.00296773238106
6 59 0 8 0.00295732628307
10 34 0 8 0.00295643329354
59 87 0 8 0.00295305014908
66 84 0 8 0.00294792905488
59 82 0 8 0.00293435454668
34 89 0 8 0.0029327009659
69 79 0 8 0.00292731964936
25 55 0 8 0.00292620277714
21 89 0 8 0.00292350627403
3 16 0 8 0.00291633719957
11 34 0 8 0.00290224936216
24 59 0 8 0.00289892847793
8 26 0 8 0.00289820346394
49 65 0 8 0.00289776179752
3 24 0 8 0.0028954663011
10 31 0 8 0.0028557450391
41 51 0 8 0.00285455497934
25 45 0 8 0.00285450262993
24 38 0 8 0.00285029790461
41 53 0 8 0.0028445603071
35 89 0 8 0.00284391330899
24 45 0 8 0.00284373974273
63 86 0 8 0.00284250927736
42 66 0 8 0.00284075303073
10 28 0 8 0.00282378419665
19 89 0 8 0.00281176949772
3 17 0 8 0.00281023459255
39 51 0 8 0.00280969280152
33 55 0 8 0.00280631194417
21 47 0 8 0.00280344035006
40 52 0 8 0.00280262486815
40 59 0 8 0.00279747836161
4 25 0 8 0.00278863690123
66 82 0 8 0.00278758686346
52 75 0 8 0.00278438008062
26 89 0 8 0.00278428300549
63 80 0 8 0.00277872837681
35 55 0 8 0.00276757566436
31 66 0 8 0.00276719752878
36 59 0 8 0.00275894334752
28 59 0 8 0.00275398819587
63 75 0 8 0.00275156868724
13 56 0 8 0.00275065740083
66 80 0 8 0.00274951740338
67 80 0 8 0.00274868667408
14 55 0 8 0.00274824831126
27 66 0 8 0.00274772253
41 54 0 8 0.00274754261065
18 32 0 8 0.00274297093118
8 23 0 8 0.00274243473086
13 51 0 8 0.0027251736549
34 59 0 8 0.00272303901857
63 76 0 8 0.0027103661401
4 24 0 8 0.00270353733684
4 28 0 8 0.00270042610439
59 79 0 8 0.00269456068282
10 29 0 8 0.0026643017046
2 27 0 8 0.00266370883477
49 69 0 8 0.00266073152534
41 58 0 8 0.00265585286483
20 66 0 8 0.00265452557846
1 11 0 8 0.00264707747653
38 49 0 8 0.00264621015346
11 30 0 8 0.00264258864128
63 85 0 8 0.00263552426564
6 25 0 8 0.00262622309608
2 19 0 8 0.0026121670241
38 55 0 8 0.00260112053521
21 45 0 8 0.00259685583678
5 28 0 8 0.00259504597012
56 74 0 8 0.00259369174666
45 59 0 8 0.00259132992404
34 62 0 8 0.00259020771522
6 55 0 8 0.00258725581813
57 71 0 8 0.00258360482763
16 29 0 8 0.00257028037684
44 55 0 8 0.00256611148291
28 40 0 8 0.00255678718812
56 75 0 8 0.00255127372743
60 71 0 8 0.00254619786719
40 51 0 8 0.00254499128942
36 62 0 8 0.00254491530653
43 56 0 8 0.00254369449785
10 20 0 8 0.00254303352295
56 72 0 8 0.00253834393024
50 67 0 8 0.00252465709951
69 80 0 8 0.00251442609253
59 81 0 8 0.00248994359269
53 67 0 8 0.0024888140143
28 66 0 8 0.00248179639737
1 14 0 8 0.00247660796047
63 84 0 8 0.00245889962737
8 25 0 8 0.00245840815277
36 51 0 8 0.00244817562105
40 66 0 8 0.00242523768307
39 55 0 8 0.00241482726499
4 21 0 8 0.0024019627775
54 71 0 8 0.00234536086222
10 33 0 8 0.00232806776672
33 66 0 8 0.00231897548657
11 22 0 8 0.00230791247967
11 28 0 8 0.00230542156237
25 43 0 8 0.00230251744047
28 43 0 8 0.002294196933
66 81 0 8 0.00228322973061
21 62 0 8 0.00227749975681
21 31 0 8 0.00227567006852
28 42 0 8 0.00224997209659
56 73 0 8 0.00222122337358
49 59 0 8 0.00220321542902
25 66 0 8 0.00219217249787
44 66 0 8 0.00217742571856
66 83 0 8 0.00217495258989
12 24 0 8 0.00217114353466
2 15 0 8 0.00216608571718
14 34 0 8 0.00216354778706
41 55 0 8 0.00214915652634
41 56 0 8 0.0021271997587
13 62 0 8 0.00210509255003
21 55 0 8 0.00210313147996
11 27 0 8 0.00210229414345
17 66 0 8 0.00209451161516
52 74 0 8 0.0020921678353
8 27 0 8 0.00208536520674
30 41 0 8 0.00207502568908
8 28 0 8 0.0020714184078
9 27 0 8 0.00207122400342
14 32 0 8 0.00206255255158
45 63 0 8 0.00205121712442
35 66 0 8 0.00204181328902
63 78 0 8 0.00203938158247
50 69 0 8 0.0020390524927
66 78 0 8 0.00203314666552
34 55 0 8 0.00202510366078
63 83 0 8 0.00199823468835
32 66 0 8 0.00197680649732
34 66 0 8 0.00197306580128
60 70 0 8 0.0019545900156
13 34 0 8 0.00193617852313
51 70 0 8 0.00191224543802
48 62 0 8 0.00190430433675
41 52 0 8 0.0018995306292
9 21 0 8 0.00189211581743
11 25 0 8 0.00188884245427
13 55 0 8 0.00188771236763
13 24 0 8 0.00185766837778
63 79 0 8 0.00185588875181
40 55 0 8 0.00184358587697
14 25 0 8 0.00178587776266
50 65 0 8 0.00178460638342
2 14 0 8 0.00178161725725
53 63 0 8 0.00177366421218
67 79 0 8 0.00177363346326
55 73 0 8 0.00176532464547
2 16 0 8 0.00175332316095
21 66 0 8 0.00174746650664
9 24 0 8 0.00174720666549
2 12 0 8 0.0017463483638
13 33 0 8 0.00172446516488
10 30 0 8 0.00171519055121
52 68 0 8 0.00171410823977
47 66 0 8 0.00171335882994
53 65 0 8 0.00170367977893
6 27 0 8 0.0016866832454
51 61 0 8 0.00168165325442
10 27 0 8 0.00168037806334
1 13 0 8 0.00166732412687
46 66 0 8 0.00166660521185
17 27 0 8 0.00164763426678
49 62 0 8 0.00163043481574
13 23 0 8 0.00161501626129
10 24 0 8 0.00161213971177
10 25 0 8 0.00161027165086
10 26 0 8 0.0015983392879
67 77 0 8 0.00158925501264
28 41 0 8 0.00157651707859
17 45 0 8 0.00155881776687
58 71 0 8 0.00155401534338
2 13 0 8 0.00150725765931
14 31 0 8 0.00147593453947
24 66 0 8 0.00146836788899
48 66 0 8 0.00146381844531
59 72 0 8 0.00145965857276
28 39 0 8 0.0014454243603
25 38 0 8 0.00143463072417
52 67 0 8 0.00140501175566
51 73 0 8 0.00139877251862
66 76 0 8 0.00136388773264
42 55 0 8 0.00135015909862
17 59 0 8 0.00134812102918
52 63 0 8 0.0013393296311
50 63 0 8 0.00133842965318
55 67 0 8 0.00128201210441
14 30 0 8 0.00128144693403
13 32 0 8 0.00127838246028
63 77 0 8 0.00127746075481
58 69 0 8 0.00127464011244
51 62 0 8 0.00126671095496
55 65 0 8 0.00125830277494
10 22 0 8 0.00125802146036
45 66 0 8 0.00124990691989
13 27 0 8 0.0012219245059
8 24 0 8 0.00119702613316
36 55 0 8 0.0011951177937
53 71 0 8 0.00119115435852
67 78 0 8 0.00117694555838
3 13 0 8 0.0011746820815
11 23 0 8 0.00115118545329
13 28 0 8 0.0011422057498
51 71 0 8 0.00113504150368
28 38 0 8 0.0011344176308
17 55 0 8 0.00112861408827
18 30 0 8 0.00111560703757
51 68 0 8 0.00111456309876
10 21 0 8 0.00111132874353
43 55 0 8 0.00106821391801
13 29 0 8 0.00105646477801
52 72 0 8 0.00104731938607
66 79 0 8 0.00103977916442
52 70 0 8 0.00103905440456
6 24 0 8 0.00103666793197
17 31 0 8 0.00103556097056
52 64 0 8 0.00101338336971
13 31 0 8 0.00101322962507
49 66 0 8 0.00100761413385
15 28 0 8 0.000994394127757
11 24 0 8 0.000986359382024
54 69 0 8 0.000986286956863
11 21 0 8 0.00097002560225
6 28 0 8 0.000963507337743
18 31 0 8 0.000950881853284
17 28 0 8 0.000947353604379
51 69 0 8 0.000936312833272
18 28 0 8 0.000930393664616
59 70 0 8 0.000927016873241
66 77 0 8 0.000905308257075
56 70 0 8 0.000870899571241
51 65 0 8 0.000851545281061
52 73 0 8 0.000837873697739
51 66 0 8 0.000833545468457
51 63 0 8 0.000796891348503
56 68 0 8 0.000792455243849
10 23 0 8 0.000758787009992
14 28 0 8 0.000753231174227
55 71 0 8 0.000748870798339
51 64 0 8 0.000727334731943
14 24 0 8 0.000715433435565
56 66 0 8 0.00070740675825
59 71 0 8 0.000694535409428
14 27 0 8 0.000672529786571
50 66 0 8 0.000671958136044
51 67 0 8 0.00066135839605
50 62 0 8 0.000657943994416
56 67 0 8 0.00062482371408
55 70 0 8 0.000621898563469
13 26 0 8 0.000607152864182
52 62 0 8 0.000591693586465
53 66 0 8 0.000561092939369
56 71 0 8 0.000553895466618
54 66 0 8 0.000532339705661
13 25 0 8 0.000519671337883
13 30 0 8 0.000482686095174
57 69 0 8 0.000477652292348
55 66 0 8 0.000450970926497
55 68 0 8 0.000444229224014
59 69 0 8 0.000437327868523
53 69 0 8 0.000431144665683
52 66 0 8 0.000414611017877
17 29 0 8 0.000368460879266
52 71 0 8 0.000357667878447
55 69 0 8 0.00032424906668
52 69 0 8 0.00021601357043
17 30 0 8 0.000209022954104
52 65 0 8 0.000152007071859
56 69 0 8 0.0
