56 69 0 8 1.0
55 70 0 8 0.878843878892
56 68 0 8 0.859173648026
55 69 0 8 0.804836620945
57 69 0 8 0.657812485493
67 85 0 8 0.586134062018
57 67 0 8 0.567927739789
54 70 0 8 0.497774174857
54 71 0 8 0.480007277018
54 69 0 8 0.474095654463
56 67 0 8 0.410913299925
58 85 0 8 0.399490154296
65 84 0 8 0.393178432261
54 73 0 8 0.381401066213
56 70 0 8 0.350693347846
56 85 0 8 0.337790741355
60 85 0 8 0.330490416276
67 84 0 8 0.307667694041
56 87 0 8 0.299698549267
57 68 0 8 0.294487869156
65 85 0 8 0.293800109074
56 86 0 8 0.290255664629
55 87 0 8 0.273711875156
58 87 0 8 0.269139095437
55 71 0 8 0.26209475256
60 83 0 8 0.261723961617
54 87 0 8 0.252980797461
40 51 0 8 0.252253971674
65 83 0 8 0.252087748022
54 86 0 8 0.242318303706
53 87 0 8 0.239887657711
65 86 0 8 0.237464250905
66 86 0 8 0.236837736963
53 88 0 8 0.231063399815
51 87 0 8 0.224247748691
53 71 0 8 0.222723445584
67 83 0 8 0.219698149191
58 84 0 8 0.218433716343
67 86 0 8 0.214472601894
60 82 0 8 0.209569892848
58 83 0 8 0.207151410914
66 85 0 8 0.205978736187
64 86 0 8 0.205609241263
55 88 0 8 0.203831566505
66 84 0 8 0.200992748685
61 82 0 8 0.197016600419
51 88 0 8 0.193318151927
57 86 0 8 0.192360431155
55 86 0 8 0.189607743033
39 56 0 8 0.189142694504
57 85 0 8 0.185834847525
54 83 0 8 0.18272068128
58 86 0 8 0.178890464717
51 85 0 8 0.176422715559
60 84 0 8 0.17565745356
54 85 0 8 0.175506911734
39 83 0 8 0.174176715195
54 88 0 8 0.172316687707
35 83 0 8 0.17194254563
31 83 0 8 0.17153918759
36 56 0 8 0.169129148291
52 88 0 8 0.167815651878
54 84 0 8 0.167476039442
57 84 0 8 0.166219938142
15 39 0 8 0.165432032846
61 83 0 8 0.164174820673
12 39 0 8 0.163234670212
8 39 0 8 0.162236661774
56 88 0 8 0.158655206738
50 87 0 8 0.155764862919
39 50 0 8 0.154180091283
15 31 0 8 0.151846535601
30 60 0 8 0.149956468251
35 65 0 8 0.149846315921
56 84 0 8 0.149695533406
38 83 0 8 0.147793385311
51 86 0 8 0.14759660339
39 51 0 8 0.147046036142
13 31 0 8 0.146000408275
12 43 0 8 0.142969872264
34 83 0 8 0.142948404641
55 67 0 8 0.142766156643
36 83 0 8 0.142556423792
15 35 0 8 0.141639231376
52 87 0 8 0.140177998092
13 39 0 8 0.139583468039
15 38 0 8 0.137788343315
50 86 0 8 0.137705324062
57 87 0 8 0.136729681204
15 37 0 8 0.136640255915
57 70 0 8 0.136279036996
53 89 0 8 0.135645089461
64 84 0 8 0.135108111895
24 35 0 8 0.134412260954
56 66 0 8 0.133500780277
39 79 0 8 0.133487736775
12 38 0 8 0.13298018809
64 85 0 8 0.132306212092
69 82 0 8 0.13185347574
61 84 0 8 0.130987985212
39 54 0 8 0.130928136921
23 34 0 8 0.130888117716
8 38 0 8 0.130314342476
64 88 0 8 0.129853867041
15 43 0 8 0.129394530251
8 43 0 8 0.129277259075
60 79 0 8 0.129048659896
8 29 0 8 0.128819560823
13 23 0 8 0.128585009215
59 85 0 8 0.128223021942
36 65 0 8 0.128093558933
12 31 0 8 0.127978315101
64 87 0 8 0.127514692192
23 35 0 8 0.127136069593
15 29 0 8 0.126509259419
51 73 0 8 0.125957183235
34 73 0 8 0.125600805871
51 69 0 8 0.1251061248
56 73 0 8 0.123014461746
12 34 0 8 0.1229160569
51 90 0 8 0.122805293589
54 68 0 8 0.122164199437
57 83 0 8 0.121764155501
65 87 0 8 0.120861858043
64 82 0 8 0.120810674562
8 35 0 8 0.120357151341
60 87 0 8 0.120227512445
65 75 0 8 0.120002458802
39 84 0 8 0.118204714269
12 35 0 8 0.117946232601
60 81 0 8 0.117388648338
66 83 0 8 0.116404498043
24 34 0 8 0.115814235595
53 86 0 8 0.115212040518
35 79 0 8 0.114978183205
43 85 0 8 0.114790852963
51 83 0 8 0.114688106454
12 42 0 8 0.114480502776
8 31 0 8 0.114464339572
73 85 0 8 0.113758120482
57 88 0 8 0.113689209317
37 83 0 8 0.113537528846
69 83 0 8 0.113437420661
60 86 0 8 0.112982101528
40 54 0 8 0.112390367173
67 87 0 8 0.111153761697
59 84 0 8 0.110956739087
8 37 0 8 0.110796301232
35 84 0 8 0.110625161966
35 67 0 8 0.110469547152
31 65 0 8 0.110270867489
8 36 0 8 0.109998675796
47 60 0 8 0.10991233318
68 82 0 8 0.109559871644
23 33 0 8 0.109233080535
13 29 0 8 0.108935884939
55 85 0 8 0.10862747878
31 82 0 8 0.107820512753
40 83 0 8 0.107519521673
12 36 0 8 0.107327590564
38 56 0 8 0.106664639983
31 79 0 8 0.106328665656
13 43 0 8 0.106308170046
56 75 0 8 0.106242563729
34 84 0 8 0.105863006146
67 82 0 8 0.105560061781
43 65 0 8 0.105117184428
40 52 0 8 0.10457810546
36 58 0 8 0.104407808606
34 65 0 8 0.104066603918
38 79 0 8 0.104037906362
12 23 0 8 0.103959765693
67 79 0 8 0.103684046977
12 29 0 8 0.103481645889
53 69 0 8 0.102862676627
37 56 0 8 0.10203684427
52 89 0 8 0.10179628469
15 42 0 8 0.101742435114
13 34 0 8 0.101521371357
66 87 0 8 0.101446794739
64 83 0 8 0.101053341984
8 84 0 8 0.101040252196
51 79 0 8 0.10097521983
32 83 0 8 0.100386744036
63 88 0 8 0.0999856540279
12 37 0 8 0.0999246022911
39 85 0 8 0.0998008695367
13 35 0 8 0.0994889178417
35 85 0 8 0.0992772687348
50 88 0 8 0.0991233017162
40 50 0 8 0.0989361473623
13 38 0 8 0.09879174311
68 83 0 8 0.0987270069772
35 56 0 8 0.0985895456822
56 83 0 8 0.0979696784645
12 40 0 8 0.0976006649187
38 65 0 8 0.097413149531
61 79 0 8 0.0973828597231
35 58 0 8 0.0973797307637
15 36 0 8 0.0973589481785
38 54 0 8 0.0968403740776
51 67 0 8 0.0967631869082
13 37 0 8 0.0966038414121
69 85 0 8 0.0964994285933
38 84 0 8 0.096437053066
29 84 0 8 0.0963100617504
59 86 0 8 0.0962443443463
54 89 0 8 0.0960087003793
27 58 0 8 0.0955794775088
31 60 0 8 0.0955438925389
36 67 0 8 0.0952468913449
54 75 0 8 0.0950333537537
39 82 0 8 0.0950079055013
43 83 0 8 0.0946448906704
12 41 0 8 0.0944092837326
68 87 0 8 0.0943513702124
43 84 0 8 0.0939189258097
43 56 0 8 0.0937758638625
69 87 0 8 0.0937189501281
34 85 0 8 0.0936130006015
39 86 0 8 0.09359723546
15 34 0 8 0.0935423212973
50 85 0 8 0.0932356647643
38 82 0 8 0.0932239357953
51 89 0 8 0.0931985708583
34 79 0 8 0.0931532287193
43 60 0 8 0.093088076009
31 85 0 8 0.0930577769439
69 81 0 8 0.0930458165429
12 47 0 8 0.092975581588
37 65 0 8 0.0927152299508
50 83 0 8 0.0925868037574
31 84 0 8 0.0924251809714
23 38 0 8 0.0918447497505
58 68 0 8 0.0915591720355
16 31 0 8 0.0911319579939
43 67 0 8 0.0909310380701
34 67 0 8 0.0908914817287
43 86 0 8 0.090345135799
60 80 0 8 0.0900208441547
35 82 0 8 0.089686952715
35 80 0 8 0.0895911676776
58 88 0 8 0.0894692123203
48 87 0 8 0.0892345033383
50 90 0 8 0.0890082462495
31 64 0 8 0.0888366070905
35 86 0 8 0.0888268962078
23 39 0 8 0.0884870801112
56 89 0 8 0.0882184987554
65 82 0 8 0.0880809356303
8 50 0 8 0.087603769326
61 87 0 8 0.0875959469276
12 83 0 8 0.0874652434442
23 79 0 8 0.0873029819061
64 89 0 8 0.0869117879264
39 64 0 8 0.0868644462156
15 40 0 8 0.0868116241974
59 83 0 8 0.0868036073961
73 83 0 8 0.0867853150183
69 79 0 8 0.0866658498683
41 51 0 8 0.0866294595153
53 85 0 8 0.0863957040327
64 90 0 8 0.0863171282719
39 73 0 8 0.0861529041913
16 39 0 8 0.0858484601473
11 33 0 8 0.0852713615459
43 75 0 8 0.0851916471401
15 32 0 8 0.0850930016044
16 38 0 8 0.0849635478533
8 47 0 8 0.084951272705
53 90 0 8 0.0846846353772
61 81 0 8 0.0845231792221
36 73 0 8 0.0843281469261
47 83 0 8 0.0840387644705
38 85 0 8 0.0840040033982
40 56 0 8 0.0833778875191
15 41 0 8 0.0829119502909
61 80 0 8 0.0828811791046
8 42 0 8 0.0828751989042
13 24 0 8 0.0827585942526
55 68 0 8 0.0823292140083
8 83 0 8 0.0822492126269
23 37 0 8 0.0820108007344
50 89 0 8 0.0819800943491
24 39 0 8 0.0818614345821
35 73 0 8 0.0817694635426
54 82 0 8 0.0812934543978
8 40 0 8 0.080621172482
36 84 0 8 0.080549826654
24 36 0 8 0.0805371071564
12 32 0 8 0.079834378059
29 83 0 8 0.0792588346801
65 79 0 8 0.0790411405718
16 42 0 8 0.0784682262593
8 34 0 8 0.0782893664248
36 82 0 8 0.0781701141922
50 67 0 8 0.0780142957184
35 75 0 8 0.0778951730876
36 54 0 8 0.0777602668008
13 33 0 8 0.0776095861153
34 86 0 8 0.0774522679627
36 86 0 8 0.0771656441755
33 83 0 8 0.0769915333238
32 58 0 8 0.0767699511595
13 36 0 8 0.0762446794192
39 65 0 8 0.0761664508062
36 85 0 8 0.0760654631796
12 33 0 8 0.0755588633655
34 82 0 8 0.0755256760302
34 56 0 8 0.075404077078
55 66 0 8 0.0753196877477
63 87 0 8 0.0749533773265
34 75 0 8 0.0749338259591
31 80 0 8 0.0746659435276
58 82 0 8 0.0746467439366
68 84 0 8 0.074420088785
29 60 0 8 0.0742997951087
34 80 0 8 0.0742518285318
23 83 0 8 0.073666102149
36 64 0 8 0.0736403113774
39 67 0 8 0.0735276364395
37 84 0 8 0.0734162297485
73 86 0 8 0.0733743683453
48 60 0 8 0.0733598621934
69 84 0 8 0.0731973831093
59 87 0 8 0.0730437493527
75 85 0 8 0.0730401991872
36 79 0 8 0.0728577521583
38 80 0 8 0.0727055440222
19 33 0 8 0.0726700655109
38 73 0 8 0.0725733084596
44 56 0 8 0.0724630265276
38 64 0 8 0.0723761562473
53 68 0 8 0.0722987654178
53 70 0 8 0.0721541482483
73 87 0 8 0.072016395349
37 73 0 8 0.071811795658
64 79 0 8 0.0717862409469
50 69 0 8 0.0715495370219
40 82 0 8 0.071353352195
31 75 0 8 0.0707720646761
8 41 0 8 0.070757419665
23 84 0 8 0.0707179744109
12 24 0 8 0.0707150583689
11 39 0 8 0.0707126607344
48 83 0 8 0.0706721046071
8 54 0 8 0.0704835616618
24 38 0 8 0.070427957832
62 83 0 8 0.0704079713725
51 84 0 8 0.0702180028066
66 82 0 8 0.0701498923966
47 73 0 8 0.0701181491964
34 58 0 8 0.0698374315514
13 40 0 8 0.0693000420365
61 85 0 8 0.0691317447542
12 84 0 8 0.0688062172636
8 85 0 8 0.0687961592329
69 80 0 8 0.0687912482479
52 86 0 8 0.0687003603097
8 56 0 8 0.068578358666
11 43 0 8 0.0683274540791
43 79 0 8 0.0679409859389
23 36 0 8 0.0678189796666
13 42 0 8 0.0675769389218
39 75 0 8 0.0675043526187
35 60 0 8 0.0674660182377
37 58 0 8 0.0674016894251
67 77 0 8 0.0673629801244
37 79 0 8 0.0672673987472
28 58 0 8 0.0672490739688
52 85 0 8 0.0671268131214
31 81 0 8 0.0671107563758
8 44 0 8 0.0670016223461
55 72 0 8 0.0668129173983
36 75 0 8 0.0667911257701
70 82 0 8 0.0667559527489
59 81 0 8 0.06665480312
31 67 0 8 0.0664371876986
15 33 0 8 0.0663180280387
53 84 0 8 0.0658705637053
32 79 0 8 0.0658537571202
68 85 0 8 0.065735726848
34 60 0 8 0.0657183463119
49 88 0 8 0.0654585871403
47 82 0 8 0.0652694748725
32 84 0 8 0.0652375187549
11 42 0 8 0.0652324874252
54 67 0 8 0.0650873472195
38 75 0 8 0.0650107108581
37 86 0 8 0.0649765792806
12 50 0 8 0.064735098601
68 86 0 8 0.0646334537078
43 58 0 8 0.064606436347
50 79 0 8 0.0645906850915
37 54 0 8 0.0643718060518
54 66 0 8 0.0643545828894
31 58 0 8 0.0642665554495
24 79 0 8 0.0642273879137
53 75 0 8 0.0642150201926
73 84 0 8 0.0641158007058
71 88 0 8 0.0637408856463
8 33 0 8 0.0629246669708
66 88 0 8 0.0628830369995
33 79 0 8 0.0628316220872
16 33 0 8 0.0626131549963
47 87 0 8 0.0625351948444
16 26 0 8 0.0624721111354
64 81 0 8 0.0624538974444
75 86 0 8 0.0623296509112
16 43 0 8 0.0622401284212
42 79 0 8 0.0621682364139
13 32 0 8 0.0621655286606
47 85 0 8 0.0621371689948
52 68 0 8 0.0618936887435
52 90 0 8 0.0618508553263
61 86 0 8 0.0618404316333
31 61 0 8 0.0617505897673
39 58 0 8 0.061507262261
33 67 0 8 0.0611039551353
12 56 0 8 0.0610247683943
64 78 0 8 0.060900970839
51 77 0 8 0.0608636084721
41 56 0 8 0.060858530856
67 81 0 8 0.0607787655352
37 82 0 8 0.0607703460425
31 86 0 8 0.0606712006138
51 82 0 8 0.0604998623164
12 46 0 8 0.0604300022812
16 37 0 8 0.0604019943919
29 65 0 8 0.0603386005641
55 89 0 8 0.060183860563
35 54 0 8 0.0597716988525
32 82 0 8 0.0597225334584
53 67 0 8 0.0596752658058
64 91 0 8 0.0596287665072
38 50 0 8 0.0595539075428
51 80 0 8 0.0595107778928
11 38 0 8 0.0591391723096
23 82 0 8 0.0591202272937
24 37 0 8 0.0586830385369
63 89 0 8 0.0586480275182
65 77 0 8 0.0584565129871
33 69 0 8 0.05839226749
54 90 0 8 0.058224581188
39 80 0 8 0.0576999111706
13 84 0 8 0.0575676432076
56 90 0 8 0.0575252633969
11 31 0 8 0.0574732143612
8 51 0 8 0.0573456444658
61 77 0 8 0.0572824589268
37 85 0 8 0.0571983658293
33 82 0 8 0.0571913951003
62 82 0 8 0.0571683861402
16 40 0 8 0.0570958229803
31 56 0 8 0.0569771863566
34 69 0 8 0.0568924822789
48 82 0 8 0.0568635301474
40 79 0 8 0.0568363461557
8 46 0 8 0.0567618667396
8 86 0 8 0.0566490853431
13 41 0 8 0.0564634954688
52 83 0 8 0.0563821795543
30 83 0 8 0.0563523063238
15 47 0 8 0.0563061865735
68 78 0 8 0.0559967297144
47 90 0 8 0.0559575112636
29 82 0 8 0.0558460999439
53 83 0 8 0.055821808851
62 84 0 8 0.0556560850916
23 85 0 8 0.0552907420558
7 39 0 8 0.0551505082065
16 41 0 8 0.0551341135703
70 88 0 8 0.054808363905
63 84 0 8 0.0548021522726
37 64 0 8 0.0546169882331
20 39 0 8 0.0546019266446
32 65 0 8 0.0545277018037
66 76 0 8 0.0544173550708
52 79 0 8 0.0543547064538
42 56 0 8 0.0543256154631
59 82 0 8 0.0542113112447
33 58 0 8 0.0541587993451
52 69 0 8 0.0541544252821
32 85 0 8 0.0540606675883
47 86 0 8 0.054008650953
68 81 0 8 0.0538730225987
61 90 0 8 0.053641826753
23 65 0 8 0.053573179421
50 93 0 8 0.0534785978295
35 64 0 8 0.0533652239673
16 36 0 8 0.0533332215633
50 73 0 8 0.0532826860922
21 31 0 8 0.0532067532838
29 85 0 8 0.0531443360987
32 67 0 8 0.053100664898
70 83 0 8 0.053057789823
32 60 0 8 0.0529586721662
12 85 0 8 0.0529509608551
32 75 0 8 0.0529115109724
33 75 0 8 0.0527054162312
24 83 0 8 0.0526994545453
37 75 0 8 0.0525075928664
11 29 0 8 0.0523616519064
66 81 0 8 0.0522807062828
13 47 0 8 0.0522316288328
39 53 0 8 0.0521717851705
16 34 0 8 0.052151747796
68 79 0 8 0.052055319378
19 39 0 8 0.0520034138301
48 58 0 8 0.0519870886234
50 75 0 8 0.0519651951651
17 33 0 8 0.0517518427193
65 88 0 8 0.0517267508721
13 83 0 8 0.0516943874343
15 26 0 8 0.0516542941709
12 82 0 8 0.0514407334364
57 82 0 8 0.0514185807744
65 81 0 8 0.0514020056212
9 31 0 8 0.0513910496348
51 75 0 8 0.0513050032521
29 64 0 8 0.051290038865
31 73 0 8 0.0512202436307
39 81 0 8 0.051066892221
55 84 0 8 0.0510599909216
23 56 0 8 0.0510067014108
50 84 0 8 0.050770173374
34 64 0 8 0.050742290458
60 73 0 8 0.0505007727493
41 52 0 8 0.0504629614044
60 88 0 8 0.0503889587381
65 76 0 8 0.0503705089865
32 69 0 8 0.0503111883603
13 50 0 8 0.0501494498583
43 73 0 8 0.0501476215463
33 56 0 8 0.0500134512129
49 89 0 8 0.0498505648087
56 71 0 8 0.0498488522126
38 67 0 8 0.0497841808807
34 54 0 8 0.0496107272956
11 41 0 8 0.04955412368
49 90 0 8 0.0493275657297
24 82 0 8 0.0493005900267
21 32 0 8 0.0492678562979
67 88 0 8 0.0491122599987
8 32 0 8 0.0490375815512
40 53 0 8 0.048724403267
36 80 0 8 0.0486197682736
29 86 0 8 0.0485611326858
8 45 0 8 0.0484455046768
12 54 0 8 0.0482496299687
20 34 0 8 0.0482240521144
15 83 0 8 0.0481917164484
69 86 0 8 0.0479954344201
39 60 0 8 0.0479685790617
8 58 0 8 0.0479273425247
41 53 0 8 0.0477389199239
52 77 0 8 0.0476009587359
20 83 0 8 0.0475801946653
43 53 0 8 0.0474857149039
44 58 0 8 0.0474553834383
8 23 0 8 0.0474042416156
51 70 0 8 0.0473266702693
29 79 0 8 0.0472779769962
30 79 0 8 0.0471858022966
66 79 0 8 0.0471761654721
33 65 0 8 0.0471435382019
15 75 0 8 0.0469550091425
11 36 0 8 0.0468907775312
43 54 0 8 0.0468803399522
54 79 0 8 0.046687561803
58 79 0 8 0.0465678883643
38 86 0 8 0.0465242727072
19 38 0 8 0.0464909465127
42 83 0 8 0.046315761817
61 78 0 8 0.0462762147328
15 46 0 8 0.0462737245255
31 69 0 8 0.0462464387038
29 73 0 8 0.0462152324255
26 82 0 8 0.0458703618561
30 82 0 8 0.0457224861253
12 44 0 8 0.0456009936318
64 80 0 8 0.0455747677682
40 80 0 8 0.0454279195951
8 24 0 8 0.0453471822603
15 50 0 8 0.0453117315209
23 43 0 8 0.045200398888
24 84 0 8 0.045159750188
32 86 0 8 0.0450437889171
50 68 0 8 0.0449917398814
12 79 0 8 0.0447905098389
12 26 0 8 0.0444007785088
13 85 0 8 0.0443910629974
64 77 0 8 0.0443757005475
47 79 0 8 0.0441354557142
40 85 0 8 0.0440596062213
63 82 0 8 0.0439149705372
7 38 0 8 0.0437763196821
56 72 0 8 0.0437595871553
49 87 0 8 0.0436845060163
63 81 0 8 0.0435426891728
12 65 0 8 0.0434072691072
12 67 0 8 0.0433457637638
31 54 0 8 0.0433231158374
14 29 0 8 0.0433219355347
40 60 0 8 0.0433201072226
70 81 0 8 0.0433190380072
53 73 0 8 0.0432789447438
56 79 0 8 0.0432734274072
66 77 0 8 0.0432686737958
20 33 0 8 0.0432376943208
64 75 0 8 0.0431935047127
8 82 0 8 0.0430972521829
46 90 0 8 0.0430746505429
32 80 0 8 0.0430586585982
15 86 0 8 0.0430422037896
40 73 0 8 0.042940193234
52 82 0 8 0.0429001786574
9 29 0 8 0.0428847097488
32 64 0 8 0.0428182147335
63 83 0 8 0.042789544949
12 51 0 8 0.0427759552674
58 73 0 8 0.0427038364568
15 44 0 8 0.0426405028013
9 40 0 8 0.0426389892367
19 42 0 8 0.0425581593291
62 88 0 8 0.0424117555052
37 67 0 8 0.0424116351606
32 56 0 8 0.0423267690806
20 38 0 8 0.0423179098672
11 34 0 8 0.0422937807767
67 80 0 8 0.0422501142046
26 83 0 8 0.0422333492773
42 52 0 8 0.0422167046946
44 60 0 8 0.0421679188488
65 80 0 8 0.0421100886441
30 65 0 8 0.0420171363333
36 81 0 8 0.0419181251351
16 29 0 8 0.041822682617
70 84 0 8 0.0418123514967
15 85 0 8 0.0418056492287
33 84 0 8 0.0418052928236
8 75 0 8 0.0416745291679
64 76 0 8 0.0414807882619
11 47 0 8 0.0414229997149
50 91 0 8 0.0412472225535
55 90 0 8 0.0411943866493
51 91 0 8 0.0411511227688
11 37 0 8 0.0411335432012
51 78 0 8 0.0410687283815
34 81 0 8 0.0410640488284
49 59 0 8 0.0410319307084
42 60 0 8 0.0410135827869
31 77 0 8 0.0409479949847
48 90 0 8 0.0408859527192
53 82 0 8 0.0408294046473
14 33 0 8 0.0407727778884
62 79 0 8 0.040740090446
33 81 0 8 0.0406423104656
12 86 0 8 0.0406314470519
8 79 0 8 0.0405718301929
70 80 0 8 0.0405531582667
24 85 0 8 0.0404470328518
15 30 0 8 0.0402847759423
54 72 0 8 0.0402385497334
29 80 0 8 0.0400892252388
8 60 0 8 0.0400186385074
20 82 0 8 0.0399973699152
36 51 0 8 0.0399896493469
17 29 0 8 0.0399615673994
17 31 0 8 0.0399350036452
7 29 0 8 0.0399266906111
54 65 0 8 0.0398858567655
14 31 0 8 0.0398528036607
33 80 0 8 0.0397926082219
63 90 0 8 0.0397646188471
63 80 0 8 0.0396951198457
48 86 0 8 0.039498407354
47 84 0 8 0.0394835031393
65 78 0 8 0.0394295008183
42 53 0 8 0.0394230855258
20 36 0 8 0.0392829396207
16 35 0 8 0.0392673411102
38 58 0 8 0.0392569405603
49 86 0 8 0.0391264499943
49 91 0 8 0.0390756969773
19 36 0 8 0.0390732715709
11 35 0 8 0.0388347393338
63 85 0 8 0.0388191037942
57 89 0 8 0.038710858463
44 54 0 8 0.0386448170543
13 82 0 8 0.0385871627378
42 85 0 8 0.0385823628401
59 88 0 8 0.0385530820753
42 54 0 8 0.0384856567037
29 81 0 8 0.0384471232913
13 79 0 8 0.0384413143505
7 31 0 8 0.0382222038789
20 40 0 8 0.0381732375162
22 33 0 8 0.0381397678339
15 84 0 8 0.0380759713147
68 80 0 8 0.0379725397671
67 78 0 8 0.0378439099136
23 60 0 8 0.0378143375447
46 89 0 8 0.037813680278
23 42 0 8 0.0377191820021
63 86 0 8 0.0377024263321
51 68 0 8 0.0376685771015
33 60 0 8 0.0376345936404
42 86 0 8 0.0376161485174
46 88 0 8 0.0375552819261
35 81 0 8 0.0375110228883
30 80 0 8 0.0375047418264
37 80 0 8 0.0374665324187
15 79 0 8 0.0373745266644
24 43 0 8 0.0372781769332
47 67 0 8 0.0372385141331
36 60 0 8 0.037196842504
4 50 0 8 0.0370561550482
24 65 0 8 0.0369593308816
41 79 0 8 0.0369232483331
39 52 0 8 0.0368031560027
33 73 0 8 0.0367591746832
26 84 0 8 0.0367301068358
63 78 0 8 0.0365524712761
12 75 0 8 0.0365374675457
20 32 0 8 0.0364911209921
11 23 0 8 0.0364054472147
47 69 0 8 0.0363506649682
61 89 0 8 0.0363213425457
9 19 0 8 0.0362783100971
9 39 0 8 0.0362417531131
56 93 0 8 0.0362350531595
21 38 0 8 0.0361761537393
53 72 0 8 0.0361327695142
21 33 0 8 0.0361323089647
14 40 0 8 0.0359940075718
48 61 0 8 0.0358977573564
62 86 0 8 0.0358202646969
31 87 0 8 0.0357663549486
55 83 0 8 0.0357133153844
29 56 0 8 0.0356849742331
19 37 0 8 0.035678945432
72 87 0 8 0.0356588339993
9 43 0 8 0.0356479497568
70 87 0 8 0.0355858866625
7 47 0 8 0.035570121521
23 80 0 8 0.0354966974344
56 82 0 8 0.0354500315049
37 81 0 8 0.0354397790714
11 46 0 8 0.0354282398766
65 89 0 8 0.0354080219852
51 76 0 8 0.0351587790795
9 44 0 8 0.0351487835355
30 81 0 8 0.0350611703587
13 30 0 8 0.0349332648871
20 41 0 8 0.0348679386029
42 80 0 8 0.0348580356317
38 81 0 8 0.0347953060135
20 35 0 8 0.0347478023004
54 74 0 8 0.0346630681366
17 39 0 8 0.0345232416075
13 56 0 8 0.0343408871513
52 76 0 8 0.0342665489087
30 64 0 8 0.0342080845805
8 65 0 8 0.0341275485915
23 86 0 8 0.0341264631758
66 78 0 8 0.0341184510032
23 67 0 8 0.0340446635686
12 58 0 8 0.0339949195946
54 91 0 8 0.0339389894459
70 85 0 8 0.0339295123093
51 61 0 8 0.0337192679941
48 85 0 8 0.0337049793882
32 73 0 8 0.0336706024928
19 41 0 8 0.0335575248635
13 75 0 8 0.0335074568849
13 46 0 8 0.0333879246196
50 81 0 8 0.0333591992914
7 42 0 8 0.0333439618147
40 84 0 8 0.0333340681007
11 83 0 8 0.0333081292127
24 56 0 8 0.0332803851557
19 35 0 8 0.0332712135093
13 65 0 8 0.0332550132759
9 83 0 8 0.0332127862102
52 72 0 8 0.0331876388193
62 87 0 8 0.0331407298862
62 81 0 8 0.0331050523436
14 42 0 8 0.0329394489287
23 54 0 8 0.0329051090625
62 85 0 8 0.0328181230662
7 83 0 8 0.0327326251771
16 32 0 8 0.0326937214737
33 85 0 8 0.0326889794339
7 43 0 8 0.0326495781519
19 83 0 8 0.0326485367083
61 88 0 8 0.0326090636824
24 60 0 8 0.0326007622199
52 67 0 8 0.032360563673
11 32 0 8 0.0323168230428
19 40 0 8 0.0322569354084
8 67 0 8 0.0322356552446
30 85 0 8 0.0321424321585
15 65 0 8 0.0321216241158
44 83 0 8 0.0321151417081
53 66 0 8 0.0319521604167
7 33 0 8 0.0319362795593
34 66 0 8 0.0318710736198
60 78 0 8 0.0318532788205
41 54 0 8 0.0317960271955
14 41 0 8 0.0317770405219
39 61 0 8 0.0317622936809
32 81 0 8 0.0317091870013
51 71 0 8 0.0316947248215
33 86 0 8 0.031642923418
65 90 0 8 0.0316087200965
74 87 0 8 0.0315788584377
30 73 0 8 0.0315426023152
13 67 0 8 0.0315089127726
29 75 0 8 0.031445824435
14 39 0 8 0.0314252871676
47 61 0 8 0.0313472275
7 40 0 8 0.0313274794154
55 91 0 8 0.0313213487842
75 87 0 8 0.0312907627435
4 39 0 8 0.0312288246224
23 64 0 8 0.0312117565194
60 75 0 8 0.0310345236512
57 90 0 8 0.0308984000326
20 37 0 8 0.030871898765
26 38 0 8 0.0308637014469
1 26 0 8 0.030855911449
15 45 0 8 0.0308093265206
12 48 0 8 0.0308009672001
61 75 0 8 0.030797572094
62 89 0 8 0.0307570090238
11 50 0 8 0.0307439354355
63 79 0 8 0.0307125625262
13 86 0 8 0.0306887875265
35 87 0 8 0.0306649500402
36 66 0 8 0.0306549429245
19 34 0 8 0.0306451764981
53 77 0 8 0.0306090499775
60 90 0 8 0.0305606297941
23 41 0 8 0.0305472345154
47 75 0 8 0.030529402687
14 32 0 8 0.0305162920695
19 29 0 8 0.0305016192867
32 77 0 8 0.0304935862852
34 87 0 8 0.030485083477
21 36 0 8 0.0304042743983
26 58 0 8 0.0303964357996
42 84 0 8 0.0303788168886
31 63 0 8 0.030374743687
49 85 0 8 0.0303141432424
19 31 0 8 0.0303024374166
47 88 0 8 0.0302981374117
26 36 0 8 0.0302952283127
24 81 0 8 0.0302706895877
4 33 0 8 0.0302698448612
14 24 0 8 0.0302522791795
32 61 0 8 0.0302483749233
50 82 0 8 0.0302479629745
40 81 0 8 0.0302074623909
43 82 0 8 0.0302050022697
52 78 0 8 0.0301903503157
51 93 0 8 0.0301671307526
7 37 0 8 0.0301443416528
12 45 0 8 0.030096405162
58 80 0 8 0.0300444278702
23 40 0 8 0.0299948273841
33 64 0 8 0.0299859357702
20 42 0 8 0.029985593251
7 35 0 8 0.0299577913361
74 84 0 8 0.0299293043828
41 82 0 8 0.0299069040886
8 30 0 8 0.0298803472773
10 33 0 8 0.029800882818
16 79 0 8 0.0297470610139
7 46 0 8 0.0297394260753
12 60 0 8 0.0297220316532
48 88 0 8 0.0297054472428
60 77 0 8 0.0296881176217
56 91 0 8 0.0296673211506
21 35 0 8 0.0296605263098
61 76 0 8 0.0296583624215
13 44 0 8 0.0296203474166
11 84 0 8 0.029586650931
49 84 0 8 0.0295585574119
49 68 0 8 0.0295497930857
17 38 0 8 0.0295414291366
12 30 0 8 0.029525300647
4 38 0 8 0.0295095100481
47 89 0 8 0.0294989359243
8 73 0 8 0.0294915254746
29 67 0 8 0.0294906691766
15 82 0 8 0.0294803889713
7 50 0 8 0.0294782921982
34 61 0 8 0.0294775446732
14 38 0 8 0.0294569958342
15 25 0 8 0.0294161272739
31 78 0 8 0.0294107325962
17 37 0 8 0.0294092282888
44 67 0 8 0.0294072310314
7 41 0 8 0.0294021811872
54 81 0 8 0.0293789593098
4 47 0 8 0.0293722778706
13 27 0 8 0.0293258456873
52 84 0 8 0.0293197891143
11 44 0 8 0.0293187684996
16 30 0 8 0.029257406644
32 87 0 8 0.0292546850047
20 31 0 8 0.0292529515798
21 37 0 8 0.0292032932356
11 30 0 8 0.0291550720837
52 75 0 8 0.0291375434311
31 50 0 8 0.0291277098894
11 40 0 8 0.0291222874398
24 86 0 8 0.0291203642407
10 31 0 8 0.0291102876955
35 66 0 8 0.0290986327847
9 50 0 8 0.0290897689427
50 77 0 8 0.0290767046116
33 54 0 8 0.0290677273679
44 86 0 8 0.0290603794049
23 75 0 8 0.0290012971536
8 48 0 8 0.0289906026852
9 42 0 8 0.0289824747966
44 84 0 8 0.0289802229642
23 81 0 8 0.0289527705115
66 80 0 8 0.0289112377416
15 54 0 8 0.0288943223835
7 34 0 8 0.0288879973495
37 60 0 8 0.0288821143505
30 84 0 8 0.0288667148714
35 51 0 8 0.0288570873041
50 60 0 8 0.0288324236059
15 27 0 8 0.0288159317683
29 39 0 8 0.0288033765873
4 32 0 8 0.0288032006991
58 81 0 8 0.0287886899186
36 87 0 8 0.028784616717
28 63 0 8 0.0287696893591
24 64 0 8 0.0287442596212
16 47 0 8 0.0287289712295
23 58 0 8 0.0287004819618
29 58 0 8 0.0286972905158
9 41 0 8 0.0286862581569
31 62 0 8 0.0286781765547
15 56 0 8 0.0286693960282
50 76 0 8 0.0286607659324
13 54 0 8 0.028640830388
24 67 0 8 0.0286381596638
4 51 0 8 0.028636993247
4 31 0 8 0.0286183583499
62 80 0 8 0.0285663903154
55 75 0 8 0.0285456563309
54 76 0 8 0.028524716372
4 37 0 8 0.028494396478
4 42 0 8 0.0284413985714
25 82 0 8 0.0284299866641
44 75 0 8 0.028419961034
17 42 0 8 0.0284136336856
74 85 0 8 0.0283977782858
16 84 0 8 0.028377361363
74 88 0 8 0.0283699208272
47 81 0 8 0.0283228498918
54 77 0 8 0.0283189919219
53 74 0 8 0.0283043121961
31 72 0 8 0.0282099527793
15 48 0 8 0.0282087076756
48 73 0 8 0.0281657492852
7 54 0 8 0.0281190555838
13 25 0 8 0.0281001128823
51 66 0 8 0.028042808028
9 36 0 8 0.0280323102767
22 32 0 8 0.0280234880924
20 79 0 8 0.027975604831
40 86 0 8 0.027966305897
58 69 0 8 0.0279423318659
52 70 0 8 0.0279056730519
9 38 0 8 0.0278962352588
50 66 0 8 0.0278913867604
42 67 0 8 0.0278779151091
41 83 0 8 0.0278532282677
29 63 0 8 0.0278374284114
12 27 0 8 0.027787339604
38 60 0 8 0.0277763743602
12 81 0 8 0.0277554853164
13 64 0 8 0.0277442400401
7 32 0 8 0.027735869148
49 69 0 8 0.0277159081461
7 56 0 8 0.0277131217059
24 75 0 8 0.0277011751909
58 75 0 8 0.027697976802
28 62 0 8 0.027648994239
72 86 0 8 0.0276462679712
47 65 0 8 0.0276275682732
52 74 0 8 0.0276059432758
52 80 0 8 0.0275775257521
42 73 0 8 0.0275226925905
53 76 0 8 0.0275180940386
59 80 0 8 0.0275008153324
52 73 0 8 0.0274909123612
8 64 0 8 0.0274846336136
7 82 0 8 0.0274815810267
15 73 0 8 0.0274620528025
48 69 0 8 0.0274560240013
30 86 0 8 0.0274460886296
24 58 0 8 0.027424454375
9 47 0 8 0.0274136511336
21 82 0 8 0.0273730255768
20 81 0 8 0.0273686306849
40 78 0 8 0.0273460498738
49 60 0 8 0.0273398174125
17 36 0 8 0.0273220341849
69 88 0 8 0.027311416089
49 83 0 8 0.0272947969638
4 54 0 8 0.0272926608473
70 86 0 8 0.0272588347599
33 87 0 8 0.0272509475605
47 58 0 8 0.027248070862
8 81 0 8 0.0272335901676
38 51 0 8 0.0272333749359
4 48 0 8 0.0272255895666
36 53 0 8 0.0272162235173
34 77 0 8 0.0272038095099
29 61 0 8 0.027196012569
50 80 0 8 0.0271652691545
48 89 0 8 0.027155306011
31 66 0 8 0.0271385387694
19 46 0 8 0.0271358263874
19 81 0 8 0.0271286242265
7 51 0 8 0.0270827891375
7 36 0 8 0.0270805604482
31 51 0 8 0.0270491805961
44 79 0 8 0.0270339246048
36 52 0 8 0.0269749904699
14 43 0 8 0.0269682650587
7 79 0 8 0.0269609286672
52 71 0 8 0.0269451241824
4 43 0 8 0.0269160470777
4 34 0 8 0.0269105667701
72 88 0 8 0.0269103538528
13 81 0 8 0.0269100784488
14 26 0 8 0.0269097475012
63 91 0 8 0.026882378364
12 80 0 8 0.0268776617817
14 34 0 8 0.0268548055666
54 93 0 8 0.0267945661558
42 75 0 8 0.0267858388586
9 54 0 8 0.0267726819547
9 46 0 8 0.0267379093108
60 93 0 8 0.0267339217391
49 67 0 8 0.0267330376692
62 78 0 8 0.0267134793588
29 66 0 8 0.0267001535096
63 77 0 8 0.0266856867012
41 80 0 8 0.0266638927586
17 34 0 8 0.0265785036424
57 74 0 8 0.0265402734058
19 32 0 8 0.0265398359995
4 36 0 8 0.0265035567339
55 73 0 8 0.0264997913368
12 64 0 8 0.0264955144752
57 72 0 8 0.0264892357276
13 26 0 8 0.0264762061112
12 73 0 8 0.0264678930772
27 65 0 8 0.0264576730442
44 85 0 8 0.0264572171233
43 80 0 8 0.0263760053531
42 58 0 8 0.0263655006589
40 67 0 8 0.0263575093152
13 58 0 8 0.0263422718385
13 45 0 8 0.0263105818675
71 86 0 8 0.026303201504
53 78 0 8 0.0263023498346
40 58 0 8 0.0262900260856
24 40 0 8 0.0262746335495
15 64 0 8 0.0262186339712
19 82 0 8 0.0262017926714
13 80 0 8 0.0261865482517
74 86 0 8 0.0261814752643
36 77 0 8 0.0261800241863
39 77 0 8 0.026178505993
23 50 0 8 0.0261764045913
54 64 0 8 0.0261723036179
4 83 0 8 0.0261687048517
19 84 0 8 0.0261667723953
40 57 0 8 0.0261661845583
51 81 0 8 0.0261208123331
40 64 0 8 0.0261114879416
4 56 0 8 0.0260776456539
4 41 0 8 0.0260592560746
21 34 0 8 0.0260495914782
23 77 0 8 0.0260307205206
16 83 0 8 0.0260178945644
42 82 0 8 0.0260115186153
33 61 0 8 0.0260107201753
19 30 0 8 0.0258872281101
36 57 0 8 0.0258863556118
32 76 0 8 0.025871944347
65 93 0 8 0.0258202401448
11 85 0 8 0.0257881197106
39 69 0 8 0.0257591629505
14 25 0 8 0.0257549717186
44 65 0 8 0.02574296966
9 26 0 8 0.0257414190662
17 41 0 8 0.0257389751453
22 34 0 8 0.0257352421486
16 46 0 8 0.0257219394427
11 26 0 8 0.0257106895377
53 91 0 8 0.0256374806828
24 50 0 8 0.0256354186245
7 84 0 8 0.025621074475
31 57 0 8 0.0256187416414
15 51 0 8 0.0256088872708
46 75 0 8 0.0256002178316
49 82 0 8 0.0255970564717
4 35 0 8 0.0255917358522
36 50 0 8 0.0255845799777
46 60 0 8 0.0255558430779
14 30 0 8 0.0255374303554
33 77 0 8 0.0255300569349
27 83 0 8 0.0255294852981
23 51 0 8 0.0255285572561
48 80 0 8 0.0255254606972
73 88 0 8 0.0255190500334
24 41 0 8 0.025510306536
24 42 0 8 0.0255029632016
9 33 0 8 0.0254869481137
8 52 0 8 0.0254702873308
20 84 0 8 0.025462027526
16 77 0 8 0.0254482550133
4 46 0 8 0.0254453736861
30 75 0 8 0.0254262412104
10 29 0 8 0.0254245633291
13 51 0 8 0.0254119040038
35 77 0 8 0.0254015867694
70 90 0 8 0.0253142466823
13 48 0 8 0.02531170556
8 87 0 8 0.0253101850524
24 54 0 8 0.0252754910953
40 75 0 8 0.0252569973717
53 81 0 8 0.025208024066
71 81 0 8 0.0252033421985
30 61 0 8 0.0251895951433
32 54 0 8 0.0251884657556
25 35 0 8 0.0251824253828
3 31 0 8 0.0251807706447
43 87 0 8 0.0251737883441
53 93 0 8 0.0251600412889
26 37 0 8 0.025151540795
42 65 0 8 0.0251481665178
9 82 0 8 0.0251455397656
64 93 0 8 0.0251123663162
26 65 0 8 0.0250955620455
11 54 0 8 0.0250587204003
31 71 0 8 0.0250576257274
17 32 0 8 0.0250315595518
26 64 0 8 0.0250088769107
14 44 0 8 0.0249393524517
62 90 0 8 0.0249308542721
11 25 0 8 0.024925637797
17 46 0 8 0.0248976299077
70 89 0 8 0.0248966486364
76 86 0 8 0.0248712073269
61 73 0 8 0.0248661621114
49 76 0 8 0.0248317227294
12 52 0 8 0.024798970486
5 42 0 8 0.0247828350535
39 87 0 8 0.0247737559799
43 81 0 8 0.0247566485333
15 80 0 8 0.0247403441556
37 51 0 8 0.0246812109892
71 87 0 8 0.0246755200786
9 84 0 8 0.0246667048373
16 27 0 8 0.0246300390804
27 84 0 8 0.0246193075829
15 77 0 8 0.0246170117784
29 54 0 8 0.0246114874988
26 60 0 8 0.0245584618204
41 84 0 8 0.024551016656
9 37 0 8 0.0245238766364
8 27 0 8 0.024501504114
16 82 0 8 0.0244813857384
52 81 0 8 0.024411553475
20 80 0 8 0.0244020207948
15 60 0 8 0.0243972509832
59 69 0 8 0.0243967696048
26 85 0 8 0.0243923747129
27 85 0 8 0.0243204873342
12 53 0 8 0.0243044861322
57 73 0 8 0.0243020607258
72 83 0 8 0.0243008850518
50 70 0 8 0.0243003712729
15 67 0 8 0.0242919170654
63 75 0 8 0.0242851708253
26 75 0 8 0.0242807273327
40 61 0 8 0.0242781144665
21 83 0 8 0.0242637911458
68 88 0 8 0.0242613634251
5 83 0 8 0.0242575910851
37 53 0 8 0.0242366094684
13 73 0 8 0.0241956182492
26 86 0 8 0.0241930794412
34 57 0 8 0.0241517271882
64 74 0 8 0.0240901963873
25 81 0 8 0.024074352559
54 80 0 8 0.0240723367871
42 81 0 8 0.0240713022865
16 75 0 8 0.0240643315574
13 60 0 8 0.0240444561853
21 39 0 8 0.0240142705218
12 25 0 8 0.0240137775718
59 79 0 8 0.023990240947
21 81 0 8 0.0239790002993
43 77 0 8 0.0239725433491
72 84 0 8 0.0239634272463
40 65 0 8 0.0239188673471
26 39 0 8 0.0239171640083
35 69 0 8 0.0238852449198
5 33 0 8 0.0238848908289
35 57 0 8 0.0238737172965
7 30 0 8 0.0238689521136
23 66 0 8 0.0238662443603
57 81 0 8 0.0238502732444
8 80 0 8 0.0238488684527
33 68 0 8 0.0238403471299
48 84 0 8 0.0237894066531
47 76 0 8 0.023747422591
4 49 0 8 0.0237307895799
32 66 0 8 0.0236997707615
11 82 0 8 0.0236874284979
30 58 0 8 0.0236869054618
8 49 0 8 0.0236861185933
71 89 0 8 0.0236718508163
9 32 0 8 0.0236631327764
24 51 0 8 0.0236611771768
5 50 0 8 0.0236386033086
66 90 0 8 0.0236276704654
11 45 0 8 0.023614444132
32 50 0 8 0.0236083574728
4 64 0 8 0.0235768734763
11 48 0 8 0.0235636911149
31 76 0 8 0.023526532408
34 50 0 8 0.02352280404
60 89 0 8 0.0235040071406
26 81 0 8 0.0234903850586
31 90 0 8 0.0234598892763
27 60 0 8 0.0234460889918
7 45 0 8 0.0233894599186
9 51 0 8 0.0233756411195
11 79 0 8 0.0233686194755
49 75 0 8 0.0233622967558
40 87 0 8 0.0233539258637
60 76 0 8 0.0233478716051
33 70 0 8 0.0233467908181
4 40 0 8 0.0233383342962
25 36 0 8 0.0233290585054
69 90 0 8 0.023324906617
16 44 0 8 0.0233020226301
40 69 0 8 0.0232721563426
22 81 0 8 0.0232659724821
17 27 0 8 0.0232327527463
8 26 0 8 0.0232268651186
16 81 0 8 0.0232200077912
7 48 0 8 0.0231633625178
27 63 0 8 0.0231605413629
9 45 0 8 0.0231423971014
11 75 0 8 0.0231307051615
14 47 0 8 0.0230946017842
29 72 0 8 0.0230868650155
56 81 0 8 0.0230770013877
4 60 0 8 0.0230724259789
4 82 0 8 0.0230614190774
23 73 0 8 0.0230611135873
27 82 0 8 0.0230600328003
48 81 0 8 0.0230270375535
4 55 0 8 0.0229825007974
3 33 0 8 0.0229650855465
9 81 0 8 0.0229496582956
15 81 0 8 0.0229457100673
41 81 0 8 0.0229012913415
16 50 0 8 0.0228540098031
19 43 0 8 0.0228448196421
15 87 0 8 0.0228300103144
45 60 0 8 0.0228284597206
6 33 0 8 0.0228245415785
45 56 0 8 0.0228139836549
21 79 0 8 0.0227418509584
27 81 0 8 0.0226913779739
16 86 0 8 0.022690500847
71 83 0 8 0.0226180649747
35 50 0 8 0.0226119806299
5 82 0 8 0.0225909735557
20 85 0 8 0.0225871688152
52 66 0 8 0.0225846022353
12 49 0 8 0.0225709037808
38 52 0 8 0.0225695290753
19 79 0 8 0.022523249637
20 30 0 8 0.0225225321981
9 79 0 8 0.0225221364495
12 77 0 8 0.0224704183615
7 85 0 8 0.022426168581
49 93 0 8 0.0223968392155
7 64 0 8 0.0223930715041
62 77 0 8 0.0223781302602
72 82 0 8 0.0223656329373
33 76 0 8 0.0223590556425
52 91 0 8 0.0223549454118
32 63 0 8 0.0223546399217
5 41 0 8 0.0223347738069
43 69 0 8 0.0223341257975
12 57 0 8 0.0223329593807
23 69 0 8 0.0222953424387
40 55 0 8 0.022262863285
67 93 0 8 0.0222428791399
12 87 0 8 0.0222227908504
47 59 0 8 0.02220907851
29 87 0 8 0.0222021610103
36 61 0 8 0.0221828225602
49 81 0 8 0.0221468811852
19 47 0 8 0.0221431042165
51 72 0 8 0.0221402761186
26 79 0 8 0.0221330647004
27 86 0 8 0.0221330485001
50 78 0 8 0.0220968895791
44 82 0 8 0.022079981164
11 51 0 8 0.0220795923584
27 38 0 8 0.0220714991847
14 36 0 8 0.0220608070306
31 53 0 8 0.0220603626813
29 74 0 8 0.0220395916678
41 60 0 8 0.0220375319238
23 53 0 8 0.0220043584744
26 87 0 8 0.0219593889407
14 82 0 8 0.0219524783839
8 53 0 8 0.0219117278539
55 74 0 8 0.0218959141117
13 87 0 8 0.0218930929568
22 36 0 8 0.0218588294631
30 67 0 8 0.0218461516233
57 71 0 8 0.0218279911616
38 53 0 8 0.0218222030496
3 38 0 8 0.0218062874774
31 70 0 8 0.0217943317051
36 69 0 8 0.0217849378841
30 63 0 8 0.0217842690458
7 60 0 8 0.0217771756579
37 66 0 8 0.0217557311775
71 82 0 8 0.0217553308003
4 45 0 8 0.0217335854584
9 23 0 8 0.0217281329227
30 87 0 8 0.0216918166279
4 44 0 8 0.0216407835783
23 87 0 8 0.0216081887086
71 90 0 8 0.0215875704401
48 79 0 8 0.0215736150961
14 37 0 8 0.0215728536852
66 93 0 8 0.0215688545418
29 71 0 8 0.0215625572797
9 34 0 8 0.0215487107087
24 66 0 8 0.0215344591319
12 22 0 8 0.0215236119185
11 56 0 8 0.0214863282384
33 66 0 8 0.0214849882477
45 83 0 8 0.0214500536014
72 85 0 8 0.0213797793031
7 44 0 8 0.0213771571796
50 65 0 8 0.0213403039628
16 85 0 8 0.0213400470734
9 30 0 8 0.0213222268166
57 75 0 8 0.021289951323
39 57 0 8 0.021287731891
43 64 0 8 0.0212645678715
7 23 0 8 0.0212539983764
66 89 0 8 0.0212229471575
35 61 0 8 0.0212152960187
10 20 0 8 0.0211849437242
17 35 0 8 0.0211614533857
67 89 0 8 0.0211160649602
22 37 0 8 0.0211125495096
38 57 0 8 0.0210905981933
39 55 0 8 0.0210555478311
30 62 0 8 0.0210493084269
33 57 0 8 0.0210449551927
23 46 0 8 0.0210444414139
27 75 0 8 0.0210424464709
22 35 0 8 0.0210352489386
24 77 0 8 0.0210249363328
32 57 0 8 0.0210120756618
7 81 0 8 0.0209958499709
31 52 0 8 0.0209590823839
28 81 0 8 0.0209560621975
29 69 0 8 0.0209529193523
32 68 0 8 0.0209323797706
17 83 0 8 0.020917223295
27 37 0 8 0.0209144970272
14 79 0 8 0.0209076859862
35 76 0 8 0.0209041751642
9 75 0 8 0.020902476454
17 30 0 8 0.0208883521647
31 59 0 8 0.0208721727602
61 91 0 8 0.020855285174
24 61 0 8 0.0208443569594
9 24 0 8 0.0208044395842
69 89 0 8 0.0207852561935
20 88 0 8 0.0207585535801
46 83 0 8 0.0207168310361
33 55 0 8 0.0206757194722
14 46 0 8 0.02066505509
71 85 0 8 0.0206173153164
55 65 0 8 0.0206167483082
16 87 0 8 0.0206033067431
30 90 0 8 0.0205627459872
49 79 0 8 0.0205268184981
29 76 0 8 0.0205157606816
42 61 0 8 0.0204701616531
67 90 0 8 0.0204574328983
17 43 0 8 0.0204485898851
15 78 0 8 0.0204350765761
9 49 0 8 0.0204294620381
27 64 0 8 0.0204138241842
39 66 0 8 0.0204099639
11 27 0 8 0.0204094616928
21 40 0 8 0.0204045391361
5 54 0 8 0.0203925208772
13 77 0 8 0.0203617172905
21 84 0 8 0.0202983142055
42 87 0 8 0.0202931625312
58 93 0 8 0.0202774066471
23 78 0 8 0.0202650204114
18 40 0 8 0.0202367371182
22 38 0 8 0.0202349620355
12 90 0 8 0.0202276071295
17 40 0 8 0.020142868337
38 69 0 8 0.0201329977662
40 70 0 8 0.0201204032419
27 73 0 8 0.0200903194084
16 65 0 8 0.0200393210735
47 74 0 8 0.0200133405277
10 42 0 8 0.0199922223663
26 76 0 8 0.0199854576117
4 58 0 8 0.0199851359213
55 82 0 8 0.0199648972011
9 56 0 8 0.0199504558502
4 87 0 8 0.0199405551932
61 93 0 8 0.0199351744014
20 89 0 8 0.0199320662709
24 80 0 8 0.0199164006452
4 90 0 8 0.0199064236157
4 29 0 8 0.0198631389063
7 80 0 8 0.0198500190315
26 56 0 8 0.0198470636461
25 37 0 8 0.0198237075381
34 76 0 8 0.0197974677886
4 84 0 8 0.0197940611109
10 46 0 8 0.0197719130775
56 80 0 8 0.0197718043045
24 78 0 8 0.019763292239
14 27 0 8 0.0197541715075
26 77 0 8 0.0197477585294
16 45 0 8 0.0197051172007
46 91 0 8 0.0196903240732
26 66 0 8 0.0196876255772
47 80 0 8 0.0196571598811
18 29 0 8 0.0196423528677
28 64 0 8 0.0196355973704
52 93 0 8 0.0196300476333
38 61 0 8 0.0196233268507
42 78 0 8 0.0196210287319
58 89 0 8 0.0196161732905
53 63 0 8 0.0196044072924
43 57 0 8 0.0196043077766
19 85 0 8 0.0195831849866
21 85 0 8 0.0195821203998
5 47 0 8 0.0195800074265
21 41 0 8 0.0195692898149
15 58 0 8 0.0195191385208
8 19 0 8 0.0195066481409
15 93 0 8 0.0194743356181
4 52 0 8 0.0194698250103
47 77 0 8 0.0194577974941
32 70 0 8 0.0194561242414
62 75 0 8 0.0194515303181
62 93 0 8 0.0194424720733
7 58 0 8 0.0194399216936
22 41 0 8 0.0193816633399
19 78 0 8 0.0193798905715
16 73 0 8 0.0193603785475
47 91 0 8 0.0193596402797
33 88 0 8 0.0193550255275
23 52 0 8 0.0193547732667
12 69 0 8 0.0193436066772
15 76 0 8 0.0193048626618
8 77 0 8 0.0193036869877
20 87 0 8 0.0192904629686
27 79 0 8 0.01928461237
62 76 0 8 0.0192739503021
3 37 0 8 0.019262177361
14 83 0 8 0.0192550284294
61 92 0 8 0.0192526076517
48 68 0 8 0.019249636066
11 86 0 8 0.0192250626262
51 92 0 8 0.0192119635803
20 46 0 8 0.0192063883857
48 67 0 8 0.0191968649628
29 62 0 8 0.0191822569808
20 43 0 8 0.0191757259724
44 73 0 8 0.0191512265909
32 78 0 8 0.0191449547862
17 28 0 8 0.0191285971791
48 70 0 8 0.0191089995252
32 62 0 8 0.0190991173828
5 31 0 8 0.0190989715807
4 79 0 8 0.01909693498
71 84 0 8 0.0190861456245
24 53 0 8 0.0190494659817
41 73 0 8 0.0190224231634
41 86 0 8 0.0190127238522
20 65 0 8 0.0189931308271
8 61 0 8 0.0189542271236
42 57 0 8 0.018938656385
20 90 0 8 0.0189342406642
7 86 0 8 0.018932868273
3 39 0 8 0.0189307807572
23 44 0 8 0.0189190379023
4 30 0 8 0.0189059781998
4 65 0 8 0.0188527766332
10 47 0 8 0.0188262568511
13 90 0 8 0.0188138058145
21 65 0 8 0.0188127620566
39 90 0 8 0.0188084689948
65 91 0 8 0.0187898178974
27 87 0 8 0.0187830670287
46 61 0 8 0.0187740944137
24 52 0 8 0.0187649759966
3 50 0 8 0.0187343575554
26 47 0 8 0.01872367003
7 75 0 8 0.0187132995663
30 77 0 8 0.0186783695487
26 41 0 8 0.0186752706754
24 76 0 8 0.018657931797
11 24 0 8 0.0186565108051
42 77 0 8 0.0186353579289
21 80 0 8 0.0186198080191
63 93 0 8 0.0186144480562
23 57 0 8 0.0185938043301
5 55 0 8 0.0185929596037
14 45 0 8 0.018589603841
29 88 0 8 0.0185832394636
31 68 0 8 0.0185729291722
48 78 0 8 0.0185709157146
41 67 0 8 0.0185438127241
19 50 0 8 0.0185233448863
26 73 0 8 0.0185057259753
20 44 0 8 0.0185027659612
11 65 0 8 0.0184986858167
17 82 0 8 0.0184793172804
20 64 0 8 0.0184667505279
23 47 0 8 0.0184560722598
63 76 0 8 0.0184517514261
4 81 0 8 0.0184384926922
45 75 0 8 0.0184359075978
20 69 0 8 0.0184163816879
24 87 0 8 0.018406902237
24 73 0 8 0.0184035302741
37 57 0 8 0.0183929422644
32 51 0 8 0.0183632310363
3 46 0 8 0.0183604492248
21 42 0 8 0.018347808414
3 32 0 8 0.018342092046
9 21 0 8 0.018338516423
5 49 0 8 0.0183185045061
11 21 0 8 0.0183162110159
30 72 0 8 0.0183055674625
44 57 0 8 0.0182761964393
5 56 0 8 0.0182678533191
46 84 0 8 0.0182669021339
28 82 0 8 0.0182603711255
48 59 0 8 0.0182435714835
30 78 0 8 0.0182388525869
4 88 0 8 0.0182387970432
16 76 0 8 0.0182189031566
9 65 0 8 0.0182032977031
9 85 0 8 0.0182013282176
41 85 0 8 0.018198016427
49 66 0 8 0.0181959219683
29 78 0 8 0.0181812260422
5 38 0 8 0.0181811427268
38 78 0 8 0.0181732971851
33 90 0 8 0.0181686407752
11 28 0 8 0.0181561110518
5 46 0 8 0.0181395173841
20 66 0 8 0.0181394710977
11 60 0 8 0.0181379968765
9 48 0 8 0.0181261822777
20 86 0 8 0.0181113798929
32 71 0 8 0.0180837122086
22 82 0 8 0.0180597914067
25 83 0 8 0.0180585301028
13 28 0 8 0.0180561023821
10 39 0 8 0.0180224406114
35 52 0 8 0.018017556241
72 89 0 8 0.0180085986691
37 87 0 8 0.0179629290538
33 51 0 8 0.0179617383367
3 42 0 8 0.0179276738744
31 74 0 8 0.0178750265872
31 55 0 8 0.0178707115393
4 89 0 8 0.0178635487218
30 71 0 8 0.0178586226937
29 90 0 8 0.0178550424421
39 78 0 8 0.0178548989543
4 61 0 8 0.0178262627274
1 93 0 8 0.0178194401148
10 32 0 8 0.0178121187665
24 69 0 8 0.0178074206988
25 75 0 8 0.0177842381647
58 90 0 8 0.0177563332626
48 91 0 8 0.017751577337
15 49 0 8 0.0177511191018
26 67 0 8 0.0177438035392
47 66 0 8 0.0177395810641
29 50 0 8 0.0177232176712
50 74 0 8 0.0177209392241
34 78 0 8 0.0177065661455
47 78 0 8 0.0177043050558
47 93 0 8 0.0176979939077
55 92 0 8 0.0176899528061
14 84 0 8 0.017675190922
30 66 0 8 0.0176648250869
30 54 0 8 0.0176638947306
21 43 0 8 0.0176628822161
16 78 0 8 0.0176401405598
11 58 0 8 0.0176239877699
41 58 0 8 0.0176185398628
10 43 0 8 0.017609989611
50 92 0 8 0.0176055623187
25 38 0 8 0.0176018964373
53 65 0 8 0.0175973557433
37 52 0 8 0.0175957877921
46 82 0 8 0.017581649617
28 83 0 8 0.0175810166507
11 90 0 8 0.0175793676984
30 56 0 8 0.0175731768949
25 84 0 8 0.017561449083
31 89 0 8 0.0175410124885
26 63 0 8 0.0175080253418
26 80 0 8 0.0174996289922
53 79 0 8 0.0174967094787
44 61 0 8 0.0174938362516
38 87 0 8 0.0174921062981
21 54 0 8 0.0174636552167
29 77 0 8 0.0174391130202
4 80 0 8 0.017435317537
51 74 0 8 0.0174311367196
9 35 0 8 0.0174258577578
46 73 0 8 0.0173892915166
9 20 0 8 0.0173886030067
22 39 0 8 0.0173859924548
14 81 0 8 0.017370500403
19 73 0 8 0.017357857278
12 61 0 8 0.0173559907796
21 56 0 8 0.0173557443046
11 64 0 8 0.0173433823694
44 87 0 8 0.0173362646811
43 66 0 8 0.0173230383477
35 53 0 8 0.017319653656
3 34 0 8 0.0173123496651
38 77 0 8 0.0173079131154
33 62 0 8 0.0172882205745
11 67 0 8 0.0172777112517
3 40 0 8 0.017266978597
26 69 0 8 0.0172629123384
20 49 0 8 0.0172300767796
3 47 0 8 0.0172165218128
11 22 0 8 0.0172059905039
19 86 0 8 0.0171810444587
59 75 0 8 0.0171596960226
21 64 0 8 0.0171258653065
17 75 0 8 0.0170990354056
19 64 0 8 0.0170906008698
27 80 0 8 0.0170869280454
37 61 0 8 0.0170618095835
3 41 0 8 0.0170506198508
28 80 0 8 0.0170493631756
33 59 0 8 0.0170484710056
5 40 0 8 0.0170402250868
8 55 0 8 0.0170294010165
29 57 0 8 0.0170288988093
51 65 0 8 0.0170014556138
45 84 0 8 0.0169868904468
46 87 0 8 0.0169793098947
7 27 0 8 0.0169658046858
7 24 0 8 0.0169651659338
13 49 0 8 0.0169395302215
56 74 0 8 0.0169073681295
27 62 0 8 0.0168866214163
38 90 0 8 0.0168514622811
20 47 0 8 0.0168259492277
31 88 0 8 0.0168243315187
11 81 0 8 0.0168239207271
9 25 0 8 0.0167871635546
55 76 0 8 0.0167823034845
10 26 0 8 0.0167714169277
3 43 0 8 0.0167706821314
9 67 0 8 0.016758181337
16 80 0 8 0.0167541983938
14 35 0 8 0.0167015950787
17 84 0 8 0.0166971319144
22 42 0 8 0.0166890306405
28 60 0 8 0.0166705913034
3 56 0 8 0.0166637328189
9 60 0 8 0.0166390621777
3 93 0 8 0.0166313601238
30 69 0 8 0.0166119210008
8 57 0 8 0.0166095083232
44 64 0 8 0.016609194733
11 57 0 8 0.0166088325421
42 66 0 8 0.0165455440158
59 78 0 8 0.0165433268982
27 76 0 8 0.016539162281
10 83 0 8 0.0165348217756
57 79 0 8 0.0165317136451
24 47 0 8 0.0165304315123
41 75 0 8 0.0165236852723
12 66 0 8 0.0165122941939
22 83 0 8 0.0165113175512
34 68 0 8 0.0165011727336
9 86 0 8 0.016496134461
7 49 0 8 0.0164774185627
7 73 0 8 0.0164597938659
7 65 0 8 0.0164563617308
9 27 0 8 0.016455993754
26 61 0 8 0.0164547266643
22 79 0 8 0.0164381561398
30 76 0 8 0.0164279580929
17 47 0 8 0.0164268182908
9 64 0 8 0.01641516338
33 78 0 8 0.016409621743
12 76 0 8 0.0164029530326
5 34 0 8 0.0163918211579
11 49 0 8 0.0163863304359
5 39 0 8 0.0163829040866
16 54 0 8 0.0163749752294
20 48 0 8 0.0163615070497
9 52 0 8 0.0163433049302
46 85 0 8 0.0163389702106
5 48 0 8 0.0163353263153
53 80 0 8 0.016320722962
21 86 0 8 0.0163013972407
9 55 0 8 0.0162940284488
19 65 0 8 0.0162788175867
4 85 0 8 0.0162768076006
44 77 0 8 0.0162738499009
13 66 0 8 0.0162384026329
9 58 0 8 0.0162327753661
20 73 0 8 0.0162235053611
28 61 0 8 0.0162179903388
14 75 0 8 0.0162134369161
5 43 0 8 0.016202686904
12 28 0 8 0.0161994190855
3 35 0 8 0.0161829746914
11 80 0 8 0.0161775881138
9 73 0 8 0.0161434935653
5 64 0 8 0.016132407977
27 61 0 8 0.0161079178527
15 52 0 8 0.0161024213449
45 67 0 8 0.0160953811864
32 90 0 8 0.0160867001756
5 84 0 8 0.016085680718
68 90 0 8 0.0160806019448
15 69 0 8 0.0160775539866
33 53 0 8 0.0160681671085
9 53 0 8 0.016064391297
38 76 0 8 0.0160626254715
11 77 0 8 0.0160594826262
32 74 0 8 0.0160227879403
46 58 0 8 0.0160015089337
26 40 0 8 0.015992277115
3 90 0 8 0.0159804011867
23 61 0 8 0.0159748873215
15 28 0 8 0.0159352071641
36 76 0 8 0.0159290649613
16 28 0 8 0.0159173626069
27 66 0 8 0.0159110549303
4 63 0 8 0.0159062457753
29 68 0 8 0.0158980056423
16 64 0 8 0.0158805568337
7 55 0 8 0.0158779902539
27 39 0 8 0.0158720609684
4 77 0 8 0.0158581171961
28 84 0 8 0.0158528856778
29 51 0 8 0.0158361045503
20 67 0 8 0.0158298339028
27 78 0 8 0.0158217268432
29 89 0 8 0.0158124348521
31 93 0 8 0.0158079450731
19 75 0 8 0.0157728866108
16 48 0 8 0.0157685518912
17 81 0 8 0.0157664701612
41 65 0 8 0.0157433211848
76 87 0 8 0.0157328141763
23 63 0 8 0.0157277573891
5 51 0 8 0.0157268721621
4 86 0 8 0.0157093261521
36 55 0 8 0.015696066261
5 32 0 8 0.0156954633809
26 54 0 8 0.0156813795923
5 81 0 8 0.0156141613522
50 71 0 8 0.0156140641508
9 80 0 8 0.0156075620714
13 52 0 8 0.0156040605067
21 50 0 8 0.0156032771097
1 47 0 8 0.0155870618332
48 76 0 8 0.0155586743956
37 69 0 8 0.0155440235987
23 76 0 8 0.0155416502645
46 69 0 8 0.0155391716288
62 74 0 8 0.015526385016
26 78 0 8 0.0155219912813
33 63 0 8 0.0155081678535
25 88 0 8 0.0154988677624
25 77 0 8 0.0154744968255
29 59 0 8 0.0154727830722
59 70 0 8 0.0154472688617
19 44 0 8 0.0153907474044
17 44 0 8 0.0153790184354
11 69 0 8 0.0153691733221
37 77 0 8 0.0153595145115
62 91 0 8 0.0153594520249
19 77 0 8 0.0153363342918
39 63 0 8 0.015328560494
19 69 0 8 0.0153122734736
3 60 0 8 0.0153054450752
19 80 0 8 0.0152979906535
59 93 0 8 0.0152926978058
10 37 0 8 0.0152893941154
13 69 0 8 0.0152707846758
7 93 0 8 0.0152651088083
20 50 0 8 0.015258941148
52 92 0 8 0.015254045206
33 89 0 8 0.0152228597567
34 51 0 8 0.0152162153466
74 89 0 8 0.0151895786914
18 31 0 8 0.0151872134573
8 69 0 8 0.0151705341598
27 77 0 8 0.0151631318103
25 79 0 8 0.0151163432218
41 61 0 8 0.0151163050356
16 67 0 8 0.0150692213714
40 77 0 8 0.0150690651549
7 52 0 8 0.0150530755245
60 91 0 8 0.0150487570051
21 87 0 8 0.0150429168209
25 78 0 8 0.01502341984
7 67 0 8 0.0150232497375
45 86 0 8 0.0150095663261
42 64 0 8 0.0149818835986
14 28 0 8 0.0149698583968
28 75 0 8 0.0149660617563
33 74 0 8 0.0149418956367
28 87 0 8 0.0149369927518
14 80 0 8 0.0149290314942
18 39 0 8 0.0149089779195
47 72 0 8 0.0148879604309
22 80 0 8 0.0148877995858
25 80 0 8 0.0148804446798
20 54 0 8 0.0148727634548
40 90 0 8 0.0148641993171
21 75 0 8 0.0148632504463
41 90 0 8 0.0148623096756
4 62 0 8 0.0148397311788
43 61 0 8 0.0148104180136
47 57 0 8 0.0148080458366
56 77 0 8 0.0147868131163
7 90 0 8 0.0147737186991
28 65 0 8 0.0147573194342
5 53 0 8 0.0147468783837
23 45 0 8 0.0147397838387
19 60 0 8 0.0147269613539
14 54 0 8 0.0147247303503
11 73 0 8 0.0147093517001
45 85 0 8 0.0146771294358
20 56 0 8 0.0146664222387
33 50 0 8 0.0146542766923
3 58 0 8 0.014647449451
15 66 0 8 0.0146402993623
50 72 0 8 0.0146382234181
24 63 0 8 0.0146366242236
10 50 0 8 0.0146318868125
19 87 0 8 0.0146269295411
14 64 0 8 0.0146252562884
1 46 0 8 0.0146169027537
60 92 0 8 0.0146148534242
19 45 0 8 0.0146113715312
19 90 0 8 0.0145925387598
20 75 0 8 0.0145909580799
59 76 0 8 0.0145893102847
7 53 0 8 0.0145856918468
3 54 0 8 0.0145844120284
5 37 0 8 0.0145801941819
38 66 0 8 0.0145749221631
38 55 0 8 0.0145503892239
3 36 0 8 0.0145285003942
15 53 0 8 0.0145230825733
4 75 0 8 0.014520092473
20 68 0 8 0.0145099059977
42 90 0 8 0.0145096583655
21 66 0 8 0.0145094570198
5 87 0 8 0.0145084236763
11 87 0 8 0.0145045911639
19 48 0 8 0.0144870856546
27 74 0 8 0.0144796856194
25 40 0 8 0.014478848993
22 84 0 8 0.0144519751201
1 48 0 8 0.0144473580535
30 70 0 8 0.0144425407984
22 78 0 8 0.014442421611
6 46 0 8 0.0144409821045
13 76 0 8 0.0144340275757
16 51 0 8 0.0144251625766
25 64 0 8 0.0144226156684
18 32 0 8 0.0144165695099
75 93 0 8 0.0144135770953
5 36 0 8 0.014395651537
26 88 0 8 0.0143799361535
14 77 0 8 0.0143629513659
41 87 0 8 0.0143599091934
4 91 0 8 0.0143437702895
21 67 0 8 0.0143292375229
10 38 0 8 0.0143288221026
17 77 0 8 0.0143223605238
34 74 0 8 0.0143199559463
41 69 0 8 0.0143117968145
25 39 0 8 0.0143099256875
27 69 0 8 0.0143025406954
7 87 0 8 0.0142997843414
27 47 0 8 0.0142961635892
28 85 0 8 0.0142955502946
26 74 0 8 0.014294893028
5 88 0 8 0.0142911403597
4 53 0 8 0.0142776883801
12 78 0 8 0.0142772694884
8 66 0 8 0.0142650683983
57 93 0 8 0.0142605635762
18 38 0 8 0.0142449581228
23 93 0 8 0.0142397150329
10 41 0 8 0.0142310374936
27 67 0 8 0.0142303026973
3 55 0 8 0.0142013112224
15 90 0 8 0.0141940419462
20 55 0 8 0.0141861524326
66 91 0 8 0.0141835198946
4 57 0 8 0.0141831611752
32 88 0 8 0.014179170132
12 88 0 8 0.0141766185952
48 93 0 8 0.0141732674612
8 93 0 8 0.0141729885857
18 41 0 8 0.014157997584
47 70 0 8 0.0141570232557
25 65 0 8 0.0141522117864
9 90 0 8 0.0141442852436
10 21 0 8 0.0141230351659
48 77 0 8 0.0141064264552
42 69 0 8 0.0140929929902
2 40 0 8 0.0140835146965
14 88 0 8 0.0140806657697
53 64 0 8 0.0140690814456
43 76 0 8 0.0140556792239
20 77 0 8 0.0140464277335
10 84 0 8 0.0140429597264
9 77 0 8 0.0140400297984
13 78 0 8 0.0140221586266
57 78 0 8 0.0140189926382
39 49 0 8 0.0140102479836
27 68 0 8 0.0139904466697
17 79 0 8 0.0139895186277
22 40 0 8 0.013982499298
75 88 0 8 0.0139773800243
14 50 0 8 0.0139763883385
23 90 0 8 0.0139695275397
21 69 0 8 0.0139644846385
25 87 0 8 0.0139585900678
49 70 0 8 0.0139401692452
49 78 0 8 0.013929287317
61 74 0 8 0.0139196481781
4 93 0 8 0.0138993782146
25 69 0 8 0.013890952936
25 76 0 8 0.0138905560303
48 75 0 8 0.0138685051983
20 52 0 8 0.0138611317778
16 69 0 8 0.0138600255333
9 88 0 8 0.0138581428347
14 89 0 8 0.0138473916655
29 52 0 8 0.0138383982216
4 69 0 8 0.013833475665
5 29 0 8 0.0138306649245
10 48 0 8 0.0138273589197
26 57 0 8 0.0138144727911
44 81 0 8 0.0138102896594
48 72 0 8 0.0137892409276
4 73 0 8 0.013787394101
46 86 0 8 0.0137870515817
17 80 0 8 0.0137849200939
22 75 0 8 0.0137819461939
3 51 0 8 0.0137630844935
5 85 0 8 0.0137629849778
52 62 0 8 0.0137624700418
14 78 0 8 0.0137418078012
35 68 0 8 0.0137335028673
4 67 0 8 0.0137282863921
28 79 0 8 0.0137269267297
5 60 0 8 0.0137139028991
42 88 0 8 0.0137134122635
7 63 0 8 0.0136916565071
45 58 0 8 0.0136852122857
42 76 0 8 0.0136729406089
20 60 0 8 0.0136647236191
49 80 0 8 0.0136459984635
23 55 0 8 0.0136373498532
8 90 0 8 0.0136366763863
10 25 0 8 0.0136335971848
5 58 0 8 0.0136226122694
15 88 0 8 0.0136169109444
47 62 0 8 0.0136110001735
18 28 0 8 0.0136055082944
3 89 0 8 0.013591303004
39 62 0 8 0.0135895591646
11 78 0 8 0.0135838636253
17 85 0 8 0.0135603825441
3 48 0 8 0.0135530854961
14 76 0 8 0.0135375286434
5 75 0 8 0.0135310161495
73 90 0 8 0.0135250614066
20 76 0 8 0.0135131426634
5 44 0 8 0.0134962735918
45 64 0 8 0.0134579947545
14 48 0 8 0.013457077127
21 73 0 8 0.0134221852956
44 69 0 8 0.0134058010738
60 74 0 8 0.0134028375883
3 49 0 8 0.0133886762699
28 67 0 8 0.0133865447821
19 67 0 8 0.0133808689146
14 86 0 8 0.0133800473313
23 88 0 8 0.0133649336707
28 73 0 8 0.0133518658681
23 68 0 8 0.0133194561439
37 76 0 8 0.0133144097712
14 90 0 8 0.0133140406373
17 65 0 8 0.0133116163881
19 71 0 8 0.0133039328488
29 53 0 8 0.0132868751602
39 76 0 8 0.0132719802027
1 58 0 8 0.0132680273457
13 61 0 8 0.0132641855761
46 59 0 8 0.0132574034641
45 61 0 8 0.0132554432358
59 91 0 8 0.013247277161
43 93 0 8 0.0132433243041
13 93 0 8 0.0132380210419
22 85 0 8 0.0132351941012
55 93 0 8 0.0132297207366
28 74 0 8 0.0132166459911
10 82 0 8 0.0132153372436
12 89 0 8 0.0132071595972
20 51 0 8 0.0131973434129
5 63 0 8 0.0131971848821
52 64 0 8 0.0131932181392
19 49 0 8 0.0131834239409
17 78 0 8 0.0131626008552
14 85 0 8 0.0131325332219
24 57 0 8 0.0131269823276
24 88 0 8 0.0131214187046
13 53 0 8 0.0131110366693
18 33 0 8 0.0131080014399
16 56 0 8 0.0131074413746
17 86 0 8 0.0131032651859
37 93 0 8 0.0130992347992
54 92 0 8 0.013086227169
28 86 0 8 0.0130822419115
10 45 0 8 0.0130800722374
13 88 0 8 0.0130792541256
42 89 0 8 0.0130769814643
20 45 0 8 0.013055900332
14 87 0 8 0.0130557360153
28 88 0 8 0.0130555392982
10 36 0 8 0.0130547697871
16 66 0 8 0.0130525769698
1 49 0 8 0.0130512763225
24 44 0 8 0.0130491853352
2 46 0 8 0.0130388067714
68 91 0 8 0.0130292868199
3 45 0 8 0.0130158660837
27 56 0 8 0.0130125380928
26 68 0 8 0.0130118993408
28 78 0 8 0.0130115197925
67 91 0 8 0.0129862474283
59 74 0 8 0.0129843890301
46 67 0 8 0.0129800323245
16 60 0 8 0.0129741794116
19 54 0 8 0.0129702115115
10 24 0 8 0.0129688842495
5 65 0 8 0.0129649105637
4 92 0 8 0.012960436985
44 66 0 8 0.012960328212
27 88 0 8 0.0129541860092
7 61 0 8 0.0129346519991
20 53 0 8 0.0129305047394
54 78 0 8 0.0129294922248
50 64 0 8 0.0129236670837
35 78 0 8 0.0129189088437
25 90 0 8 0.0129107601263
14 65 0 8 0.0129058595557
10 49 0 8 0.0128924839486
29 91 0 8 0.0128912180161
2 55 0 8 0.0128883968612
2 38 0 8 0.0128882013012
1 50 0 8 0.0128876967797
58 70 0 8 0.0128843039879
9 69 0 8 0.0128762547862
3 44 0 8 0.01285460896
9 87 0 8 0.0128510830949
6 41 0 8 0.0128449999073
26 51 0 8 0.0128433555836
36 78 0 8 0.0128422747966
30 88 0 8 0.012830447469
41 64 0 8 0.0128301315645
71 91 0 8 0.0128287973595
37 55 0 8 0.0128248965748
14 73 0 8 0.0128208476736
27 54 0 8 0.0128194532963
68 89 0 8 0.012818885131
20 61 0 8 0.0127915981521
26 52 0 8 0.0127878408551
19 56 0 8 0.012784685281
29 93 0 8 0.012782392948
41 57 0 8 0.0127688310383
7 77 0 8 0.0127657541511
21 46 0 8 0.0127649985259
26 42 0 8 0.0127636909357
43 78 0 8 0.01276190891
17 64 0 8 0.012746227084
68 93 0 8 0.0127446799617
10 79 0 8 0.0127318065619
5 89 0 8 0.012730907449
24 68 0 8 0.0127201898374
21 51 0 8 0.0127159048757
11 52 0 8 0.0127114613831
7 88 0 8 0.012707870717
28 69 0 8 0.0127059961186
5 45 0 8 0.0126955423394
13 89 0 8 0.0126945853685
10 51 0 8 0.01269320372
19 57 0 8 0.0126806358103
5 80 0 8 0.0126722892186
49 77 0 8 0.0126645327783
2 41 0 8 0.0126610196419
46 74 0 8 0.0126533280025
17 45 0 8 0.0126505994204
34 52 0 8 0.012642284072
25 85 0 8 0.0126315803463
20 78 0 8 0.012621894921
11 53 0 8 0.0126152019103
3 91 0 8 0.0126125207717
6 47 0 8 0.0126113717123
10 81 0 8 0.0125920078047
7 26 0 8 0.0125902998372
46 93 0 8 0.0125899700467
23 89 0 8 0.0125869579605
17 73 0 8 0.0125736992266
38 63 0 8 0.01256154558
26 50 0 8 0.0125614333355
25 68 0 8 0.0125477730673
9 68 0 8 0.0125477140521
9 89 0 8 0.012536600692
57 76 0 8 0.0125021751959
5 35 0 8 0.0124868625039
19 70 0 8 0.0124759366036
9 66 0 8 0.0124665601399
45 93 0 8 0.0124540801743
37 50 0 8 0.0124434065348
56 76 0 8 0.0123871975106
20 63 0 8 0.0123850208935
28 72 0 8 0.0123843763557
16 58 0 8 0.0123728996474
26 55 0 8 0.0123706142574
19 76 0 8 0.0123631123921
25 66 0 8 0.0123609843757
26 53 0 8 0.0123587070858
25 73 0 8 0.0123529617887
17 54 0 8 0.0123516067549
7 78 0 8 0.012342475609
2 90 0 8 0.0123289484141
10 34 0 8 0.0123281268309
17 50 0 8 0.0123203032753
47 92 0 8 0.0123084076753
28 89 0 8 0.0123081241712
63 74 0 8 0.0123023013444
16 74 0 8 0.0122950563686
26 62 0 8 0.012270092966
24 93 0 8 0.0122661551522
43 90 0 8 0.0122651426376
1 40 0 8 0.0122559015616
25 89 0 8 0.0122551482507
41 77 0 8 0.0122534101971
29 55 0 8 0.0122502118081
30 89 0 8 0.0122501157639
4 59 0 8 0.0122500891492
46 57 0 8 0.0122472182364
17 76 0 8 0.012244233922
24 45 0 8 0.0122418027298
4 78 0 8 0.0122368119008
23 59 0 8 0.0122268510715
44 80 0 8 0.0122054806493
19 66 0 8 0.0121943036454
8 20 0 8 0.0121884530468
14 55 0 8 0.012185255815
22 87 0 8 0.0121760101104
21 76 0 8 0.0121744560451
29 40 0 8 0.0121676600472
5 79 0 8 0.012160644189
10 27 0 8 0.0121600945382
25 67 0 8 0.0121453141395
49 61 0 8 0.0121396567865
14 63 0 8 0.0121370068912
6 42 0 8 0.0121330308911
58 72 0 8 0.012130288423
1 92 0 8 0.0121213852375
5 90 0 8 0.0121078314279
33 52 0 8 0.0121039526292
25 60 0 8 0.012102196061
44 90 0 8 0.012090365262
14 67 0 8 0.0120827661953
7 57 0 8 0.0120762710589
57 80 0 8 0.0120740284837
2 39 0 8 0.0120625645042
3 29 0 8 0.0120595246462
5 86 0 8 0.0120568712794
30 59 0 8 0.0120557870209
58 77 0 8 0.01205552666
34 72 0 8 0.0120500208949
51 62 0 8 0.0120230104772
3 83 0 8 0.0120227200301
18 30 0 8 0.0120129258318
21 88 0 8 0.0120097945581
42 93 0 8 0.0120045919689
43 55 0 8 0.0120019177732
19 63 0 8 0.0120004898384
18 42 0 8 0.0119979116869
15 61 0 8 0.0119922335051
45 57 0 8 0.0119825434512
24 55 0 8 0.0119784424778
46 77 0 8 0.0119761964312
1 91 0 8 0.0119752753322
17 48 0 8 0.0119571611569
22 86 0 8 0.0119465511611
73 93 0 8 0.0119464574312
23 70 0 8 0.0119393536288
21 77 0 8 0.0119349436939
6 31 0 8 0.0119334972445
37 63 0 8 0.0119257720474
3 88 0 8 0.0119120851645
11 93 0 8 0.0119037825449
45 90 0 8 0.0118953723094
25 86 0 8 0.0118940554618
13 63 0 8 0.0118869227305
20 70 0 8 0.0118774583227
28 76 0 8 0.0118734707509
2 93 0 8 0.0118600558005
21 53 0 8 0.0118549041263
5 52 0 8 0.0118526476652
13 57 0 8 0.0118490292273
59 71 0 8 0.0118482979025
14 56 0 8 0.011847191658
20 59 0 8 0.0118437942376
30 57 0 8 0.0118359139812
14 69 0 8 0.0118336540486
22 64 0 8 0.0118310145677
18 83 0 8 0.0118220326955
8 76 0 8 0.0118100584086
20 58 0 8 0.0118065082432
16 52 0 8 0.0117818908313
10 22 0 8 0.0117789319744
30 68 0 8 0.0117760599044
8 78 0 8 0.0117745000534
2 44 0 8 0.0117725189963
47 64 0 8 0.0117698413291
5 67 0 8 0.0117621913475
25 63 0 8 0.0117500284436
6 29 0 8 0.0117441952024
8 25 0 8 0.0117392923175
55 81 0 8 0.0117381513582
10 30 0 8 0.0117345514349
2 47 0 8 0.0117305939493
50 62 0 8 0.0117169568242
18 34 0 8 0.0117155960046
5 77 0 8 0.0117053620857
20 57 0 8 0.0117050646957
10 28 0 8 0.0117016105745
7 69 0 8 0.0116992140971
16 53 0 8 0.0116909542924
26 43 0 8 0.0116898376335
31 49 0 8 0.0116829120337
16 49 0 8 0.0116822212094
12 93 0 8 0.0116811415796
14 49 0 8 0.0116793398822
6 54 0 8 0.0116780936214
43 88 0 8 0.0116744670834
2 59 0 8 0.0116720312626
46 56 0 8 0.011664584941
32 59 0 8 0.0116519036297
40 63 0 8 0.0116463816644
7 76 0 8 0.0116449977016
1 38 0 8 0.011641983301
28 90 0 8 0.0116356478526
8 63 0 8 0.0116336066232
6 82 0 8 0.0116294084484
40 71 0 8 0.011628505864
4 23 0 8 0.0116011378839
21 47 0 8 0.0116002480282
25 61 0 8 0.0115930389244
7 89 0 8 0.0115865067588
1 51 0 8 0.0115838418204
63 73 0 8 0.0115833951568
26 59 0 8 0.0115796297597
32 93 0 8 0.0115795128866
58 76 0 8 0.0115670896219
19 61 0 8 0.0115612552235
48 92 0 8 0.0115495713837
28 77 0 8 0.0115487891439
30 74 0 8 0.0115447518143
9 76 0 8 0.0115368657721
14 66 0 8 0.0115342725776
19 89 0 8 0.011527276391
28 66 0 8 0.0115247387402
3 52 0 8 0.0115116674661
29 70 0 8 0.0115071846301
32 89 0 8 0.0115003678033
27 89 0 8 0.0114946421779
1 45 0 8 0.0114903236586
21 60 0 8 0.0114700849384
21 49 0 8 0.0114682751409
6 81 0 8 0.0114619142349
77 87 0 8 0.0114579347633
5 57 0 8 0.0114549620205
11 70 0 8 0.0114462208374
34 63 0 8 0.0114417553587
5 66 0 8 0.0114361049487
48 66 0 8 0.0114259705456
27 90 0 8 0.0113949436271
17 67 0 8 0.0113662599566
4 70 0 8 0.0113588726501
38 93 0 8 0.0113565548596
18 82 0 8 0.0113513268128
17 63 0 8 0.011336618158
28 68 0 8 0.011331032549
34 90 0 8 0.0113309723767
14 53 0 8 0.0113290260344
22 46 0 8 0.011323249494
3 87 0 8 0.0113111120477
57 77 0 8 0.0113092166203
46 79 0 8 0.0113067159986
41 88 0 8 0.0113047985853
38 62 0 8 0.0113016210252
10 44 0 8 0.0112746939229
19 72 0 8 0.0112730970427
63 92 0 8 0.0112699229541
21 78 0 8 0.0112693247027
21 58 0 8 0.0112628110517
6 83 0 8 0.0112546276195
53 92 0 8 0.0112528247649
16 93 0 8 0.0112449595516
72 90 0 8 0.0112379147644
4 71 0 8 0.0112355298586
14 52 0 8 0.011228627402
10 54 0 8 0.0112282999258
4 27 0 8 0.0112211995949
22 90 0 8 0.0112157042443
21 90 0 8 0.0112057549867
36 62 0 8 0.011200302451
16 90 0 8 0.0111980008606
20 62 0 8 0.0111963067791
36 90 0 8 0.011194869587
10 75 0 8 0.0111851390325
24 62 0 8 0.0111800556306
9 74 0 8 0.0111672400888
70 91 0 8 0.0111653840049
21 74 0 8 0.0111641921306
36 59 0 8 0.0111335551749
25 42 0 8 0.0111257397194
49 72 0 8 0.0111017703169
22 43 0 8 0.01109921068
12 63 0 8 0.0110916220278
24 70 0 8 0.0110896293991
10 40 0 8 0.0110828600158
23 48 0 8 0.0110720486743
1 41 0 8 0.0110626178241
2 89 0 8 0.0110602838334
22 65 0 8 0.0110483812904
21 52 0 8 0.0110459500982
5 62 0 8 0.0110319206961
3 84 0 8 0.0110311407706
4 68 0 8 0.0110254857319
2 88 0 8 0.0110017014749
18 37 0 8 0.010999612802
10 80 0 8 0.0109987067461
25 41 0 8 0.0109973956843
69 93 0 8 0.0109926987738
17 71 0 8 0.0109795522843
7 62 0 8 0.0109733082515
19 51 0 8 0.0109654916389
30 91 0 8 0.0109631750055
19 88 0 8 0.0109620664467
56 92 0 8 0.0109588981439
3 63 0 8 0.010951522409
23 74 0 8 0.0109478275986
12 55 0 8 0.0109375751652
14 51 0 8 0.0109375288788
23 49 0 8 0.0109336743804
17 87 0 8 0.0109323818332
21 61 0 8 0.010923421947
21 44 0 8 0.0109230273556
27 71 0 8 0.0109220622845
47 68 0 8 0.0109155440049
19 53 0 8 0.0109144574321
22 67 0 8 0.0109032514992
21 55 0 8 0.0108922816268
15 63 0 8 0.0108887661762
4 76 0 8 0.0108752366669
22 73 0 8 0.0108736432583
19 74 0 8 0.0108689012185
21 68 0 8 0.0108600836629
18 88 0 8 0.0108563876953
12 91 0 8 0.0108533918093
22 77 0 8 0.0108531881492
41 55 0 8 0.0108386750544
30 52 0 8 0.0108364799228
3 82 0 8 0.0108357694268
8 21 0 8 0.010833362535
10 85 0 8 0.0108296387956
46 76 0 8 0.0108186469372
5 30 0 8 0.0108184745204
58 78 0 8 0.0108174944063
3 53 0 8 0.0108095331488
24 74 0 8 0.0107991754138
1 42 0 8 0.0107988595092
17 51 0 8 0.0107833801862
27 70 0 8 0.010782051767
23 72 0 8 0.0107818272781
3 64 0 8 0.0107786832757
48 74 0 8 0.0107736947609
45 87 0 8 0.010772114081
4 66 0 8 0.0107697881903
60 70 0 8 0.0107647105743
9 63 0 8 0.0107641250516
37 90 0 8 0.0107598539758
12 74 0 8 0.010754625929
17 74 0 8 0.0107498028881
46 64 0 8 0.0107480127623
11 91 0 8 0.0107382798935
49 73 0 8 0.0107331930202
25 72 0 8 0.0107317384706
24 59 0 8 0.0107302665637
60 72 0 8 0.010717299434
22 66 0 8 0.0107145372942
2 42 0 8 0.0107137249682
3 59 0 8 0.0107083974057
2 49 0 8 0.0107074820925
24 71 0 8 0.0106944929768
20 71 0 8 0.0106894766902
16 57 0 8 0.0106832465433
59 73 0 8 0.0106799787248
59 89 0 8 0.0106788886805
45 65 0 8 0.0106768821659
13 55 0 8 0.0106723461005
44 93 0 8 0.0106641707684
10 64 0 8 0.0106605893597
26 90 0 8 0.0106592563119
36 47 0 8 0.0106502431963
41 89 0 8 0.010633354453
4 74 0 8 0.0106191838774
7 28 0 8 0.0106176633697
32 72 0 8 0.0106107620703
1 37 0 8 0.0106085727245
23 62 0 8 0.010605812899
19 93 0 8 0.0105997667404
11 61 0 8 0.0105932264747
19 52 0 8 0.0105896936667
17 69 0 8 0.0105764395614
39 89 0 8 0.0105755404485
15 55 0 8 0.0105705600339
59 77 0 8 0.0105695266904
6 50 0 8 0.0105646342199
25 53 0 8 0.0105589814956
11 66 0 8 0.0105570444105
59 90 0 8 0.0105570386247
22 69 0 8 0.0105477292763
8 28 0 8 0.0105423218698
4 24 0 8 0.0105376712457
36 93 0 8 0.0105359574924
34 59 0 8 0.0105236233289
30 53 0 8 0.0105215913568
7 19 0 8 0.01051606592
26 70 0 8 0.0105014590953
72 93 0 8 0.0104897671554
9 61 0 8 0.0104706404655
62 72 0 8 0.0104701035435
26 89 0 8 0.010468533278
16 88 0 8 0.010448586162
13 74 0 8 0.0104435629325
15 89 0 8 0.0104421153259
9 62 0 8 0.0104414661594
8 88 0 8 0.0104388949509
40 76 0 8 0.0104386646762
3 57 0 8 0.0104308376491
27 55 0 8 0.0104304291718
17 56 0 8 0.0104297209902
1 52 0 8 0.0104067143444
18 43 0 8 0.0103983839529
19 91 0 8 0.0103889068163
45 73 0 8 0.0103818215285
44 55 0 8 0.0103712080613
25 54 0 8 0.0103635349364
18 84 0 8 0.010356604708
15 57 0 8 0.0103562726032
5 59 0 8 0.010352092943
10 65 0 8 0.0103486746937
27 72 0 8 0.0103462793735
1 55 0 8 0.0103441490428
36 74 0 8 0.0103383343162
31 91 0 8 0.0103367814081
7 66 0 8 0.0103358568376
7 21 0 8 0.0103335633474
6 48 0 8 0.0103203346997
7 91 0 8 0.010317247398
41 78 0 8 0.0103145257588
1 60 0 8 0.0103092560543
9 59 0 8 0.010308419428
2 56 0 8 0.0103081602242
46 81 0 8 0.0102996828735
12 70 0 8 0.0102939838628
14 93 0 8 0.0102919125473
10 23 0 8 0.010289981248
22 89 0 8 0.0102884838836
3 62 0 8 0.0102861892362
18 90 0 8 0.0102827790871
35 90 0 8 0.0102800539764
59 72 0 8 0.0102775290543
24 48 0 8 0.0102766021695
11 89 0 8 0.0102764204955
34 62 0 8 0.0102761508773
16 61 0 8 0.0102559225715
1 11 0 8 0.0102467844827
15 74 0 8 0.0102439633278
26 72 0 8 0.0102398241681
11 76 0 8 0.0102295173482
46 65 0 8 0.0102277052364
2 50 0 8 0.0102253712456
24 90 0 8 0.0102250750127
45 55 0 8 0.0102234399463
69 91 0 8 0.0102225385191
24 89 0 8 0.0102219078671
6 49 0 8 0.0102117213918
18 89 0 8 0.0102117098202
34 88 0 8 0.0102089580948
21 70 0 8 0.010190028122
40 66 0 8 0.0101793324965
1 54 0 8 0.0101765715138
22 88 0 8 0.010176144522
3 85 0 8 0.0101675445123
8 74 0 8 0.0101384153355
83 93 0 8 0.0101243720474
5 61 0 8 0.0101199308691
20 74 0 8 0.010119516606
5 69 0 8 0.0101113921889
55 80 0 8 0.0101076962214
33 72 0 8 0.01010413217
17 58 0 8 0.0101037410501
5 78 0 8 0.0101017472642
12 62 0 8 0.010101295972
13 62 0 8 0.0100835486163
14 68 0 8 0.0100779641644
62 73 0 8 0.0100757204321
21 63 0 8 0.010061670201
22 70 0 8 0.010056708301
24 72 0 8 0.0100529313322
22 68 0 8 0.0100502548223
46 72 0 8 0.0100462313786
32 52 0 8 0.0100340326028
21 45 0 8 0.0100339249869
8 62 0 8 0.0100324125794
32 53 0 8 0.0100299061719
45 79 0 8 0.0100258966141
34 53 0 8 0.0100236089097
25 55 0 8 0.0100059957845
41 93 0 8 0.0100025057914
20 72 0 8 0.00998379105026
25 62 0 8 0.00998203795357
19 62 0 8 0.00996499415083
1 90 0 8 0.00996209546621
17 52 0 8 0.00995243549844
17 57 0 8 0.00994361331418
55 79 0 8 0.0099230737325
12 68 0 8 0.0099195281957
35 74 0 8 0.00991774269854
7 25 0 8 0.00990941693571
3 86 0 8 0.00990817877501
16 55 0 8 0.00990289171312
73 89 0 8 0.00990200532891
17 62 0 8 0.0098792278007
19 68 0 8 0.00986351704575
3 81 0 8 0.00986193173719
44 62 0 8 0.00984306772251
4 26 0 8 0.00984155415785
19 58 0 8 0.00984100219275
28 59 0 8 0.0098335292565
26 71 0 8 0.00982544071137
35 93 0 8 0.00982217405002
16 89 0 8 0.00982181880204
58 71 0 8 0.00981887267388
16 68 0 8 0.00981786478792
15 68 0 8 0.00981261012649
10 86 0 8 0.00981149809618
21 71 0 8 0.00980359353943
25 74 0 8 0.00980267822624
1 59 0 8 0.00980155115285
9 28 0 8 0.00980056178145
74 90 0 8 0.00979689127142
27 50 0 8 0.00978302155728
32 55 0 8 0.00977515287247
22 76 0 8 0.00976188835276
16 63 0 8 0.00976039677413
6 39 0 8 0.00975823057148
2 45 0 8 0.00975635365873
14 72 0 8 0.00973739707129
21 93 0 8 0.00973688213529
18 81 0 8 0.00973309475215
3 92 0 8 0.00973021805355
9 91 0 8 0.00972667483107
18 36 0 8 0.00972147802761
1 39 0 8 0.00971472368743
2 37 0 8 0.00971232952436
22 47 0 8 0.00971226125195
17 60 0 8 0.00971042368261
17 66 0 8 0.00971037739623
16 70 0 8 0.00970702279075
17 49 0 8 0.00970661431344
21 89 0 8 0.00970163621313
8 89 0 8 0.00969432759353
15 72 0 8 0.0096860134023
30 51 0 8 0.00968249448017
25 70 0 8 0.00966993119914
27 52 0 8 0.00966847780677
18 35 0 8 0.00966634979039
35 63 0 8 0.00966036958993
5 73 0 8 0.00965188761057
9 22 0 8 0.00964143498852
9 78 0 8 0.00963452558896
35 55 0 8 0.00962700058053
23 71 0 8 0.00962562471785
55 78 0 8 0.00962020342545
51 64 0 8 0.0096174910435
45 89 0 8 0.0096158212623
5 93 0 8 0.00960819905247
1 31 0 8 0.00960654084286
21 48 0 8 0.00960550055644
30 93 0 8 0.00960486064722
46 78 0 8 0.00959940926867
6 63 0 8 0.00959895681929
10 35 0 8 0.00959778230237
40 62 0 8 0.00958548979667
5 76 0 8 0.00958442636706
3 65 0 8 0.00956970382635
6 40 0 8 0.00956515387507
22 60 0 8 0.0095179359804
10 58 0 8 0.00951689916546
5 68 0 8 0.00951539254375
1 83 0 8 0.00951362903262
74 93 0 8 0.009505892264
43 62 0 8 0.00950414611027
37 78 0 8 0.00950115832436
26 46 0 8 0.00949930802627
69 92 0 8 0.0094971452951
1 27 0 8 0.00949322368145
8 70 0 8 0.00949229679667
2 91 0 8 0.009472511683
17 70 0 8 0.00946494154535
11 71 0 8 0.00943646616361
35 88 0 8 0.00942700869876
25 52 0 8 0.00942089773927
3 61 0 8 0.00941871417924
22 54 0 8 0.00941839711753
44 76 0 8 0.00940197008082
4 72 0 8 0.00939812715402
75 90 0 8 0.00939624445546
27 51 0 8 0.00939583250667
49 74 0 8 0.00938842668567
45 62 0 8 0.00938099193568
24 49 0 8 0.00936966334387
8 68 0 8 0.00936607614933
14 74 0 8 0.00936383820279
10 67 0 8 0.00934462935457
4 28 0 8 0.00934220163388
27 40 0 8 0.00932522031776
59 92 0 8 0.00932341167741
7 68 0 8 0.00932084278325
36 72 0 8 0.00931713987275
18 46 0 8 0.00931679041057
6 43 0 8 0.00931362557926
47 71 0 8 0.00930018864278
10 90 0 8 0.00929750287551
22 50 0 8 0.00928540824409
25 59 0 8 0.00928454963172
18 78 0 8 0.0092751025813
2 63 0 8 0.0092668219477
11 63 0 8 0.00926357611521
49 92 0 8 0.00926125369603
5 23 0 8 0.00925695600553
15 91 0 8 0.00925574793098
14 60 0 8 0.00925262128593
1 28 0 8 0.00924860015656
10 93 0 8 0.0092378362586
5 91 0 8 0.00923691168814
1 12 0 8 0.0092282029055
30 55 0 8 0.00921716938937
6 56 0 8 0.00921339242066
22 93 0 8 0.00919189586805
16 72 0 8 0.00919003515553
6 51 0 8 0.00917801458232
13 68 0 8 0.00916157597402
18 75 0 8 0.0091596377318
6 38 0 8 0.00915391557792
25 56 0 8 0.00915341221353
35 59 0 8 0.00914724918186
25 51 0 8 0.00913589513254
36 63 0 8 0.00912439412396
10 77 0 8 0.00912117143467
22 71 0 8 0.00911771615631
34 89 0 8 0.00911312917593
41 66 0 8 0.00909516658852
20 91 0 8 0.009090629366
21 57 0 8 0.00908834860457
28 71 0 8 0.00907736947493
46 92 0 8 0.00905250558809
18 85 0 8 0.00905238640066
21 72 0 8 0.00903402459322
58 91 0 8 0.0090286808305
46 66 0 8 0.0089977221844
6 64 0 8 0.00898997962998
1 88 0 8 0.00898918466138
57 91 0 8 0.00898831100594
10 78 0 8 0.0089791220021
50 61 0 8 0.00897746842113
19 92 0 8 0.00897484514047
3 67 0 8 0.00897458940822
27 93 0 8 0.00896094649734
5 74 0 8 0.00894994306736
17 93 0 8 0.00894310541169
8 22 0 8 0.00893696783754
17 88 0 8 0.00892542864269
1 89 0 8 0.0089131303512
64 92 0 8 0.00890711196447
17 91 0 8 0.00889444222477
66 92 0 8 0.00889226792201
1 56 0 8 0.00888003327428
6 75 0 8 0.00886388974166
45 81 0 8 0.00886025047494
7 72 0 8 0.00885435937577
56 78 0 8 0.0088532890032
25 44 0 8 0.00884630554543
2 48 0 8 0.00884459179216
2 51 0 8 0.00884244641839
12 71 0 8 0.0088380457407
8 92 0 8 0.00883670112132
5 24 0 8 0.00882921314199
40 88 0 8 0.0088251954841
39 72 0 8 0.00882270527679
43 68 0 8 0.00881876746291
3 75 0 8 0.00881777693435
18 68 0 8 0.00879709733637
16 71 0 8 0.00877779360107
16 62 0 8 0.00877672091418
7 59 0 8 0.00877301684652
36 88 0 8 0.00877194415964
46 80 0 8 0.00875997681576
21 62 0 8 0.00874443269178
9 93 0 8 0.00873931226086
75 89 0 8 0.00873313534328
22 72 0 8 0.00873034774597
39 70 0 8 0.0087299265399
12 72 0 8 0.0087284025608
18 63 0 8 0.00870496660881
3 80 0 8 0.00869565147459
13 70 0 8 0.00869169051751
1 33 0 8 0.00869127509724
1 30 0 8 0.0086884655139
11 92 0 8 0.00868797834973
7 92 0 8 0.00867516627941
27 53 0 8 0.00866818513595
28 70 0 8 0.00866789468891
46 68 0 8 0.00864733427836
72 91 0 8 0.00864248115129
1 62 0 8 0.00864164568211
9 70 0 8 0.00862934739061
17 61 0 8 0.00862451162093
45 59 0 8 0.00861763230752
71 93 0 8 0.00861398494067
27 91 0 8 0.00860287968065
62 92 0 8 0.00860014068404
6 52 0 8 0.00859767824856
14 58 0 8 0.0085790711233
1 32 0 8 0.0085529135321
2 33 0 8 0.00854941775315
39 91 0 8 0.00854764961339
28 93 0 8 0.00854284740133
7 70 0 8 0.00854265994149
3 30 0 8 0.00853538603668
2 54 0 8 0.00853505624621
37 47 0 8 0.00852408984533
39 93 0 8 0.00851109957244
10 56 0 8 0.00851050363528
6 53 0 8 0.00850524665953
29 47 0 8 0.00850476528116
10 60 0 8 0.0085035375349
35 62 0 8 0.00850226003078
15 62 0 8 0.00849888459643
3 79 0 8 0.00847598093783
13 91 0 8 0.00846487220633
17 53 0 8 0.00845464291607
15 70 0 8 0.00844685060379
2 92 0 8 0.00843805387703
5 70 0 8 0.00843601149046
65 92 0 8 0.00842413556219
6 32 0 8 0.0084122029331
6 80 0 8 0.00841120083295
7 17 0 8 0.00840582119829
60 71 0 8 0.00840310881635
1 53 0 8 0.0084016033518
1 87 0 8 0.00839507928636
5 71 0 8 0.00839471709543
1 84 0 8 0.00837545848935
45 74 0 8 0.00837086456601
21 91 0 8 0.00837018994201
34 93 0 8 0.00836645694536
34 70 0 8 0.00835677267724
27 57 0 8 0.00834940272819
5 26 0 8 0.00833730231097
48 65 0 8 0.0083149124312
27 59 0 8 0.0082766110293
61 71 0 8 0.00827475263109
10 63 0 8 0.00827339933302
3 77 0 8 0.008268916497
7 71 0 8 0.00826304275522
42 91 0 8 0.00826152514049
18 79 0 8 0.00824906426808
8 91 0 8 0.00824640858696
52 65 0 8 0.00824361693959
20 93 0 8 0.00822831813343
44 91 0 8 0.008227198003
70 93 0 8 0.00821382991752
17 72 0 8 0.00821097057631
55 77 0 8 0.00820952065542
25 93 0 8 0.00820470918609
14 61 0 8 0.00820469530018
3 69 0 8 0.00819748446056
51 63 0 8 0.0081943664942
3 66 0 8 0.00818477422027
14 62 0 8 0.00818350481626
21 59 0 8 0.0081803868499
18 47 0 8 0.00817991993603
22 56 0 8 0.00817584789164
14 70 0 8 0.00817262404519
29 92 0 8 0.00816985322669
18 44 0 8 0.00815776206675
22 63 0 8 0.00815399724822
45 76 0 8 0.00815140810377
5 27 0 8 0.0081482646799
43 89 0 8 0.00813798273888
10 91 0 8 0.00813121335563
28 38 0 8 0.00813076264199
49 65 0 8 0.008126044324
26 93 0 8 0.00812294024356
8 59 0 8 0.00810987822677
5 25 0 8 0.00810852897876
44 78 0 8 0.00810721097405
43 91 0 8 0.00810324133828
9 72 0 8 0.00808493276018
9 57 0 8 0.00808484770895
2 36 0 8 0.00807447203802
5 92 0 8 0.00807432855023
1 81 0 8 0.00806031245541
5 21 0 8 0.00805626818285
38 74 0 8 0.00804847066335
1 43 0 8 0.00804713935131
8 72 0 8 0.0080463790975
6 93 0 8 0.00804089358274
45 88 0 8 0.00803922380154
18 80 0 8 0.00803449217621
6 28 0 8 0.00803035185941
46 63 0 8 0.00802287834458
26 49 0 8 0.00802054319664
10 73 0 8 0.0080139907808
45 82 0 8 0.00800966763279
32 92 0 8 0.00800919146164
17 90 0 8 0.00800165893168
30 50 0 8 0.00799988500611
38 72 0 8 0.00799668430285
36 70 0 8 0.00799531075449
19 55 0 8 0.00798752364942
7 74 0 8 0.00798552928497
9 92 0 8 0.00797416655695
18 45 0 8 0.00796780102237
6 30 0 8 0.00796176296394
6 37 0 8 0.00795206943855
32 91 0 8 0.00793094259841
33 71 0 8 0.00792796754125
28 92 0 8 0.00792360042118
1 44 0 8 0.00791721579347
10 52 0 8 0.00791604359086
68 92 0 8 0.00791597763277
58 74 0 8 0.00790541103051
28 54 0 8 0.00790495800255
28 55 0 8 0.00790450439602
9 71 0 8 0.0079010849896
25 50 0 8 0.00789281245611
6 34 0 8 0.00788773194719
45 69 0 8 0.00788565368867
45 66 0 8 0.00788293957099
1 82 0 8 0.00788128830434
6 87 0 8 0.0078803486908
25 71 0 8 0.00787319570916
6 79 0 8 0.00787198474171
38 91 0 8 0.00784063150422
42 70 0 8 0.00783878699192
37 72 0 8 0.00783348662269
35 70 0 8 0.00782693652116
22 74 0 8 0.00781991140565
15 71 0 8 0.00781933976884
3 68 0 8 0.00781605575009
2 58 0 8 0.00781439117611
2 32 0 8 0.00780297637591
14 57 0 8 0.00779972475763
14 91 0 8 0.00779474723591
1 64 0 8 0.00779309423352
18 77 0 8 0.00778635956504
22 53 0 8 0.0077810939106
27 42 0 8 0.00777884844253
18 66 0 8 0.00777085247017
37 74 0 8 0.00776015973752
10 70 0 8 0.00774699820501
22 45 0 8 0.00774366674272
37 88 0 8 0.00774345903258
39 88 0 8 0.00774268431428
67 92 0 8 0.00774107586253
10 87 0 8 0.00773797525357
45 78 0 8 0.00773605205443
25 43 0 8 0.00772824007043
28 91 0 8 0.00772497977345
58 92 0 8 0.00772485017158
17 89 0 8 0.00771747501531
18 93 0 8 0.00771143811404
14 59 0 8 0.00770720580305
1 57 0 8 0.0077043794409
49 71 0 8 0.00770331948277
10 53 0 8 0.00769662878636
33 91 0 8 0.00767468788449
19 59 0 8 0.00766861916133
17 68 0 8 0.00766214253943
15 59 0 8 0.00765421368232
38 70 0 8 0.00763896636976
24 46 0 8 0.00763327545919
2 53 0 8 0.00762358714101
13 71 0 8 0.00762119644942
73 92 0 8 0.00762048363915
22 44 0 8 0.00761009234656
2 68 0 8 0.00760553545232
1 63 0 8 0.00759957665932
13 72 0 8 0.00759723456843
4 22 0 8 0.0075952853332
11 88 0 8 0.0075936039804
28 56 0 8 0.00757441075383
5 22 0 8 0.00756943901791
28 47 0 8 0.00756853932637
11 72 0 8 0.00756634188042
18 67 0 8 0.00756190012356
7 22 0 8 0.00754527984122
18 74 0 8 0.00754272772587
22 61 0 8 0.00753158890822
1 85 0 8 0.00753043059153
46 70 0 8 0.00752478654592
6 45 0 8 0.00752373989512
17 92 0 8 0.0075172812092
18 76 0 8 0.00751356846284
12 59 0 8 0.00751075135797
16 91 0 8 0.00750131125051
40 72 0 8 0.0074928906006
1 86 0 8 0.00748958401724
27 41 0 8 0.00748920909755
10 69 0 8 0.00748032558383
10 92 0 8 0.00747279826108
2 52 0 8 0.00747146752762
18 69 0 8 0.00746860471494
1 80 0 8 0.00746845775568
3 78 0 8 0.00746686723991
33 93 0 8 0.00745850039792
52 63 0 8 0.00744966779921
22 91 0 8 0.00742830200563
12 92 0 8 0.00742572038272
39 74 0 8 0.0074174628923
42 68 0 8 0.0074127364742
18 72 0 8 0.00740988002589
6 84 0 8 0.0074040409989
36 68 0 8 0.0073889834605
41 91 0 8 0.0073857150634
6 57 0 8 0.00737049436551
45 77 0 8 0.00735730101112
36 89 0 8 0.00732409978985
13 59 0 8 0.00730971456114
39 71 0 8 0.0073008229473
38 49 0 8 0.00729467727303
45 91 0 8 0.0072861513216
34 55 0 8 0.00728019195002
6 60 0 8 0.00727883633763
6 71 0 8 0.0072691237191
17 55 0 8 0.00725625379079
2 43 0 8 0.00725524185478
33 92 0 8 0.00725388219234
29 43 0 8 0.00725383243448
25 58 0 8 0.00724327971813
11 62 0 8 0.00723788966904
3 71 0 8 0.0072345136561
8 71 0 8 0.00723416245819
49 64 0 8 0.00721947116078
2 30 0 8 0.00721689300934
74 91 0 8 0.0072068378716
6 78 0 8 0.00719929203429
16 59 0 8 0.00718873237499
34 71 0 8 0.00718869187441
14 71 0 8 0.0071804228124
23 91 0 8 0.00718010227921
5 72 0 8 0.00715954881161
6 55 0 8 0.00715269669145
22 52 0 8 0.00712250524212
11 68 0 8 0.00710974235107
6 58 0 8 0.00709164379743
40 89 0 8 0.00708828398473
16 92 0 8 0.00708695035837
10 71 0 8 0.00708094238608
47 63 0 8 0.00707679628348
18 59 0 8 0.00706389395471
5 19 0 8 0.00705861036429
22 62 0 8 0.00704427257912
25 91 0 8 0.00702936778578
40 93 0 8 0.00702861389634
4 25 0 8 0.00701970897517
41 59 0 8 0.00701443753493
10 76 0 8 0.00701378026831
6 62 0 8 0.00700137898962
45 68 0 8 0.00699435792416
22 51 0 8 0.00697775557779
44 70 0 8 0.00697645898053
1 61 0 8 0.00697262531101
3 73 0 8 0.00696742677181
61 72 0 8 0.006965030873
44 88 0 8 0.00696479307672
28 53 0 8 0.00696375163314
41 76 0 8 0.00696185099861
1 13 0 8 0.00696104387984
45 70 0 8 0.00691640471518
6 90 0 8 0.00689620360267
35 72 0 8 0.00687889712472
11 74 0 8 0.00687366271358
1 29 0 8 0.00686375858515
18 91 0 8 0.00685915829744
22 57 0 8 0.00685790393651
37 91 0 8 0.00685665651853
41 70 0 8 0.00684855293033
41 62 0 8 0.00684808428072
2 62 0 8 0.00684808023067
40 91 0 8 0.00684155037943
2 31 0 8 0.00684076235379
4 21 0 8 0.00683577326047
44 68 0 8 0.00683219474462
27 49 0 8 0.00682831016008
18 73 0 8 0.00682148754748
38 71 0 8 0.0068200943274
6 91 0 8 0.00681665872076
29 49 0 8 0.00680423082739
44 89 0 8 0.00680197031625
57 92 0 8 0.00679620592604
42 92 0 8 0.0067850954588
6 77 0 8 0.00677480136761
2 60 0 8 0.0067659577759
76 90 0 8 0.00675283500823
35 89 0 8 0.00675230965781
37 62 0 8 0.00674968174851
5 28 0 8 0.00674812710468
2 64 0 8 0.00674630978564
2 57 0 8 0.00673357177352
10 57 0 8 0.00671288291826
34 91 0 8 0.00671087061784
3 76 0 8 0.00670267561404
70 92 0 8 0.00669211248326
28 52 0 8 0.00668835865774
2 34 0 8 0.00668831989289
13 92 0 8 0.00668094010798
18 55 0 8 0.00667849502989
22 55 0 8 0.00666995403539
1 36 0 8 0.00664750166901
42 55 0 8 0.00664463307053
1 68 0 8 0.00664288807396
24 91 0 8 0.00663945767453
18 87 0 8 0.00663094676618
45 80 0 8 0.0066281325542
22 92 0 8 0.00662429772751
1 24 0 8 0.00659369722229
43 70 0 8 0.00658880012315
26 91 0 8 0.00658651589024
8 18 0 8 0.0065679909233
48 71 0 8 0.00656341493594
20 92 0 8 0.00655297214975
1 67 0 8 0.00655011454429
31 92 0 8 0.00652898076119
1 23 0 8 0.00651943419506
28 57 0 8 0.00651734205062
6 65 0 8 0.00650176031896
5 20 0 8 0.00649754073673
18 86 0 8 0.00648478941727
38 88 0 8 0.00647897411205
2 12 0 8 0.00647728060907
40 74 0 8 0.00645623129862
1 35 0 8 0.00645441976538
6 85 0 8 0.00644893540778
6 69 0 8 0.00644557154502
3 27 0 8 0.00643894622813
18 65 0 8 0.00641475233665
25 57 0 8 0.00640607479732
73 91 0 8 0.00640178752126
6 88 0 8 0.00639836985058
10 62 0 8 0.00638936020647
18 64 0 8 0.00638710258823
49 63 0 8 0.00638484612714
22 58 0 8 0.00637062000787
18 56 0 8 0.00635962352084
48 63 0 8 0.00635849181882
10 61 0 8 0.006353408417
7 20 0 8 0.00635196138901
10 74 0 8 0.0063162364028
14 92 0 8 0.00631390067629
18 50 0 8 0.0063091678938
6 86 0 8 0.00630540770391
10 66 0 8 0.00630008824154
18 71 0 8 0.0062929983251
1 79 0 8 0.00629190538792
6 36 0 8 0.00629049538903
3 74 0 8 0.00628268282646
5 15 0 8 0.00628080475654
27 92 0 8 0.00627136349192
36 91 0 8 0.00626480413312
15 92 0 8 0.0062501475505
25 49 0 8 0.00624997339799
27 46 0 8 0.00620245522042
44 63 0 8 0.00619763449381
18 61 0 8 0.00617086360806
26 92 0 8 0.0061444074697
38 89 0 8 0.00614157416458
6 35 0 8 0.00612735209537
41 68 0 8 0.00611862479818
18 62 0 8 0.0061122737281
3 70 0 8 0.00611103498882
1 25 0 8 0.00609628062622
21 92 0 8 0.00609353989387
2 61 0 8 0.00608843334885
72 92 0 8 0.00605874757824
18 54 0 8 0.00604547785132
17 59 0 8 0.00604371781167
28 39 0 8 0.0060390648732
11 55 0 8 0.00602829171796
18 49 0 8 0.00602666995888
39 68 0 8 0.00601710661393
30 92 0 8 0.00601670623673
76 88 0 8 0.00600673441447
22 59 0 8 0.00600211098357
3 14 0 8 0.00599049194472
44 92 0 8 0.00597386645515
26 44 0 8 0.0059609207329
1 77 0 8 0.00593643523722
2 83 0 8 0.00593271381216
6 73 0 8 0.00591744393499
35 47 0 8 0.00590168342218
43 74 0 8 0.00589577727993
38 48 0 8 0.00588965532743
71 92 0 8 0.00586313785961
6 67 0 8 0.00586164396666
1 78 0 8 0.00584330877389
1 75 0 8 0.00584280135943
5 17 0 8 0.00583855400537
26 45 0 8 0.00583735750242
46 62 0 8 0.00582163864735
29 41 0 8 0.00582099179517
6 89 0 8 0.00581492827922
45 63 0 8 0.00581447698701
25 48 0 8 0.00580370093887
25 92 0 8 0.00578778536668
28 51 0 8 0.00577711693438
28 40 0 8 0.00577352279688
18 92 0 8 0.00576754375358
18 48 0 8 0.00576238629355
22 49 0 8 0.00574558723006
6 25 0 8 0.0057388664475
42 72 0 8 0.00573680265348
11 59 0 8 0.00572414332821
29 48 0 8 0.005710973117
6 76 0 8 0.00571038065132
6 74 0 8 0.0056886214235
3 72 0 8 0.00566862397106
38 92 0 8 0.00565791040954
39 92 0 8 0.00565503197521
4 20 0 8 0.00565025927072
18 60 0 8 0.00564804157448
1 74 0 8 0.00562471092401
18 53 0 8 0.0056199561555
1 69 0 8 0.00561411018555
2 66 0 8 0.00561162460687
1 21 0 8 0.00560170717111
36 48 0 8 0.00557911768132
18 51 0 8 0.00557592392102
42 62 0 8 0.00557271164616
1 34 0 8 0.00555744929052
43 72 0 8 0.00555088819598
39 59 0 8 0.00552937486456
3 28 0 8 0.00552615796106
7 18 0 8 0.00551577361143
42 74 0 8 0.00550848234922
2 82 0 8 0.00550336365403
6 70 0 8 0.0055012859741
2 35 0 8 0.00549707796346
1 71 0 8 0.00548994638927
23 92 0 8 0.00548520377093
41 72 0 8 0.00548277315734
1 65 0 8 0.00545617815983
36 71 0 8 0.00545411552297
6 92 0 8 0.00545049419221
37 89 0 8 0.00541296172282
37 92 0 8 0.00540336539883
42 71 0 8 0.00539692291314
28 50 0 8 0.00539066383723
43 63 0 8 0.00538362830728
10 72 0 8 0.0053782035434
2 81 0 8 0.00535629388484
41 71 0 8 0.0053335800004
33 49 0 8 0.00532762467887
26 48 0 8 0.00531840558889
37 71 0 8 0.0053066245477
18 52 0 8 0.00530407879673
42 63 0 8 0.00530318951963
18 70 0 8 0.00530198202366
37 70 0 8 0.00527308948591
48 64 0 8 0.00526620091522
81 93 0 8 0.00526524336571
36 92 0 8 0.0052554503246
6 61 0 8 0.00524121031941
35 71 0 8 0.00522109946533
3 23 0 8 0.00520342269633
1 22 0 8 0.00518748455953
18 58 0 8 0.00518379437779
43 92 0 8 0.00517732817033
27 48 0 8 0.00517484085591
1 70 0 8 0.00516896827129
2 80 0 8 0.00513982173702
1 73 0 8 0.00513459426884
22 48 0 8 0.00513141034439
6 18 0 8 0.00512683262129
4 14 0 8 0.00511206957999
4 15 0 8 0.00510070395907
27 45 0 8 0.00508027720045
42 59 0 8 0.00507760474051
31 43 0 8 0.00506798238043
40 68 0 8 0.00506562466788
6 72 0 8 0.00505139970577
6 20 0 8 0.00503733153877
37 48 0 8 0.00503161806358
6 66 0 8 0.00502100691068
44 59 0 8 0.00501908949734
79 93 0 8 0.00500653373784
44 74 0 8 0.00497831929558
40 92 0 8 0.00495770797001
74 92 0 8 0.0049495847101
41 92 0 8 0.00491374863658
38 68 0 8 0.00490257452556
48 62 0 8 0.00488172540371
10 89 0 8 0.0048793694269
1 76 0 8 0.0048792323035
10 88 0 8 0.00486399309105
28 49 0 8 0.00485259911973
2 84 0 8 0.00484162519732
4 19 0 8 0.00480564795033
43 59 0 8 0.0048055860423
1 66 0 8 0.00480513012144
40 59 0 8 0.00479398956806
49 62 0 8 0.0047854902313
1 17 0 8 0.00476359098717
6 26 0 8 0.00475776295319
3 24 0 8 0.0047355281328
50 63 0 8 0.0047214084722
36 46 0 8 0.00467665417017
2 87 0 8 0.00464724727501
37 68 0 8 0.00463395903353
29 42 0 8 0.00461330142158
31 47 0 8 0.00460996301633
6 44 0 8 0.00459759876674
1 18 0 8 0.00459663427427
1 14 0 8 0.0045880267431
25 46 0 8 0.00458585764756
45 92 0 8 0.00457166161443
37 59 0 8 0.00454591828634
43 71 0 8 0.00453722628252
3 21 0 8 0.00450614671325
3 22 0 8 0.00449575021345
2 79 0 8 0.00448641598609
45 71 0 8 0.00448305270191
44 71 0 8 0.00447127918226
2 78 0 8 0.00445536534581
25 47 0 8 0.00443738424385
75 91 0 8 0.00443500628102
38 59 0 8 0.00443224298406
18 57 0 8 0.00441712064472
10 55 0 8 0.0044104617702
6 27 0 8 0.00440240909702
10 59 0 8 0.0044015319701
6 23 0 8 0.00439179100117
2 69 0 8 0.00438323785649
6 24 0 8 0.00438262340478
2 85 0 8 0.00437917391222
2 67 0 8 0.00437226856272
2 86 0 8 0.00432304357484
31 41 0 8 0.00430269897454
2 22 0 8 0.0042920976575
3 13 0 8 0.00429072642345
34 48 0 8 0.00428820323709
44 72 0 8 0.00427534603754
2 65 0 8 0.00424344430643
78 90 0 8 0.00424142622021
10 68 0 8 0.00424114560902
37 49 0 8 0.00421049187446
35 49 0 8 0.00419241125678
5 16 0 8 0.00415699754649
24 92 0 8 0.00415339820177
35 91 0 8 0.00412967122416
45 72 0 8 0.00412827916125
2 74 0 8 0.00410717430714
4 16 0 8 0.00409932702978
3 26 0 8 0.00409822136384
46 71 0 8 0.00409434082936
2 71 0 8 0.00408988113652
6 59 0 8 0.00408801116672
27 43 0 8 0.0040409176667
78 88 0 8 0.00401686552727
28 46 0 8 0.00401367465986
41 63 0 8 0.00400535178993
34 92 0 8 0.00394095470486
76 89 0 8 0.00393417317143
2 13 0 8 0.00391282126376
1 72 0 8 0.00391220623347
41 74 0 8 0.00388016911469
30 49 0 8 0.00386725058568
2 72 0 8 0.00381301625419
76 93 0 8 0.00380068382649
2 19 0 8 0.00376981254594
32 49 0 8 0.00375616211353
2 28 0 8 0.00374060873227
25 45 0 8 0.00373835053545
30 48 0 8 0.00373791949352
34 49 0 8 0.00372072873153
30 40 0 8 0.0037179845277
6 22 0 8 0.00371150154142
1 15 0 8 0.00371046877654
33 47 0 8 0.00370817760067
75 92 0 8 0.00367200421515
6 68 0 8 0.00365506513535
2 76 0 8 0.00364815862869
2 29 0 8 0.00360504112882
2 75 0 8 0.00354981337587
31 48 0 8 0.00352383456582
6 21 0 8 0.00350712344645
1 16 0 8 0.00344631644882
29 46 0 8 0.0034418822135
77 90 0 8 0.00340631084022
80 93 0 8 0.00334935718384
2 14 0 8 0.00333709939292
82 93 0 8 0.00333049403703
28 41 0 8 0.00332782302354
33 48 0 8 0.00331830509711
6 16 0 8 0.00331721707786
5 18 0 8 0.00330902496696
3 25 0 8 0.00330574326253
2 77 0 8 0.00322272545557
77 88 0 8 0.00321023536488
35 92 0 8 0.00316076534847
76 91 0 8 0.00314650596086
3 15 0 8 0.00313137060348
32 48 0 8 0.00310475593427
2 17 0 8 0.00303597147883
2 73 0 8 0.00300449268953
2 23 0 8 0.00296421514843
1 19 0 8 0.0029285196698
6 17 0 8 0.00289309930584
33 43 0 8 0.002886924124
4 17 0 8 0.00287965455853
35 48 0 8 0.0028355439265
77 89 0 8 0.00282287447608
35 45 0 8 0.00280483927692
2 70 0 8 0.0027976168657
28 48 0 8 0.00273322411998
1 20 0 8 0.00272917955813
36 49 0 8 0.00269934335678
77 93 0 8 0.00268526419676
78 93 0 8 0.00268170650978
4 18 0 8 0.00265828155081
27 44 0 8 0.0026500926221
2 27 0 8 0.00261603365633
78 89 0 8 0.00261538362196
31 46 0 8 0.00258771738402
29 44 0 8 0.00257825760485
77 92 0 8 0.00249478937355
76 92 0 8 0.00241839977639
3 19 0 8 0.00236856236183
3 17 0 8 0.00232578419899
29 45 0 8 0.00229195984732
2 25 0 8 0.00228639738145
31 42 0 8 0.00227792697368
3 20 0 8 0.00227577726056
3 18 0 8 0.00221844434514
35 46 0 8 0.0021531828619
34 47 0 8 0.00213570743866
2 24 0 8 0.00213190443386
32 47 0 8 0.00209543365834
31 45 0 8 0.00208131920496
2 21 0 8 0.00205138551292
28 42 0 8 0.00199665302425
32 42 0 8 0.00199127859681
2 26 0 8 0.00196598135372
82 92 0 8 0.00192930547167
32 46 0 8 0.0018927785739
2 20 0 8 0.00188326122605
30 42 0 8 0.00181428468214
77 91 0 8 0.00181262097602
30 41 0 8 0.00174220261133
2 15 0 8 0.00160235988199
30 47 0 8 0.00148642088637
30 46 0 8 0.00143998581012
2 16 0 8 0.00141227473225
31 44 0 8 0.00140003632376
28 45 0 8 0.00136943263635
6 19 0 8 0.00135983689094
2 18 0 8 0.00134491589736
28 44 0 8 0.00131047188676
34 46 0 8 0.00126964411631
34 44 0 8 0.00123441121219
78 92 0 8 0.00123222446997
3 16 0 8 0.0012296156538
30 44 0 8 0.00121928540138
28 43 0 8 0.00121249229635
33 44 0 8 0.0011852524717
80 90 0 8 0.00117535673268
30 43 0 8 0.00115859527687
78 91 0 8 0.00107334617705
30 45 0 8 0.0010519534795
79 90 0 8 0.0010056357103
32 43 0 8 0.000934368713743
33 46 0 8 0.00091086405541
79 92 0 8 0.000795815204762
33 45 0 8 0.000791312841671
80 92 0 8 0.000713237552363
79 89 0 8 0.000695407459727
81 91 0 8 0.00065289746861
79 91 0 8 0.000532838840417
32 44 0 8 0.000324278915539
81 92 0 8 0.000287825786698
34 45 0 8 0.000169022531951
32 45 0 8 0.000144118144521
80 91 0 8 0.0
