67 68 0 8 0.999998509884
23 24 0 8 0.999998450279
20 21 0 8 0.999998211861
70 71 0 8 0.999998152256
69 70 0 8 0.999997973442
27 28 0 8 0.999996781349
30 31 0 8 0.999996542931
68 69 0 8 0.999996066093
73 74 0 8 0.999995946884
18 19 0 8 0.999995589256
29 30 0 8 0.999995112419
71 72 0 8 0.999994456768
74 75 0 8 0.999993503094
57 58 0 8 0.999993383884
24 25 0 8 0.999992787838
25 26 0 8 0.999992728233
65 66 0 8 0.999992132187
19 20 0 8 0.99999153614
22 23 0 8 0.999991297722
21 22 0 8 0.999990999699
17 18 0 8 0.999990582466
28 29 0 8 0.999990284443
55 56 0 8 0.999988913536
56 57 0 8 0.999988853931
66 67 0 8 0.999987363815
26 27 0 8 0.999986052513
31 32 0 8 0.999985396862
36 37 0 8 0.999983370304
72 73 0 8 0.999978303909
64 65 0 8 0.9999781847
58 59 0 8 0.999969363213
3 4 0 8 0.999955117702
7 8 0 8 0.99994546175
2 3 0 8 0.999942481518
63 64 0 8 0.999940931797
33 34 0 8 0.999930560589
13 14 0 8 0.999926269054
35 36 0 8 0.999923169613
1 2 0 8 0.999922990799
16 17 0 8 0.999920368195
34 35 0 8 0.999912440777
49 50 0 8 0.99990850687
15 16 0 8 0.999904751778
4 5 0 8 0.999902248383
40 41 0 8 0.999899029732
32 33 0 8 0.999882400036
48 49 0 8 0.999864757061
12 13 0 8 0.999842703342
59 60 0 8 0.999834001064
14 15 0 8 0.999833226204
9 10 0 8 0.999818503857
10 11 0 8 0.999810993671
6 7 0 8 0.999803960323
42 43 0 8 0.999803125858
41 42 0 8 0.999785482883
8 9 0 8 0.999763250351
37 38 0 8 0.999758541584
46 47 0 8 0.999739408493
43 44 0 8 0.999722659588
47 48 0 8 0.999713242054
60 61 0 8 0.999667584896
50 51 0 8 0.999660134315
39 40 0 8 0.999655127525
11 12 0 8 0.999626517296
45 46 0 8 0.999604582787
61 62 0 8 0.999586820602
5 6 0 8 0.999583363533
44 45 0 8 0.999435484409
53 54 0 8 0.999384641647
38 39 0 8 0.999364674091
54 55 0 8 0.998828828335
67 69 0 8 0.998685836792
20 22 0 8 0.998383820057
24 26 0 8 0.998159110546
23 25 0 8 0.998140513897
62 63 0 8 0.998115479946
26 28 0 8 0.998030483723
27 30 0 8 0.99799323082
20 23 0 8 0.997879207134
66 68 0 8 0.997838139534
27 29 0 8 0.997440516949
68 71 0 8 0.997366011143
68 70 0 8 0.997345983982
51 52 0 8 0.997299849987
52 53 0 8 0.997155725956
67 70 0 8 0.997112214565
25 27 0 8 0.996844053268
22 24 0 8 0.996327340603
27 31 0 8 0.996217906475
24 27 0 8 0.996143043041
19 21 0 8 0.995888233185
23 26 0 8 0.995334506035
28 31 0 8 0.995264828205
25 28 0 8 0.995139360428
21 23 0 8 0.994842708111
26 29 0 8 0.994612812996
67 71 0 8 0.994333565235
70 72 0 8 0.994166076183
30 32 0 8 0.994158864021
29 31 0 8 0.994024217129
26 30 0 8 0.993897616863
31 34 0 8 0.993609428406
28 30 0 8 0.993492364883
69 71 0 8 0.993178963661
65 67 0 8 0.99228054285
31 33 0 8 0.991868376732
66 69 0 8 0.991584718227
63 65 0 8 0.990887582302
20 24 0 8 0.989532768726
25 29 0 8 0.989477336407
30 33 0 8 0.987902283669
24 28 0 8 0.987667262554
21 24 0 8 0.98721987009
64 67 0 8 0.986896634102
69 72 0 8 0.986882925034
23 27 0 8 0.984538674355
29 32 0 8 0.984482169151
64 66 0 8 0.983897209167
71 73 0 8 0.983649373055
19 22 0 8 0.982441723347
65 68 0 8 0.980645298958
17 19 0 8 0.980566203594
68 72 0 8 0.980166077614
22 25 0 8 0.980051517487
17 20 0 8 0.979641497135
28 32 0 8 0.978252768517
71 74 0 8 0.978227853775
66 70 0 8 0.976948320866
7 9 0 8 0.976143300533
63 66 0 8 0.976138830185
70 73 0 8 0.97528398037
64 68 0 8 0.974795520306
8 46 0 8 0.970908284187
18 20 0 8 0.970226883888
16 19 0 8 0.970077097416
7 27 0 8 0.96925932169
9 45 0 8 0.967605531216
65 69 0 8 0.965473353863
30 34 0 8 0.964707016945
7 43 0 8 0.963146269321
29 33 0 8 0.962015390396
69 73 0 8 0.961797475815
21 25 0 8 0.959979653358
63 67 0 8 0.959549129009
5 7 0 8 0.958035349846
6 44 0 8 0.956467449665
5 43 0 8 0.956210613251
19 23 0 8 0.954860210419
6 8 0 8 0.953720510006
43 45 0 8 0.951285302639
11 47 0 8 0.946848273277
22 26 0 8 0.945695102215
16 18 0 8 0.945687055588
18 21 0 8 0.940632402897
54 56 0 8 0.939663469791
6 42 0 8 0.93429505825
5 41 0 8 0.930396080017
6 43 0 8 0.929090082645
58 60 0 8 0.92787951231
45 47 0 8 0.926161706448
72 74 0 8 0.925337612629
16 20 0 8 0.915738403797
12 14 0 8 0.911358833313
32 34 0 8 0.909795045853
15 20 0 8 0.909639239311
45 56 0 8 0.908797860146
9 27 0 8 0.90567201376
9 23 0 8 0.90082859993
52 54 0 8 0.900809049606
7 30 0 8 0.896849453449
44 46 0 8 0.895174980164
3 5 0 8 0.894110798836
9 46 0 8 0.890155434608
5 42 0 8 0.881484150887
34 36 0 8 0.880362153053
56 58 0 8 0.879560112953
12 48 0 8 0.879479885101
56 70 0 8 0.872461915016
6 58 0 8 0.870684087276
10 12 0 8 0.854563474655
47 49 0 8 0.852159261703
70 74 0 8 0.850780844688
56 67 0 8 0.849804759026
43 56 0 8 0.836139440536
7 44 0 8 0.835699677467
5 36 0 8 0.828122913837
55 57 0 8 0.826538980007
59 61 0 8 0.824174582958
42 44 0 8 0.822044909
49 51 0 8 0.821454226971
17 21 0 8 0.819634616375
56 61 0 8 0.819378852844
47 55 0 8 0.818332672119
33 35 0 8 0.815918147564
37 39 0 8 0.815015375614
8 45 0 8 0.807058870792
73 75 0 8 0.805861651897
6 46 0 8 0.802873492241
57 59 0 8 0.802443504333
4 42 0 8 0.80124849081
15 19 0 8 0.798677027225
58 61 0 8 0.79673075676
41 43 0 8 0.796712338924
46 52 0 8 0.793213605881
10 47 0 8 0.79273891449
13 15 0 8 0.785838603973
10 46 0 8 0.779759824276
44 58 0 8 0.777485847473
38 41 0 8 0.776067554951
53 55 0 8 0.775919079781
38 40 0 8 0.773531317711
61 70 0 8 0.767552912235
8 44 0 8 0.754884898663
39 41 0 8 0.752753555775
8 10 0 8 0.751263558865
1 3 0 8 0.74682700634
46 48 0 8 0.745150566101
7 45 0 8 0.743508517742
12 47 0 8 0.740681171417
31 43 0 8 0.736947476864
32 35 0 8 0.735485911369
7 42 0 8 0.733349204063
4 6 0 8 0.729861438274
48 50 0 8 0.724197924137
9 43 0 8 0.722934484482
11 20 0 8 0.716740131378
18 22 0 8 0.708778262138
5 34 0 8 0.707526504993
12 49 0 8 0.707351505756
35 37 0 8 0.70296305418
31 67 0 8 0.685201823711
61 63 0 8 0.682256758213
72 75 0 8 0.678563416004
51 53 0 8 0.678433477879
8 48 0 8 0.678250730038
46 54 0 8 0.676427841187
14 16 0 8 0.671789705753
60 62 0 8 0.667803704739
44 56 0 8 0.66456413269
4 58 0 8 0.664374053478
9 11 0 8 0.664092600346
40 42 0 8 0.660735607147
50 52 0 8 0.653355121613
2 4 0 8 0.653344392776
27 43 0 8 0.643521130085
47 53 0 8 0.639266312122
31 36 0 8 0.634013950825
37 40 0 8 0.631160378456
71 75 0 8 0.625199019909
36 43 0 8 0.622466742992
61 67 0 8 0.618154168129
9 44 0 8 0.615945160389
7 20 0 8 0.613094568253
7 46 0 8 0.611489295959
12 15 0 8 0.610629856586
36 38 0 8 0.607838869095
11 48 0 8 0.606981694698
37 41 0 8 0.604497313499
31 35 0 8 0.603856027126
30 70 0 8 0.600706458092
11 49 0 8 0.590443432331
61 66 0 8 0.587976276875
9 47 0 8 0.585639715195
45 55 0 8 0.582383036613
4 41 0 8 0.581910729408
6 56 0 8 0.579208612442
15 23 0 8 0.576221823692
11 46 0 8 0.574204385281
62 66 0 8 0.570872545242
48 52 0 8 0.569801092148
13 49 0 8 0.567402899265
11 13 0 8 0.552966654301
5 40 0 8 0.550296962261
7 41 0 8 0.548743546009
62 67 0 8 0.546563029289
6 45 0 8 0.533764362335
27 71 0 8 0.525450944901
47 52 0 8 0.524885714054
32 68 0 8 0.514134943485
3 41 0 8 0.496836066246
31 71 0 8 0.486641913652
5 47 0 8 0.474551707506
36 60 0 8 0.472044706345
28 72 0 8 0.469522982836
11 15 0 8 0.461519449949
15 17 0 8 0.459785014391
46 55 0 8 0.455718487501
3 34 0 8 0.452190279961
62 64 0 8 0.450126260519
10 48 0 8 0.43551620841
48 51 0 8 0.427215665579
34 41 0 8 0.425337135792
57 60 0 8 0.418891489506
42 58 0 8 0.414362549782
10 14 0 8 0.409502148628
41 57 0 8 0.409333199263
9 24 0 8 0.40768712759
26 70 0 8 0.405900597572
35 40 0 8 0.404213964939
14 48 0 8 0.403609782457
34 43 0 8 0.395084500313
13 48 0 8 0.394994288683
44 55 0 8 0.394599676132
36 61 0 8 0.37773039937
12 20 0 8 0.375804662704
37 42 0 8 0.369333297014
34 70 0 8 0.365788370371
5 61 0 8 0.364415019751
43 55 0 8 0.363484233618
7 54 0 8 0.361996203661
48 53 0 8 0.36084780097
9 20 0 8 0.353009641171
6 54 0 8 0.344169080257
11 23 0 8 0.338642507792
31 37 0 8 0.335120946169
46 53 0 8 0.334070563316
49 52 0 8 0.331526041031
45 53 0 8 0.319502741098
36 42 0 8 0.317514777184
45 74 0 8 0.317064374685
13 50 0 8 0.31507563591
41 60 0 8 0.31440538168
45 54 0 8 0.311123460531
34 61 0 8 0.301368266344
10 15 0 8 0.298606693745
46 70 0 8 0.296903282404
5 56 0 8 0.290052205324
10 23 0 8 0.285994529724
6 48 0 8 0.279653012753
8 47 0 8 0.274596244097
43 67 0 8 0.273570567369
41 56 0 8 0.270775973797
8 43 0 8 0.270483732224
28 68 0 8 0.270246475935
24 71 0 8 0.269720882177
46 57 0 8 0.259950190783
7 31 0 8 0.256681412458
5 30 0 8 0.250287264585
41 58 0 8 0.237568989396
5 31 0 8 0.237542584538
3 48 0 8 0.23751552403
6 61 0 8 0.235175311565
39 62 0 8 0.233403146267
4 40 0 8 0.231975987554
42 60 0 8 0.230531826615
10 13 0 8 0.22966735065
54 57 0 8 0.227734848857
43 57 0 8 0.226310566068
38 42 0 8 0.225830540061
4 47 0 8 0.22559030354
14 49 0 8 0.223816946149
14 19 0 8 0.221333503723
42 57 0 8 0.220010966063
31 61 0 8 0.215427696705
2 41 0 8 0.213579878211
36 67 0 8 0.209434792399
9 74 0 8 0.208975628018
12 50 0 8 0.208050504327
5 58 0 8 0.206735953689
9 48 0 8 0.204929992557
34 62 0 8 0.204511627555
34 67 0 8 0.203202024102
13 16 0 8 0.201898351312
6 41 0 8 0.201690599322
38 62 0 8 0.201626628637
10 42 0 8 0.199880719185
44 53 0 8 0.199403658509
11 55 0 8 0.198432669044
32 36 0 8 0.198027640581
9 15 0 8 0.197139441967
4 60 0 8 0.196254685521
11 14 0 8 0.195621311665
61 64 0 8 0.195348799229
6 40 0 8 0.193852111697
2 39 0 8 0.191778823733
42 56 0 8 0.191043406725
4 44 0 8 0.190114066005
40 58 0 8 0.188453882933
58 62 0 8 0.186955228448
57 61 0 8 0.183389157057
42 59 0 8 0.182728916407
5 46 0 8 0.182375192642
44 54 0 8 0.181274861097
12 46 0 8 0.179638236761
7 56 0 8 0.178699851036
31 64 0 8 0.177304178476
15 48 0 8 0.175950959325
42 62 0 8 0.174562349916
62 65 0 8 0.172197937965
36 41 0 8 0.169554784894
8 11 0 8 0.169153794646
3 39 0 8 0.1672514081
23 45 0 8 0.166442498565
7 70 0 8 0.164953052998
58 67 0 8 0.164755627513
35 38 0 8 0.164624378085
9 13 0 8 0.164584770799
59 62 0 8 0.163845896721
5 48 0 8 0.163492307067
43 58 0 8 0.162648901343
11 45 0 8 0.160538643599
5 55 0 8 0.159130260348
27 45 0 8 0.158195734024
10 45 0 8 0.157885536551
36 40 0 8 0.153800293803
40 60 0 8 0.151581168175
36 56 0 8 0.15065677464
8 58 0 8 0.150436878204
39 61 0 8 0.150098949671
48 54 0 8 0.148438200355
5 54 0 8 0.146829172969
5 20 0 8 0.145517319441
52 55 0 8 0.144709542394
24 45 0 8 0.144429266453
3 46 0 8 0.141995355487
4 49 0 8 0.141481727362
5 26 0 8 0.138814255595
45 52 0 8 0.137986719608
44 57 0 8 0.137891456485
34 37 0 8 0.136368557811
42 61 0 8 0.13532307744
4 39 0 8 0.134328171611
13 47 0 8 0.134193554521
46 56 0 8 0.132297724485
47 50 0 8 0.132133617997
4 48 0 8 0.132098898292
27 56 0 8 0.131929278374
3 40 0 8 0.131549999118
7 47 0 8 0.131041750312
6 70 0 8 0.131023064256
2 48 0 8 0.130053803325
60 63 0 8 0.127543091774
13 19 0 8 0.124931111932
47 54 0 8 0.124843537807
5 27 0 8 0.124187611043
4 37 0 8 0.123775407672
4 46 0 8 0.123577415943
5 45 0 8 0.123409345746
38 60 0 8 0.120665788651
20 46 0 8 0.118991337717
32 64 0 8 0.118867047131
23 70 0 8 0.118819504976
31 60 0 8 0.118781074882
6 60 0 8 0.116903923452
24 74 0 8 0.11583866179
8 14 0 8 0.115552484989
8 15 0 8 0.113653227687
37 43 0 8 0.112267456949
38 61 0 8 0.111905895174
30 56 0 8 0.11064915359
7 36 0 8 0.110068053007
44 67 0 8 0.109889268875
41 59 0 8 0.10873426497
3 74 0 8 0.108538135886
54 70 0 8 0.108076654375
35 43 0 8 0.107729829848
6 55 0 8 0.107120528817
47 51 0 8 0.107066854835
3 58 0 8 0.10274053365
8 56 0 8 0.102387838066
27 70 0 8 0.101562619209
10 49 0 8 0.100939475
9 12 0 8 0.097849547863
8 53 0 8 0.0975354835391
37 60 0 8 0.0971903055906
34 74 0 8 0.0956889018416
35 64 0 8 0.0952462404966
31 56 0 8 0.0950570777059
41 61 0 8 0.0948807224631
10 44 0 8 0.0945081859827
8 20 0 8 0.0943824052811
10 52 0 8 0.094001531601
5 59 0 8 0.0938835442066
9 14 0 8 0.093575976789
14 50 0 8 0.0931322053075
3 42 0 8 0.0930908322334
2 38 0 8 0.0925627797842
3 38 0 8 0.0918964743614
7 26 0 8 0.0900812223554
40 59 0 8 0.0898896232247
10 19 0 8 0.0896890610456
8 61 0 8 0.0893927663565
2 40 0 8 0.0886504426599
30 36 0 8 0.0881385207176
9 67 0 8 0.0881279110909
14 17 0 8 0.0875847563148
7 23 0 8 0.0870937034488
3 6 0 8 0.0866282731295
3 35 0 8 0.0863738879561
39 60 0 8 0.0860600471497
45 67 0 8 0.0851839706302
31 38 0 8 0.0849392786622
26 47 0 8 0.084891192615
34 66 0 8 0.0845872834325
6 67 0 8 0.0844848975539
8 23 0 8 0.0840721875429
12 16 0 8 0.0840571299195
43 60 0 8 0.0837407708168
8 52 0 8 0.0831227079034
2 60 0 8 0.0830025300384
10 20 0 8 0.0827313661575
1 4 0 8 0.081649787724
57 62 0 8 0.0814982652664
8 26 0 8 0.0813802182674
5 44 0 8 0.0810247883201
62 70 0 8 0.0796341225505
43 70 0 8 0.0795791372657
37 59 0 8 0.0791837871075
45 58 0 8 0.07900570333
47 74 0 8 0.0785267800093
28 61 0 8 0.0778489485383
49 53 0 8 0.0776968598366
8 41 0 8 0.0767707377672
39 59 0 8 0.0759886354208
3 47 0 8 0.075107678771
59 63 0 8 0.0747473463416
9 56 0 8 0.0745798796415
7 58 0 8 0.0743969082832
48 74 0 8 0.074150018394
40 61 0 8 0.0739533677697
34 63 0 8 0.0737778022885
6 47 0 8 0.0735021606088
7 71 0 8 0.0731907859445
8 70 0 8 0.0728600025177
23 64 0 8 0.0727001801133
33 36 0 8 0.0721782147884
6 30 0 8 0.0721509680152
60 67 0 8 0.0718992054462
60 64 0 8 0.0710656121373
5 67 0 8 0.0705905780196
20 56 0 8 0.0691303908825
14 20 0 8 0.0689880475402
20 48 0 8 0.0680790171027
56 74 0 8 0.0679432153702
27 74 0 8 0.0673752948642
4 61 0 8 0.0669227391481
27 41 0 8 0.066758133471
9 51 0 8 0.0660642459989
10 50 0 8 0.0658697932959
56 60 0 8 0.0658193081617
44 59 0 8 0.065558694303
1 41 0 8 0.0655371323228
15 47 0 8 0.0654273554683
23 67 0 8 0.0647643059492
12 19 0 8 0.0644785612822
39 42 0 8 0.0644615888596
27 61 0 8 0.0644421353936
46 58 0 8 0.0636186748743
33 70 0 8 0.0632587894797
26 74 0 8 0.0631843209267
36 66 0 8 0.0625491291285
7 53 0 8 0.0620989017189
7 48 0 8 0.0617687851191
20 74 0 8 0.0612347833812
2 46 0 8 0.0607596300542
36 59 0 8 0.0603875853121
43 64 0 8 0.0592818744481
10 51 0 8 0.0589642636478
31 41 0 8 0.0587805919349
4 50 0 8 0.0581563487649
26 67 0 8 0.0577819161117
6 34 0 8 0.0577275641263
11 53 0 8 0.0576652064919
49 54 0 8 0.0576269067824
33 37 0 8 0.0575708299875
34 42 0 8 0.057494584471
11 26 0 8 0.0571499839425
2 58 0 8 0.0571422353387
27 54 0 8 0.056967176497
58 70 0 8 0.0561456717551
7 67 0 8 0.0558351203799
30 67 0 8 0.0557742901146
11 51 0 8 0.0556830018759
59 70 0 8 0.0552185624838
11 50 0 8 0.054756693542
31 42 0 8 0.0543341338634
1 40 0 8 0.0541898310184
4 43 0 8 0.053963240236
32 37 0 8 0.0531391091645
2 5 0 8 0.0526967272162
36 70 0 8 0.0526593290269
6 57 0 8 0.0525821186602
9 70 0 8 0.0524422638118
60 66 0 8 0.0523875802755
43 59 0 8 0.0521473251283
9 30 0 8 0.0520703531802
3 49 0 8 0.0516032353044
9 26 0 8 0.0514389127493
50 53 0 8 0.0512102879584
3 61 0 8 0.0511479340494
30 45 0 8 0.0511088296771
58 66 0 8 0.0510045066476
20 47 0 8 0.050950743258
36 39 0 8 0.0509403124452
1 39 0 8 0.0508970469236
4 45 0 8 0.050792183727
12 51 0 8 0.050177808851
52 74 0 8 0.0499976240098
31 45 0 8 0.0497532002628
35 61 0 8 0.0489119403064
10 54 0 8 0.0488739795983
14 51 0 8 0.0485781617463
49 74 0 8 0.0480791218579
34 58 0 8 0.0479121208191
30 71 0 8 0.0478509403765
5 37 0 8 0.0478405542672
46 49 0 8 0.0478350929916
8 51 0 8 0.0477534085512
43 61 0 8 0.0475815609097
45 70 0 8 0.0473118312657
38 59 0 8 0.047041695565
8 54 0 8 0.0464217029512
10 27 0 8 0.0462747141719
59 66 0 8 0.0460487492383
5 39 0 8 0.0459411740303
8 67 0 8 0.0458619967103
7 55 0 8 0.0456759519875
36 74 0 8 0.0456030927598
2 59 0 8 0.0454121157527
7 16 0 8 0.0451637022197
4 74 0 8 0.0448747612536
7 24 0 8 0.0446581207216
1 58 0 8 0.0444176755846
3 60 0 8 0.044373486191
34 38 0 8 0.0443323850632
1 38 0 8 0.0441751852632
3 54 0 8 0.0440016947687
11 16 0 8 0.0439840406179
13 17 0 8 0.0435757003725
34 45 0 8 0.0430758669972
43 54 0 8 0.0430203825235
7 51 0 8 0.0426762476563
4 56 0 8 0.0424121953547
9 58 0 8 0.0423612631857
9 49 0 8 0.0423303209245
35 39 0 8 0.0422650538385
51 55 0 8 0.0421277731657
46 74 0 8 0.0420044697821
6 53 0 8 0.041862487793
41 64 0 8 0.0418570749462
8 62 0 8 0.0418526269495
1 49 0 8 0.0416977703571
44 70 0 8 0.0416976176202
15 26 0 8 0.0416792631149
8 27 0 8 0.0414442643523
26 56 0 8 0.0413134768605
30 74 0 8 0.0412528961897
38 64 0 8 0.0411701016128
2 61 0 8 0.0409114211798
61 65 0 8 0.0407590679824
1 48 0 8 0.0406247898936
29 70 0 8 0.0405532866716
20 45 0 8 0.0405386798084
2 49 0 8 0.0401639714837
8 71 0 8 0.0400688126683
39 66 0 8 0.0396018959582
42 67 0 8 0.0395957045257
31 74 0 8 0.0395713150501
36 58 0 8 0.0395410880446
9 71 0 8 0.0394225083292
1 47 0 8 0.0393459163606
8 49 0 8 0.0393239632249
34 44 0 8 0.0392128974199
46 50 0 8 0.0391684398055
11 19 0 8 0.0389647297561
6 36 0 8 0.0385959595442
3 37 0 8 0.0385277718306
5 70 0 8 0.038387272507
7 19 0 8 0.0382747203112
3 24 0 8 0.0381128229201
13 20 0 8 0.0381038598716
45 71 0 8 0.0380918681622
10 70 0 8 0.038005374372
59 67 0 8 0.0376706160605
6 74 0 8 0.0376652404666
7 74 0 8 0.0376449674368
17 64 0 8 0.0374360755086
9 16 0 8 0.0370189398527
12 23 0 8 0.0367439389229
10 57 0 8 0.0366212241352
44 61 0 8 0.0365498848259
1 61 0 8 0.036373924464
2 50 0 8 0.0363530218601
51 54 0 8 0.0362129323184
35 41 0 8 0.0362114347517
5 49 0 8 0.0359884649515
32 38 0 8 0.0359043553472
58 64 0 8 0.0358043573797
58 63 0 8 0.0357223972678
20 55 0 8 0.0356143526733
48 75 0 8 0.0356016531587
27 67 0 8 0.0355218946934
10 43 0 8 0.0348359383643
5 62 0 8 0.0347923673689
2 35 0 8 0.0346150770783
8 74 0 8 0.0344420745969
43 71 0 8 0.0341604724526
42 66 0 8 0.0340528003871
1 5 0 8 0.0340245217085
4 55 0 8 0.0336985252798
17 50 0 8 0.0336522199214
11 74 0 8 0.0336088053882
3 43 0 8 0.0334880053997
9 41 0 8 0.0334067568183
8 40 0 8 0.0332678072155
4 59 0 8 0.0327865444124
58 71 0 8 0.0322543121874
30 43 0 8 0.0320640988648
3 55 0 8 0.0319949164987
2 47 0 8 0.0319702662528
48 55 0 8 0.0317738167942
3 45 0 8 0.0315990187228
54 71 0 8 0.0314162857831
5 51 0 8 0.0312336441129
57 67 0 8 0.0311771705747
35 42 0 8 0.0310499351472
8 55 0 8 0.0310403108597
5 71 0 8 0.0310118775815
9 52 0 8 0.0308932512999
7 15 0 8 0.0308765377849
1 60 0 8 0.0308712441474
3 36 0 8 0.0307356081903
31 68 0 8 0.0306986104697
53 66 0 8 0.0304284617305
56 59 0 8 0.0302093904465
1 74 0 8 0.0301353409886
8 19 0 8 0.0300898905843
8 16 0 8 0.0300741624087
56 66 0 8 0.0299598313868
47 56 0 8 0.0298172030598
47 75 0 8 0.0297962296754
8 42 0 8 0.0297685340047
12 43 0 8 0.0295986868441
27 38 0 8 0.0295292027295
5 33 0 8 0.0295176580548
3 33 0 8 0.0290923994035
5 24 0 8 0.0289139728993
3 57 0 8 0.0288796052337
41 62 0 8 0.0288614761084
9 53 0 8 0.0286801531911
2 34 0 8 0.0283198151737
48 71 0 8 0.0282702650875
23 43 0 8 0.0281934924424
9 42 0 8 0.0281742364168
11 52 0 8 0.0281506273896
56 71 0 8 0.0280853044242
30 42 0 8 0.0280039776117
14 23 0 8 0.0278723109514
23 74 0 8 0.0277762301266
31 40 0 8 0.0276421438903
4 53 0 8 0.0276124309748
3 59 0 8 0.0274935550988
30 61 0 8 0.0273364465684
6 49 0 8 0.0272648781538
10 58 0 8 0.0271992627531
27 44 0 8 0.0271804817021
4 57 0 8 0.0271711666137
56 62 0 8 0.0270471703261
2 42 0 8 0.0269298031926
49 75 0 8 0.0269094333053
8 57 0 8 0.0268503911793
24 67 0 8 0.0266016814858
10 56 0 8 0.0265556462109
5 74 0 8 0.0265287887305
8 12 0 8 0.0264573711902
30 66 0 8 0.0262440033257
4 34 0 8 0.026230180636
42 63 0 8 0.0260351486504
1 59 0 8 0.0260314177722
2 37 0 8 0.0259485095739
31 62 0 8 0.0257592014968
26 45 0 8 0.0256738550961
8 17 0 8 0.0256528351456
42 55 0 8 0.0256127361208
12 45 0 8 0.0254954174161
37 61 0 8 0.0254621841013
1 37 0 8 0.0254313088953
12 44 0 8 0.0254299733788
34 71 0 8 0.0253778379411
26 71 0 8 0.0253492835909
3 71 0 8 0.0253428872675
6 31 0 8 0.0251513998955
34 56 0 8 0.0250970330089
6 52 0 8 0.0248609352857
24 43 0 8 0.024852739647
4 38 0 8 0.0245448835194
55 70 0 8 0.024372888729
10 16 0 8 0.024262316525
46 71 0 8 0.0242392923683
2 74 0 8 0.0239874254912
3 44 0 8 0.0239798072726
8 30 0 8 0.0239675231278
20 67 0 8 0.023788575083
1 34 0 8 0.0236976332963
3 75 0 8 0.0236286148429
7 34 0 8 0.0235990416259
12 52 0 8 0.023455819115
40 62 0 8 0.0227136276662
33 67 0 8 0.022709120065
3 56 0 8 0.0226349793375
7 49 0 8 0.0226283036172
11 22 0 8 0.0225112773478
37 70 0 8 0.0224850773811
56 63 0 8 0.0223761945963
12 58 0 8 0.0223064348102
38 66 0 8 0.0219900961965
21 64 0 8 0.0218666791916
15 22 0 8 0.0218394938856
44 52 0 8 0.0217812936753
9 17 0 8 0.0217269025743
2 36 0 8 0.0217226874083
15 49 0 8 0.0217079482973
6 20 0 8 0.0216782167554
41 67 0 8 0.0216520912945
4 36 0 8 0.0216272305697
31 44 0 8 0.0216040555388
27 37 0 8 0.0215613935143
49 55 0 8 0.0215538851917
40 57 0 8 0.021549731493
39 63 0 8 0.0215370971709
57 64 0 8 0.0215296819806
52 56 0 8 0.0215219277889
1 42 0 8 0.021503129974
7 52 0 8 0.0214536637068
27 48 0 8 0.0212851371616
5 23 0 8 0.0212187226862
5 75 0 8 0.0211121439934
9 19 0 8 0.02111197263
10 67 0 8 0.021061450243
12 61 0 8 0.0209649689496
4 35 0 8 0.0209254864603
57 66 0 8 0.0209142435342
3 23 0 8 0.0209115669131
31 70 0 8 0.0208961591125
4 75 0 8 0.0206914488226
15 18 0 8 0.0205487664789
43 74 0 8 0.0204806886613
38 43 0 8 0.0204426441342
20 71 0 8 0.0204145330936
54 74 0 8 0.020392049104
14 47 0 8 0.020343227312
59 64 0 8 0.0203139502555
57 63 0 8 0.0202887803316
3 50 0 8 0.0202083289623
40 43 0 8 0.0201530866325
6 71 0 8 0.0201448723674
5 68 0 8 0.0200939346105
45 48 0 8 0.0200337376446
1 57 0 8 0.0200033541769
4 33 0 8 0.0199958533049
9 54 0 8 0.0199360586703
12 59 0 8 0.0198865812272
20 70 0 8 0.0198745690286
39 57 0 8 0.0198734775186
4 26 0 8 0.0198242813349
9 57 0 8 0.0198217332363
34 40 0 8 0.0197772569954
14 18 0 8 0.0197737496346
7 57 0 8 0.0196215305477
5 64 0 8 0.0196094736457
23 47 0 8 0.0196033418179
60 65 0 8 0.019551763311
2 57 0 8 0.0194640532136
60 70 0 8 0.0194210372865
6 27 0 8 0.0194197483361
46 67 0 8 0.0193638335913
50 75 0 8 0.019193790853
1 75 0 8 0.0190857686102
11 58 0 8 0.0190058704466
7 50 0 8 0.0188831891865
15 57 0 8 0.0188220664859
1 50 0 8 0.0188203882426
14 61 0 8 0.0188062656671
20 58 0 8 0.0188050251454
11 17 0 8 0.0187950059772
55 74 0 8 0.0186704210937
7 17 0 8 0.0186573024839
43 66 0 8 0.0186420511454
57 70 0 8 0.0185777842999
30 41 0 8 0.0185242444277
39 58 0 8 0.0184109862894
6 23 0 8 0.0183348841965
61 69 0 8 0.0182951055467
26 66 0 8 0.018281750381
9 55 0 8 0.0182738173753
2 6 0 8 0.018199717626
30 37 0 8 0.0181796383113
5 28 0 8 0.0181784518063
1 35 0 8 0.0181346777827
15 61 0 8 0.0181264430285
37 74 0 8 0.0180789195001
3 26 0 8 0.0179812572896
56 64 0 8 0.0178612563759
32 40 0 8 0.0178559292108
14 63 0 8 0.0178258065134
6 39 0 8 0.0178063735366
9 50 0 8 0.0177299454808
31 46 0 8 0.0176972392946
31 58 0 8 0.0176952909678
2 75 0 8 0.0176873262972
14 70 0 8 0.0176755338907
37 44 0 8 0.0176752861589
23 52 0 8 0.0176700614393
14 62 0 8 0.017657039687
22 74 0 8 0.0175672266632
35 66 0 8 0.0175573378801
17 51 0 8 0.0175432227552
41 74 0 8 0.017540583387
33 40 0 8 0.0175233259797
11 27 0 8 0.0175118371844
15 56 0 8 0.0175041183829
23 71 0 8 0.0174971334636
45 57 0 8 0.0174784306437
42 74 0 8 0.0174629930407
30 44 0 8 0.0174107477069
23 55 0 8 0.0174007490277
3 30 0 8 0.0173954255879
27 46 0 8 0.0173150748014
5 50 0 8 0.0172962844372
33 38 0 8 0.017158260569
11 61 0 8 0.017111338675
54 67 0 8 0.0170600153506
20 64 0 8 0.017041452229
28 71 0 8 0.0169970486313
10 74 0 8 0.0169701334089
46 51 0 8 0.0168037880212
6 37 0 8 0.0167846158147
45 49 0 8 0.0167646482587
6 62 0 8 0.0167637839913
36 44 0 8 0.0167442709208
42 70 0 8 0.0167102497071
10 55 0 8 0.0167090054601
2 18 0 8 0.0166961532086
14 22 0 8 0.0166797209531
24 63 0 8 0.0165833625942
10 71 0 8 0.0165696963668
41 70 0 8 0.0165349226445
4 54 0 8 0.0164792463183
3 70 0 8 0.016393141821
1 6 0 8 0.0163658075035
54 75 0 8 0.0163426734507
12 17 0 8 0.0162779260427
56 68 0 8 0.0162562187761
4 51 0 8 0.0161504093558
28 43 0 8 0.0161186940968
30 35 0 8 0.0160959400237
6 38 0 8 0.0160843301564
23 54 0 8 0.0160727798939
3 67 0 8 0.0160440374166
15 74 0 8 0.0160366538912
43 62 0 8 0.0160108823329
5 8 0 8 0.0160079821944
17 68 0 8 0.0159276779741
41 44 0 8 0.0157836936414
12 57 0 8 0.0157829467207
38 75 0 8 0.0157772153616
4 23 0 8 0.0157653484493
41 63 0 8 0.0157611314207
11 41 0 8 0.0157594829798
4 67 0 8 0.0157280489802
11 75 0 8 0.0157153587788
24 48 0 8 0.0157111920416
10 75 0 8 0.0156945735216
4 71 0 8 0.0156933423132
12 74 0 8 0.0156665891409
26 43 0 8 0.0155720068142
12 71 0 8 0.0155664300546
1 26 0 8 0.0155616737902
13 61 0 8 0.0155378691852
44 74 0 8 0.015534369275
27 58 0 8 0.0155069446191
51 74 0 8 0.0154862776399
12 60 0 8 0.0154412379488
70 75 0 8 0.0154227335006
13 23 0 8 0.0154159516096
26 44 0 8 0.0153710711747
27 62 0 8 0.0152808260173
11 70 0 8 0.0152465309948
4 30 0 8 0.0152341220528
26 52 0 8 0.0152235021815
24 44 0 8 0.0152071975172
28 74 0 8 0.0151972034946
51 75 0 8 0.0151545582339
10 62 0 8 0.0151346800849
55 63 0 8 0.0151047715917
13 18 0 8 0.0150762321427
55 67 0 8 0.0149519797415
33 69 0 8 0.0149510595948
8 34 0 8 0.0149321807548
46 75 0 8 0.0148079432547
27 42 0 8 0.0147991329432
14 60 0 8 0.0147643554956
52 75 0 8 0.0147552993149
24 64 0 8 0.0147031573579
3 68 0 8 0.0146448994055
2 73 0 8 0.0146258370951
3 73 0 8 0.0146251292899
39 43 0 8 0.0145949861035
3 31 0 8 0.0145774614066
50 54 0 8 0.0145759535953
30 69 0 8 0.0145674841478
8 38 0 8 0.0145467510447
53 56 0 8 0.014537518844
36 64 0 8 0.0145110990852
33 63 0 8 0.0145097495988
5 53 0 8 0.0144982514903
2 26 0 8 0.0144961802289
11 56 0 8 0.0144914118573
30 68 0 8 0.0144700240344
10 41 0 8 0.0144645236433
36 75 0 8 0.0144021613523
17 49 0 8 0.0143516529351
6 26 0 8 0.0143164722249
26 49 0 8 0.0142960585654
3 52 0 8 0.0142197851092
23 46 0 8 0.0142083931714
30 54 0 8 0.0142070241272
6 68 0 8 0.0142046874389
2 24 0 8 0.0141685763374
29 66 0 8 0.0141346016899
43 75 0 8 0.014132861048
14 58 0 8 0.0141097586602
3 53 0 8 0.0140780014917
13 45 0 8 0.0140689248219
12 42 0 8 0.0140498280525
34 75 0 8 0.0139755271375
43 46 0 8 0.0139376902953
47 71 0 8 0.0139348590747
37 62 0 8 0.0139103038236
3 17 0 8 0.0138712832704
15 52 0 8 0.0138567918912
23 75 0 8 0.0138115016744
1 62 0 8 0.0138070071116
4 7 0 8 0.0137750348076
6 59 0 8 0.0137656256557
2 30 0 8 0.0137525806203
1 36 0 8 0.0137377325445
7 40 0 8 0.013722893782
37 75 0 8 0.0137145388871
30 46 0 8 0.013713655062
12 62 0 8 0.013694036752
47 57 0 8 0.0136892069131
40 74 0 8 0.0136490911245
1 64 0 8 0.0136286914349
50 74 0 8 0.0136086558923
37 67 0 8 0.0135897668079
13 60 0 8 0.0135017186403
44 66 0 8 0.0134977428243
14 46 0 8 0.0134955458343
28 38 0 8 0.0134906461462
37 63 0 8 0.0134384669363
4 31 0 8 0.0133692165837
5 57 0 8 0.0133487414569
17 58 0 8 0.0133454315364
2 71 0 8 0.0133298821747
37 66 0 8 0.0133284265175
4 62 0 8 0.0133263198659
60 69 0 8 0.0132920369506
15 46 0 8 0.013276704587
29 40 0 8 0.0132763106376
2 33 0 8 0.0132485106587
44 60 0 8 0.0132429087535
38 74 0 8 0.0132260201499
14 59 0 8 0.0131993545219
3 51 0 8 0.0131704434752
6 50 0 8 0.0131603889167
12 41 0 8 0.0131225800142
53 75 0 8 0.0130905760452
15 64 0 8 0.0130642661825
24 62 0 8 0.0130504276603
23 48 0 8 0.0130107998848
44 71 0 8 0.0130037479103
12 56 0 8 0.0129964360967
10 61 0 8 0.0129812872037
23 56 0 8 0.0129788806662
16 21 0 8 0.0129491966218
1 71 0 8 0.0129342786968
1 51 0 8 0.0128975845873
12 55 0 8 0.0128665510565
8 60 0 8 0.0128551162779
1 30 0 8 0.0128473974764
24 47 0 8 0.0128225181252
6 19 0 8 0.012809516862
28 75 0 8 0.0127529483289
1 73 0 8 0.0127289453521
55 61 0 8 0.0126858297735
12 67 0 8 0.012681231834
2 63 0 8 0.0126738855615
8 31 0 8 0.0126397823915
2 62 0 8 0.0126370806247
24 38 0 8 0.0126068685204
14 55 0 8 0.0125757865608
8 68 0 8 0.0125506520271
11 57 0 8 0.0125138536096
35 75 0 8 0.0124356616288
3 22 0 8 0.0124341566116
29 74 0 8 0.0124110728502
11 44 0 8 0.0124101266265
5 60 0 8 0.0123581914231
45 51 0 8 0.0123402085155
48 73 0 8 0.0123400632292
33 41 0 8 0.0122879212722
15 50 0 8 0.0122801735997
29 73 0 8 0.0122464084998
48 58 0 8 0.0122361341491
1 63 0 8 0.0122343013063
34 39 0 8 0.0122198052704
11 18 0 8 0.012207120657
10 17 0 8 0.0121674016118
9 75 0 8 0.0121364640072
12 70 0 8 0.0120959356427
10 24 0 8 0.0120656583458
14 52 0 8 0.0120544042438
6 75 0 8 0.0120452931151
20 53 0 8 0.012009171769
2 32 0 8 0.0120023516938
2 56 0 8 0.0119973877445
33 66 0 8 0.0119841462001
32 72 0 8 0.0119808204472
11 43 0 8 0.0119663970545
10 59 0 8 0.0119592389092
10 26 0 8 0.0119294645265
36 73 0 8 0.0118791405112
55 64 0 8 0.0118771037087
33 42 0 8 0.0118735907599
54 63 0 8 0.0118684722111
4 70 0 8 0.0118598518893
46 62 0 8 0.0118107208982
7 29 0 8 0.0118033718318
28 41 0 8 0.0117642302066
31 39 0 8 0.011761170812
39 71 0 8 0.0117458850145
30 58 0 8 0.0117286881432
33 39 0 8 0.0117108607665
16 61 0 8 0.0116998003796
11 30 0 8 0.0116665009409
4 73 0 8 0.0116464719176
4 22 0 8 0.0116396397352
42 75 0 8 0.0116145107895
11 71 0 8 0.0116120912135
23 58 0 8 0.0115557145327
44 75 0 8 0.0115333562717
12 22 0 8 0.0115261124447
29 57 0 8 0.0114895040169
35 74 0 8 0.0114859035239
3 21 0 8 0.0114831319079
31 57 0 8 0.0114525472745
13 62 0 8 0.0114381369203
20 68 0 8 0.0113748712465
59 65 0 8 0.0113631496206
47 58 0 8 0.0113414917141
39 75 0 8 0.0113360332325
32 39 0 8 0.011327303946
38 58 0 8 0.0113142179325
26 75 0 8 0.0113108418882
54 64 0 8 0.0112801576033
33 62 0 8 0.011260391213
30 62 0 8 0.011253407225
35 62 0 8 0.0112452497706
9 18 0 8 0.0112076001242
27 73 0 8 0.0111642563716
1 23 0 8 0.0111459838226
51 70 0 8 0.0111319553107
49 73 0 8 0.0111062852666
22 51 0 8 0.0110793933272
34 60 0 8 0.0110123660415
50 73 0 8 0.0110121425241
3 7 0 8 0.0110032865778
2 54 0 8 0.0109815755859
16 50 0 8 0.0109722111374
1 25 0 8 0.0109573863447
24 75 0 8 0.0109536191449
3 72 0 8 0.0108897574246
6 16 0 8 0.0108792893589
1 54 0 8 0.0108479978517
1 46 0 8 0.0108303343877
1 52 0 8 0.0108049288392
58 65 0 8 0.0107602840289
26 54 0 8 0.0107215689495
48 56 0 8 0.0107050938532
16 49 0 8 0.0106976022944
7 14 0 8 0.0106913261116
55 58 0 8 0.010622235015
15 62 0 8 0.010618227534
5 35 0 8 0.0105956178159
4 52 0 8 0.0105743091553
16 48 0 8 0.0105707123876
26 69 0 8 0.0105539141223
42 45 0 8 0.0105522014201
8 24 0 8 0.0105381412432
45 75 0 8 0.010532643646
6 17 0 8 0.0105231907219
6 24 0 8 0.0105142332613
2 68 0 8 0.0105064269155
12 18 0 8 0.0104768145829
1 45 0 8 0.0104761328548
16 74 0 8 0.0104742255062
36 71 0 8 0.0104470979422
9 68 0 8 0.0104374447837
27 66 0 8 0.0103942472488
55 71 0 8 0.0103837260976
15 45 0 8 0.010381267406
34 73 0 8 0.0103427749127
15 70 0 8 0.0103264767677
39 64 0 8 0.0103234257549
25 75 0 8 0.0103183751926
5 63 0 8 0.0103157609701
3 64 0 8 0.0102996490896
55 62 0 8 0.0102950520813
8 66 0 8 0.0102605260909
27 52 0 8 0.010253701359
45 62 0 8 0.0102518135682
33 74 0 8 0.0102482726797
34 69 0 8 0.0102232294157
1 31 0 8 0.0102217830718
1 70 0 8 0.0102128526196
2 25 0 8 0.0101840049028
26 46 0 8 0.0101632857695
2 52 0 8 0.0101536624134
34 47 0 8 0.0100678596646
14 57 0 8 0.0100498395041
35 63 0 8 0.0100215151906
47 73 0 8 0.00997172389179
32 42 0 8 0.00995137542486
35 65 0 8 0.00992677453905
54 66 0 8 0.00989059917629
24 56 0 8 0.00987161230296
55 73 0 8 0.0098634455353
6 21 0 8 0.00985829532146
4 63 0 8 0.00984876323491
2 44 0 8 0.00984422210604
36 57 0 8 0.00983097031713
13 63 0 8 0.00980327930301
35 70 0 8 0.00977650564164
20 51 0 8 0.00976096093655
15 21 0 8 0.00974319130182
1 24 0 8 0.00973221100867
32 63 0 8 0.00972513668239
13 56 0 8 0.00972429662943
50 57 0 8 0.00971126463264
9 61 0 8 0.00968081597239
2 31 0 8 0.0096805151552
34 64 0 8 0.00967971887439
7 10 0 8 0.00965014845133
27 47 0 8 0.00961341988295
3 62 0 8 0.00959717575461
52 70 0 8 0.00958512257785
14 66 0 8 0.00954574719071
13 58 0 8 0.00953067466617
54 61 0 8 0.00951304566115
1 56 0 8 0.00947124417871
1 27 0 8 0.00946437940001
12 75 0 8 0.00946428533643
15 71 0 8 0.00945141073316
4 16 0 8 0.00939454697073
10 40 0 8 0.00938364956528
26 48 0 8 0.00938290543854
10 18 0 8 0.00933959241956
34 59 0 8 0.00928341597319
40 63 0 8 0.00925398711115
15 44 0 8 0.00920764729381
14 68 0 8 0.00919822975993
12 64 0 8 0.00917294621468
11 60 0 8 0.00915280729532
8 50 0 8 0.00913069676608
24 70 0 8 0.00911809504032
17 52 0 8 0.00910985283554
49 71 0 8 0.00910244323313
43 53 0 8 0.00908026937395
14 64 0 8 0.00906924530864
49 60 0 8 0.00904747936875
12 63 0 8 0.00902148149908
16 51 0 8 0.00894858781248
15 54 0 8 0.00893567409366
57 71 0 8 0.00888231676072
20 49 0 8 0.00888027343899
17 22 0 8 0.00885673426092
57 68 0 8 0.00884595420212
7 18 0 8 0.00883584655821
4 24 0 8 0.00881942920387
8 13 0 8 0.00881764944643
55 75 0 8 0.00881270878017
17 74 0 8 0.00880522653461
36 45 0 8 0.00880293361843
20 54 0 8 0.00879941042513
2 64 0 8 0.00878992862999
17 60 0 8 0.00877386145294
53 74 0 8 0.00875967834145
5 73 0 8 0.00875303894281
58 68 0 8 0.00874289218336
40 75 0 8 0.00873789656907
34 46 0 8 0.00873604230583
10 53 0 8 0.00872850604355
8 59 0 8 0.00872713699937
1 33 0 8 0.00872709508985
2 43 0 8 0.0086958501488
55 66 0 8 0.0086858253926
11 67 0 8 0.00866023078561
11 24 0 8 0.0086576808244
5 52 0 8 0.00864893570542
24 72 0 8 0.0085868621245
8 75 0 8 0.0085823526606
38 67 0 8 0.00857226829976
33 43 0 8 0.00856866221875
24 57 0 8 0.00856710225344
15 41 0 8 0.00854088179767
7 75 0 8 0.00853554159403
16 63 0 8 0.00851630978286
53 57 0 8 0.00850544590503
5 38 0 8 0.00849317386746
38 63 0 8 0.00847335252911
2 67 0 8 0.00846364349127
7 39 0 8 0.00843886099756
14 75 0 8 0.00842273328453
25 74 0 8 0.00841670203954
1 29 0 8 0.0084119271487
20 65 0 8 0.0084106978029
10 64 0 8 0.00840632524341
10 73 0 8 0.00839126575738
1 72 0 8 0.00836840737611
49 56 0 8 0.00835164729506
2 23 0 8 0.00833253841847
11 59 0 8 0.00832851696759
46 61 0 8 0.00830357335508
2 70 0 8 0.00827814079821
20 75 0 8 0.00827329605818
30 75 0 8 0.0082484614104
23 44 0 8 0.00823997426778
44 62 0 8 0.00822881329805
42 64 0 8 0.00821969285607
13 57 0 8 0.00821916479617
7 37 0 8 0.00821067113429
30 47 0 8 0.00818234682083
38 73 0 8 0.00813714507967
40 71 0 8 0.00813624542207
9 62 0 8 0.00813212897629
2 29 0 8 0.00811829417944
9 40 0 8 0.00806469935924
1 53 0 8 0.00805292837322
27 75 0 8 0.00804618559778
35 69 0 8 0.00803169421852
44 47 0 8 0.00802620686591
37 64 0 8 0.0079905455932
30 72 0 8 0.00797123182565
28 39 0 8 0.00796113256365
11 62 0 8 0.00796111021191
14 67 0 8 0.00796036422253
20 57 0 8 0.00792853627354
17 53 0 8 0.00789810996503
7 66 0 8 0.00789406802505
41 75 0 8 0.00787279848009
37 73 0 8 0.00786628387868
31 75 0 8 0.00785286445171
53 73 0 8 0.00783160142601
33 48 0 8 0.00779801188037
56 69 0 8 0.00778789818287
40 73 0 8 0.00777945015579
22 71 0 8 0.00774891255423
56 75 0 8 0.00774787506089
23 50 0 8 0.00772548327222
9 73 0 8 0.00769900158048
12 54 0 8 0.00767657905817
9 64 0 8 0.00766131281853
3 27 0 8 0.00764930434525
7 61 0 8 0.00763244135305
8 73 0 8 0.00762673327699
55 59 0 8 0.00762368086725
7 11 0 8 0.00760427163914
57 65 0 8 0.00759609648958
13 55 0 8 0.00759198190644
24 55 0 8 0.00758329266682
30 48 0 8 0.00758100720122
5 18 0 8 0.00757770054042
14 74 0 8 0.00756648788229
14 45 0 8 0.00756061123684
30 73 0 8 0.00752735510468
12 25 0 8 0.00751736620441
1 28 0 8 0.00748291797936
53 71 0 8 0.00745500670746
2 72 0 8 0.00745227979496
40 56 0 8 0.00742476992309
20 44 0 8 0.00741493003443
19 60 0 8 0.00738529488444
10 22 0 8 0.00738418707624
30 38 0 8 0.00734292715788
10 60 0 8 0.00733982073143
6 15 0 8 0.00731522263959
48 70 0 8 0.0072986963205
15 59 0 8 0.0072945212014
15 67 0 8 0.00729110697284
13 69 0 8 0.00728548318148
13 67 0 8 0.00728322798386
1 44 0 8 0.00727293733507
1 66 0 8 0.00726572144777
45 73 0 8 0.0072608734481
19 74 0 8 0.00722614116967
30 55 0 8 0.00721864681691
16 23 0 8 0.0071988333948
4 8 0 8 0.00717616872862
35 73 0 8 0.00713094975799
32 62 0 8 0.00711846537888
24 51 0 8 0.00711057009175
35 60 0 8 0.00710601732135
13 59 0 8 0.00710567692295
3 63 0 8 0.00707930373028
56 73 0 8 0.00706064561382
42 71 0 8 0.00705085741356
32 43 0 8 0.00704502733424
1 32 0 8 0.00703832600266
43 63 0 8 0.00703060813248
7 35 0 8 0.00703059183434
9 36 0 8 0.00703034549952
30 63 0 8 0.00702782254666
12 40 0 8 0.00700715882704
2 51 0 8 0.00696534896269
57 74 0 8 0.00696027791128
17 59 0 8 0.00695807021111
40 64 0 8 0.00695293210447
42 73 0 8 0.00694707408547
41 71 0 8 0.00693334033713
8 39 0 8 0.00692912610248
40 66 0 8 0.00692184269428
33 44 0 8 0.00691914884374
2 27 0 8 0.00691146589816
20 43 0 8 0.00688593927771
15 51 0 8 0.00684987055138
12 53 0 8 0.00684761628509
35 67 0 8 0.00682918261737
12 66 0 8 0.00681372079998
34 68 0 8 0.00681178225204
7 12 0 8 0.00681128818542
4 64 0 8 0.00679537514225
17 63 0 8 0.0067917262204
12 21 0 8 0.00678557297215
1 68 0 8 0.00678477576002
12 24 0 8 0.00678149610758
28 45 0 8 0.00677614379674
24 73 0 8 0.00674749165773
56 65 0 8 0.00674122106284
2 53 0 8 0.00673374766484
15 66 0 8 0.00671178009361
29 75 0 8 0.0066969031468
32 65 0 8 0.00669637415558
2 45 0 8 0.00666055595502
14 43 0 8 0.00663722539321
11 73 0 8 0.00661573093385
12 73 0 8 0.00659425603226
6 33 0 8 0.00658843899146
6 66 0 8 0.00657894555479
2 55 0 8 0.0065660183318
15 60 0 8 0.0065606306307
6 9 0 8 0.00655995961279
30 40 0 8 0.00655757635832
5 16 0 8 0.0065411394462
14 56 0 8 0.00653543090448
16 75 0 8 0.00652178563178
22 63 0 8 0.00651947502047
31 52 0 8 0.00651757279411
16 62 0 8 0.00650373660028
22 58 0 8 0.00647284183651
20 73 0 8 0.00644945632666
9 34 0 8 0.00644745770842
61 68 0 8 0.00643823668361
50 71 0 8 0.00643796846271
15 43 0 8 0.00642830971628
32 74 0 8 0.00641439156607
15 58 0 8 0.00641148071736
45 61 0 8 0.00639874394983
1 7 0 8 0.00637787487358
15 75 0 8 0.00635989941657
4 27 0 8 0.00635957997292
14 54 0 8 0.00635069143027
7 33 0 8 0.00634928047657
12 26 0 8 0.00632276246324
48 72 0 8 0.00630477955565
49 70 0 8 0.00630187382922
54 73 0 8 0.00630078092217
9 31 0 8 0.00628990214318
43 68 0 8 0.00627917610109
49 58 0 8 0.00626229261979
6 73 0 8 0.00623314874247
36 62 0 8 0.00618676282465
52 71 0 8 0.00617859698832
28 70 0 8 0.00617246888578
33 71 0 8 0.00615560263395
41 66 0 8 0.00614427961409
1 55 0 8 0.00611515203491
11 64 0 8 0.00610901042819
16 59 0 8 0.00607632705942
11 63 0 8 0.00605538068339
33 75 0 8 0.0060453126207
45 64 0 8 0.0060341344215
34 65 0 8 0.00602479558438
22 61 0 8 0.00601200200617
7 59 0 8 0.00597818754613
5 19 0 8 0.00596993044019
44 73 0 8 0.00596885802224
11 42 0 8 0.00596008263528
27 55 0 8 0.00594231998548
17 54 0 8 0.00594142125919
1 43 0 8 0.00593334948644
26 73 0 8 0.00593058532104
19 75 0 8 0.00590450735763
50 56 0 8 0.00590437045321
22 75 0 8 0.00590221583843
7 28 0 8 0.00590160256252
52 57 0 8 0.0058899181895
9 22 0 8 0.00588691513985
9 21 0 8 0.00586336757988
7 64 0 8 0.00584555556998
38 71 0 8 0.00584536185488
14 21 0 8 0.00584512064233
13 74 0 8 0.00583839090541
16 52 0 8 0.00583638204262
16 22 0 8 0.00583274802193
48 57 0 8 0.00582793820649
33 45 0 8 0.00582333514467
32 41 0 8 0.00582252861932
35 44 0 8 0.00580381369218
7 73 0 8 0.00579927582294
4 72 0 8 0.00579704158008
51 56 0 8 0.00577634014189
7 60 0 8 0.00577569380403
9 37 0 8 0.00576792517677
45 60 0 8 0.00576722808182
9 28 0 8 0.00574866821989
19 48 0 8 0.00573654752225
4 28 0 8 0.0057337032631
62 68 0 8 0.00573304807767
13 21 0 8 0.00572312204167
39 74 0 8 0.00570653751493
49 57 0 8 0.00568731408566
32 73 0 8 0.00567862996832
24 68 0 8 0.00567429466173
13 53 0 8 0.00566072948277
19 63 0 8 0.00565080204979
28 40 0 8 0.00563515489921
4 20 0 8 0.00562911201268
22 48 0 8 0.00560227688402
59 68 0 8 0.0055583762005
8 18 0 8 0.00554647576064
12 68 0 8 0.00554356537759
7 62 0 8 0.00552637362853
1 67 0 8 0.0055169025436
5 22 0 8 0.00551609415561
30 52 0 8 0.00551150273532
10 68 0 8 0.00548740569502
32 75 0 8 0.00546564999968
40 70 0 8 0.00545375747606
8 37 0 8 0.00545290950686
13 75 0 8 0.00543950451538
17 75 0 8 0.0054296287708
32 71 0 8 0.00539274327457
11 25 0 8 0.00538911530748
37 71 0 8 0.00538566056639
58 69 0 8 0.00537820486352
40 65 0 8 0.00537632312626
6 51 0 8 0.00535960355774
10 63 0 8 0.00535923521966
63 68 0 8 0.0053433701396
31 48 0 8 0.00532536068931
15 55 0 8 0.00532226031646
20 26 0 8 0.00531181972474
33 50 0 8 0.00529527012259
10 21 0 8 0.00527717964724
52 58 0 8 0.00526625756174
50 55 0 8 0.0052635925822
44 48 0 8 0.00526175322011
54 68 0 8 0.00522823119536
22 69 0 8 0.00522596295923
9 59 0 8 0.0052249240689
51 72 0 8 0.00520988972858
39 73 0 8 0.00520462030545
26 53 0 8 0.00520000327379
6 18 0 8 0.00517598167062
19 61 0 8 0.00516093056649
47 70 0 8 0.00515943719074
53 70 0 8 0.00515899900347
43 47 0 8 0.00515435356647
1 65 0 8 0.00513378437608
21 75 0 8 0.005130069796
36 63 0 8 0.00512938806787
27 53 0 8 0.00509656080976
35 71 0 8 0.00509308464825
33 73 0 8 0.00508694117889
48 68 0 8 0.00506837386638
7 13 0 8 0.00505558587611
31 73 0 8 0.00504882866517
6 64 0 8 0.00503734406084
6 22 0 8 0.00502714468166
21 53 0 8 0.00499618193135
16 64 0 8 0.00499560544267
24 53 0 8 0.00497560109943
17 62 0 8 0.00495959026739
29 42 0 8 0.00495762331411
14 69 0 8 0.00494931731373
42 52 0 8 0.00493782619014
20 52 0 8 0.00491908332333
9 60 0 8 0.00490685598925
27 49 0 8 0.00490285083652
16 60 0 8 0.00490086665377
4 68 0 8 0.00488660437986
19 70 0 8 0.00488400598988
14 53 0 8 0.00487030530348
6 35 0 8 0.0048577748239
53 64 0 8 0.00484035629779
2 21 0 8 0.00482201110572
5 21 0 8 0.00482101598755
20 61 0 8 0.0048182667233
13 22 0 8 0.00481082545593
41 73 0 8 0.0048024659045
36 68 0 8 0.00478901807219
33 46 0 8 0.00475514540449
60 68 0 8 0.00471413182095
10 72 0 8 0.00470970012248
4 19 0 8 0.00470652244985
16 58 0 8 0.0047048474662
24 46 0 8 0.00470320694149
26 68 0 8 0.00469997990876
51 71 0 8 0.00468589505181
8 36 0 8 0.0046737967059
23 49 0 8 0.00466748140752
54 62 0 8 0.00465686712414
37 69 0 8 0.00464995857328
8 29 0 8 0.00464601395652
29 71 0 8 0.00463944720104
1 69 0 8 0.00463745743036
10 25 0 8 0.00462271785364
7 68 0 8 0.00459346035495
44 63 0 8 0.00459173414856
37 58 0 8 0.00458116875961
43 52 0 8 0.00457713054493
45 68 0 8 0.00455597741529
2 65 0 8 0.00455275410786
28 67 0 8 0.0045524216257
7 38 0 8 0.00455042300746
53 69 0 8 0.00453999172896
33 61 0 8 0.00453193904832
26 55 0 8 0.00450861314312
7 69 0 8 0.00450233370066
13 66 0 8 0.00449412828311
38 65 0 8 0.00448428094387
3 20 0 8 0.00447334861383
17 48 0 8 0.00447325920686
47 61 0 8 0.00444719521329
30 60 0 8 0.00444435654208
37 68 0 8 0.00443042162806
19 54 0 8 0.00442576780915
5 9 0 8 0.00442488305271
16 67 0 8 0.00442246440798
4 29 0 8 0.00441104313359
21 62 0 8 0.00439880788326
8 64 0 8 0.00439872592688
3 29 0 8 0.00439593475312
14 65 0 8 0.00439436780289
42 68 0 8 0.00438829278573
41 55 0 8 0.0043640001677
13 54 0 8 0.00433658901602
16 56 0 8 0.00432874681428
2 22 0 8 0.00431870715693
28 60 0 8 0.00431682076305
16 54 0 8 0.00431368220598
27 39 0 8 0.0043112966232
27 68 0 8 0.00431092409417
28 46 0 8 0.00430256361142
3 69 0 8 0.00429635960609
17 61 0 8 0.00429633120075
46 73 0 8 0.00429587205872
15 63 0 8 0.00429268321022
27 60 0 8 0.00429051974788
53 67 0 8 0.0042756581679
20 66 0 8 0.00426272163168
51 73 0 8 0.00425487803295
49 72 0 8 0.004247891251
3 28 0 8 0.00424144417048
3 25 0 8 0.00423892959952
30 39 0 8 0.00423560384661
11 21 0 8 0.00422764895484
54 69 0 8 0.00421322649345
52 67 0 8 0.00420148391277
16 70 0 8 0.0041880486533
28 37 0 8 0.00418465584517
27 57 0 8 0.0041803480126
51 57 0 8 0.00417698035017
27 34 0 8 0.00417399872094
11 40 0 8 0.00417038472369
28 44 0 8 0.00417029811069
28 55 0 8 0.00416450574994
33 47 0 8 0.00416022026911
9 72 0 8 0.00416021654382
8 21 0 8 0.00413361657411
53 65 0 8 0.00411882903427
37 45 0 8 0.00411365507171
21 74 0 8 0.0040769437328
39 65 0 8 0.00404061935842
24 54 0 8 0.00403198366985
1 22 0 8 0.00401774328202
25 70 0 8 0.00401157699525
12 69 0 8 0.00400570034981
16 66 0 8 0.00400461768731
15 73 0 8 0.00400238344446
68 74 0 8 0.00399153493345
12 65 0 8 0.00397911621258
10 66 0 8 0.00397113803774
13 26 0 8 0.00396448932588
55 65 0 8 0.00392890768126
16 55 0 8 0.00392760755494
23 73 0 8 0.00392302498221
14 25 0 8 0.00391929829493
40 69 0 8 0.00391005305573
10 38 0 8 0.00390751520172
4 32 0 8 0.00390427652746
13 52 0 8 0.00390273006633
28 73 0 8 0.00390068604611
2 66 0 8 0.0038938052021
24 49 0 8 0.00388749991544
51 69 0 8 0.00388638116419
28 42 0 8 0.00388218578883
42 54 0 8 0.00387870380655
38 70 0 8 0.00386600685306
14 73 0 8 0.00385858793743
13 64 0 8 0.00385510362685
9 25 0 8 0.00385478325188
6 14 0 8 0.00384432030842
31 54 0 8 0.00384350214154
43 73 0 8 0.00383104197681
5 29 0 8 0.00382202281617
32 70 0 8 0.00380259542726
14 26 0 8 0.00378789869137
10 69 0 8 0.00378365442157
13 51 0 8 0.00377888348885
42 65 0 8 0.00377868441865
39 67 0 8 0.0037731078919
59 69 0 8 0.00374586880207
14 42 0 8 0.0037365721073
29 39 0 8 0.00372615805827
13 46 0 8 0.00371195469052
29 38 0 8 0.00371011765674
6 25 0 8 0.00371005246416
28 66 0 8 0.00370437954552
13 68 0 8 0.0037007543724
22 70 0 8 0.00369953271002
11 54 0 8 0.00367691204883
31 69 0 8 0.00367160700262
12 72 0 8 0.00366898463108
7 22 0 8 0.00364358001389
14 44 0 8 0.00363121670671
32 66 0 8 0.00362301408313
2 28 0 8 0.00359370349906
5 72 0 8 0.00359155773185
13 70 0 8 0.00358463637531
10 39 0 8 0.00358372344635
8 33 0 8 0.00356961344369
57 69 0 8 0.00356845185161
25 72 0 8 0.00356751750223
26 40 0 8 0.00354319019243
40 67 0 8 0.00352920079604
38 72 0 8 0.00352583336644
11 66 0 8 0.00352547480725
26 64 0 8 0.00352045637555
26 51 0 8 0.00351683842018
51 67 0 8 0.00351019692607
29 49 0 8 0.00349917099811
39 70 0 8 0.00349109643139
27 40 0 8 0.00349024031311
26 58 0 8 0.00348046422005
55 68 0 8 0.00347338127904
16 73 0 8 0.00346484896727
26 41 0 8 0.00345921097323
50 72 0 8 0.00345658045262
41 65 0 8 0.0034542735666
31 47 0 8 0.00344974454492
7 25 0 8 0.00341992545873
24 42 0 8 0.0034120362252
28 54 0 8 0.00339744216762
11 72 0 8 0.00337634771131
29 37 0 8 0.00336913811043
25 73 0 8 0.00336868013255
51 68 0 8 0.00334083731286
41 68 0 8 0.0033405055292
35 68 0 8 0.00333749549463
48 67 0 8 0.00333431502804
26 42 0 8 0.00332599505782
11 65 0 8 0.00332347489893
20 50 0 8 0.00330894067883
28 59 0 8 0.00328194559552
48 62 0 8 0.00328116095625
52 73 0 8 0.00327893951908
17 66 0 8 0.00327429873869
22 73 0 8 0.0032727306243
26 59 0 8 0.00326505093835
20 63 0 8 0.00325637683272
6 69 0 8 0.00325514818542
54 60 0 8 0.00323695712723
53 63 0 8 0.00323634641245
18 52 0 8 0.00323412124999
15 68 0 8 0.00321232853457
19 47 0 8 0.00321225682274
19 64 0 8 0.00321157136932
44 64 0 8 0.00320786586963
3 8 0 8 0.00320461508818
14 71 0 8 0.00319416634738
54 58 0 8 0.00319196260534
50 70 0 8 0.00319093721919
26 31 0 8 0.00318834627979
15 24 0 8 0.00318812951446
57 73 0 8 0.00318392552435
29 34 0 8 0.00318247755058
18 74 0 8 0.00317587540485
8 22 0 8 0.003174390411
31 49 0 8 0.00315257487819
4 66 0 8 0.00315024401061
40 44 0 8 0.00314500438981
48 60 0 8 0.00312727806158
16 24 0 8 0.00312425009906
17 73 0 8 0.00312062981538
19 73 0 8 0.00311606586911
46 59 0 8 0.00310621224344
34 72 0 8 0.00310498243198
36 69 0 8 0.0030992932152
16 57 0 8 0.00309046474285
22 57 0 8 0.00308157596737
52 63 0 8 0.00307795568369
23 34 0 8 0.0030547962524
3 66 0 8 0.00305128679611
19 50 0 8 0.00304812192917
11 68 0 8 0.00304350606166
42 72 0 8 0.00303696305491
48 59 0 8 0.00302991713397
15 53 0 8 0.00301730679348
19 55 0 8 0.00300984689966
3 32 0 8 0.00300832628272
36 65 0 8 0.00298143946566
54 65 0 8 0.00297665526159
13 43 0 8 0.00297023169696
8 63 0 8 0.00296601117589
28 34 0 8 0.00296297506429
6 10 0 8 0.00296204979531
12 27 0 8 0.00295436521992
9 63 0 8 0.00294665293768
28 49 0 8 0.00293438672088
1 17 0 8 0.00292024784721
35 58 0 8 0.00291893887334
25 67 0 8 0.00290817953646
23 68 0 8 0.00290329311974
19 58 0 8 0.00290008680895
4 25 0 8 0.00289872894064
10 65 0 8 0.00289378943853
57 72 0 8 0.00289371376857
28 48 0 8 0.00287804286927
23 51 0 8 0.00284933648072
8 25 0 8 0.0028463343624
23 61 0 8 0.00284070451744
20 62 0 8 0.00283640436828
17 24 0 8 0.00282333628275
20 25 0 8 0.00282086036168
38 69 0 8 0.0028183334507
2 69 0 8 0.00281267846003
8 69 0 8 0.00280816131271
20 27 0 8 0.0027843399439
21 48 0 8 0.00277867796831
28 57 0 8 0.00277343345806
54 72 0 8 0.00277048465796
27 36 0 8 0.00276934122667
16 53 0 8 0.00273324036971
41 45 0 8 0.0027330936864
43 65 0 8 0.00271529029123
19 49 0 8 0.00271377712488
45 59 0 8 0.0027135242708
13 44 0 8 0.0027040024288
19 56 0 8 0.00268394919112
40 72 0 8 0.00268076895736
27 64 0 8 0.002680583857
18 62 0 8 0.00267923460342
15 65 0 8 0.0026760394685
6 28 0 8 0.00266711926088
9 65 0 8 0.00266691902652
31 72 0 8 0.00266544544138
9 66 0 8 0.00266415788792
18 58 0 8 0.00265903794207
25 48 0 8 0.00264476030134
11 69 0 8 0.00264291698113
21 51 0 8 0.0026421980001
18 63 0 8 0.00264044315554
16 47 0 8 0.00262480671518
33 65 0 8 0.00261582294479
35 45 0 8 0.00261246855371
19 67 0 8 0.00260250945576
4 69 0 8 0.00260093039833
17 65 0 8 0.00260086497292
58 74 0 8 0.00260022794828
21 45 0 8 0.00259526609443
24 52 0 8 0.00258867605589
35 59 0 8 0.00257747061551
19 71 0 8 0.00257348967716
6 63 0 8 0.00257170316763
17 47 0 8 0.00256971153431
47 67 0 8 0.00256605353206
37 72 0 8 0.00256101344712
46 64 0 8 0.00255585904233
31 59 0 8 0.00254178186879
32 61 0 8 0.00251663988456
30 65 0 8 0.00250782747753
19 53 0 8 0.00250159320422
5 15 0 8 0.0024997733999
21 49 0 8 0.00249810586683
37 65 0 8 0.00249714963138
28 64 0 8 0.00249433005229
21 71 0 8 0.0024915067479
9 38 0 8 0.00249115587212
13 65 0 8 0.00248822034337
16 65 0 8 0.00248737330548
8 72 0 8 0.00248663593084
46 68 0 8 0.00248608738184
5 25 0 8 0.0024812661577
39 69 0 8 0.00247772084549
62 69 0 8 0.00247097946703
28 52 0 8 0.00245858705603
23 57 0 8 0.00245448225178
3 65 0 8 0.00244447495788
24 58 0 8 0.00243541039526
26 72 0 8 0.00243010604754
41 54 0 8 0.00241254456341
47 62 0 8 0.00241198483855
29 68 0 8 0.0024038546253
32 44 0 8 0.00240162573755
8 28 0 8 0.00240040244535
23 53 0 8 0.00239197793417
2 16 0 8 0.00237296847627
19 59 0 8 0.00236896425486
16 71 0 8 0.00236853281967
18 60 0 8 0.00236392207444
17 56 0 8 0.00236290693283
1 21 0 8 0.00235337624326
52 68 0 8 0.00235252222046
30 53 0 8 0.00234692520462
68 73 0 8 0.0023452846799
50 68 0 8 0.00233710301109
19 52 0 8 0.00233608484268
19 62 0 8 0.00233147852123
48 64 0 8 0.00232806475833
25 57 0 8 0.00231337104924
11 39 0 8 0.00231087766588
6 72 0 8 0.00230981246568
22 59 0 8 0.00229802425019
4 17 0 8 0.00229787570424
13 71 0 8 0.00229522958398
51 62 0 8 0.00229390757158
17 55 0 8 0.00229180022143
24 66 0 8 0.00228754524142
39 68 0 8 0.00228550587781
6 29 0 8 0.00228063948452
17 67 0 8 0.00227778148837
39 72 0 8 0.00227775960229
7 72 0 8 0.00227161496878
28 63 0 8 0.00226481445134
28 69 0 8 0.00226440187544
23 41 0 8 0.0022617650684
25 71 0 8 0.00226128729992
38 68 0 8 0.00225964607671
35 72 0 8 0.00224608555436
46 69 0 8 0.00224499893375
29 54 0 8 0.00223410734907
29 41 0 8 0.00222899089567
3 19 0 8 0.00221142009832
9 39 0 8 0.00221030507237
47 72 0 8 0.00220677861944
36 72 0 8 0.00219675968401
55 60 0 8 0.00219455966726
5 66 0 8 0.002194192959
11 28 0 8 0.00218957732432
7 63 0 8 0.00218106992543
27 33 0 8 0.00216212752275
7 65 0 8 0.0021611051634
24 39 0 8 0.00215803086758
2 20 0 8 0.00215625204146
32 45 0 8 0.00215471768752
69 74 0 8 0.0021475313697
21 73 0 8 0.00214531226084
27 51 0 8 0.00214493763633
41 52 0 8 0.00213994784281
34 48 0 8 0.00213074637577
19 45 0 8 0.00212626392022
19 66 0 8 0.00211520213634
20 69 0 8 0.0021134132985
21 54 0 8 0.00211187032983
13 73 0 8 0.0021103664767
28 65 0 8 0.00210838299245
21 70 0 8 0.00210729287937
28 53 0 8 0.00210094731301
52 66 0 8 0.0020988387987
25 49 0 8 0.00209686439484
14 24 0 8 0.00209560780786
23 69 0 8 0.00209529255517
2 7 0 8 0.00209387531504
22 53 0 8 0.00208455719985
27 72 0 8 0.00207006605342
56 72 0 8 0.0020682553295
58 75 0 8 0.00206385785714
20 41 0 8 0.00205859076232
32 51 0 8 0.00204904726706
31 66 0 8 0.0020358513575
14 41 0 8 0.00202933489345
16 68 0 8 0.00202912162058
38 44 0 8 0.00202202540822
53 68 0 8 0.0020195087418
13 42 0 8 0.00200838386081
18 48 0 8 0.00200718385167
9 35 0 8 0.00199693790637
58 73 0 8 0.00198318483308
1 10 0 8 0.00198165001348
5 32 0 8 0.00196369132027
5 17 0 8 0.00195795879699
34 57 0 8 0.00195667892694
32 67 0 8 0.00195524166338
15 72 0 8 0.00195431988686
9 69 0 8 0.00195404351689
55 69 0 8 0.00194470875431
23 72 0 8 0.00194375659339
42 46 0 8 0.00194200081751
17 70 0 8 0.00193821522407
24 50 0 8 0.00192450126633
18 50 0 8 0.001923397067
14 72 0 8 0.00192251661792
39 44 0 8 0.00192007981241
69 75 0 8 0.0019180768868
5 69 0 8 0.00191338418517
24 69 0 8 0.0019131883746
22 65 0 8 0.00191075971816
8 65 0 8 0.00190271052998
4 65 0 8 0.00190027244389
2 17 0 8 0.00189541117288
53 62 0 8 0.00189056410454
45 72 0 8 0.00188892369624
17 71 0 8 0.00187147036195
20 60 0 8 0.00186732877046
16 69 0 8 0.00186705670785
48 63 0 8 0.00186686043162
22 56 0 8 0.0018660617061
19 57 0 8 0.00186273059808
36 46 0 8 0.0018601709744
30 49 0 8 0.00186002231203
57 75 0 8 0.00185783521738
18 75 0 8 0.00184683070984
26 57 0 8 0.00184417376295
46 66 0 8 0.00183731806464
29 72 0 8 0.00183627509978
16 44 0 8 0.00183604867198
51 58 0 8 0.00183215190191
13 41 0 8 0.00183082942385
44 68 0 8 0.00182865397073
23 66 0 8 0.00182788551319
44 51 0 8 0.00182664976455
18 23 0 8 0.00181292451452
29 43 0 8 0.00179866270628
37 56 0 8 0.00179801124614
25 44 0 8 0.00179484498221
13 24 0 8 0.00177927711047
36 47 0 8 0.00177553854883
10 30 0 8 0.00177534925751
25 59 0 8 0.00177421898115
21 40 0 8 0.00176804361399
18 56 0 8 0.00176758086309
17 23 0 8 0.00176246266346
2 19 0 8 0.00175895704888
42 53 0 8 0.00175808474887
15 42 0 8 0.00175154360477
3 16 0 8 0.00175122509245
1 19 0 8 0.00175001937896
49 67 0 8 0.00174718769267
10 34 0 8 0.00174359115772
16 72 0 8 0.00174084119499
18 65 0 8 0.00173810462002
17 57 0 8 0.00173502799589
27 65 0 8 0.00173381017521
17 69 0 8 0.00173166231252
33 68 0 8 0.00173067103606
1 18 0 8 0.00172712316271
25 51 0 8 0.0017226417549
9 29 0 8 0.00171728315763
23 62 0 8 0.00171333691105
52 62 0 8 0.00171284354292
16 46 0 8 0.00171162176412
33 72 0 8 0.00171046354808
5 65 0 8 0.0017024858389
32 49 0 8 0.00169984984677
15 36 0 8 0.00169926008675
30 64 0 8 0.00169599126093
20 72 0 8 0.00169020041358
6 11 0 8 0.00168735708576
49 64 0 8 0.00168500840664
31 55 0 8 0.00167932454497
53 72 0 8 0.00167708517984
46 60 0 8 0.0016716690734
6 32 0 8 0.00167021271773
44 69 0 8 0.00166469439864
29 48 0 8 0.00166107038967
19 68 0 8 0.00165399489924
24 65 0 8 0.00165342260152
35 46 0 8 0.00165071396623
29 69 0 8 0.00164605351165
18 61 0 8 0.00164465466514
21 55 0 8 0.00164244126063
1 8 0 8 0.00161814677995
16 39 0 8 0.00161722104531
17 45 0 8 0.00161098234821
42 69 0 8 0.00160023046192
25 69 0 8 0.00159811321646
25 56 0 8 0.00159259547945
21 52 0 8 0.00158752582502
1 15 0 8 0.00157750025392
25 52 0 8 0.00157408008818
49 59 0 8 0.00157019100152
7 21 0 8 0.00156289699953
50 59 0 8 0.00156138127204
52 69 0 8 0.00155879196245
15 69 0 8 0.00155791803263
29 64 0 8 0.00155744340736
26 37 0 8 0.00155573443044
22 52 0 8 0.00155514280777
40 54 0 8 0.00155292905401
12 29 0 8 0.00153514090925
37 57 0 8 0.0015351139009
5 14 0 8 0.00152774387971
29 44 0 8 0.0015272188466
26 34 0 8 0.00152343313675
19 51 0 8 0.00152309727855
65 70 0 8 0.00152243755292
21 46 0 8 0.0015220149653
29 67 0 8 0.00152071774937
51 66 0 8 0.0015149184037
32 52 0 8 0.00151299242862
20 38 0 8 0.00151140044909
18 64 0 8 0.00150469434448
27 69 0 8 0.00150430609938
4 15 0 8 0.0015038541751
45 66 0 8 0.00150221469812
18 59 0 8 0.00150153471623
55 72 0 8 0.00149760697968
35 48 0 8 0.00149559613783
21 57 0 8 0.00149381486699
33 64 0 8 0.00149239599705
22 64 0 8 0.00149175373372
28 36 0 8 0.00148311071098
32 47 0 8 0.00148021767382
29 35 0 8 0.00147653906606
1 12 0 8 0.00147624162491
52 72 0 8 0.00147111457773
12 37 0 8 0.00146572198719
22 60 0 8 0.0014558522962
53 61 0 8 0.00145469163544
32 46 0 8 0.00144977727905
22 49 0 8 0.00144774792716
50 66 0 8 0.00144743628334
1 20 0 8 0.0014445844572
25 68 0 8 0.00143933761865
13 72 0 8 0.00143815996125
31 65 0 8 0.00142424099613
12 30 0 8 0.00141087977681
11 31 0 8 0.00141083542258
22 47 0 8 0.00140926160384
27 50 0 8 0.00140062498394
15 40 0 8 0.00139955361374
18 73 0 8 0.00139125797432
22 62 0 8 0.00139089429285
37 53 0 8 0.00139022292569
48 66 0 8 0.00138552277349
18 49 0 8 0.00138462521136
32 59 0 8 0.0013836089056
19 46 0 8 0.00137327995617
25 53 0 8 0.00137273804285
19 26 0 8 0.00137158145662
22 50 0 8 0.00137001357507
54 59 0 8 0.00136529130396
50 58 0 8 0.00136479467619
25 47 0 8 0.00136077124625
45 50 0 8 0.00135844317265
3 15 0 8 0.00135766644962
38 57 0 8 0.00135626422707
49 69 0 8 0.00135330052581
47 59 0 8 0.00134817988146
64 69 0 8 0.00134779477958
44 50 0 8 0.00134063255973
32 69 0 8 0.00133116659708
29 36 0 8 0.00132917065639
26 60 0 8 0.00132244545966
19 65 0 8 0.00131084478926
15 27 0 8 0.00130264926702
26 39 0 8 0.00130135833751
17 25 0 8 0.0013005330693
37 55 0 8 0.00129437854048
25 46 0 8 0.00129292765632
21 58 0 8 0.0012843166478
40 68 0 8 0.00128190300893
21 47 0 8 0.00128031917848
29 46 0 8 0.00127750111278
29 45 0 8 0.00126876437571
18 51 0 8 0.0012678244384
17 46 0 8 0.00126569741406
12 38 0 8 0.00126394454855
26 61 0 8 0.0012590920087
49 61 0 8 0.00125637149904
36 48 0 8 0.00125524285249
28 47 0 8 0.00125191162806
18 54 0 8 0.00124622776639
9 33 0 8 0.00124518421944
19 72 0 8 0.0012441984145
21 56 0 8 0.00123713409994
46 72 0 8 0.00123677647207
28 33 0 8 0.0012356673833
25 43 0 8 0.00123428693041
22 66 0 8 0.00123197305948
25 63 0 8 0.00123183988035
26 50 0 8 0.00121967424639
26 36 0 8 0.00121740286704
21 63 0 8 0.00121663429309
16 45 0 8 0.00121600797866
47 64 0 8 0.00121594138909
10 37 0 8 0.00120346306358
23 60 0 8 0.00120144488756
49 66 0 8 0.00119684066158
19 24 0 8 0.00119237380568
47 63 0 8 0.00119006016757
44 65 0 8 0.00118562427815
38 56 0 8 0.00118246790953
10 28 0 8 0.00117676216178
22 46 0 8 0.00117404980119
23 63 0 8 0.0011723031057
21 69 0 8 0.0011720568873
24 41 0 8 0.00116632122081
22 54 0 8 0.00116492214147
48 69 0 8 0.00116102874745
15 25 0 8 0.00115661893506
50 61 0 8 0.00114932633005
18 69 0 8 0.00114705238957
41 72 0 8 0.00114005245268
24 61 0 8 0.00113348802552
29 53 0 8 0.00112944236025
22 67 0 8 0.00112406280823
52 61 0 8 0.00112334126607
11 34 0 8 0.00111627252772
12 28 0 8 0.00111250835471
17 26 0 8 0.00111156341154
43 72 0 8 0.00111114571337
32 48 0 8 0.00109694281127
6 12 0 8 0.00108905392699
4 21 0 8 0.00108782306779
62 71 0 8 0.00108704413287
34 54 0 8 0.00108588382136
47 66 0 8 0.00108351546805
10 29 0 8 0.00107753649354
59 74 0 8 0.00107707874849
43 69 0 8 0.00107527233195
59 75 0 8 0.00107502751052
44 72 0 8 0.00106646271888
49 68 0 8 0.00106579286512
40 55 0 8 0.00106544012669
25 42 0 8 0.00106505502481
35 47 0 8 0.001064100652
21 50 0 8 0.0010587752331
33 59 0 8 0.00105864112265
68 75 0 8 0.00105785718188
18 57 0 8 0.00105576054193
12 36 0 8 0.00105018320028
51 65 0 8 0.00104948761873
25 45 0 8 0.00104550144169
20 30 0 8 0.00103457120713
21 66 0 8 0.00103412533645
22 68 0 8 0.00103367271367
6 65 0 8 0.00103317154571
25 55 0 8 0.00103254721034
23 42 0 8 0.00103122263681
22 55 0 8 0.00103014882188
25 54 0 8 0.00102842831984
48 61 0 8 0.00102826568764
4 18 0 8 0.00101985118818
45 63 0 8 0.00101775408257
16 41 0 8 0.00101383426227
17 43 0 8 0.00101098930463
13 33 0 8 0.00100702734198
17 72 0 8 0.00100696203299
34 49 0 8 0.00100049062166
14 40 0 8 0.00099924497772
21 26 0 8 0.000996411661617
39 56 0 8 0.000992581015453
8 35 0 8 0.000990045140497
28 62 0 8 0.000989196472801
23 39 0 8 0.000983316800557
59 71 0 8 0.000977420713753
33 53 0 8 0.000976433628239
25 60 0 8 0.00097525381716
18 53 0 8 0.000973460788373
30 57 0 8 0.000973090296611
24 60 0 8 0.000965582032222
20 59 0 8 0.000964823819231
44 49 0 8 0.000963557919022
33 54 0 8 0.00096248765476
25 65 0 8 0.000960851262789
20 34 0 8 0.000957389711402
21 60 0 8 0.00095012690872
28 56 0 8 0.000949772133026
67 74 0 8 0.000947662862018
41 69 0 8 0.000947646563873
51 61 0 8 0.000945331703406
26 38 0 8 0.000944505271036
48 65 0 8 0.000943911029026
28 51 0 8 0.000942766899243
31 53 0 8 0.000938866694923
65 73 0 8 0.000936739670578
34 55 0 8 0.000933200470172
63 70 0 8 0.000931932008825
25 50 0 8 0.00093192543136
24 29 0 8 0.000929895613808
52 64 0 8 0.000927597924601
18 26 0 8 0.000923164363485
33 52 0 8 0.000922911916859
43 48 0 8 0.000920551712625
24 59 0 8 0.000919046578929
29 47 0 8 0.000917642144486
22 45 0 8 0.000915539625566
3 18 0 8 0.000913998635951
11 36 0 8 0.000912823306862
23 40 0 8 0.000907076406293
49 63 0 8 0.000906711735297
53 58 0 8 0.000906400789972
32 54 0 8 0.000905076507479
60 71 0 8 0.000902165134903
50 63 0 8 0.000901514606085
24 34 0 8 0.000898059573956
29 52 0 8 0.000897510850336
7 32 0 8 0.000888764741831
4 14 0 8 0.000883917498868
28 58 0 8 0.000881809857674
29 58 0 8 0.000881773303263
21 61 0 8 0.000878634571563
16 25 0 8 0.000876869424246
51 60 0 8 0.000875692931004
11 29 0 8 0.000874040764757
47 65 0 8 0.00087402574718
51 63 0 8 0.00087323365733
2 8 0 8 0.000863658788148
17 40 0 8 0.000863323919475
2 15 0 8 0.000862730666995
3 9 0 8 0.000854352896567
22 30 0 8 0.000851033837534
21 42 0 8 0.00084990542382
25 58 0 8 0.000846865819767
25 33 0 8 0.000843678717501
3 14 0 8 0.000841796456371
21 67 0 8 0.000841394241434
17 44 0 8 0.000840693886857
19 69 0 8 0.000838807842229
18 55 0 8 0.000836974708363
12 39 0 8 0.000835223938338
23 59 0 8 0.000833402213175
50 69 0 8 0.000833030208014
51 64 0 8 0.000832856807392
1 16 0 8 0.000830578675959
37 46 0 8 0.000827868876513
25 36 0 8 0.000825223687571
31 63 0 8 0.000822867674287
33 49 0 8 0.000815437873825
26 65 0 8 0.000813274004031
67 75 0 8 0.000806731055491
10 36 0 8 0.000804786162917
28 50 0 8 0.000804729817901
50 67 0 8 0.000798284832854
35 49 0 8 0.000797695887741
50 64 0 8 0.000794382474851
21 39 0 8 0.000794104766101
22 44 0 8 0.000793353654444
27 59 0 8 0.00078817125177
21 72 0 8 0.00078343617497
25 41 0 8 0.000781937036663
29 51 0 8 0.000775086635258
43 51 0 8 0.000774808228016
30 51 0 8 0.000773158681113
25 66 0 8 0.000773092033342
64 74 0 8 0.000769377686083
16 26 0 8 0.000764136551879
24 30 0 8 0.000763111573178
21 68 0 8 0.000760415859986
24 40 0 8 0.000758962531108
23 31 0 8 0.000758808513638
21 65 0 8 0.000758585461881
1 9 0 8 0.000758096226491
16 40 0 8 0.000755466870032
21 38 0 8 0.000749298254959
36 54 0 8 0.000746487290598
34 53 0 8 0.000744790479075
33 58 0 8 0.000741292489693
25 30 0 8 0.000740763614886
22 39 0 8 0.000739682174753
47 68 0 8 0.000738779024687
50 60 0 8 0.000732929620426
50 62 0 8 0.000725813850295
23 33 0 8 0.000722165394109
38 49 0 8 0.000718517461792
15 30 0 8 0.000714413239621
16 42 0 8 0.000713804853149
22 72 0 8 0.000713592336979
20 42 0 8 0.000711505243089
46 63 0 8 0.000710600288585
18 70 0 8 0.000709351908881
47 60 0 8 0.000699300202541
25 64 0 8 0.00069835485192
29 56 0 8 0.000689601991326
34 52 0 8 0.000688817410264
40 51 0 8 0.000684150785673
29 65 0 8 0.000678229553159
32 60 0 8 0.000675887335092
23 65 0 8 0.00067380577093
11 38 0 8 0.000673710368574
12 31 0 8 0.000672139110975
35 52 0 8 0.000671422400046
17 41 0 8 0.000666985753924
53 59 0 8 0.000665842206217
18 71 0 8 0.000665553903673
9 32 0 8 0.000660215911921
32 53 0 8 0.000656228337903
29 50 0 8 0.000655213487335
10 33 0 8 0.000654237228446
10 31 0 8 0.000650702102575
41 53 0 8 0.000647638284136
21 59 0 8 0.000644311949145
12 35 0 8 0.000643024337478
58 72 0 8 0.000639664649498
18 72 0 8 0.000638573081233
14 38 0 8 0.000637393794023
31 51 0 8 0.000634795171209
36 55 0 8 0.000634096446447
4 12 0 8 0.000631668954156
18 66 0 8 0.000630126625765
25 40 0 8 0.000629655958619
50 65 0 8 0.000628335634246
21 29 0 8 0.000627623638138
31 50 0 8 0.000627541157883
37 48 0 8 0.00062210066244
49 62 0 8 0.000620137958322
42 50 0 8 0.000618872640189
27 32 0 8 0.000618612626567
12 34 0 8 0.000618471996859
19 43 0 8 0.000614818185568
45 69 0 8 0.000602167856414
10 35 0 8 0.000598997517955
27 63 0 8 0.000597623758949
29 61 0 8 0.000596551049966
1 11 0 8 0.000595231191255
25 62 0 8 0.000593569828197
2 10 0 8 0.000589951407164
42 48 0 8 0.000586364301853
32 57 0 8 0.000585964007769
14 27 0 8 0.000585159752518
2 14 0 8 0.00058144563809
16 27 0 8 0.000577242695726
23 30 0 8 0.000574060482904
35 54 0 8 0.000574057979975
24 36 0 8 0.000573630561121
17 27 0 8 0.000571242766455
66 74 0 8 0.000571003474761
14 30 0 8 0.00056674744701
60 75 0 8 0.000565919908695
66 71 0 8 0.000565303722396
35 50 0 8 0.000563521403819
29 62 0 8 0.00056346366182
24 35 0 8 0.000559679756407
24 33 0 8 0.000557345105335
17 38 0 8 0.000557336432394
32 58 0 8 0.000554538331926
19 29 0 8 0.000550409313291
6 13 0 8 0.000549447024241
33 56 0 8 0.000545522023458
17 30 0 8 0.000544179813005
11 35 0 8 0.000543459318578
64 70 0 8 0.000543185335118
1 14 0 8 0.000542805704754
1 13 0 8 0.000541549175978
4 13 0 8 0.000541010580491
42 51 0 8 0.000541007437278
53 60 0 8 0.000539262895472
61 71 0 8 0.000537936633918
25 61 0 8 0.000537203915883
24 37 0 8 0.000537039304618
62 72 0 8 0.000534201273695
34 51 0 8 0.000533420476131
20 28 0 8 0.000516727915965
28 35 0 8 0.000513759092428
27 35 0 8 0.00050955027109
30 50 0 8 0.000509119417984
13 27 0 8 0.000508138851728
2 13 0 8 0.000505763280671
62 73 0 8 0.000502742012031
18 67 0 8 0.000502567330841
45 65 0 8 0.000502430542838
19 34 0 8 0.000501558475662
37 47 0 8 0.000498059205711
59 72 0 8 0.000496623048093
35 57 0 8 0.000492713006679
14 37 0 8 0.000491450598929
11 37 0 8 0.000491145940032
19 42 0 8 0.000487846438773
52 65 0 8 0.000486154371174
29 55 0 8 0.000483817479108
14 39 0 8 0.000482329924125
33 51 0 8 0.000476557237562
19 44 0 8 0.00047347144573
23 37 0 8 0.000467532343464
52 59 0 8 0.000465455057565
66 75 0 8 0.000461197487311
17 31 0 8 0.000459216156742
18 29 0 8 0.000456131529063
22 28 0 8 0.000449515297078
38 48 0 8 0.000449012091849
4 9 0 8 0.000446034624474
13 34 0 8 0.0004397831799
19 27 0 8 0.000432691274909
15 39 0 8 0.000428466883022
60 74 0 8 0.000427501217928
20 36 0 8 0.000426250335295
64 73 0 8 0.000424430589192
22 27 0 8 0.000421636388637
24 31 0 8 0.000419713120209
21 28 0 8 0.00041737803258
26 62 0 8 0.00041561893886
5 12 0 8 0.000414676847868
23 36 0 8 0.000410274369642
29 63 0 8 0.000408370426157
35 55 0 8 0.000406335806474
13 40 0 8 0.000406273407862
33 60 0 8 0.000404288381105
23 38 0 8 0.000403016019845
4 10 0 8 0.000401858793339
26 35 0 8 0.000400840479415
2 9 0 8 0.000398143631173
38 50 0 8 0.000397820578655
13 37 0 8 0.000396602030378
32 55 0 8 0.000396220770199
14 29 0 8 0.000393518392229
13 36 0 8 0.000393204536522
25 34 0 8 0.000393141730456
8 32 0 8 0.000390793080442
32 50 0 8 0.000389478926081
5 10 0 8 0.000389465712942
41 51 0 8 0.00038752600085
18 25 0 8 0.000386870437069
14 33 0 8 0.000382416939829
36 49 0 8 0.000381170539185
33 57 0 8 0.00038094696356
32 56 0 8 0.00037820750731
35 56 0 8 0.000372195121599
51 59 0 8 0.000370358699001
25 39 0 8 0.000369155110093
13 28 0 8 0.000368325127056
49 65 0 8 0.000367115746485
17 28 0 8 0.000366155582014
23 35 0 8 0.00036492041545
39 55 0 8 0.000361676764442
16 43 0 8 0.000358674034942
20 39 0 8 0.000358242104994
5 13 0 8 0.000357748242095
38 45 0 8 0.000355512835085
2 12 0 8 0.000353155337507
40 53 0 8 0.000349962501787
46 65 0 8 0.000347466673702
39 50 0 8 0.000342915824149
21 37 0 8 0.00034166732803
67 72 0 8 0.000340761849657
15 38 0 8 0.000337240431691
59 73 0 8 0.000333862320986
25 35 0 8 0.000333046598826
11 33 0 8 0.000333002157276
26 33 0 8 0.000332955183694
43 49 0 8 0.00033277014154
29 59 0 8 0.000331672054017
19 40 0 8 0.00032873780583
52 60 0 8 0.000327219109749
22 33 0 8 0.000324772263411
17 29 0 8 0.000324445136357
18 47 0 8 0.000323424173985
26 63 0 8 0.000322613632306
65 74 0 8 0.000322378095007
21 44 0 8 0.000320381048368
15 33 0 8 0.00031683628913
47 69 0 8 0.000314863340463
23 28 0 8 0.000311182579026
42 47 0 8 0.000310908566462
17 42 0 8 0.000310208648443
3 13 0 8 0.000310130242724
17 33 0 8 0.000309991039103
18 68 0 8 0.000303242733935
15 34 0 8 0.000303203123622
12 33 0 8 0.000298896775348
34 50 0 8 0.000297894555843
3 10 0 8 0.00029704827466
19 41 0 8 0.000296078476822
22 41 0 8 0.000295328558423
35 51 0 8 0.000294779456453
20 40 0 8 0.00029417136102
14 32 0 8 0.000293166784104
61 75 0 8 0.000292661308777
22 38 0 8 0.000288768846076
40 52 0 8 0.000288374023512
20 37 0 8 0.000285538349999
25 38 0 8 0.000282861321466
13 30 0 8 0.00028208407457
61 73 0 8 0.000281037151581
65 75 0 8 0.000279534811852
21 43 0 8 0.000279118306935
16 29 0 8 0.000278988998616
13 39 0 8 0.000278550985968
13 25 0 8 0.000277622777503
40 48 0 8 0.000276919337921
37 54 0 8 0.000275791389868
63 71 0 8 0.000275662809145
64 75 0 8 0.000273804675089
5 11 0 8 0.000266644841759
66 73 0 8 0.00026631532819
14 34 0 8 0.000264398608124
22 43 0 8 0.000263589405222
13 38 0 8 0.000262963876594
18 46 0 8 0.000258318526903
38 54 0 8 0.000258024374489
20 29 0 8 0.000257302628597
16 36 0 8 0.00025612214813
21 41 0 8 0.000253982725553
30 59 0 8 0.000253940583207
39 53 0 8 0.000253653590335
20 31 0 8 0.000251997582382
12 32 0 8 0.000248732103501
24 32 0 8 0.000245916598942
18 40 0 8 0.000245396600803
15 29 0 8 0.000245116942097
41 46 0 8 0.000243838192546
17 36 0 8 0.000243570044404
17 39 0 8 0.00024207768729
18 24 0 8 0.00024066651531
37 49 0 8 0.000239857647102
19 25 0 8 0.000239127635723
17 34 0 8 0.000237367843511
38 53 0 8 0.000237264001044
25 31 0 8 0.000236916544964
43 50 0 8 0.000235555882682
22 37 0 8 0.00023552669154
15 37 0 8 0.0002344816603
35 53 0 8 0.000232913007494
22 40 0 8 0.000232571270317
22 31 0 8 0.0002318820043
38 55 0 8 0.000231742989854
14 36 0 8 0.000229661265621
36 51 0 8 0.000229502780712
23 29 0 8 0.000228942401009
16 38 0 8 0.000228533477639
67 73 0 8 0.000226749150897
21 36 0 8 0.000225078954827
41 48 0 8 0.000222860646318
22 29 0 8 0.000221968701226
36 53 0 8 0.000220347996219
39 49 0 8 0.000219508379814
63 73 0 8 0.000216783693759
64 71 0 8 0.000214692568989
29 60 0 8 0.000214337080251
13 32 0 8 0.000212760933209
15 31 0 8 0.000212696817471
63 69 0 8 0.000211400227272
3 12 0 8 0.000211179445614
22 42 0 8 0.000210690312088
40 50 0 8 0.000209256846574
37 51 0 8 0.000207524237339
25 37 0 8 0.000207258271985
36 52 0 8 0.000203876697924
13 35 0 8 0.000203714254894
42 49 0 8 0.000201449307497
14 35 0 8 0.000197706700419
13 29 0 8 0.000193552637938
2 11 0 8 0.000191990839085
61 74 0 8 0.000188889840501
60 73 0 8 0.000188774603885
65 71 0 8 0.000188099744264
62 74 0 8 0.000187364406884
19 33 0 8 0.000185604963917
21 32 0 8 0.000180344301043
40 45 0 8 0.000179639959242
3 11 0 8 0.000173450505827
26 32 0 8 0.000171983803739
41 49 0 8 0.000171934938408
19 37 0 8 0.00016928819241
21 27 0 8 0.000169238148374
41 50 0 8 0.000168968079379
37 52 0 8 0.000168863873114
39 54 0 8 0.00016856304137
18 44 0 8 0.000168414277141
36 50 0 8 0.000167394129676
19 38 0 8 0.000164881086675
38 52 0 8 0.000162815878866
14 31 0 8 0.000159897754202
60 72 0 8 0.000159759671078
14 28 0 8 0.000159404225997
39 45 0 8 0.000155640344019
18 45 0 8 0.000150272520841
4 11 0 8 0.000149411673192
33 55 0 8 0.000149122031871
16 33 0 8 0.000148496546899
16 37 0 8 0.000148297884152
62 75 0 8 0.000147438942804
10 32 0 8 0.000147416154505
39 48 0 8 0.00014731498959
21 30 0 8 0.000145474899909
18 41 0 8 0.000141762779094
63 75 0 8 0.000140891963383
20 35 0 8 0.000140552729135
17 32 0 8 0.000140522723086
39 47 0 8 0.000138491988764
18 39 0 8 0.000137793176691
39 51 0 8 0.000136688162456
23 32 0 8 0.000136161441333
17 37 0 8 0.000135597685585
21 34 0 8 0.000135548951221
18 27 0 8 0.000134455534862
18 42 0 8 0.000133833877044
64 72 0 8 0.000129959182232
19 30 0 8 0.000129463442136
16 34 0 8 0.000128967643832
19 39 0 8 0.000128108440549
37 50 0 8 0.000127451945446
38 47 0 8 0.000126601386
19 28 0 8 0.000125205886434
15 35 0 8 0.000124385143863
22 34 0 8 0.000124354890431
15 28 0 8 0.000124188998598
22 35 0 8 0.000120606622659
18 37 0 8 0.00012047317432
21 35 0 8 0.000119079893921
61 72 0 8 0.000117918301839
18 38 0 8 0.000115250761155
11 32 0 8 0.000113929279905
25 32 0 8 0.000113915586553
63 74 0 8 0.00011130207713
18 43 0 8 0.000110739085358
18 34 0 8 0.00010816543363
65 72 0 8 0.000106913757918
17 35 0 8 0.000104469836515
13 31 0 8 0.000104025486507
20 33 0 8 0.000103719808976
19 36 0 8 0.000103372447484
38 46 0 8 0.00010218207899
16 30 0 8 9.66529187281e-05
16 35 0 8 9.58309901762e-05
63 72 0 8 9.41134057939e-05
40 46 0 8 9.33693227125e-05
39 52 0 8 9.29496600293e-05
21 33 0 8 9.04825865291e-05
21 31 0 8 8.95836928976e-05
16 28 0 8 8.93615215318e-05
40 47 0 8 8.9343120635e-05
18 28 0 8 8.91094750841e-05
18 36 0 8 8.85061672307e-05
16 32 0 8 8.65777110448e-05
22 36 0 8 8.64942048793e-05
41 47 0 8 8.31887155073e-05
40 49 0 8 7.59687027312e-05
18 33 0 8 7.54481734475e-05
16 31 0 8 7.00333330315e-05
22 32 0 8 6.7829474574e-05
39 46 0 8 6.35964388493e-05
66 72 0 8 5.92532232986e-05
18 35 0 8 5.86125570408e-05
19 35 0 8 5.43698261026e-05
15 32 0 8 5.15537903993e-05
19 31 0 8 4.93704501423e-05
38 51 0 8 4.44047582278e-05
19 32 0 8 4.42377240688e-05
20 32 0 8 3.97564763261e-05
18 32 0 8 3.73270850105e-05
18 30 0 8 3.71819551219e-05
18 31 0 8 2.34090384765e-05
