3 4 0 8 0.999999880791
63 64 0 8 0.999999284744
9 10 0 8 0.999998509884
67 68 0 8 0.999998152256
69 70 0 8 0.999998092651
70 71 0 8 0.999997377396
37 38 0 8 0.999997138977
6 7 0 8 0.999997138977
57 58 0 8 0.999995946884
58 59 0 8 0.999995827675
7 8 0 8 0.99999576807
61 62 0 8 0.999995708466
66 67 0 8 0.999995648861
36 37 0 8 0.999995172024
65 66 0 8 0.999995172024
59 60 0 8 0.99999499321
39 40 0 8 0.999994754791
4 5 0 8 0.999994635582
5 6 0 8 0.999994397163
13 14 0 8 0.999993264675
64 65 0 8 0.999992966652
60 61 0 8 0.999991893768
68 69 0 8 0.999991297722
41 42 0 8 0.999990105629
12 13 0 8 0.999989569187
45 46 0 8 0.99998909235
2 3 0 8 0.999988853931
53 54 0 8 0.999986231327
62 63 0 8 0.999986112118
55 56 0 8 0.999985516071
56 57 0 8 0.999985218048
11 12 0 8 0.999984383583
54 55 0 8 0.999983787537
35 36 0 8 0.999983131886
42 43 0 8 0.999981999397
43 44 0 8 0.999981403351
34 35 0 8 0.9999807477
27 28 0 8 0.999977231026
26 27 0 8 0.999976396561
1 2 0 8 0.999971687794
10 11 0 8 0.999970853329
48 49 0 8 0.999967217445
38 39 0 8 0.999959349632
51 52 0 8 0.999950706959
44 45 0 8 0.999950230122
16 17 0 8 0.999947190285
46 47 0 8 0.999945223331
28 29 0 8 0.99994301796
15 16 0 8 0.999941766262
49 50 0 8 0.999933898449
33 34 0 8 0.999931752682
47 48 0 8 0.999918282032
8 9 0 8 0.999917209148
25 26 0 8 0.999914348125
40 41 0 8 0.999908387661
22 23 0 8 0.999876916409
50 51 0 8 0.99986743927
30 31 0 8 0.999861717224
32 33 0 8 0.999850511551
14 15 0 8 0.999832928181
52 53 0 8 0.999821484089
23 24 0 8 0.999807298183
29 30 0 8 0.9998010993
20 21 0 8 0.999766230583
17 18 0 8 0.999762892723
31 32 0 8 0.999596357346
19 20 0 8 0.999462842941
24 25 0 8 0.999149143696
18 19 0 8 0.999114096165
21 22 0 8 0.998814880848
35 37 0 8 0.998435616493
60 62 0 8 0.997944653034
64 66 0 8 0.996312618256
26 28 0 8 0.995914280415
60 63 0 8 0.995392918587
59 61 0 8 0.995121598244
39 41 0 8 0.994731247425
63 65 0 8 0.993737399578
62 64 0 8 0.991576135159
36 39 0 8 0.989539980888
36 38 0 8 0.988610386848
63 66 0 8 0.988524436951
39 42 0 8 0.987676560879
64 67 0 8 0.987197816372
66 68 0 8 0.98679882288
38 40 0 8 0.985924184322
57 59 0 8 0.985233604908
40 43 0 8 0.985190033913
35 38 0 8 0.984721183777
65 67 0 8 0.98358798027
6 8 0 8 0.983462750912
40 42 0 8 0.982571363449
61 63 0 8 0.982141375542
58 60 0 8 0.981756865978
37 39 0 8 0.980826199055
60 64 0 8 0.978025019169
4 6 0 8 0.97719347477
3 5 0 8 0.974638164043
56 59 0 8 0.974611878395
42 44 0 8 0.973910033703
56 58 0 8 0.973909139633
5 8 0 8 0.973879337311
5 7 0 8 0.972699403763
39 43 0 8 0.972467780113
61 64 0 8 0.972202956676
7 9 0 8 0.972007453442
37 40 0 8 0.971011519432
10 12 0 8 0.970270574093
41 43 0 8 0.968731105328
3 6 0 8 0.96824079752
65 68 0 8 0.967994093895
11 13 0 8 0.965281367302
4 8 0 8 0.965060710907
59 62 0 8 0.964935779572
36 40 0 8 0.963841915131
57 60 0 8 0.963594734669
40 44 0 8 0.962582230568
38 42 0 8 0.962551355362
62 65 0 8 0.962401092052
38 41 0 8 0.962054789066
2 4 0 8 0.960167467594
63 67 0 8 0.959327638149
55 60 0 8 0.957989513874
55 59 0 8 0.955333530903
42 45 0 8 0.954910218716
4 7 0 8 0.954562842846
64 68 0 8 0.953362345695
68 70 0 8 0.951208591461
62 66 0 8 0.949529111385
6 9 0 8 0.949085891247
41 44 0 8 0.948957681656
43 46 0 8 0.947846233845
11 14 0 8 0.947707116604
35 39 0 8 0.946134209633
43 45 0 8 0.944033741951
2 5 0 8 0.943194150925
3 7 0 8 0.941402852535
59 63 0 8 0.941333770752
58 61 0 8 0.94104373455
12 14 0 8 0.93941026926
43 63 0 8 0.938935518265
41 45 0 8 0.936829805374
34 38 0 8 0.935888826847
67 70 0 8 0.934569060802
66 69 0 8 0.934482872486
61 65 0 8 0.933476209641
37 41 0 8 0.932782948017
44 46 0 8 0.930532157421
7 11 0 8 0.927701354027
19 21 0 8 0.923926115036
58 62 0 8 0.92336666584
10 13 0 8 0.917587578297
65 69 0 8 0.915878295898
67 69 0 8 0.915482997894
34 39 0 8 0.914432883263
8 10 0 8 0.910916984081
27 30 0 8 0.90654706955
5 9 0 8 0.906134128571
27 29 0 8 0.904977679253
9 11 0 8 0.903885364532
57 61 0 8 0.898855149746
66 70 0 8 0.896996736526
28 30 0 8 0.890650808811
46 48 0 8 0.889271736145
7 27 0 8 0.888760209084
7 10 0 8 0.888072907925
50 52 0 8 0.888059437275
56 60 0 8 0.886243760586
6 10 0 8 0.879136502743
42 46 0 8 0.878851532936
53 55 0 8 0.875340223312
43 60 0 8 0.87220454216
32 34 0 8 0.868934869766
13 15 0 8 0.861014068127
48 50 0 8 0.858071804047
21 23 0 8 0.854693174362
51 53 0 8 0.851806879044
30 32 0 8 0.850995719433
8 12 0 8 0.850813388824
2 6 0 8 0.846110761166
11 15 0 8 0.835303485394
16 18 0 8 0.833702147007
8 11 0 8 0.833484590054
14 16 0 8 0.831055104733
18 20 0 8 0.829074382782
39 64 0 8 0.827899992466
25 27 0 8 0.823556065559
6 63 0 8 0.819234549999
7 63 0 8 0.812482893467
12 15 0 8 0.81237590313
52 54 0 8 0.793261051178
29 31 0 8 0.793150126934
40 64 0 8 0.792305469513
24 48 0 8 0.791928589344
6 59 0 8 0.79099881649
26 29 0 8 0.790560603142
69 71 0 8 0.788694739342
31 33 0 8 0.788567304611
7 19 0 8 0.783330321312
12 16 0 8 0.773767232895
7 12 0 8 0.759665727615
17 19 0 8 0.75966078043
30 33 0 8 0.751735985279
20 22 0 8 0.751714229584
23 25 0 8 0.749835550785
49 51 0 8 0.749146997929
55 63 0 8 0.748390436172
36 64 0 8 0.747677385807
22 24 0 8 0.743999123573
3 63 0 8 0.742710769176
45 47 0 8 0.741019070148
44 60 0 8 0.738016366959
40 60 0 8 0.734513103962
7 43 0 8 0.733559250832
2 62 0 8 0.727320969105
7 67 0 8 0.719085097313
40 61 0 8 0.714627563953
68 71 0 8 0.710874736309
3 66 0 8 0.704080224037
3 62 0 8 0.702092170715
43 64 0 8 0.696489751339
24 26 0 8 0.689443349838
39 67 0 8 0.687976121902
30 42 0 8 0.681183993816
42 47 0 8 0.677572548389
30 34 0 8 0.675638377666
15 27 0 8 0.671274542809
27 67 0 8 0.666676998138
16 19 0 8 0.660978078842
47 49 0 8 0.659507215023
13 16 0 8 0.656631946564
24 49 0 8 0.650912940502
7 50 0 8 0.648998916149
2 59 0 8 0.64059227705
6 55 0 8 0.635836958885
67 71 0 8 0.634093761444
28 31 0 8 0.615379929543
15 17 0 8 0.614239513874
11 50 0 8 0.613726258278
9 13 0 8 0.60621547699
1 5 0 8 0.605524420738
55 57 0 8 0.595575273037
10 14 0 8 0.595091640949
9 12 0 8 0.588957071304
44 57 0 8 0.586865484715
43 50 0 8 0.582897365093
29 32 0 8 0.574679672718
14 50 0 8 0.572039246559
49 52 0 8 0.569730222225
6 62 0 8 0.565896451473
36 68 0 8 0.550688147545
33 35 0 8 0.549005568027
36 61 0 8 0.539533078671
1 3 0 8 0.537409365177
54 56 0 8 0.537239611149
36 65 0 8 0.530539155006
34 42 0 8 0.526516914368
16 20 0 8 0.523131847382
7 66 0 8 0.521073579788
40 57 0 8 0.520933508873
11 27 0 8 0.516387343407
43 47 0 8 0.51613676548
11 67 0 8 0.509244799614
10 54 0 8 0.485181301832
43 51 0 8 0.484307378531
34 36 0 8 0.478891223669
43 67 0 8 0.475973844528
27 39 0 8 0.475195378065
21 26 0 8 0.471006661654
25 48 0 8 0.467875391245
26 30 0 8 0.447519659996
3 65 0 8 0.447356969118
27 42 0 8 0.432260066271
24 50 0 8 0.430019646883
21 24 0 8 0.429795593023
20 28 0 8 0.424010813236
4 70 0 8 0.421142697334
16 22 0 8 0.406829029322
14 49 0 8 0.399576872587
20 26 0 8 0.397672146559
19 28 0 8 0.395247220993
39 63 0 8 0.392362296581
52 55 0 8 0.386607408524
52 60 0 8 0.385295420885
25 29 0 8 0.372804373503
15 24 0 8 0.363423913717
30 38 0 8 0.36157387495
42 49 0 8 0.357229918242
28 32 0 8 0.356781929731
31 34 0 8 0.356580287218
10 55 0 8 0.354410678148
4 66 0 8 0.350820958614
11 16 0 8 0.348505467176
17 20 0 8 0.3469376266
19 70 0 8 0.346796482801
16 21 0 8 0.346664309502
6 50 0 8 0.340605199337
15 49 0 8 0.339957267046
27 31 0 8 0.332816451788
30 35 0 8 0.329754471779
27 51 0 8 0.328986287117
31 38 0 8 0.328266173601
18 21 0 8 0.327423334122
29 33 0 8 0.326336622238
46 49 0 8 0.324270963669
33 38 0 8 0.321479707956
25 49 0 8 0.312549233437
16 26 0 8 0.310196071863
1 4 0 8 0.309256345034
42 48 0 8 0.306938409805
31 68 0 8 0.305376708508
15 50 0 8 0.301455199718
1 6 0 8 0.301193207502
18 28 0 8 0.300578802824
19 67 0 8 0.296811819077
51 55 0 8 0.292200297117
7 51 0 8 0.287727892399
51 67 0 8 0.287530720234
19 22 0 8 0.285957545042
11 63 0 8 0.285903155804
30 39 0 8 0.285495340824
6 66 0 8 0.282644271851
7 17 0 8 0.279924273491
49 54 0 8 0.272882819176
14 63 0 8 0.270931631327
55 66 0 8 0.268334001303
14 17 0 8 0.263440847397
43 55 0 8 0.263266026974
11 43 0 8 0.261374235153
12 17 0 8 0.259624153376
6 11 0 8 0.258446931839
15 25 0 8 0.255352586508
14 67 0 8 0.251498430967
3 19 0 8 0.251364380121
21 28 0 8 0.241882741451
10 63 0 8 0.241247355938
50 53 0 8 0.237563148141
50 55 0 8 0.237270146608
51 54 0 8 0.236674442887
10 59 0 8 0.235699445009
18 22 0 8 0.235675498843
46 50 0 8 0.234862908721
22 25 0 8 0.227905333042
21 25 0 8 0.227360725403
18 26 0 8 0.223605155945
2 58 0 8 0.223291143775
29 34 0 8 0.222832739353
17 24 0 8 0.220666110516
19 63 0 8 0.21767167747
44 47 0 8 0.21676003933
27 46 0 8 0.21632270515
46 51 0 8 0.2126493752
5 62 0 8 0.211055293679
18 23 0 8 0.207841947675
24 51 0 8 0.206492930651
3 14 0 8 0.206375345588
23 26 0 8 0.204795300961
10 52 0 8 0.203741684556
16 25 0 8 0.203638508916
18 24 0 8 0.202550306916
43 49 0 8 0.202163934708
29 38 0 8 0.199754461646
24 27 0 8 0.199184656143
15 63 0 8 0.197690978646
14 66 0 8 0.196986556053
10 51 0 8 0.19696508348
35 43 0 8 0.196870401502
13 23 0 8 0.19653648138
14 24 0 8 0.196497261524
23 71 0 8 0.195647194982
48 51 0 8 0.192698776722
32 38 0 8 0.1911970824
20 24 0 8 0.184974297881
35 68 0 8 0.184603378177
14 39 0 8 0.184552267194
43 48 0 8 0.183009132743
50 59 0 8 0.182790517807
15 19 0 8 0.181761860847
23 49 0 8 0.181216612458
12 22 0 8 0.181137308478
31 71 0 8 0.180996239185
28 70 0 8 0.180442988873
21 51 0 8 0.179727852345
16 24 0 8 0.177033171058
6 14 0 8 0.175545543432
25 30 0 8 0.175353512168
22 49 0 8 0.172775045037
39 60 0 8 0.172025084496
14 25 0 8 0.171102121472
47 50 0 8 0.170533567667
30 68 0 8 0.170184254646
27 34 0 8 0.169126316905
44 64 0 8 0.168242096901
13 49 0 8 0.167470991611
3 59 0 8 0.166226103902
19 33 0 8 0.165572077036
11 64 0 8 0.164517477155
42 50 0 8 0.162816509604
53 60 0 8 0.162759706378
47 52 0 8 0.162750095129
19 27 0 8 0.161176398396
11 66 0 8 0.160534501076
3 25 0 8 0.159259736538
48 52 0 8 0.155379042029
40 63 0 8 0.152492538095
28 33 0 8 0.152320235968
16 49 0 8 0.152278751135
15 21 0 8 0.15171764791
47 51 0 8 0.151456385851
15 67 0 8 0.151280909777
31 39 0 8 0.150913774967
14 51 0 8 0.150494962931
15 66 0 8 0.150107756257
15 18 0 8 0.149317324162
25 66 0 8 0.147170335054
39 50 0 8 0.145244807005
28 34 0 8 0.142812997103
25 50 0 8 0.139445662498
30 66 0 8 0.138362437487
46 52 0 8 0.136730775237
19 26 0 8 0.136697337031
7 14 0 8 0.135302856565
30 43 0 8 0.134852692485
24 35 0 8 0.134666502476
20 23 0 8 0.13455106318
17 21 0 8 0.133741885424
32 53 0 8 0.132886707783
27 50 0 8 0.132037743926
25 42 0 8 0.131559044123
17 22 0 8 0.131053984165
13 17 0 8 0.130643785
20 51 0 8 0.130401581526
27 38 0 8 0.130205214024
27 43 0 8 0.129390865564
17 23 0 8 0.12912350893
26 51 0 8 0.128932923079
28 71 0 8 0.126400083303
50 60 0 8 0.125870004296
14 59 0 8 0.124811299145
51 66 0 8 0.124800600111
11 17 0 8 0.124640129507
40 66 0 8 0.124058045447
16 23 0 8 0.12383505702
7 46 0 8 0.123662024736
21 27 0 8 0.123636759818
7 16 0 8 0.12311539799
14 27 0 8 0.123102739453
54 59 0 8 0.121677473187
27 60 0 8 0.1213831231
14 48 0 8 0.12131306529
19 23 0 8 0.120244145393
22 54 0 8 0.119671188295
36 70 0 8 0.118669360876
37 61 0 8 0.117380969226
21 50 0 8 0.114845663309
10 50 0 8 0.113320730627
23 27 0 8 0.113300465047
13 54 0 8 0.113044448197
15 51 0 8 0.112999133766
26 31 0 8 0.112738966942
1 50 0 8 0.112726211548
15 39 0 8 0.112566225231
1 48 0 8 0.11251822114
11 39 0 8 0.112439393997
7 21 0 8 0.112437255681
31 35 0 8 0.112085841596
23 50 0 8 0.111595004797
17 25 0 8 0.110837735236
25 47 0 8 0.110642462969
11 52 0 8 0.110136941075
46 53 0 8 0.10978268832
54 60 0 8 0.109388433397
15 23 0 8 0.1090233922
25 34 0 8 0.10844771564
19 24 0 8 0.108204782009
7 39 0 8 0.108191989362
14 21 0 8 0.107948161662
66 71 0 8 0.107619442046
24 30 0 8 0.107514232397
11 18 0 8 0.107383742929
15 26 0 8 0.107348069549
25 28 0 8 0.10721424222
18 25 0 8 0.106900893152
22 26 0 8 0.105198055506
6 43 0 8 0.104709409177
30 46 0 8 0.104432143271
14 56 0 8 0.104402840137
3 18 0 8 0.103713579476
15 22 0 8 0.103131838143
13 48 0 8 0.102458916605
13 52 0 8 0.102093823254
14 43 0 8 0.101894192398
1 9 0 8 0.101303502917
44 63 0 8 0.100811906159
50 63 0 8 0.0998393297195
22 29 0 8 0.0994184836745
3 67 0 8 0.0992086902261
34 43 0 8 0.0990144833922
14 18 0 8 0.0989998653531
23 28 0 8 0.098949983716
11 49 0 8 0.0983117967844
50 54 0 8 0.0980833098292
13 51 0 8 0.09790982306
51 59 0 8 0.0978215262294
19 55 0 8 0.0975517034531
15 59 0 8 0.0975071564317
27 63 0 8 0.0971846133471
34 64 0 8 0.0956915393472
32 35 0 8 0.095589466393
30 70 0 8 0.0954712405801
11 19 0 8 0.0936620533466
39 70 0 8 0.0936203673482
27 52 0 8 0.0935938134789
19 66 0 8 0.0934452116489
48 71 0 8 0.0932306945324
22 27 0 8 0.0927080139518
21 29 0 8 0.0916950702667
23 30 0 8 0.0912507027388
11 55 0 8 0.0908892080188
3 69 0 8 0.0907996892929
20 54 0 8 0.0906104817986
3 70 0 8 0.0905485227704
15 60 0 8 0.0894752889872
9 59 0 8 0.0886388942599
14 55 0 8 0.0883948430419
26 70 0 8 0.0879835113883
54 63 0 8 0.0864273384213
3 11 0 8 0.0860475450754
11 51 0 8 0.0854889452457
27 32 0 8 0.0854245647788
21 67 0 8 0.0853291302919
7 49 0 8 0.0851504057646
19 53 0 8 0.0850100293756
3 27 0 8 0.0847941115499
6 60 0 8 0.0845692306757
16 46 0 8 0.0843569859862
8 66 0 8 0.0843310281634
16 50 0 8 0.0842717438936
20 27 0 8 0.0842224285007
1 47 0 8 0.0837938189507
7 52 0 8 0.0837270841002
13 25 0 8 0.0835339054465
11 60 0 8 0.0825583711267
15 43 0 8 0.0821165814996
19 30 0 8 0.0821086019278
23 31 0 8 0.0816813111305
14 46 0 8 0.081539735198
11 24 0 8 0.0813583061099
1 71 0 8 0.0813349708915
15 48 0 8 0.0800641253591
13 33 0 8 0.0794156044722
51 60 0 8 0.0793409347534
20 25 0 8 0.0788435637951
24 33 0 8 0.0785965844989
12 67 0 8 0.0780025869608
48 53 0 8 0.077480211854
26 67 0 8 0.0774405822158
12 19 0 8 0.0774399116635
35 71 0 8 0.0772519856691
50 66 0 8 0.0771710276604
10 15 0 8 0.0770924910903
3 15 0 8 0.0764391720295
14 60 0 8 0.0764280110598
39 51 0 8 0.0761337205768
24 52 0 8 0.0756422504783
36 60 0 8 0.0755517631769
7 15 0 8 0.0747838020325
23 51 0 8 0.0744719356298
43 66 0 8 0.0744603425264
16 34 0 8 0.0736507773399
2 70 0 8 0.0733920037746
12 70 0 8 0.0732911899686
12 52 0 8 0.0729209333658
45 48 0 8 0.0724391937256
20 70 0 8 0.0723522007465
23 48 0 8 0.0720350518823
18 49 0 8 0.0719850510359
17 53 0 8 0.0718631595373
55 58 0 8 0.0717804506421
14 26 0 8 0.071721598506
21 30 0 8 0.0715624764562
40 50 0 8 0.0714658126235
16 27 0 8 0.071234472096
15 55 0 8 0.0712311118841
14 19 0 8 0.0711189508438
53 56 0 8 0.0710142403841
14 52 0 8 0.0708212256432
6 64 0 8 0.0706412270665
3 50 0 8 0.0703852176666
28 38 0 8 0.0702149719
33 42 0 8 0.0701968073845
11 59 0 8 0.0698311552405
18 66 0 8 0.0698137879372
30 36 0 8 0.0687649026513
49 53 0 8 0.0686607137322
1 46 0 8 0.0683020278811
22 51 0 8 0.068191960454
8 13 0 8 0.0681580901146
1 55 0 8 0.0681068822742
45 51 0 8 0.0675871148705
46 55 0 8 0.0674645379186
1 26 0 8 0.0665036961436
31 36 0 8 0.0664906278253
29 53 0 8 0.0664216652513
14 64 0 8 0.066026031971
7 13 0 8 0.0659607648849
8 17 0 8 0.0657802596688
1 10 0 8 0.0657586753368
3 71 0 8 0.0656998455524
2 49 0 8 0.0655934363604
19 31 0 8 0.0646523982286
22 28 0 8 0.0642887279391
38 46 0 8 0.0641985982656
18 33 0 8 0.0641193762422
23 70 0 8 0.0633025094867
30 51 0 8 0.0632746592164
48 66 0 8 0.0632221475244
24 47 0 8 0.0627802759409
53 59 0 8 0.0626300647855
14 53 0 8 0.0621721222997
3 24 0 8 0.0620513297617
3 64 0 8 0.0619668923318
27 33 0 8 0.0617121383548
13 59 0 8 0.0617017261684
3 46 0 8 0.0616054236889
3 55 0 8 0.061275433749
27 47 0 8 0.0611517354846
11 25 0 8 0.0611015483737
17 46 0 8 0.0607897378504
4 62 0 8 0.0604817643762
1 66 0 8 0.0603775009513
1 12 0 8 0.0600218512118
12 18 0 8 0.059925686568
7 40 0 8 0.0599107146263
15 62 0 8 0.0598440021276
7 70 0 8 0.059486232698
1 13 0 8 0.0592318996787
33 68 0 8 0.0590699203312
47 55 0 8 0.0588697716594
39 52 0 8 0.0586374141276
14 22 0 8 0.0584425628185
27 35 0 8 0.0584206283092
25 39 0 8 0.058225851506
2 23 0 8 0.0581589899957
17 66 0 8 0.0580391921103
26 32 0 8 0.0579515956342
34 37 0 8 0.0579303577542
55 64 0 8 0.0577706769109
1 23 0 8 0.0575030483305
11 46 0 8 0.0574839785695
11 62 0 8 0.0572915785015
24 29 0 8 0.0572519041598
24 60 0 8 0.0571493394673
8 71 0 8 0.0571211613715
17 28 0 8 0.0567901432514
45 52 0 8 0.0566049292684
26 33 0 8 0.0565951392055
52 63 0 8 0.0565203353763
33 39 0 8 0.0564833730459
23 47 0 8 0.0564491301775
24 46 0 8 0.056407365948
14 23 0 8 0.0562658980489
52 59 0 8 0.05626020208
32 39 0 8 0.056137688458
13 50 0 8 0.0561115182936
14 62 0 8 0.0561072640121
19 50 0 8 0.0560056604445
24 32 0 8 0.0558509975672
44 66 0 8 0.0556311532855
13 64 0 8 0.0554055795074
19 54 0 8 0.0553966984153
55 62 0 8 0.0552823953331
32 69 0 8 0.0550803877413
25 51 0 8 0.0550519302487
16 70 0 8 0.0549668818712
21 71 0 8 0.0547295026481
24 28 0 8 0.054706517607
4 50 0 8 0.0546574927866
27 62 0 8 0.0545592941344
28 51 0 8 0.0544152744114
1 45 0 8 0.0542975664139
19 25 0 8 0.054207958281
1 53 0 8 0.0541676953435
28 35 0 8 0.0540616586804
19 48 0 8 0.0540550462902
13 53 0 8 0.0538736544549
32 71 0 8 0.0537721961737
24 71 0 8 0.0536730289459
15 64 0 8 0.0536625646055
12 51 0 8 0.0535945855081
1 24 0 8 0.0535737872124
1 32 0 8 0.0535543300211
2 71 0 8 0.0535040944815
1 33 0 8 0.0531370565295
1 16 0 8 0.0529244989157
2 48 0 8 0.0528232268989
47 54 0 8 0.0527637936175
31 51 0 8 0.0525263398886
55 67 0 8 0.0524441003799
25 58 0 8 0.0521619394422
25 31 0 8 0.0520931631327
45 50 0 8 0.0520679280162
15 56 0 8 0.051619913429
10 23 0 8 0.0515919402242
12 49 0 8 0.0512673035264
19 29 0 8 0.0511962324381
16 28 0 8 0.0510492660105
1 69 0 8 0.0507953539491
33 36 0 8 0.0501666255295
13 19 0 8 0.0501242130995
29 39 0 8 0.0501204542816
17 49 0 8 0.0500756055117
16 48 0 8 0.0500464886427
13 45 0 8 0.0499598570168
27 66 0 8 0.0499198585749
39 49 0 8 0.0498834401369
40 55 0 8 0.0498593188822
2 34 0 8 0.0496834740043
9 54 0 8 0.0496702902019
10 17 0 8 0.0494822598994
42 64 0 8 0.0493609346449
45 49 0 8 0.049275316298
20 29 0 8 0.0490050688386
1 38 0 8 0.0489421151578
7 64 0 8 0.0485917069018
25 33 0 8 0.0485354810953
25 52 0 8 0.0483581870794
26 35 0 8 0.0481622070074
13 39 0 8 0.0481160953641
7 23 0 8 0.0480639785528
24 43 0 8 0.0480637401342
47 53 0 8 0.0478522516787
32 36 0 8 0.0478321909904
4 56 0 8 0.0474981330335
13 22 0 8 0.0474798753858
1 63 0 8 0.0473590530455
13 71 0 8 0.0471517555416
13 21 0 8 0.0468808561563
18 48 0 8 0.0467461198568
9 49 0 8 0.046538811177
24 70 0 8 0.0465369932353
28 39 0 8 0.0463426634669
30 64 0 8 0.046226516366
15 20 0 8 0.0462223850191
6 67 0 8 0.0462129898369
18 70 0 8 0.0461314246058
1 18 0 8 0.046096753329
41 47 0 8 0.046036940068
45 53 0 8 0.045816488564
13 24 0 8 0.0456847958267
10 49 0 8 0.0456170029938
7 24 0 8 0.0455447286367
8 23 0 8 0.0455314517021
26 49 0 8 0.0453568324447
11 70 0 8 0.0451150126755
16 33 0 8 0.0448575168848
48 55 0 8 0.0448143668473
1 15 0 8 0.044807434082
36 54 0 8 0.0445652902126
1 25 0 8 0.0444921068847
14 70 0 8 0.0442445278168
46 60 0 8 0.0441447049379
24 54 0 8 0.0440871454775
44 49 0 8 0.0440468899906
16 53 0 8 0.0439353100955
26 34 0 8 0.0439191497862
20 30 0 8 0.0438825339079
9 14 0 8 0.0437722504139
24 39 0 8 0.0437355041504
31 54 0 8 0.043609187007
23 62 0 8 0.0435363426805
12 63 0 8 0.0434180535376
51 56 0 8 0.0430177934468
17 55 0 8 0.0429098196328
44 50 0 8 0.0428724512458
41 61 0 8 0.0427979752421
35 42 0 8 0.0425553843379
27 48 0 8 0.0423883013427
1 52 0 8 0.0423736050725
23 58 0 8 0.0423333570361
11 53 0 8 0.0421121418476
42 52 0 8 0.0421017073095
23 34 0 8 0.042057517916
21 31 0 8 0.0416607931256
6 57 0 8 0.0415126346052
25 36 0 8 0.0411905199289
1 70 0 8 0.0411379151046
7 62 0 8 0.0411354973912
16 32 0 8 0.0408981852233
15 34 0 8 0.0408830754459
11 65 0 8 0.0407180637121
22 30 0 8 0.0406607612967
18 50 0 8 0.0402362756431
17 51 0 8 0.0399317592382
14 30 0 8 0.0399052575231
16 51 0 8 0.039687871933
39 54 0 8 0.0396753326058
25 63 0 8 0.0395289473236
14 54 0 8 0.039441999048
10 65 0 8 0.039218429476
3 26 0 8 0.0391748212278
7 60 0 8 0.0391542650759
23 29 0 8 0.0391100496054
17 26 0 8 0.0390207208693
27 70 0 8 0.0388814657927
25 46 0 8 0.0387219935656
15 52 0 8 0.038241814822
13 60 0 8 0.0379795990884
10 46 0 8 0.0376769080758
44 48 0 8 0.0376763045788
1 54 0 8 0.0376322865486
1 35 0 8 0.0375548750162
11 42 0 8 0.0375188887119
36 71 0 8 0.0374494493008
24 53 0 8 0.0373786091805
50 56 0 8 0.0373215936124
36 63 0 8 0.0372957997024
20 50 0 8 0.0372476875782
16 47 0 8 0.0370462164283
24 34 0 8 0.0370085053146
44 54 0 8 0.037001028657
9 66 0 8 0.0369269698858
31 52 0 8 0.036926522851
15 46 0 8 0.0368445850909
26 50 0 8 0.0368093065917
13 58 0 8 0.0368000976741
17 30 0 8 0.036756683141
7 48 0 8 0.0364741571248
31 64 0 8 0.0363649763167
3 8 0 8 0.036358114332
22 50 0 8 0.0363199785352
42 51 0 8 0.0362560339272
11 71 0 8 0.0359862335026
49 55 0 8 0.0359573438764
24 36 0 8 0.0359360091388
10 18 0 8 0.0359241217375
12 59 0 8 0.0358995720744
12 46 0 8 0.0355714447796
23 32 0 8 0.0354829467833
3 40 0 8 0.0354306064546
3 49 0 8 0.0352275967598
54 57 0 8 0.0347079671919
1 67 0 8 0.0345939323306
6 51 0 8 0.0345656648278
1 20 0 8 0.0345343500376
1 64 0 8 0.0345246046782
43 70 0 8 0.0344246923923
18 30 0 8 0.0342306382954
10 64 0 8 0.0342079140246
12 27 0 8 0.0341528430581
43 53 0 8 0.0341302938759
15 30 0 8 0.0340388827026
15 42 0 8 0.0339722372591
17 27 0 8 0.0338827855885
29 35 0 8 0.0334028080106
22 34 0 8 0.03324848786
27 49 0 8 0.0331306569278
2 25 0 8 0.0330255143344
39 68 0 8 0.0329534001648
19 42 0 8 0.0328463613987
25 55 0 8 0.0328171364963
3 39 0 8 0.032771974802
31 37 0 8 0.0326791703701
25 35 0 8 0.0326658263803
37 71 0 8 0.032642826438
6 21 0 8 0.0323915034533
11 21 0 8 0.0323805101216
17 50 0 8 0.03217722103
21 54 0 8 0.032175514847
23 52 0 8 0.0321390405297
12 45 0 8 0.0321040414274
18 71 0 8 0.0320701561868
12 66 0 8 0.0320444181561
25 38 0 8 0.0318784154952
3 60 0 8 0.0315239019692
36 55 0 8 0.0314183309674
2 39 0 8 0.0313960984349
22 71 0 8 0.0313578769565
7 59 0 8 0.03126373142
42 63 0 8 0.0311589278281
34 53 0 8 0.0311335586011
22 60 0 8 0.0310340952128
48 54 0 8 0.0306978579611
26 39 0 8 0.0306974537671
52 71 0 8 0.0306428261101
33 71 0 8 0.0303846560419
13 18 0 8 0.030340520665
39 66 0 8 0.0303380228579
18 54 0 8 0.0303291510791
24 45 0 8 0.0301415715367
27 64 0 8 0.0300231222063
14 42 0 8 0.0299854800105
19 43 0 8 0.0297338496894
16 63 0 8 0.0296589266509
53 57 0 8 0.0296537671238
17 42 0 8 0.029639210552
19 64 0 8 0.0295094773173
6 46 0 8 0.0294950939715
10 66 0 8 0.0294907130301
2 26 0 8 0.0294080190361
19 49 0 8 0.029286917299
21 32 0 8 0.0292779989541
5 59 0 8 0.0292447824031
23 38 0 8 0.0292257200927
10 70 0 8 0.0289110019803
1 17 0 8 0.028820540756
15 70 0 8 0.0287880860269
24 42 0 8 0.0287222657353
11 26 0 8 0.0286473613232
16 52 0 8 0.0286256745458
21 70 0 8 0.0285704694688
15 54 0 8 0.0285691935569
20 49 0 8 0.0284319967031
10 22 0 8 0.0284175965935
1 51 0 8 0.0283892303705
20 58 0 8 0.0283755026758
15 28 0 8 0.0283436663449
26 66 0 8 0.0283288694918
6 39 0 8 0.0283095166087
37 64 0 8 0.0282932091504
54 62 0 8 0.0281352363527
52 56 0 8 0.0280761029571
49 59 0 8 0.028011277318
7 71 0 8 0.0279714558274
32 42 0 8 0.0279293581843
27 68 0 8 0.0279060192406
50 64 0 8 0.0276978407055
27 71 0 8 0.0276799649
19 39 0 8 0.0276108365506
13 56 0 8 0.0276075471193
13 20 0 8 0.0274553578347
18 34 0 8 0.027389081195
39 71 0 8 0.0273702554405
34 40 0 8 0.0272380355746
13 41 0 8 0.0269548688084
20 71 0 8 0.0268388688564
26 38 0 8 0.0267949420959
24 63 0 8 0.0267436653376
40 54 0 8 0.0266492906958
15 71 0 8 0.0266450345516
25 62 0 8 0.026329273358
7 55 0 8 0.0263154059649
10 67 0 8 0.0263028256595
6 12 0 8 0.0262875948101
31 40 0 8 0.0262121073902
1 30 0 8 0.0261702872813
28 53 0 8 0.0260752607137
13 46 0 8 0.0259786564857
40 65 0 8 0.0259056389332
46 71 0 8 0.0258473176509
41 50 0 8 0.0258003678173
13 55 0 8 0.0255812313408
14 58 0 8 0.0253715999424
1 27 0 8 0.0253509972245
40 71 0 8 0.0252334158868
22 32 0 8 0.0251363087445
6 49 0 8 0.0251265782863
4 71 0 8 0.0250852685422
1 34 0 8 0.0250419061631
43 52 0 8 0.0249486044049
14 65 0 8 0.024931633845
31 70 0 8 0.0248758979142
10 53 0 8 0.0248465444893
1 28 0 8 0.0247692447156
1 62 0 8 0.0247593987733
26 52 0 8 0.0246158577502
16 31 0 8 0.0246021971107
13 70 0 8 0.0244980286807
1 7 0 8 0.0244426224381
28 36 0 8 0.0244110319763
36 41 0 8 0.0243932623416
26 71 0 8 0.0243041124195
44 61 0 8 0.0242563281208
16 56 0 8 0.0242524128407
16 30 0 8 0.0242046471685
23 54 0 8 0.024169895798
18 45 0 8 0.0240918863565
10 16 0 8 0.0240535251796
14 34 0 8 0.0239906571805
14 61 0 8 0.0239835958928
16 55 0 8 0.0239428896457
30 63 0 8 0.0239049810916
51 63 0 8 0.0238833986223
3 38 0 8 0.0238723084331
14 45 0 8 0.0238413866609
10 43 0 8 0.0237380173057
38 43 0 8 0.0235434882343
32 51 0 8 0.0235108155757
21 55 0 8 0.0233811065555
26 53 0 8 0.0233787614852
12 64 0 8 0.0232722759247
24 67 0 8 0.0232663694769
15 65 0 8 0.0232230145484
15 45 0 8 0.0231591537595
10 21 0 8 0.023116717115
46 54 0 8 0.0230885762721
1 31 0 8 0.023049781099
32 70 0 8 0.0230218470097
30 71 0 8 0.0229368228465
1 58 0 8 0.022902417928
43 57 0 8 0.0228686481714
14 71 0 8 0.0228299852461
16 67 0 8 0.0228117275983
13 63 0 8 0.0227965060622
11 54 0 8 0.022786969319
34 51 0 8 0.0227759536356
33 37 0 8 0.0227723531425
24 66 0 8 0.0227293577045
5 10 0 8 0.0226741246879
23 43 0 8 0.0226058736444
42 67 0 8 0.0225813742727
15 35 0 8 0.0225503742695
2 7 0 8 0.0225415881723
19 51 0 8 0.0225358065218
1 37 0 8 0.0224776677787
24 59 0 8 0.0224630217999
6 56 0 8 0.022395208478
8 18 0 8 0.02235481143
21 52 0 8 0.0222584921867
12 55 0 8 0.0222464259714
27 53 0 8 0.0222351495177
25 67 0 8 0.022185428068
27 55 0 8 0.0220262035728
10 71 0 8 0.0220237839967
4 39 0 8 0.0220047254115
1 49 0 8 0.0219918899238
24 31 0 8 0.0219420827925
21 41 0 8 0.0219125319272
27 36 0 8 0.0218834914267
14 38 0 8 0.0218783076853
16 64 0 8 0.0218781381845
34 67 0 8 0.0218424014747
23 46 0 8 0.021824490279
34 55 0 8 0.0217261426151
49 60 0 8 0.0216862726957
23 35 0 8 0.0216533374041
1 41 0 8 0.0216370895505
13 65 0 8 0.0216354802251
16 38 0 8 0.0216194875538
20 33 0 8 0.0215795021504
50 62 0 8 0.0215371660888
22 67 0 8 0.0215301141143
29 52 0 8 0.0215234346688
1 36 0 8 0.0215120911598
14 20 0 8 0.0214715488255
1 59 0 8 0.0214630234987
4 69 0 8 0.0213801637292
2 54 0 8 0.0213531590998
1 14 0 8 0.0213529840112
19 69 0 8 0.0213491283357
42 66 0 8 0.021331531927
3 43 0 8 0.0213176682591
12 28 0 8 0.021310551092
3 34 0 8 0.0213072057813
8 54 0 8 0.0212724935263
6 26 0 8 0.0212541855872
39 55 0 8 0.0212157964706
36 57 0 8 0.021165555343
3 22 0 8 0.0211583487689
46 67 0 8 0.0211573056877
19 34 0 8 0.0210326332599
21 33 0 8 0.0210075825453
21 49 0 8 0.0209562368691
16 59 0 8 0.0209016762674
27 59 0 8 0.0208229888231
14 44 0 8 0.0208055730909
34 60 0 8 0.0207773186266
43 71 0 8 0.0207658186555
16 42 0 8 0.0207078512758
29 71 0 8 0.0207055602223
30 67 0 8 0.0206307265908
7 20 0 8 0.0205761305988
6 52 0 8 0.0205362830311
17 71 0 8 0.020527927205
11 23 0 8 0.0205020755529
31 49 0 8 0.0205004047602
12 25 0 8 0.0204484164715
19 46 0 8 0.0204272661358
3 21 0 8 0.0204163566232
22 48 0 8 0.0203268155456
26 63 0 8 0.0203193631023
53 58 0 8 0.0203080177307
27 54 0 8 0.020290993154
8 52 0 8 0.0202523674816
5 55 0 8 0.0202250760049
43 59 0 8 0.0201915726066
18 46 0 8 0.0201904270798
16 71 0 8 0.020186252892
25 32 0 8 0.0201851166785
17 70 0 8 0.0201733727008
50 67 0 8 0.0201667007059
50 57 0 8 0.0201231930405
10 38 0 8 0.0200970564038
2 50 0 8 0.0200944747776
29 36 0 8 0.0200937185436
13 27 0 8 0.0200832579285
10 48 0 8 0.0200693402439
1 40 0 8 0.0200596060604
15 38 0 8 0.0200247894973
54 58 0 8 0.0200175195932
48 59 0 8 0.01995674707
11 40 0 8 0.0199075005949
23 63 0 8 0.0198888592422
10 27 0 8 0.0198858492076
33 51 0 8 0.0198430009186
21 59 0 8 0.0198157839477
5 56 0 8 0.0197367314249
11 69 0 8 0.0197118762881
15 40 0 8 0.0197002589703
18 68 0 8 0.019664529711
25 65 0 8 0.0196415390819
51 57 0 8 0.0196383669972
9 70 0 8 0.019622059539
1 19 0 8 0.0196049232036
9 50 0 8 0.0195752624422
25 54 0 8 0.0195682775229
6 65 0 8 0.0195285212249
18 32 0 8 0.0195236895233
25 53 0 8 0.0195148456842
31 66 0 8 0.0194580350071
41 46 0 8 0.0194374993443
2 20 0 8 0.0193462762982
51 58 0 8 0.0192961040884
15 58 0 8 0.0192785654217
3 42 0 8 0.0192360859364
21 38 0 8 0.0192012023181
30 53 0 8 0.0192002337426
35 40 0 8 0.0191973149776
23 55 0 8 0.0191898606718
18 29 0 8 0.0191858392209
17 31 0 8 0.0191787797958
22 31 0 8 0.0191726945341
4 25 0 8 0.0190843846649
2 55 0 8 0.019073586911
4 45 0 8 0.0190714374185
18 41 0 8 0.0190425198525
2 24 0 8 0.0189786404371
15 61 0 8 0.0188536122441
1 60 0 8 0.0188230387866
8 14 0 8 0.0188113618642
22 56 0 8 0.0187929570675
5 66 0 8 0.0187908001244
14 28 0 8 0.0187302455306
12 71 0 8 0.0186958331615
32 67 0 8 0.0186931081116
3 68 0 8 0.018689526245
6 24 0 8 0.0186732728034
21 35 0 8 0.0186620466411
5 49 0 8 0.0186610389501
1 11 0 8 0.0186592396349
21 53 0 8 0.0186490621418
31 50 0 8 0.0186202991754
15 31 0 8 0.0186186768115
3 35 0 8 0.018580602482
15 36 0 8 0.0185622386634
11 30 0 8 0.0184696596116
28 52 0 8 0.0183923430741
3 48 0 8 0.0183686446398
17 33 0 8 0.0183168333024
3 36 0 8 0.0182997435331
41 70 0 8 0.0182930119336
11 45 0 8 0.0182642098516
50 58 0 8 0.0182072594762
47 71 0 8 0.018201187253
8 55 0 8 0.0181911569089
23 53 0 8 0.0181812383235
3 23 0 8 0.0181779190898
1 65 0 8 0.0181730687618
12 50 0 8 0.0181656293571
38 71 0 8 0.0181032940745
10 19 0 8 0.0180560834706
42 53 0 8 0.018043326214
4 51 0 8 0.0180107858032
33 53 0 8 0.0179969687015
10 60 0 8 0.0179965924472
12 54 0 8 0.0179906655103
5 65 0 8 0.0179732441902
6 13 0 8 0.0179705172777
6 71 0 8 0.0179596655071
9 46 0 8 0.0179465673864
31 69 0 8 0.0179407186806
35 66 0 8 0.0179310683161
25 56 0 8 0.0179129745811
45 55 0 8 0.0179001186043
7 18 0 8 0.0178977455944
9 53 0 8 0.0178927518427
13 66 0 8 0.0178844500333
1 43 0 8 0.0178717914969
22 47 0 8 0.0178597327322
16 39 0 8 0.0178004130721
12 24 0 8 0.0177625771612
11 61 0 8 0.017758551985
34 48 0 8 0.0177527051419
6 70 0 8 0.0177354514599
24 55 0 8 0.0177281182259
7 25 0 8 0.0176773890853
28 54 0 8 0.0176220797002
15 32 0 8 0.0176170859486
3 47 0 8 0.0175929050893
22 38 0 8 0.0174832940102
17 29 0 8 0.0174677129835
3 58 0 8 0.0174630824476
4 58 0 8 0.0173769351095
8 20 0 8 0.0173365324736
15 33 0 8 0.0172872841358
3 45 0 8 0.0172791760415
29 54 0 8 0.0172634441406
19 60 0 8 0.0172451864928
46 66 0 8 0.0172341912985
29 51 0 8 0.0172098334879
23 33 0 8 0.0171866696328
8 21 0 8 0.0171764194965
6 54 0 8 0.0171386580914
34 71 0 8 0.0171328764409
32 54 0 8 0.0171208288521
18 63 0 8 0.0170176643878
23 39 0 8 0.0170080475509
19 71 0 8 0.0169929079711
5 45 0 8 0.0169686861336
25 70 0 8 0.0169125515968
5 52 0 8 0.0169120822102
5 64 0 8 0.0168765317649
18 42 0 8 0.0168349351734
30 50 0 8 0.0168327968568
2 57 0 8 0.0168185662478
22 58 0 8 0.0168150980026
4 18 0 8 0.0168082565069
14 31 0 8 0.0167775582522
17 54 0 8 0.0167424194515
31 43 0 8 0.0167227108032
6 61 0 8 0.0167176239192
1 56 0 8 0.0166962295771
31 42 0 8 0.0166787598282
16 45 0 8 0.0166737772524
16 66 0 8 0.0166225526482
34 50 0 8 0.0165925566107
40 51 0 8 0.0165827628225
6 42 0 8 0.0165630150586
14 35 0 8 0.0165384188294
14 69 0 8 0.0165356658399
49 66 0 8 0.0165124814957
32 52 0 8 0.0164596885443
20 67 0 8 0.0164525117725
22 66 0 8 0.0163791682571
26 64 0 8 0.016343485564
18 53 0 8 0.0163396447897
52 57 0 8 0.0163172651082
17 48 0 8 0.0163094848394
22 57 0 8 0.0162998158485
1 68 0 8 0.0162601079792
48 60 0 8 0.0162311103195
11 58 0 8 0.016174999997
24 38 0 8 0.016143258661
19 45 0 8 0.0161375571042
22 35 0 8 0.0161201078445
2 69 0 8 0.0161132887006
18 55 0 8 0.0161116924137
7 42 0 8 0.0160755943507
40 70 0 8 0.0160606298596
33 62 0 8 0.0160477496684
15 68 0 8 0.0160339530557
12 47 0 8 0.0160245094448
1 57 0 8 0.0159642379731
1 21 0 8 0.0159422140568
28 50 0 8 0.0159256234765
23 66 0 8 0.0159227922559
11 48 0 8 0.0158715583384
34 44 0 8 0.015871334821
19 52 0 8 0.0158435106277
49 67 0 8 0.0158398002386
18 27 0 8 0.0157631654292
18 67 0 8 0.0157310254872
12 62 0 8 0.0156729966402
18 51 0 8 0.0156304147094
18 52 0 8 0.0156048089266
13 67 0 8 0.0155661888421
4 22 0 8 0.0155584802851
17 45 0 8 0.0155195510015
1 22 0 8 0.015516133979
1 44 0 8 0.0154893305153
35 60 0 8 0.0154465455562
8 50 0 8 0.0154039496556
33 50 0 8 0.0153692150488
21 48 0 8 0.0153595134616
51 62 0 8 0.0153526999056
1 8 0 8 0.0153493117541
3 33 0 8 0.0152791328728
34 41 0 8 0.0152718527243
25 71 0 8 0.0152662098408
14 40 0 8 0.0152582414448
3 30 0 8 0.0152381919324
3 17 0 8 0.0152290081605
65 70 0 8 0.0152200069278
16 35 0 8 0.0152055416256
18 47 0 8 0.0151637056842
8 19 0 8 0.0151456715539
19 32 0 8 0.0151311829686
38 50 0 8 0.0151093695313
6 40 0 8 0.0150527423248
13 28 0 8 0.015052665025
19 47 0 8 0.0150051601231
44 51 0 8 0.0149901201949
7 22 0 8 0.0149833140895
38 68 0 8 0.014945955947
22 55 0 8 0.0149305332452
12 21 0 8 0.0149038359523
7 53 0 8 0.0148800108582
50 71 0 8 0.014847653918
20 48 0 8 0.01482318528
47 66 0 8 0.0147944819182
49 71 0 8 0.0147834764794
11 22 0 8 0.0147570120171
5 13 0 8 0.0147486040369
14 57 0 8 0.0146322920918
36 62 0 8 0.0146078495309
15 53 0 8 0.0145621392876
12 39 0 8 0.0145601481199
2 65 0 8 0.0145535264164
25 43 0 8 0.0145010715351
22 39 0 8 0.0144968405366
22 52 0 8 0.0144885042682
13 42 0 8 0.0144737921655
19 58 0 8 0.0144654074684
42 70 0 8 0.0143527053297
11 56 0 8 0.0143454829231
41 51 0 8 0.014302960597
38 70 0 8 0.0142989810556
64 70 0 8 0.0142721971497
6 15 0 8 0.0142663950101
28 46 0 8 0.0142359230667
35 70 0 8 0.0142283234745
3 12 0 8 0.0141997402534
26 45 0 8 0.0141655597836
9 64 0 8 0.0141556737944
14 68 0 8 0.0141458688304
22 64 0 8 0.0141229778528
16 54 0 8 0.0141133414581
10 25 0 8 0.0140809742734
19 35 0 8 0.0140765057877
22 46 0 8 0.0140471998602
6 48 0 8 0.014047014527
26 55 0 8 0.0140439243987
3 51 0 8 0.0140423728153
7 26 0 8 0.014035587199
4 63 0 8 0.0140355750918
17 67 0 8 0.0140248360112
34 68 0 8 0.0140176312998
24 64 0 8 0.0140084931627
22 53 0 8 0.0139908920974
21 34 0 8 0.013969745487
38 49 0 8 0.0139610785991
6 22 0 8 0.013956412673
13 47 0 8 0.0139522338286
7 34 0 8 0.0139256175607
18 35 0 8 0.0139185283333
1 39 0 8 0.0138988038525
11 31 0 8 0.0138825858012
32 37 0 8 0.0138824880123
3 31 0 8 0.0138409677893
10 31 0 8 0.0138070145622
53 63 0 8 0.0137566495687
21 63 0 8 0.013712332584
18 31 0 8 0.0137042356655
63 68 0 8 0.0136522371322
9 51 0 8 0.0136396251619
8 27 0 8 0.0136306798086
17 32 0 8 0.0136128421873
23 36 0 8 0.0136104617268
39 59 0 8 0.013605103828
22 43 0 8 0.0136031005532
16 29 0 8 0.013591199182
12 23 0 8 0.0135385151953
2 63 0 8 0.0134717859328
49 70 0 8 0.0134285697713
35 67 0 8 0.0134164849296
44 55 0 8 0.0133871426806
45 60 0 8 0.0133599741384
22 33 0 8 0.0133596844971
27 40 0 8 0.0133498962969
25 61 0 8 0.0132898734882
3 16 0 8 0.0132805407047
40 48 0 8 0.0132564231753
23 59 0 8 0.0132155818865
30 59 0 8 0.0131953246891
3 53 0 8 0.0131691051647
31 55 0 8 0.0131537523121
40 49 0 8 0.0131197832525
4 23 0 8 0.0131064364687
16 69 0 8 0.0130792390555
19 61 0 8 0.0130616407841
14 33 0 8 0.0130524113774
21 46 0 8 0.0130373034626
31 60 0 8 0.0130329839885
2 66 0 8 0.0130169494078
5 58 0 8 0.0130009194836
33 70 0 8 0.0129968579859
19 38 0 8 0.0129841649905
6 53 0 8 0.0129415197298
29 67 0 8 0.0129378587008
26 43 0 8 0.012928831391
52 58 0 8 0.0129271522164
13 57 0 8 0.0129119195044
45 57 0 8 0.0128879053518
32 62 0 8 0.0128799732774
10 47 0 8 0.0128794759512
27 45 0 8 0.0128494659439
18 36 0 8 0.0128436787054
2 47 0 8 0.0128370001912
46 63 0 8 0.0127832600847
44 53 0 8 0.0127702085301
3 28 0 8 0.0127689698711
32 41 0 8 0.012746412307
6 27 0 8 0.0127019956708
2 21 0 8 0.0127005483955
6 23 0 8 0.0126944575459
16 68 0 8 0.0126907154918
4 35 0 8 0.0126490695402
12 35 0 8 0.0126485573128
34 49 0 8 0.0126400329173
30 52 0 8 0.0126314768568
1 42 0 8 0.0126289920881
15 69 0 8 0.0126238074154
1 29 0 8 0.0126068862155
34 70 0 8 0.0125897731632
14 36 0 8 0.0125735001639
17 59 0 8 0.0125488908961
33 66 0 8 0.0125417718664
30 37 0 8 0.0125371841714
24 58 0 8 0.0125149609521
20 32 0 8 0.0124753629789
13 35 0 8 0.0124660506845
15 57 0 8 0.0124213872477
50 65 0 8 0.0124195152894
22 59 0 8 0.0124057726935
16 40 0 8 0.0123845022172
24 41 0 8 0.0123685086146
4 16 0 8 0.0123655665666
4 24 0 8 0.012312181294
16 36 0 8 0.0122968768701
25 59 0 8 0.0122676752508
3 54 0 8 0.0122662652284
16 41 0 8 0.0122311208397
31 41 0 8 0.0122070750222
20 57 0 8 0.0121800107881
16 62 0 8 0.0121796615422
9 19 0 8 0.0121661182493
26 68 0 8 0.0121560310945
44 59 0 8 0.0121538033709
19 65 0 8 0.0121461404487
55 61 0 8 0.0121273482218
35 64 0 8 0.012118594721
8 59 0 8 0.0120958834887
20 31 0 8 0.0120623456314
34 66 0 8 0.0120484540239
31 67 0 8 0.0120439827442
16 43 0 8 0.0120414523408
36 52 0 8 0.0120300501585
18 39 0 8 0.012013014406
32 59 0 8 0.0119877196848
11 44 0 8 0.0119745796546
9 71 0 8 0.0119528565556
2 51 0 8 0.0119501426816
54 65 0 8 0.0119428085163
4 43 0 8 0.011918283999
51 64 0 8 0.0119170090184
9 17 0 8 0.0119067840278
20 35 0 8 0.0118744457141
28 68 0 8 0.0118646249175
17 47 0 8 0.0118122687563
44 71 0 8 0.011779608205
11 20 0 8 0.0117769995704
20 46 0 8 0.0117516098544
13 62 0 8 0.0117385685444
51 65 0 8 0.011737478897
47 57 0 8 0.0117360800505
36 50 0 8 0.0116835404187
26 42 0 8 0.0116800284013
42 60 0 8 0.0116761205718
20 52 0 8 0.0116402273998
65 71 0 8 0.0115876477212
13 30 0 8 0.0115610696375
11 38 0 8 0.0115496488288
17 58 0 8 0.0115364929661
18 38 0 8 0.0115290405229
20 55 0 8 0.0115244332701
31 53 0 8 0.0115191331133
12 31 0 8 0.0115134222433
38 48 0 8 0.0114328749478
45 66 0 8 0.0113981990144
29 70 0 8 0.0113981124014
43 54 0 8 0.0113483313471
32 64 0 8 0.0112741496414
41 49 0 8 0.0112383114174
23 67 0 8 0.0112352762371
52 64 0 8 0.0112271849066
49 56 0 8 0.0112243322656
18 43 0 8 0.0112021742389
19 36 0 8 0.0111645990983
2 38 0 8 0.0111414128914
31 65 0 8 0.0111384456977
10 26 0 8 0.0111369751394
26 48 0 8 0.0110802138224
46 59 0 8 0.0110683180392
4 14 0 8 0.011068103835
9 34 0 8 0.0110292099416
12 53 0 8 0.0110174305737
34 59 0 8 0.0109971966594
35 63 0 8 0.0109514445066
25 45 0 8 0.0109214261174
10 20 0 8 0.0108805624768
43 62 0 8 0.0108583588153
13 68 0 8 0.0108460178599
64 71 0 8 0.0108310701326
11 68 0 8 0.0107930963859
10 62 0 8 0.0107376445085
40 45 0 8 0.0107301808894
16 60 0 8 0.0107254954055
3 32 0 8 0.0107063362375
7 30 0 8 0.0106640560552
16 58 0 8 0.0106502342969
13 69 0 8 0.0106416419148
12 29 0 8 0.0106318164617
16 44 0 8 0.0105991726741
4 21 0 8 0.0105928247795
17 62 0 8 0.0105844317004
27 41 0 8 0.0105723440647
17 52 0 8 0.010501540266
21 42 0 8 0.0104984343052
29 69 0 8 0.0104909073561
42 55 0 8 0.0104897646233
9 15 0 8 0.0104682464153
26 36 0 8 0.0104583129287
22 62 0 8 0.0104408878833
11 28 0 8 0.0103897657245
30 49 0 8 0.0103860693052
2 45 0 8 0.0103678433225
19 68 0 8 0.0103367045522
31 48 0 8 0.0103265391663
15 47 0 8 0.0103218713775
45 56 0 8 0.0103213610128
21 62 0 8 0.0102750984952
4 15 0 8 0.0102470936254
23 56 0 8 0.0102412570268
6 44 0 8 0.0102361738682
46 56 0 8 0.0101815061644
20 34 0 8 0.0101735852659
39 61 0 8 0.010143536143
18 56 0 8 0.0101344864815
28 43 0 8 0.010130206123
2 27 0 8 0.0101295458153
10 39 0 8 0.0101294741035
19 40 0 8 0.0101182730868
5 71 0 8 0.0101173855364
19 59 0 8 0.010089667514
49 57 0 8 0.0100832683966
4 67 0 8 0.0100721847266
12 20 0 8 0.010015736334
9 20 0 8 0.0100147910416
9 43 0 8 0.00998747348785
2 32 0 8 0.00997665897012
12 60 0 8 0.00994279142469
35 54 0 8 0.0099422512576
53 71 0 8 0.00993437785655
2 8 0 8 0.00990469194949
32 68 0 8 0.00988691486418
14 32 0 8 0.00988306477666
39 62 0 8 0.00984589010477
16 65 0 8 0.00981277693063
2 17 0 8 0.00980563089252
42 71 0 8 0.00980003923178
20 63 0 8 0.00977717060596
32 50 0 8 0.00977246277034
11 35 0 8 0.00976697262377
2 33 0 8 0.00975390244275
1 61 0 8 0.00974558386952
48 56 0 8 0.00974247790873
22 69 0 8 0.00969393178821
18 69 0 8 0.00966692902148
45 71 0 8 0.00966124329716
11 34 0 8 0.0096575524658
21 39 0 8 0.00964075606316
17 38 0 8 0.00962131749839
24 65 0 8 0.00959283020347
50 70 0 8 0.00957529526204
7 69 0 8 0.00957415625453
47 56 0 8 0.00955898407847
8 24 0 8 0.00954558514059
48 67 0 8 0.00953012518585
34 52 0 8 0.00950129888952
3 20 0 8 0.0094935297966
41 64 0 8 0.0094821434468
5 23 0 8 0.00948059372604
30 54 0 8 0.00945122353733
8 22 0 8 0.00940962508321
9 63 0 8 0.00938050355762
4 60 0 8 0.00937908142805
12 58 0 8 0.00937322620302
39 44 0 8 0.00936552509665
20 53 0 8 0.00933784525841
49 63 0 8 0.0093205915764
12 26 0 8 0.00931489095092
6 25 0 8 0.00931487884372
38 45 0 8 0.00930906739086
38 47 0 8 0.00927058793604
38 55 0 8 0.00925347488374
48 62 0 8 0.00924508087337
32 55 0 8 0.00924210716039
52 62 0 8 0.0092400778085
47 67 0 8 0.00920614600182
40 52 0 8 0.00920289009809
4 11 0 8 0.00918421242386
18 64 0 8 0.00917552039027
33 49 0 8 0.00915810186416
32 43 0 8 0.00909609720111
17 63 0 8 0.00907792709768
17 68 0 8 0.00907532777637
8 15 0 8 0.00903325434774
20 59 0 8 0.00901506002992
8 67 0 8 0.00899636000395
51 70 0 8 0.00898612570018
23 69 0 8 0.00897992774844
45 54 0 8 0.00897540058941
7 68 0 8 0.00896819774061
6 19 0 8 0.00896022934467
29 47 0 8 0.0089504243806
13 43 0 8 0.00894963741302
29 49 0 8 0.00894151162356
30 40 0 8 0.00889396574348
17 39 0 8 0.00887990370393
2 67 0 8 0.00886207260191
45 59 0 8 0.00885614100844
25 40 0 8 0.00885302759707
24 69 0 8 0.00884679052979
44 67 0 8 0.00879439245909
4 12 0 8 0.00876992661506
30 48 0 8 0.00873554311693
7 47 0 8 0.00868416391313
2 35 0 8 0.00866528879851
5 48 0 8 0.0086537823081
2 31 0 8 0.00864862091839
13 31 0 8 0.00863660592586
21 66 0 8 0.00863225758076
41 71 0 8 0.00862952042371
22 70 0 8 0.00859462283552
37 70 0 8 0.00858973618597
14 29 0 8 0.00856750365347
24 56 0 8 0.00855408329517
3 13 0 8 0.00854825321585
12 48 0 8 0.00854426529258
2 22 0 8 0.00851684994996
21 60 0 8 0.00850902125239
52 61 0 8 0.00849469192326
42 59 0 8 0.00848976522684
15 41 0 8 0.00847938843071
15 29 0 8 0.00846452824771
33 67 0 8 0.00845496729016
48 57 0 8 0.00839812867343
34 54 0 8 0.00837983563542
46 62 0 8 0.00837203301489
44 52 0 8 0.00834915135056
4 47 0 8 0.00832705199718
47 70 0 8 0.00831029843539
20 62 0 8 0.00829226430506
9 18 0 8 0.00829159095883
33 55 0 8 0.00826598331332
24 37 0 8 0.00823302194476
19 41 0 8 0.00822810549289
13 29 0 8 0.00822047051042
8 70 0 8 0.00821141339839
14 47 0 8 0.00821042340249
29 42 0 8 0.00820514000952
2 46 0 8 0.00818163901567
27 37 0 8 0.00817755330354
27 69 0 8 0.00816813111305
47 59 0 8 0.00814718473703
42 68 0 8 0.00810944475234
3 52 0 8 0.00808653980494
48 64 0 8 0.00807770248502
40 67 0 8 0.00807430967689
35 51 0 8 0.00806695409119
25 41 0 8 0.00805850699544
37 51 0 8 0.0079992543906
7 36 0 8 0.00799089763314
38 63 0 8 0.0079841259867
31 63 0 8 0.00798078067601
46 70 0 8 0.00797285698354
45 70 0 8 0.00794969964772
11 36 0 8 0.00793604925275
12 34 0 8 0.00792359467596
38 59 0 8 0.00792206265032
10 29 0 8 0.00792121142149
18 62 0 8 0.00790387392044
43 68 0 8 0.00788666214794
44 70 0 8 0.00785544328392
28 67 0 8 0.0078381691128
3 9 0 8 0.00783501472324
9 55 0 8 0.00782885681838
3 41 0 8 0.00779008027166
3 56 0 8 0.00777724571526
2 37 0 8 0.00777175091207
2 14 0 8 0.00776484096423
10 24 0 8 0.00775230489671
35 55 0 8 0.00775084504858
8 36 0 8 0.00770201487467
20 60 0 8 0.00768268387765
54 64 0 8 0.00768162263557
18 37 0 8 0.00767470523715
41 48 0 8 0.00764783518389
22 36 0 8 0.0076249181293
16 57 0 8 0.0076155574061
49 58 0 8 0.00760726258159
21 57 0 8 0.00760494824499
2 13 0 8 0.00760364206508
6 30 0 8 0.00758431199938
33 41 0 8 0.00755794579163
37 55 0 8 0.00751362415031
5 70 0 8 0.00750408275053
5 57 0 8 0.00749446451664
23 57 0 8 0.00749120628461
10 68 0 8 0.00748549308628
19 56 0 8 0.00745771313086
33 59 0 8 0.00744742434472
5 34 0 8 0.00744581734762
17 34 0 8 0.00741566345096
21 58 0 8 0.0073984391056
21 56 0 8 0.007388882339
40 59 0 8 0.00737998029217
32 66 0 8 0.00737606175244
19 62 0 8 0.00735935056582
4 19 0 8 0.00734664406627
30 41 0 8 0.00734391110018
36 43 0 8 0.00733463233337
6 69 0 8 0.00729997176677
45 67 0 8 0.00729279778898
13 34 0 8 0.00724926544353
3 44 0 8 0.0072442018427
53 61 0 8 0.0072402828373
45 62 0 8 0.00723496917635
41 52 0 8 0.00723236333579
23 42 0 8 0.00719204824418
17 35 0 8 0.00717156985775
22 42 0 8 0.00716721871868
35 59 0 8 0.00715024257079
36 66 0 8 0.00713539076969
12 30 0 8 0.00713259028271
31 61 0 8 0.00711429817602
26 59 0 8 0.00711421715096
10 30 0 8 0.00710245827213
13 38 0 8 0.00710209552199
15 44 0 8 0.0070930426009
2 10 0 8 0.00708923535421
31 59 0 8 0.00707607297227
14 41 0 8 0.00703926896676
21 43 0 8 0.00701366504654
4 9 0 8 0.00700956489891
4 29 0 8 0.00698974495754
28 37 0 8 0.00698271533474
22 41 0 8 0.00697412714362
9 65 0 8 0.00696226907894
6 34 0 8 0.00694607105106
18 59 0 8 0.00693600345403
26 56 0 8 0.00688099721447
13 36 0 8 0.00684832595289
36 67 0 8 0.00679983990267
3 61 0 8 0.00678456993774
28 60 0 8 0.0067750592716
32 57 0 8 0.00676771858707
2 52 0 8 0.00676400167868
9 67 0 8 0.00676311738789
38 60 0 8 0.00675045140088
5 50 0 8 0.00674913451076
6 32 0 8 0.00672129215673
33 45 0 8 0.00669124675915
18 58 0 8 0.00668276194483
54 61 0 8 0.00666951527819
32 65 0 8 0.0066662277095
2 15 0 8 0.00665908306837
25 57 0 8 0.00662636291236
27 56 0 8 0.00662557501346
48 70 0 8 0.00662449887022
7 45 0 8 0.00660210708156
13 32 0 8 0.0065938369371
4 20 0 8 0.00658456096426
27 58 0 8 0.00657835975289
3 37 0 8 0.00656345905736
3 57 0 8 0.00655653001741
32 60 0 8 0.00655448948964
34 45 0 8 0.00651570223272
9 69 0 8 0.00647845026106
25 60 0 8 0.00644523184747
27 65 0 8 0.00643953308463
34 63 0 8 0.00640443107113
28 66 0 8 0.00639800773934
17 43 0 8 0.0063838311471
25 64 0 8 0.00638062227517
32 56 0 8 0.00637743109837
17 36 0 8 0.00635932106525
12 56 0 8 0.00633609900251
38 67 0 8 0.00633068848401
33 61 0 8 0.00629759347066
9 44 0 8 0.0062741227448
6 17 0 8 0.006270556245
30 65 0 8 0.00626851525158
9 21 0 8 0.00625967280939
40 68 0 8 0.0062308665365
26 46 0 8 0.00623008096591
2 9 0 8 0.00622587837279
8 16 0 8 0.0062105176039
47 60 0 8 0.0061778887175
28 42 0 8 0.00616951845586
48 61 0 8 0.00616758037359
25 68 0 8 0.00615900196135
22 63 0 8 0.0061332853511
18 65 0 8 0.00613051652908
4 32 0 8 0.00611780676991
26 47 0 8 0.00611591385677
18 40 0 8 0.00611308543012
44 56 0 8 0.00611019227654
12 65 0 8 0.00610418058932
21 36 0 8 0.00609902199358
24 40 0 8 0.00608939817175
7 31 0 8 0.00605931412429
8 25 0 8 0.00605890899897
23 45 0 8 0.00602158950642
22 68 0 8 0.00601155404001
2 18 0 8 0.00595071353018
53 62 0 8 0.00594265200198
4 59 0 8 0.00590871041641
7 44 0 8 0.00589657807723
27 61 0 8 0.00587884150445
12 69 0 8 0.00587722565979
7 61 0 8 0.00587467430159
10 69 0 8 0.00585638638586
12 43 0 8 0.00584809761494
11 33 0 8 0.00583676388487
18 57 0 8 0.00583350844681
2 53 0 8 0.00582886114717
4 33 0 8 0.00579939689487
2 16 0 8 0.00579613400623
2 56 0 8 0.00579518917948
2 30 0 8 0.00579044083133
33 69 0 8 0.005790383555
2 29 0 8 0.00577690126374
4 27 0 8 0.0057740486227
2 68 0 8 0.00576902460307
49 61 0 8 0.00576198892668
6 31 0 8 0.0057565770112
3 29 0 8 0.00574946170673
55 65 0 8 0.00574048701674
31 58 0 8 0.00572549970821
18 60 0 8 0.00572509504855
49 62 0 8 0.00570356752723
5 24 0 8 0.00570246437564
10 34 0 8 0.00568655692041
28 55 0 8 0.00564614776522
11 32 0 8 0.00563706085086
18 44 0 8 0.0056318724528
20 66 0 8 0.00563052110374
23 68 0 8 0.00559042626992
23 44 0 8 0.00558018963784
37 54 0 8 0.00557352323085
23 61 0 8 0.00556366099045
11 57 0 8 0.0055612581782
15 37 0 8 0.0055528730154
29 55 0 8 0.00554375955835
32 58 0 8 0.00552343623713
13 26 0 8 0.00551170157269
4 55 0 8 0.00549974897876
29 68 0 8 0.00548256793991
28 64 0 8 0.0054702940397
19 57 0 8 0.00542286038399
22 45 0 8 0.00541999097914
27 57 0 8 0.00540280388668
49 64 0 8 0.00538084516302
5 67 0 8 0.00537647306919
24 44 0 8 0.0053759352304
25 69 0 8 0.0053751678206
33 54 0 8 0.0053357523866
4 34 0 8 0.00532443961129
33 40 0 8 0.00532200047746
26 54 0 8 0.00531520694494
45 63 0 8 0.00531165860593
5 14 0 8 0.00529809622094
20 38 0 8 0.00529574975371
27 44 0 8 0.00527338916436
2 36 0 8 0.00526506640017
21 61 0 8 0.0052633183077
35 53 0 8 0.00523649621755
12 42 0 8 0.00522506795824
36 59 0 8 0.00520940264687
6 16 0 8 0.0052066873759
46 68 0 8 0.00518925720826
2 28 0 8 0.00518675195053
28 49 0 8 0.0051831738092
43 65 0 8 0.00518245063722
48 63 0 8 0.0051742955111
33 60 0 8 0.00516955554485
41 54 0 8 0.00515259383246
6 38 0 8 0.00513952085748
39 53 0 8 0.00513843586668
24 68 0 8 0.00513260392472
56 61 0 8 0.00511921243742
58 63 0 8 0.00511418050155
7 54 0 8 0.00511342845857
24 62 0 8 0.00508728902787
50 61 0 8 0.00508287688717
30 62 0 8 0.00507063185796
26 69 0 8 0.00507057644427
6 68 0 8 0.0050595998764
11 41 0 8 0.00505388062447
19 44 0 8 0.00504305493087
45 58 0 8 0.00504189170897
33 58 0 8 0.00503250909969
11 47 0 8 0.00502631720155
29 50 0 8 0.00498784473166
33 63 0 8 0.00497681461275
4 31 0 8 0.00495900213718
6 33 0 8 0.00493985321373
9 62 0 8 0.00493644597009
33 64 0 8 0.00493017025292
25 37 0 8 0.00491967843845
10 42 0 8 0.00491067161784
4 17 0 8 0.0049050799571
10 57 0 8 0.00489118602127
7 57 0 8 0.00487390020862
30 45 0 8 0.00487076537684
52 70 0 8 0.00481352442876
25 44 0 8 0.00480972975492
28 40 0 8 0.00480629410595
29 46 0 8 0.00479992525652
38 52 0 8 0.00479489611462
17 57 0 8 0.00478898873553
4 38 0 8 0.00478424783796
36 53 0 8 0.00478387111798
39 48 0 8 0.00477641681209
47 63 0 8 0.00477280234918
6 35 0 8 0.00475740525872
8 63 0 8 0.00473991734907
41 59 0 8 0.00472950004041
20 39 0 8 0.00472700921819
29 41 0 8 0.00471635675058
12 57 0 8 0.00471009360626
33 52 0 8 0.00468831742182
29 37 0 8 0.00468416512012
48 69 0 8 0.00467676995322
49 68 0 8 0.00467564957216
6 18 0 8 0.00465890066698
6 36 0 8 0.004651512485
46 57 0 8 0.0046389340423
24 57 0 8 0.00463848747313
48 58 0 8 0.00463147647679
51 71 0 8 0.00462361332029
30 60 0 8 0.0046230298467
38 51 0 8 0.00462166033685
17 56 0 8 0.00461825309321
43 56 0 8 0.00461601791903
13 37 0 8 0.00458458159119
30 55 0 8 0.00458396645263
41 62 0 8 0.00458076689392
28 59 0 8 0.00457099499181
21 65 0 8 0.00456880638376
28 41 0 8 0.0045578032732
12 68 0 8 0.00454141199589
29 66 0 8 0.00450376654044
7 65 0 8 0.00446145329624
28 57 0 8 0.00443552108482
31 62 0 8 0.00440399814397
41 55 0 8 0.00437416369095
7 33 0 8 0.00436766678467
12 33 0 8 0.00436567608267
38 64 0 8 0.00435647554696
8 48 0 8 0.00435544550419
33 43 0 8 0.00434883357957
5 63 0 8 0.00434345006943
45 69 0 8 0.0043367035687
2 64 0 8 0.00433619320393
62 67 0 8 0.00433173403144
2 40 0 8 0.00429598242044
9 22 0 8 0.00426652422175
10 32 0 8 0.00425671646371
21 45 0 8 0.00425200397149
43 58 0 8 0.00422547571361
40 62 0 8 0.00422400329262
23 40 0 8 0.00419687340036
29 59 0 8 0.00419211573899
40 53 0 8 0.00418388284743
10 61 0 8 0.00418260134757
9 30 0 8 0.00418258737773
21 40 0 8 0.00418195035309
20 56 0 8 0.00417169230059
17 60 0 8 0.00415294524282
3 10 0 8 0.00414304528385
4 68 0 8 0.00412949873134
10 45 0 8 0.00412816926837
38 66 0 8 0.00411878433079
33 57 0 8 0.00411422364414
42 62 0 8 0.00411331094801
9 25 0 8 0.00409405166283
43 61 0 8 0.004090314731
8 39 0 8 0.00408631516621
8 32 0 8 0.00404318980873
7 38 0 8 0.00404270365834
5 16 0 8 0.00403985567391
43 69 0 8 0.00401492975652
53 64 0 8 0.00401374371722
29 64 0 8 0.0040132291615
4 13 0 8 0.00401131995022
9 31 0 8 0.00400721468031
42 54 0 8 0.0040065809153
2 41 0 8 0.00400323327631
5 11 0 8 0.00397519161925
20 64 0 8 0.00397490849718
23 65 0 8 0.00395815679803
2 44 0 8 0.00395323615521
10 58 0 8 0.00395032856613
9 45 0 8 0.00394288497046
37 50 0 8 0.0039402008988
22 61 0 8 0.00393822509795
31 46 0 8 0.00393428234383
47 58 0 8 0.00392796006054
10 33 0 8 0.00392775144428
28 69 0 8 0.00392243033275
5 51 0 8 0.00391980446875
36 56 0 8 0.00391880655661
37 65 0 8 0.00390986539423
14 37 0 8 0.00390133610927
26 37 0 8 0.00390106951818
4 41 0 8 0.00389128527604
26 62 0 8 0.0038775508292
59 64 0 8 0.00387507816777
8 60 0 8 0.00385957979597
17 44 0 8 0.00385915255174
7 32 0 8 0.00385877140798
22 65 0 8 0.00385489664041
8 58 0 8 0.00385427428409
16 61 0 8 0.00384374870919
2 60 0 8 0.0038195727393
8 47 0 8 0.00381840975024
37 48 0 8 0.00381348491646
41 60 0 8 0.00380997406319
49 69 0 8 0.00380422500893
28 63 0 8 0.00379300839268
4 28 0 8 0.00378082087263
9 27 0 8 0.00377929466777
36 51 0 8 0.00377568253316
44 65 0 8 0.0037669131998
5 69 0 8 0.00376406894065
4 40 0 8 0.00376358628273
17 69 0 8 0.00375433103181
21 47 0 8 0.00375399575569
45 64 0 8 0.00373264751397
20 36 0 8 0.00372452451847
9 24 0 8 0.00371510745026
37 42 0 8 0.00371078401804
2 19 0 8 0.00370022864081
46 58 0 8 0.00369628262706
41 53 0 8 0.00369520462118
54 66 0 8 0.00369153753854
8 69 0 8 0.00369129888713
30 44 0 8 0.00367600540631
63 71 0 8 0.00367449689656
44 68 0 8 0.00366046186537
5 44 0 8 0.00364789110608
46 65 0 8 0.00364447850734
46 64 0 8 0.00363115826622
4 48 0 8 0.0036206273362
12 40 0 8 0.00361546361819
7 35 0 8 0.00361046311446
6 45 0 8 0.0036092591472
5 31 0 8 0.00360638624988
41 67 0 8 0.00360036338679
23 64 0 8 0.00358820264228
30 57 0 8 0.00358418142423
9 16 0 8 0.00358398049138
47 62 0 8 0.00357383070514
42 58 0 8 0.00357173918746
60 65 0 8 0.00356857222505
2 11 0 8 0.00355859240517
2 12 0 8 0.0035574582871
20 42 0 8 0.00355051620863
5 54 0 8 0.00353911845013
6 47 0 8 0.00353842391632
9 60 0 8 0.00351728103124
23 60 0 8 0.00351271987893
5 15 0 8 0.00350823462941
41 58 0 8 0.00350756105036
21 37 0 8 0.00350392470136
12 32 0 8 0.00350148626603
32 63 0 8 0.00349788623862
20 43 0 8 0.00348933693022
28 56 0 8 0.00348551711068
9 33 0 8 0.00346692744642
34 56 0 8 0.00346574303694
2 43 0 8 0.00346517981961
12 41 0 8 0.00346006616019
4 26 0 8 0.00345845357515
23 41 0 8 0.00345108564943
63 70 0 8 0.00344323925674
26 41 0 8 0.00343562150374
4 36 0 8 0.00342773180455
42 69 0 8 0.00342701841146
5 27 0 8 0.00342349126004
17 64 0 8 0.00342220626771
4 64 0 8 0.00341193238273
57 62 0 8 0.00340458727442
39 47 0 8 0.00340230832808
5 25 0 8 0.00339499046095
9 23 0 8 0.00339313712902
45 65 0 8 0.00337641988881
50 69 0 8 0.00335984048434
40 56 0 8 0.00335656083189
46 69 0 8 0.00334648648277
40 47 0 8 0.00334035954438
20 68 0 8 0.00333963264711
4 57 0 8 0.00332508003339
22 44 0 8 0.00332416361198
39 58 0 8 0.00331268226728
30 69 0 8 0.00330947223119
39 46 0 8 0.00329203438014
8 31 0 8 0.00328840338625
29 40 0 8 0.00328436726704
61 66 0 8 0.0032800338231
57 65 0 8 0.00327320327051
37 52 0 8 0.00327081792057
30 61 0 8 0.00326942373067
32 49 0 8 0.00326149002649
20 47 0 8 0.00325084244832
6 20 0 8 0.00324685871601
7 37 0 8 0.00322280451655
11 29 0 8 0.00321864825673
20 41 0 8 0.00321549526416
13 44 0 8 0.00319119659252
4 30 0 8 0.00318316440098
4 46 0 8 0.00318048009649
16 37 0 8 0.00317636155523
47 69 0 8 0.0031658555381
13 40 0 8 0.00315334531479
40 69 0 8 0.00314785214141
37 57 0 8 0.00314314384013
8 30 0 8 0.00312608154491
29 43 0 8 0.003123938106
40 58 0 8 0.00312039838172
37 53 0 8 0.00309013132937
39 69 0 8 0.00308902817778
59 66 0 8 0.00308797112666
12 36 0 8 0.00308517599478
12 38 0 8 0.00308480369858
64 69 0 8 0.00307791912928
30 47 0 8 0.00307563878596
5 68 0 8 0.00305915577337
6 41 0 8 0.00305421673693
35 52 0 8 0.00305409636348
37 59 0 8 0.0030540919397
17 40 0 8 0.00304529769346
52 65 0 8 0.0030446909368
4 49 0 8 0.00304276659153
28 47 0 8 0.00304058892652
48 65 0 8 0.00303937518038
7 41 0 8 0.00303598726168
10 28 0 8 0.00303300120868
8 35 0 8 0.00303270411678
2 42 0 8 0.00301091163419
41 57 0 8 0.00299726426601
41 63 0 8 0.00299399858341
29 48 0 8 0.00299336551689
5 32 0 8 0.00299152731895
44 62 0 8 0.00298044877127
32 61 0 8 0.00297569320537
30 58 0 8 0.00296645378694
33 56 0 8 0.00294144893996
29 63 0 8 0.00293741701171
7 28 0 8 0.00291415886022
26 60 0 8 0.00287602259777
23 37 0 8 0.00286970613524
9 38 0 8 0.00285151158459
31 57 0 8 0.00285082845949
35 58 0 8 0.00283860764466
41 69 0 8 0.00281617511064
19 37 0 8 0.00281601189636
37 60 0 8 0.00281194155104
9 39 0 8 0.00281050335616
9 32 0 8 0.00280884536915
8 43 0 8 0.00280874897726
33 65 0 8 0.00280660903081
37 58 0 8 0.00280525744893
37 69 0 8 0.00280158896931
17 65 0 8 0.00279390090145
21 68 0 8 0.00277715199627
17 41 0 8 0.00277184206061
35 50 0 8 0.00276758521795
34 58 0 8 0.00275451387279
26 57 0 8 0.00275397393852
4 52 0 8 0.00272655370645
47 64 0 8 0.00272653414868
6 58 0 8 0.00272294227034
29 62 0 8 0.00271994527429
37 63 0 8 0.00271194661036
45 61 0 8 0.00270325667225
58 71 0 8 0.0027010734193
36 69 0 8 0.00270049041137
35 69 0 8 0.00269680586644
7 58 0 8 0.00269649550319
20 45 0 8 0.00269439467229
5 39 0 8 0.00269082584418
20 37 0 8 0.00268689123914
21 64 0 8 0.00267195375636
32 40 0 8 0.00264988304116
35 57 0 8 0.00264783855528
52 67 0 8 0.00264494260773
6 37 0 8 0.00262585934252
9 52 0 8 0.00262346025556
48 68 0 8 0.00261100544594
38 54 0 8 0.00259034964256
35 62 0 8 0.00258993939497
12 37 0 8 0.00258190603927
5 26 0 8 0.00258023035713
44 58 0 8 0.00255281082354
22 37 0 8 0.00255256542005
9 40 0 8 0.00255238451064
41 66 0 8 0.00255042826757
8 29 0 8 0.00254509039223
21 69 0 8 0.00253485096619
45 68 0 8 0.00252115912735
37 56 0 8 0.00251983571798
17 37 0 8 0.0025195479393
49 65 0 8 0.00248640310019
5 53 0 8 0.00248389714397
5 12 0 8 0.00247569940984
56 62 0 8 0.00247381976806
28 62 0 8 0.00244057690725
38 53 0 8 0.00241932272911
34 62 0 8 0.00241740862839
38 65 0 8 0.00238971132785
9 26 0 8 0.00238516181707
5 21 0 8 0.00237666489556
5 19 0 8 0.00237509957515
44 69 0 8 0.00237449049018
8 33 0 8 0.00235872692429
54 67 0 8 0.00234428071417
37 66 0 8 0.00234378129244
29 60 0 8 0.00233917403966
21 44 0 8 0.00233372347429
5 17 0 8 0.00233270553872
20 40 0 8 0.00232757302001
28 48 0 8 0.00232249405235
51 61 0 8 0.00231676129624
10 37 0 8 0.00231219502166
10 56 0 8 0.0023090664763
50 68 0 8 0.00230268319137
5 46 0 8 0.00228349282406
4 44 0 8 0.00228128652088
37 62 0 8 0.0022680060938
34 65 0 8 0.00225595105439
31 56 0 8 0.00224881758913
26 58 0 8 0.00224761944264
34 69 0 8 0.00222425442189
47 68 0 8 0.00222136941738
28 45 0 8 0.00220820913091
9 58 0 8 0.00220417627133
4 42 0 8 0.00220112456009
38 57 0 8 0.00219838856719
34 46 0 8 0.0021907996852
17 61 0 8 0.00217770505697
4 53 0 8 0.00217643519863
39 56 0 8 0.00216942420229
30 56 0 8 0.00216748239473
8 51 0 8 0.00216086138971
6 28 0 8 0.00215397961438
29 57 0 8 0.00214512133971
54 71 0 8 0.00212870235555
4 54 0 8 0.00211282796226
28 44 0 8 0.00210754666477
5 18 0 8 0.00210015382618
35 56 0 8 0.00208987062797
5 22 0 8 0.00208759959787
52 66 0 8 0.00208559003659
26 40 0 8 0.00208101118915
8 62 0 8 0.00207556411624
5 38 0 8 0.00206425273791
37 67 0 8 0.00206131977029
38 62 0 8 0.00205127848312
34 47 0 8 0.00204923353158
13 61 0 8 0.00204868079163
22 40 0 8 0.00203387113288
8 49 0 8 0.00202264031395
11 37 0 8 0.00201903400011
5 33 0 8 0.00201581697911
31 44 0 8 0.00201444188133
12 61 0 8 0.00201274082065
34 57 0 8 0.00200687139295
9 29 0 8 0.00199942360632
36 58 0 8 0.00199553114362
8 34 0 8 0.00196811091155
4 65 0 8 0.00196655001491
61 68 0 8 0.00196046498604
5 36 0 8 0.00195588846691
33 44 0 8 0.00195423420519
5 30 0 8 0.00194307963829
46 61 0 8 0.00192602048628
62 71 0 8 0.00191821006592
31 47 0 8 0.00190211832523
59 71 0 8 0.00190155080054
9 56 0 8 0.00190038012806
9 68 0 8 0.00188235251699
41 68 0 8 0.00187040190212
28 58 0 8 0.00186399347149
20 65 0 8 0.00185591564514
29 45 0 8 0.00185227731708
18 61 0 8 0.00184958148748
10 35 0 8 0.00184879999142
8 65 0 8 0.00183735741302
38 56 0 8 0.00183418917004
5 35 0 8 0.00183123641182
12 44 0 8 0.00182899599895
9 57 0 8 0.0018200376071
10 36 0 8 0.00179784523789
37 49 0 8 0.00179052061867
38 58 0 8 0.00177801656537
9 48 0 8 0.00176073121838
29 58 0 8 0.00175134849269
35 65 0 8 0.00174696731847
20 69 0 8 0.00174543133471
9 42 0 8 0.00173449935392
8 46 0 8 0.00172802282032
4 10 0 8 0.00171169592068
6 29 0 8 0.00170859438367
37 68 0 8 0.00170630635694
2 61 0 8 0.00170037103817
9 28 0 8 0.00168754416518
5 28 0 8 0.00168377521913
7 29 0 8 0.00167243322358
26 44 0 8 0.00166732817888
4 37 0 8 0.00166561151855
9 35 0 8 0.00166122848168
40 46 0 8 0.00163325236645
36 47 0 8 0.00163173920009
5 43 0 8 0.00163021113258
54 70 0 8 0.00162569677923
39 65 0 8 0.00162476603873
5 42 0 8 0.00161637214478
62 69 0 8 0.00160862796474
33 46 0 8 0.0016054926673
5 60 0 8 0.0016014019493
9 47 0 8 0.00159420596901
38 69 0 8 0.00158498540986
8 42 0 8 0.00156097917352
8 40 0 8 0.00156073085964
8 41 0 8 0.00155169481877
47 61 0 8 0.00153252005111
24 61 0 8 0.00152823061217
41 65 0 8 0.00150443858001
26 65 0 8 0.00149322825018
8 45 0 8 0.00148837675806
29 44 0 8 0.00148389406968
47 65 0 8 0.00148156518117
56 63 0 8 0.00147533940617
8 37 0 8 0.00147421110887
5 41 0 8 0.00147293263581
51 69 0 8 0.00147195253521
9 61 0 8 0.00146520137787
5 47 0 8 0.00145525136031
58 66 0 8 0.00145205925219
31 45 0 8 0.00142645824235
53 66 0 8 0.00141901592724
55 70 0 8 0.00141872337554
20 44 0 8 0.00141763605643
62 70 0 8 0.00140841840766
51 68 0 8 0.00140579591971
35 45 0 8 0.00139271747321
28 65 0 8 0.0013778230641
29 56 0 8 0.0013735514367
34 61 0 8 0.00137330475263
8 53 0 8 0.00137261115015
8 28 0 8 0.00133983930573
8 68 0 8 0.00133546767756
4 61 0 8 0.0013318132842
57 71 0 8 0.00131980504375
33 48 0 8 0.00130861822981
39 57 0 8 0.00130355649162
32 45 0 8 0.00128863833379
9 36 0 8 0.00128514692187
42 57 0 8 0.00127216393594
10 41 0 8 0.00124110747129
55 71 0 8 0.00123706343584
7 56 0 8 0.00123189622536
36 49 0 8 0.00121955445502
5 29 0 8 0.00121805001982
60 71 0 8 0.00121348164976
52 68 0 8 0.00120599556249
42 56 0 8 0.00120172882453
10 44 0 8 0.00119754939806
20 61 0 8 0.00119726359844
29 65 0 8 0.00119639094919
8 64 0 8 0.00118921021931
33 47 0 8 0.00117493141443
39 45 0 8 0.00115346664097
60 66 0 8 0.00114826485515
41 56 0 8 0.00114530010615
36 44 0 8 0.00114235747606
61 70 0 8 0.00112590717617
8 26 0 8 0.00110712111928
9 41 0 8 0.00110153818969
36 42 0 8 0.00108726986218
8 56 0 8 0.0010750151705
32 48 0 8 0.00107491540257
53 65 0 8 0.00106402812526
35 61 0 8 0.00103077816311
35 41 0 8 0.00102483446244
42 65 0 8 0.00101702229585
5 37 0 8 0.00100885808934
60 67 0 8 0.000972371606622
8 38 0 8 0.000967094267253
59 67 0 8 0.000955022871494
5 20 0 8 0.000946413550992
54 68 0 8 0.000941809848882
35 46 0 8 0.000916342542041
28 61 0 8 0.000908970250748
61 71 0 8 0.000904830754735
29 61 0 8 0.000876493053511
10 40 0 8 0.000870924093761
42 61 0 8 0.000869149982464
8 44 0 8 0.000849205942359
61 67 0 8 0.000838403881062
58 65 0 8 0.000817473104689
5 40 0 8 0.000805406074505
9 37 0 8 0.000788984354585
8 57 0 8 0.000786338176113
37 44 0 8 0.000783719588071
59 70 0 8 0.000779360882007
52 69 0 8 0.000768863130361
54 69 0 8 0.000764134747442
63 69 0 8 0.000754749402404
57 70 0 8 0.000752028776333
53 68 0 8 0.000751970335841
55 68 0 8 0.000749622879084
56 64 0 8 0.000707463594154
8 61 0 8 0.000688874919433
32 44 0 8 0.00067145441426
37 45 0 8 0.000665848259814
26 61 0 8 0.000663740327582
36 48 0 8 0.000661107129417
5 61 0 8 0.000652395770885
59 65 0 8 0.000638606841676
60 70 0 8 0.000630784896202
38 61 0 8 0.000612797855865
36 45 0 8 0.000598847982474
37 47 0 8 0.000587273098063
32 47 0 8 0.000573332421482
62 68 0 8 0.000571494339965
56 66 0 8 0.000563643930946
35 49 0 8 0.000557143823244
53 67 0 8 0.000555117905606
35 44 0 8 0.000552004668862
56 71 0 8 0.000533241778612
58 70 0 8 0.000527863681782
35 48 0 8 0.000524034607224
37 46 0 8 0.000517056323588
37 43 0 8 0.000515932100825
60 68 0 8 0.00048354268074
57 63 0 8 0.000483211159008
32 46 0 8 0.0004602780391
38 44 0 8 0.000451973435702
58 69 0 8 0.00044405812514
61 69 0 8 0.000441769516328
60 69 0 8 0.000429834297393
55 69 0 8 0.000429800275015
57 64 0 8 0.000420424883487
57 68 0 8 0.000390110624721
57 66 0 8 0.000379842909751
53 70 0 8 0.000365183484973
57 69 0 8 0.00031235604547
53 69 0 8 0.0003119923349
36 46 0 8 0.000304322456941
56 65 0 8 0.000297707447316
56 70 0 8 0.000294759229291
56 67 0 8 0.000283313653199
58 64 0 8 0.000270626973361
35 47 0 8 0.000263197667664
59 69 0 8 0.000228600823903
57 67 0 8 0.00020315637812
58 67 0 8 0.000196236709598
59 68 0 8 0.000165443314472
58 68 0 8 0.000135139853228
56 69 0 8 9.89434265648e-05
56 68 0 8 6.27794870525e-05
