50 51 0 8 0.999997794628
63 64 0 8 0.999993681908
41 42 0 8 0.999993383884
62 63 0 8 0.999990224838
71 72 0 8 0.999989748001
69 70 0 8 0.999986231327
84 85 0 8 0.999981462955
40 41 0 8 0.999978601933
24 25 0 8 0.999978303909
51 52 0 8 0.9999781847
64 65 0 8 0.999977529049
49 50 0 8 0.99997729063
22 23 0 8 0.999971568584
21 22 0 8 0.999970793724
10 11 0 8 0.999970078468
56 57 0 8 0.999966740608
23 24 0 8 0.999965906143
47 48 0 8 0.999965786934
39 40 0 8 0.999961316586
7 8 0 8 0.999959945679
57 58 0 8 0.999959409237
19 20 0 8 0.999956011772
68 69 0 8 0.999954283237
55 56 0 8 0.999953746796
18 19 0 8 0.999949991703
70 71 0 8 0.999949455261
15 16 0 8 0.999940037727
44 45 0 8 0.999940037727
1 2 0 8 0.999939799309
25 26 0 8 0.999938309193
6 7 0 8 0.999930918217
76 77 0 8 0.999929726124
48 49 0 8 0.999929308891
65 66 0 8 0.999928474426
77 78 0 8 0.999927759171
4 5 0 8 0.999925673008
58 59 0 8 0.999923825264
9 10 0 8 0.99991607666
5 6 0 8 0.999915242195
38 39 0 8 0.999909877777
53 54 0 8 0.999904751778
12 13 0 8 0.999901175499
11 12 0 8 0.999900519848
2 3 0 8 0.999885201454
3 4 0 8 0.999882459641
20 21 0 8 0.999880969524
59 60 0 8 0.999879539013
46 47 0 8 0.999879539013
26 27 0 8 0.999872088432
52 53 0 8 0.999859750271
43 44 0 8 0.99983638525
27 28 0 8 0.999827325344
13 14 0 8 0.999822497368
29 30 0 8 0.999812722206
54 55 0 8 0.999810576439
36 37 0 8 0.99978351593
45 46 0 8 0.999769032001
66 67 0 8 0.999766945839
83 84 0 8 0.99976348877
28 29 0 8 0.999725043774
42 43 0 8 0.999691545963
8 9 0 8 0.999677479267
17 18 0 8 0.999673426151
78 79 0 8 0.999668955803
79 80 0 8 0.999639511108
16 17 0 8 0.999634802341
60 61 0 8 0.999587595463
74 75 0 8 0.999582052231
14 15 0 8 0.999564349651
72 73 0 8 0.999561548233
80 81 0 8 0.999518930912
37 38 0 8 0.999512076378
82 83 0 8 0.99945551157
61 62 0 8 0.999454975128
73 74 0 8 0.999294996262
75 76 0 8 0.999060571194
67 68 0 8 0.999023556709
81 82 0 8 0.998938202858
30 31 0 8 0.998572051525
35 36 0 8 0.998062431812
34 35 0 8 0.997503519058
31 32 0 8 0.995954990387
33 34 0 8 0.990016698837
52 64 0 8 0.971204400063
32 33 0 8 0.96691685915
70 72 0 8 0.927891373634
11 13 0 8 0.915793538094
81 83 0 8 0.897094905376
41 64 0 8 0.890038490295
57 65 0 8 0.889621376991
48 50 0 8 0.885293006897
65 70 0 8 0.8840919137
22 24 0 8 0.882194280624
55 67 0 8 0.868920743465
75 77 0 8 0.867905139923
57 59 0 8 0.866070449352
7 9 0 8 0.864766538143
50 64 0 8 0.863402605057
67 69 0 8 0.863290071487
52 56 0 8 0.862357139587
47 49 0 8 0.861281454563
57 70 0 8 0.85655862093
59 63 0 8 0.852469921112
59 61 0 8 0.849478900433
66 69 0 8 0.843261778355
26 28 0 8 0.843079805374
37 39 0 8 0.842398405075
20 41 0 8 0.840893805027
60 62 0 8 0.837940275669
66 68 0 8 0.833417117596
42 44 0 8 0.831591308117
56 66 0 8 0.830343067646
76 78 0 8 0.830140113831
53 55 0 8 0.829364359379
39 41 0 8 0.826977193356
19 21 0 8 0.826507151127
55 57 0 8 0.825935900211
6 24 0 8 0.825492620468
52 54 0 8 0.824922263622
52 55 0 8 0.824887216091
80 82 0 8 0.823871672153
4 6 0 8 0.823018729687
56 58 0 8 0.820058107376
46 50 0 8 0.815022170544
43 45 0 8 0.811363756657
24 26 0 8 0.810392320156
13 15 0 8 0.809439063072
68 70 0 8 0.808125078678
59 62 0 8 0.806993067265
57 64 0 8 0.804902255535
83 85 0 8 0.801673054695
8 10 0 8 0.800070524216
50 52 0 8 0.799846947193
77 79 0 8 0.799651741982
53 56 0 8 0.797498643398
47 50 0 8 0.797331690788
61 63 0 8 0.793361127377
72 74 0 8 0.790470778942
20 22 0 8 0.786728322506
2 4 0 8 0.785049855709
16 18 0 8 0.784399271011
1 3 0 8 0.78237426281
18 20 0 8 0.780177235603
12 14 0 8 0.77960395813
13 51 0 8 0.778876304626
41 43 0 8 0.778510510921
28 30 0 8 0.778421282768
14 16 0 8 0.776516914368
67 70 0 8 0.776335299015
9 11 0 8 0.775445818901
49 51 0 8 0.7749350667
20 50 0 8 0.773065745831
54 56 0 8 0.769915819168
62 64 0 8 0.768713891506
23 25 0 8 0.768588542938
40 42 0 8 0.766947686672
45 47 0 8 0.765629649162
58 62 0 8 0.763750910759
6 41 0 8 0.762277245522
11 53 0 8 0.760255038738
17 19 0 8 0.756857931614
33 35 0 8 0.753433287144
78 80 0 8 0.75252956152
10 12 0 8 0.750981807709
15 17 0 8 0.7472666502
21 23 0 8 0.746773183346
43 56 0 8 0.745271503925
10 58 0 8 0.745231986046
73 75 0 8 0.745116770267
44 46 0 8 0.741157233715
25 27 0 8 0.739033639431
74 76 0 8 0.738216161728
6 8 0 8 0.737805008888
5 7 0 8 0.736263513565
35 37 0 8 0.734129071236
34 36 0 8 0.731619894505
43 64 0 8 0.730306506157
63 65 0 8 0.729299902916
79 81 0 8 0.728598237038
51 53 0 8 0.723547875881
58 63 0 8 0.714072525501
58 64 0 8 0.708408117294
46 48 0 8 0.700609624386
3 5 0 8 0.699684739113
39 66 0 8 0.695902705193
69 71 0 8 0.692557573318
6 20 0 8 0.691835105419
16 51 0 8 0.691711843014
29 31 0 8 0.691525578499
30 32 0 8 0.690200448036
15 46 0 8 0.688516795635
56 65 0 8 0.684983253479
56 64 0 8 0.676233410835
38 40 0 8 0.675680100918
24 41 0 8 0.675570130348
36 38 0 8 0.673735618591
7 10 0 8 0.673728883266
66 70 0 8 0.671240210533
9 56 0 8 0.670946776867
21 58 0 8 0.670930206776
82 84 0 8 0.666928529739
59 64 0 8 0.665251493454
24 50 0 8 0.662258327007
6 10 0 8 0.661355316639
64 66 0 8 0.66011929512
31 33 0 8 0.658041000366
27 29 0 8 0.653675436974
64 70 0 8 0.651714146137
21 24 0 8 0.647833764553
6 50 0 8 0.642370641232
65 67 0 8 0.641152560711
71 73 0 8 0.638303101063
52 57 0 8 0.636964142323
41 56 0 8 0.63528573513
59 65 0 8 0.630802452564
15 20 0 8 0.629849493504
65 69 0 8 0.629354715347
41 52 0 8 0.625663220882
45 51 0 8 0.613078832626
15 50 0 8 0.609013497829
46 49 0 8 0.60619199276
50 58 0 8 0.605308651924
46 52 0 8 0.60122025013
15 41 0 8 0.600187182426
10 53 0 8 0.597327709198
12 15 0 8 0.597158670425
15 64 0 8 0.596443653107
42 56 0 8 0.595314085484
52 70 0 8 0.58480399847
51 57 0 8 0.579220473766
24 64 0 8 0.569414675236
59 72 0 8 0.567877352238
57 67 0 8 0.566705584526
51 56 0 8 0.565723359585
24 52 0 8 0.548290371895
20 24 0 8 0.546501517296
58 60 0 8 0.544532179832
12 48 0 8 0.53893083334
46 51 0 8 0.53540033102
43 51 0 8 0.526759564877
57 66 0 8 0.525036990643
41 50 0 8 0.520585715771
20 23 0 8 0.520215630531
26 39 0 8 0.508910894394
51 55 0 8 0.50757163763
6 52 0 8 0.502259969711
50 70 0 8 0.497891068459
58 65 0 8 0.483882188797
13 43 0 8 0.476028174162
19 45 0 8 0.474490553141
52 65 0 8 0.469443619251
41 66 0 8 0.46739512682
24 28 0 8 0.466954857111
42 45 0 8 0.464876353741
23 57 0 8 0.452437400818
6 9 0 8 0.442090570927
16 43 0 8 0.437454104424
40 66 0 8 0.431426942348
6 64 0 8 0.426572293043
14 48 0 8 0.424084663391
50 57 0 8 0.422816306353
50 65 0 8 0.404061675072
52 58 0 8 0.397478610277
56 78 0 8 0.395728111267
28 37 0 8 0.392440468073
52 78 0 8 0.384511977434
4 48 0 8 0.38168078661
51 64 0 8 0.377827703953
15 43 0 8 0.374749720097
11 51 0 8 0.371532768011
80 83 0 8 0.371429592371
55 66 0 8 0.370827376842
6 12 0 8 0.370355695486
50 62 0 8 0.369944989681
20 64 0 8 0.3698566854
29 40 0 8 0.36888858676
25 28 0 8 0.366457432508
28 39 0 8 0.362727701664
15 52 0 8 0.362524777651
15 19 0 8 0.36081084609
19 22 0 8 0.357122778893
29 37 0 8 0.355085611343
48 72 0 8 0.352325230837
49 72 0 8 0.34848973155
41 65 0 8 0.347785383463
58 78 0 8 0.344884961843
24 29 0 8 0.343662321568
16 19 0 8 0.343104034662
15 42 0 8 0.341364204884
29 36 0 8 0.341363728046
16 49 0 8 0.338111698627
65 71 0 8 0.334107190371
50 59 0 8 0.329209983349
29 38 0 8 0.328301787376
39 63 0 8 0.322688311338
24 27 0 8 0.322444885969
59 71 0 8 0.320330888033
32 34 0 8 0.319183558226
10 56 0 8 0.316026389599
74 77 0 8 0.312390774488
41 77 0 8 0.310725331306
4 12 0 8 0.310352146626
26 29 0 8 0.305983096361
9 53 0 8 0.304378509521
17 20 0 8 0.303769975901
3 6 0 8 0.302913486958
79 83 0 8 0.302143514156
20 52 0 8 0.298260807991
29 39 0 8 0.298149973154
7 43 0 8 0.297816753387
12 16 0 8 0.297415316105
30 37 0 8 0.295387864113
14 64 0 8 0.29516902566
79 82 0 8 0.29379478097
53 72 0 8 0.293103963137
57 78 0 8 0.291587114334
12 51 0 8 0.291469931602
17 21 0 8 0.287592679262
26 57 0 8 0.286724507809
46 64 0 8 0.286491900682
65 75 0 8 0.286083906889
71 78 0 8 0.285821676254
16 41 0 8 0.285708606243
43 57 0 8 0.285125434399
12 49 0 8 0.284839659929
51 78 0 8 0.284066945314
23 41 0 8 0.283600121737
49 59 0 8 0.279973387718
16 64 0 8 0.278745412827
55 65 0 8 0.278646320105
58 76 0 8 0.27746295929
48 71 0 8 0.276524752378
65 72 0 8 0.275580555201
65 73 0 8 0.274628669024
28 38 0 8 0.2731731534
14 43 0 8 0.272696375847
33 36 0 8 0.272458344698
13 16 0 8 0.272053599358
60 71 0 8 0.271328359842
24 40 0 8 0.269760161638
43 53 0 8 0.268327146769
27 57 0 8 0.267776817083
42 64 0 8 0.267025798559
42 52 0 8 0.266977220774
42 57 0 8 0.266252189875
72 75 0 8 0.265498101711
51 65 0 8 0.265026569366
27 30 0 8 0.263028353453
60 63 0 8 0.261755496264
50 56 0 8 0.261148154736
51 79 0 8 0.260390937328
57 63 0 8 0.259855180979
50 55 0 8 0.259787082672
77 80 0 8 0.258367151022
41 55 0 8 0.258111000061
75 78 0 8 0.257507622242
11 47 0 8 0.257102131844
22 57 0 8 0.255218267441
52 77 0 8 0.255078792572
43 63 0 8 0.25386017561
28 36 0 8 0.251495748758
30 34 0 8 0.249657034874
29 33 0 8 0.249626383185
25 29 0 8 0.249453768134
52 80 0 8 0.249239236116
45 50 0 8 0.249120742083
73 76 0 8 0.248582884669
19 42 0 8 0.248564660549
48 61 0 8 0.248283937573
23 63 0 8 0.247022658587
45 52 0 8 0.246854156256
6 11 0 8 0.246797040105
70 75 0 8 0.243328794837
54 66 0 8 0.242814674973
20 56 0 8 0.242552548647
3 7 0 8 0.241666123271
37 63 0 8 0.240977883339
51 58 0 8 0.239092454314
55 78 0 8 0.239081263542
17 41 0 8 0.238400995731
58 72 0 8 0.238337621093
57 77 0 8 0.234820023179
44 64 0 8 0.234703421593
52 79 0 8 0.234401732683
17 51 0 8 0.233129814267
32 36 0 8 0.231211587787
14 40 0 8 0.230535775423
39 62 0 8 0.230392515659
28 31 0 8 0.229888677597
39 65 0 8 0.229528561234
41 78 0 8 0.229049503803
30 33 0 8 0.228852793574
80 84 0 8 0.227794155478
5 43 0 8 0.227745518088
66 71 0 8 0.226564243436
27 42 0 8 0.225574627519
25 40 0 8 0.223396345973
51 80 0 8 0.222731694579
79 84 0 8 0.222641944885
31 34 0 8 0.222312733531
18 21 0 8 0.222295507789
12 42 0 8 0.221950307488
6 23 0 8 0.221448108554
45 72 0 8 0.221260011196
64 75 0 8 0.220903843641
73 78 0 8 0.220620393753
27 37 0 8 0.219996452332
15 21 0 8 0.219828292727
13 21 0 8 0.219798907638
68 71 0 8 0.219206228852
44 52 0 8 0.218522518873
28 73 0 8 0.218389764428
14 41 0 8 0.217937901616
28 41 0 8 0.217406913638
20 57 0 8 0.21711833775
81 84 0 8 0.217107415199
37 40 0 8 0.214647784829
6 43 0 8 0.214432477951
29 32 0 8 0.212217450142
71 74 0 8 0.211210504174
44 53 0 8 0.211025983095
55 79 0 8 0.210565015674
6 21 0 8 0.210040107369
24 70 0 8 0.210037350655
66 73 0 8 0.209794893861
43 77 0 8 0.209525898099
39 42 0 8 0.209248125553
43 65 0 8 0.208917155862
27 39 0 8 0.208909764886
50 78 0 8 0.208608478308
78 83 0 8 0.206532076001
26 30 0 8 0.206064835191
57 72 0 8 0.20521889627
20 78 0 8 0.204113662243
55 64 0 8 0.203984647989
20 65 0 8 0.203704327345
78 82 0 8 0.203445807099
60 78 0 8 0.203165844083
82 85 0 8 0.203128427267
16 21 0 8 0.202686563134
44 56 0 8 0.202186897397
30 39 0 8 0.201935037971
4 7 0 8 0.201854765415
67 71 0 8 0.20132227242
70 74 0 8 0.200734019279
39 79 0 8 0.200667858124
43 52 0 8 0.199784070253
43 58 0 8 0.199490919709
16 20 0 8 0.19944870472
46 65 0 8 0.199359863997
64 74 0 8 0.199003830552
19 47 0 8 0.198875665665
12 43 0 8 0.198240622878
41 76 0 8 0.198017567396
21 57 0 8 0.19796076417
73 77 0 8 0.197033926845
33 37 0 8 0.196198016405
15 18 0 8 0.19558429718
39 68 0 8 0.195272013545
19 23 0 8 0.195105537772
15 51 0 8 0.194920942187
78 84 0 8 0.194136872888
12 17 0 8 0.189434289932
58 75 0 8 0.189424782991
22 25 0 8 0.189212948084
54 67 0 8 0.188271790743
54 78 0 8 0.187950640917
16 63 0 8 0.186443671584
30 38 0 8 0.185691311955
27 67 0 8 0.184399709105
20 55 0 8 0.183992177248
78 81 0 8 0.183749347925
59 78 0 8 0.183683022857
31 35 0 8 0.183564722538
45 49 0 8 0.183030262589
25 41 0 8 0.182822927833
24 45 0 8 0.181729435921
47 59 0 8 0.18142297864
19 41 0 8 0.181391447783
40 59 0 8 0.18121303618
24 42 0 8 0.180680960417
15 63 0 8 0.180317208171
50 79 0 8 0.179878339171
7 41 0 8 0.179790019989
37 64 0 8 0.178734302521
56 77 0 8 0.178021401167
56 67 0 8 0.177604287863
24 43 0 8 0.177342966199
13 42 0 8 0.176957055926
32 35 0 8 0.176862210035
2 5 0 8 0.17662653327
15 24 0 8 0.176494434476
43 46 0 8 0.176416665316
74 79 0 8 0.175728291273
38 67 0 8 0.175660222769
52 76 0 8 0.174767807126
66 72 0 8 0.174460336566
14 17 0 8 0.174322485924
5 40 0 8 0.174259379506
31 37 0 8 0.174131929874
8 53 0 8 0.17404486239
54 80 0 8 0.173723235726
40 72 0 8 0.172978654504
72 76 0 8 0.172064885497
30 36 0 8 0.171695992351
20 43 0 8 0.171552971005
17 42 0 8 0.171415448189
16 58 0 8 0.171130552888
43 78 0 8 0.170772328973
30 41 0 8 0.170461833477
42 77 0 8 0.170208767056
64 72 0 8 0.170182168484
25 37 0 8 0.169273853302
24 65 0 8 0.16900524497
36 39 0 8 0.168698206544
39 77 0 8 0.168673202395
5 24 0 8 0.166505098343
19 39 0 8 0.165200665593
59 74 0 8 0.165035828948
23 64 0 8 0.164309054613
48 60 0 8 0.164092734456
57 75 0 8 0.163440912962
31 39 0 8 0.162990927696
21 41 0 8 0.162459880114
32 37 0 8 0.162190720439
51 77 0 8 0.162184268236
44 72 0 8 0.162143543363
59 75 0 8 0.161880150437
1 4 0 8 0.161591663957
24 39 0 8 0.160830780864
64 69 0 8 0.160617664456
12 44 0 8 0.160258159041
39 80 0 8 0.159388795495
12 22 0 8 0.159349009395
48 51 0 8 0.159017428756
20 66 0 8 0.158958390355
30 35 0 8 0.158865123987
64 77 0 8 0.158560752869
65 74 0 8 0.158363044262
19 43 0 8 0.15803553164
49 57 0 8 0.157051101327
43 55 0 8 0.157021805644
30 40 0 8 0.15683041513
71 75 0 8 0.156556621194
22 27 0 8 0.156320020556
7 42 0 8 0.155487686396
39 69 0 8 0.155097261071
64 73 0 8 0.154729127884
76 79 0 8 0.154511675239
70 73 0 8 0.153861984611
2 6 0 8 0.15373775363
58 77 0 8 0.153637945652
6 42 0 8 0.153365939856
36 40 0 8 0.153304040432
28 32 0 8 0.153228357434
34 37 0 8 0.153110176325
81 85 0 8 0.153101846576
14 51 0 8 0.152925953269
51 70 0 8 0.152898654342
45 64 0 8 0.151607394218
44 57 0 8 0.151516646147
50 66 0 8 0.151507273316
29 35 0 8 0.150988057256
12 24 0 8 0.150709688663
42 78 0 8 0.150636896491
22 51 0 8 0.150616690516
23 26 0 8 0.150610283017
9 78 0 8 0.150210395455
58 70 0 8 0.150134265423
49 65 0 8 0.149648919702
21 43 0 8 0.148712515831
70 77 0 8 0.148589283228
9 40 0 8 0.14828017354
31 36 0 8 0.147142097354
63 80 0 8 0.147096142173
45 65 0 8 0.147090882063
77 81 0 8 0.147049054503
40 67 0 8 0.146559357643
12 47 0 8 0.146495819092
39 64 0 8 0.146395653486
45 57 0 8 0.145892813802
56 79 0 8 0.145736798644
48 59 0 8 0.145733609796
57 79 0 8 0.145353376865
53 80 0 8 0.145250871778
27 40 0 8 0.144751116633
27 36 0 8 0.144458472729
21 42 0 8 0.144243478775
52 73 0 8 0.143726795912
27 38 0 8 0.143676608801
15 40 0 8 0.143446996808
7 24 0 8 0.1426794976
6 26 0 8 0.142631486058
15 49 0 8 0.142447024584
59 73 0 8 0.142310619354
15 65 0 8 0.142208188772
53 71 0 8 0.14219288528
42 63 0 8 0.142114952207
57 69 0 8 0.141889303923
21 25 0 8 0.141580209136
74 78 0 8 0.140985220671
37 54 0 8 0.140979081392
21 64 0 8 0.140961647034
21 56 0 8 0.140633672476
19 63 0 8 0.140501663089
46 56 0 8 0.139916881919
27 31 0 8 0.138906210661
56 70 0 8 0.138720393181
46 63 0 8 0.138606637716
41 57 0 8 0.138325884938
54 77 0 8 0.137990012765
23 50 0 8 0.137848496437
43 76 0 8 0.137541607022
37 65 0 8 0.137427896261
39 59 0 8 0.13716904819
25 39 0 8 0.137049466372
12 23 0 8 0.137032046914
41 70 0 8 0.136751875281
26 37 0 8 0.136664435267
26 41 0 8 0.136500999331
55 77 0 8 0.136133000255
42 55 0 8 0.135854750872
37 79 0 8 0.135205432773
5 47 0 8 0.135002851486
45 58 0 8 0.134559318423
49 58 0 8 0.134530723095
23 27 0 8 0.13381716609
43 47 0 8 0.13369178772
50 82 0 8 0.1335593611
45 48 0 8 0.133432686329
7 20 0 8 0.132984504104
66 74 0 8 0.132965281606
28 42 0 8 0.132431358099
40 70 0 8 0.132429257035
12 46 0 8 0.131787925959
32 39 0 8 0.131732791662
44 51 0 8 0.131602078676
65 76 0 8 0.13129940629
31 38 0 8 0.131174251437
28 40 0 8 0.130942851305
7 22 0 8 0.130764171481
20 25 0 8 0.130150720477
28 43 0 8 0.13007697463
5 20 0 8 0.129997581244
78 85 0 8 0.129937142134
20 42 0 8 0.129817306995
58 61 0 8 0.129762768745
24 51 0 8 0.129266902804
42 65 0 8 0.129082202911
52 72 0 8 0.129017174244
18 42 0 8 0.128646805882
77 83 0 8 0.128526106477
13 17 0 8 0.128520861268
41 75 0 8 0.128174841404
11 15 0 8 0.128034874797
55 76 0 8 0.127847418189
16 48 0 8 0.127770110965
40 79 0 8 0.127719387412
10 48 0 8 0.127291545272
40 52 0 8 0.126904353499
13 41 0 8 0.126793071628
17 64 0 8 0.126262545586
49 64 0 8 0.126148656011
38 54 0 8 0.126104608178
70 76 0 8 0.125964090228
20 77 0 8 0.125900939107
63 76 0 8 0.125882983208
14 42 0 8 0.125689029694
33 39 0 8 0.125671476126
64 80 0 8 0.125095784664
14 21 0 8 0.12398673594
77 84 0 8 0.123918563128
47 51 0 8 0.123905532062
29 50 0 8 0.123760052025
20 27 0 8 0.123551778495
20 26 0 8 0.123133413494
40 55 0 8 0.123119145632
62 77 0 8 0.123046405613
62 73 0 8 0.122592560947
39 73 0 8 0.122293293476
9 51 0 8 0.121643483639
42 53 0 8 0.121456600726
16 62 0 8 0.121415875852
17 39 0 8 0.121218912303
47 64 0 8 0.121207609773
54 69 0 8 0.120692528784
67 73 0 8 0.12063165009
14 20 0 8 0.120608024299
28 35 0 8 0.120580159128
14 79 0 8 0.120535641909
44 50 0 8 0.120485499501
50 80 0 8 0.120419576764
20 46 0 8 0.120167478919
55 75 0 8 0.119919449091
46 62 0 8 0.119858913124
29 34 0 8 0.11957231909
55 72 0 8 0.119450055063
38 80 0 8 0.119398020208
45 55 0 8 0.119341701269
52 82 0 8 0.119230538607
40 80 0 8 0.119162201881
43 50 0 8 0.119095176458
6 46 0 8 0.118967011571
17 40 0 8 0.118725463748
18 22 0 8 0.118441417813
14 18 0 8 0.118092477322
40 57 0 8 0.117915831506
15 73 0 8 0.11791421473
64 76 0 8 0.117866113782
43 74 0 8 0.117512956262
5 42 0 8 0.1171797961
73 79 0 8 0.117125108838
42 79 0 8 0.116498798132
77 85 0 8 0.116440623999
18 65 0 8 0.116317592561
65 68 0 8 0.116268344223
55 70 0 8 0.115987956524
43 75 0 8 0.11578951776
59 77 0 8 0.1156110093
52 63 0 8 0.115534089506
41 80 0 8 0.115146800876
50 72 0 8 0.115137450397
6 39 0 8 0.114930205047
27 43 0 8 0.114484079182
5 8 0 8 0.114392213523
36 63 0 8 0.114359781146
52 66 0 8 0.114182442427
56 75 0 8 0.114092461765
23 43 0 8 0.113921925426
16 57 0 8 0.113556742668
52 75 0 8 0.113352760673
42 59 0 8 0.11319899559
14 69 0 8 0.113155536354
12 41 0 8 0.113145016134
31 41 0 8 0.11311994493
28 57 0 8 0.112972706556
40 56 0 8 0.11265976727
12 26 0 8 0.11243211478
24 46 0 8 0.112312927842
43 54 0 8 0.111930564046
57 71 0 8 0.111862465739
65 79 0 8 0.11182115972
53 70 0 8 0.111551269889
5 41 0 8 0.111167676747
28 63 0 8 0.111099809408
52 69 0 8 0.111024014652
21 50 0 8 0.110862031579
41 74 0 8 0.110532805324
6 80 0 8 0.110422946513
53 78 0 8 0.110394544899
35 39 0 8 0.110379740596
39 57 0 8 0.110326565802
55 58 0 8 0.109838441014
15 23 0 8 0.109772369266
12 50 0 8 0.109765142202
13 64 0 8 0.109751097858
80 85 0 8 0.109703563154
41 51 0 8 0.109178192914
30 42 0 8 0.108956485987
46 74 0 8 0.108905732632
14 38 0 8 0.108663603663
49 66 0 8 0.108636267483
10 21 0 8 0.108541093767
12 20 0 8 0.108520492911
24 57 0 8 0.108405381441
54 79 0 8 0.108399249613
65 77 0 8 0.1078896299
57 62 0 8 0.107428833842
24 55 0 8 0.107309170067
7 66 0 8 0.107246696949
77 82 0 8 0.107198104262
56 72 0 8 0.107132270932
59 76 0 8 0.106809653342
39 67 0 8 0.106528386474
55 80 0 8 0.106434710324
63 72 0 8 0.106390662491
57 76 0 8 0.106347598135
75 79 0 8 0.106339417398
11 54 0 8 0.105993121862
22 26 0 8 0.105850897729
4 8 0 8 0.10584101826
42 76 0 8 0.105778515339
14 19 0 8 0.105691127479
9 44 0 8 0.105460092425
6 40 0 8 0.10539560765
56 63 0 8 0.105331532657
52 74 0 8 0.105249017477
16 45 0 8 0.105101257563
31 40 0 8 0.105098478496
21 49 0 8 0.10495955497
17 43 0 8 0.104939460754
76 85 0 8 0.10486343503
27 49 0 8 0.104632638395
40 69 0 8 0.104598551989
14 46 0 8 0.10431637615
37 59 0 8 0.104295819998
24 59 0 8 0.104262791574
41 53 0 8 0.104026354849
24 38 0 8 0.103915706277
9 46 0 8 0.103875145316
11 43 0 8 0.103842683136
17 23 0 8 0.103804022074
62 65 0 8 0.103711053729
75 82 0 8 0.103611879051
46 73 0 8 0.103441014886
64 78 0 8 0.103435352445
56 59 0 8 0.102942384779
12 62 0 8 0.102787710726
44 77 0 8 0.10248619318
41 44 0 8 0.101966887712
11 18 0 8 0.101817652583
35 38 0 8 0.101697973907
27 41 0 8 0.101516224444
13 19 0 8 0.101399876177
70 78 0 8 0.101281821728
27 54 0 8 0.101122923195
25 60 0 8 0.10095513612
16 24 0 8 0.100873410702
26 36 0 8 0.100797638297
40 68 0 8 0.100704692304
64 71 0 8 0.100674472749
50 63 0 8 0.100524693727
44 55 0 8 0.100524306297
65 80 0 8 0.100476890802
12 19 0 8 0.100169681013
50 73 0 8 0.100150793791
20 70 0 8 0.0995304584503
9 22 0 8 0.0994698926806
79 85 0 8 0.0994033664465
40 74 0 8 0.0989805161953
46 70 0 8 0.0988679602742
24 56 0 8 0.0985180735588
54 65 0 8 0.0981699675322
24 30 0 8 0.0980832055211
22 39 0 8 0.0978592336178
26 38 0 8 0.0975711196661
37 41 0 8 0.0975007414818
10 20 0 8 0.0974032282829
56 76 0 8 0.0973518416286
31 42 0 8 0.0971957445145
23 52 0 8 0.0969837233424
32 40 0 8 0.0969763174653
66 78 0 8 0.0969581976533
13 49 0 8 0.0967394113541
29 43 0 8 0.0967183113098
39 53 0 8 0.0966145247221
20 80 0 8 0.0965048596263
38 79 0 8 0.0962309017777
37 69 0 8 0.0960276573896
27 47 0 8 0.0959831550717
59 70 0 8 0.0958828032017
14 65 0 8 0.0957477614284
39 78 0 8 0.0956365540624
12 21 0 8 0.0954856127501
42 74 0 8 0.0950266048312
10 78 0 8 0.0949275568128
28 56 0 8 0.0948819667101
27 62 0 8 0.0947453007102
50 77 0 8 0.0943730324507
54 64 0 8 0.0943190902472
9 45 0 8 0.0943023711443
17 49 0 8 0.0942943096161
39 52 0 8 0.0940225869417
69 75 0 8 0.0939120799303
25 38 0 8 0.0938734784722
44 58 0 8 0.0937967672944
53 65 0 8 0.0936093479395
40 64 0 8 0.0935497656465
63 74 0 8 0.0934353768826
40 78 0 8 0.0931674689054
48 58 0 8 0.0931198373437
53 64 0 8 0.0929691642523
18 64 0 8 0.0929533243179
42 72 0 8 0.0929052308202
26 44 0 8 0.0927649140358
20 63 0 8 0.0926458835602
24 58 0 8 0.0926164835691
52 59 0 8 0.0925709977746
26 42 0 8 0.0922940596938
40 75 0 8 0.0919587314129
48 56 0 8 0.091917231679
21 46 0 8 0.0918072760105
63 78 0 8 0.0915594771504
64 79 0 8 0.0915438905358
41 58 0 8 0.0912810713053
63 75 0 8 0.0911785289645
15 39 0 8 0.0910101830959
2 11 0 8 0.0908101573586
33 40 0 8 0.0907392650843
10 65 0 8 0.0905187577009
25 73 0 8 0.0905156582594
14 62 0 8 0.0905088484287
46 53 0 8 0.0904323756695
26 40 0 8 0.0903663113713
25 43 0 8 0.0903267860413
46 57 0 8 0.0903215780854
23 55 0 8 0.0901044532657
23 40 0 8 0.0899614691734
63 73 0 8 0.0896255224943
12 70 0 8 0.0896064639091
64 82 0 8 0.089578807354
75 80 0 8 0.0894504263997
16 47 0 8 0.0892778858542
22 62 0 8 0.0890528708696
45 63 0 8 0.0889975503087
19 44 0 8 0.0889817401767
41 59 0 8 0.0888453572989
27 44 0 8 0.0886573046446
13 24 0 8 0.0885657668114
30 50 0 8 0.0883215740323
5 12 0 8 0.0883176997304
25 72 0 8 0.0879123359919
40 77 0 8 0.0877814888954
12 28 0 8 0.0877471268177
56 73 0 8 0.0876875221729
76 84 0 8 0.0876486822963
23 58 0 8 0.0874385982752
21 40 0 8 0.0873601958156
32 38 0 8 0.0871960222721
76 80 0 8 0.0871053189039
21 51 0 8 0.087085545063
71 76 0 8 0.0870588868856
56 80 0 8 0.087044917047
63 83 0 8 0.0870064422488
29 41 0 8 0.0865951180458
61 64 0 8 0.0861725583673
9 20 0 8 0.0861151590943
33 41 0 8 0.0860990062356
22 41 0 8 0.0860872641206
29 51 0 8 0.0859916508198
55 74 0 8 0.0858734995127
23 76 0 8 0.0858028158545
37 67 0 8 0.0857547670603
18 23 0 8 0.0854603350163
30 52 0 8 0.0854318141937
51 59 0 8 0.0854057893157
17 63 0 8 0.0853815302253
54 74 0 8 0.085325114429
70 79 0 8 0.0852751806378
53 79 0 8 0.0852266922593
5 11 0 8 0.0851048007607
20 28 0 8 0.0850302428007
52 67 0 8 0.0849635601044
24 78 0 8 0.0849561691284
16 65 0 8 0.0849514007568
50 53 0 8 0.0849245339632
54 81 0 8 0.0849116742611
48 65 0 8 0.0848951861262
46 78 0 8 0.0848708003759
40 50 0 8 0.0848372876644
20 40 0 8 0.0848160535097
50 75 0 8 0.0846206098795
21 59 0 8 0.0845746174455
39 56 0 8 0.0844888463616
14 39 0 8 0.0844749957323
8 41 0 8 0.0843701213598
18 51 0 8 0.0843377411366
23 51 0 8 0.0842564553022
36 55 0 8 0.0841229408979
23 54 0 8 0.0840354561806
50 71 0 8 0.0840242803097
60 65 0 8 0.0839772596955
33 63 0 8 0.083848580718
22 67 0 8 0.0838160440326
65 78 0 8 0.0837756842375
32 42 0 8 0.0837158188224
51 72 0 8 0.0836409255862
22 55 0 8 0.0832303762436
15 75 0 8 0.0831606909633
28 66 0 8 0.082994364202
20 51 0 8 0.0828822627664
69 72 0 8 0.0824382454157
24 69 0 8 0.0823819935322
37 60 0 8 0.082195058465
41 79 0 8 0.0820530056953
14 50 0 8 0.0819748863578
1 5 0 8 0.081946477294
10 51 0 8 0.0818627327681
50 60 0 8 0.0818283483386
12 40 0 8 0.0817260742188
57 80 0 8 0.0817026495934
55 73 0 8 0.0816539973021
43 80 0 8 0.0813529863954
2 7 0 8 0.0813127234578
50 61 0 8 0.0812035053968
21 39 0 8 0.0811678618193
52 62 0 8 0.0811518281698
22 43 0 8 0.0811238884926
53 63 0 8 0.0810901075602
8 40 0 8 0.0809484869242
19 51 0 8 0.0809295326471
40 65 0 8 0.0807657539845
21 66 0 8 0.0807198509574
8 28 0 8 0.0805644914508
29 52 0 8 0.0804797261953
44 47 0 8 0.0803140997887
51 84 0 8 0.0802529081702
12 18 0 8 0.0801866352558
9 24 0 8 0.0800264105201
15 70 0 8 0.0799917057157
7 11 0 8 0.0798716470599
17 79 0 8 0.0798663198948
14 44 0 8 0.0797941982746
42 70 0 8 0.0797106996179
23 39 0 8 0.0796256363392
18 43 0 8 0.0796030759811
49 62 0 8 0.0795154795051
13 20 0 8 0.079291343689
23 44 0 8 0.0792745128274
46 59 0 8 0.0792628899217
50 67 0 8 0.0792196989059
12 29 0 8 0.0792120099068
7 21 0 8 0.0791096836329
29 42 0 8 0.0791007876396
16 50 0 8 0.0790386721492
51 66 0 8 0.0789630040526
48 64 0 8 0.0786070600152
75 83 0 8 0.0785694792867
56 71 0 8 0.0785056501627
37 80 0 8 0.0784705132246
54 57 0 8 0.0783976837993
41 73 0 8 0.0782904624939
20 59 0 8 0.0782867819071
26 59 0 8 0.0778982788324
7 36 0 8 0.0778754502535
2 9 0 8 0.077729396522
24 49 0 8 0.0777217745781
25 67 0 8 0.0776504352689
33 38 0 8 0.0775467157364
44 73 0 8 0.0774300321937
39 74 0 8 0.0773871466517
44 54 0 8 0.07733143121
42 50 0 8 0.077297128737
15 37 0 8 0.0772852450609
26 64 0 8 0.0772327706218
43 73 0 8 0.0771915242076
29 44 0 8 0.0770491734147
47 52 0 8 0.0769906118512
39 58 0 8 0.0769088193774
64 81 0 8 0.076740577817
34 39 0 8 0.0764765590429
5 80 0 8 0.0764705985785
42 46 0 8 0.0764020606875
39 72 0 8 0.0763614922762
14 26 0 8 0.0763473659754
21 26 0 8 0.0762520283461
20 67 0 8 0.0762297809124
32 41 0 8 0.0761433392763
28 34 0 8 0.0759451761842
67 72 0 8 0.0759035497904
46 67 0 8 0.0758426859975
13 44 0 8 0.0758383274078
42 73 0 8 0.0757812857628
7 53 0 8 0.0756175816059
76 83 0 8 0.0755197629333
5 23 0 8 0.0754599273205
17 75 0 8 0.0754048749804
54 70 0 8 0.0752676874399
38 63 0 8 0.0751107409596
45 59 0 8 0.0750991106033
43 79 0 8 0.0750967264175
37 52 0 8 0.075065433979
11 77 0 8 0.0749469175935
53 66 0 8 0.0747539624572
15 26 0 8 0.0747355595231
46 58 0 8 0.074679248035
39 55 0 8 0.0745977163315
25 36 0 8 0.0745707154274
20 39 0 8 0.0745683610439
29 64 0 8 0.0743766948581
62 79 0 8 0.0743480622768
40 61 0 8 0.0743241608143
44 65 0 8 0.0742738768458
12 78 0 8 0.0742499530315
63 85 0 8 0.0740282461047
57 73 0 8 0.0739307254553
23 59 0 8 0.0738070383668
19 29 0 8 0.0736916437745
26 72 0 8 0.073613293469
38 60 0 8 0.0735446885228
42 58 0 8 0.073486879468
29 49 0 8 0.0734004378319
17 24 0 8 0.0733223706484
16 37 0 8 0.0732567682862
69 73 0 8 0.0731814876199
12 65 0 8 0.0731082037091
26 73 0 8 0.0729361996055
46 76 0 8 0.07288300246
8 78 0 8 0.0727602690458
63 79 0 8 0.0727117359638
15 76 0 8 0.0726232975721
22 37 0 8 0.0725499764085
20 29 0 8 0.0725343450904
63 66 0 8 0.072503939271
12 72 0 8 0.0723273605108
17 38 0 8 0.0719222277403
23 29 0 8 0.0717894732952
10 18 0 8 0.0717832148075
54 72 0 8 0.0717800185084
12 52 0 8 0.071667984128
13 78 0 8 0.0714639425278
13 39 0 8 0.0712935253978
11 24 0 8 0.0712496340275
46 75 0 8 0.071247048676
13 18 0 8 0.0711995586753
18 45 0 8 0.071065582335
8 29 0 8 0.0709055885673
38 77 0 8 0.070874877274
50 76 0 8 0.0708609446883
14 24 0 8 0.0708172544837
29 45 0 8 0.0706322789192
11 14 0 8 0.0705726072192
67 74 0 8 0.0705643370748
23 72 0 8 0.0705512166023
10 77 0 8 0.0705278813839
17 22 0 8 0.0705224871635
2 12 0 8 0.0704613253474
16 52 0 8 0.0704297721386
6 22 0 8 0.0703840851784
53 58 0 8 0.0703474357724
22 36 0 8 0.0702668204904
21 67 0 8 0.0702641531825
4 42 0 8 0.0701211094856
75 85 0 8 0.070052549243
13 46 0 8 0.0700166374445
51 75 0 8 0.0699701309204
41 72 0 8 0.0698958560824
27 59 0 8 0.0698885396123
68 72 0 8 0.0697490647435
12 27 0 8 0.0695433467627
49 52 0 8 0.0694804042578
10 22 0 8 0.0689539089799
58 74 0 8 0.068929746747
74 82 0 8 0.0688626766205
30 44 0 8 0.0688487663865
43 66 0 8 0.0688409432769
75 84 0 8 0.0687596797943
35 40 0 8 0.0687535777688
24 48 0 8 0.0687087848783
36 42 0 8 0.0686546489596
15 29 0 8 0.0685471445322
41 63 0 8 0.0684470981359
4 10 0 8 0.0684291049838
71 77 0 8 0.0683720186353
46 72 0 8 0.0683359354734
17 57 0 8 0.0683114007115
64 67 0 8 0.0682817324996
11 20 0 8 0.0682117268443
6 78 0 8 0.0681516677141
55 59 0 8 0.0680643394589
11 29 0 8 0.0680587515235
16 23 0 8 0.0680146887898
55 68 0 8 0.0678185597062
53 67 0 8 0.0677826777101
45 77 0 8 0.0677811130881
40 58 0 8 0.0677572563291
49 63 0 8 0.0676545128226
54 68 0 8 0.0676454901695
8 23 0 8 0.067624874413
34 41 0 8 0.0675779655576
6 79 0 8 0.0674822703004
30 51 0 8 0.0674772262573
63 77 0 8 0.0674636811018
21 37 0 8 0.067413136363
46 55 0 8 0.0673690065742
10 41 0 8 0.0673429816961
19 37 0 8 0.0673286467791
7 29 0 8 0.0673210173845
47 58 0 8 0.0672243833542
42 80 0 8 0.067148283124
13 50 0 8 0.0671425834298
18 41 0 8 0.0671171024442
66 75 0 8 0.0670721903443
38 53 0 8 0.067002877593
60 76 0 8 0.0669879168272
47 63 0 8 0.0667983070016
9 19 0 8 0.0667473971844
46 77 0 8 0.0666708648205
19 36 0 8 0.0666459724307
4 51 0 8 0.0666283592582
38 41 0 8 0.0666162148118
19 79 0 8 0.0665084123611
29 73 0 8 0.066473506391
8 54 0 8 0.0664367228746
27 78 0 8 0.066376388073
1 11 0 8 0.0663451999426
38 59 0 8 0.0663328394294
28 33 0 8 0.0662847161293
37 56 0 8 0.0662299245596
52 81 0 8 0.0662251412868
63 84 0 8 0.0659923255444
18 40 0 8 0.0659898817539
2 10 0 8 0.0659149810672
51 76 0 8 0.0658373832703
69 76 0 8 0.0658268108964
12 25 0 8 0.0657342895865
38 52 0 8 0.065730497241
6 15 0 8 0.0657078027725
41 54 0 8 0.0655237883329
28 50 0 8 0.0654831826687
45 78 0 8 0.0654828175902
5 36 0 8 0.0654167532921
17 29 0 8 0.0653818398714
37 78 0 8 0.0652031898499
9 21 0 8 0.0650061815977
29 56 0 8 0.064962759614
14 75 0 8 0.0648516565561
6 70 0 8 0.0648161694407
7 23 0 8 0.0646772831678
41 67 0 8 0.0646252930164
25 30 0 8 0.064404733479
10 24 0 8 0.064348988235
50 83 0 8 0.0643267929554
9 47 0 8 0.064296670258
42 47 0 8 0.0642883703113
26 63 0 8 0.0642212182283
56 62 0 8 0.06403144449
15 66 0 8 0.0639685168862
19 27 0 8 0.0639183670282
39 61 0 8 0.0639033690095
29 55 0 8 0.0638626292348
19 24 0 8 0.0638182759285
23 36 0 8 0.0638009980321
54 76 0 8 0.0636667385697
42 75 0 8 0.0636543929577
62 75 0 8 0.0635532438755
13 29 0 8 0.0634939447045
33 42 0 8 0.0634460002184
10 46 0 8 0.0634276866913
60 75 0 8 0.0634082481265
19 57 0 8 0.0633511319757
58 73 0 8 0.0632941573858
45 74 0 8 0.0632548630238
63 70 0 8 0.0632474943995
57 74 0 8 0.0631902292371
16 36 0 8 0.0631639808416
49 61 0 8 0.0631225481629
14 63 0 8 0.063080906868
15 74 0 8 0.0628747791052
29 61 0 8 0.0628513619304
19 65 0 8 0.0627130120993
26 61 0 8 0.0626363381743
7 40 0 8 0.0626163557172
51 83 0 8 0.0625787451863
53 57 0 8 0.0624327547848
20 73 0 8 0.0623666346073
39 76 0 8 0.0623289756477
39 54 0 8 0.0622782744467
1 12 0 8 0.0622573494911
16 40 0 8 0.0622067153454
38 78 0 8 0.062144100666
14 78 0 8 0.0620702207088
56 82 0 8 0.0619341246784
34 38 0 8 0.0619277395308
56 84 0 8 0.0618980899453
22 71 0 8 0.0618158355355
60 64 0 8 0.0618086867034
14 25 0 8 0.0618076957762
37 42 0 8 0.061806242913
68 73 0 8 0.0617623776197
8 24 0 8 0.0617055632174
58 79 0 8 0.0616913288832
13 63 0 8 0.0616458766162
27 73 0 8 0.0616344548762
51 68 0 8 0.0616149753332
45 56 0 8 0.0616066381335
19 78 0 8 0.061576128006
73 83 0 8 0.0615118183196
36 41 0 8 0.0614755935967
11 41 0 8 0.0614077821374
42 54 0 8 0.0613979548216
40 54 0 8 0.0613909773529
54 75 0 8 0.0613268502057
9 50 0 8 0.061209063977
19 77 0 8 0.0611371360719
50 85 0 8 0.0610904730856
6 27 0 8 0.0610606521368
28 65 0 8 0.0610330589116
23 38 0 8 0.0609650537372
5 44 0 8 0.0609645992517
32 43 0 8 0.0609384588897
7 44 0 8 0.0609032139182
58 80 0 8 0.0609025023878
63 82 0 8 0.0608957223594
27 35 0 8 0.0608732290566
7 12 0 8 0.0608245357871
45 76 0 8 0.0607972890139
59 79 0 8 0.0606430210173
18 78 0 8 0.0606417730451
20 62 0 8 0.0605777986348
47 61 0 8 0.0605652071536
39 75 0 8 0.0604848824441
14 23 0 8 0.0603484176099
5 22 0 8 0.0601866133511
11 50 0 8 0.060129199177
52 71 0 8 0.0600787363946
48 53 0 8 0.0600741170347
56 74 0 8 0.0600638017058
44 78 0 8 0.0599455051124
41 69 0 8 0.0599225461483
40 76 0 8 0.0598243363202
12 45 0 8 0.0598134249449
60 72 0 8 0.0598084256053
25 59 0 8 0.0597980730236
49 53 0 8 0.0597810260952
6 28 0 8 0.059734325856
7 79 0 8 0.0597012601793
13 74 0 8 0.0596344582736
38 65 0 8 0.0596100986004
44 63 0 8 0.0595935024321
60 74 0 8 0.0595050826669
44 59 0 8 0.0594720691442
34 40 0 8 0.0593818612397
44 74 0 8 0.0593416132033
76 82 0 8 0.0592781230807
45 75 0 8 0.0592202618718
14 30 0 8 0.0592103563249
16 73 0 8 0.0590755939484
21 28 0 8 0.0590690709651
10 71 0 8 0.0590309500694
9 39 0 8 0.0590225122869
72 79 0 8 0.0589274205267
52 68 0 8 0.0589161552489
10 19 0 8 0.058863800019
16 74 0 8 0.0588613450527
72 77 0 8 0.0587753690779
14 29 0 8 0.0586613714695
34 42 0 8 0.0585557296872
13 61 0 8 0.0585163608193
26 62 0 8 0.0585076399148
5 39 0 8 0.0583547875285
19 28 0 8 0.0583302415907
51 63 0 8 0.0583061240613
40 53 0 8 0.0582734458148
51 67 0 8 0.0582404695451
29 46 0 8 0.058202624321
69 74 0 8 0.0581923648715
67 75 0 8 0.058112565428
61 65 0 8 0.0580988116562
33 44 0 8 0.0580838732421
9 43 0 8 0.0579311624169
56 81 0 8 0.0579275079072
15 57 0 8 0.0578183755279
37 55 0 8 0.0577873177826
15 25 0 8 0.0575907416642
23 42 0 8 0.0575863309205
51 54 0 8 0.0575020797551
39 70 0 8 0.0573726780713
48 55 0 8 0.0573427975178
73 80 0 8 0.0572594068944
15 69 0 8 0.0572439022362
23 65 0 8 0.0571910142899
13 23 0 8 0.0570928938687
12 79 0 8 0.0570675991476
6 19 0 8 0.0570212006569
57 81 0 8 0.0569366849959
50 69 0 8 0.0569346770644
46 60 0 8 0.056867685169
17 45 0 8 0.0568456202745
15 56 0 8 0.0567723400891
74 80 0 8 0.056770529598
6 37 0 8 0.0567188449204
47 54 0 8 0.0565669871867
37 62 0 8 0.0565658956766
32 44 0 8 0.0564960837364
67 79 0 8 0.056406211108
40 45 0 8 0.0563375987113
45 53 0 8 0.0562739521265
24 37 0 8 0.0562461912632
5 57 0 8 0.0561613179743
40 73 0 8 0.055994592607
5 79 0 8 0.0558938831091
38 64 0 8 0.0558393523097
10 29 0 8 0.0558082535863
76 81 0 8 0.0558063276112
6 47 0 8 0.0557845495641
11 79 0 8 0.0557837598026
10 63 0 8 0.0557815507054
28 55 0 8 0.0557788014412
44 79 0 8 0.0557488203049
25 44 0 8 0.0556919574738
71 79 0 8 0.0556583367288
23 68 0 8 0.0556538887322
51 82 0 8 0.0556199513376
46 66 0 8 0.0556093230844
6 45 0 8 0.0555941984057
6 25 0 8 0.0555931963027
53 74 0 8 0.0555585473776
49 80 0 8 0.0553749203682
55 63 0 8 0.0553112402558
38 62 0 8 0.0552154034376
16 39 0 8 0.0551950186491
3 10 0 8 0.0551310516894
20 79 0 8 0.055088032037
14 70 0 8 0.055027525872
1 9 0 8 0.0549946054816
39 71 0 8 0.0549034588039
3 82 0 8 0.0549010820687
3 83 0 8 0.054897595197
11 17 0 8 0.054819457233
70 80 0 8 0.0547563768923
10 30 0 8 0.0547469854355
18 37 0 8 0.0546571724117
5 9 0 8 0.0546520091593
34 63 0 8 0.0546153634787
37 58 0 8 0.0545589365065
8 36 0 8 0.0544779375196
56 69 0 8 0.054406568408
26 48 0 8 0.0543944127858
50 84 0 8 0.0543751865625
28 52 0 8 0.0543151758611
15 22 0 8 0.054310053587
72 85 0 8 0.0542739294469
15 72 0 8 0.0542265288532
52 83 0 8 0.0541643239558
6 72 0 8 0.0540915727615
59 80 0 8 0.0540254674852
28 49 0 8 0.0540085099638
7 50 0 8 0.053983323276
25 42 0 8 0.0538641363382
47 65 0 8 0.0538630187511
46 61 0 8 0.0538495481014
66 79 0 8 0.0537456832826
6 29 0 8 0.053712580353
63 81 0 8 0.0536706075072
42 51 0 8 0.0536412596703
74 83 0 8 0.0535766929388
51 85 0 8 0.0535545349121
55 81 0 8 0.0534911379218
2 14 0 8 0.0534614883363
60 73 0 8 0.0534485206008
15 77 0 8 0.0532776787877
15 79 0 8 0.0532693825662
62 74 0 8 0.0532018728554
75 81 0 8 0.0532006584108
8 20 0 8 0.0531977042556
30 43 0 8 0.0531629621983
55 82 0 8 0.0531009510159
13 47 0 8 0.0530956164002
7 63 0 8 0.053029499948
73 85 0 8 0.0529714152217
53 77 0 8 0.0529216192663
50 74 0 8 0.0528170540929
44 60 0 8 0.0528119839728
39 60 0 8 0.0527614839375
19 74 0 8 0.0527508221567
40 83 0 8 0.0526080690324
17 36 0 8 0.0525466538966
36 79 0 8 0.0525005608797
11 80 0 8 0.0524029694498
57 61 0 8 0.0523896254599
29 79 0 8 0.0523530878127
15 38 0 8 0.0522678717971
56 83 0 8 0.0522311851382
3 9 0 8 0.0521657466888
40 51 0 8 0.0521363429725
47 55 0 8 0.0521105788648
7 65 0 8 0.0520792417228
39 43 0 8 0.0520550794899
40 62 0 8 0.052026771009
3 12 0 8 0.0520160719752
60 79 0 8 0.052003338933
5 78 0 8 0.0519775003195
47 62 0 8 0.0518673993647
66 76 0 8 0.051859613508
36 60 0 8 0.0517572388053
28 44 0 8 0.051734212786
5 29 0 8 0.0516971051693
16 29 0 8 0.0516280084848
14 52 0 8 0.0515344925225
59 69 0 8 0.0515150353312
21 52 0 8 0.0514945909381
23 30 0 8 0.0513865761459
64 83 0 8 0.051355112344
28 54 0 8 0.0513143241405
4 63 0 8 0.051290884614
36 67 0 8 0.0510825626552
46 79 0 8 0.0510614290833
43 70 0 8 0.0510539077222
19 67 0 8 0.0510065257549
27 32 0 8 0.0509823188186
42 67 0 8 0.0509081184864
11 16 0 8 0.0508634857833
64 84 0 8 0.0508633032441
20 37 0 8 0.0508293583989
11 21 0 8 0.0506361275911
16 60 0 8 0.0506347417831
7 25 0 8 0.0506343171
10 13 0 8 0.0505778677762
17 37 0 8 0.0505096428096
20 44 0 8 0.050464451313
9 79 0 8 0.0504263266921
16 61 0 8 0.0504151321948
11 30 0 8 0.0503837168217
15 78 0 8 0.0503628924489
26 51 0 8 0.0503625720739
19 64 0 8 0.0502677410841
10 66 0 8 0.0502482578158
37 61 0 8 0.0501836240292
53 76 0 8 0.0501133725047
17 80 0 8 0.0500512048602
20 36 0 8 0.0500196218491
21 80 0 8 0.0499849654734
42 84 0 8 0.0499262958765
16 22 0 8 0.0498823523521
11 64 0 8 0.04985800758
19 40 0 8 0.0498484000564
53 69 0 8 0.0498432032764
12 64 0 8 0.0497782304883
14 77 0 8 0.0497293770313
33 43 0 8 0.0496897883713
13 76 0 8 0.0496239811182
66 77 0 8 0.0496153458953
44 48 0 8 0.0494932159781
31 44 0 8 0.0494645126164
39 81 0 8 0.0494244620204
44 76 0 8 0.0493749529123
49 69 0 8 0.0493536517024
53 75 0 8 0.0493447929621
16 38 0 8 0.0493124127388
22 38 0 8 0.0492973923683
3 42 0 8 0.049275919795
45 70 0 8 0.0492663271725
69 79 0 8 0.0492369756103
24 79 0 8 0.049186244607
37 51 0 8 0.049029931426
9 18 0 8 0.0490133464336
44 70 0 8 0.0489419177175
21 60 0 8 0.0488550104201
44 75 0 8 0.0488470755517
10 80 0 8 0.0487965010107
29 47 0 8 0.0487789399922
23 37 0 8 0.0487090647221
24 66 0 8 0.0486800186336
30 49 0 8 0.0486696399748
25 45 0 8 0.0486545190215
51 74 0 8 0.0486524440348
9 29 0 8 0.0486118942499
35 42 0 8 0.0486011579633
36 80 0 8 0.0485493317246
18 29 0 8 0.0485343784094
18 60 0 8 0.0484649911523
48 63 0 8 0.0483815148473
7 56 0 8 0.0483169928193
47 66 0 8 0.0483150705695
6 36 0 8 0.0482717007399
16 75 0 8 0.0482250191271
49 73 0 8 0.0481926910579
6 51 0 8 0.0481584705412
69 77 0 8 0.0481532923877
37 53 0 8 0.048140540719
11 26 0 8 0.0480999387801
15 30 0 8 0.0480727106333
45 73 0 8 0.048068266362
20 69 0 8 0.04802538082
10 57 0 8 0.0478079319
24 32 0 8 0.0477418527007
51 73 0 8 0.0477137230337
58 71 0 8 0.0476984493434
49 55 0 8 0.0475975349545
49 70 0 8 0.047590598464
25 65 0 8 0.0475522689521
4 20 0 8 0.0475212559104
49 79 0 8 0.0474955439568
51 81 0 8 0.0474948212504
41 46 0 8 0.0474845990539
50 81 0 8 0.0474726520479
27 50 0 8 0.0474723502994
21 38 0 8 0.047448862344
6 82 0 8 0.0473664328456
15 44 0 8 0.0473155379295
43 67 0 8 0.0473031066358
45 66 0 8 0.0472788400948
16 42 0 8 0.0472050085664
44 80 0 8 0.0471323244274
18 44 0 8 0.0471245422959
1 10 0 8 0.0471239350736
41 62 0 8 0.0470994636416
17 77 0 8 0.0470808297396
29 80 0 8 0.0470563173294
45 62 0 8 0.0469996333122
29 75 0 8 0.0469995364547
5 45 0 8 0.0469311028719
62 76 0 8 0.0469037778676
50 54 0 8 0.0468790978193
21 55 0 8 0.0468353033066
17 47 0 8 0.0467550233006
26 43 0 8 0.0466860234737
20 76 0 8 0.0466793365777
29 63 0 8 0.0466578751802
16 72 0 8 0.0466041266918
62 78 0 8 0.0465879365802
13 77 0 8 0.046479858458
54 73 0 8 0.0464302711189
22 52 0 8 0.0464176796377
30 78 0 8 0.0463580489159
64 68 0 8 0.0463575124741
74 85 0 8 0.046344589442
9 23 0 8 0.046188339591
25 62 0 8 0.0461716875434
9 64 0 8 0.0460745766759
8 11 0 8 0.046025518328
68 74 0 8 0.0460204929113
28 46 0 8 0.0459870174527
49 60 0 8 0.0458166450262
4 9 0 8 0.0458110272884
21 69 0 8 0.0457154288888
32 63 0 8 0.0457044988871
9 75 0 8 0.0456176735461
17 52 0 8 0.0456174239516
3 8 0 8 0.045589659363
46 71 0 8 0.045540548861
15 36 0 8 0.0454033948481
32 59 0 8 0.0453204885125
33 78 0 8 0.0452997162938
22 28 0 8 0.0452542863786
35 62 0 8 0.0452316701412
14 45 0 8 0.0451299734414
70 82 0 8 0.0451138541102
72 78 0 8 0.0450390987098
67 77 0 8 0.0450302101672
31 43 0 8 0.0449552312493
11 33 0 8 0.0449536032975
7 69 0 8 0.0449243821204
25 57 0 8 0.0448793694377
39 51 0 8 0.0448526516557
67 78 0 8 0.044820766896
16 30 0 8 0.0448193065822
5 50 0 8 0.0447889119387
24 44 0 8 0.0446625351906
26 50 0 8 0.0445914529264
20 58 0 8 0.0445609577
56 85 0 8 0.0444861538708
49 67 0 8 0.0443550869823
58 66 0 8 0.0443414896727
57 84 0 8 0.0443337000906
26 67 0 8 0.0442971549928
71 85 0 8 0.0442883372307
6 17 0 8 0.0442109294236
29 65 0 8 0.0441774427891
35 41 0 8 0.0441568270326
30 45 0 8 0.0440877899528
35 63 0 8 0.0440487191081
41 60 0 8 0.0440485700965
40 84 0 8 0.0440227724612
5 28 0 8 0.0440175868571
11 46 0 8 0.043980140239
8 39 0 8 0.0439794957638
31 50 0 8 0.0439645722508
18 48 0 8 0.0439088605344
10 23 0 8 0.0438836961985
21 78 0 8 0.0438758730888
18 63 0 8 0.0438453964889
20 54 0 8 0.0437958203256
17 50 0 8 0.0437802821398
46 69 0 8 0.043721690774
9 48 0 8 0.0437141470611
6 77 0 8 0.0436527654529
9 28 0 8 0.0436124205589
8 12 0 8 0.043589387089
22 29 0 8 0.0435849316418
14 47 0 8 0.0435581542552
54 58 0 8 0.0434440560639
19 75 0 8 0.0434404462576
27 72 0 8 0.0434077866375
25 46 0 8 0.0434019565582
23 70 0 8 0.0433493219316
5 21 0 8 0.0432635843754
48 52 0 8 0.0431241281331
22 44 0 8 0.0430718585849
20 75 0 8 0.0430686175823
26 56 0 8 0.0430379584432
29 81 0 8 0.0430241636932
16 78 0 8 0.0429507084191
11 45 0 8 0.0429141186178
42 66 0 8 0.0428750477731
17 78 0 8 0.0428741127253
6 57 0 8 0.0427358485758
14 56 0 8 0.0426132008433
25 50 0 8 0.0426112264395
13 30 0 8 0.0425708927214
47 60 0 8 0.0425528995693
7 64 0 8 0.0425439812243
54 84 0 8 0.0425364747643
7 26 0 8 0.0424991548061
47 72 0 8 0.042328145355
27 60 0 8 0.0422636047006
4 24 0 8 0.0422258004546
16 79 0 8 0.0421358644962
54 71 0 8 0.0420589596033
47 73 0 8 0.0420177094638
21 29 0 8 0.041994780302
22 59 0 8 0.0419806912541
28 83 0 8 0.0419670790434
55 71 0 8 0.0419645272195
6 81 0 8 0.0419078096747
7 19 0 8 0.0419021733105
47 70 0 8 0.0418591871858
47 53 0 8 0.0418324917555
28 51 0 8 0.0417760871351
5 63 0 8 0.0417435877025
18 76 0 8 0.0416962467134
2 82 0 8 0.0416876636446
23 28 0 8 0.0416249968112
46 54 0 8 0.0416221246123
61 76 0 8 0.0415684245527
17 65 0 8 0.0415684133768
55 69 0 8 0.0415072962642
44 67 0 8 0.0414330251515
13 27 0 8 0.0414070822299
9 12 0 8 0.0413305722177
37 71 0 8 0.0413252823055
28 45 0 8 0.0412909090519
17 27 0 8 0.0412904731929
37 50 0 8 0.0412734150887
3 11 0 8 0.041250448674
38 51 0 8 0.0412160046399
53 82 0 8 0.0411615073681
3 40 0 8 0.0411518551409
16 66 0 8 0.041088744998
16 76 0 8 0.0410680398345
42 71 0 8 0.0410372912884
58 69 0 8 0.041020039469
5 64 0 8 0.0409968420863
49 56 0 8 0.0409632325172
6 13 0 8 0.0409598611295
32 50 0 8 0.0409597679973
18 26 0 8 0.0408850945532
74 81 0 8 0.0408177226782
64 85 0 8 0.0408150702715
13 36 0 8 0.0407831147313
65 82 0 8 0.0407494753599
20 49 0 8 0.0407264456153
27 61 0 8 0.0406935587525
38 55 0 8 0.0406558811665
22 45 0 8 0.0406500399113
9 42 0 8 0.0405876711011
38 42 0 8 0.0405573062599
27 52 0 8 0.0405533351004
28 47 0 8 0.0405124165118
26 65 0 8 0.0403402894735
3 28 0 8 0.040216255933
51 71 0 8 0.0401698164642
13 32 0 8 0.0401687212288
21 65 0 8 0.0400961786509
47 81 0 8 0.0400366522372
54 83 0 8 0.0400172583759
28 64 0 8 0.0399956591427
32 49 0 8 0.0399814993143
48 70 0 8 0.039894670248
73 84 0 8 0.0398901514709
54 82 0 8 0.0398811325431
67 76 0 8 0.0398786850274
41 45 0 8 0.0398540087044
17 62 0 8 0.0398220159113
16 54 0 8 0.0398077964783
25 61 0 8 0.039801299572
48 62 0 8 0.0397794768214
8 25 0 8 0.0397139266133
2 42 0 8 0.0396335124969
32 45 0 8 0.0396222434938
26 32 0 8 0.039591845125
31 52 0 8 0.0395369231701
18 69 0 8 0.039527118206
18 77 0 8 0.0394751690328
10 44 0 8 0.0394390411675
52 61 0 8 0.0394240431488
12 57 0 8 0.0393902994692
39 50 0 8 0.0393684022129
57 82 0 8 0.0392836853862
22 78 0 8 0.0391946099699
34 44 0 8 0.0391666330397
11 44 0 8 0.0391610637307
6 76 0 8 0.0391444787383
29 54 0 8 0.0390130393207
32 46 0 8 0.0389936491847
43 59 0 8 0.0389320477843
17 44 0 8 0.0388047881424
12 77 0 8 0.0387727543712
42 48 0 8 0.0387191101909
4 21 0 8 0.0386473573744
24 63 0 8 0.0386147871614
40 85 0 8 0.0385485589504
26 31 0 8 0.0385446995497
46 82 0 8 0.0385112091899
24 77 0 8 0.038467258215
53 81 0 8 0.0384588837624
17 30 0 8 0.0384481623769
40 81 0 8 0.0384261235595
12 33 0 8 0.0383424162865
61 78 0 8 0.0382499992847
20 45 0 8 0.0382154658437
29 48 0 8 0.0382109358907
2 83 0 8 0.0381601043046
14 28 0 8 0.038152884692
41 68 0 8 0.0381416156888
28 48 0 8 0.0380900762975
24 75 0 8 0.0380745753646
10 64 0 8 0.0380638577044
24 62 0 8 0.0380629748106
19 62 0 8 0.0379836149514
19 46 0 8 0.0379288122058
9 41 0 8 0.0378680974245
25 31 0 8 0.0378162637353
22 46 0 8 0.0376824140549
5 75 0 8 0.0376562364399
62 71 0 8 0.0376377440989
14 74 0 8 0.0375055298209
15 80 0 8 0.0374705605209
10 31 0 8 0.0374155379832
23 47 0 8 0.037399917841
11 32 0 8 0.0373697280884
2 8 0 8 0.0373690277338
22 54 0 8 0.0373567715287
45 79 0 8 0.037279933691
13 37 0 8 0.0372433587909
28 61 0 8 0.0372230112553
39 44 0 8 0.0372087173164
12 80 0 8 0.0371574386954
10 76 0 8 0.0371431186795
38 58 0 8 0.0371331460774
19 52 0 8 0.0371132604778
10 43 0 8 0.0370992086828
62 83 0 8 0.0370956398547
7 17 0 8 0.0370862968266
2 13 0 8 0.0370719619095
8 33 0 8 0.0369028560817
10 52 0 8 0.0368638113141
20 60 0 8 0.036844432354
12 39 0 8 0.0368092507124
11 19 0 8 0.0367163196206
56 68 0 8 0.0366051010787
53 83 0 8 0.0365599505603
21 27 0 8 0.0365253835917
4 29 0 8 0.0364865213633
63 71 0 8 0.0364617556334
15 48 0 8 0.0363393165171
40 60 0 8 0.036325097084
18 30 0 8 0.0362766422331
42 85 0 8 0.0362454503775
21 30 0 8 0.0362141318619
36 61 0 8 0.0362111777067
20 53 0 8 0.0362042300403
70 81 0 8 0.0361794121563
60 81 0 8 0.0361748822033
15 58 0 8 0.0361537151039
9 58 0 8 0.0360969789326
24 61 0 8 0.0359676629305
1 13 0 8 0.0359244979918
21 47 0 8 0.0359226614237
21 33 0 8 0.0358572378755
6 44 0 8 0.0358515791595
37 68 0 8 0.0358300246298
15 71 0 8 0.0358278304338
48 85 0 8 0.0357391647995
5 10 0 8 0.0357131846249
3 37 0 8 0.0356806367636
45 61 0 8 0.0356501415372
57 83 0 8 0.0355101004243
62 69 0 8 0.035503398627
7 51 0 8 0.0354806110263
54 63 0 8 0.0354421138763
51 69 0 8 0.0352869108319
22 56 0 8 0.035275451839
48 67 0 8 0.0352435484529
3 29 0 8 0.035236608237
53 73 0 8 0.0351360850036
25 69 0 8 0.035129416734
3 13 0 8 0.0351175777614
22 30 0 8 0.0350819304585
9 30 0 8 0.0350349806249
20 83 0 8 0.0349937006831
46 80 0 8 0.0349907465279
57 60 0 8 0.03497838974
26 70 0 8 0.0349660888314
62 82 0 8 0.0349486023188
65 81 0 8 0.0348767861724
36 78 0 8 0.0348213836551
13 28 0 8 0.0347748473287
18 36 0 8 0.034741923213
6 54 0 8 0.0347247943282
54 85 0 8 0.0346688106656
52 84 0 8 0.0346650332212
21 61 0 8 0.034649129957
2 15 0 8 0.0346344336867
21 36 0 8 0.0346320532262
8 72 0 8 0.0345880389214
40 44 0 8 0.0345508866012
14 37 0 8 0.0345085375011
15 45 0 8 0.0344879478216
15 27 0 8 0.0344745889306
10 28 0 8 0.0344607047737
25 32 0 8 0.0344603694975
48 75 0 8 0.0343729779124
3 20 0 8 0.0342653766274
41 61 0 8 0.0342529639602
10 45 0 8 0.0341959036887
7 80 0 8 0.0341886952519
27 65 0 8 0.0341374650598
19 80 0 8 0.0340975224972
34 43 0 8 0.0340887159109
12 37 0 8 0.0340262763202
5 17 0 8 0.0340211838484
9 80 0 8 0.0340165607631
14 27 0 8 0.0339451469481
21 75 0 8 0.0339436978102
12 59 0 8 0.0338931828737
19 33 0 8 0.0338539481163
7 37 0 8 0.0338084883988
5 30 0 8 0.033778142184
21 63 0 8 0.0337510295212
72 82 0 8 0.0337399952114
49 74 0 8 0.0337388701737
21 79 0 8 0.0337001532316
28 81 0 8 0.033653344959
15 28 0 8 0.0336300991476
65 84 0 8 0.033581007272
19 26 0 8 0.0335535667837
23 69 0 8 0.0335484184325
72 84 0 8 0.0335458815098
74 84 0 8 0.0335292853415
17 73 0 8 0.033514868468
2 23 0 8 0.0334925726056
26 58 0 8 0.0334701500833
22 50 0 8 0.0334660224617
4 37 0 8 0.0334593504667
2 21 0 8 0.0334543995559
49 85 0 8 0.0334148667753
11 27 0 8 0.0334092825651
13 31 0 8 0.0333829410374
10 42 0 8 0.0333694703877
53 85 0 8 0.0333624407649
7 28 0 8 0.0333381444216
19 30 0 8 0.033298086375
4 27 0 8 0.033268801868
29 76 0 8 0.0332679115236
57 68 0 8 0.0332659967244
48 57 0 8 0.0332605317235
10 26 0 8 0.0332561507821
25 35 0 8 0.0332458652556
25 47 0 8 0.0332426354289
33 45 0 8 0.0332182832062
30 56 0 8 0.0331895537674
18 27 0 8 0.0331726782024
14 73 0 8 0.033124320209
39 83 0 8 0.0330555737019
54 62 0 8 0.0330385789275
25 52 0 8 0.0330353081226
20 38 0 8 0.0330197773874
11 76 0 8 0.0329736545682
15 82 0 8 0.0329461507499
30 46 0 8 0.0328500382602
5 81 0 8 0.0328051932156
6 16 0 8 0.032805018127
32 47 0 8 0.0327627956867
42 69 0 8 0.0327612757683
8 66 0 8 0.0327090658247
53 59 0 8 0.0326518751681
31 65 0 8 0.0326312147081
8 42 0 8 0.0326216854155
2 29 0 8 0.032502412796
16 26 0 8 0.0324877761304
14 36 0 8 0.0323650464416
15 62 0 8 0.0323284119368
7 18 0 8 0.0322671160102
17 26 0 8 0.0322213582695
49 82 0 8 0.0322153754532
44 62 0 8 0.0321448780596
2 20 0 8 0.0321374833584
22 35 0 8 0.0320539288223
15 55 0 8 0.0320524722338
52 85 0 8 0.032040476799
36 62 0 8 0.032038141042
45 54 0 8 0.0320166684687
24 36 0 8 0.0319499187171
1 6 0 8 0.0317499861121
17 76 0 8 0.0317181050777
3 23 0 8 0.0316985808313
62 72 0 8 0.0316524244845
37 45 0 8 0.0316489450634
11 48 0 8 0.0315481051803
36 69 0 8 0.0315318889916
56 60 0 8 0.0315216593444
19 49 0 8 0.0314919427037
23 35 0 8 0.0314911492169
11 22 0 8 0.0314512886107
24 33 0 8 0.0314465463161
8 30 0 8 0.0314111560583
36 56 0 8 0.0313939414918
3 24 0 8 0.0313476026058
41 81 0 8 0.0313405618072
3 84 0 8 0.0313300937414
28 80 0 8 0.0313175655901
26 33 0 8 0.0312905982137
38 50 0 8 0.0312761105597
59 81 0 8 0.0312571749091
43 48 0 8 0.0312568731606
19 34 0 8 0.0312534794211
23 56 0 8 0.0311973057687
20 82 0 8 0.0311798788607
27 46 0 8 0.0311786830425
55 62 0 8 0.0311517249793
24 47 0 8 0.0310568008572
24 54 0 8 0.0310496762395
20 35 0 8 0.0310493838042
10 72 0 8 0.03101731278
9 36 0 8 0.0310167036951
8 69 0 8 0.0310002509505
14 31 0 8 0.0309810042381
40 82 0 8 0.0309786573052
2 28 0 8 0.0309674888849
65 83 0 8 0.0309654343873
7 32 0 8 0.030908131972
32 52 0 8 0.030858322978
24 76 0 8 0.0307809840888
27 33 0 8 0.0307112094015
18 28 0 8 0.0306720156223
23 46 0 8 0.0306435674429
25 33 0 8 0.0306100454181
45 83 0 8 0.0306068640202
12 32 0 8 0.0305980276316
11 37 0 8 0.0305502004921
13 54 0 8 0.0305449906737
10 81 0 8 0.0305249188095
31 49 0 8 0.0305099710822
24 53 0 8 0.030501332134
4 79 0 8 0.0304632429034
20 74 0 8 0.0304592009634
47 80 0 8 0.0304411798716
13 55 0 8 0.0303646847606
4 11 0 8 0.0303639769554
37 66 0 8 0.0302137192339
17 67 0 8 0.0301970355213
15 67 0 8 0.0301952064037
7 68 0 8 0.0301401223987
29 59 0 8 0.0300631485879
1 7 0 8 0.0300312209874
17 35 0 8 0.0300220809877
18 24 0 8 0.0300188958645
24 31 0 8 0.0299865473062
55 83 0 8 0.0299006029963
12 76 0 8 0.029812913388
17 33 0 8 0.0297668408602
42 81 0 8 0.0297586489469
10 59 0 8 0.0297386292368
60 77 0 8 0.0297286491841
6 63 0 8 0.0297022592276
45 80 0 8 0.0296813230962
36 44 0 8 0.0296676196158
8 21 0 8 0.02964428626
8 38 0 8 0.0296430308372
7 45 0 8 0.0296148378402
3 81 0 8 0.0296102892607
61 73 0 8 0.0295835062861
13 65 0 8 0.0295749325305
18 47 0 8 0.0295141413808
12 30 0 8 0.0295014753938
1 21 0 8 0.0294933412224
63 67 0 8 0.0294539481401
11 63 0 8 0.0294487010688
53 84 0 8 0.029439823702
21 32 0 8 0.0294214822352
16 68 0 8 0.0293955337256
47 69 0 8 0.0293880123645
44 66 0 8 0.0293249804527
21 77 0 8 0.0292891487479
70 84 0 8 0.0292487740517
24 82 0 8 0.0291916206479
8 79 0 8 0.0291891135275
66 80 0 8 0.0291862357408
14 76 0 8 0.029186045751
3 64 0 8 0.0291285719723
8 63 0 8 0.0291229970753
36 54 0 8 0.0291157774627
21 35 0 8 0.0291034467518
29 53 0 8 0.0290542542934
26 35 0 8 0.0289860256016
22 61 0 8 0.0289831459522
53 68 0 8 0.0289236139506
67 80 0 8 0.0288376770914
1 14 0 8 0.0288215819746
16 80 0 8 0.0287682879716
6 75 0 8 0.0287343263626
2 45 0 8 0.0287152640522
61 75 0 8 0.0286791566759
2 40 0 8 0.0286371130496
19 48 0 8 0.0286291688681
3 21 0 8 0.0285938233137
10 47 0 8 0.0285799466074
36 43 0 8 0.0285764187574
10 79 0 8 0.0285299606621
20 32 0 8 0.0285204667598
19 31 0 8 0.028507521376
26 45 0 8 0.0285011772066
11 38 0 8 0.0284610334784
2 81 0 8 0.0284479837865
11 78 0 8 0.0284471865743
45 84 0 8 0.0284406840801
8 64 0 8 0.0284178853035
6 65 0 8 0.0284098759294
7 49 0 8 0.0283368770033
17 46 0 8 0.0283166449517
8 74 0 8 0.028313850984
17 48 0 8 0.0283069908619
37 43 0 8 0.0282882023603
29 74 0 8 0.0282814856619
22 66 0 8 0.0282602179796
16 70 0 8 0.0282025225461
24 73 0 8 0.0280392840505
60 80 0 8 0.028034331277
12 68 0 8 0.0280280448496
7 78 0 8 0.0280256941915
36 51 0 8 0.028023082763
3 47 0 8 0.0279860198498
2 24 0 8 0.0279833860695
37 57 0 8 0.0279669519514
26 49 0 8 0.0279405061156
3 14 0 8 0.0278909280896
27 45 0 8 0.0278798509389
16 56 0 8 0.0278438683599
30 55 0 8 0.0278286673129
47 84 0 8 0.0278005450964
43 72 0 8 0.0277987401932
43 61 0 8 0.0277529656887
11 23 0 8 0.027729254216
40 43 0 8 0.0276947263628
27 55 0 8 0.0276425667107
48 79 0 8 0.0276403091848
11 65 0 8 0.0276357363909
18 66 0 8 0.0275916010141
6 30 0 8 0.027558863163
7 81 0 8 0.0275423564017
2 80 0 8 0.0275369286537
11 36 0 8 0.0274626165628
6 56 0 8 0.0274378173053
21 45 0 8 0.0274133142084
14 49 0 8 0.0273145269603
66 84 0 8 0.0273056477308
22 42 0 8 0.0272212382406
17 70 0 8 0.0271953959018
3 63 0 8 0.0271333418787
12 66 0 8 0.0270862597972
7 30 0 8 0.0270508993417
71 83 0 8 0.0270355287939
19 59 0 8 0.0270079802722
23 62 0 8 0.0270031858236
19 32 0 8 0.0269679594785
49 76 0 8 0.0269563123584
47 56 0 8 0.0268762260675
10 82 0 8 0.0268394500017
16 77 0 8 0.0267668962479
2 27 0 8 0.0267025586218
44 69 0 8 0.0266979355365
2 39 0 8 0.0266849230975
61 71 0 8 0.0266419444233
36 46 0 8 0.0266297291964
35 61 0 8 0.0265852771699
47 74 0 8 0.026547215879
38 68 0 8 0.0265203975141
9 25 0 8 0.026518618688
51 62 0 8 0.0263920426369
44 49 0 8 0.0263747032732
11 62 0 8 0.0263627693057
22 64 0 8 0.0263420492411
29 78 0 8 0.0262826774269
21 34 0 8 0.0262336954474
11 28 0 8 0.0262335240841
13 35 0 8 0.0262314043939
6 32 0 8 0.0261737648398
6 73 0 8 0.026129687205
34 61 0 8 0.0261239074171
24 35 0 8 0.0261187683791
11 39 0 8 0.0260938480496
27 48 0 8 0.0260795839131
6 55 0 8 0.0260616298765
27 34 0 8 0.0260481741279
25 55 0 8 0.0259770881385
6 33 0 8 0.0259444545954
5 82 0 8 0.0259430147707
49 83 0 8 0.0259313285351
33 49 0 8 0.0259174145758
43 49 0 8 0.0258244760334
14 68 0 8 0.0257932860404
69 78 0 8 0.0257690083236
47 77 0 8 0.0257664360106
7 27 0 8 0.025713827461
4 45 0 8 0.0257087089121
18 35 0 8 0.0256737358868
47 78 0 8 0.0256611444056
16 46 0 8 0.0256409253925
47 82 0 8 0.0255451519042
8 32 0 8 0.0254677701741
23 66 0 8 0.0254607331008
48 66 0 8 0.0254227835685
19 35 0 8 0.0253907609731
11 71 0 8 0.0253847558051
48 74 0 8 0.0253826864064
60 82 0 8 0.0253704618663
15 68 0 8 0.0253587737679
68 79 0 8 0.0253247078508
48 73 0 8 0.0253209192306
61 77 0 8 0.0252900328487
11 31 0 8 0.0252831336111
5 38 0 8 0.0252464152873
29 57 0 8 0.0252285245806
37 74 0 8 0.0251990258694
61 74 0 8 0.0251926444471
11 40 0 8 0.0251852627844
62 80 0 8 0.0251216497272
5 67 0 8 0.0250702369958
20 71 0 8 0.0250513274223
62 81 0 8 0.0250291675329
17 32 0 8 0.0249790307134
35 56 0 8 0.0249428693205
8 34 0 8 0.0249417498708
3 65 0 8 0.0249272920191
69 80 0 8 0.0249256119132
17 34 0 8 0.0249167829752
20 81 0 8 0.0249150451273
12 75 0 8 0.0249053388834
1 16 0 8 0.0248982813209
2 84 0 8 0.0248787999153
67 81 0 8 0.0248654019088
45 69 0 8 0.0248207319528
19 38 0 8 0.0248025190085
24 74 0 8 0.0247971899807
1 30 0 8 0.0247706957161
5 54 0 8 0.0247634388506
10 15 0 8 0.0247356090695
29 69 0 8 0.0247116088867
9 26 0 8 0.0247014164925
60 83 0 8 0.0246380325407
49 54 0 8 0.0246252249926
10 25 0 8 0.0246240850538
7 38 0 8 0.0246004257351
47 83 0 8 0.0245199743658
13 48 0 8 0.0245147850364
7 52 0 8 0.0244385004044
29 58 0 8 0.0244224090129
22 77 0 8 0.024398425594
18 58 0 8 0.0243789441884
70 83 0 8 0.0243726223707
43 71 0 8 0.0243455599993
68 80 0 8 0.0243267025799
20 47 0 8 0.0242725852877
69 83 0 8 0.024249156937
9 76 0 8 0.0242390669882
19 54 0 8 0.0242147799581
6 66 0 8 0.0242052562535
30 57 0 8 0.0241725947708
26 54 0 8 0.0241188537329
23 79 0 8 0.0240773614496
6 18 0 8 0.0240616705269
20 30 0 8 0.0240598842502
33 52 0 8 0.0240415781736
31 45 0 8 0.0240341443568
8 61 0 8 0.0239940751344
26 60 0 8 0.023979049176
4 69 0 8 0.0239630956203
42 82 0 8 0.0239388048649
23 49 0 8 0.023930683732
22 34 0 8 0.0238657910377
38 69 0 8 0.0238573495299
26 66 0 8 0.0238431748003
23 48 0 8 0.0238414537162
47 67 0 8 0.0238366164267
60 70 0 8 0.023833874613
1 28 0 8 0.0237965676934
43 60 0 8 0.0237678159028
5 83 0 8 0.0237388517708
18 38 0 8 0.0237319748849
4 30 0 8 0.0237317252904
47 75 0 8 0.0237249545753
59 83 0 8 0.023712547496
19 25 0 8 0.0236790515482
22 63 0 8 0.0236347652972
49 84 0 8 0.0236301217228
4 22 0 8 0.0235834661871
71 80 0 8 0.0235751494765
4 28 0 8 0.0235665403306
2 78 0 8 0.023549599573
10 50 0 8 0.0235217642039
16 59 0 8 0.0235198047012
1 23 0 8 0.0235025845468
48 69 0 8 0.0235019885004
58 81 0 8 0.0234950724989
32 51 0 8 0.0234573762864
47 76 0 8 0.0234327632934
6 53 0 8 0.0234307982028
16 27 0 8 0.0234221369028
41 82 0 8 0.023415075615
49 81 0 8 0.023403884843
13 57 0 8 0.0233743619174
17 74 0 8 0.0233574733138
8 77 0 8 0.0232666451484
17 60 0 8 0.023216208443
33 50 0 8 0.0232001077384
69 85 0 8 0.0231425799429
21 84 0 8 0.0231370776892
59 82 0 8 0.0231292713434
19 85 0 8 0.0231113769114
13 83 0 8 0.0231027491391
8 80 0 8 0.023088240996
36 50 0 8 0.0230833813548
41 49 0 8 0.0230810362846
22 33 0 8 0.0230397488922
14 72 0 8 0.0230312589556
2 44 0 8 0.023007189855
11 42 0 8 0.0230042580515
12 58 0 8 0.0229868143797
8 27 0 8 0.0229846872389
5 77 0 8 0.0229509714991
16 28 0 8 0.0229462124407
7 54 0 8 0.0228891801089
36 52 0 8 0.0228618830442
2 47 0 8 0.0228572972119
42 83 0 8 0.0228371024132
27 53 0 8 0.0228284318
3 15 0 8 0.0228282716125
18 32 0 8 0.0227596648037
37 46 0 8 0.0227587837726
68 75 0 8 0.022744609043
45 81 0 8 0.0227440427989
61 83 0 8 0.0227424632758
1 29 0 8 0.022736646235
13 75 0 8 0.0227226167917
23 53 0 8 0.0227028820664
71 81 0 8 0.0226714238524
2 17 0 8 0.0226669535041
68 76 0 8 0.0226573236287
19 50 0 8 0.0226509142667
44 81 0 8 0.0226327758282
2 79 0 8 0.0225899275392
16 69 0 8 0.022585099563
38 82 0 8 0.0225595831871
14 61 0 8 0.0225372035056
35 51 0 8 0.0225055404007
5 37 0 8 0.0224763732404
34 56 0 8 0.0224734190851
20 33 0 8 0.0224635638297
37 73 0 8 0.0224328525364
8 75 0 8 0.0224300287664
16 44 0 8 0.0224264133722
73 82 0 8 0.0224116258323
33 46 0 8 0.0223945248872
71 84 0 8 0.0223738327622
27 66 0 8 0.0223611369729
4 81 0 8 0.0223604757339
20 72 0 8 0.0223381742835
59 84 0 8 0.0223312601447
29 72 0 8 0.0223290640861
30 64 0 8 0.0223127268255
7 61 0 8 0.0222972743213
9 13 0 8 0.0222962759435
65 85 0 8 0.0222704485059
39 84 0 8 0.022260883823
2 16 0 8 0.0222597699612
4 56 0 8 0.0222557224333
69 84 0 8 0.0222480911762
18 73 0 8 0.0222471933812
35 78 0 8 0.0222302526236
40 46 0 8 0.0222047232091
24 60 0 8 0.0222046356648
37 82 0 8 0.0221917591989
32 62 0 8 0.0221693329513
49 75 0 8 0.0221637375653
23 82 0 8 0.0221622698009
6 38 0 8 0.0221307110041
13 26 0 8 0.0221119280905
3 45 0 8 0.0220979712903
10 32 0 8 0.0220684949309
11 35 0 8 0.0220670960844
19 73 0 8 0.0220635347068
14 85 0 8 0.0220479480922
31 51 0 8 0.0220456197858
57 85 0 8 0.0220300853252
41 71 0 8 0.0219879839569
33 51 0 8 0.0219729971141
8 35 0 8 0.0219581853598
26 77 0 8 0.0219422914088
14 32 0 8 0.0218986943364
1 17 0 8 0.0218869410455
46 81 0 8 0.0218746252358
14 84 0 8 0.0218334645033
71 82 0 8 0.0218313727528
36 73 0 8 0.0218021105975
24 72 0 8 0.0217933095992
1 20 0 8 0.0217546857893
72 83 0 8 0.0217112805694
5 14 0 8 0.0216859634966
49 78 0 8 0.02168202959
9 31 0 8 0.0216605253518
31 55 0 8 0.0216509886086
43 69 0 8 0.0216456670314
39 82 0 8 0.0216421429068
29 82 0 8 0.0216370243579
46 83 0 8 0.0216335523874
30 47 0 8 0.0216096043587
25 34 0 8 0.0216022077948
13 56 0 8 0.0216006245464
13 80 0 8 0.0215971264988
53 62 0 8 0.0215879958123
11 75 0 8 0.0215877648443
38 43 0 8 0.0215844716877
35 47 0 8 0.0215747505426
45 85 0 8 0.0215679276735
18 31 0 8 0.0215516164899
9 15 0 8 0.0215463228524
42 49 0 8 0.0215360708535
47 57 0 8 0.0215327758342
26 52 0 8 0.0215260516852
5 48 0 8 0.0215174555779
17 25 0 8 0.021515795961
14 59 0 8 0.0214319899678
4 23 0 8 0.0214172452688
3 27 0 8 0.0214172136039
15 53 0 8 0.0214166548103
5 15 0 8 0.021415874362
37 72 0 8 0.02141495049
70 85 0 8 0.0214110948145
19 70 0 8 0.0214084777981
38 56 0 8 0.0213897395879
22 47 0 8 0.0213886201382
4 67 0 8 0.0213757194579
24 80 0 8 0.0213197339326
18 39 0 8 0.0213023182005
4 14 0 8 0.0212780553848
19 56 0 8 0.0212656259537
54 59 0 8 0.0212514288723
7 58 0 8 0.0212377421558
68 77 0 8 0.0212338156998
25 51 0 8 0.0212309770286
18 33 0 8 0.0212191995233
49 71 0 8 0.0212188903242
3 19 0 8 0.0212032198906
4 80 0 8 0.0211971141398
7 39 0 8 0.0211766902357
35 44 0 8 0.0211613010615
62 70 0 8 0.0211526025087
17 72 0 8 0.0211450755596
26 46 0 8 0.0211429577321
12 35 0 8 0.0211382228881
1 82 0 8 0.0211273897439
58 82 0 8 0.021124266088
13 40 0 8 0.0211167223752
4 71 0 8 0.0210922379047
2 65 0 8 0.0210703387856
28 53 0 8 0.0210661552846
61 80 0 8 0.0210489910096
12 71 0 8 0.0210088901222
16 25 0 8 0.0209995321929
10 17 0 8 0.0209968220443
4 77 0 8 0.0209844056517
18 80 0 8 0.0209805425256
60 84 0 8 0.0209564417601
5 25 0 8 0.0209545977414
7 72 0 8 0.020934548229
47 85 0 8 0.0209296513349
36 47 0 8 0.0209286659956
7 46 0 8 0.0209272056818
32 61 0 8 0.0209234971553
3 79 0 8 0.0209046043456
35 80 0 8 0.0208743363619
8 43 0 8 0.0208706427366
58 83 0 8 0.0208705607802
17 68 0 8 0.0208672117442
10 74 0 8 0.0208671651781
61 66 0 8 0.020846363157
8 18 0 8 0.0208458825946
7 77 0 8 0.0208417084068
55 85 0 8 0.0208311416209
21 44 0 8 0.0208287164569
12 74 0 8 0.0208207387477
48 84 0 8 0.0208159759641
12 55 0 8 0.0208152513951
12 38 0 8 0.0207535587251
18 34 0 8 0.0207511875778
59 66 0 8 0.0207509659231
2 63 0 8 0.0207425281405
34 78 0 8 0.020738799125
69 82 0 8 0.0207338705659
7 47 0 8 0.0207216460258
36 57 0 8 0.020694391802
61 72 0 8 0.0206939131021
3 38 0 8 0.0206873659045
23 80 0 8 0.0206827986985
27 64 0 8 0.0206630080938
48 76 0 8 0.0206443537027
36 58 0 8 0.0206357240677
47 79 0 8 0.020622253418
9 52 0 8 0.0205874685198
19 76 0 8 0.0205842480063
4 15 0 8 0.0205736868083
1 81 0 8 0.0205688718706
38 57 0 8 0.0205631181598
37 77 0 8 0.020512022078
4 82 0 8 0.0204840749502
22 65 0 8 0.0204838383943
19 68 0 8 0.0204699728638
37 44 0 8 0.0204574912786
37 75 0 8 0.0204397588968
13 71 0 8 0.0204295404255
62 84 0 8 0.0204190090299
33 57 0 8 0.0204126257449
14 33 0 8 0.020399203524
9 81 0 8 0.0203898102045
50 68 0 8 0.0203569345176
40 49 0 8 0.020351305604
5 76 0 8 0.0203494951129
19 53 0 8 0.0203411895782
39 85 0 8 0.0203242152929
26 55 0 8 0.0202916562557
49 77 0 8 0.0202719010413
28 82 0 8 0.0202694628388
19 84 0 8 0.020246449858
29 66 0 8 0.0202338974923
3 46 0 8 0.0202230587602
8 17 0 8 0.0201998893172
37 83 0 8 0.0201946906745
28 58 0 8 0.0201935581863
8 81 0 8 0.0201852656901
15 47 0 8 0.0201748851687
11 34 0 8 0.0201731529087
1 8 0 8 0.0201702918857
3 17 0 8 0.0201379116625
58 84 0 8 0.0201011467725
5 85 0 8 0.0200820155442
33 64 0 8 0.020079029724
13 33 0 8 0.0200708135962
44 83 0 8 0.0200671926141
59 67 0 8 0.0200380794704
18 57 0 8 0.0200245641172
48 82 0 8 0.0200232174248
10 27 0 8 0.0200226455927
61 79 0 8 0.0200114399195
4 18 0 8 0.0200074892491
30 54 0 8 0.0200057178736
67 83 0 8 0.0199823118746
5 31 0 8 0.0199775043875
9 27 0 8 0.0199749935418
6 69 0 8 0.019947765395
9 60 0 8 0.0199468657374
10 62 0 8 0.0199388414621
17 28 0 8 0.0199373625219
18 72 0 8 0.0198928341269
22 31 0 8 0.0198866799474
14 58 0 8 0.0198838673532
66 81 0 8 0.0198712237179
1 27 0 8 0.0198688283563
24 68 0 8 0.0198511425406
1 83 0 8 0.0198353901505
2 25 0 8 0.0198035892099
1 15 0 8 0.0198009647429
63 69 0 8 0.0197993591428
18 25 0 8 0.0197969358414
26 71 0 8 0.0197863951325
13 45 0 8 0.0197821222246
4 40 0 8 0.0197725407779
1 24 0 8 0.0197631530464
16 34 0 8 0.019761281088
36 45 0 8 0.0197603125125
5 68 0 8 0.0197439938784
8 13 0 8 0.0197393707931
42 62 0 8 0.0197271443903
37 47 0 8 0.0197259783745
23 85 0 8 0.019720999524
8 22 0 8 0.0197103098035
44 84 0 8 0.0197025574744
67 84 0 8 0.019628688693
29 62 0 8 0.0196265038103
1 26 0 8 0.0196238718927
10 14 0 8 0.0195908136666
28 79 0 8 0.0195845365524
48 83 0 8 0.0195736754686
28 67 0 8 0.0195362251252
4 41 0 8 0.0195354167372
60 85 0 8 0.0195285808295
2 26 0 8 0.0195252485573
61 84 0 8 0.0195202883333
25 66 0 8 0.0195058882236
12 53 0 8 0.019498532638
38 72 0 8 0.0194956157357
35 60 0 8 0.0194908548146
18 70 0 8 0.0194858442992
4 65 0 8 0.0194695703685
27 74 0 8 0.0194461159408
14 66 0 8 0.0194264315069
16 67 0 8 0.0194005295634
45 82 0 8 0.0193859934807
6 74 0 8 0.0193724874407
2 64 0 8 0.0193682406098
13 79 0 8 0.0193638652563
5 66 0 8 0.0193301644176
3 30 0 8 0.0193220581859
7 31 0 8 0.0193164180964
29 77 0 8 0.0193016994745
61 81 0 8 0.0193000603467
3 80 0 8 0.0192994568497
55 84 0 8 0.0192942991853
5 32 0 8 0.0192899722606
19 61 0 8 0.019272569567
66 85 0 8 0.0192471891642
5 84 0 8 0.0192255359143
11 74 0 8 0.0191873423755
31 46 0 8 0.0191760975868
22 32 0 8 0.0191625729203
26 34 0 8 0.0191386751831
29 68 0 8 0.0191283263266
31 56 0 8 0.0191071014851
27 63 0 8 0.0191058609635
4 26 0 8 0.019102897495
62 66 0 8 0.0190934687853
43 83 0 8 0.019083943218
22 80 0 8 0.0190613996238
29 60 0 8 0.019056674093
44 85 0 8 0.0190468542278
37 81 0 8 0.0190292708576
12 56 0 8 0.0190138071775
27 58 0 8 0.0190011188388
28 62 0 8 0.0189914945513
22 40 0 8 0.0189567655325
43 62 0 8 0.0189335923642
13 22 0 8 0.0189178287983
5 62 0 8 0.0189001057297
73 81 0 8 0.0188916586339
34 51 0 8 0.0188864842057
27 70 0 8 0.0188780296594
15 81 0 8 0.018850337714
32 53 0 8 0.0188398193568
69 81 0 8 0.0188301727176
1 32 0 8 0.0188184566796
4 19 0 8 0.0188170466572
19 81 0 8 0.0188115332276
9 61 0 8 0.0187995918095
32 55 0 8 0.0187819562852
2 38 0 8 0.0187758225948
43 84 0 8 0.0187739655375
17 55 0 8 0.0187529120594
67 82 0 8 0.0187329314649
21 31 0 8 0.0187054332346
2 19 0 8 0.0186882857233
4 31 0 8 0.0186799671501
6 49 0 8 0.0186645314097
13 84 0 8 0.0186629593372
35 49 0 8 0.0186613444239
8 46 0 8 0.0186505205929
10 37 0 8 0.0186450481415
41 83 0 8 0.0186312533915
2 22 0 8 0.0186209641397
2 46 0 8 0.0186192560941
16 35 0 8 0.0186125840992
4 13 0 8 0.0186081249267
3 43 0 8 0.0186032764614
46 84 0 8 0.0185589622706
8 15 0 8 0.0185253806412
38 45 0 8 0.0185112748295
6 62 0 8 0.0184912085533
19 55 0 8 0.0184414442629
30 73 0 8 0.018426021561
33 47 0 8 0.0184174198657
18 56 0 8 0.0184093974531
38 61 0 8 0.0183892659843
62 85 0 8 0.0183721706271
2 85 0 8 0.0183390192688
20 84 0 8 0.0183273144066
54 60 0 8 0.0183180682361
5 27 0 8 0.0183043256402
9 35 0 8 0.0183026306331
29 83 0 8 0.0183017309755
46 68 0 8 0.0182926170528
9 32 0 8 0.0182870011777
11 52 0 8 0.0182826276869
16 81 0 8 0.0182690061629
10 40 0 8 0.0182510130107
9 14 0 8 0.0182325672358
32 57 0 8 0.0182262863964
5 18 0 8 0.0182200409472
11 25 0 8 0.0181934218854
33 54 0 8 0.0181918144226
5 46 0 8 0.0181906800717
68 78 0 8 0.0181877408177
26 75 0 8 0.0181740727276
34 45 0 8 0.0181564930826
61 70 0 8 0.0181532371789
61 82 0 8 0.0181345548481
35 43 0 8 0.0181067213416
14 35 0 8 0.018085828051
14 81 0 8 0.0180774722248
2 30 0 8 0.0180704109371
34 57 0 8 0.0180443357676
3 59 0 8 0.0180346686393
26 68 0 8 0.0180310029536
23 67 0 8 0.0180280450732
37 84 0 8 0.0180097911507
5 52 0 8 0.0180070288479
24 81 0 8 0.0179948955774
45 60 0 8 0.0179851893336
19 69 0 8 0.0179667975754
34 80 0 8 0.0179532505572
1 85 0 8 0.0179521646351
20 61 0 8 0.0179415345192
48 80 0 8 0.0179397203028
1 22 0 8 0.0179374087602
5 33 0 8 0.0179366692901
23 60 0 8 0.0179310012609
36 72 0 8 0.0179155580699
14 83 0 8 0.0179142989218
68 84 0 8 0.0179130155593
63 68 0 8 0.0179047137499
67 85 0 8 0.0178984515369
31 47 0 8 0.0178887043148
11 57 0 8 0.0178836621344
18 54 0 8 0.0178813841194
20 31 0 8 0.0178579371423
66 83 0 8 0.0178344585001
9 16 0 8 0.017796702683
33 55 0 8 0.0177954193205
17 54 0 8 0.017789086327
25 79 0 8 0.0177737716585
28 59 0 8 0.0177584253252
18 52 0 8 0.0177544597536
28 85 0 8 0.0177450068295
35 45 0 8 0.0177340731025
4 64 0 8 0.0176957547665
32 73 0 8 0.0176901444793
7 13 0 8 0.0176683161408
13 25 0 8 0.0176435951144
16 55 0 8 0.017606863752
35 50 0 8 0.0176048763096
22 69 0 8 0.0176006201655
9 83 0 8 0.0175934564322
26 69 0 8 0.0175535641611
33 59 0 8 0.0175470430404
4 54 0 8 0.017543271184
32 54 0 8 0.0175417102873
36 66 0 8 0.0175292380154
47 68 0 8 0.0175238531083
3 39 0 8 0.0175131838769
13 85 0 8 0.0175114534795
24 71 0 8 0.0174839347601
6 58 0 8 0.017475169152
3 72 0 8 0.0174605287611
45 71 0 8 0.0174569319934
41 47 0 8 0.0174523834139
17 31 0 8 0.0174494162202
25 64 0 8 0.0174458120018
52 60 0 8 0.0174355730414
1 25 0 8 0.0174162071198
19 83 0 8 0.0173908807337
28 74 0 8 0.0173813328147
17 71 0 8 0.0173775274307
58 85 0 8 0.0173755828291
5 13 0 8 0.0173687301576
9 73 0 8 0.0173678249121
3 78 0 8 0.0173676796257
31 53 0 8 0.0173563305289
18 75 0 8 0.0173346642405
7 55 0 8 0.0173190739006
7 73 0 8 0.0173178743571
55 60 0 8 0.0173110011965
8 83 0 8 0.017298148945
68 83 0 8 0.0172644220293
8 26 0 8 0.0172603037208
6 83 0 8 0.0172457825392
19 58 0 8 0.0172421317548
27 68 0 8 0.0172333996743
58 67 0 8 0.0172232668847
22 74 0 8 0.0172010026872
4 25 0 8 0.0171675831079
22 83 0 8 0.0171674862504
17 85 0 8 0.0171208679676
35 57 0 8 0.0170976687223
23 71 0 8 0.0170709658414
25 48 0 8 0.0170296654105
4 78 0 8 0.017024692148
31 61 0 8 0.0170079600066
9 77 0 8 0.0170067884028
9 82 0 8 0.0170020125806
12 63 0 8 0.0169996395707
23 81 0 8 0.0169776994735
14 34 0 8 0.0169541593641
30 63 0 8 0.016939599067
35 52 0 8 0.016939567402
21 53 0 8 0.0169324688613
15 32 0 8 0.0169268287718
15 59 0 8 0.0169016923755
68 85 0 8 0.0168520938605
6 68 0 8 0.0168242994696
33 58 0 8 0.0168183688074
30 80 0 8 0.016817683354
26 79 0 8 0.0168159324676
4 39 0 8 0.0168132353574
10 16 0 8 0.0167901422828
68 82 0 8 0.0167760103941
8 31 0 8 0.0167751051486
2 49 0 8 0.0167687125504
29 85 0 8 0.0167675726116
15 61 0 8 0.0167375374585
34 60 0 8 0.016733692959
6 48 0 8 0.016721168533
20 68 0 8 0.0167016796768
17 82 0 8 0.0166977029294
33 61 0 8 0.0166846886277
25 80 0 8 0.016677280888
25 71 0 8 0.0166703294963
12 31 0 8 0.0166629683226
35 82 0 8 0.0166594069451
22 85 0 8 0.0166535191238
21 62 0 8 0.0166415832937
22 70 0 8 0.0165911074728
22 75 0 8 0.0165823046118
3 16 0 8 0.0165798142552
32 58 0 8 0.016571180895
22 82 0 8 0.016559092328
7 59 0 8 0.0165563970804
14 82 0 8 0.0165535975248
4 83 0 8 0.0165510885417
36 82 0 8 0.0165341310203
45 67 0 8 0.0165187846869
2 43 0 8 0.0164927616715
24 83 0 8 0.016464298591
30 53 0 8 0.0164441969246
1 47 0 8 0.0164424367249
4 47 0 8 0.0164298657328
5 73 0 8 0.016429612413
38 83 0 8 0.0164276454598
1 18 0 8 0.0163917355239
66 82 0 8 0.0163772255182
72 81 0 8 0.0163566842675
43 85 0 8 0.0163479018956
33 60 0 8 0.0163193941116
35 54 0 8 0.0163149386644
8 37 0 8 0.0163138005883
17 66 0 8 0.0163090862334
22 53 0 8 0.0162828285247
12 61 0 8 0.0162786208093
11 85 0 8 0.0162722077221
30 85 0 8 0.0162676982582
32 64 0 8 0.0162618458271
28 77 0 8 0.0162360444665
40 71 0 8 0.0162136536092
38 73 0 8 0.0162047110498
1 40 0 8 0.0161976125091
18 67 0 8 0.0161915738136
1 19 0 8 0.016179477796
6 61 0 8 0.0161572229117
30 65 0 8 0.0161422751844
16 82 0 8 0.0161369349808
37 70 0 8 0.0161327589303
1 80 0 8 0.0161267947406
28 84 0 8 0.0161203276366
34 50 0 8 0.0161097347736
11 58 0 8 0.0160990152508
13 34 0 8 0.0160980634391
13 53 0 8 0.0160979498178
28 75 0 8 0.0160802789032
43 81 0 8 0.0160799529403
16 84 0 8 0.0160781666636
16 31 0 8 0.0160757675767
22 49 0 8 0.0160698257387
9 68 0 8 0.0160289220512
1 33 0 8 0.0160152316093
25 78 0 8 0.0159973502159
28 76 0 8 0.0159910675138
61 85 0 8 0.0159909036011
6 14 0 8 0.0159845817834
2 52 0 8 0.0159672275186
7 82 0 8 0.0159664247185
22 58 0 8 0.0159645974636
5 72 0 8 0.0159627310932
4 38 0 8 0.0159613396972
3 77 0 8 0.0159570034593
59 85 0 8 0.0159486271441
5 59 0 8 0.0159327406436
3 51 0 8 0.0159233156592
23 83 0 8 0.0159175992012
5 26 0 8 0.0159060116857
35 55 0 8 0.0159019064158
36 75 0 8 0.0159016307443
14 80 0 8 0.0158956032246
42 61 0 8 0.0158922374249
36 59 0 8 0.0158916860819
26 83 0 8 0.0158851183951
41 84 0 8 0.0158593691885
4 43 0 8 0.0158392414451
25 63 0 8 0.0158032476902
40 48 0 8 0.0157933793962
27 56 0 8 0.0157856140286
36 83 0 8 0.0157806947827
16 32 0 8 0.0157784875482
30 48 0 8 0.0157738681883
39 45 0 8 0.0157721359283
33 62 0 8 0.0157593358308
1 84 0 8 0.0157487783581
24 67 0 8 0.0157442912459
5 35 0 8 0.0157215557992
3 50 0 8 0.0156900864094
33 69 0 8 0.0156815089285
7 76 0 8 0.0156788658351
60 69 0 8 0.0156639944762
16 85 0 8 0.0156581960618
38 71 0 8 0.0156287867576
32 65 0 8 0.0156142404303
15 31 0 8 0.0156121356413
7 57 0 8 0.0156061863527
2 37 0 8 0.0156019227579
18 62 0 8 0.0155954957008
40 63 0 8 0.0155836259946
25 77 0 8 0.0155814448372
27 51 0 8 0.0155747774988
2 51 0 8 0.015566399321
48 81 0 8 0.0155641790479
17 53 0 8 0.0155232958496
38 74 0 8 0.0155193693936
12 60 0 8 0.0155091146007
30 82 0 8 0.0154676036909
13 68 0 8 0.0154671110213
32 56 0 8 0.0154646784067
2 77 0 8 0.0154423406348
17 61 0 8 0.0154395569116
18 61 0 8 0.0154346367344
5 58 0 8 0.0154314478859
3 49 0 8 0.0154302455485
22 68 0 8 0.01540541742
22 60 0 8 0.0154022285715
1 64 0 8 0.0154016995803
17 81 0 8 0.0153991766274
25 56 0 8 0.0153927868232
33 56 0 8 0.0153918983415
1 79 0 8 0.0153859369457
8 76 0 8 0.0153776900843
4 44 0 8 0.0153600974008
8 84 0 8 0.0153487650678
23 84 0 8 0.015317347832
16 53 0 8 0.0153139093891
34 59 0 8 0.0153045142069
3 48 0 8 0.0153007069603
44 82 0 8 0.01527325809
14 67 0 8 0.0152690131217
8 51 0 8 0.0152667909861
34 52 0 8 0.015265234746
55 61 0 8 0.0152400173247
1 45 0 8 0.0152190281078
14 22 0 8 0.0151869952679
10 49 0 8 0.0151850264519
13 81 0 8 0.0151643613353
14 53 0 8 0.0151642970741
23 74 0 8 0.01514745038
16 33 0 8 0.0151377795264
15 54 0 8 0.0150959007442
35 69 0 8 0.01509551052
4 32 0 8 0.015094098635
48 54 0 8 0.0150882098824
13 58 0 8 0.0150855667889
1 43 0 8 0.0150853758678
13 72 0 8 0.0150811821222
19 72 0 8 0.0150744123384
21 81 0 8 0.0150623247027
8 65 0 8 0.0150238340721
8 16 0 8 0.0150196710601
25 58 0 8 0.0150066046044
2 18 0 8 0.0149984592572
3 26 0 8 0.0149913886562
15 35 0 8 0.014978684485
23 61 0 8 0.014968669042
9 55 0 8 0.0149459205568
29 84 0 8 0.0149121275172
7 34 0 8 0.0148828690872
37 49 0 8 0.0148704582825
49 68 0 8 0.0148620018736
27 80 0 8 0.0148566616699
36 53 0 8 0.0148477870971
30 72 0 8 0.0148398866877
32 77 0 8 0.0148234227672
9 66 0 8 0.0148189105093
3 22 0 8 0.0148079302162
11 83 0 8 0.0147958230227
2 69 0 8 0.0147762270644
7 48 0 8 0.0147712239996
21 76 0 8 0.0147682679817
1 31 0 8 0.0147682121024
7 15 0 8 0.014764001593
5 19 0 8 0.0147288627923
34 54 0 8 0.0147272301838
5 16 0 8 0.0147014297545
12 81 0 8 0.0146976523101
3 44 0 8 0.0146939242259
34 62 0 8 0.0146872848272
23 33 0 8 0.014681708999
4 85 0 8 0.014679771848
38 75 0 8 0.0146746551618
36 74 0 8 0.0146571183577
29 70 0 8 0.0146555276588
8 67 0 8 0.0146495513618
18 50 0 8 0.0146475769579
9 63 0 8 0.0146401664242
39 49 0 8 0.014627693221
62 67 0 8 0.0146184926853
4 46 0 8 0.0145966466516
1 42 0 8 0.0145536363125
12 73 0 8 0.0145497452468
48 78 0 8 0.014546982944
5 49 0 8 0.0145408120006
9 74 0 8 0.0145306345075
38 81 0 8 0.0145019441843
14 55 0 8 0.0144954025745
30 83 0 8 0.0144841475412
1 34 0 8 0.0144828213379
23 31 0 8 0.0144784655422
24 34 0 8 0.0144671825692
10 84 0 8 0.0144650200382
26 53 0 8 0.0144579997286
25 49 0 8 0.0144532248378
2 41 0 8 0.014452653937
46 85 0 8 0.014440969564
44 68 0 8 0.0144399721175
21 71 0 8 0.0144377332181
13 52 0 8 0.0144349308684
27 83 0 8 0.0144238639623
5 69 0 8 0.0144226495177
23 45 0 8 0.0144089646637
3 41 0 8 0.0143896713853
34 49 0 8 0.0143784768879
22 79 0 8 0.0143569288775
36 65 0 8 0.0143434535712
4 73 0 8 0.0143413506448
2 75 0 8 0.0143251754344
59 68 0 8 0.0142964608967
10 83 0 8 0.0142775988206
34 47 0 8 0.0142749268562
4 50 0 8 0.0142653360963
13 70 0 8 0.0142579823732
8 82 0 8 0.0142469415441
12 54 0 8 0.0142458369955
23 73 0 8 0.0142431724817
28 72 0 8 0.0142407016829
7 33 0 8 0.0142315616831
68 81 0 8 0.0142169520259
5 70 0 8 0.0142168374732
33 53 0 8 0.0142155019566
1 52 0 8 0.014201335609
6 35 0 8 0.0141982249916
30 84 0 8 0.0141974715516
23 34 0 8 0.0141810756177
35 81 0 8 0.0141778700054
21 54 0 8 0.0141769237816
3 61 0 8 0.0141475377604
33 72 0 8 0.0141435740516
33 65 0 8 0.0141427498311
32 76 0 8 0.0141387749463
3 56 0 8 0.0141200572252
53 61 0 8 0.0141155244783
7 16 0 8 0.0141052091494
22 76 0 8 0.0141042405739
7 83 0 8 0.0141025902703
20 85 0 8 0.0140952263027
2 48 0 8 0.0140908537433
25 85 0 8 0.0140809463337
11 81 0 8 0.0140716359019
3 52 0 8 0.0140631515533
9 69 0 8 0.0140581075102
38 84 0 8 0.014017643407
27 85 0 8 0.0140137355775
8 49 0 8 0.0140133081004
51 60 0 8 0.0140117863193
56 61 0 8 0.0139905111864
61 69 0 8 0.0139860576019
31 54 0 8 0.0139591824263
30 75 0 8 0.0139579344541
19 66 0 8 0.0139499632642
36 77 0 8 0.0139451492578
39 47 0 8 0.0139428023249
28 60 0 8 0.0139288855717
33 77 0 8 0.0138941118494
3 62 0 8 0.0138898594305
6 31 0 8 0.0138894934207
21 72 0 8 0.0138867190108
8 55 0 8 0.0138857653365
58 68 0 8 0.0138840088621
38 70 0 8 0.0138535797596
4 33 0 8 0.013852218166
36 81 0 8 0.01385175623
23 32 0 8 0.0138514759019
36 68 0 8 0.0138512868434
30 79 0 8 0.0138418646529
25 54 0 8 0.0138348499313
29 67 0 8 0.0138305835426
1 44 0 8 0.0138215590268
13 66 0 8 0.013815164566
25 70 0 8 0.0137965576723
38 85 0 8 0.0137869985774
1 48 0 8 0.0137686561793
32 82 0 8 0.01376022771
21 85 0 8 0.0137551547959
34 71 0 8 0.0137484939769
17 69 0 8 0.0137470196933
2 57 0 8 0.0137329269201
10 85 0 8 0.0137194804847
4 57 0 8 0.0137193771079
25 53 0 8 0.0137163316831
13 82 0 8 0.0137008903548
7 14 0 8 0.0136947836727
31 63 0 8 0.0136832399294
45 68 0 8 0.0136667629704
30 61 0 8 0.0136587563902
28 78 0 8 0.01365692541
2 56 0 8 0.0136508373544
44 71 0 8 0.0136289354414
4 84 0 8 0.013610473834
25 68 0 8 0.013610416092
35 46 0 8 0.0136027550325
24 84 0 8 0.0135958855972
18 59 0 8 0.0135768800974
20 48 0 8 0.0135591188446
35 73 0 8 0.0135545600206
23 78 0 8 0.0135539993644
32 72 0 8 0.0135395592079
36 48 0 8 0.0135185085237
18 49 0 8 0.0135099580511
31 85 0 8 0.0135087063536
4 16 0 8 0.0134759880602
4 72 0 8 0.0134696438909
1 78 0 8 0.0134545397013
16 83 0 8 0.0134529834613
30 81 0 8 0.0134529452771
2 59 0 8 0.0134434429929
6 84 0 8 0.0134331770241
14 54 0 8 0.0134183149785
22 73 0 8 0.013414693065
18 79 0 8 0.0134051535279
48 77 0 8 0.0134010678157
60 67 0 8 0.0133902411908
44 61 0 8 0.0133894225582
1 46 0 8 0.0133639350533
32 48 0 8 0.0133578367531
18 71 0 8 0.0133523270488
30 76 0 8 0.0133330374956
5 34 0 8 0.0133260507137
38 47 0 8 0.0133155034855
7 62 0 8 0.0133147630841
33 73 0 8 0.0133020840585
53 60 0 8 0.0132901975885
21 83 0 8 0.0132832089439
3 85 0 8 0.0132818212733
11 55 0 8 0.0132778221741
41 85 0 8 0.0132632367313
21 70 0 8 0.0132550448179
3 73 0 8 0.0132530247793
38 66 0 8 0.0132431574166
34 46 0 8 0.0132332537323
32 83 0 8 0.0132305268198
2 73 0 8 0.01322982274
17 84 0 8 0.013224190101
1 63 0 8 0.0132223553956
35 72 0 8 0.0132222678512
19 82 0 8 0.0132180629298
9 17 0 8 0.0131724206731
4 53 0 8 0.013159763068
23 75 0 8 0.0131327109411
30 66 0 8 0.0131249697879
36 49 0 8 0.0131218452007
3 18 0 8 0.0131179429591
17 56 0 8 0.0131085207686
27 82 0 8 0.0131075466052
14 71 0 8 0.0130923064426
22 81 0 8 0.0130601841956
8 50 0 8 0.0130466390401
31 48 0 8 0.0130154294893
16 71 0 8 0.0129804145545
36 71 0 8 0.0129790334031
32 78 0 8 0.0129770906642
1 38 0 8 0.0129760894924
6 67 0 8 0.0129545610398
25 83 0 8 0.0129491835833
10 75 0 8 0.0129390042275
13 62 0 8 0.0129114212468
11 67 0 8 0.0129051571712
30 62 0 8 0.0129031278193
26 78 0 8 0.0128629431129
30 74 0 8 0.0128563567996
11 66 0 8 0.0128520177677
61 67 0 8 0.0128497928381
32 79 0 8 0.0128482803702
9 71 0 8 0.0128427781165
4 36 0 8 0.0128364320844
4 17 0 8 0.0128262005746
14 57 0 8 0.0128210633993
33 75 0 8 0.0127806421369
3 25 0 8 0.0127705568448
37 76 0 8 0.0127666555345
1 51 0 8 0.0127443121746
31 66 0 8 0.0127371512353
2 50 0 8 0.0127345900983
34 64 0 8 0.012729334645
4 76 0 8 0.0127287656069
2 66 0 8 0.0127284228802
3 57 0 8 0.0127250440419
11 70 0 8 0.012721366249
6 59 0 8 0.0127197671682
2 54 0 8 0.0127171510831
33 74 0 8 0.0127119319513
31 73 0 8 0.0126851787791
21 82 0 8 0.0126811843365
10 39 0 8 0.0126603888348
35 64 0 8 0.0126564493403
31 72 0 8 0.0126412110403
6 71 0 8 0.0126162860543
31 77 0 8 0.0126086371019
2 36 0 8 0.0125777870417
51 61 0 8 0.0125750275329
10 33 0 8 0.0125695699826
35 59 0 8 0.0125497113913
5 60 0 8 0.0125232962891
4 58 0 8 0.0125202899799
22 84 0 8 0.0125137288123
2 32 0 8 0.0125106479973
9 85 0 8 0.0124897230417
31 84 0 8 0.0124774379656
31 57 0 8 0.0124758919701
3 54 0 8 0.0124602979049
34 53 0 8 0.0124497180805
30 59 0 8 0.0124352807179
2 31 0 8 0.0124173685908
54 61 0 8 0.0124171879143
38 44 0 8 0.012396405451
72 80 0 8 0.0123935332522
8 58 0 8 0.0123903183267
3 75 0 8 0.0123822391033
12 36 0 8 0.0123715959489
25 82 0 8 0.0123665742576
2 74 0 8 0.0123252412304
8 19 0 8 0.0123251946643
48 68 0 8 0.0123012093827
2 33 0 8 0.0122754201293
18 85 0 8 0.0122655322775
1 41 0 8 0.012261621654
2 61 0 8 0.0122512541711
3 55 0 8 0.0122462753206
15 84 0 8 0.0122364042327
6 85 0 8 0.0122283436358
7 84 0 8 0.0122210374102
39 46 0 8 0.0122203174978
60 66 0 8 0.0122194197029
7 75 0 8 0.0122176408768
7 70 0 8 0.0122134527192
26 85 0 8 0.0122045911849
38 49 0 8 0.0121832536533
17 83 0 8 0.0121396202594
11 56 0 8 0.0121374577284
1 61 0 8 0.0121225053445
4 59 0 8 0.0121104335412
8 85 0 8 0.0121039999649
30 58 0 8 0.0121026095003
9 84 0 8 0.0121016111225
4 75 0 8 0.0120995761827
30 77 0 8 0.0120961852372
31 59 0 8 0.012094697915
4 52 0 8 0.012090312317
11 82 0 8 0.0120779657736
3 66 0 8 0.0120346583426
7 74 0 8 0.0120332352817
33 76 0 8 0.0120272161439
10 70 0 8 0.0120242414996
12 67 0 8 0.0120232459158
31 83 0 8 0.012015725486
30 60 0 8 0.0120038772002
27 84 0 8 0.0119826104492
1 36 0 8 0.0119468159974
35 48 0 8 0.0119363507256
9 67 0 8 0.0119281876832
9 72 0 8 0.0119111547247
32 85 0 8 0.0118876742199
9 38 0 8 0.0118779661134
35 53 0 8 0.0118773505092
26 84 0 8 0.0118709672242
15 33 0 8 0.0118707930669
2 35 0 8 0.0118334321305
11 59 0 8 0.0118297254667
6 34 0 8 0.0118219796568
9 33 0 8 0.0117892259732
35 67 0 8 0.011768755503
11 84 0 8 0.0117448819801
30 67 0 8 0.011741058901
33 48 0 8 0.0117320055142
7 85 0 8 0.0117290867493
34 69 0 8 0.0117185665295
34 55 0 8 0.0116960071027
27 81 0 8 0.0116936704144
24 85 0 8 0.0116809317842
21 48 0 8 0.0116779040545
1 35 0 8 0.0116714993492
3 69 0 8 0.0116685954854
32 71 0 8 0.0116508798674
25 81 0 8 0.0116231618449
12 83 0 8 0.0115992752835
8 44 0 8 0.0115976296365
31 64 0 8 0.0115923499689
22 48 0 8 0.0115027744323
18 55 0 8 0.011498497799
18 46 0 8 0.0114869810641
9 59 0 8 0.0114864334464
1 49 0 8 0.0114831104875
13 69 0 8 0.0114811835811
5 53 0 8 0.0114747285843
3 32 0 8 0.0114596430212
12 85 0 8 0.0114519484341
38 46 0 8 0.011435020715
1 37 0 8 0.0114316632971
13 67 0 8 0.0113770803437
25 84 0 8 0.0113571351394
3 74 0 8 0.0113566750661
21 74 0 8 0.0113203274086
21 73 0 8 0.0113197341561
35 83 0 8 0.0113015891984
33 82 0 8 0.0112598557025
28 69 0 8 0.011257509701
36 64 0 8 0.0112395202741
2 67 0 8 0.0112273544073
26 76 0 8 0.0112271271646
33 83 0 8 0.0112189622596
15 83 0 8 0.0112019944936
10 55 0 8 0.011163010262
8 48 0 8 0.01115822047
31 78 0 8 0.0111581152305
35 74 0 8 0.0111349374056
8 52 0 8 0.0111347325146
18 81 0 8 0.0111336456612
34 48 0 8 0.0111279981211
36 76 0 8 0.0111224325374
1 50 0 8 0.0111129283905
61 68 0 8 0.011081378907
1 77 0 8 0.0110752983019
3 58 0 8 0.011074447073
4 74 0 8 0.0110675245523
33 70 0 8 0.0110561586916
1 57 0 8 0.0110342819244
2 55 0 8 0.0110282944515
8 70 0 8 0.0110080717131
26 47 0 8 0.0110010039061
13 59 0 8 0.0109942508861
29 71 0 8 0.0109778987244
2 62 0 8 0.0109720462933
35 75 0 8 0.0109297530726
4 34 0 8 0.0109232189134
33 71 0 8 0.0109107838944
8 45 0 8 0.0108856651932
25 74 0 8 0.0108855618164
2 71 0 8 0.0108691658825
42 60 0 8 0.0108547443524
2 76 0 8 0.0108404699713
33 85 0 8 0.0108401570469
15 85 0 8 0.0107886483893
1 75 0 8 0.0107768578455
28 70 0 8 0.0107651213184
2 72 0 8 0.0107254441828
32 81 0 8 0.010712868534
35 58 0 8 0.0107046999037
1 65 0 8 0.0106716044247
37 85 0 8 0.0106712812558
13 73 0 8 0.0106684230268
2 58 0 8 0.0106671592221
33 81 0 8 0.0106580303982
31 74 0 8 0.0106430221349
3 31 0 8 0.0106352372095
7 67 0 8 0.0106177311391
43 82 0 8 0.0106158778071
11 72 0 8 0.0106063662097
26 81 0 8 0.0105966031551
9 54 0 8 0.0105752078816
10 54 0 8 0.0105735119432
31 62 0 8 0.010565652512
23 77 0 8 0.0105335684493
32 84 0 8 0.0105248838663
31 82 0 8 0.010519547388
31 58 0 8 0.0105177164078
33 66 0 8 0.010500619188
4 62 0 8 0.010498419404
2 60 0 8 0.0104514556006
33 79 0 8 0.0104444259778
3 60 0 8 0.0104312021285
8 14 0 8 0.0104285730049
42 68 0 8 0.0104226795956
4 49 0 8 0.0104217547923
9 65 0 8 0.0103740096092
34 65 0 8 0.0103481058031
34 85 0 8 0.010331409052
10 73 0 8 0.0102956453338
35 71 0 8 0.0102652348578
10 36 0 8 0.0102611221373
2 53 0 8 0.0102523947135
10 60 0 8 0.0102278143167
26 80 0 8 0.0102164670825
37 48 0 8 0.0101947346702
34 77 0 8 0.0101597551256
36 70 0 8 0.0101408893242
32 74 0 8 0.0101349307224
35 68 0 8 0.0101288286969
13 38 0 8 0.0101056061685
5 65 0 8 0.0101048089564
34 75 0 8 0.0100287077948
3 67 0 8 0.0099921701476
62 68 0 8 0.00999064184725
28 68 0 8 0.00998019706458
47 71 0 8 0.00997371599078
35 65 0 8 0.0099710226059
34 81 0 8 0.00995577778667
3 35 0 8 0.00990485213697
12 82 0 8 0.0098993582651
1 39 0 8 0.00984049867839
33 80 0 8 0.00983407534659
8 68 0 8 0.00981890410185
34 58 0 8 0.00978063326329
33 84 0 8 0.00976553466171
11 68 0 8 0.00972656998783
18 53 0 8 0.00971647910774
5 55 0 8 0.00971244741231
4 55 0 8 0.00969032943249
18 74 0 8 0.00964249111712
35 84 0 8 0.00960048474371
14 60 0 8 0.00958789326251
1 69 0 8 0.00958492327482
10 34 0 8 0.0095289638266
17 59 0 8 0.00952564366162
20 34 0 8 0.00951354485005
3 70 0 8 0.00949939247221
27 77 0 8 0.00943051092327
3 36 0 8 0.00939269643277
35 85 0 8 0.00938197877258
27 75 0 8 0.00936324242502
27 79 0 8 0.00935020856559
31 81 0 8 0.00930340029299
7 35 0 8 0.00922637525946
32 75 0 8 0.00922355614603
32 60 0 8 0.0092234602198
18 68 0 8 0.0092151761055
34 74 0 8 0.00921202078462
11 49 0 8 0.00918982829899
10 61 0 8 0.00914659444243
35 66 0 8 0.00913973897696
26 82 0 8 0.00913407094777
34 76 0 8 0.00911612156779
33 67 0 8 0.00906861573458
27 76 0 8 0.00906121358275
1 54 0 8 0.00905324984342
1 55 0 8 0.00905247032642
34 82 0 8 0.00903460383415
21 68 0 8 0.00900371745229
34 83 0 8 0.00899518281221
25 76 0 8 0.00896518491209
8 73 0 8 0.00892027467489
32 69 0 8 0.0089170159772
8 47 0 8 0.00890565384179
34 84 0 8 0.00888486579061
15 60 0 8 0.00887028221041
12 34 0 8 0.00886951480061
4 61 0 8 0.00882436987013
4 68 0 8 0.0088162785396
2 68 0 8 0.00880194827914
35 76 0 8 0.00879429187626
25 75 0 8 0.00878122076392
1 71 0 8 0.00875117816031
1 76 0 8 0.00873691029847
4 70 0 8 0.00873141456395
34 73 0 8 0.00872076209635
4 66 0 8 0.00871956162155
1 59 0 8 0.0086859902367
3 68 0 8 0.00865577440709
12 84 0 8 0.00865113176405
38 76 0 8 0.00859875511378
32 67 0 8 0.00859110057354
1 67 0 8 0.00857328530401
35 79 0 8 0.00856336951256
2 70 0 8 0.00853347964585
6 60 0 8 0.00852236803621
32 66 0 8 0.00851106550545
7 71 0 8 0.0085055148229
18 83 0 8 0.00849133916199
1 66 0 8 0.0084211435169
34 68 0 8 0.00838235579431
9 70 0 8 0.00837425421923
31 71 0 8 0.0083725200966
34 70 0 8 0.00836914405227
31 60 0 8 0.00834669638425
10 35 0 8 0.00833389908075
15 34 0 8 0.00831657648087
26 74 0 8 0.00830162316561
3 34 0 8 0.00829467270523
31 76 0 8 0.00829407665879
32 68 0 8 0.00823139864951
1 60 0 8 0.00820249784738
11 73 0 8 0.00819249171764
3 76 0 8 0.00818902533501
2 34 0 8 0.00815931614488
5 51 0 8 0.00814339797944
8 56 0 8 0.008131432347
18 84 0 8 0.00807895604521
32 80 0 8 0.00801697187126
1 56 0 8 0.00801398418844
9 37 0 8 0.00796139985323
4 35 0 8 0.00795621890575
19 71 0 8 0.00793484039605
5 74 0 8 0.00793127529323
34 66 0 8 0.00792796630412
34 72 0 8 0.00791318155825
1 53 0 8 0.00791099574417
3 33 0 8 0.0078223478049
1 72 0 8 0.00781423971057
31 75 0 8 0.00781055446714
5 61 0 8 0.00779443001375
31 80 0 8 0.00777569366619
10 67 0 8 0.00774005614221
33 68 0 8 0.00770717673004
35 70 0 8 0.0076435697265
8 60 0 8 0.00759316422045
11 69 0 8 0.00756778102368
9 34 0 8 0.00754543440416
35 77 0 8 0.00750642362982
8 59 0 8 0.00749352853745
36 84 0 8 0.00749196484685
31 79 0 8 0.00747894542292
10 38 0 8 0.00738174049184
28 71 0 8 0.00736231217161
31 67 0 8 0.00735987303779
32 70 0 8 0.007348629646
9 49 0 8 0.00733441999182
13 60 0 8 0.0073265125975
1 62 0 8 0.00732545135543
30 70 0 8 0.00717873033136
60 68 0 8 0.00712420092896
1 70 0 8 0.00708231795579
22 72 0 8 0.00702436640859
11 60 0 8 0.00690951617435
1 73 0 8 0.00688564870507
1 74 0 8 0.00678873248398
17 58 0 8 0.00676328735426
34 67 0 8 0.00676190340891
43 68 0 8 0.0067617399618
8 62 0 8 0.00676076998934
36 85 0 8 0.00673200003803
19 60 0 8 0.00672584585845
34 79 0 8 0.00671780388802
7 60 0 8 0.00665720645338
5 56 0 8 0.00662803323939
12 69 0 8 0.00661394512281
1 58 0 8 0.00657421350479
41 48 0 8 0.00655754236504
4 60 0 8 0.00646537961438
30 69 0 8 0.00643607182428
31 69 0 8 0.00641857739538
40 47 0 8 0.00639472575858
3 71 0 8 0.00638854783028
9 57 0 8 0.00638757320121
18 82 0 8 0.0062897563912
3 53 0 8 0.00621873093769
1 68 0 8 0.00613013887778
9 62 0 8 0.00609526829794
11 61 0 8 0.00609020376578
8 57 0 8 0.00607353448868
27 69 0 8 0.00600986508653
30 68 0 8 0.00594031438231
38 48 0 8 0.005876687821
5 71 0 8 0.00578070664778
31 70 0 8 0.00567321572453
30 71 0 8 0.00530588254333
31 68 0 8 0.00520991161466
27 71 0 8 0.00496155302972
8 71 0 8 0.00431694183499
10 68 0 8 0.00424264837056
10 69 0 8 0.00398321589455
39 48 0 8 0.00332866283134
