1 2 0 8 0.999999344349
4 5 0 8 0.999998390675
66 67 0 8 0.999997973442
67 68 0 8 0.999997437
62 63 0 8 0.99999666214
3 4 0 8 0.999996423721
49 50 0 8 0.999996244907
2 3 0 8 0.99999588728
61 62 0 8 0.999995827675
64 65 0 8 0.999995470047
60 61 0 8 0.999995052814
50 51 0 8 0.99999409914
53 54 0 8 0.99999165535
5 6 0 8 0.999990284443
63 64 0 8 0.999989151955
58 59 0 8 0.999985218048
57 58 0 8 0.999985158443
56 57 0 8 0.999983370304
54 55 0 8 0.999983310699
65 66 0 8 0.999981462955
51 52 0 8 0.999977171421
30 31 0 8 0.999976873398
52 53 0 8 0.999968469143
6 7 0 8 0.999960899353
48 49 0 8 0.999954342842
33 34 0 8 0.999953091145
35 36 0 8 0.999949336052
47 48 0 8 0.999948322773
37 38 0 8 0.999943137169
31 32 0 8 0.9999371171
27 28 0 8 0.999932527542
15 16 0 8 0.999931693077
55 56 0 8 0.999929249287
29 30 0 8 0.99992120266
16 17 0 8 0.999910533428
28 29 0 8 0.999909102917
59 60 0 8 0.999902367592
38 39 0 8 0.999901533127
13 14 0 8 0.999893724918
46 47 0 8 0.999886512756
18 19 0 8 0.999886095524
26 27 0 8 0.999872624874
44 45 0 8 0.999864816666
34 35 0 8 0.999864220619
14 15 0 8 0.999844312668
39 40 0 8 0.999842822552
7 8 0 8 0.999816417694
32 33 0 8 0.999814808369
19 20 0 8 0.999805867672
40 41 0 8 0.999786436558
20 21 0 8 0.999785363674
45 46 0 8 0.999758124352
12 13 0 8 0.999757409096
21 22 0 8 0.999753892422
8 9 0 8 0.999719679356
17 18 0 8 0.999701499939
11 12 0 8 0.999617993832
42 43 0 8 0.999572753906
36 37 0 8 0.999536454678
43 44 0 8 0.999531209469
22 23 0 8 0.999496877193
9 10 0 8 0.999483525753
41 42 0 8 0.999473571777
25 26 0 8 0.999323546886
24 25 0 8 0.998960077763
51 53 0 8 0.99877256155
23 24 0 8 0.998686254025
54 56 0 8 0.997251570225
50 52 0 8 0.996804475784
51 54 0 8 0.996606886387
10 11 0 8 0.996433138847
57 59 0 8 0.995851695538
16 18 0 8 0.99473130703
49 51 0 8 0.994508445263
31 33 0 8 0.99441999197
53 55 0 8 0.994124531746
48 51 0 8 0.993757367134
48 50 0 8 0.993117332458
47 50 0 8 0.992446959019
58 60 0 8 0.992217898369
47 49 0 8 0.99200463295
52 54 0 8 0.991843760014
57 60 0 8 0.990956187248
49 52 0 8 0.990773558617
50 53 0 8 0.990588068962
58 61 0 8 0.990409493446
30 32 0 8 0.989621162415
55 57 0 8 0.98956233263
56 58 0 8 0.989313483238
28 30 0 8 0.988883018494
54 58 0 8 0.988595604897
19 21 0 8 0.988009870052
17 31 0 8 0.987987518311
17 19 0 8 0.98753041029
55 58 0 8 0.986061453819
56 59 0 8 0.985674738884
29 31 0 8 0.985643386841
17 35 0 8 0.984656333923
54 57 0 8 0.984471201897
20 22 0 8 0.984335958958
32 34 0 8 0.984086990356
19 61 0 8 0.983785152435
19 57 0 8 0.983612835407
16 63 0 8 0.982405483723
50 54 0 8 0.982208490372
47 51 0 8 0.981474995613
31 34 0 8 0.981423735619
6 63 0 8 0.981250524521
52 55 0 8 0.980824649334
30 33 0 8 0.980626881123
18 20 0 8 0.980354726315
6 42 0 8 0.980242550373
23 57 0 8 0.979212582111
19 22 0 8 0.977995991707
49 53 0 8 0.9767344594
48 52 0 8 0.976465463638
15 17 0 8 0.976120173931
28 31 0 8 0.975531935692
6 39 0 8 0.974651515484
51 55 0 8 0.973176658154
61 63 0 8 0.971980988979
53 56 0 8 0.970656573772
34 36 0 8 0.970512986183
20 23 0 8 0.966725826263
63 65 0 8 0.966475009918
16 19 0 8 0.966299057007
33 35 0 8 0.966157853603
6 38 0 8 0.96579015255
55 59 0 8 0.964294970036
19 58 0 8 0.963185489178
20 35 0 8 0.960686385632
17 20 0 8 0.960452318192
56 60 0 8 0.960306286812
17 32 0 8 0.960299432278
32 35 0 8 0.959914147854
31 35 0 8 0.959766626358
53 57 0 8 0.959248960018
35 38 0 8 0.959148049355
6 35 0 8 0.95809429884
29 33 0 8 0.957595705986
16 58 0 8 0.957582890987
16 20 0 8 0.956972658634
59 61 0 8 0.954217672348
65 67 0 8 0.953559577465
57 61 0 8 0.952371716499
33 36 0 8 0.952185153961
5 40 0 8 0.951259434223
4 6 0 8 0.950995147228
13 35 0 8 0.949723005295
17 21 0 8 0.948667943478
12 61 0 8 0.947573900223
5 39 0 8 0.947393238544
21 23 0 8 0.947140216827
29 32 0 8 0.946756064892
58 63 0 8 0.945914268494
15 61 0 8 0.945635080338
19 23 0 8 0.945489048958
46 50 0 8 0.94437879324
8 63 0 8 0.944308161736
35 37 0 8 0.943974137306
14 16 0 8 0.943389594555
16 61 0 8 0.943167686462
3 5 0 8 0.942816734314
7 39 0 8 0.941946208477
8 38 0 8 0.941531360149
15 19 0 8 0.937071621418
16 35 0 8 0.936405360699
5 7 0 8 0.936294436455
6 41 0 8 0.936105012894
5 42 0 8 0.934569835663
46 51 0 8 0.934400975704
39 41 0 8 0.933898031712
14 17 0 8 0.929500758648
18 22 0 8 0.929329156876
32 36 0 8 0.926896512508
6 40 0 8 0.926458060741
34 37 0 8 0.926005840302
12 15 0 8 0.922630190849
33 37 0 8 0.920823931694
13 15 0 8 0.918587625027
5 66 0 8 0.9168176651
52 56 0 8 0.915958940983
7 66 0 8 0.913588523865
41 44 0 8 0.911395728588
18 21 0 8 0.91136354208
30 34 0 8 0.9113484025
40 42 0 8 0.911155760288
6 58 0 8 0.911141932011
2 4 0 8 0.910830974579
20 34 0 8 0.909806728363
42 44 0 8 0.909405827522
9 63 0 8 0.908070504665
7 38 0 8 0.908042252064
21 24 0 8 0.907906115055
59 62 0 8 0.906696975231
20 42 0 8 0.904181957245
27 29 0 8 0.902042388916
10 63 0 8 0.89950466156
12 63 0 8 0.899257063866
55 65 0 8 0.898311138153
9 38 0 8 0.898175537586
28 32 0 8 0.895910918713
41 43 0 8 0.89096057415
64 66 0 8 0.888761878014
15 18 0 8 0.8872808218
62 64 0 8 0.885836362839
34 38 0 8 0.882316410542
58 62 0 8 0.877570450306
23 25 0 8 0.876698613167
22 24 0 8 0.872372329235
58 65 0 8 0.871809542179
12 62 0 8 0.871489822865
27 31 0 8 0.870724439621
14 18 0 8 0.867711722851
23 58 0 8 0.865970790386
4 51 0 8 0.865084528923
11 13 0 8 0.865077853203
43 45 0 8 0.864693343639
60 62 0 8 0.862093746662
6 8 0 8 0.859826862812
20 58 0 8 0.853413701057
27 30 0 8 0.847357928753
23 53 0 8 0.839446902275
8 10 0 8 0.837507486343
39 42 0 8 0.836237072945
66 68 0 8 0.835408449173
36 38 0 8 0.831777274609
23 54 0 8 0.829574286938
9 11 0 8 0.829062819481
13 36 0 8 0.824192881584
38 40 0 8 0.822703778744
19 60 0 8 0.820678651333
10 12 0 8 0.815660238266
44 46 0 8 0.813851296902
19 63 0 8 0.813251435757
24 26 0 8 0.811600863934
24 42 0 8 0.80962562561
46 54 0 8 0.806889712811
5 41 0 8 0.805622816086
8 11 0 8 0.804826438427
26 28 0 8 0.804598212242
6 9 0 8 0.803184092045
8 39 0 8 0.801863849163
42 54 0 8 0.800528466702
20 24 0 8 0.799155652523
40 43 0 8 0.795044600964
5 15 0 8 0.793781816959
37 39 0 8 0.793596148491
7 64 0 8 0.793288528919
3 45 0 8 0.786977946758
18 31 0 8 0.779747724533
12 14 0 8 0.777642428875
59 65 0 8 0.761135041714
7 63 0 8 0.760449647903
55 67 0 8 0.756320416927
24 43 0 8 0.755282461643
22 57 0 8 0.747665584087
25 27 0 8 0.744557023048
1 3 0 8 0.743562161922
7 9 0 8 0.739929676056
4 54 0 8 0.738016009331
8 64 0 8 0.733923077583
59 64 0 8 0.730490505695
18 61 0 8 0.717600464821
13 16 0 8 0.710530042648
38 41 0 8 0.709766864777
6 34 0 8 0.703666806221
6 13 0 8 0.698392271996
23 26 0 8 0.692751646042
43 50 0 8 0.692533969879
38 42 0 8 0.691700041294
45 47 0 8 0.690831542015
21 26 0 8 0.684039413929
59 63 0 8 0.682389140129
42 45 0 8 0.682092308998
58 64 0 8 0.666136801243
22 25 0 8 0.664795637131
13 17 0 8 0.664501786232
9 35 0 8 0.657754540443
16 62 0 8 0.656575620174
3 41 0 8 0.653070807457
43 54 0 8 0.651829481125
26 31 0 8 0.647291183472
21 25 0 8 0.647002458572
46 67 0 8 0.6412987113
5 68 0 8 0.641295731068
42 46 0 8 0.637442052364
4 65 0 8 0.636725246906
34 42 0 8 0.627195239067
10 62 0 8 0.624575972557
4 67 0 8 0.622455775738
19 54 0 8 0.622250139713
24 54 0 8 0.621516048908
3 68 0 8 0.620122551918
20 57 0 8 0.619780480862
6 16 0 8 0.619059443474
3 44 0 8 0.618290603161
9 36 0 8 0.61432158947
20 54 0 8 0.608761429787
4 46 0 8 0.608021378517
2 48 0 8 0.605168819427
35 42 0 8 0.604795753956
6 14 0 8 0.601924300194
35 39 0 8 0.593921244144
13 63 0 8 0.585259258747
15 62 0 8 0.570137500763
41 45 0 8 0.56923687458
24 27 0 8 0.555500209332
39 43 0 8 0.53979820013
26 30 0 8 0.539511561394
37 40 0 8 0.538364946842
11 14 0 8 0.53356218338
9 61 0 8 0.529481947422
5 67 0 8 0.50818002224
46 48 0 8 0.507366716862
41 46 0 8 0.484747648239
23 46 0 8 0.482097804546
10 13 0 8 0.476764112711
21 27 0 8 0.468094706535
26 34 0 8 0.450727760792
12 16 0 8 0.44176247716
17 36 0 8 0.441325038671
20 31 0 8 0.431499511003
40 44 0 8 0.429492294788
9 13 0 8 0.424997270107
23 50 0 8 0.404966324568
17 28 0 8 0.398475557566
14 19 0 8 0.387607514858
23 43 0 8 0.385393410921
20 63 0 8 0.38209426403
1 48 0 8 0.366712123156
43 46 0 8 0.364654272795
6 17 0 8 0.364063113928
1 45 0 8 0.356652587652
34 41 0 8 0.351486414671
10 38 0 8 0.336805641651
4 16 0 8 0.325663208961
20 26 0 8 0.324714124203
11 15 0 8 0.323979794979
7 68 0 8 0.32330095768
51 67 0 8 0.320859253407
9 62 0 8 0.318980455399
55 66 0 8 0.31033372879
6 36 0 8 0.307913124561
10 16 0 8 0.305264949799
22 26 0 8 0.288301855326
54 67 0 8 0.284119874239
34 40 0 8 0.283577144146
21 30 0 8 0.281908094883
20 28 0 8 0.281747043133
9 12 0 8 0.278804183006
4 19 0 8 0.276089012623
15 60 0 8 0.269481748343
8 12 0 8 0.268502622843
34 54 0 8 0.262647509575
6 46 0 8 0.258475810289
28 58 0 8 0.257477432489
31 65 0 8 0.247212082148
4 61 0 8 0.245494797826
5 16 0 8 0.245117247105
10 14 0 8 0.244462549686
5 46 0 8 0.243294939399
23 42 0 8 0.23853340745
16 42 0 8 0.235568508506
4 42 0 8 0.233874335885
3 46 0 8 0.232841983438
17 54 0 8 0.230343058705
23 27 0 8 0.228937968612
6 65 0 8 0.22779969871
31 42 0 8 0.225234165788
2 46 0 8 0.223034858704
35 67 0 8 0.222201958299
23 34 0 8 0.22017249465
21 28 0 8 0.219372794032
5 19 0 8 0.218479156494
15 63 0 8 0.210621014237
15 54 0 8 0.207331046462
4 44 0 8 0.205047860742
52 67 0 8 0.203321784735
42 51 0 8 0.20330516994
2 20 0 8 0.203130930662
35 54 0 8 0.201657533646
18 28 0 8 0.199738129973
16 51 0 8 0.199166953564
8 16 0 8 0.196320161223
13 38 0 8 0.196246862411
10 15 0 8 0.188851311803
9 14 0 8 0.188543945551
11 48 0 8 0.187724381685
6 20 0 8 0.187717884779
36 39 0 8 0.186068475246
59 67 0 8 0.185224875808
4 66 0 8 0.181557402015
20 27 0 8 0.181141704321
8 62 0 8 0.181007042527
9 15 0 8 0.180766329169
6 25 0 8 0.179849773645
14 34 0 8 0.176861196756
13 62 0 8 0.176707655191
14 58 0 8 0.175177544355
4 34 0 8 0.174840092659
7 14 0 8 0.172627002001
2 67 0 8 0.172393739223
26 29 0 8 0.171288356185
6 12 0 8 0.168404579163
16 67 0 8 0.167735844851
28 65 0 8 0.167280435562
5 17 0 8 0.1637275666
9 16 0 8 0.16366289556
17 58 0 8 0.163445785642
4 14 0 8 0.163347810507
58 67 0 8 0.163081377745
4 17 0 8 0.162087082863
3 66 0 8 0.160899758339
24 31 0 8 0.160288497806
5 65 0 8 0.160035178065
34 46 0 8 0.157576367259
22 45 0 8 0.156430378556
23 31 0 8 0.156263381243
17 46 0 8 0.155001416802
16 31 0 8 0.152329728007
54 65 0 8 0.152198493481
7 10 0 8 0.150738090277
9 42 0 8 0.148068279028
7 11 0 8 0.147518157959
28 61 0 8 0.146822273731
32 42 0 8 0.146758720279
4 64 0 8 0.146145492792
42 58 0 8 0.145316332579
23 61 0 8 0.144171878695
37 41 0 8 0.14292524755
33 40 0 8 0.142768695951
35 46 0 8 0.141585290432
8 13 0 8 0.139300867915
20 61 0 8 0.136922925711
35 51 0 8 0.136866033077
31 67 0 8 0.136750802398
42 50 0 8 0.136397704482
16 47 0 8 0.13534078002
2 68 0 8 0.134481564164
25 54 0 8 0.133196592331
2 63 0 8 0.133090645075
9 17 0 8 0.131816953421
42 61 0 8 0.131650686264
23 28 0 8 0.13091057539
21 31 0 8 0.130429893732
13 61 0 8 0.12918177247
4 26 0 8 0.128077402711
4 20 0 8 0.127552360296
20 32 0 8 0.123468630016
4 15 0 8 0.122435994446
16 65 0 8 0.122161880136
18 35 0 8 0.12204554677
25 43 0 8 0.121168874204
4 58 0 8 0.12104281038
14 67 0 8 0.120640575886
2 19 0 8 0.120343446732
42 67 0 8 0.1196590662
4 68 0 8 0.119514003396
4 18 0 8 0.119031526148
28 63 0 8 0.118832714856
1 67 0 8 0.117446169257
35 40 0 8 0.11710395664
1 47 0 8 0.11661759764
24 28 0 8 0.115008674562
24 46 0 8 0.114963129163
6 10 0 8 0.114917807281
3 67 0 8 0.113694861531
20 62 0 8 0.112798132002
14 32 0 8 0.11208293587
1 68 0 8 0.110872231424
4 23 0 8 0.110295191407
14 21 0 8 0.110026955605
2 24 0 8 0.109378650784
2 66 0 8 0.109030731022
12 17 0 8 0.108571380377
7 50 0 8 0.107460230589
58 66 0 8 0.106455385685
16 37 0 8 0.106417723
7 19 0 8 0.106037594378
10 17 0 8 0.106032915413
2 5 0 8 0.105726405978
31 51 0 8 0.105679884553
2 26 0 8 0.105383820832
35 41 0 8 0.10520748049
18 30 0 8 0.105071365833
17 42 0 8 0.104867175221
15 57 0 8 0.103986658156
2 34 0 8 0.103194378316
25 28 0 8 0.103070110083
26 42 0 8 0.102759197354
38 67 0 8 0.102276600897
8 15 0 8 0.100335665047
4 35 0 8 0.100014179945
6 64 0 8 0.098566070199
19 38 0 8 0.0982676297426
14 31 0 8 0.0981537178159
4 31 0 8 0.0980925261974
16 40 0 8 0.097649410367
5 61 0 8 0.0971223786473
22 58 0 8 0.0968840122223
6 15 0 8 0.0954026207328
3 25 0 8 0.0949210003018
6 11 0 8 0.0949065461755
6 67 0 8 0.0948950126767
20 51 0 8 0.0948818922043
26 61 0 8 0.0944672375917
35 63 0 8 0.0922185108066
5 9 0 8 0.0919944569468
2 18 0 8 0.0919321626425
15 42 0 8 0.0917796567082
22 36 0 8 0.0901118740439
7 65 0 8 0.0897054150701
42 65 0 8 0.0896276310086
5 63 0 8 0.0893685147166
20 67 0 8 0.0892877951264
26 54 0 8 0.0891679897904
4 28 0 8 0.0887621864676
32 51 0 8 0.0864327922463
5 8 0 8 0.0863207876682
5 14 0 8 0.0859756693244
5 45 0 8 0.0851474627852
17 39 0 8 0.0851251259446
31 62 0 8 0.0848294571042
14 42 0 8 0.0847786292434
19 34 0 8 0.0843685343862
13 32 0 8 0.0842383950949
3 58 0 8 0.0837576910853
14 46 0 8 0.0835976600647
28 54 0 8 0.0831699222326
14 63 0 8 0.0829399079084
27 61 0 8 0.0823690444231
20 25 0 8 0.081922493875
19 62 0 8 0.0819215849042
23 67 0 8 0.081592515111
28 46 0 8 0.0811759755015
9 39 0 8 0.0811674892902
32 67 0 8 0.0811026841402
11 16 0 8 0.0809018164873
18 46 0 8 0.0807371139526
41 68 0 8 0.080567881465
57 65 0 8 0.0802274122834
15 45 0 8 0.0799191221595
7 62 0 8 0.0797146484256
16 57 0 8 0.0795513391495
24 50 0 8 0.0793283730745
7 13 0 8 0.0789786279202
39 46 0 8 0.0786736160517
6 68 0 8 0.0786477401853
43 51 0 8 0.0778613388538
3 18 0 8 0.0775767341256
6 26 0 8 0.0775483846664
5 13 0 8 0.0771944150329
61 65 0 8 0.0770464465022
4 7 0 8 0.0769121721387
29 47 0 8 0.0767440870404
19 35 0 8 0.0761629864573
36 40 0 8 0.0760358572006
9 58 0 8 0.0757936909795
21 34 0 8 0.0753296911716
4 41 0 8 0.0745876654983
6 43 0 8 0.0738014280796
17 51 0 8 0.0730364099145
4 45 0 8 0.0729994997382
6 61 0 8 0.0729343444109
31 61 0 8 0.0728566795588
26 46 0 8 0.0727176889777
6 18 0 8 0.0725568532944
38 46 0 8 0.0723334178329
17 63 0 8 0.0722837597132
11 62 0 8 0.0719875991344
35 57 0 8 0.0719515681267
23 47 0 8 0.0711876899004
9 41 0 8 0.0707095786929
7 67 0 8 0.0700057148933
14 51 0 8 0.0699471607804
34 58 0 8 0.0696050673723
7 15 0 8 0.069472104311
32 39 0 8 0.0690624788404
8 68 0 8 0.0688881874084
8 14 0 8 0.0688618794084
28 51 0 8 0.068197876215
28 67 0 8 0.0679533332586
16 39 0 8 0.0677187293768
39 51 0 8 0.0676206573844
25 44 0 8 0.0675722807646
9 46 0 8 0.0675714835525
28 62 0 8 0.0674648359418
18 42 0 8 0.0673979893327
3 65 0 8 0.0669519677758
16 54 0 8 0.0666448771954
2 38 0 8 0.0663915425539
2 58 0 8 0.0659805983305
9 40 0 8 0.0657140091062
2 25 0 8 0.0653560236096
8 65 0 8 0.0651102885604
11 47 0 8 0.0650819838047
6 23 0 8 0.0650590881705
34 67 0 8 0.0649919956923
45 50 0 8 0.0648388192058
2 23 0 8 0.0647350996733
34 39 0 8 0.0641341134906
38 65 0 8 0.0638813748956
3 42 0 8 0.0638059228659
38 45 0 8 0.0637443959713
7 17 0 8 0.0636583268642
16 41 0 8 0.0635781511664
9 68 0 8 0.0626236870885
3 26 0 8 0.0625772103667
43 47 0 8 0.0622493438423
65 68 0 8 0.0619159117341
62 65 0 8 0.0615523345768
26 35 0 8 0.0615285299718
34 65 0 8 0.0606494061649
3 63 0 8 0.0606163032353
16 34 0 8 0.060558218509
10 64 0 8 0.060169596225
13 42 0 8 0.0599205978215
46 49 0 8 0.0597500875592
8 19 0 8 0.0596532523632
18 27 0 8 0.0595816671848
4 38 0 8 0.0595620051026
44 47 0 8 0.0595308691263
23 38 0 8 0.0593150183558
14 61 0 8 0.0592505298555
31 63 0 8 0.0590927302837
20 39 0 8 0.0589997507632
17 27 0 8 0.0587735772133
2 28 0 8 0.0584052465856
38 51 0 8 0.0583877451718
32 50 0 8 0.0580267161131
29 58 0 8 0.0579665265977
35 43 0 8 0.0579391494393
48 67 0 8 0.0577729120851
2 16 0 8 0.0577006489038
2 65 0 8 0.0571962594986
60 63 0 8 0.056773006916
31 58 0 8 0.0567018985748
35 58 0 8 0.0565751306713
19 31 0 8 0.0563355833292
7 12 0 8 0.0562198460102
55 68 0 8 0.0556213930249
2 22 0 8 0.0551847144961
4 24 0 8 0.0549598485231
55 64 0 8 0.0549045689404
2 62 0 8 0.0546626150608
25 50 0 8 0.0544396825135
19 42 0 8 0.0542404800653
20 40 0 8 0.05415789783
4 48 0 8 0.0541300624609
5 51 0 8 0.0540476590395
27 32 0 8 0.0539356172085
6 66 0 8 0.0539139658213
28 42 0 8 0.0538058429956
10 40 0 8 0.0534221827984
8 46 0 8 0.0532746389508
41 66 0 8 0.0530672892928
13 39 0 8 0.0523393340409
8 45 0 8 0.0521174669266
2 43 0 8 0.0521073304117
4 22 0 8 0.0519919991493
2 54 0 8 0.051788315177
54 66 0 8 0.0516901388764
23 62 0 8 0.051661208272
8 67 0 8 0.0514853969216
22 27 0 8 0.0514716096222
6 28 0 8 0.0511110238731
8 36 0 8 0.050800550729
16 28 0 8 0.0507192760706
15 39 0 8 0.050679307431
37 42 0 8 0.0506180226803
8 35 0 8 0.0504469536245
4 63 0 8 0.0504014380276
20 46 0 8 0.050022251904
6 54 0 8 0.0499164015055
14 38 0 8 0.0497335232794
25 31 0 8 0.0495474413037
10 44 0 8 0.0491752959788
5 18 0 8 0.0491582639515
24 58 0 8 0.0491014719009
2 47 0 8 0.0490968190134
41 65 0 8 0.0489665269852
35 65 0 8 0.0488744005561
24 45 0 8 0.0481237508357
44 50 0 8 0.0480914674699
2 29 0 8 0.0476485416293
22 30 0 8 0.0474186465144
4 8 0 8 0.0473418980837
9 37 0 8 0.0472903773189
5 38 0 8 0.0471562631428
9 19 0 8 0.0471257828176
31 46 0 8 0.0470733940601
17 26 0 8 0.0470681637526
19 65 0 8 0.0469363890588
53 67 0 8 0.0469319336116
34 51 0 8 0.0468343123794
16 30 0 8 0.0467972569168
4 62 0 8 0.0466629266739
34 61 0 8 0.0466156043112
4 25 0 8 0.0465963110328
2 30 0 8 0.0465828739107
38 43 0 8 0.0461869239807
25 47 0 8 0.0460740625858
13 46 0 8 0.0456368811429
5 44 0 8 0.0453658774495
20 65 0 8 0.0452963747084
23 65 0 8 0.0450595095754
4 43 0 8 0.0448415614665
6 47 0 8 0.0448209792376
13 41 0 8 0.0447819419205
52 66 0 8 0.0447426438332
12 68 0 8 0.0444964952767
40 65 0 8 0.0438441857696
41 67 0 8 0.0435789898038
21 32 0 8 0.0433285869658
12 45 0 8 0.0431369207799
16 26 0 8 0.0429034456611
23 51 0 8 0.0427103415132
6 51 0 8 0.0426703356206
7 16 0 8 0.0426505468786
22 31 0 8 0.0425513610244
61 64 0 8 0.042548391968
16 38 0 8 0.0424600169063
22 28 0 8 0.0423089675605
14 39 0 8 0.0423026494682
34 57 0 8 0.0422456711531
17 65 0 8 0.0422011464834
59 66 0 8 0.0418384261429
17 34 0 8 0.0418379679322
11 42 0 8 0.0418176017702
39 44 0 8 0.0417993701994
9 57 0 8 0.0417628213763
31 54 0 8 0.0417137593031
24 57 0 8 0.0415525138378
24 30 0 8 0.0414658933878
41 51 0 8 0.0414517633617
3 16 0 8 0.0414317175746
24 65 0 8 0.0414031669497
16 27 0 8 0.0413192026317
15 67 0 8 0.0412356071174
18 58 0 8 0.0411811880767
6 19 0 8 0.0411068163812
11 45 0 8 0.0410301238298
1 4 0 8 0.041005551815
20 38 0 8 0.040864571929
13 68 0 8 0.0407097116113
15 58 0 8 0.0406566895545
2 45 0 8 0.0405689030886
42 47 0 8 0.0404180660844
2 61 0 8 0.0399343036115
43 67 0 8 0.0397139042616
8 61 0 8 0.0395911075175
3 64 0 8 0.039531879127
5 20 0 8 0.0393535159528
7 45 0 8 0.0391863882542
12 42 0 8 0.0390745140612
41 50 0 8 0.0388792380691
15 38 0 8 0.0387966632843
24 61 0 8 0.0387878455222
3 20 0 8 0.0387746877968
14 40 0 8 0.038662366569
19 56 0 8 0.0386551432312
18 50 0 8 0.0386291742325
12 41 0 8 0.0385728031397
3 19 0 8 0.0384626574814
39 67 0 8 0.0382174029946
25 46 0 8 0.0382130481303
26 51 0 8 0.0381576009095
20 43 0 8 0.0379834547639
18 51 0 8 0.037957072258
2 35 0 8 0.0374208390713
14 35 0 8 0.0374185442924
13 18 0 8 0.0372738987207
3 17 0 8 0.0372109264135
14 28 0 8 0.0368207320571
3 62 0 8 0.0367665365338
2 51 0 8 0.0366043001413
4 27 0 8 0.0365334898233
14 65 0 8 0.0363033600152
26 58 0 8 0.036215826869
14 45 0 8 0.0360478684306
25 61 0 8 0.0360133387148
38 54 0 8 0.0358190387487
24 67 0 8 0.0356669388711
19 53 0 8 0.0355244018137
6 27 0 8 0.0354883782566
5 54 0 8 0.0354598201811
19 46 0 8 0.0353438332677
18 65 0 8 0.0353233069181
11 61 0 8 0.035098940134
13 66 0 8 0.0350306779146
24 53 0 8 0.0349858514965
38 66 0 8 0.0347449854016
26 43 0 8 0.0347334034741
38 68 0 8 0.0347128398716
2 27 0 8 0.0346836671233
17 61 0 8 0.0346758700907
27 35 0 8 0.0346745401621
40 46 0 8 0.0345561131835
16 46 0 8 0.0344879738986
3 22 0 8 0.034425586462
11 68 0 8 0.034393299371
5 23 0 8 0.0340926758945
3 29 0 8 0.0339252538979
4 47 0 8 0.0339004844427
40 51 0 8 0.0336902327836
10 68 0 8 0.033353317529
63 66 0 8 0.0332743376493
27 62 0 8 0.0331529192626
32 61 0 8 0.0331013761461
18 32 0 8 0.0329252071679
2 64 0 8 0.0328274108469
4 55 0 8 0.0327927954495
2 42 0 8 0.0327744334936
4 39 0 8 0.0325978696346
45 48 0 8 0.0325763300061
19 68 0 8 0.0325123071671
44 51 0 8 0.0324183627963
24 63 0 8 0.0323853977025
17 66 0 8 0.0322267748415
5 48 0 8 0.0321631021798
6 24 0 8 0.0319966301322
23 35 0 8 0.0319480076432
32 68 0 8 0.0319370031357
10 19 0 8 0.0319112725556
10 43 0 8 0.0318709909916
28 38 0 8 0.0318380817771
26 32 0 8 0.0317992717028
2 21 0 8 0.0317622870207
25 29 0 8 0.031649492681
15 68 0 8 0.031611263752
2 41 0 8 0.031596377492
25 65 0 8 0.0315234959126
31 45 0 8 0.031212463975
2 31 0 8 0.0310677792877
40 45 0 8 0.0309425834566
29 59 0 8 0.0309209153056
30 61 0 8 0.0307346694171
32 58 0 8 0.0307009853423
3 24 0 8 0.0305861700326
6 31 0 8 0.0305395126343
9 67 0 8 0.0303611960262
28 45 0 8 0.0303268320858
26 67 0 8 0.0302602052689
22 61 0 8 0.0301697198302
23 63 0 8 0.03006147407
21 36 0 8 0.0298898313195
10 39 0 8 0.0298224166036
32 38 0 8 0.0298015233129
22 68 0 8 0.0295180696994
15 66 0 8 0.0294271484017
25 51 0 8 0.0293886791915
32 43 0 8 0.0293539986014
4 57 0 8 0.0291046854109
19 51 0 8 0.0290963184088
32 41 0 8 0.0288595389575
39 50 0 8 0.0286903772503
23 45 0 8 0.0286190584302
44 48 0 8 0.0285877194256
31 55 0 8 0.0285590235144
1 5 0 8 0.0285367425531
27 45 0 8 0.0282537508756
9 65 0 8 0.0281679742038
38 50 0 8 0.0281143505126
32 62 0 8 0.0275378040969
20 68 0 8 0.0275368597358
1 66 0 8 0.0273905806243
36 42 0 8 0.0272975247353
16 68 0 8 0.0272385217249
1 23 0 8 0.0271751191467
17 67 0 8 0.0269440077245
4 21 0 8 0.0268997382373
32 54 0 8 0.0268273521215
39 45 0 8 0.0267619155347
36 43 0 8 0.0266686808318
30 63 0 8 0.0266048293561
25 68 0 8 0.0265347920358
6 22 0 8 0.0264308247715
13 44 0 8 0.0263254288584
43 66 0 8 0.0263068266213
21 33 0 8 0.0262858327478
24 29 0 8 0.0262003596872
32 63 0 8 0.026080576703
61 66 0 8 0.0259140618145
13 51 0 8 0.0258854422718
10 46 0 8 0.0257078837603
5 64 0 8 0.0254373308271
63 67 0 8 0.0254359953105
25 34 0 8 0.0254204254597
22 53 0 8 0.0253878552467
12 38 0 8 0.0253621693701
13 65 0 8 0.0251740198582
11 64 0 8 0.0250751674175
7 42 0 8 0.0249877423048
41 54 0 8 0.0249838437885
35 61 0 8 0.0249724052846
10 66 0 8 0.0248847641051
11 35 0 8 0.0248763542622
38 58 0 8 0.0247437544167
8 66 0 8 0.0247435607016
32 46 0 8 0.0246938299388
26 45 0 8 0.0246849190444
6 62 0 8 0.0245856065303
5 43 0 8 0.0245785750449
21 29 0 8 0.0244456343353
32 59 0 8 0.0243683718145
31 41 0 8 0.0243152976036
24 32 0 8 0.0242195073515
20 44 0 8 0.0238935109228
17 37 0 8 0.0238471142948
1 25 0 8 0.0237548034638
28 44 0 8 0.0236389152706
24 62 0 8 0.0235594771802
8 58 0 8 0.0233730785549
17 38 0 8 0.0233492534608
11 66 0 8 0.0232818908989
4 13 0 8 0.0232218038291
32 55 0 8 0.0229473989457
36 67 0 8 0.0228497907519
46 65 0 8 0.0227769091725
5 10 0 8 0.0227685179561
33 39 0 8 0.022763101384
13 58 0 8 0.0226145461202
19 24 0 8 0.0223723053932
28 57 0 8 0.022356884554
35 68 0 8 0.0223237778991
3 39 0 8 0.0219623949379
3 47 0 8 0.0218458659947
18 38 0 8 0.0218187533319
31 68 0 8 0.0217442661524
8 55 0 8 0.0216520391405
15 35 0 8 0.0216356422752
38 61 0 8 0.0216225646436
3 34 0 8 0.0215998701751
26 63 0 8 0.0215722434223
23 30 0 8 0.0215650908649
35 50 0 8 0.0215595923364
34 68 0 8 0.0215260218829
1 64 0 8 0.0215141195804
31 39 0 8 0.0214948747307
21 54 0 8 0.0214839838445
36 68 0 8 0.02147346735
31 57 0 8 0.0214521009475
1 63 0 8 0.0214443150908
3 48 0 8 0.0213217120618
4 50 0 8 0.0212940089405
7 46 0 8 0.0211910028011
13 50 0 8 0.0211806874722
5 36 0 8 0.0211001709104
45 51 0 8 0.021081475541
38 63 0 8 0.0210554227233
20 30 0 8 0.0210031103343
45 49 0 8 0.0209574196488
8 41 0 8 0.0209006499499
19 39 0 8 0.0208578761667
1 61 0 8 0.0208390224725
8 47 0 8 0.0207852609456
5 12 0 8 0.0207779295743
5 34 0 8 0.0206579752266
19 26 0 8 0.0206043049693
1 62 0 8 0.0206010937691
21 58 0 8 0.020550776273
18 63 0 8 0.0205505602062
42 66 0 8 0.0204912535846
17 62 0 8 0.0204184986651
20 50 0 8 0.0204051844776
52 68 0 8 0.0203340444714
14 36 0 8 0.0203293245286
29 48 0 8 0.0202738847584
16 44 0 8 0.0202711801976
8 37 0 8 0.0202594511211
18 67 0 8 0.0202566497028
1 26 0 8 0.0202460624278
17 23 0 8 0.0202285666019
7 41 0 8 0.0202125124633
9 45 0 8 0.0202079508454
38 44 0 8 0.0202063601464
21 35 0 8 0.0202016085386
7 54 0 8 0.0201832633466
64 68 0 8 0.020167639479
54 68 0 8 0.0201410930604
28 34 0 8 0.0200318172574
28 55 0 8 0.020015547052
14 62 0 8 0.0200002212077
4 49 0 8 0.019914586097
26 65 0 8 0.0199053548276
19 28 0 8 0.0197649598122
15 51 0 8 0.0197585579008
6 48 0 8 0.0197409298271
2 17 0 8 0.0197353847325
21 65 0 8 0.0197258070111
56 67 0 8 0.0197166912258
20 41 0 8 0.0197094380856
32 65 0 8 0.0196707956493
6 50 0 8 0.0196698978543
6 45 0 8 0.0196005292237
39 68 0 8 0.0194940082729
23 56 0 8 0.0194720197469
9 18 0 8 0.0194522272795
4 60 0 8 0.0194336175919
16 32 0 8 0.0194290336221
31 47 0 8 0.0194181483239
35 62 0 8 0.0193696971983
1 28 0 8 0.0193051509559
39 47 0 8 0.0192548874766
1 41 0 8 0.0192497596145
38 57 0 8 0.0192471984774
24 51 0 8 0.0191993173212
21 67 0 8 0.0191933829337
13 67 0 8 0.0191789492965
40 67 0 8 0.0191743578762
5 47 0 8 0.0191489551216
39 54 0 8 0.01913709566
11 67 0 8 0.0191163588315
32 45 0 8 0.0190977584571
15 50 0 8 0.0190969482064
18 39 0 8 0.0190393552184
31 38 0 8 0.0190365407616
1 65 0 8 0.0190276764333
37 57 0 8 0.0190027803183
17 68 0 8 0.0190023016185
18 25 0 8 0.0189894214272
16 66 0 8 0.0189860910177
15 46 0 8 0.0189144667238
17 50 0 8 0.0189113207161
3 28 0 8 0.0188964586705
28 35 0 8 0.0188476685435
1 44 0 8 0.0187779534608
14 43 0 8 0.0187490135431
57 67 0 8 0.0187154300511
14 68 0 8 0.0186880137771
40 53 0 8 0.0186469294131
9 20 0 8 0.0185811836272
30 67 0 8 0.0185430403799
17 43 0 8 0.0185275040567
12 39 0 8 0.018468061462
18 62 0 8 0.0184570848942
12 46 0 8 0.0184388551861
3 27 0 8 0.0184241626412
11 39 0 8 0.0183874797076
13 45 0 8 0.0182853024453
29 45 0 8 0.0182805433869
31 40 0 8 0.018230067566
33 45 0 8 0.0181683339179
24 34 0 8 0.0181554816663
21 39 0 8 0.0180696696043
5 58 0 8 0.0180135853589
10 65 0 8 0.0179605577141
45 53 0 8 0.0179305393249
4 9 0 8 0.0178999844939
1 39 0 8 0.017899800092
39 65 0 8 0.0178948808461
3 23 0 8 0.0178927928209
7 18 0 8 0.0178773067892
26 57 0 8 0.0178765784949
62 66 0 8 0.0178431551903
24 66 0 8 0.0177235193551
22 54 0 8 0.0176458265632
11 41 0 8 0.0175917595625
4 29 0 8 0.0175304785371
1 46 0 8 0.0175138730556
60 64 0 8 0.0175103861839
10 36 0 8 0.0174945928156
11 46 0 8 0.017478691414
10 61 0 8 0.0174751784652
2 13 0 8 0.0174649227411
2 39 0 8 0.0174233410507
35 48 0 8 0.0174041185528
39 48 0 8 0.0173678603023
16 45 0 8 0.0173544920981
5 49 0 8 0.0173387825489
28 68 0 8 0.0173352640122
28 43 0 8 0.0173318292946
26 62 0 8 0.0172937959433
1 24 0 8 0.0172501467168
21 51 0 8 0.0171917453408
15 44 0 8 0.01718194969
4 40 0 8 0.0171521753073
3 51 0 8 0.0171338170767
32 37 0 8 0.0171223208308
17 22 0 8 0.017113937065
25 67 0 8 0.0171104166657
37 54 0 8 0.0170279573649
18 57 0 8 0.0170134697109
10 42 0 8 0.0169475972652
8 17 0 8 0.0169402416795
6 32 0 8 0.0169344060123
49 67 0 8 0.0168925523758
23 41 0 8 0.0168620981276
17 30 0 8 0.0168533343822
60 65 0 8 0.0168066956103
25 58 0 8 0.0168038755655
18 66 0 8 0.0168023221195
30 48 0 8 0.0167315192521
11 38 0 8 0.0166198797524
23 66 0 8 0.0165478363633
3 54 0 8 0.016525618732
25 30 0 8 0.0164768341929
28 66 0 8 0.0164726246148
35 45 0 8 0.0164639279246
12 64 0 8 0.0164622589946
29 34 0 8 0.0164497736841
11 57 0 8 0.0164477825165
35 55 0 8 0.0164429862052
2 6 0 8 0.0164418052882
27 63 0 8 0.0164226852357
15 41 0 8 0.0163989700377
11 60 0 8 0.016391467303
42 48 0 8 0.0163859929889
64 67 0 8 0.0163644645363
32 60 0 8 0.0163528788835
6 37 0 8 0.0163447950035
25 66 0 8 0.0162599086761
21 63 0 8 0.0162223186344
34 50 0 8 0.016188679263
47 52 0 8 0.0161781050265
3 59 0 8 0.0161632429808
22 50 0 8 0.0161309801042
57 66 0 8 0.0161182712764
18 54 0 8 0.0161010827869
27 34 0 8 0.0160441882908
11 63 0 8 0.0160378217697
19 67 0 8 0.0160210803151
58 68 0 8 0.0159469563514
18 26 0 8 0.015921536833
13 43 0 8 0.0159203857183
14 66 0 8 0.0158848725259
23 55 0 8 0.0158176999539
35 66 0 8 0.0157966185361
5 62 0 8 0.0157567616552
30 68 0 8 0.0157537441701
36 41 0 8 0.0157447643578
28 48 0 8 0.0157376639545
41 53 0 8 0.0157154034823
27 46 0 8 0.0156973861158
15 56 0 8 0.0156941004097
12 60 0 8 0.0156409684569
20 29 0 8 0.0155990459025
11 44 0 8 0.015564026311
14 54 0 8 0.0155526697636
24 47 0 8 0.0155256064609
61 67 0 8 0.0155042661354
30 62 0 8 0.0154876150191
11 17 0 8 0.0154471546412
13 54 0 8 0.015434439294
2 44 0 8 0.0153700970113
8 18 0 8 0.0153577392921
28 60 0 8 0.0153414588422
21 50 0 8 0.0153025463223
19 30 0 8 0.0152778346092
2 59 0 8 0.015246367082
56 66 0 8 0.0152260046452
13 53 0 8 0.0152230877429
14 41 0 8 0.0152202928439
57 62 0 8 0.0152132334188
31 43 0 8 0.0151900621131
57 63 0 8 0.015173535794
24 35 0 8 0.0150917107239
33 68 0 8 0.0150404041633
9 54 0 8 0.0149309886619
5 31 0 8 0.0149197429419
29 46 0 8 0.0149143757299
4 30 0 8 0.0149090597406
24 41 0 8 0.0148955220357
32 44 0 8 0.014884442091
2 15 0 8 0.0148421591148
15 65 0 8 0.0148091195151
22 65 0 8 0.0148022128269
21 42 0 8 0.0147874495015
38 60 0 8 0.0147760538384
35 47 0 8 0.0147520899773
11 32 0 8 0.0147233698517
17 64 0 8 0.0146603686735
18 34 0 8 0.0146471979097
34 63 0 8 0.0146339898929
26 68 0 8 0.0145816672593
28 41 0 8 0.0145500125363
42 68 0 8 0.0145419053733
38 47 0 8 0.0145295765251
13 20 0 8 0.0144888246432
5 11 0 8 0.0144647955894
16 50 0 8 0.0144554991275
12 43 0 8 0.0144324749708
37 45 0 8 0.0144032984972
36 46 0 8 0.0143958609551
2 40 0 8 0.0143950358033
34 43 0 8 0.0143828559667
36 48 0 8 0.0143821807578
12 44 0 8 0.0143569149077
6 44 0 8 0.0143541963771
12 65 0 8 0.0143484901637
8 40 0 8 0.014289890416
25 32 0 8 0.0142297549173
1 18 0 8 0.0142133366317
29 61 0 8 0.0141432555392
3 31 0 8 0.0141303027049
3 7 0 8 0.0140963792801
11 43 0 8 0.0140655571595
18 68 0 8 0.0140573671088
23 60 0 8 0.0140419499949
26 60 0 8 0.0140283247456
11 50 0 8 0.0140266558155
36 51 0 8 0.0139947738498
40 68 0 8 0.0139677952975
36 57 0 8 0.0139493010938
27 51 0 8 0.0139342043549
17 53 0 8 0.0139304772019
17 33 0 8 0.0139053398743
21 61 0 8 0.0138511564583
30 66 0 8 0.0138278128579
40 50 0 8 0.0138272931799
19 25 0 8 0.0138236321509
26 50 0 8 0.0138032678515
27 68 0 8 0.0137935746461
29 67 0 8 0.0137802958488
11 65 0 8 0.013762823306
9 47 0 8 0.0137414997444
18 43 0 8 0.0137372994795
18 48 0 8 0.0137310214341
21 62 0 8 0.0137263983488
9 44 0 8 0.0137211773545
20 66 0 8 0.0136897740886
7 43 0 8 0.0136481476948
17 29 0 8 0.0136459777132
7 35 0 8 0.0136279100552
8 54 0 8 0.0135945947841
36 54 0 8 0.0135933216661
1 27 0 8 0.0135618243366
17 57 0 8 0.0135491220281
43 68 0 8 0.0135098751634
22 67 0 8 0.0134946573526
37 68 0 8 0.0134394345805
5 24 0 8 0.0134315267205
30 65 0 8 0.0134114557877
18 29 0 8 0.0133803291246
30 54 0 8 0.0133507568389
51 65 0 8 0.013332253322
2 55 0 8 0.013329862617
23 68 0 8 0.0132915861905
10 54 0 8 0.0132880965248
3 38 0 8 0.0132855903357
28 50 0 8 0.0132703529671
26 41 0 8 0.0132602537051
33 38 0 8 0.013224253431
12 50 0 8 0.0132105089724
32 66 0 8 0.0131414653733
62 67 0 8 0.0131227402017
34 66 0 8 0.0131182828918
26 44 0 8 0.0130908833817
2 50 0 8 0.0130858272314
59 68 0 8 0.0130585869774
1 31 0 8 0.0130472956225
17 45 0 8 0.0129875019193
14 50 0 8 0.0129868965596
31 50 0 8 0.0129865184426
7 36 0 8 0.0129519943148
10 18 0 8 0.0129505796358
14 47 0 8 0.0129430238158
3 15 0 8 0.012906845659
36 66 0 8 0.0128997527063
33 61 0 8 0.0128946406767
8 42 0 8 0.0128858853132
4 32 0 8 0.0128783537075
8 48 0 8 0.012870663777
2 57 0 8 0.0128703126684
32 40 0 8 0.012860968709
26 66 0 8 0.012825306505
27 67 0 8 0.0128251677379
18 64 0 8 0.0128244189546
3 6 0 8 0.0128006804734
2 37 0 8 0.0127878338099
5 60 0 8 0.0127100404352
9 31 0 8 0.0126931425184
3 57 0 8 0.0126753943041
18 55 0 8 0.0126563664526
37 67 0 8 0.012650760822
25 62 0 8 0.0126059483737
6 21 0 8 0.0125948898494
35 44 0 8 0.0125644458458
30 42 0 8 0.0125577803701
23 39 0 8 0.0125448675826
19 50 0 8 0.0125303631648
3 13 0 8 0.0125268762931
29 63 0 8 0.0125250304118
41 47 0 8 0.0124508785084
23 32 0 8 0.0124329328537
7 20 0 8 0.0123886959627
9 43 0 8 0.0123828509822
31 59 0 8 0.0123498653993
34 44 0 8 0.0123260300606
37 47 0 8 0.0122695304453
30 45 0 8 0.0122521203011
7 40 0 8 0.0122519806027
14 49 0 8 0.0122371651232
10 45 0 8 0.0122362542897
28 40 0 8 0.0122129004449
56 65 0 8 0.0121627664194
14 48 0 8 0.0121572958305
33 41 0 8 0.0121368523687
39 58 0 8 0.0121248690411
48 66 0 8 0.0120938261971
3 50 0 8 0.0120801273733
3 32 0 8 0.0120673300698
27 54 0 8 0.0120651014149
18 44 0 8 0.0120641924441
26 47 0 8 0.0120154535398
29 62 0 8 0.011975533329
22 34 0 8 0.0119545012712
22 63 0 8 0.0119107952341
25 45 0 8 0.0119039230049
28 64 0 8 0.011865128763
11 53 0 8 0.0118411127478
8 44 0 8 0.0118147181347
13 64 0 8 0.0117948492989
37 50 0 8 0.0117910541594
51 68 0 8 0.0117791360244
3 43 0 8 0.0117671526968
3 21 0 8 0.0117652295157
13 30 0 8 0.0117171099409
36 47 0 8 0.0117135206237
11 18 0 8 0.0116438213736
10 41 0 8 0.0116241592914
43 48 0 8 0.0115809757262
3 40 0 8 0.0115701295435
18 45 0 8 0.0115686357021
10 67 0 8 0.0115503668785
54 64 0 8 0.0115330731496
19 66 0 8 0.0114865805954
1 40 0 8 0.0114850364625
31 36 0 8 0.0114773688838
6 30 0 8 0.0114719867706
34 45 0 8 0.011469244957
28 59 0 8 0.0113671738654
12 67 0 8 0.0113566853106
18 23 0 8 0.0113116418943
3 14 0 8 0.0112652499229
1 34 0 8 0.0112622715533
21 68 0 8 0.0112395947799
36 55 0 8 0.0112345665693
40 48 0 8 0.0112344603986
29 68 0 8 0.0112268412486
15 43 0 8 0.0112106502056
11 49 0 8 0.0112008117139
27 33 0 8 0.0111958701164
8 50 0 8 0.0111606037244
30 44 0 8 0.0111414650455
1 19 0 8 0.0111337397248
13 47 0 8 0.0110639762133
4 37 0 8 0.0110233137384
28 47 0 8 0.0110175553709
2 32 0 8 0.0110170776024
14 44 0 8 0.0110093699768
42 55 0 8 0.0109994783998
1 54 0 8 0.0109957130626
32 52 0 8 0.0109903113917
1 55 0 8 0.0109683563933
7 60 0 8 0.0109386797994
24 68 0 8 0.010908854194
41 58 0 8 0.010900770314
16 55 0 8 0.0108643583953
9 51 0 8 0.0108588812873
17 44 0 8 0.0108143771067
42 57 0 8 0.0108066368848
20 64 0 8 0.0107834283262
13 31 0 8 0.0107670305297
16 64 0 8 0.0107405716553
26 48 0 8 0.0107238553464
41 48 0 8 0.0107026100159
24 60 0 8 0.0106585677713
13 40 0 8 0.0106291938573
11 31 0 8 0.0106190685183
10 57 0 8 0.010615427047
6 29 0 8 0.0105371670797
10 35 0 8 0.0104948142543
9 64 0 8 0.0104661919177
37 46 0 8 0.0104124695063
27 57 0 8 0.0103852748871
28 39 0 8 0.0103733688593
5 28 0 8 0.0103676877916
7 61 0 8 0.0103624630719
3 55 0 8 0.0103300046176
1 57 0 8 0.0103197190911
1 51 0 8 0.0103092733771
1 58 0 8 0.0103048849851
39 66 0 8 0.0102868489921
9 48 0 8 0.0102706663311
4 52 0 8 0.0102523276582
27 65 0 8 0.0102370483801
46 68 0 8 0.0102159809321
4 12 0 8 0.0101823182777
7 22 0 8 0.0101689137518
34 62 0 8 0.0101543143392
53 68 0 8 0.0101377060637
26 64 0 8 0.0101367104799
5 26 0 8 0.0101320901886
31 60 0 8 0.010126022622
21 44 0 8 0.0101181399077
43 49 0 8 0.0101001504809
39 62 0 8 0.010086581111
47 67 0 8 0.0100807268173
5 52 0 8 0.010046732612
2 56 0 8 0.009950267151
11 19 0 8 0.00993510056287
22 51 0 8 0.00992307718843
14 29 0 8 0.00991869345307
50 68 0 8 0.00988337304443
14 57 0 8 0.00984285958111
16 48 0 8 0.0097795156762
30 58 0 8 0.00976374559104
36 50 0 8 0.00975171569735
9 28 0 8 0.00973926763982
29 42 0 8 0.00973908323795
21 47 0 8 0.00973660126328
18 40 0 8 0.00972701050341
32 64 0 8 0.00970543734729
1 29 0 8 0.00969666521996
36 45 0 8 0.00965843722224
20 37 0 8 0.00963907688856
11 51 0 8 0.00962789449841
20 53 0 8 0.00955157820135
21 46 0 8 0.00954781658947
2 14 0 8 0.00953441578895
6 60 0 8 0.0094953821972
9 50 0 8 0.00946061685681
46 66 0 8 0.00943584460765
45 67 0 8 0.00943235494196
9 66 0 8 0.00942340865731
22 66 0 8 0.00941844284534
13 19 0 8 0.00941527076066
22 62 0 8 0.00940301734954
43 55 0 8 0.00939103681594
17 48 0 8 0.00937332771719
18 24 0 8 0.00932719465345
8 51 0 8 0.00931046996266
7 26 0 8 0.00929577834904
7 48 0 8 0.00928040407598
31 66 0 8 0.00926267821342
34 55 0 8 0.00925874430686
15 64 0 8 0.00924626458436
6 57 0 8 0.00924144778401
1 42 0 8 0.00923698302358
5 22 0 8 0.00920704659075
12 19 0 8 0.00918296352029
3 35 0 8 0.00917990878224
31 44 0 8 0.00916425604373
30 46 0 8 0.00916276685894
15 48 0 8 0.00913809798658
33 43 0 8 0.0091146659106
18 52 0 8 0.00910274870694
18 41 0 8 0.00909510068595
55 60 0 8 0.00908664707094
42 53 0 8 0.00907307304442
37 44 0 8 0.00901408400387
12 32 0 8 0.0089996214956
7 25 0 8 0.00898944679648
14 30 0 8 0.00895524770021
48 68 0 8 0.0089018959552
2 53 0 8 0.00890049152076
39 57 0 8 0.00889353640378
30 50 0 8 0.00887278094888
63 68 0 8 0.00884072575718
36 64 0 8 0.00878352485597
6 55 0 8 0.00877875648439
37 66 0 8 0.00877772271633
44 67 0 8 0.00877732038498
5 50 0 8 0.00873235240579
43 58 0 8 0.00873000361025
3 37 0 8 0.00867852848023
13 52 0 8 0.00866623036563
11 55 0 8 0.00864835921675
21 45 0 8 0.00863814447075
17 40 0 8 0.00862585846335
22 37 0 8 0.00861194450408
14 55 0 8 0.00860886648297
36 65 0 8 0.00856793299317
12 51 0 8 0.00853317324072
30 51 0 8 0.00850431155413
25 48 0 8 0.00849002227187
29 60 0 8 0.00848657079041
3 56 0 8 0.00846457201988
14 64 0 8 0.00846049841493
7 37 0 8 0.00845335330814
19 32 0 8 0.00844551064074
11 40 0 8 0.00841070991009
19 47 0 8 0.00840024929494
13 28 0 8 0.00839588977396
33 42 0 8 0.00839389674366
22 41 0 8 0.00837508961558
19 48 0 8 0.00836639851332
1 43 0 8 0.00835496466607
12 59 0 8 0.00832853652537
37 51 0 8 0.00832312367857
2 12 0 8 0.00831369124353
37 65 0 8 0.00830164551735
36 61 0 8 0.00829733256251
8 43 0 8 0.0082834623754
24 44 0 8 0.0082796914503
18 36 0 8 0.0082789035514
16 24 0 8 0.00825507566333
15 47 0 8 0.00825186818838
12 47 0 8 0.00823125336319
33 56 0 8 0.00817710533738
3 61 0 8 0.00814600568265
7 49 0 8 0.00812005624175
33 58 0 8 0.00810434482992
26 38 0 8 0.00810255855322
10 51 0 8 0.00809301342815
40 57 0 8 0.00808841455728
30 60 0 8 0.00807918515056
7 57 0 8 0.00807464588434
45 54 0 8 0.00806423835456
44 68 0 8 0.00801503006369
29 65 0 8 0.00801256671548
19 27 0 8 0.00800269469619
23 29 0 8 0.00799932330847
33 67 0 8 0.00797248724848
5 35 0 8 0.00795117393136
12 48 0 8 0.00794053263962
22 32 0 8 0.00793852005154
7 44 0 8 0.00793652236462
46 55 0 8 0.00791706796736
25 55 0 8 0.00789390411228
16 60 0 8 0.00789056997746
32 57 0 8 0.00788611732423
4 33 0 8 0.00782260671258
4 59 0 8 0.0077938218601
29 51 0 8 0.00779072474688
11 58 0 8 0.00778254633769
17 41 0 8 0.00777765456587
10 20 0 8 0.00777196697891
9 23 0 8 0.00774388387799
2 52 0 8 0.00773248961195
7 58 0 8 0.00770960981026
40 54 0 8 0.00770464260131
13 55 0 8 0.00766506977379
17 55 0 8 0.00766166066751
20 55 0 8 0.00765821384266
25 63 0 8 0.00764232547954
7 23 0 8 0.00759647088125
33 65 0 8 0.00759078236297
51 61 0 8 0.00758920563385
20 33 0 8 0.00757721625268
12 66 0 8 0.0075757317245
12 18 0 8 0.00754403788596
34 48 0 8 0.00752427102998
1 38 0 8 0.00751660484821
40 66 0 8 0.00751368841156
27 66 0 8 0.00748215662315
21 57 0 8 0.00747716519982
29 43 0 8 0.00743539026007
16 25 0 8 0.00743507314473
1 36 0 8 0.00742290075868
24 64 0 8 0.00742240529507
45 68 0 8 0.00739636691287
9 29 0 8 0.00736958812922
30 41 0 8 0.00735797500238
17 24 0 8 0.00735285039991
45 65 0 8 0.0073517607525
11 52 0 8 0.00734035903588
16 43 0 8 0.00731536420062
17 25 0 8 0.00730595178902
44 53 0 8 0.00726202502847
1 17 0 8 0.00724077690393
12 56 0 8 0.00722505059093
15 40 0 8 0.00720774754882
21 52 0 8 0.00719192856923
4 53 0 8 0.00717470096424
35 60 0 8 0.00713711325079
18 37 0 8 0.00711301481351
12 58 0 8 0.00705705583096
29 44 0 8 0.00703782588243
11 56 0 8 0.00697728805244
14 37 0 8 0.00697549153119
1 20 0 8 0.0069727175869
18 53 0 8 0.00692687556148
62 68 0 8 0.00691994838417
15 37 0 8 0.00687146279961
40 49 0 8 0.00686781294644
13 57 0 8 0.00686392048374
44 49 0 8 0.00684958137572
13 49 0 8 0.00684760324657
1 30 0 8 0.00683895358816
13 34 0 8 0.00682496931404
13 48 0 8 0.00682303728536
32 48 0 8 0.00680413143709
11 36 0 8 0.0067978692241
7 51 0 8 0.00679182307795
26 55 0 8 0.00677566230297
25 64 0 8 0.00677071604878
37 43 0 8 0.00676745874807
27 42 0 8 0.00673352740705
27 50 0 8 0.00671559013426
29 41 0 8 0.00671521760523
22 42 0 8 0.00670854840428
5 33 0 8 0.00670668343082
27 47 0 8 0.00668756524101
1 6 0 8 0.00668120477349
40 47 0 8 0.00667708879337
2 33 0 8 0.00667040655389
36 62 0 8 0.00664448225871
9 53 0 8 0.00663937628269
1 50 0 8 0.00663428986445
34 47 0 8 0.00662653241307
30 40 0 8 0.00660289498046
29 50 0 8 0.00658822339028
30 64 0 8 0.00653653638437
9 24 0 8 0.00653557339683
28 33 0 8 0.00652939034626
12 54 0 8 0.0065263970755
13 60 0 8 0.00647723162547
28 52 0 8 0.00642799632624
33 44 0 8 0.00642608990893
10 50 0 8 0.00641995854676
19 55 0 8 0.00638669542968
33 62 0 8 0.00637460313737
3 60 0 8 0.00635738344863
16 23 0 8 0.00635470356792
21 66 0 8 0.00633402494714
27 38 0 8 0.00628038682044
1 32 0 8 0.00626984005794
22 29 0 8 0.00626820605248
10 34 0 8 0.00625145295635
27 58 0 8 0.00624772487208
25 57 0 8 0.00624528853223
3 49 0 8 0.00620761979371
9 34 0 8 0.00620653713122
30 43 0 8 0.00618935516104
22 47 0 8 0.00618800614029
23 48 0 8 0.00617468683049
56 68 0 8 0.0061563141644
21 60 0 8 0.00615160400048
51 56 0 8 0.00613693753257
14 26 0 8 0.0061244587414
36 44 0 8 0.00610104808584
22 43 0 8 0.00610085763037
8 26 0 8 0.00608929712325
1 35 0 8 0.00608805054799
31 48 0 8 0.00607980135828
18 60 0 8 0.00606857379898
26 56 0 8 0.00606183614582
6 52 0 8 0.0060549331829
25 60 0 8 0.00603303359821
13 37 0 8 0.00600813888013
42 49 0 8 0.00598060758784
18 49 0 8 0.00597486179322
1 21 0 8 0.00593150220811
55 63 0 8 0.00593085307628
4 11 0 8 0.00591479381546
8 60 0 8 0.00591030111536
7 34 0 8 0.00590144610032
29 39 0 8 0.0058805141598
21 64 0 8 0.00587470736355
43 52 0 8 0.00586335873231
34 60 0 8 0.00585665879771
47 68 0 8 0.00585629232228
36 58 0 8 0.00582440337166
20 45 0 8 0.0058170221746
51 58 0 8 0.0058032060042
1 60 0 8 0.00576890446246
21 48 0 8 0.00576047040522
20 48 0 8 0.00574350589886
27 64 0 8 0.00574240554124
2 60 0 8 0.00573209952563
30 57 0 8 0.00572680542246
53 65 0 8 0.00572338281199
7 47 0 8 0.00571902096272
15 34 0 8 0.0056508583948
3 30 0 8 0.0056445361115
12 40 0 8 0.00562819372863
33 52 0 8 0.00559653155506
15 31 0 8 0.0055893282406
38 55 0 8 0.00557803874835
9 49 0 8 0.00555194914341
8 49 0 8 0.00550380349159
31 37 0 8 0.00550339370966
8 20 0 8 0.0055012148805
1 16 0 8 0.0054958849214
11 26 0 8 0.00548627413809
10 48 0 8 0.00544041814283
27 60 0 8 0.00541516300291
21 55 0 8 0.00541400490329
30 56 0 8 0.00540795410052
1 53 0 8 0.00539498915896
21 49 0 8 0.00539368437603
34 64 0 8 0.00539175607264
43 65 0 8 0.00533817755058
20 60 0 8 0.0053376252763
30 55 0 8 0.00531868170947
23 33 0 8 0.00531660113484
1 37 0 8 0.00531441066414
14 27 0 8 0.00530296145007
23 44 0 8 0.00529985316098
7 31 0 8 0.00527159078047
37 62 0 8 0.00527124851942
52 57 0 8 0.00526424963027
22 40 0 8 0.0052518537268
2 36 0 8 0.00524952542037
13 59 0 8 0.00520134298131
13 25 0 8 0.00520047452301
30 35 0 8 0.00519955484197
22 46 0 8 0.00519021740183
32 47 0 8 0.00518920086324
25 35 0 8 0.0051845703274
60 66 0 8 0.00517895584926
12 34 0 8 0.00515889143571
22 55 0 8 0.00514181843027
5 25 0 8 0.00514046195894
18 59 0 8 0.00510580232367
35 53 0 8 0.00507769966498
21 41 0 8 0.0050634611398
34 53 0 8 0.00506272353232
10 47 0 8 0.00502447411418
8 59 0 8 0.00501888012514
33 51 0 8 0.00499217445031
10 28 0 8 0.00498459395021
28 36 0 8 0.00496600428596
27 44 0 8 0.00495908642188
25 40 0 8 0.00495321722701
41 49 0 8 0.00494747422636
19 43 0 8 0.00494042225182
19 45 0 8 0.00492448033765
29 54 0 8 0.00490013649687
29 66 0 8 0.00488526187837
33 48 0 8 0.00486958678812
15 49 0 8 0.00485709728673
18 47 0 8 0.0048500886187
12 37 0 8 0.0048314477317
1 22 0 8 0.00482239108533
36 63 0 8 0.00481812469661
8 52 0 8 0.00481016328558
39 55 0 8 0.00479100691155
21 37 0 8 0.00477280700579
23 59 0 8 0.00475917989388
8 57 0 8 0.00475836684927
14 20 0 8 0.00475263688713
24 48 0 8 0.00473925843835
8 23 0 8 0.00470855133608
43 53 0 8 0.00469986442477
25 41 0 8 0.00469032721594
6 53 0 8 0.0046847583726
40 61 0 8 0.00465887831524
24 40 0 8 0.0046577421017
28 56 0 8 0.00465409597382
12 53 0 8 0.00464343233034
26 40 0 8 0.00460740877315
9 60 0 8 0.00459854723886
25 42 0 8 0.00459295418113
9 55 0 8 0.0045751822181
26 53 0 8 0.00455882865936
24 33 0 8 0.00454846443608
7 55 0 8 0.00453835818917
18 33 0 8 0.00451422203332
19 41 0 8 0.00449453154579
8 24 0 8 0.00449129380286
27 56 0 8 0.00448373612016
39 64 0 8 0.00448075309396
44 54 0 8 0.00444555096328
5 37 0 8 0.00442498410121
2 49 0 8 0.00441983202472
29 37 0 8 0.00441774073988
8 34 0 8 0.0044051646255
27 55 0 8 0.00439919577911
14 25 0 8 0.00439494801685
19 64 0 8 0.00438179401681
17 52 0 8 0.00437720678747
11 37 0 8 0.00436265952885
32 49 0 8 0.00434455554932
22 38 0 8 0.00432160310447
32 56 0 8 0.00430935854092
57 64 0 8 0.00430832384154
8 56 0 8 0.00429674331099
28 53 0 8 0.0042694080621
41 61 0 8 0.00426856288686
11 34 0 8 0.00425513647497
35 52 0 8 0.00423773052171
17 56 0 8 0.00423558568582
35 64 0 8 0.00423181662336
5 30 0 8 0.00422663940117
1 14 0 8 0.00422115437686
40 55 0 8 0.00419493904337
5 55 0 8 0.00419012177736
27 48 0 8 0.00416124798357
12 36 0 8 0.00413918728009
57 68 0 8 0.00412371009588
21 53 0 8 0.00411352002993
24 36 0 8 0.00411078054458
38 64 0 8 0.00410141283646
31 64 0 8 0.0041013257578
29 40 0 8 0.00409167679027
22 64 0 8 0.00409154640511
8 53 0 8 0.0040907538496
7 24 0 8 0.00408816291019
39 63 0 8 0.00407553603873
29 56 0 8 0.00406890874729
21 43 0 8 0.00405933754519
10 59 0 8 0.00405742181465
24 38 0 8 0.00405297148973
10 55 0 8 0.00402838736773
25 59 0 8 0.00402763765305
33 54 0 8 0.00401473930106
24 55 0 8 0.00399533379823
27 43 0 8 0.00399140035734
7 21 0 8 0.00398986320943
19 44 0 8 0.0039735022001
36 56 0 8 0.00396345788613
41 57 0 8 0.00394961982965
21 59 0 8 0.00392589718103
10 49 0 8 0.00391879538074
49 68 0 8 0.00391151895747
5 57 0 8 0.00390773965046
31 53 0 8 0.00389062915929
46 53 0 8 0.00388046004809
17 47 0 8 0.00385300186463
9 52 0 8 0.0038527129218
4 56 0 8 0.00384363718331
5 21 0 8 0.00383960083127
37 61 0 8 0.0038205687888
10 27 0 8 0.00377886020578
44 55 0 8 0.00377318845131
3 33 0 8 0.00375963165425
26 59 0 8 0.00374800851569
46 58 0 8 0.00374003499746
33 50 0 8 0.00373945059255
21 38 0 8 0.00370237417519
3 52 0 8 0.00369810056873
10 58 0 8 0.00368843809702
17 49 0 8 0.00368516636081
22 48 0 8 0.00367799005471
25 53 0 8 0.00366892362945
39 60 0 8 0.00366155267693
12 52 0 8 0.0036386186257
30 47 0 8 0.00358513183892
8 31 0 8 0.00357145746239
9 56 0 8 0.00355293275788
6 59 0 8 0.0035504673142
23 64 0 8 0.00347694149241
4 36 0 8 0.00345813645981
31 49 0 8 0.00343624013476
11 25 0 8 0.00343134324066
33 46 0 8 0.00341847608797
16 59 0 8 0.00340506620705
28 37 0 8 0.00340259145014
4 10 0 8 0.00339737255126
33 63 0 8 0.00339338066988
30 49 0 8 0.00335711450316
47 53 0 8 0.0033544334583
11 54 0 8 0.00334633234888
17 60 0 8 0.0033390596509
15 26 0 8 0.00333463517018
31 56 0 8 0.00333266425878
9 26 0 8 0.00332695781253
22 60 0 8 0.0033081008587
7 28 0 8 0.00329978181981
44 65 0 8 0.00328398472629
44 66 0 8 0.00327838794328
56 64 0 8 0.00326182949357
39 61 0 8 0.00326107442379
24 39 0 8 0.00325964437798
19 37 0 8 0.00325795123354
30 39 0 8 0.00325144967064
1 15 0 8 0.00323776947334
5 53 0 8 0.00323642184958
23 40 0 8 0.00322345248424
32 53 0 8 0.0032163055148
38 62 0 8 0.00320787192322
47 65 0 8 0.00317565212026
30 59 0 8 0.00317079667002
14 60 0 8 0.00315970391966
15 53 0 8 0.00314614223316
18 56 0 8 0.00314523023553
21 40 0 8 0.0031411962118
50 67 0 8 0.00312822242267
50 57 0 8 0.00312015973032
51 66 0 8 0.0030978997238
16 21 0 8 0.00308609870262
37 58 0 8 0.00308588892221
33 57 0 8 0.00308171985671
52 65 0 8 0.00308037665673
20 47 0 8 0.00307768932544
1 52 0 8 0.00306534417905
8 22 0 8 0.00306362938136
22 35 0 8 0.00305919349194
61 68 0 8 0.00304825534113
44 52 0 8 0.00302397273481
51 63 0 8 0.00302288169041
14 22 0 8 0.00301187951118
3 12 0 8 0.00300801149569
12 57 0 8 0.00298874243163
19 29 0 8 0.00298622157425
15 59 0 8 0.00297690159641
26 33 0 8 0.00296529335901
43 61 0 8 0.00296395993792
1 33 0 8 0.00295613706112
12 49 0 8 0.00293654855341
29 57 0 8 0.00292992289178
13 27 0 8 0.00292657455429
37 48 0 8 0.0029238415882
60 67 0 8 0.00292373471893
29 38 0 8 0.00291931070387
10 37 0 8 0.002916875761
8 30 0 8 0.00291234441102
40 58 0 8 0.00290711782873
23 37 0 8 0.0029041103553
24 56 0 8 0.00290328753181
1 13 0 8 0.00289388303645
37 53 0 8 0.00287783215754
12 30 0 8 0.00287559581921
10 21 0 8 0.0028637223877
1 49 0 8 0.00285481102765
39 52 0 8 0.00284827314317
12 35 0 8 0.00284168403596
28 49 0 8 0.00283520575613
42 62 0 8 0.00282442918979
8 27 0 8 0.00281476555392
5 56 0 8 0.00280867307447
29 64 0 8 0.00280657969415
30 53 0 8 0.00279125315137
38 48 0 8 0.00278984406032
35 49 0 8 0.00278302049264
12 55 0 8 0.00278157554567
19 40 0 8 0.00277492520399
7 56 0 8 0.00277453986928
7 52 0 8 0.00276435213163
19 49 0 8 0.00275411945768
16 36 0 8 0.00275255739689
14 24 0 8 0.00274364114739
19 33 0 8 0.00273040076718
17 59 0 8 0.00272308755666
11 29 0 8 0.00270974985324
6 49 0 8 0.00270882621408
56 61 0 8 0.00269469828345
24 59 0 8 0.00268414826132
33 66 0 8 0.00267994683236
36 60 0 8 0.00267891073599
9 59 0 8 0.00266777398065
5 29 0 8 0.0026667274069
36 52 0 8 0.00264253374189
35 56 0 8 0.00264235516079
20 49 0 8 0.0026418841444
38 53 0 8 0.00263579864986
20 52 0 8 0.00262156198733
24 52 0 8 0.00260288198479
47 66 0 8 0.00258666742593
27 37 0 8 0.00258075073361
21 56 0 8 0.00257744872943
48 64 0 8 0.00254946784116
27 53 0 8 0.00254809297621
1 56 0 8 0.00254767015576
9 25 0 8 0.00254598772153
11 59 0 8 0.00254170107655
7 30 0 8 0.00254158233292
26 37 0 8 0.00252203340642
19 36 0 8 0.00250308471732
5 59 0 8 0.00249993149191
15 55 0 8 0.0024876925163
49 57 0 8 0.00248553277925
26 49 0 8 0.00247937627137
15 28 0 8 0.0024664408993
35 59 0 8 0.0024645505473
36 53 0 8 0.0024611086119
30 52 0 8 0.00245471578091
34 56 0 8 0.00244761630893
33 55 0 8 0.00243156286888
25 39 0 8 0.00243062037043
30 38 0 8 0.00242829299532
1 59 0 8 0.0024040879216
40 62 0 8 0.00240281061269
15 33 0 8 0.00236642570235
41 62 0 8 0.00236276094802
60 68 0 8 0.00236209342256
10 53 0 8 0.00234399084002
13 33 0 8 0.00233968836255
14 53 0 8 0.00233914842829
10 25 0 8 0.00233574933372
16 52 0 8 0.00232452224009
27 41 0 8 0.00232413969934
29 55 0 8 0.00231650890782
31 52 0 8 0.00231227092445
10 24 0 8 0.0022899757605
39 53 0 8 0.00228570797481
47 55 0 8 0.00228259363212
15 36 0 8 0.00227800779976
40 63 0 8 0.00225591775961
37 60 0 8 0.00223933765665
6 56 0 8 0.00222901115194
38 49 0 8 0.00222846702673
44 60 0 8 0.0022239391692
15 30 0 8 0.00222059269436
22 52 0 8 0.00219881976955
9 33 0 8 0.00218760082498
20 59 0 8 0.00217306171544
1 7 0 8 0.00217249128036
20 36 0 8 0.00217133783735
46 52 0 8 0.00217032362707
39 49 0 8 0.00216906820424
23 49 0 8 0.0021678218618
16 53 0 8 0.00215809955262
14 59 0 8 0.00213286862709
34 52 0 8 0.00213159201667
25 52 0 8 0.00212940946221
45 66 0 8 0.00212930003181
7 53 0 8 0.0021219230257
12 26 0 8 0.00212162104435
42 63 0 8 0.00211475021206
10 32 0 8 0.00211174366996
3 53 0 8 0.00211038952693
26 52 0 8 0.00210272544064
7 29 0 8 0.00208794046193
43 62 0 8 0.00208401377313
11 22 0 8 0.00207497528754
2 9 0 8 0.00207139342092
15 20 0 8 0.00207011238672
41 64 0 8 0.00205497909337
6 33 0 8 0.00204165396281
22 39 0 8 0.00203945650719
8 25 0 8 0.00203271000646
2 7 0 8 0.00203124037944
10 31 0 8 0.00202117301524
8 21 0 8 0.00202015950345
16 49 0 8 0.00201142439619
27 39 0 8 0.00200637592934
12 31 0 8 0.00200269836932
5 32 0 8 0.00199766783044
16 29 0 8 0.0019976166077
30 37 0 8 0.00199618632905
5 27 0 8 0.00198535504751
3 11 0 8 0.00197043595836
43 64 0 8 0.00195550778881
25 49 0 8 0.0019488009857
25 56 0 8 0.00193542963825
33 60 0 8 0.0019326104084
8 32 0 8 0.00193129642867
22 56 0 8 0.00192974007223
13 56 0 8 0.00192521128338
24 37 0 8 0.00191767245997
10 60 0 8 0.00191413646098
10 56 0 8 0.00190327921882
25 38 0 8 0.00189954903908
33 53 0 8 0.00189912691712
49 65 0 8 0.00188298604917
56 62 0 8 0.00187608192209
34 59 0 8 0.00187485723291
11 30 0 8 0.00187480903696
7 32 0 8 0.00187176524196
41 52 0 8 0.00185184623115
25 33 0 8 0.00185036868788
22 33 0 8 0.00184793956578
9 32 0 8 0.0018339517992
41 55 0 8 0.00182771589607
40 52 0 8 0.00182243611198
13 21 0 8 0.00181541393977
7 59 0 8 0.00181500788312
39 56 0 8 0.00181024987251
41 56 0 8 0.00180293724407
22 44 0 8 0.00180157076102
11 33 0 8 0.00179462286178
53 66 0 8 0.00179005274549
29 52 0 8 0.00178487726953
48 53 0 8 0.00176913291216
9 27 0 8 0.00176298455335
36 59 0 8 0.00174983777106
15 32 0 8 0.00174973439425
37 64 0 8 0.00174426182639
2 11 0 8 0.0017291335389
20 56 0 8 0.00172520452179
34 49 0 8 0.00172168680001
8 28 0 8 0.00170804793015
15 23 0 8 0.00169356132392
11 28 0 8 0.00168321258388
15 52 0 8 0.0016704138834
9 21 0 8 0.00166346644983
50 55 0 8 0.00165747234132
14 33 0 8 0.00165581796318
10 26 0 8 0.00165474775713
46 61 0 8 0.00165246415418
14 52 0 8 0.00164396804757
12 21 0 8 0.00164126011077
43 63 0 8 0.00164106627926
25 36 0 8 0.00164105161093
12 20 0 8 0.00163586216513
54 62 0 8 0.00162325915881
29 35 0 8 0.00161159364507
23 36 0 8 0.00159061921295
33 49 0 8 0.00158916751388
12 28 0 8 0.00158490531612
55 62 0 8 0.00156176555902
23 52 0 8 0.0015580203617
33 64 0 8 0.00153733952902
54 61 0 8 0.00152417598292
25 37 0 8 0.00151575740892
27 36 0 8 0.00150988576934
36 49 0 8 0.00150650355499
22 59 0 8 0.00150045054033
38 56 0 8 0.00149957789108
3 36 0 8 0.00149841944221
7 27 0 8 0.00147229607683
41 63 0 8 0.00146619940642
42 52 0 8 0.00146530533675
26 36 0 8 0.00146323605441
37 52 0 8 0.00145950366277
27 59 0 8 0.0014553227229
15 25 0 8 0.00145059288479
40 64 0 8 0.00144413474482
9 30 0 8 0.00144164217636
24 49 0 8 0.00143922853749
1 11 0 8 0.00141009455547
54 63 0 8 0.00140915624797
41 60 0 8 0.00140887580346
43 56 0 8 0.0014066194417
38 59 0 8 0.00140018225648
27 52 0 8 0.00139569106977
12 33 0 8 0.00137632410042
46 64 0 8 0.00137580640148
48 65 0 8 0.0013725196477
40 60 0 8 0.00136974931229
2 8 0 8 0.00136780634057
15 27 0 8 0.00134686753154
37 49 0 8 0.00134259380866
11 20 0 8 0.00134008866735
37 63 0 8 0.00133958214428
10 22 0 8 0.00133790110704
37 55 0 8 0.00133186660241
19 59 0 8 0.00132811022922
53 58 0 8 0.00132029340602
9 22 0 8 0.00131401547696
16 56 0 8 0.00130848737899
13 29 0 8 0.00130779703613
19 52 0 8 0.00130532693584
55 61 0 8 0.00129825971089
51 62 0 8 0.00129769043997
16 33 0 8 0.00129257806111
14 56 0 8 0.00128083094023
29 53 0 8 0.00124700192828
3 8 0 8 0.00124465359841
8 33 0 8 0.00124010653235
26 39 0 8 0.00123983726371
1 10 0 8 0.00122989946976
10 52 0 8 0.00122697488405
15 22 0 8 0.00122137216385
42 60 0 8 0.00121850892901
54 59 0 8 0.00121179409325
38 52 0 8 0.00120914389845
50 65 0 8 0.00119820260443
29 49 0 8 0.0011875377968
22 49 0 8 0.00118427595589
44 56 0 8 0.00118334742729
1 8 0 8 0.00118027534336
11 21 0 8 0.00117844587658
37 59 0 8 0.00116540677845
40 59 0 8 0.00116496777628
37 56 0 8 0.00113507744391
42 64 0 8 0.00109822140075
30 36 0 8 0.00109567423351
51 57 0 8 0.00109014846385
7 33 0 8 0.00108844134957
29 36 0 8 0.00108151021414
3 10 0 8 0.00107386533637
15 29 0 8 0.00106604979374
11 27 0 8 0.00106411892921
10 30 0 8 0.00105814647395
50 66 0 8 0.00105309812352
27 40 0 8 0.00103652803227
13 23 0 8 0.00102839502506
1 12 0 8 0.00101587909739
12 22 0 8 0.00100684119388
14 23 0 8 0.000986138358712
44 62 0 8 0.000963289407082
48 59 0 8 0.00094521016581
1 9 0 8 0.000925137137529
52 60 0 8 0.000913886295166
44 58 0 8 0.000909774273168
42 56 0 8 0.00090614130022
8 29 0 8 0.000903504900634
45 55 0 8 0.000891781179234
46 57 0 8 0.000883816450369
43 60 0 8 0.000882516789716
48 56 0 8 0.000872748321854
10 23 0 8 0.000861173437443
52 64 0 8 0.000839326297864
12 27 0 8 0.000835670100059
44 63 0 8 0.000831404177006
46 62 0 8 0.000823592825327
52 63 0 8 0.000818395521492
52 58 0 8 0.000817084917799
47 61 0 8 0.000815120118205
49 54 0 8 0.000813631748315
45 52 0 8 0.000810366531368
27 49 0 8 0.000802961876616
53 61 0 8 0.000801299058367
33 59 0 8 0.000798620341811
12 23 0 8 0.0007923519006
53 64 0 8 0.000780746515375
12 29 0 8 0.000772720843088
44 64 0 8 0.000767468998674
48 54 0 8 0.000764278520364
40 56 0 8 0.000757085508667
13 22 0 8 0.000753626052756
48 57 0 8 0.000744467950426
45 64 0 8 0.000741483643651
3 9 0 8 0.000740264717024
45 62 0 8 0.000731634441763
45 60 0 8 0.000729855557438
2 10 0 8 0.000726126891095
44 57 0 8 0.000723874487448
45 61 0 8 0.000711840228178
56 63 0 8 0.000710097956471
39 59 0 8 0.000699732161593
13 26 0 8 0.000699127907865
11 23 0 8 0.00069885578705
33 47 0 8 0.000685368257109
44 61 0 8 0.00068001326872
16 22 0 8 0.000672366586514
41 59 0 8 0.00065990164876
45 57 0 8 0.000657231023069
51 60 0 8 0.000641293241642
49 55 0 8 0.000622653809842
10 29 0 8 0.000608883216046
43 57 0 8 0.000599050370511
54 60 0 8 0.000585151079576
48 62 0 8 0.000582590699196
47 63 0 8 0.000580623280257
50 64 0 8 0.000576953985728
47 64 0 8 0.000576497463044
47 54 0 8 0.000575464509893
52 61 0 8 0.000570771982893
47 57 0 8 0.000564557383768
15 21 0 8 0.00055514567066
51 59 0 8 0.00055403803708
46 60 0 8 0.000550787954126
49 66 0 8 0.000550624739844
48 58 0 8 0.00054509320762
52 62 0 8 0.000539646018296
53 63 0 8 0.000536474224646
10 33 0 8 0.000529670331161
51 64 0 8 0.000508269178681
50 58 0 8 0.000503887364175
46 63 0 8 0.000503203191329
53 62 0 8 0.00049989373656
45 56 0 8 0.000486922857817
48 61 0 8 0.000480348971905
13 24 0 8 0.000477533991216
50 60 0 8 0.00045498268446
49 56 0 8 0.00045346657862
53 60 0 8 0.000450648163678
48 63 0 8 0.00043713953346
45 63 0 8 0.000426371610956
11 24 0 8 0.000424626050517
46 56 0 8 0.000417282950366
15 24 0 8 0.00040690015885
48 55 0 8 0.000376471143682
47 62 0 8 0.000366813619621
12 25 0 8 0.000350756949047
50 61 0 8 0.000349202833604
47 58 0 8 0.00032731864485
45 58 0 8 0.000323265703628
43 59 0 8 0.000318823702401
50 56 0 8 0.000311670359224
53 59 0 8 0.000293898308882
49 64 0 8 0.000287358561764
12 24 0 8 0.000277877261396
52 59 0 8 0.000276144477539
49 63 0 8 0.000252881349297
47 56 0 8 0.000240239169216
49 58 0 8 0.000238918859395
42 59 0 8 0.000233099621255
48 60 0 8 0.000227365278988
50 62 0 8 0.000204087526072
45 59 0 8 0.000196486289497
49 60 0 8 0.000188328369404
50 63 0 8 0.000178574468009
46 59 0 8 0.000150609193952
47 60 0 8 0.000144819845445
44 59 0 8 0.000131221851916
49 61 0 8 0.000113095178676
50 59 0 8 0.000112064175482
47 59 0 8 0.000111082597869
49 62 0 8 9.41721154959e-05
49 59 0 8 7.3836032243e-05
