81 82 0 8 0.999999344349
1 2 0 8 0.999998509884
2 3 0 8 0.999995827675
80 81 0 8 0.999995052814
3 4 0 8 0.999963641167
8 9 0 8 0.999848306179
7 8 0 8 0.99983471632
10 11 0 8 0.999757349491
54 55 0 8 0.999526441097
30 31 0 8 0.999484121799
45 46 0 8 0.999451041222
13 14 0 8 0.999340176582
15 16 0 8 0.999328315258
53 54 0 8 0.999318480492
12 13 0 8 0.999300837517
6 7 0 8 0.999290764332
31 32 0 8 0.999221384525
74 75 0 8 0.999218821526
11 12 0 8 0.999217450619
33 34 0 8 0.999213993549
44 45 0 8 0.999212324619
57 58 0 8 0.999191761017
75 76 0 8 0.999081432819
55 56 0 8 0.999081015587
4 5 0 8 0.999066352844
32 33 0 8 0.999041259289
63 64 0 8 0.999027073383
14 15 0 8 0.998985230923
29 30 0 8 0.998953640461
67 68 0 8 0.998948097229
9 10 0 8 0.998933315277
26 27 0 8 0.998863518238
27 28 0 8 0.998813688755
51 52 0 8 0.998804807663
79 80 0 8 0.998773574829
66 67 0 8 0.99875664711
56 57 0 8 0.998752295971
69 70 0 8 0.99862319231
5 6 0 8 0.998596429825
50 51 0 8 0.998374640942
46 47 0 8 0.998331606388
16 17 0 8 0.99827259779
17 18 0 8 0.998259186745
52 53 0 8 0.998191416264
48 49 0 8 0.998133778572
78 79 0 8 0.998132407665
62 63 0 8 0.998051464558
39 40 0 8 0.997972309589
18 19 0 8 0.997791230679
70 71 0 8 0.997777223587
65 66 0 8 0.997674942017
38 39 0 8 0.997632801533
49 50 0 8 0.997516393661
68 69 0 8 0.997336030006
43 44 0 8 0.997323513031
37 38 0 8 0.997219920158
25 26 0 8 0.997020840645
47 48 0 8 0.996961712837
71 72 0 8 0.996940672398
42 43 0 8 0.996816158295
24 25 0 8 0.996754467487
72 73 0 8 0.99667185545
61 62 0 8 0.996575832367
28 29 0 8 0.996140182018
41 42 0 8 0.996127843857
20 21 0 8 0.996108710766
73 74 0 8 0.996027052402
21 22 0 8 0.99595361948
22 23 0 8 0.995930433273
76 77 0 8 0.995874106884
34 35 0 8 0.995645403862
19 20 0 8 0.995550274849
40 41 0 8 0.995537519455
64 65 0 8 0.995126485825
58 59 0 8 0.994436204433
23 24 0 8 0.993649840355
36 37 0 8 0.992079854012
59 60 0 8 0.991823017597
60 61 0 8 0.991326272488
35 36 0 8 0.99083429575
77 78 0 8 0.990238070488
66 68 0 8 0.948093831539
21 23 0 8 0.936745047569
23 25 0 8 0.926506459713
4 6 0 8 0.925378441811
30 32 0 8 0.898926019669
11 13 0 8 0.898055016994
54 56 0 8 0.897372841835
45 47 0 8 0.880365431309
47 49 0 8 0.873361706734
8 10 0 8 0.856216549873
35 37 0 8 0.852308988571
6 8 0 8 0.829015910625
18 20 0 8 0.828677713871
50 52 0 8 0.826011717319
61 74 0 8 0.817097783089
79 81 0 8 0.816294908524
20 22 0 8 0.815009653568
8 21 0 8 0.813169002533
64 77 0 8 0.812560319901
80 82 0 8 0.810057580471
42 44 0 8 0.804873287678
16 30 0 8 0.803221464157
13 26 0 8 0.799354374409
63 75 0 8 0.795945763588
59 61 0 8 0.794657886028
72 74 0 8 0.792584121227
15 30 0 8 0.791229486465
60 62 0 8 0.789762973785
13 15 0 8 0.787490427494
40 54 0 8 0.78371566534
75 77 0 8 0.782336890697
51 69 0 8 0.781310856342
8 24 0 8 0.780945241451
15 27 0 8 0.779401600361
33 35 0 8 0.779219150543
24 26 0 8 0.774915456772
2 4 0 8 0.774157166481
11 24 0 8 0.772597670555
63 65 0 8 0.770998299122
56 58 0 8 0.767779171467
9 23 0 8 0.76773750782
48 50 0 8 0.765387177467
37 39 0 8 0.764979541302
9 11 0 8 0.764902293682
16 29 0 8 0.76399409771
68 70 0 8 0.763880372047
20 32 0 8 0.762378633022
52 54 0 8 0.760812103748
12 25 0 8 0.759614408016
16 18 0 8 0.75879406929
70 72 0 8 0.758066058159
52 66 0 8 0.756678938866
15 17 0 8 0.754217922688
19 32 0 8 0.754142701626
36 38 0 8 0.753126561642
14 27 0 8 0.75303041935
57 59 0 8 0.752774477005
26 28 0 8 0.751479923725
28 42 0 8 0.750526070595
63 76 0 8 0.75000166893
39 57 0 8 0.749781370163
17 30 0 8 0.749198555946
78 80 0 8 0.748445808887
49 51 0 8 0.748204767704
69 71 0 8 0.747046113014
7 9 0 8 0.746895611286
27 29 0 8 0.746036291122
13 25 0 8 0.744589090347
8 11 0 8 0.742904007435
25 27 0 8 0.742053508759
27 45 0 8 0.741889894009
65 77 0 8 0.740327239037
58 71 0 8 0.738734722137
14 26 0 8 0.738057851791
57 72 0 8 0.73745650053
57 69 0 8 0.737235605717
14 28 0 8 0.737154245377
51 53 0 8 0.736058235168
32 34 0 8 0.734744131565
10 12 0 8 0.731698811054
39 54 0 8 0.730098724365
51 63 0 8 0.725118875504
38 40 0 8 0.724340558052
65 67 0 8 0.724230885506
27 48 0 8 0.723502635956
37 50 0 8 0.723167896271
51 66 0 8 0.720842003822
55 57 0 8 0.720738172531
5 7 0 8 0.718988478184
34 47 0 8 0.718922197819
43 45 0 8 0.716785788536
62 74 0 8 0.71615332365
62 64 0 8 0.71428078413
1 3 0 8 0.712979674339
29 31 0 8 0.711823999882
11 23 0 8 0.71168667078
55 68 0 8 0.708563506603
61 63 0 8 0.707351505756
41 43 0 8 0.706752896309
67 69 0 8 0.706595540047
12 24 0 8 0.703845500946
74 76 0 8 0.703622043133
46 48 0 8 0.703463554382
73 75 0 8 0.701763629913
15 18 0 8 0.701579809189
41 54 0 8 0.701542377472
44 46 0 8 0.700680136681
27 39 0 8 0.700148463249
56 68 0 8 0.699627637863
64 76 0 8 0.699151754379
39 51 0 8 0.697772443295
25 38 0 8 0.696470141411
40 53 0 8 0.69425034523
14 16 0 8 0.69348013401
27 42 0 8 0.692086935043
28 30 0 8 0.691980838776
17 19 0 8 0.691301226616
9 21 0 8 0.690710961819
33 54 0 8 0.688812196255
12 14 0 8 0.687661349773
19 21 0 8 0.687643051147
53 55 0 8 0.686783492565
33 45 0 8 0.678083240986
31 44 0 8 0.677536189556
8 20 0 8 0.67716884613
26 39 0 8 0.677161216736
45 66 0 8 0.677131414413
45 57 0 8 0.674473822117
58 60 0 8 0.674127578735
22 35 0 8 0.673665165901
45 60 0 8 0.673358678818
33 48 0 8 0.672964274883
39 41 0 8 0.672680318356
22 24 0 8 0.67148566246
21 33 0 8 0.67055362463
38 51 0 8 0.669446110725
40 42 0 8 0.66869109869
5 18 0 8 0.668619275093
64 66 0 8 0.668159425259
77 79 0 8 0.666292607784
10 23 0 8 0.665663301945
51 54 0 8 0.664196014404
54 57 0 8 0.663973331451
15 28 0 8 0.662577569485
30 33 0 8 0.661790132523
59 71 0 8 0.66079467535
53 66 0 8 0.657693088055
37 49 0 8 0.656669795513
31 33 0 8 0.65602517128
52 65 0 8 0.655737638474
51 64 0 8 0.653996706009
23 35 0 8 0.653920173645
39 52 0 8 0.653721094131
17 29 0 8 0.652512073517
28 41 0 8 0.651660203934
76 78 0 8 0.650573253632
9 22 0 8 0.650479257107
43 56 0 8 0.650108098984
57 70 0 8 0.649777650833
46 59 0 8 0.649759531021
18 31 0 8 0.646886587143
18 30 0 8 0.646130204201
34 36 0 8 0.643927276134
3 5 0 8 0.643664300442
45 48 0 8 0.64318549633
49 62 0 8 0.643039345741
41 55 0 8 0.642192006111
53 65 0 8 0.641428947449
47 59 0 8 0.636206388474
35 47 0 8 0.632015585899
45 58 0 8 0.63060349226
71 73 0 8 0.630117952824
54 67 0 8 0.628704547882
25 37 0 8 0.628247022629
50 62 0 8 0.626153886318
21 36 0 8 0.623596549034
21 24 0 8 0.62334638834
41 53 0 8 0.613503217697
33 36 0 8 0.611981272697
58 70 0 8 0.609248101711
42 55 0 8 0.60864841938
29 41 0 8 0.608497858047
19 31 0 8 0.608065664768
29 42 0 8 0.607483208179
52 64 0 8 0.6051415205
8 30 0 8 0.60426992178
33 46 0 8 0.597804903984
42 45 0 8 0.591297328472
60 63 0 8 0.590827047825
60 72 0 8 0.590648531914
27 40 0 8 0.589940011501
69 72 0 8 0.589839041233
5 19 0 8 0.587862610817
38 50 0 8 0.585781216621
27 30 0 8 0.58187520504
46 58 0 8 0.58166217804
61 73 0 8 0.580647051334
22 34 0 8 0.56943655014
42 54 0 8 0.566683292389
30 43 0 8 0.564839303493
66 69 0 8 0.561038374901
49 61 0 8 0.559698700905
16 28 0 8 0.552936315536
24 27 0 8 0.551967918873
75 78 0 8 0.551856338978
33 56 0 8 0.549093782902
36 48 0 8 0.548287987709
40 52 0 8 0.54345870018
63 66 0 8 0.543238401413
26 38 0 8 0.542482316494
44 56 0 8 0.54001134634
24 36 0 8 0.536868155003
34 46 0 8 0.534421384335
28 40 0 8 0.527637660503
18 21 0 8 0.52715909481
72 75 0 8 0.525070607662
36 39 0 8 0.493215918541
51 57 0 8 0.483978122473
54 66 0 8 0.478049039841
32 44 0 8 0.476134210825
27 33 0 8 0.470791876316
15 21 0 8 0.45259386301
48 60 0 8 0.445625782013
63 69 0 8 0.434586554766
43 55 0 8 0.421392709017
45 49 0 8 0.405946075916
31 43 0 8 0.404077738523
30 42 0 8 0.39218840003
57 60 0 8 0.382474064827
39 60 0 8 0.381669342518
39 42 0 8 0.381387740374
5 8 0 8 0.380568057299
78 81 0 8 0.378160744905
48 51 0 8 0.376176267862
7 20 0 8 0.375391066074
34 37 0 8 0.369952589273
55 67 0 8 0.365510582924
45 51 0 8 0.360734432936
8 12 0 8 0.360384047031
33 39 0 8 0.354778796434
15 19 0 8 0.34804174304
33 37 0 8 0.344264656305
4 8 0 8 0.330369710922
31 34 0 8 0.32542181015
20 23 0 8 0.32139480114
9 12 0 8 0.318680465221
6 19 0 8 0.31773006916
54 58 0 8 0.31577706337
46 49 0 8 0.314020097256
2 6 0 8 0.312515556812
63 68 0 8 0.301311969757
11 27 0 8 0.29925134778
41 45 0 8 0.296938836575
27 32 0 8 0.296393841505
20 24 0 8 0.295881956816
56 59 0 8 0.295291811228
39 45 0 8 0.289473801851
21 25 0 8 0.288333415985
75 79 0 8 0.283441215754
75 81 0 8 0.279606223106
62 75 0 8 0.27824985981
63 67 0 8 0.277115911245
11 15 0 8 0.275614708662
67 70 0 8 0.273734599352
2 8 0 8 0.272965103388
41 44 0 8 0.267303168774
68 72 0 8 0.26519215107
5 20 0 8 0.264969557524
21 27 0 8 0.263808786869
6 20 0 8 0.261684298515
22 25 0 8 0.260082304478
55 58 0 8 0.258234709501
77 80 0 8 0.256404936314
51 56 0 8 0.256228387356
4 7 0 8 0.251887232065
57 63 0 8 0.250948131084
44 47 0 8 0.249955013394
65 68 0 8 0.249486491084
3 6 0 8 0.248774364591
16 19 0 8 0.245852142572
30 34 0 8 0.244398787618
59 63 0 8 0.242226943374
15 20 0 8 0.240091145039
65 69 0 8 0.238825127482
10 13 0 8 0.236036628485
11 14 0 8 0.235046982765
66 70 0 8 0.233704000711
33 51 0 8 0.231946781278
75 80 0 8 0.231368914247
29 33 0 8 0.229224041104
2 11 0 8 0.229023128748
18 22 0 8 0.22489503026
18 33 0 8 0.22372096777
14 18 0 8 0.222924694419
53 56 0 8 0.221514359117
50 54 0 8 0.221275046468
44 48 0 8 0.219631671906
53 57 0 8 0.216662570834
2 18 0 8 0.216548532248
69 75 0 8 0.215126097202
45 50 0 8 0.214789003134
32 36 0 8 0.214107781649
55 59 0 8 0.213240042329
68 71 0 8 0.212674334645
77 81 0 8 0.212666645646
32 35 0 8 0.212597578764
58 61 0 8 0.212495744228
21 39 0 8 0.210633277893
45 63 0 8 0.210025012493
3 8 0 8 0.209205389023
23 27 0 8 0.207600146532
74 78 0 8 0.207503810525
29 32 0 8 0.206647187471
35 39 0 8 0.206565737724
54 68 0 8 0.206494361162
19 22 0 8 0.205959662795
15 33 0 8 0.205336228013
40 45 0 8 0.204125925899
76 80 0 8 0.203778624535
35 38 0 8 0.201101049781
64 68 0 8 0.199568659067
34 38 0 8 0.198504477739
36 40 0 8 0.198202446103
8 27 0 8 0.196724623442
9 13 0 8 0.195932820439
57 74 0 8 0.193737760186
57 75 0 8 0.193457782269
7 19 0 8 0.193266049027
52 57 0 8 0.192802816629
7 21 0 8 0.19114767015
39 44 0 8 0.191067025065
79 82 0 8 0.190381795168
38 42 0 8 0.189373597503
43 46 0 8 0.189339950681
2 5 0 8 0.188460737467
36 51 0 8 0.188017055392
47 50 0 8 0.186943218112
13 17 0 8 0.185995265841
26 30 0 8 0.1856726408
12 15 0 8 0.184779107571
76 79 0 8 0.184532612562
27 31 0 8 0.183242321014
63 81 0 8 0.182952746749
58 75 0 8 0.182721227407
19 23 0 8 0.181694433093
37 40 0 8 0.180531784892
33 50 0 8 0.180495142937
47 51 0 8 0.179988339543
62 68 0 8 0.179084122181
39 43 0 8 0.17894487083
59 73 0 8 0.176558598876
40 44 0 8 0.176313042641
57 61 0 8 0.175949797034
31 35 0 8 0.175538688898
26 32 0 8 0.175413295627
2 7 0 8 0.17287351191
56 60 0 8 0.172224923968
21 57 0 8 0.172109156847
21 38 0 8 0.171931535006
60 75 0 8 0.171870276332
27 51 0 8 0.171833574772
59 62 0 8 0.171616792679
64 67 0 8 0.171081006527
58 72 0 8 0.171067327261
54 69 0 8 0.170805692673
48 63 0 8 0.170677110553
24 39 0 8 0.1704300493
33 38 0 8 0.170396223664
67 71 0 8 0.169789791107
39 63 0 8 0.16947491467
47 62 0 8 0.168643563986
15 39 0 8 0.168035268784
58 62 0 8 0.167575180531
34 51 0 8 0.167300567031
6 18 0 8 0.167022541165
7 10 0 8 0.166985332966
37 41 0 8 0.166708886623
18 27 0 8 0.166418597102
42 46 0 8 0.165075048804
28 32 0 8 0.164806783199
58 74 0 8 0.164617404342
60 64 0 8 0.164566621184
27 57 0 8 0.164295017719
69 73 0 8 0.164205163717
62 66 0 8 0.163579270244
59 74 0 8 0.16335529089
20 35 0 8 0.161665409803
70 73 0 8 0.161657527089
58 73 0 8 0.161616310477
29 43 0 8 0.161247611046
33 49 0 8 0.160989239812
50 53 0 8 0.160554498434
65 79 0 8 0.160126000643
8 15 0 8 0.158547371626
39 56 0 8 0.157758101821
50 56 0 8 0.156874150038
28 33 0 8 0.15642490983
61 64 0 8 0.155644148588
51 55 0 8 0.1553093642
52 56 0 8 0.154834076762
51 68 0 8 0.154425129294
33 57 0 8 0.154001638293
47 61 0 8 0.153814181685
37 51 0 8 0.153445467353
3 7 0 8 0.153040215373
28 31 0 8 0.152989447117
23 26 0 8 0.152895882726
17 21 0 8 0.152479097247
11 21 0 8 0.152195975184
15 51 0 8 0.152138441801
46 50 0 8 0.152117580175
30 45 0 8 0.151437655091
57 73 0 8 0.150626003742
15 32 0 8 0.150528997183
63 80 0 8 0.150085806847
13 27 0 8 0.150024339557
43 47 0 8 0.149109810591
74 77 0 8 0.149090245366
30 47 0 8 0.149067789316
22 37 0 8 0.148979827762
18 32 0 8 0.148965731263
16 20 0 8 0.148856878281
21 37 0 8 0.148222282529
17 20 0 8 0.147353976965
24 28 0 8 0.14722019434
11 26 0 8 0.147026047111
66 81 0 8 0.146585941315
64 81 0 8 0.146171972156
27 63 0 8 0.146112188697
21 51 0 8 0.145498648286
35 49 0 8 0.145233616233
49 63 0 8 0.144986301661
2 21 0 8 0.144721880555
51 58 0 8 0.144182294607
21 45 0 8 0.143457561731
39 69 0 8 0.143361225724
33 69 0 8 0.143297553062
69 81 0 8 0.143077924848
76 81 0 8 0.142904117703
54 70 0 8 0.142763480544
22 39 0 8 0.1425421983
41 58 0 8 0.142175272107
25 28 0 8 0.141609579325
7 11 0 8 0.141070827842
32 49 0 8 0.140461757779
71 75 0 8 0.14014403522
32 46 0 8 0.139880865812
27 54 0 8 0.13958196342
40 43 0 8 0.138891786337
65 80 0 8 0.138859793544
38 41 0 8 0.138511165977
17 32 0 8 0.138504415751
45 69 0 8 0.138133823872
72 81 0 8 0.137999072671
45 62 0 8 0.137835487723
25 29 0 8 0.136854603887
24 40 0 8 0.13683539629
64 69 0 8 0.136567890644
5 21 0 8 0.136543259025
19 34 0 8 0.136432155967
57 81 0 8 0.135929688811
58 63 0 8 0.135798349977
21 34 0 8 0.135528579354
21 26 0 8 0.135105296969
73 77 0 8 0.134593978524
11 25 0 8 0.134554728866
62 65 0 8 0.134472280741
20 34 0 8 0.133890450001
33 63 0 8 0.133671939373
18 34 0 8 0.133659109473
36 52 0 8 0.133499950171
65 70 0 8 0.133124187589
26 33 0 8 0.133112668991
15 29 0 8 0.133050486445
14 17 0 8 0.132930263877
59 75 0 8 0.132440701127
9 25 0 8 0.13240621984
17 34 0 8 0.132359474897
23 38 0 8 0.132304668427
28 45 0 8 0.132163181901
48 52 0 8 0.132086217403
36 50 0 8 0.131858170033
42 57 0 8 0.131840676069
52 55 0 8 0.131707847118
63 78 0 8 0.131469890475
40 57 0 8 0.131411537528
62 76 0 8 0.131190478802
41 46 0 8 0.131134882569
60 74 0 8 0.131052598357
49 52 0 8 0.130980536342
49 53 0 8 0.130922093987
21 35 0 8 0.130904272199
70 74 0 8 0.130869194865
66 80 0 8 0.130558654666
61 75 0 8 0.130315974355
63 79 0 8 0.129664599895
60 70 0 8 0.129659175873
46 63 0 8 0.129585891962
26 29 0 8 0.129243448377
56 72 0 8 0.128689914942
34 49 0 8 0.128568291664
78 82 0 8 0.128528237343
13 16 0 8 0.128272414207
8 13 0 8 0.128010258079
15 45 0 8 0.127821564674
12 27 0 8 0.127809718251
63 72 0 8 0.12745590508
39 50 0 8 0.127426564693
6 10 0 8 0.126992315054
73 76 0 8 0.126936972141
42 48 0 8 0.126863643527
62 69 0 8 0.126860335469
6 9 0 8 0.126671791077
20 37 0 8 0.126616254449
36 53 0 8 0.126610338688
16 21 0 8 0.12652143836
24 38 0 8 0.126110732555
32 48 0 8 0.125603437424
41 56 0 8 0.125542476773
59 76 0 8 0.12549239397
18 39 0 8 0.12524420023
15 24 0 8 0.125189632177
70 75 0 8 0.125175371766
16 33 0 8 0.12517131865
50 57 0 8 0.124683581293
35 50 0 8 0.124615944922
19 35 0 8 0.124416559935
71 74 0 8 0.124346643686
15 57 0 8 0.124303072691
29 44 0 8 0.124197773635
2 27 0 8 0.124120444059
42 56 0 8 0.123552002013
20 36 0 8 0.123518064618
23 36 0 8 0.123501077294
25 39 0 8 0.123383179307
60 69 0 8 0.123300142586
54 60 0 8 0.123297959566
14 21 0 8 0.123243547976
32 47 0 8 0.12312913686
68 82 0 8 0.123080901802
1 4 0 8 0.122744776309
39 75 0 8 0.122635520995
25 32 0 8 0.12251791358
4 9 0 8 0.122413650155
23 37 0 8 0.122385106981
55 70 0 8 0.121921159327
64 79 0 8 0.121715076268
11 28 0 8 0.121454276145
27 34 0 8 0.121378026903
56 70 0 8 0.121128566563
34 48 0 8 0.121100887656
13 29 0 8 0.120626553893
11 33 0 8 0.120614141226
63 70 0 8 0.120509453118
57 71 0 8 0.120398938656
22 26 0 8 0.120169609785
34 39 0 8 0.120045870543
63 82 0 8 0.119835905731
46 60 0 8 0.119816236198
72 76 0 8 0.119741164148
64 80 0 8 0.119068831205
15 26 0 8 0.118835560977
61 77 0 8 0.118578098714
51 67 0 8 0.118569210172
53 58 0 8 0.118543453515
44 59 0 8 0.118482522666
30 44 0 8 0.118255317211
22 36 0 8 0.118190594018
14 20 0 8 0.118160702288
50 64 0 8 0.118048653007
23 39 0 8 0.118033714592
44 58 0 8 0.117901310325
20 33 0 8 0.117074795067
4 18 0 8 0.117033593357
10 25 0 8 0.116975001991
65 81 0 8 0.116940945387
2 19 0 8 0.116935379803
59 72 0 8 0.116817630827
10 27 0 8 0.116542331874
2 16 0 8 0.11653240025
56 71 0 8 0.116513885558
48 64 0 8 0.116144865751
13 21 0 8 0.115982837975
8 22 0 8 0.115866608918
29 46 0 8 0.115755788982
51 60 0 8 0.115580126643
10 14 0 8 0.115437366068
22 38 0 8 0.115397557616
56 73 0 8 0.115195155144
54 71 0 8 0.115043669939
14 30 0 8 0.114768706262
39 49 0 8 0.114310525358
47 60 0 8 0.114205315709
29 45 0 8 0.114081464708
8 23 0 8 0.113812349737
2 15 0 8 0.113716192544
40 56 0 8 0.113331273198
45 61 0 8 0.113286264241
2 33 0 8 0.113195300102
5 9 0 8 0.113025277853
45 54 0 8 0.112967640162
8 25 0 8 0.112780876458
10 26 0 8 0.112708874047
43 58 0 8 0.112676881254
30 46 0 8 0.112667731941
46 61 0 8 0.112299375236
51 81 0 8 0.112266294658
20 39 0 8 0.111798070371
13 28 0 8 0.111783280969
41 57 0 8 0.111715048552
51 75 0 8 0.11160095036
35 51 0 8 0.111376062036
13 18 0 8 0.110743738711
66 82 0 8 0.110675640404
40 51 0 8 0.110653072596
44 60 0 8 0.110643424094
57 62 0 8 0.110549382865
37 53 0 8 0.110449902713
44 49 0 8 0.110443837941
38 52 0 8 0.110385268927
39 48 0 8 0.110051937401
18 35 0 8 0.109854333103
24 35 0 8 0.109852351248
60 66 0 8 0.109614871442
2 39 0 8 0.109471730888
14 31 0 8 0.109378822148
36 49 0 8 0.109269917011
4 19 0 8 0.1092210114
12 16 0 8 0.109096348286
38 45 0 8 0.108977474272
48 65 0 8 0.108911678195
21 63 0 8 0.108755819499
42 58 0 8 0.108676694334
15 69 0 8 0.108463421464
12 29 0 8 0.108421556652
45 59 0 8 0.108342804015
13 19 0 8 0.108239039779
13 30 0 8 0.108129046857
2 24 0 8 0.107981681824
68 81 0 8 0.107979573309
27 36 0 8 0.107969075441
74 80 0 8 0.107844173908
67 81 0 8 0.107830159366
66 79 0 8 0.107714936137
42 51 0 8 0.10763938725
67 80 0 8 0.107527837157
47 63 0 8 0.10733781755
52 69 0 8 0.107316978276
48 62 0 8 0.107270851731
48 58 0 8 0.10710709542
2 17 0 8 0.106976814568
2 13 0 8 0.106839478016
62 78 0 8 0.106749072671
20 25 0 8 0.106725022197
2 14 0 8 0.106467798352
14 19 0 8 0.106427952647
64 78 0 8 0.106401629746
39 53 0 8 0.106350518763
11 18 0 8 0.106198437512
53 68 0 8 0.106051020324
69 74 0 8 0.105719327927
14 29 0 8 0.10512316227
63 74 0 8 0.105098359287
53 67 0 8 0.105031520128
33 47 0 8 0.104984819889
62 79 0 8 0.104726217687
24 33 0 8 0.104541696608
60 68 0 8 0.104463979602
15 63 0 8 0.104356840253
36 47 0 8 0.104188777506
37 54 0 8 0.104087680578
4 11 0 8 0.103771172464
2 81 0 8 0.103625252843
4 20 0 8 0.103601649404
60 71 0 8 0.103289470077
38 54 0 8 0.103265337646
51 62 0 8 0.103232689202
8 33 0 8 0.103042058647
5 17 0 8 0.102981165051
63 77 0 8 0.102841831744
44 61 0 8 0.102807827294
24 34 0 8 0.102679513395
49 65 0 8 0.102383054793
17 31 0 8 0.102115094662
74 79 0 8 0.102091111243
15 31 0 8 0.102068215609
34 50 0 8 0.102037407458
25 34 0 8 0.101749800146
15 34 0 8 0.101681306958
18 24 0 8 0.101609200239
52 68 0 8 0.101573519409
8 14 0 8 0.101555898786
60 81 0 8 0.101353064179
60 73 0 8 0.100627504289
4 10 0 8 0.100507102907
25 41 0 8 0.100434534252
20 27 0 8 0.100368514657
38 53 0 8 0.100179567933
2 20 0 8 0.0999704524875
68 73 0 8 0.0999396070838
40 48 0 8 0.0996491760015
27 69 0 8 0.0996229946613
49 59 0 8 0.0994690209627
50 67 0 8 0.0992919206619
16 32 0 8 0.0992536768317
53 70 0 8 0.0991412475705
27 44 0 8 0.0990654081106
57 68 0 8 0.0989178940654
51 70 0 8 0.0988206937909
15 25 0 8 0.0988183766603
42 47 0 8 0.0986751541495
72 78 0 8 0.0985263288021
10 24 0 8 0.098411552608
26 40 0 8 0.0982615277171
45 81 0 8 0.0982490628958
61 65 0 8 0.0974145233631
60 76 0 8 0.0973867550492
69 82 0 8 0.0973519235849
19 33 0 8 0.0973374322057
65 82 0 8 0.0971719175577
51 65 0 8 0.0969644188881
39 58 0 8 0.0969203934073
3 19 0 8 0.0967118740082
45 75 0 8 0.0965337753296
70 82 0 8 0.0964640602469
4 21 0 8 0.0964311286807
46 62 0 8 0.0963564068079
13 34 0 8 0.0963359773159
75 82 0 8 0.0962962210178
58 69 0 8 0.0961692780256
20 49 0 8 0.0961091294885
12 22 0 8 0.0960834920406
24 37 0 8 0.0960184708238
50 66 0 8 0.0959355980158
61 78 0 8 0.0958347842097
35 52 0 8 0.0956898331642
50 63 0 8 0.095664806664
54 63 0 8 0.0954100936651
61 76 0 8 0.0953138694167
65 78 0 8 0.0952927544713
25 40 0 8 0.0952274352312
18 23 0 8 0.0952245816588
68 80 0 8 0.0948886200786
25 33 0 8 0.0948434621096
68 75 0 8 0.0948178619146
53 69 0 8 0.0947160869837
30 39 0 8 0.0944058895111
47 64 0 8 0.0940687954426
50 65 0 8 0.0939953550696
23 40 0 8 0.0939185172319
49 56 0 8 0.0938970521092
48 61 0 8 0.0938494354486
61 71 0 8 0.0938337221742
41 49 0 8 0.0938215181231
37 45 0 8 0.0937765464187
51 73 0 8 0.0937596559525
3 20 0 8 0.0937010198832
44 50 0 8 0.0936999246478
37 52 0 8 0.0936560407281
27 41 0 8 0.093611612916
15 36 0 8 0.0935740247369
19 24 0 8 0.0932959616184
11 39 0 8 0.0932921096683
54 59 0 8 0.0932413190603
8 39 0 8 0.0930842906237
2 23 0 8 0.0928021296859
29 34 0 8 0.0926483720541
30 48 0 8 0.0925423949957
22 27 0 8 0.0924044176936
54 75 0 8 0.0923273414373
59 64 0 8 0.0923258066177
48 59 0 8 0.0922750458121
21 40 0 8 0.0920686870813
41 47 0 8 0.0919905155897
39 55 0 8 0.0919008925557
38 44 0 8 0.0918971970677
43 59 0 8 0.0918053910136
51 72 0 8 0.0916880592704
3 18 0 8 0.0913109183311
26 42 0 8 0.0912480130792
49 58 0 8 0.0909835994244
24 30 0 8 0.0909337997437
37 44 0 8 0.090885348618
11 22 0 8 0.0908286496997
8 18 0 8 0.0908171907067
40 50 0 8 0.0907712504268
60 77 0 8 0.0907045528293
9 26 0 8 0.0906606689095
40 47 0 8 0.0906111523509
2 22 0 8 0.0906031951308
36 45 0 8 0.090057387948
52 60 0 8 0.090001270175
34 45 0 8 0.0898022055626
56 69 0 8 0.0897229984403
54 72 0 8 0.089463442564
3 17 0 8 0.08946159482
30 36 0 8 0.0892575457692
27 49 0 8 0.0891338065267
27 38 0 8 0.0890186950564
20 38 0 8 0.0889619514346
58 81 0 8 0.0888333544135
22 44 0 8 0.0887924730778
27 37 0 8 0.0887255966663
49 60 0 8 0.088717289269
25 35 0 8 0.0882533341646
60 65 0 8 0.0882188826799
47 58 0 8 0.0881423205137
15 22 0 8 0.0881369933486
16 31 0 8 0.0881163403392
39 47 0 8 0.0880931615829
26 34 0 8 0.0880280062556
35 40 0 8 0.0878593325615
62 77 0 8 0.0877063125372
16 27 0 8 0.0875450819731
14 40 0 8 0.0873166322708
32 39 0 8 0.0870348960161
2 10 0 8 0.0868611931801
5 10 0 8 0.0868591144681
74 81 0 8 0.0868266373873
39 68 0 8 0.0866071283817
24 41 0 8 0.0865956693888
48 54 0 8 0.086378030479
1 17 0 8 0.0863562077284
48 57 0 8 0.0863443911076
36 42 0 8 0.0861752405763
59 70 0 8 0.0861393138766
2 25 0 8 0.0861280560493
24 32 0 8 0.0859652161598
21 58 0 8 0.0858897119761
5 11 0 8 0.085794813931
61 70 0 8 0.0857887342572
51 61 0 8 0.0854721292853
55 72 0 8 0.0854403227568
26 41 0 8 0.0852061063051
26 35 0 8 0.0850673690438
19 36 0 8 0.0850291848183
8 45 0 8 0.0849357768893
34 44 0 8 0.084933206439
20 26 0 8 0.0848644822836
72 80 0 8 0.0848614126444
49 64 0 8 0.0848224684596
60 82 0 8 0.0847181901336
2 32 0 8 0.084646910429
32 37 0 8 0.0845861956477
21 69 0 8 0.0845673903823
44 51 0 8 0.0842603966594
37 47 0 8 0.0842601656914
73 78 0 8 0.0842292904854
49 57 0 8 0.0842195600271
33 58 0 8 0.0842103138566
12 28 0 8 0.0841953679919
5 22 0 8 0.0841236263514
56 61 0 8 0.0840265154839
18 51 0 8 0.0839727297425
26 31 0 8 0.0839255601168
41 51 0 8 0.0838041231036
15 23 0 8 0.0837044864893
62 67 0 8 0.0836951211095
13 20 0 8 0.0833538174629
64 70 0 8 0.0832064896822
45 64 0 8 0.083159931004
35 48 0 8 0.08305657655
73 80 0 8 0.0830538645387
42 52 0 8 0.0829687491059
11 30 0 8 0.0828014165163
63 73 0 8 0.0827193036675
45 68 0 8 0.0827165022492
2 26 0 8 0.082708068192
28 44 0 8 0.0825821384788
33 75 0 8 0.0825773105025
60 67 0 8 0.0822559818625
30 51 0 8 0.0821868702769
36 58 0 8 0.082088008523
37 70 0 8 0.0820245444775
62 70 0 8 0.0819829031825
54 73 0 8 0.0818810090423
33 42 0 8 0.0817975848913
17 33 0 8 0.0817513912916
61 69 0 8 0.0814884901047
33 40 0 8 0.0814859345555
58 68 0 8 0.0814253017306
13 24 0 8 0.0813890770078
27 60 0 8 0.081361554563
26 43 0 8 0.0813367366791
12 18 0 8 0.0813087448478
40 55 0 8 0.0812499970198
3 9 0 8 0.0810230001807
34 41 0 8 0.0809551179409
14 33 0 8 0.0807573795319
6 11 0 8 0.0806090757251
11 45 0 8 0.0803246870637
15 37 0 8 0.0802977234125
1 5 0 8 0.0802059322596
42 49 0 8 0.0801332890987
45 67 0 8 0.0800421535969
39 46 0 8 0.0800215527415
20 50 0 8 0.079978607595
66 72 0 8 0.0799211040139
1 15 0 8 0.0798821523786
52 67 0 8 0.0798719227314
38 57 0 8 0.0798519849777
1 16 0 8 0.0798488855362
43 48 0 8 0.0798202678561
64 75 0 8 0.0797539278865
42 60 0 8 0.0796460062265
42 59 0 8 0.0793907344341
36 57 0 8 0.0793829634786
32 45 0 8 0.0793136432767
57 79 0 8 0.0792113095522
32 51 0 8 0.0792042911053
21 48 0 8 0.0791610181332
38 43 0 8 0.079117462039
23 34 0 8 0.0790449157357
16 24 0 8 0.078980602324
39 72 0 8 0.0789250507951
2 38 0 8 0.0789171680808
24 51 0 8 0.0788535028696
55 69 0 8 0.0786913558841
68 74 0 8 0.0785887539387
31 45 0 8 0.0784673839808
28 43 0 8 0.0784309357405
34 70 0 8 0.0784230902791
77 82 0 8 0.078293249011
2 57 0 8 0.0782497301698
67 82 0 8 0.0782154798508
43 57 0 8 0.0781720802188
37 58 0 8 0.0780928879976
11 19 0 8 0.0780878961086
45 70 0 8 0.0780172944069
31 47 0 8 0.0780123770237
62 72 0 8 0.0778848156333
64 74 0 8 0.0778438895941
36 72 0 8 0.0778434351087
30 49 0 8 0.0777813047171
66 75 0 8 0.0777236223221
12 21 0 8 0.0777064785361
40 49 0 8 0.0775457769632
1 13 0 8 0.0774756371975
58 80 0 8 0.0774570554495
11 32 0 8 0.0774232894182
30 35 0 8 0.0773704349995
48 68 0 8 0.0772794410586
48 69 0 8 0.0770960822701
8 51 0 8 0.0770327299833
48 70 0 8 0.0770322009921
15 48 0 8 0.0769263952971
51 82 0 8 0.076862052083
59 81 0 8 0.0768421962857
9 14 0 8 0.076828867197
51 59 0 8 0.0766015648842
18 29 0 8 0.0765998288989
37 48 0 8 0.0765979886055
14 34 0 8 0.0765909031034
24 45 0 8 0.0764219537377
24 60 0 8 0.0763751119375
33 52 0 8 0.0762793049216
32 58 0 8 0.0762772709131
12 23 0 8 0.0761006101966
28 39 0 8 0.076092839241
17 22 0 8 0.0760103315115
40 60 0 8 0.0759602487087
19 26 0 8 0.0759302005172
18 45 0 8 0.0758332014084
39 70 0 8 0.0757816135883
31 46 0 8 0.0757735967636
13 32 0 8 0.0756945759058
61 81 0 8 0.0755347684026
18 36 0 8 0.075462013483
73 81 0 8 0.0754205808043
53 59 0 8 0.0753872022033
24 57 0 8 0.0753728300333
45 82 0 8 0.0750477388501
55 71 0 8 0.0750196427107
18 40 0 8 0.0750057175756
46 51 0 8 0.0749717131257
27 43 0 8 0.0749265030026
12 26 0 8 0.0748974904418
57 82 0 8 0.0748301520944
14 22 0 8 0.0747677236795
2 12 0 8 0.0747353136539
8 26 0 8 0.0746914669871
70 81 0 8 0.0744852498174
49 66 0 8 0.0744840502739
42 50 0 8 0.0744629502296
1 18 0 8 0.0744372829795
36 46 0 8 0.0744196996093
56 75 0 8 0.0743729546666
16 23 0 8 0.0743257328868
70 80 0 8 0.0742614120245
36 54 0 8 0.0741259753704
51 74 0 8 0.0740609690547
48 72 0 8 0.0737874954939
41 48 0 8 0.0736498311162
62 81 0 8 0.0736218616366
4 16 0 8 0.0733855217695
48 66 0 8 0.07336037606
39 81 0 8 0.0732671096921
19 27 0 8 0.0732213556767
8 34 0 8 0.0732084512711
52 73 0 8 0.0732010230422
45 52 0 8 0.0731825083494
4 17 0 8 0.0731721147895
57 80 0 8 0.0730688422918
18 37 0 8 0.0730492398143
37 42 0 8 0.072947114706
18 38 0 8 0.0729159414768
29 35 0 8 0.0729050934315
11 16 0 8 0.072882629931
1 32 0 8 0.072680413723
2 28 0 8 0.0726792439818
59 79 0 8 0.0726470649242
30 40 0 8 0.0726233944297
45 72 0 8 0.0725735202432
37 57 0 8 0.0725543648005
70 77 0 8 0.0725542381406
9 24 0 8 0.0725421831012
11 48 0 8 0.0724733024836
61 72 0 8 0.0724637210369
7 23 0 8 0.0723638534546
25 42 0 8 0.0723001509905
28 34 0 8 0.0722915306687
33 70 0 8 0.0721320062876
54 81 0 8 0.0720637068152
14 37 0 8 0.0720459073782
51 80 0 8 0.0720423012972
27 35 0 8 0.0719646140933
62 80 0 8 0.0719089731574
14 32 0 8 0.0718983560801
12 19 0 8 0.0718751475215
31 48 0 8 0.0718567818403
52 63 0 8 0.0717652142048
33 60 0 8 0.0716393738985
19 40 0 8 0.071566849947
22 33 0 8 0.0715548992157
3 16 0 8 0.0715303421021
36 44 0 8 0.0715205520391
61 68 0 8 0.0715025886893
13 49 0 8 0.0712843686342
58 82 0 8 0.0712689161301
39 61 0 8 0.0711779147387
24 48 0 8 0.0711386576295
66 78 0 8 0.0711094141006
29 47 0 8 0.0711046978831
27 58 0 8 0.0710927769542
14 25 0 8 0.0710227936506
52 59 0 8 0.0708593279123
16 22 0 8 0.0707401484251
27 50 0 8 0.0707238093019
13 33 0 8 0.0706829056144
57 66 0 8 0.0706541463733
50 70 0 8 0.0705958232284
15 38 0 8 0.0705744847655
27 52 0 8 0.0705620720983
13 40 0 8 0.0705358311534
20 40 0 8 0.0704918131232
43 51 0 8 0.0704251080751
47 74 0 8 0.0703871697187
59 80 0 8 0.0703460127115
6 13 0 8 0.0703045204282
67 74 0 8 0.0702330768108
11 37 0 8 0.0701933652163
50 55 0 8 0.0701850876212
41 50 0 8 0.0700966566801
32 38 0 8 0.0700880214572
43 60 0 8 0.0700869336724
26 57 0 8 0.0699803903699
14 24 0 8 0.0699231401086
57 76 0 8 0.069922581315
68 76 0 8 0.0697503462434
15 40 0 8 0.0697312280536
18 26 0 8 0.0697243139148
61 80 0 8 0.0696890428662
39 74 0 8 0.069644190371
52 58 0 8 0.0696256235242
28 48 0 8 0.0694860592484
11 34 0 8 0.0694038122892
56 74 0 8 0.0693543553352
48 73 0 8 0.0693195834756
47 52 0 8 0.069297760725
11 20 0 8 0.0692911595106
59 68 0 8 0.0692451000214
39 64 0 8 0.0692230388522
73 82 0 8 0.0692209601402
60 80 0 8 0.0691319033504
57 67 0 8 0.0690849125385
44 57 0 8 0.0690531283617
54 74 0 8 0.0690206885338
33 44 0 8 0.0688558742404
58 79 0 8 0.068787381053
2 75 0 8 0.0687557309866
20 57 0 8 0.0687375813723
27 81 0 8 0.0687300115824
13 39 0 8 0.0687251612544
38 48 0 8 0.0687247440219
38 47 0 8 0.0686995238066
50 69 0 8 0.0686313286424
69 80 0 8 0.0685976743698
11 31 0 8 0.0685925334692
11 36 0 8 0.0685146450996
50 58 0 8 0.0684984028339
21 32 0 8 0.0684504210949
42 53 0 8 0.0683831200004
42 63 0 8 0.0682845637202
2 36 0 8 0.0682508647442
38 56 0 8 0.0682328864932
59 65 0 8 0.0682318285108
8 28 0 8 0.0682270303369
24 42 0 8 0.0682159289718
69 79 0 8 0.0681505650282
54 65 0 8 0.0681208744645
20 28 0 8 0.0680825188756
2 69 0 8 0.0679897889495
10 21 0 8 0.0679854974151
32 50 0 8 0.0679645910859
20 51 0 8 0.0679519250989
72 79 0 8 0.0678904354572
59 69 0 8 0.0678799450397
21 42 0 8 0.0678604319692
2 82 0 8 0.0678301379085
62 82 0 8 0.0678109228611
4 15 0 8 0.0676439926028
2 34 0 8 0.0676029548049
22 32 0 8 0.0675928071141
12 34 0 8 0.0675820335746
19 39 0 8 0.0675362125039
14 51 0 8 0.0674664676189
24 58 0 8 0.0674264878035
21 50 0 8 0.0674261599779
29 49 0 8 0.0674013867974
14 39 0 8 0.0673866569996
35 46 0 8 0.067308023572
34 40 0 8 0.0673046037555
12 32 0 8 0.0672965422273
58 64 0 8 0.0672960653901
36 69 0 8 0.0672856494784
50 81 0 8 0.0670979693532
14 45 0 8 0.0670915022492
26 49 0 8 0.0670426562428
38 49 0 8 0.0670095086098
16 42 0 8 0.0669814050198
60 79 0 8 0.0669521167874
15 49 0 8 0.0669396221638
25 30 0 8 0.0668825805187
38 58 0 8 0.0668102875352
41 61 0 8 0.0667550265789
24 49 0 8 0.0667396709323
48 67 0 8 0.0666850283742
64 72 0 8 0.0666680708528
52 72 0 8 0.0666210278869
69 78 0 8 0.0665782690048
25 58 0 8 0.0665689706802
11 29 0 8 0.0664931237698
36 63 0 8 0.0664852336049
36 60 0 8 0.0663969218731
65 71 0 8 0.0663872286677
13 23 0 8 0.0663847625256
39 62 0 8 0.0663737654686
18 75 0 8 0.066370293498
30 38 0 8 0.066314227879
15 50 0 8 0.0662079975009
55 60 0 8 0.0661968439817
40 58 0 8 0.0661904588342
11 40 0 8 0.0661342218518
2 63 0 8 0.0661174058914
68 78 0 8 0.0660499483347
16 36 0 8 0.0660240352154
21 30 0 8 0.066008284688
45 80 0 8 0.0659852698445
67 72 0 8 0.0659736022353
23 33 0 8 0.0659327879548
63 71 0 8 0.0658972635865
66 74 0 8 0.0658963546157
54 80 0 8 0.0658939629793
30 60 0 8 0.0658887550235
23 28 0 8 0.0658712387085
35 44 0 8 0.0658602640033
2 29 0 8 0.0657964125276
50 72 0 8 0.0657469779253
36 70 0 8 0.0655724555254
27 46 0 8 0.0655336081982
39 59 0 8 0.0654672384262
40 68 0 8 0.0653298720717
2 80 0 8 0.0652956143022
28 50 0 8 0.0652678385377
49 70 0 8 0.0652560815215
26 51 0 8 0.0651796534657
36 68 0 8 0.0651647001505
71 76 0 8 0.0650959685445
44 63 0 8 0.0650863498449
57 78 0 8 0.0650856494904
32 40 0 8 0.0650631263852
38 69 0 8 0.0650613680482
38 46 0 8 0.0649929344654
18 48 0 8 0.06498041749
57 65 0 8 0.0649642944336
54 62 0 8 0.064939931035
2 37 0 8 0.0649002715945
50 60 0 8 0.0648881867528
30 52 0 8 0.0647711381316
30 54 0 8 0.064754165709
41 59 0 8 0.0646719783545
49 54 0 8 0.0646375492215
3 13 0 8 0.0646178871393
48 81 0 8 0.0645320490003
44 62 0 8 0.0645214319229
16 34 0 8 0.0645128563046
25 36 0 8 0.0644980818033
19 37 0 8 0.0644714236259
62 71 0 8 0.0644276067615
38 55 0 8 0.0643651112914
33 68 0 8 0.0641102418303
64 82 0 8 0.0640823319554
50 68 0 8 0.0640709772706
56 77 0 8 0.0640006586909
21 54 0 8 0.0639924183488
65 73 0 8 0.0639218464494
72 77 0 8 0.0638608634472
65 75 0 8 0.063853777945
17 49 0 8 0.0638338327408
72 82 0 8 0.0638243407011
27 47 0 8 0.0637727826834
2 45 0 8 0.063764333725
28 36 0 8 0.0637007877231
13 37 0 8 0.0636595785618
11 57 0 8 0.0635948851705
61 66 0 8 0.0635116547346
56 82 0 8 0.0635106861591
48 56 0 8 0.0633317008615
13 35 0 8 0.0632694959641
9 34 0 8 0.0632384046912
26 44 0 8 0.063230805099
2 30 0 8 0.0632040500641
37 43 0 8 0.0631869286299
58 65 0 8 0.0630030706525
19 25 0 8 0.0629111975431
35 45 0 8 0.0628688931465
26 47 0 8 0.0628578066826
39 66 0 8 0.0628389790654
66 71 0 8 0.0628254637122
12 20 0 8 0.0627947077155
61 82 0 8 0.0627805665135
56 63 0 8 0.0627640560269
28 51 0 8 0.0626078471541
38 63 0 8 0.0625894367695
52 62 0 8 0.0624651238322
50 80 0 8 0.0624516345561
20 46 0 8 0.062404487282
2 35 0 8 0.0623912028968
50 75 0 8 0.0623808391392
50 59 0 8 0.0623662993312
54 79 0 8 0.0623559579253
45 56 0 8 0.0622756555676
70 79 0 8 0.0622647665441
25 51 0 8 0.0622439719737
9 32 0 8 0.0621385723352
37 63 0 8 0.0621067583561
71 78 0 8 0.0620876550674
70 78 0 8 0.0620611421764
19 50 0 8 0.0620596297085
36 41 0 8 0.062019880861
1 20 0 8 0.0620168596506
4 12 0 8 0.0619573555887
30 57 0 8 0.0619274638593
7 24 0 8 0.0619120039046
25 49 0 8 0.0618404150009
11 38 0 8 0.0617283955216
18 28 0 8 0.061634901911
47 69 0 8 0.061579298228
58 66 0 8 0.0613156780601
2 73 0 8 0.0612959638238
24 54 0 8 0.0612836480141
33 41 0 8 0.0612459816039
21 52 0 8 0.061114013195
57 64 0 8 0.0611098706722
20 56 0 8 0.061058986932
23 49 0 8 0.0610124319792
21 28 0 8 0.0609762221575
14 58 0 8 0.0609443895519
65 72 0 8 0.0608912557364
39 73 0 8 0.0608852542937
40 59 0 8 0.0608028434217
69 76 0 8 0.0607911385596
28 49 0 8 0.0606752485037
59 67 0 8 0.0606721043587
48 75 0 8 0.0606333501637
21 46 0 8 0.0605961047113
16 40 0 8 0.0604520887136
40 64 0 8 0.0604077130556
8 32 0 8 0.0603143014014
53 60 0 8 0.0603135861456
8 29 0 8 0.0603013001382
46 56 0 8 0.0602906830609
3 11 0 8 0.0602189972997
4 22 0 8 0.0601863451302
28 35 0 8 0.0601290203631
47 57 0 8 0.0601233802736
65 76 0 8 0.06011942029
40 46 0 8 0.0600188337266
49 75 0 8 0.0599840208888
20 41 0 8 0.059966173023
1 35 0 8 0.0599610507488
40 62 0 8 0.0599493049085
49 71 0 8 0.059912327677
60 78 0 8 0.0598993562162
26 63 0 8 0.0598956495523
38 60 0 8 0.0598940439522
21 49 0 8 0.0598815828562
40 63 0 8 0.0597311109304
30 50 0 8 0.0597144328058
41 52 0 8 0.0596557296813
26 45 0 8 0.0596261955798
22 47 0 8 0.0595897585154
24 29 0 8 0.0595794059336
4 25 0 8 0.0595423467457
27 62 0 8 0.0595198571682
10 15 0 8 0.0594122856855
8 81 0 8 0.0593995973468
34 58 0 8 0.05937346071
13 31 0 8 0.0593704618514
16 38 0 8 0.059220559895
20 45 0 8 0.059216119349
56 80 0 8 0.0590665973723
32 52 0 8 0.059040915221
15 35 0 8 0.058986607939
16 39 0 8 0.0589513629675
58 78 0 8 0.058884408325
1 7 0 8 0.0588832609355
55 75 0 8 0.058880969882
37 69 0 8 0.0587653443217
42 67 0 8 0.0587508939207
35 43 0 8 0.058629412204
27 75 0 8 0.0584565214813
59 78 0 8 0.0584187395871
23 42 0 8 0.0584154874086
76 82 0 8 0.0582798570395
20 52 0 8 0.0582711808383
70 76 0 8 0.0582630969584
38 68 0 8 0.0582224391401
18 49 0 8 0.0582053810358
51 71 0 8 0.0582029633224
17 37 0 8 0.0581912659109
50 73 0 8 0.0581888370216
49 81 0 8 0.0581878982484
45 73 0 8 0.0580957308412
8 19 0 8 0.058038096875
43 49 0 8 0.0580085925758
21 75 0 8 0.0578209608793
19 29 0 8 0.057814091444
33 81 0 8 0.0576236471534
20 47 0 8 0.0576184280217
28 52 0 8 0.0575568340719
58 77 0 8 0.0575304217637
47 65 0 8 0.0575255081058
23 32 0 8 0.0574910417199
18 25 0 8 0.0574858635664
52 81 0 8 0.0573877431452
30 41 0 8 0.0573784671724
14 36 0 8 0.0573191680014
22 50 0 8 0.0572380870581
27 56 0 8 0.0572117045522
29 51 0 8 0.0571803450584
38 70 0 8 0.0571515634656
36 66 0 8 0.0571423396468
21 56 0 8 0.0570551306009
29 48 0 8 0.057052437216
3 15 0 8 0.0570405870676
34 57 0 8 0.0570074617863
23 45 0 8 0.0569121800363
28 47 0 8 0.0569062419236
47 68 0 8 0.0568648725748
26 36 0 8 0.0568566136062
14 35 0 8 0.0568212717772
22 46 0 8 0.0567897222936
59 82 0 8 0.0567891076207
22 42 0 8 0.0567874088883
20 42 0 8 0.0567313991487
9 27 0 8 0.0567221008241
40 69 0 8 0.0566767416894
22 40 0 8 0.0566477626562
3 10 0 8 0.0566233433783
56 81 0 8 0.0565329231322
59 77 0 8 0.0564778856933
68 79 0 8 0.0564752332866
25 47 0 8 0.0564696900547
1 21 0 8 0.0564539693296
8 57 0 8 0.0564420707524
25 45 0 8 0.0564223788679
50 82 0 8 0.0563897676766
30 63 0 8 0.0562616586685
44 70 0 8 0.056192163378
58 67 0 8 0.0561785586178
54 76 0 8 0.0561660081148
32 42 0 8 0.0561584606767
12 37 0 8 0.0561363510787
54 82 0 8 0.056066647172
15 81 0 8 0.0558630898595
34 69 0 8 0.0558454357088
12 33 0 8 0.0558192953467
4 24 0 8 0.0558094829321
7 22 0 8 0.0557839125395
71 77 0 8 0.0557693317533
37 61 0 8 0.055722668767
23 60 0 8 0.0556836165488
40 66 0 8 0.0556452460587
38 75 0 8 0.0556417107582
36 56 0 8 0.0556306876242
21 29 0 8 0.0555596090853
59 66 0 8 0.0555426999927
12 17 0 8 0.0555335171521
37 59 0 8 0.0555267930031
47 66 0 8 0.0554921291769
18 63 0 8 0.0553909949958
55 76 0 8 0.0553822778165
18 57 0 8 0.0553594045341
25 31 0 8 0.0552214719355
36 43 0 8 0.0552120953798
54 78 0 8 0.0551897138357
15 42 0 8 0.0551520287991
32 43 0 8 0.0551274232566
1 26 0 8 0.0550944618881
44 81 0 8 0.0550908371806
52 70 0 8 0.0550726689398
10 20 0 8 0.0549297407269
18 50 0 8 0.0548780374229
14 38 0 8 0.0548085086048
47 80 0 8 0.0547982007265
37 46 0 8 0.0547714829445
65 74 0 8 0.0546809770167
17 26 0 8 0.0546076707542
11 51 0 8 0.0546056888998
4 23 0 8 0.0546015426517
41 62 0 8 0.0545885711908
26 48 0 8 0.054548535496
43 50 0 8 0.0545280538499
11 35 0 8 0.0544750355184
55 62 0 8 0.0543842837214
54 64 0 8 0.0543789863586
48 74 0 8 0.0543338656425
42 64 0 8 0.0543315336108
2 40 0 8 0.0543135665357
41 65 0 8 0.0543121360242
42 61 0 8 0.0542922392488
39 67 0 8 0.054241668433
67 78 0 8 0.054229658097
37 74 0 8 0.0542275905609
53 74 0 8 0.0542188361287
34 60 0 8 0.0542032383382
18 54 0 8 0.0541685521603
3 24 0 8 0.0541555285454
29 40 0 8 0.0541113503277
45 74 0 8 0.0540256984532
45 65 0 8 0.0539642870426
49 69 0 8 0.0539199970663
54 61 0 8 0.0538995452225
53 64 0 8 0.0538763515651
8 35 0 8 0.0538744553924
2 51 0 8 0.0538708083332
24 46 0 8 0.0538579188287
16 50 0 8 0.0538181401789
26 58 0 8 0.0537667758763
34 42 0 8 0.0537528172135
68 77 0 8 0.0537245646119
16 48 0 8 0.0536287724972
4 26 0 8 0.0534995645285
32 69 0 8 0.0534892082214
69 77 0 8 0.053480181843
18 42 0 8 0.0534687265754
46 68 0 8 0.053421061486
41 63 0 8 0.05334944278
35 42 0 8 0.0533460378647
42 68 0 8 0.0533244796097
51 76 0 8 0.0531726591289
47 70 0 8 0.053080778569
3 23 0 8 0.0529840961099
29 39 0 8 0.0529723018408
17 43 0 8 0.0529572330415
16 26 0 8 0.0529558174312
13 45 0 8 0.0529178082943
42 62 0 8 0.0529150143266
23 50 0 8 0.0528919808567
48 82 0 8 0.0528638958931
32 41 0 8 0.0528393089771
12 35 0 8 0.0528366267681
71 79 0 8 0.0527914725244
21 47 0 8 0.0527808368206
4 14 0 8 0.0527581125498
32 59 0 8 0.0527500584722
25 46 0 8 0.0527234748006
47 81 0 8 0.0527013093233
8 36 0 8 0.0526684299111
15 52 0 8 0.0526662170887
13 22 0 8 0.0526118241251
39 65 0 8 0.0524921305478
9 28 0 8 0.0524489246309
42 66 0 8 0.052434194833
21 81 0 8 0.0524236895144
32 56 0 8 0.0524085797369
19 30 0 8 0.0523790791631
29 50 0 8 0.0523711740971
2 31 0 8 0.0523367188871
46 57 0 8 0.0523171499372
21 60 0 8 0.0522851385176
45 79 0 8 0.0522757358849
4 13 0 8 0.0522348470986
67 75 0 8 0.052144318819
28 38 0 8 0.0520964600146
51 79 0 8 0.0519182495773
17 28 0 8 0.0519114807248
17 27 0 8 0.0518866293132
49 55 0 8 0.0518698729575
2 68 0 8 0.0518382713199
34 54 0 8 0.0518259890378
23 47 0 8 0.0518181435764
2 9 0 8 0.0518129505217
55 77 0 8 0.0517710931599
31 49 0 8 0.0517307184637
5 15 0 8 0.0516668148339
26 37 0 8 0.0516623333097
21 43 0 8 0.0516567714512
56 62 0 8 0.051604937762
47 56 0 8 0.0515803806484
36 61 0 8 0.0515651255846
12 49 0 8 0.0515442974865
3 28 0 8 0.0515175499022
53 63 0 8 0.0514954887331
24 31 0 8 0.0514809712768
66 77 0 8 0.0514098033309
45 71 0 8 0.0514065697789
45 53 0 8 0.0513957217336
29 37 0 8 0.0513611994684
1 23 0 8 0.0512581802905
1 22 0 8 0.0512503646314
1 8 0 8 0.0512186326087
66 73 0 8 0.0512133464217
36 73 0 8 0.0511952452362
3 14 0 8 0.0511875934899
42 72 0 8 0.0511463358998
22 51 0 8 0.0511426329613
46 81 0 8 0.051097150892
32 63 0 8 0.0510884337127
36 67 0 8 0.0510751344264
32 54 0 8 0.0510208271444
8 37 0 8 0.0509943291545
3 22 0 8 0.0509417168796
7 13 0 8 0.050853613764
23 57 0 8 0.050833132118
55 81 0 8 0.0507500469685
23 48 0 8 0.0507093928754
22 45 0 8 0.0507005564868
44 65 0 8 0.0506849624217
34 68 0 8 0.0506030730903
16 51 0 8 0.0505845323205
10 22 0 8 0.050517372787
73 79 0 8 0.0504809170961
5 12 0 8 0.0504777394235
35 69 0 8 0.0504677407444
56 67 0 8 0.0504351891577
53 72 0 8 0.0504161790013
37 60 0 8 0.0503525622189
52 74 0 8 0.0503519922495
34 52 0 8 0.0503328889608
50 71 0 8 0.0502909906209
50 74 0 8 0.0502847731113
13 36 0 8 0.0502535626292
38 59 0 8 0.0502512641251
28 46 0 8 0.0501856133342
24 50 0 8 0.0501740127802
51 78 0 8 0.0500763766468
19 28 0 8 0.0500760227442
23 30 0 8 0.0500381924212
49 82 0 8 0.050025921315
71 81 0 8 0.0500124841928
32 57 0 8 0.0500109083951
56 64 0 8 0.0499874316156
2 47 0 8 0.049978107214
30 67 0 8 0.0499600730836
17 25 0 8 0.0499210171402
33 66 0 8 0.0498863980174
28 56 0 8 0.0498765036464
15 60 0 8 0.0497762225568
56 76 0 8 0.0497505180538
33 53 0 8 0.0497411079705
74 82 0 8 0.0496876835823
16 25 0 8 0.0496484078467
10 32 0 8 0.049628905952
40 72 0 8 0.0495666414499
35 58 0 8 0.0495185405016
44 80 0 8 0.0495148897171
35 62 0 8 0.0494867786765
1 14 0 8 0.049468703568
34 61 0 8 0.0494572930038
18 81 0 8 0.0494274646044
12 39 0 8 0.049383815378
61 67 0 8 0.0492428839207
32 53 0 8 0.0491437576711
13 38 0 8 0.0491408370435
35 41 0 8 0.0490741580725
8 40 0 8 0.0490332655609
8 63 0 8 0.0490172840655
11 81 0 8 0.0489370450377
30 66 0 8 0.0489091463387
49 68 0 8 0.0489033795893
37 72 0 8 0.0489021837711
22 57 0 8 0.0488835684955
67 79 0 8 0.0488593988121
24 44 0 8 0.0488582998514
4 27 0 8 0.0488326139748
19 38 0 8 0.0487651377916
34 43 0 8 0.0487622730434
57 77 0 8 0.0487467944622
64 73 0 8 0.0487453117967
6 21 0 8 0.0487289056182
46 70 0 8 0.0487064532936
49 74 0 8 0.0486935414374
8 38 0 8 0.0486372709274
53 61 0 8 0.0486231297255
20 48 0 8 0.0486114397645
48 80 0 8 0.0486077927053
19 49 0 8 0.0485659465194
17 24 0 8 0.0485187470913
20 44 0 8 0.0485014170408
22 49 0 8 0.0484779961407
30 58 0 8 0.0484668575227
55 82 0 8 0.0484470911324
56 66 0 8 0.0484460555017
2 48 0 8 0.048430994153
46 66 0 8 0.0483894869685
47 53 0 8 0.0483716502786
25 59 0 8 0.0483455583453
3 25 0 8 0.0482729151845
56 78 0 8 0.0482695661485
20 30 0 8 0.0482015945017
27 64 0 8 0.0481323339045
41 67 0 8 0.0481126792729
33 43 0 8 0.0481008216739
44 71 0 8 0.048093419522
19 45 0 8 0.0480911508203
11 47 0 8 0.0480051189661
67 73 0 8 0.0479591712356
20 29 0 8 0.0479446314275
17 23 0 8 0.0479321368039
35 54 0 8 0.0479061603546
17 35 0 8 0.0478654429317
35 67 0 8 0.04771495983
6 22 0 8 0.0477097593248
35 59 0 8 0.0477034449577
21 41 0 8 0.0477011948824
16 37 0 8 0.0476792864501
52 80 0 8 0.0476702786982
29 36 0 8 0.0476261526346
9 15 0 8 0.0476001501083
25 44 0 8 0.0475476980209
21 44 0 8 0.0474868640304
41 68 0 8 0.0474510155618
42 70 0 8 0.0474168695509
47 67 0 8 0.0473361462355
23 58 0 8 0.0473347902298
10 37 0 8 0.0473162159324
31 58 0 8 0.0472464077175
33 61 0 8 0.0471431314945
28 54 0 8 0.0471312552691
34 63 0 8 0.0470697470009
12 30 0 8 0.0470611527562
35 57 0 8 0.0470194891095
47 78 0 8 0.0470095351338
22 48 0 8 0.0469466522336
17 38 0 8 0.0469333305955
35 68 0 8 0.0469017103314
30 55 0 8 0.046877477318
3 27 0 8 0.0468383058906
3 21 0 8 0.0468207336962
38 64 0 8 0.0467692315578
41 60 0 8 0.046698987484
8 69 0 8 0.0466685593128
22 29 0 8 0.0466609932482
34 71 0 8 0.0466347113252
44 54 0 8 0.0462841242552
1 25 0 8 0.0462449900806
40 75 0 8 0.0461524873972
33 62 0 8 0.0461435839534
14 23 0 8 0.0461389049888
5 26 0 8 0.0460729934275
2 67 0 8 0.0460257381201
31 51 0 8 0.0459675043821
30 37 0 8 0.0459172278643
52 82 0 8 0.0458867922425
67 77 0 8 0.0457201302052
33 55 0 8 0.0455575175583
4 30 0 8 0.0455090142787
32 68 0 8 0.0454338267446
24 63 0 8 0.0454121045768
33 72 0 8 0.0454095005989
52 75 0 8 0.0453776195645
33 59 0 8 0.0453754290938
44 52 0 8 0.0452791638672
8 16 0 8 0.0452668778598
43 65 0 8 0.0452454313636
28 37 0 8 0.0452424623072
42 69 0 8 0.0452396832407
55 74 0 8 0.0452121347189
30 53 0 8 0.0451632514596
34 53 0 8 0.0451383367181
1 11 0 8 0.0450652353466
35 60 0 8 0.0449707023799
26 59 0 8 0.0449379645288
20 31 0 8 0.0448796376586
1 81 0 8 0.0448719523847
1 10 0 8 0.044850487262
11 63 0 8 0.0448062308133
48 53 0 8 0.0447886362672
49 72 0 8 0.0447865612805
45 78 0 8 0.0447853989899
1 6 0 8 0.0447742640972
36 71 0 8 0.044773966074
26 46 0 8 0.0447556078434
25 48 0 8 0.044748403132
15 47 0 8 0.0447270721197
15 46 0 8 0.0447220206261
35 53 0 8 0.0447215139866
15 75 0 8 0.0446853078902
13 48 0 8 0.044633641839
55 79 0 8 0.0446264147758
1 34 0 8 0.0446048378944
2 72 0 8 0.0445828586817
50 61 0 8 0.0445603094995
31 36 0 8 0.044550485909
7 12 0 8 0.0445465482771
2 70 0 8 0.0445165000856
10 18 0 8 0.0445049405098
41 70 0 8 0.0444930791855
31 37 0 8 0.0444882959127
43 54 0 8 0.044487208128
4 31 0 8 0.0444815345109
6 12 0 8 0.0444773808122
42 79 0 8 0.0444675013423
35 56 0 8 0.0443391166627
64 71 0 8 0.0442841090262
3 32 0 8 0.0441910251975
41 71 0 8 0.044161234051
33 67 0 8 0.0441493839025
3 34 0 8 0.0441418588161
7 26 0 8 0.0441347248852
12 31 0 8 0.0441179312766
47 55 0 8 0.0441001281142
33 64 0 8 0.0440801642835
7 27 0 8 0.043973185122
46 53 0 8 0.0438898764551
44 69 0 8 0.0438816845417
40 73 0 8 0.0438544638455
18 41 0 8 0.0438500568271
2 59 0 8 0.0438408479095
10 30 0 8 0.0438174679875
26 62 0 8 0.04379844293
31 39 0 8 0.0437274575233
47 82 0 8 0.0437179245055
66 76 0 8 0.0437060855329
38 65 0 8 0.0436796545982
23 31 0 8 0.0436593331397
46 67 0 8 0.0435820706189
47 79 0 8 0.0435742288828
16 45 0 8 0.0435452647507
26 56 0 8 0.0435448102653
32 62 0 8 0.0434778891504
12 45 0 8 0.0434348508716
5 29 0 8 0.0434233807027
52 61 0 8 0.0434053689241
71 82 0 8 0.0434023886919
28 57 0 8 0.0432755239308
3 40 0 8 0.0432679466903
3 33 0 8 0.0432555824518
38 61 0 8 0.0431233607233
2 71 0 8 0.0431105643511
48 79 0 8 0.0431017316878
30 56 0 8 0.0430649109185
9 31 0 8 0.0430178232491
23 44 0 8 0.0430173352361
9 33 0 8 0.0429721288383
9 19 0 8 0.0429638139904
8 31 0 8 0.0429395474494
10 33 0 8 0.0428638830781
34 75 0 8 0.0427876636386
19 41 0 8 0.0427597351372
31 41 0 8 0.0427547581494
36 62 0 8 0.0427402034402
39 82 0 8 0.0427320450544
2 74 0 8 0.0427311807871
4 29 0 8 0.0426871664822
23 46 0 8 0.0426668785512
9 20 0 8 0.0426394231617
23 29 0 8 0.0426146425307
23 51 0 8 0.0425587072968
38 71 0 8 0.0424965918064
21 31 0 8 0.0424050316215
23 41 0 8 0.0423654876649
40 67 0 8 0.0423550456762
12 40 0 8 0.0423449166119
62 73 0 8 0.042301658541
37 62 0 8 0.0421663299203
24 66 0 8 0.042152043432
37 68 0 8 0.0421243049204
35 61 0 8 0.0421064570546
10 29 0 8 0.0420995727181
44 68 0 8 0.0420923121274
53 71 0 8 0.0420843809843
5 13 0 8 0.0420269630849
13 43 0 8 0.0420061387122
14 59 0 8 0.0419814102352
2 49 0 8 0.0418867915869
12 36 0 8 0.0418582595885
24 47 0 8 0.0417281463742
31 42 0 8 0.041675157845
46 80 0 8 0.0416607931256
49 80 0 8 0.0416466109455
10 34 0 8 0.0416072048247
23 54 0 8 0.041537810117
13 46 0 8 0.0415018126369
27 59 0 8 0.0414982102811
18 55 0 8 0.0414773412049
47 54 0 8 0.041463047266
71 80 0 8 0.0414567030966
10 45 0 8 0.0414153672755
5 25 0 8 0.0414115488529
17 41 0 8 0.0414059124887
17 39 0 8 0.0413913615048
36 81 0 8 0.0413861572742
44 66 0 8 0.0413694381714
24 52 0 8 0.041369266808
30 61 0 8 0.0413028374314
47 72 0 8 0.0412444584072
22 28 0 8 0.0412170812488
44 64 0 8 0.0412067063153
39 80 0 8 0.0411770679057
52 79 0 8 0.0411243364215
43 63 0 8 0.0410899035633
4 28 0 8 0.0410643965006
17 53 0 8 0.041054841131
4 33 0 8 0.0409921556711
27 72 0 8 0.0409900099039
2 44 0 8 0.0408945940435
55 66 0 8 0.0408711582422
43 53 0 8 0.040841512382
58 76 0 8 0.0408326685429
10 19 0 8 0.0407523401082
46 52 0 8 0.0407280176878
36 55 0 8 0.0406905896962
18 52 0 8 0.0406776182353
34 81 0 8 0.0406579896808
34 56 0 8 0.0405279621482
45 76 0 8 0.0404917001724
32 66 0 8 0.0404699370265
34 55 0 8 0.0404078662395
55 63 0 8 0.040379229933
15 44 0 8 0.0403448492289
48 78 0 8 0.0402928739786
23 56 0 8 0.0402547046542
13 41 0 8 0.0402110107243
19 51 0 8 0.0401761308312
49 67 0 8 0.04017271474
1 19 0 8 0.0401525460184
29 38 0 8 0.0401349626482
55 61 0 8 0.0400799363852
20 62 0 8 0.0400529131293
53 80 0 8 0.0399930328131
8 17 0 8 0.0399903059006
46 72 0 8 0.0398939885199
12 48 0 8 0.0398896299303
21 68 0 8 0.0398849844933
5 27 0 8 0.0398433543742
35 70 0 8 0.039837770164
11 42 0 8 0.0398033596575
43 52 0 8 0.039742205292
37 55 0 8 0.0397245511413
24 61 0 8 0.0396985933185
16 52 0 8 0.0396676212549
42 75 0 8 0.039653763175
18 44 0 8 0.0396052896976
47 75 0 8 0.0396032482386
50 76 0 8 0.0395859964192
9 17 0 8 0.0395706631243
44 55 0 8 0.0395395234227
19 47 0 8 0.0395381972194
2 58 0 8 0.0395089462399
40 81 0 8 0.0394619815052
28 58 0 8 0.0394239351153
39 71 0 8 0.0394061356783
11 17 0 8 0.0393304303288
9 40 0 8 0.0391994044185
36 59 0 8 0.0391636304557
29 55 0 8 0.0391445346177
23 59 0 8 0.0391371361911
3 29 0 8 0.0390644520521
46 82 0 8 0.0390257276595
4 32 0 8 0.0390043929219
52 71 0 8 0.0390012525022
37 56 0 8 0.038980320096
46 69 0 8 0.0389533117414
28 53 0 8 0.0389463528991
1 27 0 8 0.0388970226049
56 79 0 8 0.0388621613383
39 76 0 8 0.0388393066823
29 54 0 8 0.0388308987021
11 69 0 8 0.0388284511864
61 79 0 8 0.0388194471598
46 65 0 8 0.0387470461428
41 75 0 8 0.038721114397
26 52 0 8 0.0386720448732
14 61 0 8 0.0386500880122
40 65 0 8 0.0385052487254
13 47 0 8 0.0384849011898
48 71 0 8 0.0384795255959
55 80 0 8 0.0383843891323
54 77 0 8 0.0383812300861
41 79 0 8 0.0383687727153
52 78 0 8 0.0383603535593
55 78 0 8 0.0382942631841
10 35 0 8 0.0382916629314
35 72 0 8 0.0382375903428
53 79 0 8 0.0382333472371
19 42 0 8 0.0381892398
1 9 0 8 0.0381710976362
41 66 0 8 0.0380704700947
2 50 0 8 0.0380622930825
22 30 0 8 0.0380390360951
3 81 0 8 0.0379835180938
24 59 0 8 0.0379516370595
56 65 0 8 0.0378709547222
27 68 0 8 0.0378168076277
41 76 0 8 0.0377579517663
47 73 0 8 0.0377442725003
37 81 0 8 0.0376587770879
22 52 0 8 0.0376546829939
1 33 0 8 0.0376485511661
38 62 0 8 0.0376203544438
31 38 0 8 0.0376027263701
42 65 0 8 0.0375715382397
1 12 0 8 0.0375581867993
53 73 0 8 0.0375500172377
44 75 0 8 0.0375038087368
53 75 0 8 0.0374942570925
15 41 0 8 0.0374659486115
17 44 0 8 0.0374621264637
24 69 0 8 0.0374334454536
16 35 0 8 0.037423517555
27 61 0 8 0.0373820737004
48 55 0 8 0.0373457558453
19 48 0 8 0.0373382754624
14 50 0 8 0.037222482264
5 30 0 8 0.037181660533
8 75 0 8 0.0371436662972
49 76 0 8 0.0371359325945
12 38 0 8 0.037128739059
42 78 0 8 0.0371047928929
24 43 0 8 0.0371006019413
42 73 0 8 0.0370379090309
10 31 0 8 0.0370191186666
8 42 0 8 0.0368823967874
15 58 0 8 0.036859408021
18 69 0 8 0.0368490852416
37 71 0 8 0.0368290282786
40 61 0 8 0.0367738157511
20 54 0 8 0.0367661453784
2 41 0 8 0.036757864058
3 30 0 8 0.0366812907159
17 40 0 8 0.0366631485522
38 66 0 8 0.0366235338151
30 72 0 8 0.0366178825498
25 57 0 8 0.0366017781198
44 79 0 8 0.0365973711014
33 74 0 8 0.0365912057459
49 73 0 8 0.0365233868361
35 63 0 8 0.0365099497139
20 43 0 8 0.0364528596401
10 40 0 8 0.036444440484
29 65 0 8 0.0364327281713
18 47 0 8 0.0364232622087
1 29 0 8 0.0364216789603
1 28 0 8 0.0363673307002
10 39 0 8 0.0363478511572
28 63 0 8 0.0363443382084
1 24 0 8 0.0363350436091
19 52 0 8 0.0363336093724
26 60 0 8 0.0363281033933
3 39 0 8 0.0363250859082
41 64 0 8 0.0362814776599
2 56 0 8 0.0362417846918
6 17 0 8 0.0362355038524
19 46 0 8 0.0362286604941
18 43 0 8 0.0362283401191
28 60 0 8 0.0361264012754
67 76 0 8 0.0360663160682
23 52 0 8 0.0359448604286
4 39 0 8 0.0359437577426
11 46 0 8 0.0359337516129
2 42 0 8 0.0358964763582
18 60 0 8 0.0357428714633
6 14 0 8 0.0357067361474
31 52 0 8 0.0356177613139
41 72 0 8 0.0355535037816
20 53 0 8 0.0355230718851
9 16 0 8 0.0354598015547
35 71 0 8 0.0354347452521
9 30 0 8 0.0354206338525
1 82 0 8 0.0353841818869
36 64 0 8 0.0353370085359
44 78 0 8 0.0352801568806
31 50 0 8 0.0352577604353
22 41 0 8 0.0351989082992
32 61 0 8 0.0351515524089
21 62 0 8 0.0351388901472
55 65 0 8 0.0350975841284
34 59 0 8 0.0350687019527
16 49 0 8 0.0350623317063
11 44 0 8 0.0350508950651
35 55 0 8 0.0350245423615
44 53 0 8 0.0350176244974
26 50 0 8 0.0349454171956
18 46 0 8 0.0349074862897
32 60 0 8 0.0348008498549
38 81 0 8 0.0347873419523
44 67 0 8 0.0347190387547
35 66 0 8 0.0346859358251
7 15 0 8 0.0346830300987
53 78 0 8 0.0346275642514
22 56 0 8 0.0346105694771
29 63 0 8 0.0346099808812
6 23 0 8 0.0346078127623
6 28 0 8 0.0345279723406
47 71 0 8 0.0345249548554
10 16 0 8 0.0345152430236
5 31 0 8 0.0344604328275
38 72 0 8 0.0344420112669
2 79 0 8 0.0344053506851
3 12 0 8 0.034405246377
22 43 0 8 0.0343827903271
25 50 0 8 0.0343591719866
7 28 0 8 0.034280795604
3 31 0 8 0.0342689044774
13 44 0 8 0.0342494994402
33 80 0 8 0.0342304185033
5 14 0 8 0.0341714397073
12 47 0 8 0.0340922921896
30 62 0 8 0.0340450145304
27 53 0 8 0.0340225957334
29 66 0 8 0.0340184606612
46 54 0 8 0.0339169092476
1 58 0 8 0.0339120104909
19 44 0 8 0.0337938033044
28 64 0 8 0.0337932445109
5 16 0 8 0.0337754040956
29 58 0 8 0.0336629264057
2 46 0 8 0.0335695296526
29 56 0 8 0.0335117280483
20 55 0 8 0.0334824174643
44 77 0 8 0.0334703214467
10 36 0 8 0.0334607437253
30 64 0 8 0.0333515629172
53 62 0 8 0.0333303585649
15 54 0 8 0.0333257913589
41 73 0 8 0.0332629457116
3 26 0 8 0.0331872329116
32 65 0 8 0.033175740391
4 81 0 8 0.0331025347114
6 25 0 8 0.0330889970064
29 53 0 8 0.0330745019019
9 18 0 8 0.0329040549695
40 76 0 8 0.0328784435987
24 68 0 8 0.0328492000699
1 70 0 8 0.0328178144991
14 49 0 8 0.0327938534319
38 74 0 8 0.032792661339
33 65 0 8 0.0327358804643
14 48 0 8 0.0326898656785
20 59 0 8 0.0326827578247
22 58 0 8 0.032681055367
37 66 0 8 0.0326147265732
46 71 0 8 0.0326087810099
9 45 0 8 0.0326065942645
24 56 0 8 0.0324263051152
44 72 0 8 0.0322091393173
26 53 0 8 0.032149951905
18 68 0 8 0.0320945605636
32 55 0 8 0.0320523120463
17 36 0 8 0.0320390425622
18 53 0 8 0.0320196337998
41 69 0 8 0.0319575816393
41 78 0 8 0.0319018140435
26 70 0 8 0.0318299606442
3 68 0 8 0.031817112118
8 44 0 8 0.0318156667054
40 74 0 8 0.0318069420755
23 43 0 8 0.0317943617702
41 80 0 8 0.0317732617259
38 82 0 8 0.0317585244775
42 81 0 8 0.0317366085947
9 29 0 8 0.0316926911473
23 68 0 8 0.0316791161895
51 77 0 8 0.031667266041
26 69 0 8 0.0316278226674
20 63 0 8 0.0315055474639
25 61 0 8 0.0314730033278
43 66 0 8 0.0314591266215
26 61 0 8 0.0314217582345
14 41 0 8 0.0313676185906
27 70 0 8 0.0312129594386
47 77 0 8 0.031176796183
53 82 0 8 0.0311551131308
30 65 0 8 0.0310880672187
53 81 0 8 0.0310307368636
14 47 0 8 0.0309902112931
43 62 0 8 0.03087730892
45 55 0 8 0.0308771226555
29 52 0 8 0.0308487191796
38 80 0 8 0.0308091845363
30 59 0 8 0.0307831317186
43 80 0 8 0.0307717584074
43 64 0 8 0.0307513214648
21 55 0 8 0.0307299029082
21 66 0 8 0.0306427907199
24 81 0 8 0.0305471234024
35 81 0 8 0.0304428227246
11 75 0 8 0.0303889978677
4 34 0 8 0.0303376521915
4 37 0 8 0.0303285419941
4 36 0 8 0.0302784424275
32 64 0 8 0.0302440132946
8 41 0 8 0.0302433818579
43 69 0 8 0.0302290935069
31 40 0 8 0.0301766470075
2 60 0 8 0.030173746869
37 64 0 8 0.0301527865231
40 70 0 8 0.0301475171
4 40 0 8 0.0301301833242
46 75 0 8 0.0301138218492
4 38 0 8 0.0300765503198
17 42 0 8 0.0299684461206
17 52 0 8 0.0299643911421
41 81 0 8 0.0299532078207
10 17 0 8 0.029923601076
42 82 0 8 0.0299093537033
32 67 0 8 0.0298923067749
37 65 0 8 0.0298148728907
21 53 0 8 0.0298057980835
44 76 0 8 0.0297725293785
15 59 0 8 0.029759068042
9 46 0 8 0.0297220274806
37 82 0 8 0.029656894505
50 79 0 8 0.0296478811651
44 74 0 8 0.0296209305525
24 72 0 8 0.029587533325
16 47 0 8 0.0295522790402
50 77 0 8 0.0295519642532
55 73 0 8 0.0295361466706
43 70 0 8 0.0295184906572
12 42 0 8 0.0295125488192
25 60 0 8 0.029447760433
19 59 0 8 0.0293846540153
46 79 0 8 0.0292980968952
20 65 0 8 0.0292756408453
23 66 0 8 0.0290614720434
29 57 0 8 0.0290475841612
1 38 0 8 0.0290349703282
5 24 0 8 0.0290286261588
7 14 0 8 0.0289424173534
3 82 0 8 0.0288830753416
5 23 0 8 0.0288820192218
24 70 0 8 0.028845468536
30 68 0 8 0.0288297440857
18 82 0 8 0.028828850016
15 67 0 8 0.0288216564804
41 74 0 8 0.0288199465722
22 63 0 8 0.0287919193506
29 59 0 8 0.0287237558514
26 55 0 8 0.02867061086
10 28 0 8 0.0286634340882
29 60 0 8 0.0286496169865
17 50 0 8 0.0285852756351
36 65 0 8 0.0285820253193
27 82 0 8 0.028581675142
25 52 0 8 0.0285124946386
20 58 0 8 0.0285088680685
42 74 0 8 0.0284832865
46 73 0 8 0.0284310877323
11 50 0 8 0.0284238625318
43 61 0 8 0.0283198002726
11 73 0 8 0.0283191706985
9 35 0 8 0.0282145217061
5 34 0 8 0.0281857848167
11 41 0 8 0.0281575415283
35 65 0 8 0.0280245691538
32 75 0 8 0.0279822330922
13 42 0 8 0.0279752165079
12 46 0 8 0.0279449280351
9 39 0 8 0.0279415417463
6 34 0 8 0.0279335901141
46 74 0 8 0.0279259588569
17 51 0 8 0.0278931837529
5 32 0 8 0.0278689898551
2 52 0 8 0.0277875196189
8 70 0 8 0.0277859214693
4 82 0 8 0.0277338512242
41 77 0 8 0.0276655815542
8 48 0 8 0.0276576112956
3 38 0 8 0.0275722518563
40 80 0 8 0.0275421719998
18 72 0 8 0.0274732951075
43 79 0 8 0.0273485258222
31 53 0 8 0.0273456014693
6 15 0 8 0.0272985510528
8 50 0 8 0.0270904712379
36 75 0 8 0.0270561072975
19 43 0 8 0.0269650574774
34 74 0 8 0.0269636809826
6 16 0 8 0.026902154088
9 37 0 8 0.0268980897963
35 74 0 8 0.0268916767091
49 77 0 8 0.0268851704895
36 80 0 8 0.0268711466342
1 44 0 8 0.0266823340207
3 35 0 8 0.0266815423965
30 81 0 8 0.0266637653112
19 54 0 8 0.0266357138753
1 37 0 8 0.0265518072993
4 73 0 8 0.0265280734748
31 56 0 8 0.0265116877854
3 37 0 8 0.026396477595
33 82 0 8 0.0263759959489
34 62 0 8 0.0263567902148
31 54 0 8 0.0263514127582
2 65 0 8 0.0263132806867
10 38 0 8 0.0263096652925
2 62 0 8 0.026296146214
40 82 0 8 0.0262693911791
25 43 0 8 0.0262654814869
15 72 0 8 0.0262585934252
22 54 0 8 0.0261965431273
32 70 0 8 0.0261416435242
1 30 0 8 0.026139492169
24 55 0 8 0.0261333230883
28 55 0 8 0.0260699633509
50 78 0 8 0.0260320045054
27 55 0 8 0.026019634679
31 68 0 8 0.02598134242
15 68 0 8 0.025912437588
23 65 0 8 0.0258776582778
15 82 0 8 0.0258078780025
21 82 0 8 0.0258074402809
26 54 0 8 0.0258046109229
36 82 0 8 0.0255793426186
14 57 0 8 0.0255186539143
4 35 0 8 0.025473408401
23 53 0 8 0.0254636388272
27 66 0 8 0.0252683907747
49 78 0 8 0.02526348643
42 71 0 8 0.0252609159797
43 68 0 8 0.0252479165792
2 64 0 8 0.0251715984195
37 67 0 8 0.0251541230828
37 80 0 8 0.0251490268856
15 56 0 8 0.0251075644046
31 59 0 8 0.0251031126827
13 59 0 8 0.0250268466771
22 81 0 8 0.0249950978905
10 47 0 8 0.0249837171286
1 36 0 8 0.0249745883048
16 53 0 8 0.0249267723411
7 29 0 8 0.024889735505
20 81 0 8 0.0248877387494
2 66 0 8 0.024873027578
52 76 0 8 0.0248013790697
34 67 0 8 0.0247200280428
19 56 0 8 0.0246983841062
17 47 0 8 0.0246541593224
7 33 0 8 0.024598473683
46 64 0 8 0.0245950538665
22 31 0 8 0.0244747921824
45 77 0 8 0.0243821311742
53 76 0 8 0.0243253391236
8 82 0 8 0.024295328185
23 69 0 8 0.0242703557014
14 73 0 8 0.0242105722427
11 52 0 8 0.0242102686316
48 76 0 8 0.024194970727
37 73 0 8 0.0240035895258
26 81 0 8 0.0239911098033
4 80 0 8 0.0239741504192
42 80 0 8 0.0237970650196
23 62 0 8 0.0236974526197
15 43 0 8 0.0235961079597
24 67 0 8 0.0235365051776
14 81 0 8 0.0234261061996
16 46 0 8 0.0233591012657
46 55 0 8 0.0233141295612
8 43 0 8 0.0232872702181
19 53 0 8 0.023268327117
6 37 0 8 0.0232335738838
35 80 0 8 0.023161964491
32 74 0 8 0.0230549126863
31 57 0 8 0.0230013504624
27 80 0 8 0.0229562539607
14 46 0 8 0.0229428187013
17 48 0 8 0.0229422207922
23 55 0 8 0.0229257177562
16 56 0 8 0.0228875149041
11 59 0 8 0.0227975845337
9 36 0 8 0.0227399561554
2 78 0 8 0.0227389615029
53 77 0 8 0.0226888749748
44 73 0 8 0.0226502697915
5 28 0 8 0.0226027015597
7 30 0 8 0.0225572697818
8 47 0 8 0.022556040436
34 65 0 8 0.02251432091
2 54 0 8 0.0224983654916
6 32 0 8 0.0222896970809
6 27 0 8 0.0222756620497
30 69 0 8 0.0222564376891
1 31 0 8 0.0222481172532
13 50 0 8 0.0222259201109
4 51 0 8 0.0220421236008
3 36 0 8 0.0220112930983
38 67 0 8 0.021989511326
13 58 0 8 0.0219845287502
21 64 0 8 0.0219839848578
7 32 0 8 0.0219171475619
29 61 0 8 0.0218807253987
33 79 0 8 0.0218777935952
38 73 0 8 0.0218268670142
34 66 0 8 0.0217929333448
15 70 0 8 0.021782822907
23 81 0 8 0.0217771138996
55 64 0 8 0.0217763967812
47 76 0 8 0.0216966494918
11 43 0 8 0.0216882154346
7 34 0 8 0.0216528978199
46 78 0 8 0.0216366555542
20 64 0 8 0.0215074736625
11 49 0 8 0.0214026141912
18 58 0 8 0.0213958527893
33 73 0 8 0.0213838610798
29 64 0 8 0.0213663205504
4 41 0 8 0.0213514249772
30 75 0 8 0.021336613223
31 65 0 8 0.0212907493114
10 44 0 8 0.0212753843516
24 53 0 8 0.0212400443852
28 59 0 8 0.0211762413383
6 31 0 8 0.0211331918836
39 79 0 8 0.021125221625
42 76 0 8 0.0210962705314
41 82 0 8 0.0210621226579
43 78 0 8 0.0209820214659
12 81 0 8 0.0209478680044
34 64 0 8 0.020911520347
17 46 0 8 0.0208883658051
9 41 0 8 0.0208543855697
34 73 0 8 0.0208520703018
35 82 0 8 0.0208323374391
11 82 0 8 0.0207347795367
10 42 0 8 0.020712794736
1 47 0 8 0.0206986684352
6 29 0 8 0.0206381026655
2 61 0 8 0.0204950906336
48 77 0 8 0.020479016006
8 49 0 8 0.0203981269151
21 67 0 8 0.0203281082213
4 67 0 8 0.0203187149018
28 81 0 8 0.0203163083643
17 54 0 8 0.0202939361334
6 26 0 8 0.0202937461436
14 42 0 8 0.0202378407121
25 54 0 8 0.0202368739992
28 62 0 8 0.0200882181525
12 58 0 8 0.0200745519251
27 74 0 8 0.0200639814138
1 46 0 8 0.0200564227998
16 44 0 8 0.0200056061149
6 24 0 8 0.0199765842408
8 80 0 8 0.0199443846941
19 64 0 8 0.0199124142528
5 35 0 8 0.0199040994048
1 73 0 8 0.0198758933693
2 43 0 8 0.019871192053
2 53 0 8 0.0198234897107
30 70 0 8 0.0198053382337
7 16 0 8 0.0197987798601
35 64 0 8 0.0197915676981
17 59 0 8 0.0197726879269
22 69 0 8 0.0197576470673
17 61 0 8 0.0197200588882
13 61 0 8 0.0197048652917
34 80 0 8 0.0197005812079
7 18 0 8 0.01968418248
11 58 0 8 0.0196699313819
16 43 0 8 0.0196411814541
44 82 0 8 0.0195736065507
19 82 0 8 0.0195442959666
7 35 0 8 0.0195224378258
22 53 0 8 0.019499193877
9 38 0 8 0.0194734428078
11 72 0 8 0.0194704998285
10 41 0 8 0.019385330379
12 41 0 8 0.0193705577403
16 41 0 8 0.0193700864911
6 35 0 8 0.0193398669362
31 61 0 8 0.019299890846
29 62 0 8 0.0192964300513
15 62 0 8 0.0192880388349
14 44 0 8 0.0192629508674
28 65 0 8 0.0192533563823
9 44 0 8 0.0192475672811
11 54 0 8 0.019163209945
27 67 0 8 0.0191307459027
1 45 0 8 0.0191096141934
21 80 0 8 0.0191064327955
31 71 0 8 0.0190874058753
43 81 0 8 0.0190326590091
32 77 0 8 0.0190197099
46 77 0 8 0.0190041270107
4 49 0 8 0.01897383295
20 82 0 8 0.0189727023244
9 52 0 8 0.0189409498125
52 77 0 8 0.0189383365214
34 72 0 8 0.0189126655459
11 60 0 8 0.0189070794731
21 72 0 8 0.0188636276871
4 45 0 8 0.0188263561577
26 65 0 8 0.018819604069
3 80 0 8 0.0188177954406
20 60 0 8 0.0188163332641
17 45 0 8 0.0187585167587
8 52 0 8 0.018692728132
5 38 0 8 0.0186060220003
43 72 0 8 0.0185920801014
7 25 0 8 0.0185799021274
3 45 0 8 0.0185456145555
18 64 0 8 0.0185341034085
30 82 0 8 0.0185105223209
28 68 0 8 0.0184937361628
26 68 0 8 0.0184868555516
32 71 0 8 0.0184113513678
23 63 0 8 0.0183842312545
20 75 0 8 0.0183658692986
18 80 0 8 0.018364213407
37 75 0 8 0.0182920470834
43 75 0 8 0.0182865466923
36 79 0 8 0.0182779338211
13 75 0 8 0.0182626526803
29 80 0 8 0.0182501338422
26 71 0 8 0.0182469505817
20 61 0 8 0.0182378273457
15 80 0 8 0.018233442679
8 60 0 8 0.0182208940387
32 76 0 8 0.0182041227818
23 67 0 8 0.0182004161179
4 47 0 8 0.0181859117001
8 72 0 8 0.0181528516114
32 73 0 8 0.0181355904788
43 82 0 8 0.0181210972369
6 30 0 8 0.0181186888367
43 71 0 8 0.0180253908038
40 71 0 8 0.0180067755282
30 73 0 8 0.0180020965636
19 58 0 8 0.0180014185607
16 57 0 8 0.0178944952786
40 77 0 8 0.0178623944521
21 61 0 8 0.0178251732141
32 81 0 8 0.0178012698889
19 81 0 8 0.0177944842726
35 79 0 8 0.0177353434265
10 49 0 8 0.0177007131279
5 41 0 8 0.0176987554878
5 37 0 8 0.0176532175392
2 76 0 8 0.0176130086184
18 56 0 8 0.0175923947245
1 48 0 8 0.0175657868385
19 55 0 8 0.0175594929606
13 51 0 8 0.0175438951701
1 80 0 8 0.0175030771643
1 39 0 8 0.0174608658999
4 79 0 8 0.0174400173128
18 61 0 8 0.0174232739955
13 81 0 8 0.0174165237695
42 77 0 8 0.0173958018422
25 81 0 8 0.0173225719482
10 51 0 8 0.0173063632101
21 70 0 8 0.01729644835
13 82 0 8 0.017292112112
7 17 0 8 0.0172739867121
8 46 0 8 0.0172652229667
10 43 0 8 0.0172393098474
49 79 0 8 0.0172201674432
10 81 0 8 0.0172149389982
32 72 0 8 0.0172125268728
7 31 0 8 0.0171932112426
43 77 0 8 0.0171886757016
8 68 0 8 0.017169104889
16 54 0 8 0.0171629246324
7 39 0 8 0.0171506311744
7 42 0 8 0.0171277858317
14 82 0 8 0.0171163901687
5 42 0 8 0.0170883368701
21 59 0 8 0.0170826669782
6 33 0 8 0.0170615036041
27 73 0 8 0.0170562341809
4 50 0 8 0.0170530136675
43 73 0 8 0.0170469470322
8 58 0 8 0.0170393269509
7 40 0 8 0.0170256197453
14 68 0 8 0.017021747306
16 81 0 8 0.0170181430876
25 56 0 8 0.0170166268945
15 74 0 8 0.0169786401093
2 55 0 8 0.0169577039778
36 78 0 8 0.0169539526105
35 78 0 8 0.016897065565
11 80 0 8 0.0168895516545
17 64 0 8 0.0168891157955
39 78 0 8 0.0168580040336
19 61 0 8 0.0168509483337
18 59 0 8 0.0168396551162
4 48 0 8 0.0168396476656
23 82 0 8 0.0168345794082
12 59 0 8 0.0167602933943
43 74 0 8 0.0166975706816
33 76 0 8 0.0166951827705
19 63 0 8 0.0166806057096
19 62 0 8 0.0166788529605
34 82 0 8 0.0166775863618
5 39 0 8 0.0166058186442
24 71 0 8 0.0165762547404
5 40 0 8 0.0165281612426
29 71 0 8 0.0165069755167
12 52 0 8 0.0164854750037
34 79 0 8 0.0164506211877
1 49 0 8 0.0164501816034
24 82 0 8 0.016447937116
29 79 0 8 0.0164376106113
29 73 0 8 0.0164305660874
33 71 0 8 0.0164128597826
20 80 0 8 0.0164022725075
14 80 0 8 0.0163693316281
12 51 0 8 0.016361111775
15 66 0 8 0.0163393933326
29 77 0 8 0.0163315553218
20 69 0 8 0.0161552000791
1 41 0 8 0.0161098781973
18 62 0 8 0.0160943549126
4 68 0 8 0.0160940457135
1 74 0 8 0.0160826332867
21 79 0 8 0.0160818248987
14 52 0 8 0.0160569977015
22 61 0 8 0.0160554908216
24 64 0 8 0.0160417277366
4 57 0 8 0.0160257406533
27 79 0 8 0.0160014182329
29 68 0 8 0.0159950684756
8 54 0 8 0.0159822851419
7 41 0 8 0.0159744285047
1 79 0 8 0.0159715507179
11 56 0 8 0.0159654207528
14 43 0 8 0.0159451831132
23 80 0 8 0.0159321930259
20 68 0 8 0.015896692872
16 63 0 8 0.0158707369119
30 74 0 8 0.0158498603851
9 81 0 8 0.0158454570919
23 70 0 8 0.0158179756254
16 82 0 8 0.0158155709505
18 65 0 8 0.0157844722271
29 81 0 8 0.0157794877887
1 71 0 8 0.0156670529395
3 49 0 8 0.0156636778265
9 42 0 8 0.0156296081841
4 75 0 8 0.0156293958426
25 71 0 8 0.0156241143122
4 69 0 8 0.0156218409538
23 72 0 8 0.0156185859814
5 33 0 8 0.0155576337129
31 55 0 8 0.0155295869336
11 68 0 8 0.0154931917787
32 82 0 8 0.0154909966514
18 70 0 8 0.0154691217467
14 70 0 8 0.0154589070007
12 44 0 8 0.0154224233702
22 60 0 8 0.0153953526169
25 82 0 8 0.0153870424256
24 75 0 8 0.0153598012403
31 60 0 8 0.0153426835313
9 58 0 8 0.0153393419459
9 50 0 8 0.0153369726613
23 61 0 8 0.0152602540329
15 79 0 8 0.0152584910393
12 82 0 8 0.0152474977076
14 71 0 8 0.0152400322258
8 79 0 8 0.0151202296838
4 44 0 8 0.0150912916288
23 75 0 8 0.0150575013831
43 76 0 8 0.0149704199284
6 41 0 8 0.0149417789653
4 42 0 8 0.0149093670771
28 61 0 8 0.0148405209184
8 62 0 8 0.0148370284587
36 74 0 8 0.0147910835221
4 46 0 8 0.01478653308
43 67 0 8 0.0147798033431
29 70 0 8 0.0147659368813
22 55 0 8 0.0147564010695
18 79 0 8 0.0146790472791
11 64 0 8 0.0146706216037
5 81 0 8 0.0146646331996
3 57 0 8 0.0146574554965
27 71 0 8 0.014636781998
3 47 0 8 0.014624546282
31 63 0 8 0.0146020241082
14 69 0 8 0.014543928206
46 76 0 8 0.0145233720541
30 79 0 8 0.0144990812987
30 71 0 8 0.014486673288
2 77 0 8 0.0144768329337
13 52 0 8 0.0144633548334
13 70 0 8 0.0144594470039
25 63 0 8 0.0144537473097
24 62 0 8 0.0144355678931
13 79 0 8 0.0144319189712
17 55 0 8 0.014430006966
1 40 0 8 0.0144056407735
16 60 0 8 0.014363495633
13 60 0 8 0.0143042979762
22 82 0 8 0.0142985517159
10 59 0 8 0.0142881646752
1 62 0 8 0.0142756924033
22 59 0 8 0.0142753301188
31 73 0 8 0.0142731955275
7 44 0 8 0.0142326187342
21 74 0 8 0.0142252808437
22 68 0 8 0.0141636142507
15 73 0 8 0.014138222672
26 72 0 8 0.0140127604827
1 59 0 8 0.0140066286549
25 70 0 8 0.0139803178608
20 79 0 8 0.0139523772523
7 38 0 8 0.0139436554164
5 36 0 8 0.0139027778059
14 56 0 8 0.0138888731599
11 70 0 8 0.0138811822981
18 78 0 8 0.0138728432357
14 60 0 8 0.0138706518337
30 76 0 8 0.0138255823404
6 40 0 8 0.0138250300661
11 62 0 8 0.0138106439263
1 42 0 8 0.0137954028323
24 65 0 8 0.0136886797845
22 75 0 8 0.0136832334101
34 76 0 8 0.0136140519753
3 48 0 8 0.0136000178754
4 63 0 8 0.013544369489
10 48 0 8 0.0134477447718
3 69 0 8 0.0134362289682
20 66 0 8 0.0134256454185
17 82 0 8 0.0134107423946
35 76 0 8 0.0134009988979
19 77 0 8 0.0134003804997
12 57 0 8 0.0133960004896
18 66 0 8 0.013393573463
33 78 0 8 0.0133894346654
4 72 0 8 0.0133510772139
8 67 0 8 0.013342179358
29 67 0 8 0.0133286779746
7 37 0 8 0.0132993301377
8 53 0 8 0.0132527444512
30 80 0 8 0.0132348975167
5 49 0 8 0.0132183739915
31 67 0 8 0.0131977340207
1 57 0 8 0.0131697067991
19 68 0 8 0.0131294112653
21 65 0 8 0.013096768409
28 66 0 8 0.013085721992
24 80 0 8 0.013078186661
22 64 0 8 0.0130117423832
31 81 0 8 0.0129986936226
4 56 0 8 0.0129905221984
21 73 0 8 0.0129715343937
3 72 0 8 0.012947014533
35 73 0 8 0.0129386568442
38 79 0 8 0.0129218902439
15 61 0 8 0.0129157844931
11 61 0 8 0.0128881111741
16 64 0 8 0.012886820361
4 54 0 8 0.0128856906667
13 57 0 8 0.012855309993
3 46 0 8 0.0128537733108
22 66 0 8 0.0128395017236
1 77 0 8 0.0128344260156
26 80 0 8 0.0128194699064
6 43 0 8 0.0128009095788
6 39 0 8 0.0127393277362
4 43 0 8 0.0126976426691
19 66 0 8 0.0126453060657
8 66 0 8 0.0126440618187
3 75 0 8 0.0125869289041
31 66 0 8 0.0125833842903
12 43 0 8 0.012559980154
4 70 0 8 0.0125029627234
15 55 0 8 0.0125028090551
9 82 0 8 0.0124899465591
13 55 0 8 0.0124201169237
3 67 0 8 0.0124174617231
26 82 0 8 0.0123951332644
3 79 0 8 0.0123869813979
6 42 0 8 0.0123773654923
30 77 0 8 0.012369335629
7 36 0 8 0.012354856357
11 74 0 8 0.0123291192576
29 82 0 8 0.0123008964583
19 60 0 8 0.0122997788712
31 64 0 8 0.0122831529006
4 78 0 8 0.0122621646151
14 75 0 8 0.0122499847785
11 71 0 8 0.0122446315363
7 81 0 8 0.0122423069552
9 51 0 8 0.0122109791264
28 69 0 8 0.0121527723968
12 76 0 8 0.0120637379587
9 49 0 8 0.012030094862
19 57 0 8 0.0120159517974
5 51 0 8 0.0119874048978
25 55 0 8 0.0119868339971
3 50 0 8 0.0119850831106
29 69 0 8 0.0119681954384
31 62 0 8 0.0119599150494
1 51 0 8 0.0119370147586
40 79 0 8 0.011920643039
37 79 0 8 0.0119081800804
16 58 0 8 0.0119041698053
7 52 0 8 0.0119006764144
23 79 0 8 0.0118993865326
29 76 0 8 0.0118781169876
17 56 0 8 0.0118564274162
18 67 0 8 0.0118335103616
21 78 0 8 0.0118152527139
32 80 0 8 0.0118148410693
8 74 0 8 0.0118124634027
29 75 0 8 0.0117890415713
10 46 0 8 0.0117839490995
29 74 0 8 0.0117827216163
28 82 0 8 0.0116993756965
14 54 0 8 0.0116875115782
17 81 0 8 0.0116760106757
32 79 0 8 0.011557190679
10 52 0 8 0.0115438094363
19 80 0 8 0.0115133794025
1 72 0 8 0.0115051278844
8 59 0 8 0.0114513002336
17 58 0 8 0.0114420354366
1 75 0 8 0.0114336730912
3 56 0 8 0.0114152282476
10 82 0 8 0.0113890357316
37 76 0 8 0.0113769518211
20 67 0 8 0.0113485138863
3 70 0 8 0.0113473255187
11 79 0 8 0.0113139506429
30 78 0 8 0.0113107087091
5 43 0 8 0.0113014448434
5 52 0 8 0.0112840728834
1 55 0 8 0.0112693244591
28 75 0 8 0.0112597551197
17 79 0 8 0.011259441264
35 75 0 8 0.0112511469051
8 65 0 8 0.0112457377836
7 47 0 8 0.0112347304821
25 69 0 8 0.011182770133
17 62 0 8 0.0111345909536
9 56 0 8 0.0111229149625
6 38 0 8 0.0111167170107
16 80 0 8 0.0111080398783
3 76 0 8 0.0111052952707
31 82 0 8 0.0110946698114
26 66 0 8 0.0110922846943
3 63 0 8 0.011059563607
8 78 0 8 0.0110567677766
13 76 0 8 0.0110131027177
26 74 0 8 0.0109837306663
4 58 0 8 0.0109706642106
4 74 0 8 0.010956604965
3 58 0 8 0.0109422234818
27 65 0 8 0.0109357228503
1 76 0 8 0.0109310466796
5 82 0 8 0.0109168943018
1 63 0 8 0.0108913555741
9 43 0 8 0.0108760222793
22 62 0 8 0.0108718527481
4 52 0 8 0.0108706271276
13 80 0 8 0.0108519494534
38 78 0 8 0.0108391558751
28 80 0 8 0.0108074015006
17 80 0 8 0.0107886074111
29 72 0 8 0.0107712382451
4 66 0 8 0.0107597811148
10 76 0 8 0.0106711862609
3 73 0 8 0.0106674209237
3 51 0 8 0.0106522599235
9 65 0 8 0.0106385191903
12 73 0 8 0.0106270425022
37 78 0 8 0.0106137050316
40 78 0 8 0.0106079773977
26 73 0 8 0.0105908857659
10 50 0 8 0.0105476817116
11 76 0 8 0.0105344420299
22 80 0 8 0.0105301244184
4 59 0 8 0.0105008464307
8 56 0 8 0.0104781892151
36 76 0 8 0.0104650268331
27 78 0 8 0.0104544991627
12 54 0 8 0.0104330480099
4 71 0 8 0.0104165095836
15 53 0 8 0.0103904809803
8 64 0 8 0.0103886770085
31 70 0 8 0.0103785153478
4 55 0 8 0.0103587517515
6 36 0 8 0.0103564504534
7 82 0 8 0.0103250332177
34 78 0 8 0.0102838398889
14 79 0 8 0.0102813607082
26 76 0 8 0.0102505274117
5 50 0 8 0.0102223521098
13 54 0 8 0.0102106686682
14 67 0 8 0.010203470476
10 57 0 8 0.0102016367018
14 63 0 8 0.0101960003376
12 72 0 8 0.0101634385064
22 72 0 8 0.0101569797844
4 60 0 8 0.0101079056039
23 64 0 8 0.010097281076
19 65 0 8 0.0100502762944
7 51 0 8 0.010045832023
12 64 0 8 0.0100100450218
5 73 0 8 0.00997202005237
3 42 0 8 0.00994196534157
3 62 0 8 0.00992340035737
11 55 0 8 0.00991147570312
31 78 0 8 0.00989148113877
20 74 0 8 0.0098722409457
39 77 0 8 0.00987148657441
23 78 0 8 0.00987011101097
25 80 0 8 0.00986051186919
28 72 0 8 0.00981964077801
11 78 0 8 0.00981082674116
15 71 0 8 0.00978097505867
6 82 0 8 0.00972694158554
9 64 0 8 0.00971996318549
1 69 0 8 0.00970043428242
17 57 0 8 0.00961075071245
3 59 0 8 0.0096096880734
1 56 0 8 0.00960512459278
10 58 0 8 0.00954412482679
20 72 0 8 0.00953795574605
4 64 0 8 0.00951885711402
18 74 0 8 0.0094981668517
31 75 0 8 0.00946467928588
26 64 0 8 0.00942120049149
19 75 0 8 0.00941283907741
1 50 0 8 0.00939861685038
13 69 0 8 0.00939216371626
11 66 0 8 0.00938972458243
24 79 0 8 0.00938755553216
10 74 0 8 0.00937161874026
12 69 0 8 0.0093544004485
6 81 0 8 0.00934670679271
15 65 0 8 0.00932077225298
3 74 0 8 0.00931832473725
15 64 0 8 0.00931353215128
12 80 0 8 0.00930879916996
8 73 0 8 0.00929169077426
4 65 0 8 0.00929038785398
20 78 0 8 0.00926710199565
1 67 0 8 0.00923580490053
31 77 0 8 0.0092204939574
7 53 0 8 0.00921933446079
5 80 0 8 0.00918660406023
3 44 0 8 0.00916800647974
11 67 0 8 0.0091509912163
10 61 0 8 0.0091492049396
25 62 0 8 0.00914207100868
10 80 0 8 0.00913926400244
10 73 0 8 0.00912067200989
11 53 0 8 0.00910899974406
8 61 0 8 0.00908632948995
4 61 0 8 0.0090821320191
13 71 0 8 0.00907476618886
16 66 0 8 0.00902550294995
29 78 0 8 0.00901038758457
5 79 0 8 0.00897579174489
22 67 0 8 0.00893302634358
1 60 0 8 0.00891881529242
19 79 0 8 0.00889113731682
26 75 0 8 0.00887366198003
5 45 0 8 0.008873347193
24 78 0 8 0.00884528178722
19 69 0 8 0.00884290318936
9 47 0 8 0.00883767195046
20 73 0 8 0.00883364211768
13 53 0 8 0.00881475768983
17 63 0 8 0.00877890177071
20 70 0 8 0.00877371616662
9 80 0 8 0.00876509491354
14 76 0 8 0.0087626837194
38 76 0 8 0.00874843169004
28 74 0 8 0.00874646287411
34 77 0 8 0.0087101329118
31 76 0 8 0.00870633777231
28 70 0 8 0.00870492588729
10 75 0 8 0.00868823193014
22 79 0 8 0.0086587863043
10 55 0 8 0.00865762773901
36 77 0 8 0.00863056909293
1 68 0 8 0.00861211493611
19 70 0 8 0.00860953424126
17 60 0 8 0.00859751645476
16 69 0 8 0.00859463121742
35 77 0 8 0.00857136491686
5 48 0 8 0.00855107139796
10 54 0 8 0.00852991361171
1 54 0 8 0.00851676985621
16 68 0 8 0.00851224083453
12 75 0 8 0.00851195119321
33 77 0 8 0.00849558413029
21 76 0 8 0.00847379304469
31 80 0 8 0.00847327243537
4 53 0 8 0.00846676435322
1 43 0 8 0.00845811143517
25 72 0 8 0.0084428479895
14 62 0 8 0.00842860899866
17 70 0 8 0.00837537460029
1 52 0 8 0.00837415922433
16 62 0 8 0.00835875049233
7 49 0 8 0.00835017766804
9 48 0 8 0.00830989331007
4 76 0 8 0.00830926559865
8 55 0 8 0.00826638471335
8 76 0 8 0.00825440138578
7 43 0 8 0.00823182612658
16 59 0 8 0.00811506155878
9 70 0 8 0.00808314420283
8 71 0 8 0.00806168280542
3 65 0 8 0.00804106146097
12 63 0 8 0.00802963227034
20 76 0 8 0.00801690667868
13 72 0 8 0.00800329726189
22 65 0 8 0.00794675201178
12 56 0 8 0.00793035235256
1 65 0 8 0.00788304768503
5 70 0 8 0.00785943586379
3 55 0 8 0.00784844066948
3 43 0 8 0.00784769840539
32 78 0 8 0.00783369503915
3 64 0 8 0.00783150922507
10 63 0 8 0.00782799720764
7 54 0 8 0.00778544461355
1 78 0 8 0.00778529420495
13 63 0 8 0.0077349236235
10 69 0 8 0.00772695243359
23 74 0 8 0.00771815748885
12 60 0 8 0.00770936533809
10 56 0 8 0.00769932568073
14 64 0 8 0.00768961198628
24 73 0 8 0.00766637502238
7 48 0 8 0.00764104211703
14 72 0 8 0.00763027090579
13 68 0 8 0.00762531906366
13 77 0 8 0.00759568717331
7 79 0 8 0.00759150460362
14 74 0 8 0.00758484657854
25 53 0 8 0.00758298439905
12 50 0 8 0.00758227007464
1 53 0 8 0.00756908813491
4 62 0 8 0.00754610868171
19 76 0 8 0.00753488996997
7 80 0 8 0.00752540677786
5 47 0 8 0.00751505000517
10 79 0 8 0.00751362415031
38 77 0 8 0.00748101668432
3 71 0 8 0.00747084757313
7 76 0 8 0.00746865943074
22 78 0 8 0.0074406247586
11 65 0 8 0.00742084905505
5 77 0 8 0.00740257604048
16 55 0 8 0.00739994877949
5 67 0 8 0.0073977811262
3 78 0 8 0.00737978471443
16 67 0 8 0.00732648465782
12 70 0 8 0.00731884548441
1 61 0 8 0.00728430738673
17 76 0 8 0.00727827241644
25 66 0 8 0.00723324296996
3 60 0 8 0.00722756842151
3 54 0 8 0.00718823214993
13 73 0 8 0.00718708848581
22 76 0 8 0.00717430002987
25 68 0 8 0.00715632829815
26 79 0 8 0.00714458851144
7 50 0 8 0.0071432357654
9 53 0 8 0.00711371190846
3 52 0 8 0.00711359782144
12 55 0 8 0.00706631038338
17 68 0 8 0.00701742479578
21 71 0 8 0.00701582385227
16 61 0 8 0.00700825685635
5 46 0 8 0.00695452606305
37 77 0 8 0.00694032059982
12 61 0 8 0.00692675402388
25 64 0 8 0.00691941101104
16 70 0 8 0.00691354461014
13 64 0 8 0.00687305722386
16 72 0 8 0.00687297899276
15 78 0 8 0.00687244860455
20 77 0 8 0.00687012262642
6 52 0 8 0.00686509441584
12 68 0 8 0.00683815637603
28 73 0 8 0.00680562015623
7 46 0 8 0.00680428231135
20 71 0 8 0.00680106412619
28 79 0 8 0.00677118450403
10 72 0 8 0.0067702960223
3 66 0 8 0.00676438258961
26 67 0 8 0.00675508193672
15 76 0 8 0.00674669863656
6 80 0 8 0.0067336326465
25 75 0 8 0.00668206252158
7 62 0 8 0.00667488807812
23 73 0 8 0.00658775866032
3 41 0 8 0.00657887384295
18 73 0 8 0.00657741865143
10 71 0 8 0.00656357128173
9 61 0 8 0.0065298601985
16 75 0 8 0.00651975581422
1 66 0 8 0.00649743294343
6 77 0 8 0.00647881533951
10 62 0 8 0.00646588206291
9 73 0 8 0.00643020728603
9 79 0 8 0.00640354212373
24 74 0 8 0.00639714067802
19 72 0 8 0.00638541579247
5 54 0 8 0.00636152969673
4 77 0 8 0.00635319203138
14 65 0 8 0.00635313196108
23 71 0 8 0.00635234639049
9 76 0 8 0.00633882870898
12 79 0 8 0.00632244208828
6 71 0 8 0.00631728535518
9 75 0 8 0.00629910593852
13 67 0 8 0.00629130890593
1 64 0 8 0.00628978293389
6 47 0 8 0.00628405436873
14 53 0 8 0.00626614550129
7 71 0 8 0.00624909857288
23 76 0 8 0.00624501006678
3 53 0 8 0.00624295091256
27 76 0 8 0.00622408790514
7 74 0 8 0.00618661614135
6 51 0 8 0.00615293066949
10 70 0 8 0.00613765278831
9 55 0 8 0.00611615134403
14 55 0 8 0.00609740894288
31 79 0 8 0.00602081604302
16 79 0 8 0.00601017521694
17 65 0 8 0.00600865157321
10 53 0 8 0.00600604945794
5 44 0 8 0.00593212340027
18 76 0 8 0.00591934332624
25 67 0 8 0.00589120807126
28 67 0 8 0.00587084330618
9 71 0 8 0.00585060939193
18 71 0 8 0.0058489125222
12 53 0 8 0.00580859510228
5 56 0 8 0.00579836312681
31 72 0 8 0.00579644506797
12 78 0 8 0.00579153653234
7 67 0 8 0.00578453065827
13 56 0 8 0.00578328082338
9 59 0 8 0.00577021203935
5 78 0 8 0.00576386321336
7 68 0 8 0.00575756002218
13 62 0 8 0.00574314920232
9 69 0 8 0.00570748420432
28 71 0 8 0.00568094057962
10 68 0 8 0.00559052918106
12 71 0 8 0.0055824178271
17 67 0 8 0.00556763540953
3 61 0 8 0.00555283389986
6 48 0 8 0.00555099081248
7 45 0 8 0.00552828703076
10 60 0 8 0.00552743207663
9 54 0 8 0.00552017893642
9 63 0 8 0.00551911909133
28 78 0 8 0.00550618441775
16 65 0 8 0.00549294613302
17 75 0 8 0.00549270911142
25 79 0 8 0.00549171445891
19 78 0 8 0.00548470020294
17 78 0 8 0.00547920446843
7 78 0 8 0.00545443268493
8 77 0 8 0.00544977327809
3 77 0 8 0.00544738117605
10 67 0 8 0.00544532993808
16 74 0 8 0.00542980106547
11 77 0 8 0.00539918709546
5 55 0 8 0.00538889551535
10 78 0 8 0.00537753710523
16 76 0 8 0.0053632860072
6 50 0 8 0.00531100854278
5 72 0 8 0.00530646322295
12 74 0 8 0.00528740696609
5 75 0 8 0.00528028933331
5 68 0 8 0.00527641875669
6 49 0 8 0.00527121545747
22 70 0 8 0.00525158783421
26 78 0 8 0.00523768365383
16 73 0 8 0.00523143913597
7 75 0 8 0.00522832293063
17 71 0 8 0.00522332312539
13 66 0 8 0.00520111341029
7 70 0 8 0.00519830174744
31 74 0 8 0.00518812984228
16 78 0 8 0.00517422379926
9 67 0 8 0.005158952903
13 74 0 8 0.0051523540169
6 53 0 8 0.00513633526862
25 74 0 8 0.00513050751761
31 69 0 8 0.00511596398428
10 64 0 8 0.00507972110063
17 69 0 8 0.00507732620463
21 77 0 8 0.00506902020425
13 78 0 8 0.00506263971329
25 65 0 8 0.00504509080201
6 70 0 8 0.00504249939695
7 55 0 8 0.00503742787987
22 74 0 8 0.00502396421507
17 66 0 8 0.00501388683915
5 61 0 8 0.00498988991603
6 55 0 8 0.00498473830521
19 73 0 8 0.00496890814975
9 74 0 8 0.00495397113264
7 66 0 8 0.00494932197034
22 73 0 8 0.00494497222826
24 76 0 8 0.00492867594585
5 53 0 8 0.00492677511647
14 66 0 8 0.00492255296558
5 63 0 8 0.00492046959698
5 74 0 8 0.00490526109934
25 77 0 8 0.00489105563611
7 69 0 8 0.00488408468664
7 72 0 8 0.00488187419251
6 56 0 8 0.00477925315499
6 45 0 8 0.0047684381716
27 77 0 8 0.00476723397151
10 65 0 8 0.00476523255929
7 63 0 8 0.00475955056027
5 69 0 8 0.00474554440007
13 65 0 8 0.00474282447249
6 76 0 8 0.00469591794536
5 58 0 8 0.00469108624384
17 77 0 8 0.00468718027696
9 72 0 8 0.00464212335646
23 77 0 8 0.00463366834447
12 66 0 8 0.00463244412094
6 59 0 8 0.00462318537757
14 78 0 8 0.00457714591175
25 76 0 8 0.0045555899851
10 66 0 8 0.00454471539706
6 44 0 8 0.00449467636645
17 73 0 8 0.00449053058401
19 74 0 8 0.00448531564325
12 67 0 8 0.00448529236019
17 72 0 8 0.00447017280385
6 46 0 8 0.00444755190983
5 71 0 8 0.00440834648907
9 68 0 8 0.00440769968554
7 65 0 8 0.00438681803644
6 79 0 8 0.00434976071119
5 65 0 8 0.0043285866268
7 73 0 8 0.00432537775487
28 76 0 8 0.00431653205305
7 58 0 8 0.00423320895061
10 77 0 8 0.00417640944943
7 64 0 8 0.00416877120733
7 61 0 8 0.00416849786416
5 62 0 8 0.00416003121063
9 57 0 8 0.00413777632639
25 73 0 8 0.00413623219356
19 71 0 8 0.00413261167705
12 62 0 8 0.00412479508668
7 59 0 8 0.00410866877064
18 77 0 8 0.00402494333684
5 66 0 8 0.00401978008449
9 78 0 8 0.00400822749361
17 74 0 8 0.00399890076369
9 60 0 8 0.00399106647819
25 78 0 8 0.00398381520063
26 77 0 8 0.00396422017366
9 66 0 8 0.00394598254934
14 77 0 8 0.00393736269325
5 64 0 8 0.00392172811553
6 61 0 8 0.0038121282123
5 59 0 8 0.00380379660055
6 67 0 8 0.00372927635908
7 77 0 8 0.00372176710516
7 57 0 8 0.0036930302158
15 77 0 8 0.00366763048805
7 60 0 8 0.00364761380479
19 67 0 8 0.0036291454453
6 68 0 8 0.00360618252307
6 78 0 8 0.0035770139657
16 71 0 8 0.00352431740612
5 57 0 8 0.00346744642593
24 77 0 8 0.00341354100965
7 56 0 8 0.00339598441496
6 58 0 8 0.00333546404727
5 60 0 8 0.00331901595928
16 77 0 8 0.00328764365986
9 62 0 8 0.0032655459363
28 77 0 8 0.00317100645043
12 65 0 8 0.00315512949601
5 76 0 8 0.00315443519503
6 54 0 8 0.003152043093
12 77 0 8 0.0031228736043
9 77 0 8 0.00312050967477
6 73 0 8 0.00308783166111
6 75 0 8 0.00292527116835
6 69 0 8 0.00282448157668
22 77 0 8 0.00280379317701
6 63 0 8 0.00279875681736
6 64 0 8 0.00267530395649
6 62 0 8 0.00258167018183
6 72 0 8 0.00254074973054
22 71 0 8 0.0024921882432
6 66 0 8 0.00248713418841
6 74 0 8 0.00242560775951
6 65 0 8 0.00236278004013
6 60 0 8 0.00220408826135
6 57 0 8 0.00206522131339
