49 50 0 8 0.999998867512
24 25 0 8 0.999998748302
22 23 0 8 0.999997973442
14 15 0 8 0.999997735023
48 49 0 8 0.99999755621
7 8 0 8 0.999996244907
25 26 0 8 0.99999588728
23 24 0 8 0.999995112419
6 7 0 8 0.999995112419
5 6 0 8 0.999994754791
18 19 0 8 0.999994456768
12 13 0 8 0.999993801117
3 4 0 8 0.999992549419
43 44 0 8 0.999990522861
4 5 0 8 0.999990403652
10 11 0 8 0.999988257885
2 3 0 8 0.999987602234
27 28 0 8 0.999987185001
33 34 0 8 0.999981582165
45 46 0 8 0.99998152256
9 10 0 8 0.999980866909
16 17 0 8 0.999979972839
47 48 0 8 0.999978840351
28 29 0 8 0.999978601933
26 27 0 8 0.999974429607
15 16 0 8 0.999972999096
11 12 0 8 0.999970495701
1 2 0 8 0.99996805191
13 14 0 8 0.999967753887
29 30 0 8 0.999965727329
21 22 0 8 0.999963402748
8 9 0 8 0.999956548214
17 18 0 8 0.999953985214
38 39 0 8 0.999942660332
42 43 0 8 0.999940097332
46 47 0 8 0.999939799309
32 33 0 8 0.999929785728
40 41 0 8 0.999922811985
44 45 0 8 0.999916911125
39 40 0 8 0.999916017056
37 38 0 8 0.999915361404
41 42 0 8 0.999905943871
19 20 0 8 0.999894499779
31 32 0 8 0.999869227409
35 36 0 8 0.99986487627
36 37 0 8 0.999805629253
34 35 0 8 0.999788105488
20 21 0 8 0.999635756016
30 31 0 8 0.999004542828
23 25 0 8 0.991736412048
12 14 0 8 0.990211188793
27 29 0 8 0.990188062191
13 16 0 8 0.989957690239
13 15 0 8 0.989357471466
8 10 0 8 0.988946020603
25 27 0 8 0.985578656197
25 28 0 8 0.985568761826
9 11 0 8 0.985554337502
24 26 0 8 0.985246956348
6 8 0 8 0.984691083431
11 13 0 8 0.98415517807
7 9 0 8 0.983621239662
26 28 0 8 0.983469903469
16 19 0 8 0.98290604353
14 16 0 8 0.981723070145
6 9 0 8 0.980778813362
15 17 0 8 0.980751812458
10 12 0 8 0.979620099068
12 15 0 8 0.978004217148
14 17 0 8 0.977908194065
15 27 0 8 0.977113604546
16 18 0 8 0.977059483528
41 43 0 8 0.974470436573
38 40 0 8 0.97295075655
7 10 0 8 0.972312808037
12 16 0 8 0.970686972141
24 28 0 8 0.96951931715
25 29 0 8 0.969086170197
8 11 0 8 0.968861222267
39 41 0 8 0.968454301357
28 31 0 8 0.967555582523
39 43 0 8 0.967449486256
40 43 0 8 0.966661632061
26 29 0 8 0.966517984867
9 13 0 8 0.966150343418
5 7 0 8 0.965990364552
9 12 0 8 0.96556687355
23 26 0 8 0.965453982353
40 42 0 8 0.96537643671
5 9 0 8 0.965362608433
24 27 0 8 0.964158475399
42 44 0 8 0.962756633759
27 30 0 8 0.961848795414
28 30 0 8 0.961613416672
10 13 0 8 0.958013296127
13 17 0 8 0.957571566105
40 44 0 8 0.956004738808
38 41 0 8 0.955792188644
11 14 0 8 0.954078555107
5 8 0 8 0.952952861786
41 44 0 8 0.951394498348
6 10 0 8 0.951224148273
27 31 0 8 0.948860168457
27 39 0 8 0.943721473217
7 11 0 8 0.941128790379
24 43 0 8 0.934803068638
10 14 0 8 0.934344649315
8 12 0 8 0.93285626173
39 42 0 8 0.930715560913
37 39 0 8 0.926028251648
38 42 0 8 0.923170506954
15 19 0 8 0.923087000847
15 18 0 8 0.922775387764
11 15 0 8 0.92046803236
17 19 0 8 0.918938755989
26 30 0 8 0.915521800518
43 45 0 8 0.914531648159
44 46 0 8 0.912914812565
37 40 0 8 0.910351336002
12 42 0 8 0.9017162323
37 41 0 8 0.901577830315
14 18 0 8 0.900627493858
41 45 0 8 0.897048413754
43 46 0 8 0.891417920589
4 8 0 8 0.879703640938
4 9 0 8 0.876522779465
29 31 0 8 0.875620782375
16 43 0 8 0.871312141418
17 20 0 8 0.870922327042
16 20 0 8 0.869659543037
18 20 0 8 0.86816161871
32 34 0 8 0.865074396133
24 39 0 8 0.863552212715
12 43 0 8 0.862863004208
23 27 0 8 0.859937131405
12 31 0 8 0.852640330791
42 45 0 8 0.837338149548
36 40 0 8 0.836999416351
20 22 0 8 0.829696059227
16 21 0 8 0.829008162022
28 39 0 8 0.826791346073
34 36 0 8 0.826396822929
43 47 0 8 0.824003100395
36 38 0 8 0.812156736851
11 31 0 8 0.811128497124
28 32 0 8 0.806813240051
35 38 0 8 0.805601716042
44 47 0 8 0.796112775803
48 50 0 8 0.795184791088
12 39 0 8 0.787763237953
21 23 0 8 0.784441888332
31 33 0 8 0.777407586575
42 46 0 8 0.775272846222
47 49 0 8 0.759870111942
9 42 0 8 0.758839964867
2 4 0 8 0.750464618206
15 31 0 8 0.737152457237
8 31 0 8 0.735399723053
33 35 0 8 0.726170241833
31 39 0 8 0.723826646805
45 47 0 8 0.722638428211
4 12 0 8 0.721217691898
35 37 0 8 0.716602921486
1 3 0 8 0.715900480747
4 6 0 8 0.706338346004
46 48 0 8 0.702358901501
19 21 0 8 0.701335728168
3 5 0 8 0.699490368366
19 26 0 8 0.695237219334
22 26 0 8 0.693256080151
22 27 0 8 0.674772799015
31 34 0 8 0.673391401768
15 30 0 8 0.671650886536
24 36 0 8 0.657267153263
12 27 0 8 0.656484425068
29 32 0 8 0.654764950275
8 34 0 8 0.652904987335
34 38 0 8 0.652218520641
4 39 0 8 0.647663235664
35 39 0 8 0.636798799038
31 38 0 8 0.619790256023
16 24 0 8 0.606980800629
28 35 0 8 0.600530147552
19 27 0 8 0.58909702301
36 39 0 8 0.587813794613
30 32 0 8 0.560547888279
13 43 0 8 0.55559617281
16 22 0 8 0.553821027279
16 27 0 8 0.516131520271
22 24 0 8 0.514781177044
17 21 0 8 0.509178221226
12 24 0 8 0.498459011316
28 34 0 8 0.462131291628
44 48 0 8 0.460089236498
11 30 0 8 0.457994818687
4 38 0 8 0.456654667854
20 23 0 8 0.440873652697
24 40 0 8 0.432546168566
25 36 0 8 0.421221613884
16 23 0 8 0.417930454016
34 37 0 8 0.408054292202
4 36 0 8 0.399054288864
4 37 0 8 0.373950690031
36 41 0 8 0.36129707098
19 30 0 8 0.356706082821
4 42 0 8 0.355575948954
45 48 0 8 0.337397694588
4 48 0 8 0.326555818319
28 38 0 8 0.326191186905
9 43 0 8 0.315671145916
4 47 0 8 0.315438091755
21 26 0 8 0.305156677961
18 30 0 8 0.296052098274
28 36 0 8 0.292358785868
13 47 0 8 0.291955828667
1 4 0 8 0.276974022388
8 42 0 8 0.27475169301
34 42 0 8 0.245637312531
34 39 0 8 0.229144513607
24 47 0 8 0.214265808463
24 42 0 8 0.212228640914
31 35 0 8 0.211361438036
27 34 0 8 0.209586471319
32 35 0 8 0.209293067455
43 48 0 8 0.20738619566
4 46 0 8 0.201172351837
3 34 0 8 0.187905564904
43 49 0 8 0.186611816287
18 21 0 8 0.185596883297
28 37 0 8 0.177026569843
27 43 0 8 0.170956879854
19 24 0 8 0.166818127036
8 33 0 8 0.166284173727
34 40 0 8 0.155924543738
15 24 0 8 0.155900225043
21 24 0 8 0.155499726534
46 49 0 8 0.152116417885
17 22 0 8 0.150100588799
37 46 0 8 0.14991478622
12 28 0 8 0.146359890699
20 24 0 8 0.144817560911
24 38 0 8 0.144337281585
3 46 0 8 0.142723977566
4 7 0 8 0.141611605883
17 24 0 8 0.137677609921
34 43 0 8 0.137213811278
4 31 0 8 0.136032983661
21 27 0 8 0.135370731354
42 47 0 8 0.134294643998
19 23 0 8 0.133671075106
28 43 0 8 0.133644446731
4 43 0 8 0.132685884833
16 28 0 8 0.132289454341
33 36 0 8 0.132090255618
24 34 0 8 0.124183610082
24 46 0 8 0.123359709978
9 38 0 8 0.122576981783
1 5 0 8 0.122462138534
5 34 0 8 0.121923811734
11 32 0 8 0.121850572526
12 47 0 8 0.121377751231
16 47 0 8 0.12030274421
13 24 0 8 0.117850199342
19 22 0 8 0.117621295154
20 40 0 8 0.11750536412
32 36 0 8 0.1158933267
3 8 0 8 0.113404005766
21 25 0 8 0.113308697939
28 33 0 8 0.109193958342
22 25 0 8 0.106953032315
40 45 0 8 0.104702658951
28 47 0 8 0.103075243533
2 34 0 8 0.101399675012
3 6 0 8 0.100194893777
24 35 0 8 0.0984442383051
16 26 0 8 0.0973890796304
44 49 0 8 0.0966686010361
4 24 0 8 0.0961173996329
24 49 0 8 0.0960960462689
9 47 0 8 0.0950503870845
27 38 0 8 0.0939281582832
1 24 0 8 0.0928914323449
1 35 0 8 0.0919685661793
47 50 0 8 0.0909905210137
17 23 0 8 0.0900079905987
44 50 0 8 0.0875068232417
2 5 0 8 0.0870893374085
33 37 0 8 0.0861977934837
32 39 0 8 0.0829949826002
19 47 0 8 0.0827192664146
29 33 0 8 0.0824442729354
8 38 0 8 0.0816279500723
16 42 0 8 0.0805607438087
11 33 0 8 0.0794907808304
45 49 0 8 0.0794723108411
5 47 0 8 0.0782572105527
37 45 0 8 0.0773783475161
31 37 0 8 0.0768233016133
15 28 0 8 0.0762876048684
21 43 0 8 0.0741527602077
24 37 0 8 0.0735466554761
35 40 0 8 0.0728441849351
33 38 0 8 0.0716872140765
12 46 0 8 0.0710745677352
1 8 0 8 0.0701278522611
27 42 0 8 0.0697853192687
9 34 0 8 0.0695020481944
31 42 0 8 0.0691568925977
22 30 0 8 0.0686150491238
46 50 0 8 0.0664899423718
16 39 0 8 0.0662761852145
30 33 0 8 0.0656444579363
2 39 0 8 0.0653092935681
25 35 0 8 0.0651321485639
31 36 0 8 0.0648148432374
4 34 0 8 0.064570017159
3 7 0 8 0.0643183887005
41 46 0 8 0.0635181590915
2 6 0 8 0.0629588067532
16 31 0 8 0.0623761452734
32 38 0 8 0.0622779428959
28 40 0 8 0.0612221173942
8 24 0 8 0.0609172545373
24 48 0 8 0.0608997456729
15 39 0 8 0.0589994750917
5 32 0 8 0.0579804182053
34 41 0 8 0.0574814975262
19 43 0 8 0.057293150574
12 34 0 8 0.0572827346623
15 47 0 8 0.0564789399505
22 40 0 8 0.0558295510709
27 35 0 8 0.0546877682209
16 34 0 8 0.0532049350441
4 49 0 8 0.0530062168837
22 48 0 8 0.052913505584
3 26 0 8 0.0528251752257
2 35 0 8 0.0522602163255
20 27 0 8 0.0521180704236
15 46 0 8 0.0516061037779
3 35 0 8 0.050956312567
27 47 0 8 0.0502451956272
3 49 0 8 0.0498042888939
2 8 0 8 0.049604754895
1 38 0 8 0.0484345853329
30 34 0 8 0.04832662642
29 34 0 8 0.0482625328004
5 33 0 8 0.0475347898901
1 49 0 8 0.047152377665
2 32 0 8 0.046637147665
9 40 0 8 0.0463178642094
2 33 0 8 0.0460945107043
19 28 0 8 0.0460771508515
13 23 0 8 0.0453264825046
8 39 0 8 0.0440817922354
1 9 0 8 0.0436571612954
15 20 0 8 0.0434558354318
8 30 0 8 0.0434284582734
2 50 0 8 0.04220796749
21 30 0 8 0.042067181319
9 24 0 8 0.0420570261776
20 26 0 8 0.0420119911432
19 46 0 8 0.0416754372418
4 35 0 8 0.0416222177446
24 41 0 8 0.0411111749709
8 43 0 8 0.0401852093637
15 26 0 8 0.0398373529315
8 32 0 8 0.0395310558379
31 40 0 8 0.0385284908116
18 24 0 8 0.0373846367002
3 50 0 8 0.0362110286951
3 48 0 8 0.036070395261
13 50 0 8 0.0359035171568
26 47 0 8 0.0358090437949
29 38 0 8 0.0355781279504
35 41 0 8 0.0349256768823
29 35 0 8 0.0347894579172
24 44 0 8 0.0345953404903
29 39 0 8 0.0339697524905
15 38 0 8 0.0336549580097
17 26 0 8 0.0330689102411
8 37 0 8 0.0326300263405
19 29 0 8 0.0321812443435
2 37 0 8 0.0319096110761
43 50 0 8 0.0314103960991
31 43 0 8 0.0313822291791
18 26 0 8 0.031370703131
17 27 0 8 0.0305359400809
30 35 0 8 0.0302155371755
28 42 0 8 0.0299459490925
1 34 0 8 0.0299028791487
22 50 0 8 0.0293256118894
5 39 0 8 0.0292491074651
11 26 0 8 0.0284357834607
5 35 0 8 0.0284119676799
27 37 0 8 0.0283518955112
23 47 0 8 0.0280052684247
2 47 0 8 0.027635389939
25 37 0 8 0.0276206955314
24 50 0 8 0.0274714101106
27 32 0 8 0.0274655576795
9 31 0 8 0.0272367279977
18 22 0 8 0.0271545387805
1 48 0 8 0.02671777457
2 7 0 8 0.0266978740692
32 37 0 8 0.0265678279102
23 49 0 8 0.0261831060052
28 46 0 8 0.0261602587998
9 45 0 8 0.0260642562062
13 49 0 8 0.0260567758232
23 50 0 8 0.0260072797537
2 41 0 8 0.0257003493607
3 24 0 8 0.0256983079016
21 50 0 8 0.0256220977753
15 21 0 8 0.0255451463163
21 48 0 8 0.0250708013773
38 43 0 8 0.0250620860606
20 25 0 8 0.0248455349356
10 26 0 8 0.0247439984232
14 26 0 8 0.0245764423162
4 27 0 8 0.0243606232107
13 28 0 8 0.0243069455028
2 9 0 8 0.0241059381515
5 31 0 8 0.0240991860628
1 6 0 8 0.023765752092
3 47 0 8 0.0236203279346
28 41 0 8 0.0235093142837
25 46 0 8 0.0233684908599
8 47 0 8 0.0229909587651
4 40 0 8 0.0229083187878
25 44 0 8 0.0223459023982
32 41 0 8 0.022344302386
22 47 0 8 0.0222116746008
23 36 0 8 0.0222083833069
7 34 0 8 0.0222006235272
3 37 0 8 0.0220979303122
9 49 0 8 0.0219935011119
3 33 0 8 0.0219482630491
9 39 0 8 0.0218460336328
18 27 0 8 0.0218282416463
1 7 0 8 0.0216804165393
14 24 0 8 0.0216519702226
13 48 0 8 0.0215160250664
18 47 0 8 0.0213126391172
27 46 0 8 0.0212526638061
23 46 0 8 0.0212221648544
23 41 0 8 0.0211939904839
3 9 0 8 0.0211623050272
8 27 0 8 0.021136816591
11 34 0 8 0.0211070254445
5 46 0 8 0.020956588909
16 38 0 8 0.020947560668
5 48 0 8 0.0208915695548
12 38 0 8 0.0206678472459
19 48 0 8 0.020499471575
12 26 0 8 0.0204993151128
2 48 0 8 0.0204936936498
45 50 0 8 0.0204579029232
1 47 0 8 0.02045702748
30 38 0 8 0.0204520057887
19 44 0 8 0.0203275810927
1 50 0 8 0.0201356168836
17 47 0 8 0.020087486133
19 25 0 8 0.0198906064034
13 42 0 8 0.0198647398502
21 44 0 8 0.019778566435
2 49 0 8 0.0197431445122
9 28 0 8 0.0197051167488
21 47 0 8 0.0197021327913
12 30 0 8 0.0195675268769
2 36 0 8 0.0194866005331
42 48 0 8 0.0194224752486
27 36 0 8 0.0193959362805
5 50 0 8 0.0193253979087
2 11 0 8 0.0191485211253
32 40 0 8 0.0190017018467
2 31 0 8 0.0189998876303
13 30 0 8 0.0189516656101
1 36 0 8 0.0189104899764
22 46 0 8 0.0187397263944
22 49 0 8 0.0187135655433
25 39 0 8 0.0185779500753
2 46 0 8 0.0185043420643
8 40 0 8 0.0184424370527
1 42 0 8 0.0183795727789
13 27 0 8 0.0183004382998
33 39 0 8 0.0181635003537
13 34 0 8 0.0180512052029
5 30 0 8 0.018029935658
1 31 0 8 0.0180239267647
22 43 0 8 0.0178950130939
30 39 0 8 0.017822176218
1 27 0 8 0.0178129207343
31 46 0 8 0.0177915692329
18 23 0 8 0.0177751947194
19 42 0 8 0.0177526976913
42 49 0 8 0.0176051817834
4 41 0 8 0.0175778456032
8 35 0 8 0.0175618305802
30 36 0 8 0.0173884686083
1 12 0 8 0.0172909684479
29 36 0 8 0.0172570217401
2 38 0 8 0.017247505486
3 39 0 8 0.017210720107
4 32 0 8 0.0170689728111
4 50 0 8 0.0169406235218
16 46 0 8 0.0169378183782
20 47 0 8 0.0168686527759
3 32 0 8 0.0168146174401
19 49 0 8 0.0167642626911
27 40 0 8 0.0167020484805
25 50 0 8 0.0166905317456
3 25 0 8 0.0166889205575
4 11 0 8 0.0166542120278
11 27 0 8 0.0165966320783
24 45 0 8 0.0164635870606
1 33 0 8 0.016418164596
22 44 0 8 0.016384832561
12 44 0 8 0.0163426417857
13 31 0 8 0.016295215115
36 46 0 8 0.0162183456123
30 37 0 8 0.0161722004414
23 48 0 8 0.0160076450557
5 43 0 8 0.015967188403
12 35 0 8 0.0158803481609
5 38 0 8 0.0156858172268
9 32 0 8 0.0156351123005
8 49 0 8 0.0156214665622
15 22 0 8 0.0156108019873
4 45 0 8 0.0156019451097
16 25 0 8 0.0155853815377
3 11 0 8 0.0155696738511
15 43 0 8 0.0154592189938
23 37 0 8 0.0154467048123
30 40 0 8 0.0153806712478
23 43 0 8 0.0153734087944
15 32 0 8 0.0153335519135
16 40 0 8 0.0153225334361
14 30 0 8 0.0151611501351
39 47 0 8 0.0151569638401
3 38 0 8 0.0151412412524
15 48 0 8 0.0150424037129
11 47 0 8 0.0150354104117
3 42 0 8 0.0150196570903
19 45 0 8 0.0150142749771
4 30 0 8 0.0149504840374
25 48 0 8 0.0148250311613
3 30 0 8 0.0148093346506
1 28 0 8 0.0147529765964
3 41 0 8 0.0147461034358
40 46 0 8 0.0146270124242
31 41 0 8 0.0146180326119
8 26 0 8 0.0146063407883
1 23 0 8 0.0145019581541
5 49 0 8 0.0144705753773
3 36 0 8 0.0144545147195
4 44 0 8 0.0144472820684
1 46 0 8 0.0142573658377
19 39 0 8 0.0142416991293
25 34 0 8 0.0142409959808
12 25 0 8 0.0142177930102
9 36 0 8 0.0141289280728
39 45 0 8 0.0141042806208
16 49 0 8 0.01404623501
8 50 0 8 0.0139038432389
2 40 0 8 0.0138898659497
12 49 0 8 0.0138617968187
1 37 0 8 0.0138572733849
12 48 0 8 0.0138448728248
2 45 0 8 0.0138372965157
9 27 0 8 0.0137499487028
32 42 0 8 0.0137477051467
19 50 0 8 0.0136813484132
12 23 0 8 0.0135454330593
2 30 0 8 0.013541164808
7 33 0 8 0.0134979905561
10 50 0 8 0.0134872831404
15 49 0 8 0.0134786125273
6 11 0 8 0.0134678510949
33 40 0 8 0.0133163733408
15 23 0 8 0.0133071793243
8 48 0 8 0.0132046975195
9 41 0 8 0.0131161222234
40 49 0 8 0.0131029328331
16 48 0 8 0.0130923986435
1 44 0 8 0.0129734082147
4 26 0 8 0.012936684303
13 46 0 8 0.012911031954
10 32 0 8 0.012910977006
12 50 0 8 0.0128870075569
25 45 0 8 0.0128828408197
3 43 0 8 0.0128542566672
25 40 0 8 0.0128434486687
2 42 0 8 0.0128331026062
8 36 0 8 0.0127931805328
37 42 0 8 0.0127619570121
15 50 0 8 0.0127341290936
1 39 0 8 0.012724654749
11 49 0 8 0.0127189829946
24 29 0 8 0.0126483729109
27 33 0 8 0.0126320961863
25 43 0 8 0.0126102697104
6 34 0 8 0.0125899398699
5 10 0 8 0.0125797949731
25 47 0 8 0.0125478617847
41 47 0 8 0.012528097257
14 29 0 8 0.0125025091693
25 38 0 8 0.0123415514827
31 47 0 8 0.0123241962865
14 19 0 8 0.0123113114387
8 45 0 8 0.0122722471133
38 48 0 8 0.0122593874112
5 36 0 8 0.0121747003868
1 32 0 8 0.0121206035838
3 12 0 8 0.0120923854411
39 49 0 8 0.0120745347813
11 50 0 8 0.0120474044234
36 44 0 8 0.0120416451246
3 40 0 8 0.0119659341872
28 49 0 8 0.0118575999513
16 30 0 8 0.0118511775509
9 37 0 8 0.0118385357782
37 44 0 8 0.0117284283042
37 48 0 8 0.0117233172059
6 50 0 8 0.0117174461484
17 25 0 8 0.0117067275569
25 49 0 8 0.0116619821638
8 28 0 8 0.0116205932572
1 11 0 8 0.0116173019633
5 42 0 8 0.0115064028651
1 20 0 8 0.0114781418815
13 26 0 8 0.0113998707384
2 29 0 8 0.011352205649
2 23 0 8 0.0113267861307
3 44 0 8 0.0113184005022
20 48 0 8 0.0112833334133
41 49 0 8 0.0112754628062
4 33 0 8 0.0112164281309
26 38 0 8 0.0111978026107
16 44 0 8 0.0110368113965
2 43 0 8 0.0109956460074
32 47 0 8 0.0109814098105
42 50 0 8 0.0109227551147
38 47 0 8 0.010819545947
9 46 0 8 0.0107851373032
33 41 0 8 0.0107727218419
5 44 0 8 0.0107434345409
13 44 0 8 0.0107360845432
39 44 0 8 0.0106835877523
14 47 0 8 0.0105700101703
30 42 0 8 0.0105663696304
40 50 0 8 0.0105071170256
28 44 0 8 0.0104992222041
6 32 0 8 0.0104432730004
3 13 0 8 0.0104298386723
11 39 0 8 0.0103558925912
30 46 0 8 0.0103110782802
35 47 0 8 0.0102251507342
21 41 0 8 0.0101991044357
21 49 0 8 0.0101742763072
21 40 0 8 0.0100847296417
7 32 0 8 0.0100832879543
34 49 0 8 0.0100553864613
29 37 0 8 0.00996666029096
35 43 0 8 0.00991778913885
14 32 0 8 0.00991506036371
13 38 0 8 0.00983382947743
26 32 0 8 0.0096667278558
4 10 0 8 0.00959318783134
2 24 0 8 0.00956960767508
26 50 0 8 0.0095455897972
27 41 0 8 0.00947066303343
7 50 0 8 0.00946522969753
3 23 0 8 0.00942096486688
10 31 0 8 0.00941041577607
22 38 0 8 0.0093585383147
10 48 0 8 0.00933317933232
12 45 0 8 0.0091951014474
3 22 0 8 0.00914192851633
4 15 0 8 0.00910757668316
30 41 0 8 0.00906635727733
17 50 0 8 0.00902697443962
4 19 0 8 0.0090175177902
13 39 0 8 0.00900516100228
3 45 0 8 0.00896158907562
11 43 0 8 0.00891946908087
6 38 0 8 0.00889552943408
5 37 0 8 0.0088948989287
9 35 0 8 0.00884516816586
13 32 0 8 0.00880125258118
4 28 0 8 0.00878142099828
4 16 0 8 0.00877882260829
2 44 0 8 0.008699237369
3 27 0 8 0.00859302654862
38 49 0 8 0.00855558365583
1 13 0 8 0.00855201296508
32 43 0 8 0.0084602823481
10 34 0 8 0.0084271505475
35 46 0 8 0.00839015562087
1 41 0 8 0.00832303334028
19 40 0 8 0.0082572940737
1 45 0 8 0.00818654242903
11 24 0 8 0.00817316956818
35 50 0 8 0.00816689059138
7 49 0 8 0.0081431241706
8 46 0 8 0.00813434366137
17 44 0 8 0.00812965165824
22 33 0 8 0.00807315669954
6 47 0 8 0.00806337222457
1 10 0 8 0.0080626970157
27 50 0 8 0.00798974465579
36 42 0 8 0.00798737164587
29 50 0 8 0.00790364854038
1 40 0 8 0.00788176525384
4 13 0 8 0.00786816328764
23 35 0 8 0.00782797113061
27 48 0 8 0.00782358460128
12 32 0 8 0.00777063658461
11 38 0 8 0.00773702422157
14 46 0 8 0.00771543011069
17 28 0 8 0.00771277304739
26 42 0 8 0.00770436227322
29 40 0 8 0.00769656524062
14 48 0 8 0.00769566185772
3 10 0 8 0.00766096077859
20 49 0 8 0.00766067858785
26 49 0 8 0.00764655461535
2 10 0 8 0.00763064622879
23 44 0 8 0.00753465481102
32 46 0 8 0.00752632925287
1 43 0 8 0.00752614764497
21 46 0 8 0.00751498667523
11 28 0 8 0.0074821212329
18 25 0 8 0.00747657055035
40 48 0 8 0.00746437301859
12 33 0 8 0.00744458055124
18 46 0 8 0.00742533244193
13 25 0 8 0.00734667852521
6 31 0 8 0.00734551390633
8 41 0 8 0.00733106024563
27 49 0 8 0.00732791330665
2 12 0 8 0.00726905511692
7 30 0 8 0.00725729623809
18 49 0 8 0.00718982517719
30 43 0 8 0.00714729493484
26 37 0 8 0.00712150940672
10 47 0 8 0.00710075395182
2 25 0 8 0.00709269987419
20 50 0 8 0.00707893166691
3 31 0 8 0.00706220651045
15 42 0 8 0.00696658203378
14 50 0 8 0.00693134451285
23 39 0 8 0.00690138339996
34 44 0 8 0.00689723761752
11 42 0 8 0.00689226435497
3 14 0 8 0.00688420748338
30 47 0 8 0.00687966775149
38 45 0 8 0.00686210719869
6 49 0 8 0.00683736661449
4 29 0 8 0.00683623319492
27 44 0 8 0.00682946713641
5 41 0 8 0.00679969834164
10 29 0 8 0.00674049323425
2 28 0 8 0.00673430552706
36 45 0 8 0.00673236977309
6 48 0 8 0.00672907056287
3 29 0 8 0.00671415217221
12 36 0 8 0.00670342519879
15 34 0 8 0.00670341541991
13 35 0 8 0.00669945403934
5 40 0 8 0.00667899940163
12 19 0 8 0.00667430646718
14 49 0 8 0.00667001167312
28 48 0 8 0.00665560783818
1 30 0 8 0.00658693164587
19 31 0 8 0.00656425254419
6 35 0 8 0.00648544216529
18 50 0 8 0.00644211191684
11 48 0 8 0.00639581354335
9 50 0 8 0.00638545537367
23 38 0 8 0.00637473585084
26 31 0 8 0.00631569325924
20 46 0 8 0.00631004013121
12 37 0 8 0.00630556885153
17 48 0 8 0.00629622349516
40 47 0 8 0.00625368673354
16 32 0 8 0.00625255191699
19 38 0 8 0.00615254277363
35 44 0 8 0.00612394185737
33 42 0 8 0.0061213336885
19 34 0 8 0.00606548879296
13 45 0 8 0.00605063000694
30 49 0 8 0.00603959383443
23 45 0 8 0.00602965150028
5 28 0 8 0.00597781362012
19 41 0 8 0.00596684124321
2 26 0 8 0.00596399093047
22 42 0 8 0.00585853029042
29 47 0 8 0.00582861807197
10 49 0 8 0.00581148732454
13 22 0 8 0.00579735450447
6 33 0 8 0.00578206079081
9 48 0 8 0.00577409239486
26 34 0 8 0.00576385250315
35 42 0 8 0.00575966201723
20 29 0 8 0.00575192598626
10 15 0 8 0.00574300764129
7 47 0 8 0.0057219825685
31 44 0 8 0.00560129666701
18 29 0 8 0.00557941710576
9 30 0 8 0.00556428357959
15 44 0 8 0.00555672403425
26 39 0 8 0.00554865086451
22 45 0 8 0.00554794352502
14 27 0 8 0.00554093159735
17 30 0 8 0.00551837589592
41 50 0 8 0.00545835541561
13 33 0 8 0.00544300116599
34 45 0 8 0.00543420063332
32 50 0 8 0.00541332969442
24 31 0 8 0.00541247986257
10 30 0 8 0.00540708983317
21 37 0 8 0.00539648393169
5 24 0 8 0.00537172518671
11 46 0 8 0.00536868348718
7 29 0 8 0.00531614990905
13 19 0 8 0.00528518017381
33 46 0 8 0.00525234732777
3 21 0 8 0.00524374935776
13 29 0 8 0.00524178193882
23 34 0 8 0.00519463606179
20 30 0 8 0.00515439035371
26 36 0 8 0.00513974996284
22 29 0 8 0.00512682180852
19 32 0 8 0.00511213298887
16 50 0 8 0.00510607846081
24 33 0 8 0.00506165996194
9 14 0 8 0.00505874305964
21 38 0 8 0.00504906801507
12 40 0 8 0.00500743510202
18 28 0 8 0.00499303732067
8 13 0 8 0.00499273370951
11 35 0 8 0.00495553482324
29 48 0 8 0.00494233611971
17 29 0 8 0.00492791365832
7 39 0 8 0.00492321141064
2 13 0 8 0.00489493319765
26 43 0 8 0.00486378092319
15 33 0 8 0.00484049879014
22 41 0 8 0.00482852756977
6 46 0 8 0.00474510993809
7 35 0 8 0.00472298217937
20 28 0 8 0.00470657180995
31 48 0 8 0.0046792854555
20 38 0 8 0.00467097153887
10 33 0 8 0.00464729126543
14 23 0 8 0.00464614666998
9 33 0 8 0.00463861972094
25 33 0 8 0.00463478593156
39 50 0 8 0.0046275081113
7 31 0 8 0.00462360680103
20 43 0 8 0.0046083079651
23 42 0 8 0.00459692813456
26 48 0 8 0.00458773830906
12 41 0 8 0.00456459913403
34 46 0 8 0.00455477507785
26 35 0 8 0.00453650625423
13 36 0 8 0.00452758464962
14 28 0 8 0.00452039949596
33 44 0 8 0.00449040671811
16 29 0 8 0.00445889355615
10 24 0 8 0.0044518020004
38 46 0 8 0.00444727111608
26 46 0 8 0.00437480350956
1 25 0 8 0.00437270430848
1 14 0 8 0.00436638947576
18 31 0 8 0.00434361118823
30 50 0 8 0.00434251595289
10 28 0 8 0.00429621478543
33 43 0 8 0.00428468501195
38 50 0 8 0.00423210812733
11 23 0 8 0.00423165597022
5 13 0 8 0.00419914023951
28 50 0 8 0.00419067079201
17 49 0 8 0.004180919379
1 19 0 8 0.00415933970362
23 28 0 8 0.00415230635554
25 42 0 8 0.00411310838535
6 30 0 8 0.00410298118368
39 48 0 8 0.00408639060333
21 28 0 8 0.00407766969875
15 45 0 8 0.00407218700275
7 48 0 8 0.00407115835696
23 40 0 8 0.00407063681632
16 45 0 8 0.00406484492123
31 50 0 8 0.00405226461589
10 19 0 8 0.00403227098286
31 49 0 8 0.00402856711298
32 48 0 8 0.00401067268103
7 42 0 8 0.00400237785652
25 41 0 8 0.00399597920477
14 31 0 8 0.00395176233724
22 39 0 8 0.00393563183025
11 16 0 8 0.00393107486889
9 23 0 8 0.00392635772005
5 45 0 8 0.00391426216811
10 36 0 8 0.00391350546852
10 35 0 8 0.00390330096707
1 16 0 8 0.00389666203409
6 39 0 8 0.00389214465395
18 42 0 8 0.00384426186793
34 48 0 8 0.00379360863008
30 44 0 8 0.00377706927247
6 40 0 8 0.00376556394622
13 18 0 8 0.0037608302664
4 23 0 8 0.0037422424648
21 39 0 8 0.00373705849051
3 15 0 8 0.0037111453712
33 50 0 8 0.00369807961397
41 48 0 8 0.00368988397531
7 38 0 8 0.00367235555314
25 30 0 8 0.0036710316781
16 41 0 8 0.00365885370411
20 42 0 8 0.00365363387391
29 46 0 8 0.00363930151798
8 23 0 8 0.00363604910672
17 43 0 8 0.00358110223897
3 19 0 8 0.00356522668153
11 36 0 8 0.00355676515028
7 18 0 8 0.00350026041269
36 43 0 8 0.00349792442285
14 34 0 8 0.00349466805346
37 49 0 8 0.00345786684193
18 44 0 8 0.00344238383695
32 44 0 8 0.00343399727717
15 29 0 8 0.00341987842694
22 36 0 8 0.00339969992638
18 48 0 8 0.00338854780421
35 48 0 8 0.00338234100491
31 45 0 8 0.00333716534078
1 26 0 8 0.00332477036864
6 36 0 8 0.00332454429008
3 28 0 8 0.00331971934065
11 37 0 8 0.00329714966938
29 42 0 8 0.00327623379417
33 45 0 8 0.00327318627387
29 49 0 8 0.00327075249515
26 44 0 8 0.00325349462219
7 40 0 8 0.00324576441199
1 15 0 8 0.00324447499588
30 48 0 8 0.00324244471267
6 43 0 8 0.00322779268026
8 29 0 8 0.00321688340046
15 25 0 8 0.00319141196087
6 22 0 8 0.00317803327926
19 37 0 8 0.0031727401074
12 29 0 8 0.00314614223316
18 43 0 8 0.00312829227187
7 36 0 8 0.0031039272435
32 49 0 8 0.00309820612893
17 42 0 8 0.00307802436873
17 46 0 8 0.00307030696422
20 44 0 8 0.00306467688642
2 27 0 8 0.00305703352205
4 25 0 8 0.00305694760755
7 46 0 8 0.00304564647377
10 42 0 8 0.00297520798631
15 40 0 8 0.00296110939234
6 24 0 8 0.00294794770889
10 27 0 8 0.00289327767678
14 42 0 8 0.00288152485155
24 30 0 8 0.00286988494918
3 18 0 8 0.00285757053643
36 50 0 8 0.00285711255856
1 29 0 8 0.00282659614459
34 50 0 8 0.00281705125235
5 29 0 8 0.00276567647234
5 27 0 8 0.0027625572402
7 43 0 8 0.00273736123927
30 45 0 8 0.00267306459136
10 43 0 8 0.00267280777916
18 45 0 8 0.00266485242173
35 49 0 8 0.00265889521688
10 37 0 8 0.00264735263772
17 33 0 8 0.00261438032612
5 12 0 8 0.00259581557475
6 42 0 8 0.00256793387234
11 29 0 8 0.00255756010301
8 44 0 8 0.00253918883391
19 35 0 8 0.00253354548477
39 46 0 8 0.00252870586701
7 37 0 8 0.00252027180977
14 25 0 8 0.00251813326031
2 14 0 8 0.00249037053436
9 29 0 8 0.00248086615466
1 22 0 8 0.00243804045022
28 45 0 8 0.00242547737435
23 30 0 8 0.00242428900674
21 42 0 8 0.0023959283717
14 22 0 8 0.0023954634089
6 29 0 8 0.00238984078169
36 49 0 8 0.00236704386771
4 14 0 8 0.00236076000147
22 28 0 8 0.00235784403048
10 38 0 8 0.00235633249395
6 18 0 8 0.00235619791783
29 41 0 8 0.00235329102725
36 47 0 8 0.00234103878029
14 43 0 8 0.00231526396237
16 35 0 8 0.00231000059284
6 14 0 8 0.00230619125068
29 43 0 8 0.00229980284348
19 36 0 8 0.00229941657744
15 41 0 8 0.00228404370137
6 37 0 8 0.00227168970741
12 17 0 8 0.00226708268747
1 18 0 8 0.0022637383081
7 14 0 8 0.00225903443061
6 41 0 8 0.0022332710214
13 40 0 8 0.00223129242659
34 47 0 8 0.00221436587162
8 14 0 8 0.00220451923087
26 45 0 8 0.00220346008427
15 36 0 8 0.00219798088074
13 41 0 8 0.00216117408127
14 33 0 8 0.00212744669989
26 41 0 8 0.00211093691178
10 46 0 8 0.00210975506343
7 26 0 8 0.00209920154884
15 35 0 8 0.00207925238647
6 25 0 8 0.0020727769006
26 40 0 8 0.0020655291155
2 15 0 8 0.00202371482737
11 25 0 8 0.00200161617249
20 39 0 8 0.00199134484865
26 33 0 8 0.00197716802359
22 37 0 8 0.00196717912331
24 32 0 8 0.00195179448929
6 26 0 8 0.00194815197028
27 45 0 8 0.00193902151659
17 32 0 8 0.00193079560995
35 45 0 8 0.00192365795374
22 34 0 8 0.00191300257575
5 11 0 8 0.00190508447122
37 50 0 8 0.00190425966866
20 41 0 8 0.0018631091807
7 44 0 8 0.00185101607349
20 37 0 8 0.00183773087338
7 23 0 8 0.00183404434938
33 48 0 8 0.00180667673703
21 32 0 8 0.00179828098044
11 40 0 8 0.00179607816972
10 18 0 8 0.001790852868
21 29 0 8 0.00177404319402
13 37 0 8 0.00177332072053
36 48 0 8 0.00176748074591
10 39 0 8 0.0017620860599
7 27 0 8 0.00175474805292
21 45 0 8 0.00174240139313
5 25 0 8 0.00172839872539
3 16 0 8 0.0017235702835
8 15 0 8 0.00170633557718
20 45 0 8 0.00170159130357
2 19 0 8 0.00169780792203
11 18 0 8 0.00168949807994
37 47 0 8 0.00168456160463
2 17 0 8 0.00167123787105
12 21 0 8 0.00166902213823
11 44 0 8 0.00165266625118
11 45 0 8 0.00163359835278
38 44 0 8 0.00162804580759
3 20 0 8 0.00162464135792
16 37 0 8 0.0016105689574
3 17 0 8 0.00159929681104
9 44 0 8 0.00159790867474
37 43 0 8 0.0015907343477
4 18 0 8 0.00158130051568
10 45 0 8 0.00157944054808
2 22 0 8 0.00155237317085
7 41 0 8 0.00154840934556
33 49 0 8 0.00154369918164
12 22 0 8 0.00152441626415
21 31 0 8 0.00150470575318
11 19 0 8 0.00148961530067
22 31 0 8 0.001487689442
6 23 0 8 0.00148274865933
23 31 0 8 0.00148218462709
2 18 0 8 0.00146922178101
21 33 0 8 0.001468746108
7 12 0 8 0.00146170833614
11 41 0 8 0.00143478659447
2 20 0 8 0.00142555660568
16 33 0 8 0.00142278370913
11 22 0 8 0.00140717555769
18 32 0 8 0.00138041446917
17 38 0 8 0.00135080947075
21 36 0 8 0.00135004101321
29 44 0 8 0.00132138223853
20 31 0 8 0.00131378509104
9 26 0 8 0.00130691484082
7 24 0 8 0.00130100583192
9 16 0 8 0.00129893992562
8 22 0 8 0.00129739928525
2 21 0 8 0.00129411648959
5 23 0 8 0.00128316238988
8 16 0 8 0.00123639206868
18 40 0 8 0.00123574561439
22 32 0 8 0.00121058954392
13 21 0 8 0.00120184326079
10 44 0 8 0.00118040293455
13 20 0 8 0.00117545353714
10 25 0 8 0.00117495760787
4 22 0 8 0.00116740330122
1 17 0 8 0.00116346729919
32 45 0 8 0.00116160407197
17 45 0 8 0.00116056331899
7 15 0 8 0.00115457421634
16 36 0 8 0.00115120434202
14 38 0 8 0.00112623209134
18 41 0 8 0.00111650815234
23 33 0 8 0.0011131745996
9 25 0 8 0.0011095632799
14 35 0 8 0.00109411706217
14 39 0 8 0.0010797920404
17 31 0 8 0.00106690323446
18 34 0 8 0.00106275023427
4 21 0 8 0.00105969503056
29 45 0 8 0.00105865974911
21 34 0 8 0.00103683571797
8 20 0 8 0.00103017769288
14 40 0 8 0.00102884240914
8 25 0 8 0.00102114665788
15 37 0 8 0.00101729214657
5 19 0 8 0.00101624696981
17 34 0 8 0.00101290736347
9 15 0 8 0.00100812886376
6 13 0 8 0.00100721931085
22 35 0 8 0.00100170762744
18 33 0 8 0.00099768594373
14 45 0 8 0.000989930122159
14 20 0 8 0.000983953010291
7 45 0 8 0.000971251749434
6 45 0 8 0.000964175036643
11 20 0 8 0.000941302045248
7 28 0 8 0.0009287550929
9 19 0 8 0.000926862063352
10 17 0 8 0.000899317441508
12 20 0 8 0.0008990180213
4 20 0 8 0.00089654547628
25 32 0 8 0.000890266615897
7 22 0 8 0.000860518834088
18 38 0 8 0.000853602192365
7 17 0 8 0.000848197552841
23 32 0 8 0.000846559181809
5 16 0 8 0.000836868246552
10 22 0 8 0.000826078932732
19 33 0 8 0.000825056631584
11 21 0 8 0.000824440852739
10 23 0 8 0.000820372486487
6 27 0 8 0.000816709653009
10 40 0 8 0.000810691679362
20 36 0 8 0.000807065167464
33 47 0 8 0.000803760311101
11 17 0 8 0.000802786322311
18 39 0 8 0.000799163535703
25 31 0 8 0.000784853706136
7 25 0 8 0.00078398140613
17 39 0 8 0.000783946597949
5 14 0 8 0.000780820148066
6 44 0 8 0.000776995322667
6 15 0 8 0.000763893360272
2 16 0 8 0.000754485488869
10 41 0 8 0.000745114928577
21 35 0 8 0.000740294286516
14 44 0 8 0.000738257251214
20 34 0 8 0.000738036702387
18 37 0 8 0.0007282710867
17 40 0 8 0.000724961515516
10 21 0 8 0.000712645996828
5 20 0 8 0.000673452625051
10 16 0 8 0.000659878656734
14 41 0 8 0.000655629730318
9 21 0 8 0.000648984045256
14 37 0 8 0.000636552693322
18 36 0 8 0.000619236088824
17 41 0 8 0.000616246368736
5 26 0 8 0.000614456424955
8 19 0 8 0.000613061885815
20 35 0 8 0.00061146763619
20 32 0 8 0.000603549997322
5 22 0 8 0.000570786127355
9 20 0 8 0.000564097776078
10 20 0 8 0.000563251611311
14 36 0 8 0.000562011497095
17 35 0 8 0.000557203078642
18 35 0 8 0.00054952816572
7 13 0 8 0.000525901268702
1 21 0 8 0.000505868403707
14 21 0 8 0.000480050512124
9 18 0 8 0.000468372512842
8 18 0 8 0.000465297343908
6 12 0 8 0.000454505207017
4 17 0 8 0.000428466679296
6 28 0 8 0.000425766251283
6 21 0 8 0.000422010547481
6 17 0 8 0.000408534921007
12 18 0 8 0.000402232864872
8 17 0 8 0.000384682061849
17 37 0 8 0.000367398606613
6 20 0 8 0.000361281679943
9 22 0 8 0.000336653087288
23 29 0 8 0.000336275203153
5 15 0 8 0.000327721762005
7 21 0 8 0.000326610723278
17 36 0 8 0.000314502423862
9 17 0 8 0.000306675792672
7 19 0 8 0.000287637871224
7 16 0 8 0.000263419089606
5 21 0 8 0.000243841917836
20 33 0 8 0.000242369133048
5 17 0 8 0.000227343596634
6 19 0 8 0.000223385257414
6 16 0 8 0.000221892958507
8 21 0 8 0.000221161710215
7 20 0 8 0.000168237093021
5 18 0 8 0.000166772791999
