9 10 0 8 0.999998688698
50 51 0 8 0.999997854233
51 52 0 8 0.999997079372
8 9 0 8 0.999996840954
1 2 0 8 0.999995946884
14 15 0 8 0.999994695187
43 44 0 8 0.999992668629
18 19 0 8 0.999991714954
2 3 0 8 0.999988794327
17 18 0 8 0.999988555908
34 35 0 8 0.99998819828
7 8 0 8 0.999988138676
16 17 0 8 0.99998742342
10 11 0 8 0.999985933304
35 36 0 8 0.999985635281
13 14 0 8 0.999984204769
3 4 0 8 0.999983727932
12 13 0 8 0.999982953072
19 20 0 8 0.999980449677
22 23 0 8 0.99997985363
44 45 0 8 0.999978005886
24 25 0 8 0.999971926212
11 12 0 8 0.999967038631
20 21 0 8 0.999966561794
15 16 0 8 0.999966323376
32 33 0 8 0.999963343143
6 7 0 8 0.999959588051
21 22 0 8 0.999953687191
36 37 0 8 0.999940216541
45 46 0 8 0.9999371171
31 32 0 8 0.999927699566
42 43 0 8 0.999921321869
33 34 0 8 0.999919474125
27 28 0 8 0.99990606308
39 40 0 8 0.999899566174
25 26 0 8 0.999890327454
30 31 0 8 0.999887764454
49 50 0 8 0.999876320362
46 47 0 8 0.999857962132
28 29 0 8 0.999837577343
38 39 0 8 0.999835550785
26 27 0 8 0.999831974506
47 48 0 8 0.999787390232
4 5 0 8 0.999748408794
29 30 0 8 0.999738931656
41 42 0 8 0.999716341496
34 36 0 8 0.999680876732
40 41 0 8 0.999599695206
48 49 0 8 0.999561607838
23 24 0 8 0.999558806419
23 25 0 8 0.999202311039
37 38 0 8 0.999199151993
5 6 0 8 0.998608231544
43 45 0 8 0.997297525406
11 13 0 8 0.990071117878
9 11 0 8 0.986848890781
14 16 0 8 0.98665368557
35 37 0 8 0.985397994518
12 14 0 8 0.980090022087
36 39 0 8 0.977156400681
8 10 0 8 0.976013541222
16 18 0 8 0.975665748119
10 12 0 8 0.974250674248
15 17 0 8 0.973267674446
13 15 0 8 0.970276415348
11 14 0 8 0.967531144619
7 9 0 8 0.966374754906
31 33 0 8 0.963992595673
7 10 0 8 0.963101744652
8 11 0 8 0.96119260788
14 17 0 8 0.961092531681
12 15 0 8 0.96032512188
35 39 0 8 0.960272490978
10 13 0 8 0.959352076054
15 18 0 8 0.955989956856
17 19 0 8 0.953409552574
34 37 0 8 0.953386306763
35 38 0 8 0.951412141323
44 46 0 8 0.946009993553
14 18 0 8 0.945907354355
28 30 0 8 0.945096790791
48 50 0 8 0.939944684505
36 38 0 8 0.937277257442
45 47 0 8 0.934679985046
37 39 0 8 0.933338880539
13 16 0 8 0.932026743889
23 26 0 8 0.931406855583
14 27 0 8 0.928394556046
9 12 0 8 0.928369879723
11 15 0 8 0.924875378609
18 20 0 8 0.924264550209
28 31 0 8 0.924100041389
30 32 0 8 0.921855688095
14 38 0 8 0.920878887177
36 40 0 8 0.917905271053
44 47 0 8 0.917823195457
17 20 0 8 0.917509973049
10 14 0 8 0.914292633533
6 10 0 8 0.912566423416
13 17 0 8 0.909834861755
46 48 0 8 0.909119129181
19 21 0 8 0.908869743347
16 19 0 8 0.908800542355
7 11 0 8 0.905369997025
14 42 0 8 0.90461820364
26 28 0 8 0.904183864594
29 32 0 8 0.900424778461
12 16 0 8 0.895626842976
27 31 0 8 0.89217042923
22 26 0 8 0.890894830227
15 19 0 8 0.890517711639
37 40 0 8 0.888925731182
33 37 0 8 0.887706756592
18 21 0 8 0.885723590851
18 47 0 8 0.878600358963
29 31 0 8 0.878396511078
43 46 0 8 0.877768337727
27 29 0 8 0.877700686455
39 41 0 8 0.875813901424
47 49 0 8 0.875615596771
26 29 0 8 0.873241603374
24 26 0 8 0.870169222355
37 41 0 8 0.863064229488
27 30 0 8 0.859170138836
9 13 0 8 0.857736647129
24 27 0 8 0.847814083099
25 29 0 8 0.847525000572
38 40 0 8 0.846038103104
33 38 0 8 0.844068050385
34 38 0 8 0.841618061066
14 31 0 8 0.835776031017
26 30 0 8 0.828665554523
16 20 0 8 0.828018844128
24 39 0 8 0.826540112495
20 22 0 8 0.82038885355
28 33 0 8 0.812321484089
43 47 0 8 0.812110006809
8 12 0 8 0.811424136162
17 30 0 8 0.808501243591
25 28 0 8 0.808399021626
24 42 0 8 0.807832658291
39 42 0 8 0.806960225105
50 52 0 8 0.805845022202
2 4 0 8 0.804084002972
40 42 0 8 0.798069179058
25 27 0 8 0.794866919518
1 3 0 8 0.79386484623
49 51 0 8 0.792417705059
44 48 0 8 0.789111852646
28 38 0 8 0.788101971149
11 41 0 8 0.784884750843
17 27 0 8 0.782698810101
6 31 0 8 0.778270184994
42 46 0 8 0.77700561285
3 5 0 8 0.774163246155
28 35 0 8 0.769146978855
45 48 0 8 0.768962442875
17 22 0 8 0.764753103256
21 23 0 8 0.754154384136
38 41 0 8 0.750632703304
23 27 0 8 0.749177396297
38 42 0 8 0.747219443321
27 38 0 8 0.744736969471
24 28 0 8 0.743637621403
6 11 0 8 0.741363465786
17 21 0 8 0.736112236977
42 44 0 8 0.735551774502
28 32 0 8 0.734542131424
47 50 0 8 0.72725725174
6 33 0 8 0.717167973518
10 31 0 8 0.716825783253
6 41 0 8 0.716745376587
13 31 0 8 0.716740250587
18 22 0 8 0.710518538952
4 6 0 8 0.70096039772
17 31 0 8 0.694921255112
18 46 0 8 0.689457476139
32 34 0 8 0.677315592766
14 41 0 8 0.676202654839
45 49 0 8 0.668548464775
22 27 0 8 0.668328285217
25 35 0 8 0.664779663086
48 51 0 8 0.647863209248
46 50 0 8 0.638480484486
40 44 0 8 0.621367156506
18 42 0 8 0.620972633362
46 49 0 8 0.617172777653
22 30 0 8 0.611479401588
24 38 0 8 0.597101330757
39 43 0 8 0.590966284275
15 42 0 8 0.582224011421
18 24 0 8 0.559450805187
5 7 0 8 0.558033108711
24 35 0 8 0.550342977047
27 42 0 8 0.545382857323
6 37 0 8 0.537074148655
33 41 0 8 0.530431449413
33 35 0 8 0.527904272079
47 51 0 8 0.522548496723
6 8 0 8 0.502003610134
10 41 0 8 0.490188777447
10 33 0 8 0.481312483549
31 38 0 8 0.463002502918
18 45 0 8 0.451567590237
18 27 0 8 0.446165204048
6 14 0 8 0.434526413679
29 33 0 8 0.426266103983
49 52 0 8 0.414465248585
28 34 0 8 0.410782516003
40 43 0 8 0.381633341312
42 47 0 8 0.358962625265
22 24 0 8 0.349474459887
30 33 0 8 0.345178812742
48 52 0 8 0.311524569988
24 47 0 8 0.309188276529
18 38 0 8 0.282323598862
10 44 0 8 0.27918830514
25 39 0 8 0.277858018875
15 47 0 8 0.268566638231
36 43 0 8 0.268415778875
29 35 0 8 0.252774059772
19 45 0 8 0.240424707532
41 43 0 8 0.232100471854
15 45 0 8 0.210588023067
31 42 0 8 0.205510765314
24 36 0 8 0.191649720073
17 24 0 8 0.188089340925
28 37 0 8 0.176542177796
2 5 0 8 0.176272496581
14 45 0 8 0.173564359546
3 6 0 8 0.172000512481
21 24 0 8 0.166323184967
21 26 0 8 0.161923244596
7 41 0 8 0.154881164432
1 4 0 8 0.153770774603
18 23 0 8 0.152948364615
6 34 0 8 0.152432695031
17 23 0 8 0.14718362689
19 47 0 8 0.147031575441
14 33 0 8 0.146478921175
41 44 0 8 0.143355414271
5 44 0 8 0.141246750951
41 45 0 8 0.137899711728
11 42 0 8 0.137147918344
42 45 0 8 0.134285733104
34 40 0 8 0.131431818008
10 48 0 8 0.128813996911
18 26 0 8 0.126082479954
3 11 0 8 0.12603597343
6 9 0 8 0.12573069334
5 10 0 8 0.125591993332
7 44 0 8 0.122751429677
6 42 0 8 0.122061729431
17 26 0 8 0.121549084783
13 30 0 8 0.120826810598
3 34 0 8 0.119471974671
11 44 0 8 0.115548372269
2 6 0 8 0.114475235343
31 41 0 8 0.113560698926
5 41 0 8 0.112363085151
31 37 0 8 0.108956091106
25 36 0 8 0.107582472265
39 46 0 8 0.106962390244
23 35 0 8 0.105491839349
46 51 0 8 0.101184293628
20 26 0 8 0.100806504488
19 22 0 8 0.100633524358
16 30 0 8 0.0973127782345
9 41 0 8 0.0951334163547
1 5 0 8 0.0942472442985
4 7 0 8 0.0900694429874
27 45 0 8 0.0840784832835
4 44 0 8 0.0837181583047
13 41 0 8 0.0830108374357
19 46 0 8 0.0821098461747
27 33 0 8 0.0810316056013
15 41 0 8 0.0802945196629
22 42 0 8 0.0801974236965
20 30 0 8 0.0797567367554
14 47 0 8 0.0789791494608
3 7 0 8 0.0785522684455
24 40 0 8 0.0758297219872
22 25 0 8 0.0749657452106
18 25 0 8 0.0745143666863
32 37 0 8 0.074512951076
32 35 0 8 0.0744507312775
35 40 0 8 0.0742006227374
47 52 0 8 0.0739701315761
18 28 0 8 0.0731356218457
28 36 0 8 0.0729592218995
18 40 0 8 0.0719844475389
29 34 0 8 0.0719619467854
39 44 0 8 0.0701748877764
15 46 0 8 0.0700065270066
25 40 0 8 0.0699135884643
31 34 0 8 0.0692292377353
4 10 0 8 0.0683798789978
33 36 0 8 0.0678476542234
18 51 0 8 0.0661995410919
45 50 0 8 0.0652579069138
21 27 0 8 0.0622365139425
21 25 0 8 0.0614015720785
44 49 0 8 0.0604201778769
5 8 0 8 0.060231551528
30 34 0 8 0.0601679496467
4 8 0 8 0.0598129704595
11 31 0 8 0.058789614588
9 33 0 8 0.0586471110582
13 33 0 8 0.0575442016125
20 27 0 8 0.0544225610793
30 38 0 8 0.0542142875493
45 51 0 8 0.0534874685109
6 38 0 8 0.0532228685915
14 28 0 8 0.0527735315263
15 50 0 8 0.0523395091295
17 28 0 8 0.0521562807262
1 6 0 8 0.0514938831329
18 31 0 8 0.050330426544
17 25 0 8 0.0500428713858
34 39 0 8 0.048802126199
27 41 0 8 0.0483007468283
19 42 0 8 0.0478178188205
29 37 0 8 0.0475084595382
5 37 0 8 0.0473918914795
23 28 0 8 0.0473597422242
4 32 0 8 0.0471377968788
4 11 0 8 0.0469184108078
39 50 0 8 0.0467934608459
14 44 0 8 0.0456189736724
40 47 0 8 0.0445454195142
27 51 0 8 0.044414550066
10 32 0 8 0.0439714379609
36 51 0 8 0.0436659827828
5 11 0 8 0.0434903949499
5 31 0 8 0.0428248234093
30 37 0 8 0.0426527187228
28 39 0 8 0.0423489585519
37 42 0 8 0.0420784726739
6 40 0 8 0.0416327305138
2 7 0 8 0.0415221601725
6 45 0 8 0.0410782732069
42 50 0 8 0.0410182848573
5 33 0 8 0.0406720563769
24 41 0 8 0.0400448925793
23 42 0 8 0.0399560406804
14 37 0 8 0.038898255676
27 37 0 8 0.0386535562575
27 32 0 8 0.038059681654
32 36 0 8 0.0374501347542
24 45 0 8 0.0367754213512
2 43 0 8 0.0367512814701
22 38 0 8 0.0364841073751
3 37 0 8 0.0363989509642
24 46 0 8 0.0363321863115
4 43 0 8 0.0359118543565
5 48 0 8 0.0357349254191
3 35 0 8 0.0354258082807
18 41 0 8 0.035161100328
22 46 0 8 0.0348979271948
38 43 0 8 0.0348794423044
23 29 0 8 0.0347656048834
14 24 0 8 0.0344064831734
21 43 0 8 0.0342345014215
7 50 0 8 0.0342122539878
37 44 0 8 0.034089975059
2 10 0 8 0.0336186662316
6 27 0 8 0.0334081798792
5 9 0 8 0.0332874879241
20 23 0 8 0.0329448804259
2 14 0 8 0.032922104001
3 10 0 8 0.0321726389229
6 13 0 8 0.0316545218229
18 44 0 8 0.0313338935375
14 51 0 8 0.0313110202551
3 44 0 8 0.0311649590731
31 35 0 8 0.0311453491449
32 38 0 8 0.030746942386
44 50 0 8 0.0306792668998
37 43 0 8 0.0305052958429
24 43 0 8 0.0304609071463
24 37 0 8 0.0297310352325
39 47 0 8 0.0294508878142
19 30 0 8 0.0287106428295
18 43 0 8 0.0286722760648
19 26 0 8 0.0282960552722
14 26 0 8 0.0281401146203
15 43 0 8 0.0277704875916
4 13 0 8 0.0274434275925
11 32 0 8 0.0272043608129
22 45 0 8 0.0255196504295
38 44 0 8 0.0252705290914
29 38 0 8 0.0248754862696
2 20 0 8 0.0247153546661
5 34 0 8 0.0244628414512
28 42 0 8 0.0243548899889
5 32 0 8 0.0243076756597
3 42 0 8 0.0242243651301
20 24 0 8 0.0234903972596
26 42 0 8 0.0230174716562
5 40 0 8 0.0226708948612
4 34 0 8 0.0226461440325
3 8 0 8 0.0223831012845
4 9 0 8 0.022365026176
3 14 0 8 0.0222338233143
3 33 0 8 0.0222238525748
6 32 0 8 0.022126769647
1 40 0 8 0.0219535417855
16 22 0 8 0.0218018461019
23 52 0 8 0.0217434894294
3 9 0 8 0.0217374134809
6 36 0 8 0.0215504188091
35 46 0 8 0.0215463638306
9 31 0 8 0.02139942348
21 30 0 8 0.0213775448501
2 8 0 8 0.0210271347314
2 42 0 8 0.0210006050766
21 44 0 8 0.0209868457168
28 41 0 8 0.0209397636354
27 47 0 8 0.0208341777325
17 29 0 8 0.0207201950252
4 35 0 8 0.0205766987056
18 33 0 8 0.0205716695637
41 46 0 8 0.0205663181841
26 45 0 8 0.0205613579601
11 48 0 8 0.0205610450357
16 26 0 8 0.0205079130828
40 46 0 8 0.0205014478415
4 42 0 8 0.0204758178443
5 43 0 8 0.0204400699586
43 48 0 8 0.0203687027097
10 50 0 8 0.0203593596816
6 44 0 8 0.0202617309988
25 37 0 8 0.0202116239816
4 37 0 8 0.0201927423477
5 42 0 8 0.0200527906418
24 51 0 8 0.0199841149151
27 35 0 8 0.0198889523745
2 11 0 8 0.0198676027358
22 28 0 8 0.0197463296354
15 24 0 8 0.0197093598545
19 44 0 8 0.0196733456105
19 43 0 8 0.0195537600666
2 13 0 8 0.0195226334035
36 41 0 8 0.0195224881172
19 23 0 8 0.0194661747664
4 36 0 8 0.0194553472102
3 31 0 8 0.0193909537047
42 51 0 8 0.019380306825
2 30 0 8 0.0193410832435
14 30 0 8 0.0192858837545
23 47 0 8 0.0192128047347
2 34 0 8 0.019059099257
3 40 0 8 0.0190438162535
3 32 0 8 0.0190224926919
15 28 0 8 0.0189864542335
20 46 0 8 0.0189765188843
16 21 0 8 0.0189422890544
6 30 0 8 0.0188903734088
27 44 0 8 0.0187701191753
23 36 0 8 0.0187620576471
3 29 0 8 0.0186939183623
18 39 0 8 0.0186258032918
2 9 0 8 0.0186182595789
32 44 0 8 0.0185782574117
21 46 0 8 0.018572660163
3 27 0 8 0.0184621922672
4 41 0 8 0.018399162218
5 36 0 8 0.0182974394411
2 36 0 8 0.0182190686464
28 44 0 8 0.0180899277329
41 47 0 8 0.0180862471461
18 29 0 8 0.0179847851396
14 43 0 8 0.0178977623582
2 32 0 8 0.0177647005767
3 41 0 8 0.0176135785878
27 39 0 8 0.0173529796302
6 43 0 8 0.0173006467521
32 43 0 8 0.0172339398414
30 35 0 8 0.0172231774777
5 13 0 8 0.0171289984137
12 17 0 8 0.0171202104539
41 50 0 8 0.0169788077474
4 40 0 8 0.0169683117419
46 52 0 8 0.0168950464576
3 26 0 8 0.0168844368309
19 24 0 8 0.0168184097856
25 47 0 8 0.0167804546654
37 51 0 8 0.016761559993
25 44 0 8 0.0167093090713
15 27 0 8 0.016602627933
8 40 0 8 0.0165140386671
13 27 0 8 0.0163762886077
2 26 0 8 0.0163684021682
1 41 0 8 0.0162151511759
6 35 0 8 0.0160126853734
11 38 0 8 0.0159500408918
4 33 0 8 0.0158573146909
34 41 0 8 0.0158365145326
35 47 0 8 0.0158322062343
27 34 0 8 0.0158234704286
2 44 0 8 0.0157909914851
2 29 0 8 0.0156837925315
22 29 0 8 0.0156234037131
5 38 0 8 0.0156202213839
1 8 0 8 0.015527209267
22 51 0 8 0.0155041068792
7 32 0 8 0.0154963927343
2 33 0 8 0.0154938688502
20 25 0 8 0.0154866036028
2 22 0 8 0.0154695855454
3 43 0 8 0.0154100758955
29 52 0 8 0.0153433103114
11 16 0 8 0.0152561208233
21 42 0 8 0.0151845989749
1 7 0 8 0.0151646453887
2 41 0 8 0.0151299899444
24 44 0 8 0.015089825727
33 44 0 8 0.0150835337117
14 25 0 8 0.015074532479
38 46 0 8 0.0149235771969
7 43 0 8 0.0148572195321
17 42 0 8 0.0148072754964
44 51 0 8 0.0146499918774
18 30 0 8 0.0146186165512
33 42 0 8 0.0145224984735
2 40 0 8 0.0145166637376
29 36 0 8 0.0143656702712
3 36 0 8 0.0143505949527
34 44 0 8 0.0143102435395
16 27 0 8 0.0143086826429
1 44 0 8 0.014228310436
30 42 0 8 0.0142033519223
15 44 0 8 0.0141607252881
21 29 0 8 0.0140786301345
7 12 0 8 0.013992279768
24 52 0 8 0.0139699960127
2 35 0 8 0.0139209888875
4 30 0 8 0.0139067787677
42 49 0 8 0.0138521073386
5 47 0 8 0.0137360142544
1 9 0 8 0.0137017928064
11 27 0 8 0.0136735001579
4 29 0 8 0.0136578250676
7 51 0 8 0.0136549472809
24 29 0 8 0.0136283012107
7 31 0 8 0.0136209568009
6 46 0 8 0.0135898571461
25 42 0 8 0.0135289020836
14 32 0 8 0.0135277882218
15 26 0 8 0.013277085498
19 27 0 8 0.0132239051163
17 33 0 8 0.0131826018915
5 35 0 8 0.0131732886657
10 37 0 8 0.0131705375388
3 13 0 8 0.0131265325472
34 46 0 8 0.013106552884
11 51 0 8 0.0130592072383
1 10 0 8 0.0129994209856
6 26 0 8 0.0129022654146
14 29 0 8 0.012848328799
14 34 0 8 0.0127919102088
26 38 0 8 0.012763290666
19 25 0 8 0.0127294482663
36 46 0 8 0.0127063374966
3 24 0 8 0.0126848267391
31 36 0 8 0.0126572661102
25 30 0 8 0.0126552516595
35 44 0 8 0.0125337317586
36 42 0 8 0.0125036099926
7 36 0 8 0.012481498532
23 46 0 8 0.0124779194593
2 49 0 8 0.0124063752592
13 32 0 8 0.0123649677262
8 32 0 8 0.0123246088624
5 46 0 8 0.0122803347185
4 47 0 8 0.0122766690329
31 39 0 8 0.0122705707327
33 39 0 8 0.0121732549742
4 26 0 8 0.0121424160898
23 48 0 8 0.0121103134006
27 36 0 8 0.0121095208451
43 49 0 8 0.0120461788028
3 30 0 8 0.0120184887201
25 43 0 8 0.011961097829
39 45 0 8 0.0119171328843
10 40 0 8 0.0119038326666
3 39 0 8 0.0119019597769
21 50 0 8 0.0118929687887
4 23 0 8 0.0118821589276
11 52 0 8 0.0118691828102
14 19 0 8 0.0118660954759
35 50 0 8 0.0118614509702
26 32 0 8 0.011841012165
15 20 0 8 0.0118057690561
26 31 0 8 0.0117524294183
9 34 0 8 0.0116984322667
23 44 0 8 0.0116461087018
8 41 0 8 0.0116404080763
19 32 0 8 0.0115868616849
14 39 0 8 0.0115558719262
2 47 0 8 0.0115342047065
28 40 0 8 0.0115075092763
23 39 0 8 0.0114924507216
7 33 0 8 0.0114029441029
6 12 0 8 0.0113748330623
21 45 0 8 0.0113307386637
14 35 0 8 0.0112966662273
3 47 0 8 0.0112412162125
26 37 0 8 0.0112319085747
7 35 0 8 0.0111898807809
2 46 0 8 0.0111534232274
15 31 0 8 0.0111045157537
10 15 0 8 0.0110762231052
1 33 0 8 0.0110701872036
36 47 0 8 0.0110611021519
2 27 0 8 0.0109984613955
21 37 0 8 0.0109568582848
29 47 0 8 0.0109161008149
10 38 0 8 0.0108844125643
27 43 0 8 0.0108121279627
27 46 0 8 0.0107890497893
1 42 0 8 0.010779298842
4 14 0 8 0.0107709737495
10 34 0 8 0.0107487626374
15 25 0 8 0.0107428273186
4 12 0 8 0.0107007725164
39 51 0 8 0.0106669431552
2 37 0 8 0.0106660174206
38 45 0 8 0.0106640402228
32 50 0 8 0.0106066707522
23 50 0 8 0.0105999233201
6 15 0 8 0.0105613311753
21 47 0 8 0.0104860235006
6 51 0 8 0.010481338948
20 51 0 8 0.0104544050992
42 48 0 8 0.0104393800721
5 50 0 8 0.010404936038
3 50 0 8 0.0104049155489
11 33 0 8 0.0103444587439
41 51 0 8 0.0103244297206
26 36 0 8 0.0102823600173
6 39 0 8 0.0102702351287
2 21 0 8 0.0102592874318
5 26 0 8 0.0102476347238
1 34 0 8 0.0102376379073
16 50 0 8 0.01022966858
26 44 0 8 0.0102185029536
29 40 0 8 0.0101025914773
8 45 0 8 0.01006213855
26 46 0 8 0.0100518465042
18 50 0 8 0.0100062508136
4 50 0 8 0.00998149160296
11 34 0 8 0.0099701276049
39 48 0 8 0.00994654651731
40 51 0 8 0.0099362405017
8 44 0 8 0.00993365142494
11 35 0 8 0.00993059389293
1 11 0 8 0.00989099126309
37 46 0 8 0.00983802322298
4 25 0 8 0.00983049161732
27 50 0 8 0.00980638060719
4 51 0 8 0.00979641266167
12 30 0 8 0.00979104358703
18 32 0 8 0.00979008711874
38 47 0 8 0.00976921059191
4 52 0 8 0.00973758008331
3 12 0 8 0.00969166122377
21 28 0 8 0.00967617332935
7 42 0 8 0.00966663658619
7 40 0 8 0.00961023755372
1 27 0 8 0.00959155615419
31 44 0 8 0.00958400871605
33 47 0 8 0.00958350580186
4 49 0 8 0.00953498762101
5 39 0 8 0.00951638910919
32 40 0 8 0.009511558339
3 49 0 8 0.00950794760138
4 39 0 8 0.00950284674764
21 51 0 8 0.00947793852538
6 50 0 8 0.00947576295584
26 47 0 8 0.00946818478405
2 23 0 8 0.0094621181488
5 45 0 8 0.00945297349244
31 45 0 8 0.00938083603978
40 45 0 8 0.00926129892468
18 34 0 8 0.00925690773875
40 50 0 8 0.00925282388926
8 48 0 8 0.00923698302358
5 51 0 8 0.00921905972064
15 33 0 8 0.0091802040115
22 31 0 8 0.00911426544189
1 35 0 8 0.00911110173911
3 25 0 8 0.00906776171178
11 43 0 8 0.00902388617396
21 32 0 8 0.00902226567268
3 38 0 8 0.00901522580534
18 36 0 8 0.00897666066885
23 51 0 8 0.00897234771401
30 47 0 8 0.00895537808537
2 52 0 8 0.00893016997725
23 37 0 8 0.00889614690095
30 41 0 8 0.00886701699346
8 46 0 8 0.00883641839027
17 32 0 8 0.00881294999272
7 37 0 8 0.00876212026924
26 43 0 8 0.00862109288573
29 43 0 8 0.00858745072037
7 48 0 8 0.00856157951057
5 12 0 8 0.00851647928357
8 13 0 8 0.00851528346539
15 30 0 8 0.00851307809353
22 44 0 8 0.00848763529211
2 31 0 8 0.00847279187292
3 15 0 8 0.00847185123712
4 28 0 8 0.00846195500344
8 34 0 8 0.00844809506088
36 52 0 8 0.00843177363276
14 46 0 8 0.00840883422643
2 16 0 8 0.00840606261045
8 29 0 8 0.00833279080689
2 38 0 8 0.00829306058586
33 43 0 8 0.00827550608665
11 39 0 8 0.00826228968799
25 46 0 8 0.00825987942517
13 24 0 8 0.0082578798756
13 18 0 8 0.00823327433318
2 18 0 8 0.00821555405855
3 23 0 8 0.00817568320781
16 24 0 8 0.00815270002931
24 33 0 8 0.00815069954842
3 46 0 8 0.00814694911242
43 51 0 8 0.00813322886825
33 40 0 8 0.00812602601945
12 32 0 8 0.00808365643024
31 51 0 8 0.00807858817279
30 36 0 8 0.00805890653282
44 52 0 8 0.00802270323038
19 40 0 8 0.00797194801271
33 45 0 8 0.00797041319311
35 42 0 8 0.00796021707356
29 44 0 8 0.00795472878963
25 52 0 8 0.00794678647071
35 43 0 8 0.00789366103709
4 24 0 8 0.00786962267011
13 42 0 8 0.00786725897342
35 51 0 8 0.00785400159657
22 41 0 8 0.00782838277519
32 51 0 8 0.00782136712223
2 17 0 8 0.00780770601705
15 21 0 8 0.00778394564986
16 25 0 8 0.00778150837868
8 35 0 8 0.00770592968911
7 34 0 8 0.00768518541008
1 13 0 8 0.00764461513609
36 50 0 8 0.0076156007126
31 47 0 8 0.00759629812092
28 43 0 8 0.00753866322339
25 32 0 8 0.00752478046343
2 25 0 8 0.00752133736387
35 52 0 8 0.00751659786329
1 43 0 8 0.00748791312799
4 15 0 8 0.00747272185981
37 50 0 8 0.00747169321403
4 27 0 8 0.00746107054874
9 32 0 8 0.00743353227153
1 29 0 8 0.00738776335493
29 50 0 8 0.00738139823079
10 30 0 8 0.00731101352721
24 31 0 8 0.00728564895689
12 48 0 8 0.00727294431999
22 47 0 8 0.00726994266734
15 51 0 8 0.00725684966892
17 38 0 8 0.00723815476522
29 39 0 8 0.00723161036149
16 31 0 8 0.00721222581342
2 50 0 8 0.00719992397353
13 51 0 8 0.00716854538769
2 15 0 8 0.00714095309377
11 45 0 8 0.00713463034481
22 43 0 8 0.00713320495561
8 37 0 8 0.00711402203888
18 35 0 8 0.00711158383638
28 51 0 8 0.00710745016113
25 38 0 8 0.00708560738713
36 44 0 8 0.00702787283808
30 51 0 8 0.00698944693431
11 46 0 8 0.0069734044373
29 42 0 8 0.00695948023349
1 21 0 8 0.00689504249021
6 52 0 8 0.00688691716641
20 29 0 8 0.0068581243977
17 51 0 8 0.00682231970131
24 32 0 8 0.00681645143777
10 42 0 8 0.00680667115375
8 52 0 8 0.00679806619883
2 48 0 8 0.00678352592513
15 29 0 8 0.00675310846418
22 52 0 8 0.00670501263812
13 28 0 8 0.00669633923098
14 50 0 8 0.0066928290762
5 52 0 8 0.00669069262221
7 45 0 8 0.00669037876651
34 42 0 8 0.00665586674586
40 48 0 8 0.00661412673071
15 52 0 8 0.00660442467779
30 50 0 8 0.00660099368542
10 35 0 8 0.0065787807107
3 28 0 8 0.00657201837748
7 38 0 8 0.0065649705939
4 31 0 8 0.00656317314133
21 41 0 8 0.00654234178364
4 38 0 8 0.00649824552238
31 50 0 8 0.00649040611461
3 48 0 8 0.0064826621674
7 46 0 8 0.00647334521636
4 46 0 8 0.00642351806164
23 49 0 8 0.00642312550917
2 51 0 8 0.00641321204603
14 23 0 8 0.00640579685569
29 51 0 8 0.00633710203692
4 48 0 8 0.00633039185777
26 35 0 8 0.00630434043705
12 33 0 8 0.0063033667393
21 48 0 8 0.00625903811306
11 30 0 8 0.00624922290444
23 31 0 8 0.00624268455431
3 45 0 8 0.00623158970848
2 39 0 8 0.00622946722433
32 47 0 8 0.00620363792405
24 50 0 8 0.00616677012295
10 46 0 8 0.00615980196744
6 48 0 8 0.00615584757179
10 36 0 8 0.00615154020488
14 40 0 8 0.00615025451407
1 36 0 8 0.00612153066322
13 50 0 8 0.00611331453547
15 38 0 8 0.00609715189785
3 16 0 8 0.00609709136188
28 50 0 8 0.00609514117241
34 47 0 8 0.00608239788562
3 51 0 8 0.0060582770966
14 22 0 8 0.00603929907084
6 49 0 8 0.00603759847581
32 42 0 8 0.0060348091647
16 44 0 8 0.00602121837437
8 47 0 8 0.00601424463093
14 36 0 8 0.00599652016535
2 45 0 8 0.00596432480961
20 50 0 8 0.00594702828676
45 52 0 8 0.00593157531694
43 50 0 8 0.00592790404335
20 31 0 8 0.00592235196382
25 50 0 8 0.00591359147802
6 47 0 8 0.0059108696878
15 23 0 8 0.00590871041641
11 47 0 8 0.00590287894011
32 39 0 8 0.00586949940771
37 47 0 8 0.00586640322581
13 38 0 8 0.00582562945783
1 32 0 8 0.00580984307453
12 31 0 8 0.00576062314212
15 32 0 8 0.00575973838568
11 50 0 8 0.00575664592907
25 48 0 8 0.00573982018977
12 50 0 8 0.00572201283649
11 37 0 8 0.00571856554598
35 41 0 8 0.00571447052062
5 30 0 8 0.00570875639096
22 50 0 8 0.00570371095091
32 52 0 8 0.00565124675632
13 45 0 8 0.00563575141132
10 51 0 8 0.00562806008384
33 46 0 8 0.00559566123411
1 24 0 8 0.00551940687001
30 39 0 8 0.00551734492183
11 28 0 8 0.00551648391411
13 20 0 8 0.00551302963868
23 41 0 8 0.0055095013231
4 45 0 8 0.00550256622955
2 12 0 8 0.00548054277897
2 24 0 8 0.00545382732525
30 46 0 8 0.00543857319281
1 15 0 8 0.00541846966371
8 50 0 8 0.00541717698798
18 37 0 8 0.00539044709876
13 34 0 8 0.00537634827197
15 22 0 8 0.00534553686157
32 41 0 8 0.00533840479329
30 43 0 8 0.00533475773409
23 43 0 8 0.00532370200381
28 47 0 8 0.00532147521153
3 21 0 8 0.005301467143
13 44 0 8 0.00528529332951
30 40 0 8 0.00528307491913
41 48 0 8 0.00526878610253
7 52 0 8 0.00526743941009
1 30 0 8 0.00525550730526
12 41 0 8 0.00525220762938
5 29 0 8 0.00523623032495
21 52 0 8 0.00522784469649
29 46 0 8 0.00522626005113
3 52 0 8 0.00521136727184
5 23 0 8 0.00519917206839
1 52 0 8 0.00517397606745
29 41 0 8 0.00516713550314
33 51 0 8 0.00516483420506
1 14 0 8 0.00515774870291
2 28 0 8 0.00511450320482
1 25 0 8 0.00511428015307
26 41 0 8 0.00510621163994
23 45 0 8 0.00509177753702
17 50 0 8 0.00508573977277
12 49 0 8 0.00506003666669
15 49 0 8 0.00505921337754
6 25 0 8 0.00504580652341
1 45 0 8 0.00503494497389
5 14 0 8 0.00501788035035
13 29 0 8 0.00501141836867
29 48 0 8 0.00498047843575
8 49 0 8 0.00495046796277
11 36 0 8 0.00494593707845
4 20 0 8 0.00492978002876
1 26 0 8 0.00491868378595
10 27 0 8 0.00491726957262
11 25 0 8 0.00486132130027
20 42 0 8 0.00485470984131
7 13 0 8 0.00484900502488
1 12 0 8 0.00482596224174
24 49 0 8 0.0048069646582
1 50 0 8 0.00480096880347
21 31 0 8 0.0047877044417
26 34 0 8 0.00476548541337
4 16 0 8 0.00475320778787
3 22 0 8 0.00475118495524
7 39 0 8 0.00473316665739
25 51 0 8 0.00473060272634
16 23 0 8 0.00472995359451
9 40 0 8 0.00472367741168
34 43 0 8 0.0047224983573
32 49 0 8 0.00465616164729
41 52 0 8 0.00465165823698
32 46 0 8 0.00464628543705
1 51 0 8 0.00464521581307
35 48 0 8 0.00463293632492
23 30 0 8 0.00461087422445
32 48 0 8 0.00460215425119
1 46 0 8 0.00453168945387
21 49 0 8 0.00453119259328
38 49 0 8 0.00451168091968
19 28 0 8 0.00450669787824
25 45 0 8 0.00450128689408
11 29 0 8 0.00449043698609
13 25 0 8 0.00444251904264
1 37 0 8 0.00444085337222
25 41 0 8 0.00443199556321
31 46 0 8 0.00442406628281
5 49 0 8 0.00442339666188
16 29 0 8 0.00441668182611
31 43 0 8 0.00439299549907
38 50 0 8 0.0043827672489
22 49 0 8 0.00437628244981
5 16 0 8 0.00435891654342
23 38 0 8 0.00434933509678
3 18 0 8 0.00433996226639
26 51 0 8 0.00433194451034
13 26 0 8 0.00431839330122
10 39 0 8 0.00427158363163
25 31 0 8 0.00426900666207
40 52 0 8 0.00423326110467
24 34 0 8 0.00423117773607
17 47 0 8 0.00422715116292
30 44 0 8 0.00419473415241
31 40 0 8 0.00418874900788
1 47 0 8 0.00418453430757
16 28 0 8 0.00417284341529
20 32 0 8 0.00417017517611
19 48 0 8 0.00415934529155
6 28 0 8 0.00414360780269
26 39 0 8 0.00413019489497
1 22 0 8 0.004127826076
1 20 0 8 0.00410221377388
19 50 0 8 0.00409126654267
20 28 0 8 0.00408540712669
15 48 0 8 0.00407703639939
15 37 0 8 0.0040553486906
2 19 0 8 0.00405355589464
26 40 0 8 0.00403921492398
22 48 0 8 0.00403760187328
41 49 0 8 0.00403503701091
21 38 0 8 0.00403033941984
3 20 0 8 0.00394842308015
5 25 0 8 0.00394296599552
30 52 0 8 0.00394043279812
10 28 0 8 0.00393583532423
38 51 0 8 0.00392474140972
40 49 0 8 0.00391954788938
6 17 0 8 0.00389695074409
8 33 0 8 0.00389392161742
16 51 0 8 0.00389103032649
27 40 0 8 0.00385613483377
25 33 0 8 0.00383015954867
39 49 0 8 0.00381793477573
33 50 0 8 0.00381105113775
12 51 0 8 0.00380050763488
17 43 0 8 0.00380015023984
31 49 0 8 0.00379339791834
37 48 0 8 0.00378406047821
11 18 0 8 0.00377872027457
19 51 0 8 0.00376751250587
1 49 0 8 0.00376142887399
26 50 0 8 0.00375694292597
17 35 0 8 0.00375133077614
31 48 0 8 0.00374266016297
20 52 0 8 0.00372677226551
15 34 0 8 0.00372373196296
1 23 0 8 0.00370743614621
13 37 0 8 0.00369874364696
1 48 0 8 0.0036926951725
20 44 0 8 0.0036893109791
8 26 0 8 0.00363978045061
13 48 0 8 0.00363236432895
20 49 0 8 0.00362113653682
17 37 0 8 0.00361853092909
21 36 0 8 0.00361006357707
8 36 0 8 0.00360725680366
19 29 0 8 0.0036000488326
11 40 0 8 0.00359161244705
1 31 0 8 0.00357443862595
32 45 0 8 0.00355771672912
30 48 0 8 0.00355331925675
31 52 0 8 0.00353570631705
17 44 0 8 0.00353271071799
28 46 0 8 0.00351978559047
26 33 0 8 0.00350694614463
24 48 0 8 0.00350058125332
14 48 0 8 0.0034929565154
37 45 0 8 0.00349215650931
5 21 0 8 0.0034846260678
9 50 0 8 0.00346495932899
16 48 0 8 0.0034351348877
26 52 0 8 0.00342821888626
29 49 0 8 0.0034083169885
16 32 0 8 0.00339160743169
4 21 0 8 0.00339024560526
23 40 0 8 0.00339023768902
16 52 0 8 0.00338437315077
43 52 0 8 0.00337632349692
18 48 0 8 0.00337286759168
20 45 0 8 0.0033724186942
6 23 0 8 0.00336191989481
20 37 0 8 0.00336000975221
6 22 0 8 0.00336000649258
42 52 0 8 0.00334669626318
1 28 0 8 0.00334125501104
10 26 0 8 0.00328628625721
33 48 0 8 0.00328565365635
7 47 0 8 0.00326700997539
39 52 0 8 0.00323860975914
9 37 0 8 0.00322518567555
1 18 0 8 0.00320462882519
3 17 0 8 0.00320008676499
22 40 0 8 0.00314003322273
10 47 0 8 0.00310705672018
1 16 0 8 0.00307958293706
8 25 0 8 0.00307940295897
20 47 0 8 0.00306790973991
18 49 0 8 0.00305178738199
22 37 0 8 0.00304980762303
9 52 0 8 0.00304847978987
18 52 0 8 0.00304324692115
14 21 0 8 0.00303971325047
21 39 0 8 0.00303894747049
10 45 0 8 0.00303874374367
22 36 0 8 0.00303304730915
34 45 0 8 0.00301407813095
21 40 0 8 0.00301191816106
25 49 0 8 0.00298563810065
3 19 0 8 0.00297762919217
28 52 0 8 0.00294367177412
21 33 0 8 0.00290588662028
19 52 0 8 0.002904237248
19 31 0 8 0.00288783269934
21 34 0 8 0.00287827965803
13 35 0 8 0.00287360441871
34 48 0 8 0.00283902487718
23 32 0 8 0.00281498371623
13 21 0 8 0.00279320357367
36 45 0 8 0.00278781517409
13 36 0 8 0.00278648175299
10 52 0 8 0.00277668610215
12 52 0 8 0.00277148070745
17 34 0 8 0.00276861456223
15 39 0 8 0.00275690644048
36 49 0 8 0.00275553157553
17 46 0 8 0.00273981085047
1 39 0 8 0.00273719849065
15 36 0 8 0.0027370241005
22 33 0 8 0.00271475547925
9 51 0 8 0.00270080240443
13 52 0 8 0.00269412179478
25 34 0 8 0.00269136601128
15 40 0 8 0.0026767840609
20 48 0 8 0.00267392513342
13 47 0 8 0.0026661909651
30 49 0 8 0.00265952991322
35 49 0 8 0.00265738693997
34 52 0 8 0.00264411885291
20 43 0 8 0.0026414883323
33 52 0 8 0.00262320833281
6 16 0 8 0.00260645686649
15 35 0 8 0.00260610878468
11 19 0 8 0.00259962840937
26 49 0 8 0.00259655527771
9 36 0 8 0.00257186102681
11 26 0 8 0.00256519834511
12 20 0 8 0.00254248338751
6 29 0 8 0.00252845440991
11 49 0 8 0.00251977937296
20 36 0 8 0.00250742444769
28 48 0 8 0.00250712968409
9 35 0 8 0.00248688319698
23 34 0 8 0.00244433549233
22 39 0 8 0.00243526906706
21 35 0 8 0.00243243854493
13 23 0 8 0.00243238639086
7 49 0 8 0.00242714164779
4 19 0 8 0.00241503980942
9 38 0 8 0.00241499487311
7 30 0 8 0.00239585759118
8 31 0 8 0.00239543942735
9 48 0 8 0.0023801268544
17 36 0 8 0.00237424322404
33 49 0 8 0.0023612305522
17 40 0 8 0.00236027827486
1 17 0 8 0.00234573544003
14 49 0 8 0.00234153331257
12 28 0 8 0.00233934656717
34 51 0 8 0.0023159335833
1 19 0 8 0.00229033222422
12 23 0 8 0.00227682571858
9 44 0 8 0.0022618684452
8 51 0 8 0.00225720508024
8 30 0 8 0.0022559016943
8 23 0 8 0.00224092137069
34 49 0 8 0.00223344541155
29 45 0 8 0.00223313388415
36 48 0 8 0.00223208661191
27 48 0 8 0.00222735316493
8 43 0 8 0.00222371169366
19 49 0 8 0.0022167568095
5 22 0 8 0.00221549253911
35 45 0 8 0.00221448088996
28 45 0 8 0.00221097096801
12 37 0 8 0.00220482144505
27 52 0 8 0.002195779467
17 41 0 8 0.0021917745471
12 34 0 8 0.00218643853441
12 44 0 8 0.00216174195521
7 15 0 8 0.00215094094165
17 48 0 8 0.00215017865412
37 49 0 8 0.00214511412196
14 52 0 8 0.00212831655517
7 25 0 8 0.00211592996493
34 50 0 8 0.00211486592889
37 52 0 8 0.00210252660327
8 16 0 8 0.00209607533179
9 14 0 8 0.00208481913432
6 24 0 8 0.00207235757262
22 32 0 8 0.00207074009813
8 15 0 8 0.00206436379813
5 28 0 8 0.0020610971842
28 49 0 8 0.00205697421916
10 43 0 8 0.00204400252551
4 22 0 8 0.0020436514169
12 29 0 8 0.00203776382841
5 17 0 8 0.0020367379766
13 49 0 8 0.00201978161931
11 24 0 8 0.00201386678964
17 49 0 8 0.00197106343694
38 48 0 8 0.00194421643391
19 36 0 8 0.00194408232346
8 39 0 8 0.00193081214093
17 52 0 8 0.00189821794629
17 45 0 8 0.00189592363313
6 21 0 8 0.00188862869982
24 30 0 8 0.0018825038569
13 39 0 8 0.00186852167826
12 35 0 8 0.00185772916302
8 42 0 8 0.00185536721256
12 45 0 8 0.00185504136607
12 24 0 8 0.00185351190157
10 29 0 8 0.00185032468289
17 39 0 8 0.0018001847202
6 18 0 8 0.00179426756222
13 40 0 8 0.00174683181103
5 20 0 8 0.00173420377541
5 24 0 8 0.00170151679777
12 25 0 8 0.00167820812203
12 38 0 8 0.00167048315052
8 28 0 8 0.0016403759364
16 46 0 8 0.00163005362265
4 18 0 8 0.0016250932822
8 38 0 8 0.00159210420679
9 46 0 8 0.00159134261776
19 35 0 8 0.00158039142843
12 26 0 8 0.00157328508794
11 17 0 8 0.00156141316984
11 21 0 8 0.00155886693392
14 20 0 8 0.00152622885071
16 33 0 8 0.00151898176409
9 39 0 8 0.00151611038018
10 49 0 8 0.00150602392387
20 34 0 8 0.00149993982632
30 45 0 8 0.00148136832286
6 20 0 8 0.00144184881356
10 24 0 8 0.00142164726276
5 27 0 8 0.00141334813088
7 21 0 8 0.00140172126703
26 48 0 8 0.00138987868559
20 33 0 8 0.00135083065834
38 52 0 8 0.00134023430292
10 21 0 8 0.00133269000798
13 46 0 8 0.00133163004648
20 41 0 8 0.00132104114164
16 49 0 8 0.00131926278118
20 35 0 8 0.00131575856358
16 37 0 8 0.00131429207977
12 27 0 8 0.00131399719976
4 17 0 8 0.00128430931363
16 47 0 8 0.00128367834259
19 34 0 8 0.00128047296312
5 15 0 8 0.00127431051806
13 43 0 8 0.00126310752239
11 23 0 8 0.00125075608958
27 49 0 8 0.00124190619681
7 24 0 8 0.00124071212485
10 16 0 8 0.00123483489733
9 47 0 8 0.00123231927864
20 38 0 8 0.00122620665934
7 29 0 8 0.00122386834119
19 33 0 8 0.00121922406834
9 30 0 8 0.00121396314353
22 35 0 8 0.00120541907381
9 45 0 8 0.00117904320359
7 14 0 8 0.00116305786651
16 40 0 8 0.00115329632536
1 38 0 8 0.00112449983135
9 29 0 8 0.00110549968667
19 41 0 8 0.00110542343464
16 45 0 8 0.00110340234824
12 21 0 8 0.0010999328224
23 33 0 8 0.00108385877684
22 34 0 8 0.00106560101267
5 18 0 8 0.00104981206823
9 49 0 8 0.00104880938306
7 26 0 8 0.0010451747803
20 40 0 8 0.00104484474286
13 22 0 8 0.00097564648604
16 39 0 8 0.000970443303231
9 42 0 8 0.000967775413301
9 27 0 8 0.000952620524913
7 18 0 8 0.000952598231379
8 19 0 8 0.000946800981183
16 34 0 8 0.000939076009672
10 25 0 8 0.000903641805053
7 28 0 8 0.000901419727597
10 18 0 8 0.000896033889148
16 35 0 8 0.000878544116858
19 37 0 8 0.000875669589732
13 19 0 8 0.000868495553732
12 40 0 8 0.000868320523296
12 36 0 8 0.000831706041936
19 39 0 8 0.000829222088214
12 47 0 8 0.000828156888019
7 23 0 8 0.00082326453412
16 38 0 8 0.000812283775304
12 39 0 8 0.000792490027379
7 16 0 8 0.000748411926907
19 38 0 8 0.000734856061172
12 43 0 8 0.00073182862252
9 43 0 8 0.000731387641281
11 20 0 8 0.000726877362467
20 39 0 8 0.000722484488506
16 43 0 8 0.000702850578818
5 19 0 8 0.00070120813325
7 17 0 8 0.000699185591657
11 22 0 8 0.000698898045812
16 36 0 8 0.000698484887835
8 18 0 8 0.000696489471011
12 42 0 8 0.000649748020805
7 27 0 8 0.000647421693429
10 17 0 8 0.000620740815066
9 28 0 8 0.00058574200375
8 27 0 8 0.000570717267692
12 18 0 8 0.000565168214962
12 46 0 8 0.000564251560718
9 21 0 8 0.000560117827263
8 24 0 8 0.000559128937311
8 14 0 8 0.000557256978936
9 15 0 8 0.000515661202371
16 42 0 8 0.000513881037477
10 20 0 8 0.000488406629302
9 20 0 8 0.000486309174448
16 41 0 8 0.000482479372295
7 19 0 8 0.000480097427499
9 25 0 8 0.000432353175711
9 19 0 8 0.000420840107836
9 26 0 8 0.000405241997214
9 24 0 8 0.000404968217481
9 18 0 8 0.000348927598679
8 21 0 8 0.000341932376614
12 22 0 8 0.000333867414156
10 19 0 8 0.000333217467414
10 23 0 8 0.000318025326123
9 23 0 8 0.000313623022521
9 17 0 8 0.000313131255098
7 20 0 8 0.000303482782329
6 19 0 8 0.000297197839245
8 17 0 8 0.000296787271509
7 22 0 8 0.000271832017461
8 22 0 8 0.000269722338999
12 19 0 8 0.000257149571553
10 22 0 8 0.000239358923864
9 16 0 8 0.000210991653148
8 20 0 8 0.000125698978081
9 22 0 8 8.79738727235e-05
