14 15 0 8 0.999999403954
18 19 0 8 0.99999922514
20 21 0 8 0.999998986721
16 17 0 8 0.999998807907
19 20 0 8 0.999998509884
15 16 0 8 0.999997794628
39 40 0 8 0.999996781349
6 7 0 8 0.99999588728
41 42 0 8 0.999994635582
60 61 0 8 0.999994337559
7 8 0 8 0.99999409914
17 18 0 8 0.999993443489
40 41 0 8 0.999992489815
8 9 0 8 0.999991357327
58 59 0 8 0.999991178513
25 26 0 8 0.999990463257
9 10 0 8 0.999990284443
66 67 0 8 0.999990046024
5 6 0 8 0.999988913536
24 25 0 8 0.999988138676
12 13 0 8 0.999987959862
59 60 0 8 0.999987304211
68 69 0 8 0.999985158443
27 28 0 8 0.999984383583
42 43 0 8 0.999983012676
22 23 0 8 0.999982833862
65 66 0 8 0.9999807477
23 24 0 8 0.999979376793
55 56 0 8 0.999979019165
61 62 0 8 0.999973118305
13 14 0 8 0.999972820282
4 5 0 8 0.999971985817
21 22 0 8 0.999970734119
72 73 0 8 0.999970018864
10 11 0 8 0.999967575073
28 29 0 8 0.999963998795
38 39 0 8 0.99996304512
3 4 0 8 0.999962866306
70 71 0 8 0.999949634075
62 63 0 8 0.999949336052
57 58 0 8 0.999943971634
69 70 0 8 0.99994134903
26 27 0 8 0.99993956089
37 38 0 8 0.999939084053
11 12 0 8 0.999933421612
67 68 0 8 0.999929249287
63 64 0 8 0.99992364645
64 65 0 8 0.99988591671
54 55 0 8 0.999872863293
56 57 0 8 0.999856889248
53 54 0 8 0.999854922295
2 3 0 8 0.999816536903
71 72 0 8 0.999810993671
1 2 0 8 0.999775767326
52 53 0 8 0.999753832817
31 32 0 8 0.999717354774
43 44 0 8 0.999705016613
30 31 0 8 0.999667048454
29 30 0 8 0.999661684036
36 37 0 8 0.999624252319
47 48 0 8 0.999614477158
48 49 0 8 0.999609410763
50 51 0 8 0.999424099922
51 52 0 8 0.999343812466
16 18 0 8 0.999149441719
32 33 0 8 0.998937189579
35 36 0 8 0.998912394047
44 45 0 8 0.998851537704
33 34 0 8 0.9987834692
45 46 0 8 0.998148858547
49 50 0 8 0.997986018658
16 19 0 8 0.99782627821
15 17 0 8 0.997642576694
34 35 0 8 0.997585892677
17 19 0 8 0.997347414494
20 22 0 8 0.997269392014
15 18 0 8 0.996957480907
19 21 0 8 0.995721042156
18 20 0 8 0.995589792728
17 20 0 8 0.995137572289
14 16 0 8 0.994216740131
18 21 0 8 0.993495941162
20 23 0 8 0.993434906006
46 47 0 8 0.992303609848
14 17 0 8 0.992046236992
56 58 0 8 0.991392493248
17 21 0 8 0.99105745554
13 15 0 8 0.990194320679
19 22 0 8 0.990062594414
16 20 0 8 0.988161623478
57 59 0 8 0.987172305584
13 16 0 8 0.986143171787
12 14 0 8 0.986090421677
58 60 0 8 0.983179450035
59 61 0 8 0.981499493122
54 56 0 8 0.980807721615
19 23 0 8 0.976466655731
18 22 0 8 0.973496198654
6 39 0 8 0.972874224186
58 61 0 8 0.971583366394
57 60 0 8 0.969264626503
55 57 0 8 0.968868136406
56 59 0 8 0.964576423168
14 18 0 8 0.964146018028
15 19 0 8 0.963318705559
8 37 0 8 0.963179171085
38 40 0 8 0.963043987751
12 15 0 8 0.961304247379
13 17 0 8 0.957719802856
6 37 0 8 0.956660687923
21 23 0 8 0.956069529057
53 55 0 8 0.955630898476
63 65 0 8 0.952452898026
5 7 0 8 0.951151013374
12 16 0 8 0.950411617756
8 36 0 8 0.949117481709
47 49 0 8 0.949115753174
53 56 0 8 0.947430670261
7 9 0 8 0.945510268211
54 57 0 8 0.939792335033
9 38 0 8 0.937436640263
7 38 0 8 0.936986148357
29 31 0 8 0.936502575874
59 62 0 8 0.936443448067
60 62 0 8 0.936441004276
24 26 0 8 0.934984624386
20 24 0 8 0.934522867203
21 24 0 8 0.929272592068
16 38 0 8 0.929072320461
26 28 0 8 0.923385620117
6 38 0 8 0.918649077415
27 29 0 8 0.917844593525
22 24 0 8 0.915369927883
68 70 0 8 0.91485440731
61 63 0 8 0.914404094219
23 25 0 8 0.913311123848
66 68 0 8 0.911404132843
27 40 0 8 0.911392986774
39 41 0 8 0.909188985825
60 63 0 8 0.908286511898
42 45 0 8 0.903190493584
57 61 0 8 0.902363836765
20 25 0 8 0.90041488409
25 27 0 8 0.897609293461
7 40 0 8 0.895199239254
6 68 0 8 0.892890155315
40 42 0 8 0.891274273396
42 44 0 8 0.891106188297
34 36 0 8 0.888479590416
20 40 0 8 0.887972712517
26 41 0 8 0.885085403919
58 62 0 8 0.881494700909
8 38 0 8 0.878840923309
56 60 0 8 0.878540039062
6 40 0 8 0.875728905201
55 58 0 8 0.874617099762
6 8 0 8 0.873672187328
7 37 0 8 0.865053892136
8 67 0 8 0.863366007805
9 11 0 8 0.862549006939
30 32 0 8 0.862053632736
25 40 0 8 0.86011749506
4 41 0 8 0.855537235737
32 34 0 8 0.854907274246
53 57 0 8 0.850906014442
5 68 0 8 0.847014665604
5 40 0 8 0.842640578747
3 5 0 8 0.84065836668
70 72 0 8 0.839983284473
49 51 0 8 0.838907063007
4 6 0 8 0.837739825249
5 42 0 8 0.834460258484
5 39 0 8 0.834320485592
11 36 0 8 0.829270839691
20 27 0 8 0.823743700981
37 39 0 8 0.820924937725
1 3 0 8 0.820534229279
9 12 0 8 0.818475902081
69 71 0 8 0.813333153725
17 27 0 8 0.811919391155
67 69 0 8 0.810966312885
60 66 0 8 0.806153059006
51 53 0 8 0.805787622929
8 10 0 8 0.800564289093
10 12 0 8 0.80031478405
71 73 0 8 0.79266089201
10 36 0 8 0.789778709412
59 63 0 8 0.787118256092
2 4 0 8 0.786796212196
55 59 0 8 0.778175234795
54 58 0 8 0.770021915436
20 26 0 8 0.766632914543
43 45 0 8 0.761447250843
7 66 0 8 0.759168744087
64 66 0 8 0.758816838264
52 56 0 8 0.744642078876
31 33 0 8 0.742782771587
65 67 0 8 0.742238342762
26 40 0 8 0.740635097027
44 46 0 8 0.740570306778
48 50 0 8 0.736930310726
27 39 0 8 0.729950487614
41 43 0 8 0.729546904564
9 36 0 8 0.713025093079
45 47 0 8 0.711563766003
63 66 0 8 0.706777572632
6 31 0 8 0.702618002892
46 48 0 8 0.702131271362
52 54 0 8 0.69878757
7 39 0 8 0.697605490685
28 41 0 8 0.682683229446
7 16 0 8 0.681765019894
5 41 0 8 0.680321335793
60 69 0 8 0.676462769508
21 25 0 8 0.667555034161
62 64 0 8 0.665502071381
36 38 0 8 0.662803471088
33 35 0 8 0.661177158356
4 39 0 8 0.660273849964
34 37 0 8 0.658536016941
31 38 0 8 0.655796229839
7 60 0 8 0.655766189098
25 42 0 8 0.646516025066
28 30 0 8 0.646153271198
16 29 0 8 0.63612896204
47 50 0 8 0.632527530193
9 16 0 8 0.621389389038
31 34 0 8 0.620472371578
27 38 0 8 0.618203401566
10 67 0 8 0.617615759373
11 15 0 8 0.616505384445
9 66 0 8 0.616032898426
35 37 0 8 0.607509434223
25 41 0 8 0.606091618538
26 42 0 8 0.60377573967
3 42 0 8 0.599912822247
28 38 0 8 0.597523570061
50 52 0 8 0.593419194221
21 26 0 8 0.578202664852
9 15 0 8 0.577918469906
20 38 0 8 0.573855996132
26 39 0 8 0.562745630741
38 68 0 8 0.561882972717
9 37 0 8 0.555047333241
31 37 0 8 0.552129745483
7 67 0 8 0.551678597927
25 39 0 8 0.546261429787
4 42 0 8 0.537650108337
11 13 0 8 0.518523871899
7 68 0 8 0.516209721565
40 69 0 8 0.514464616776
8 66 0 8 0.513011455536
5 53 0 8 0.495283216238
5 25 0 8 0.49369764328
29 38 0 8 0.461051285267
41 45 0 8 0.456532508135
42 47 0 8 0.456514507532
26 43 0 8 0.442637085915
4 43 0 8 0.437066704035
28 40 0 8 0.434056222439
31 68 0 8 0.42820212245
19 38 0 8 0.423360794783
6 41 0 8 0.422984570265
9 68 0 8 0.420545399189
42 48 0 8 0.41297930479
42 49 0 8 0.41271057725
40 48 0 8 0.408759713173
11 16 0 8 0.408004522324
12 36 0 8 0.399818837643
29 39 0 8 0.397239118814
40 49 0 8 0.393961161375
19 66 0 8 0.389193922281
22 63 0 8 0.387410461903
31 39 0 8 0.385832965374
68 71 0 8 0.37816631794
28 39 0 8 0.361969590187
23 56 0 8 0.360991805792
9 40 0 8 0.353813588619
9 19 0 8 0.344594240189
3 41 0 8 0.340696513653
45 48 0 8 0.339297443628
40 66 0 8 0.338883161545
30 38 0 8 0.335800975561
46 49 0 8 0.327967762947
7 20 0 8 0.326357334852
10 37 0 8 0.325820147991
19 63 0 8 0.3254596591
8 68 0 8 0.32317173481
45 49 0 8 0.316681236029
32 38 0 8 0.312531918287
8 12 0 8 0.312446564436
5 60 0 8 0.311243534088
24 42 0 8 0.306650370359
4 40 0 8 0.302438944578
8 39 0 8 0.301051110029
27 41 0 8 0.298473477364
7 25 0 8 0.297127991915
3 43 0 8 0.288996845484
33 37 0 8 0.288649350405
6 72 0 8 0.286053180695
29 37 0 8 0.282994896173
60 65 0 8 0.282352745533
19 27 0 8 0.281572133303
5 69 0 8 0.281204462051
48 51 0 8 0.280678838491
32 37 0 8 0.280077069998
57 69 0 8 0.279088139534
51 56 0 8 0.277744442225
29 68 0 8 0.275344163179
7 15 0 8 0.27327889204
41 48 0 8 0.271004885435
6 66 0 8 0.270416021347
40 68 0 8 0.269040614367
45 56 0 8 0.263925731182
39 69 0 8 0.261974096298
49 52 0 8 0.260343104601
60 67 0 8 0.257201969624
39 49 0 8 0.256843775511
7 27 0 8 0.255771547556
23 40 0 8 0.253439992666
41 67 0 8 0.25334712863
29 66 0 8 0.249278172851
70 73 0 8 0.248545944691
42 46 0 8 0.247458353639
40 50 0 8 0.247289806604
37 68 0 8 0.245406791568
61 66 0 8 0.243121340871
46 50 0 8 0.240174740553
6 34 0 8 0.239496469498
38 71 0 8 0.238603100181
32 36 0 8 0.236406773329
9 60 0 8 0.235973894596
52 57 0 8 0.235845401883
16 27 0 8 0.231467798352
27 37 0 8 0.230599090457
41 44 0 8 0.229984566569
9 67 0 8 0.229099139571
59 65 0 8 0.228037461638
30 37 0 8 0.226005584002
27 31 0 8 0.224508166313
23 63 0 8 0.219482019544
41 46 0 8 0.216146767139
26 38 0 8 0.214861258864
32 35 0 8 0.214177891612
8 16 0 8 0.21356099844
38 70 0 8 0.212786212564
37 72 0 8 0.211753204465
30 34 0 8 0.210905715823
23 60 0 8 0.210067644715
11 65 0 8 0.205779463053
48 52 0 8 0.205609709024
49 53 0 8 0.205200344324
33 36 0 8 0.204851403832
10 65 0 8 0.204226985574
26 71 0 8 0.203475996852
8 35 0 8 0.202873662114
16 40 0 8 0.202150598168
23 59 0 8 0.201223924756
41 47 0 8 0.199504211545
61 64 0 8 0.197966456413
30 35 0 8 0.197276443243
40 60 0 8 0.196832954884
60 64 0 8 0.196580603719
9 65 0 8 0.194804877043
39 53 0 8 0.193504929543
52 55 0 8 0.193414792418
37 71 0 8 0.191153123975
29 40 0 8 0.190919339657
28 37 0 8 0.190172016621
25 43 0 8 0.189652889967
31 35 0 8 0.189168766141
62 66 0 8 0.189004257321
4 44 0 8 0.18450859189
25 71 0 8 0.182198375463
66 69 0 8 0.182190045714
20 66 0 8 0.182126522064
49 57 0 8 0.179943993688
2 42 0 8 0.179909288883
56 69 0 8 0.177601635456
48 56 0 8 0.177317872643
68 72 0 8 0.176902621984
21 27 0 8 0.176610022783
28 68 0 8 0.176239416003
3 71 0 8 0.176187053323
37 53 0 8 0.176166474819
1 4 0 8 0.175284430385
19 25 0 8 0.173931211233
60 68 0 8 0.17356261611
30 36 0 8 0.173145607114
41 49 0 8 0.171979084611
24 44 0 8 0.171860843897
51 54 0 8 0.171593785286
39 60 0 8 0.168519988656
24 43 0 8 0.165679454803
4 28 0 8 0.165382608771
40 71 0 8 0.165139853954
61 67 0 8 0.163076534867
3 44 0 8 0.162127882242
3 70 0 8 0.162053644657
32 39 0 8 0.161731317639
16 60 0 8 0.160377696157
47 51 0 8 0.160289108753
10 15 0 8 0.159741446376
5 43 0 8 0.159498810768
2 43 0 8 0.158367887139
13 36 0 8 0.157606124878
6 27 0 8 0.156882941723
50 53 0 8 0.155948668718
31 36 0 8 0.154575288296
51 55 0 8 0.154482617974
5 66 0 8 0.153485357761
49 56 0 8 0.152887836099
40 56 0 8 0.151987016201
29 32 0 8 0.151811242104
45 50 0 8 0.150324508548
33 38 0 8 0.14975169301
6 70 0 8 0.149510711432
42 56 0 8 0.149344667792
7 69 0 8 0.149017199874
37 69 0 8 0.147202596068
38 72 0 8 0.146923884749
8 15 0 8 0.14639018476
39 71 0 8 0.146375566721
59 66 0 8 0.146345555782
9 13 0 8 0.144651651382
38 69 0 8 0.144614890218
39 68 0 8 0.144482180476
3 72 0 8 0.144154921174
34 38 0 8 0.143499821424
39 56 0 8 0.142202049494
10 66 0 8 0.140979155898
5 16 0 8 0.140447497368
26 68 0 8 0.140225932002
53 71 0 8 0.140205994248
43 46 0 8 0.138252288103
18 65 0 8 0.136219844222
30 39 0 8 0.13601513207
1 23 0 8 0.135633945465
37 70 0 8 0.135257527232
3 24 0 8 0.133843138814
28 71 0 8 0.133465617895
40 70 0 8 0.132558897138
6 69 0 8 0.131548330188
10 16 0 8 0.131526723504
39 50 0 8 0.13122035563
27 32 0 8 0.131004482508
40 53 0 8 0.130824774504
69 72 0 8 0.130596786737
1 72 0 8 0.12997160852
16 31 0 8 0.129725754261
39 51 0 8 0.12962590158
5 27 0 8 0.129520088434
27 42 0 8 0.129339516163
25 45 0 8 0.129293695092
30 40 0 8 0.128300011158
34 68 0 8 0.128243088722
6 20 0 8 0.127648979425
7 19 0 8 0.127484589815
40 57 0 8 0.126947671175
6 32 0 8 0.126603335142
26 73 0 8 0.125892728567
27 71 0 8 0.125200882554
38 50 0 8 0.124741837382
13 35 0 8 0.123317115009
23 57 0 8 0.123160682619
5 28 0 8 0.122123800218
6 19 0 8 0.122001037002
44 48 0 8 0.121034085751
19 40 0 8 0.119695290923
6 67 0 8 0.117418147624
39 70 0 8 0.117282561958
41 66 0 8 0.117170602083
4 71 0 8 0.11671821028
57 66 0 8 0.115307830274
38 60 0 8 0.115047700703
6 16 0 8 0.114999718964
19 69 0 8 0.114928990602
9 63 0 8 0.113908238709
19 56 0 8 0.112121738493
5 56 0 8 0.112044297159
3 26 0 8 0.111071109772
9 29 0 8 0.110777243972
28 31 0 8 0.110236428678
27 30 0 8 0.110197074711
51 57 0 8 0.110144115984
24 40 0 8 0.109281681478
5 38 0 8 0.10878059268
17 29 0 8 0.108519405127
5 70 0 8 0.107946552336
2 73 0 8 0.107904039323
21 66 0 8 0.107534959912
60 71 0 8 0.106124617159
5 45 0 8 0.105649515986
29 33 0 8 0.105437584221
4 25 0 8 0.104990758002
62 67 0 8 0.104944340885
8 65 0 8 0.10450797528
26 69 0 8 0.104467958212
23 72 0 8 0.103575967252
19 67 0 8 0.103449769318
28 67 0 8 0.103067703545
25 72 0 8 0.102920107543
39 48 0 8 0.102872021496
69 73 0 8 0.102508962154
40 47 0 8 0.102405406535
19 60 0 8 0.101374723017
19 28 0 8 0.10103854537
44 50 0 8 0.100440502167
20 29 0 8 0.100439429283
26 45 0 8 0.10042501986
25 28 0 8 0.100382268429
4 73 0 8 0.100307002664
34 39 0 8 0.100306227803
28 66 0 8 0.100184895098
38 51 0 8 0.0996276587248
39 52 0 8 0.0994997769594
46 51 0 8 0.0992770791054
30 33 0 8 0.0984502136707
28 32 0 8 0.0980934500694
48 72 0 8 0.097902983427
56 71 0 8 0.0977632328868
42 50 0 8 0.0971770435572
20 28 0 8 0.0970496311784
36 72 0 8 0.0966953858733
38 66 0 8 0.096467256546
31 40 0 8 0.095571950078
9 54 0 8 0.0949613004923
2 41 0 8 0.0949167013168
19 24 0 8 0.0946275666356
48 71 0 8 0.0945919305086
22 25 0 8 0.0935356095433
13 29 0 8 0.0933787226677
25 63 0 8 0.0930733382702
6 60 0 8 0.0927625149488
11 38 0 8 0.0920269414783
5 52 0 8 0.0918971970677
54 68 0 8 0.0914668291807
41 51 0 8 0.0912767276168
3 73 0 8 0.0911545008421
40 67 0 8 0.0910377949476
5 71 0 8 0.0904577150941
24 73 0 8 0.0904135927558
5 24 0 8 0.0902258083224
29 35 0 8 0.0895355939865
48 53 0 8 0.0893626138568
42 66 0 8 0.0887249782681
38 56 0 8 0.088236451149
2 72 0 8 0.088054575026
36 73 0 8 0.0880436003208
27 68 0 8 0.0878937765956
24 27 0 8 0.0878800675273
9 35 0 8 0.0871887356043
40 51 0 8 0.0866197124124
24 45 0 8 0.0866069793701
42 71 0 8 0.0864248871803
39 66 0 8 0.0863471031189
17 28 0 8 0.0862819999456
24 66 0 8 0.0861315652728
6 71 0 8 0.0854678452015
2 5 0 8 0.0854326561093
11 37 0 8 0.0850342437625
5 31 0 8 0.0849875360727
30 69 0 8 0.0849641337991
13 30 0 8 0.0849018767476
28 33 0 8 0.0848875790834
1 5 0 8 0.0846962854266
8 60 0 8 0.0845255926251
44 49 0 8 0.0838909372687
40 52 0 8 0.0837123692036
5 19 0 8 0.0837046131492
3 25 0 8 0.0836752131581
38 57 0 8 0.0834418311715
5 20 0 8 0.0831302478909
25 38 0 8 0.0830014050007
10 13 0 8 0.0827673226595
33 39 0 8 0.0820778980851
41 68 0 8 0.0820399001241
9 49 0 8 0.0817108973861
8 11 0 8 0.0817016512156
16 66 0 8 0.0814021602273
3 45 0 8 0.0813976302743
61 69 0 8 0.0812225416303
28 56 0 8 0.0811408609152
26 72 0 8 0.0809927657247
59 64 0 8 0.0809281468391
27 34 0 8 0.0807875618339
37 67 0 8 0.0807395204902
24 71 0 8 0.0807297304273
1 71 0 8 0.0807212069631
1 25 0 8 0.0804694592953
25 66 0 8 0.0804482921958
35 38 0 8 0.0802704170346
17 38 0 8 0.0796791985631
20 60 0 8 0.0795864164829
7 65 0 8 0.0793282538652
7 36 0 8 0.0789861232042
49 71 0 8 0.0789609178901
31 60 0 8 0.0788530483842
25 73 0 8 0.0782798454165
7 23 0 8 0.0782674700022
63 67 0 8 0.0777834057808
27 35 0 8 0.0775662958622
39 46 0 8 0.0772742629051
19 68 0 8 0.0772622078657
7 70 0 8 0.0771511644125
9 27 0 8 0.0771214812994
21 28 0 8 0.0769816935062
2 71 0 8 0.0769468769431
4 69 0 8 0.076584033668
44 64 0 8 0.0761745944619
25 44 0 8 0.0756748989224
44 51 0 8 0.0755385756493
31 66 0 8 0.0753227695823
23 71 0 8 0.0751768872142
37 56 0 8 0.0741810873151
24 63 0 8 0.0738826319575
3 40 0 8 0.0730913206935
50 54 0 8 0.0729461759329
34 52 0 8 0.0721648037434
1 43 0 8 0.0721623301506
8 40 0 8 0.0720599591732
27 70 0 8 0.0719463378191
8 13 0 8 0.0715278238058
26 70 0 8 0.0713804215193
4 72 0 8 0.070756405592
29 67 0 8 0.0707307979465
49 69 0 8 0.0702680498362
9 20 0 8 0.0701336190104
2 27 0 8 0.0700564160943
10 38 0 8 0.0697548910975
23 42 0 8 0.0696613267064
2 44 0 8 0.0696343332529
25 69 0 8 0.0695895403624
24 46 0 8 0.0694356262684
61 65 0 8 0.069201759994
20 69 0 8 0.0690815672278
18 73 0 8 0.0688685774803
2 39 0 8 0.0687888637185
38 53 0 8 0.0687240585685
2 23 0 8 0.068645760417
17 42 0 8 0.0685254856944
7 29 0 8 0.0669474750757
4 31 0 8 0.06678147614
9 39 0 8 0.0664028376341
7 71 0 8 0.0660422295332
6 29 0 8 0.0659924969077
7 26 0 8 0.0659524351358
6 28 0 8 0.0655744001269
11 19 0 8 0.0652707666159
10 63 0 8 0.0650132894516
38 67 0 8 0.0648816898465
27 36 0 8 0.0647687986493
8 19 0 8 0.0647278875113
4 70 0 8 0.0646305382252
25 46 0 8 0.064561329782
38 73 0 8 0.0645172595978
5 23 0 8 0.0643147751689
30 68 0 8 0.0643025115132
19 72 0 8 0.0640039220452
15 64 0 8 0.0639223232865
16 28 0 8 0.0638550296426
30 66 0 8 0.0634233951569
44 47 0 8 0.0634121224284
28 34 0 8 0.0633872449398
38 52 0 8 0.0633842051029
29 36 0 8 0.0631540492177
8 70 0 8 0.0630913898349
24 72 0 8 0.0623451545835
42 52 0 8 0.0623133964837
43 47 0 8 0.0622954405844
13 38 0 8 0.0622188560665
10 35 0 8 0.0622121654451
28 36 0 8 0.0619587823749
62 65 0 8 0.0609766803682
45 52 0 8 0.0609304606915
50 57 0 8 0.0607867799699
16 42 0 8 0.0601234473288
27 69 0 8 0.0600226148963
27 72 0 8 0.0598170123994
1 44 0 8 0.0594390556216
50 56 0 8 0.0593225471675
4 27 0 8 0.0592753328383
15 73 0 8 0.0592166818678
5 67 0 8 0.0591117553413
64 67 0 8 0.0590259805322
20 39 0 8 0.0589208714664
27 73 0 8 0.0588662549853
16 30 0 8 0.0583439804614
11 14 0 8 0.0582382343709
2 28 0 8 0.0581761114299
23 39 0 8 0.0581172779202
7 57 0 8 0.0578728839755
24 48 0 8 0.0574959665537
23 38 0 8 0.0571618936956
34 60 0 8 0.0570146888494
5 26 0 8 0.0568224601448
1 66 0 8 0.0566183887422
49 60 0 8 0.0566072873771
5 44 0 8 0.056454654783
5 72 0 8 0.0562576837838
42 53 0 8 0.0561240836978
3 28 0 8 0.0560352616012
9 69 0 8 0.0559769645333
8 69 0 8 0.0559736229479
40 72 0 8 0.0559252016246
40 45 0 8 0.0557517185807
37 73 0 8 0.055127710104
28 69 0 8 0.0550079904497
6 48 0 8 0.054739177227
9 17 0 8 0.0547334514558
45 51 0 8 0.0544571503997
23 47 0 8 0.0543075948954
56 66 0 8 0.0542515777051
9 64 0 8 0.0541939288378
6 23 0 8 0.054094940424
57 68 0 8 0.0539963543415
15 66 0 8 0.0538998618722
6 42 0 8 0.0538485385478
1 29 0 8 0.053454708308
24 41 0 8 0.0531605035067
40 46 0 8 0.053033977747
19 55 0 8 0.0528992675245
20 71 0 8 0.0526979863644
8 64 0 8 0.0526419430971
28 35 0 8 0.0525016412139
5 54 0 8 0.0524769388139
15 68 0 8 0.0522493049502
42 67 0 8 0.051930937916
8 41 0 8 0.0519182980061
48 57 0 8 0.0519067384303
3 48 0 8 0.0518528260291
29 73 0 8 0.0516305789351
1 45 0 8 0.051557675004
24 52 0 8 0.051455643028
25 60 0 8 0.0512718856335
25 70 0 8 0.0511078462005
10 30 0 8 0.0510004013777
42 69 0 8 0.0509923100471
61 68 0 8 0.0509526468813
3 69 0 8 0.050850585103
54 71 0 8 0.0506470091641
2 45 0 8 0.0505969673395
40 54 0 8 0.0503222718835
31 67 0 8 0.0501650124788
48 68 0 8 0.0500653535128
42 64 0 8 0.049936644733
41 52 0 8 0.04983798787
15 62 0 8 0.0495751686394
20 56 0 8 0.0495198518038
2 26 0 8 0.0493992641568
38 49 0 8 0.0493468381464
23 48 0 8 0.0492271780968
33 72 0 8 0.0492158867419
41 71 0 8 0.0491755828261
1 73 0 8 0.0490550622344
1 6 0 8 0.0490400791168
38 54 0 8 0.0490241497755
37 50 0 8 0.0488495603204
1 28 0 8 0.0488253049552
7 28 0 8 0.0487730912864
36 52 0 8 0.0485712848604
19 65 0 8 0.0483993925154
45 71 0 8 0.0483681932092
43 49 0 8 0.0481252782047
48 70 0 8 0.0479387640953
51 60 0 8 0.0479080751538
23 45 0 8 0.0479023344815
15 37 0 8 0.0478302687407
30 67 0 8 0.0477936901152
8 71 0 8 0.0477527193725
50 63 0 8 0.0477208867669
63 69 0 8 0.0476188957691
67 71 0 8 0.0474192164838
8 57 0 8 0.0473928190768
36 53 0 8 0.0472736507654
1 26 0 8 0.0471816286445
36 54 0 8 0.0471271537244
28 72 0 8 0.047056555748
28 60 0 8 0.0469986610115
9 34 0 8 0.0469743199646
2 50 0 8 0.0469611920416
39 47 0 8 0.0468992143869
26 34 0 8 0.0468928217888
1 70 0 8 0.0467332303524
16 71 0 8 0.0465855114162
42 57 0 8 0.0464441515505
19 62 0 8 0.0463130436838
5 37 0 8 0.0463111363351
16 69 0 8 0.0462050996721
5 57 0 8 0.04615489766
22 65 0 8 0.0460774973035
55 60 0 8 0.0460545942187
1 46 0 8 0.0460008084774
37 52 0 8 0.0459824278951
20 72 0 8 0.045607753098
52 60 0 8 0.0455992668867
23 49 0 8 0.0454243160784
26 37 0 8 0.045326884836
12 31 0 8 0.0452119261026
6 54 0 8 0.0451446771622
57 71 0 8 0.0448468923569
4 52 0 8 0.0447743646801
1 19 0 8 0.0444783642888
27 43 0 8 0.044362064451
26 29 0 8 0.0442607440054
13 31 0 8 0.0441863834858
39 72 0 8 0.0441670157015
9 71 0 8 0.0440822653472
57 63 0 8 0.0439783260226
7 56 0 8 0.0438991934061
10 34 0 8 0.0433100499213
1 42 0 8 0.0432295501232
27 33 0 8 0.0430312231183
1 47 0 8 0.0430246666074
10 68 0 8 0.0429704897106
42 60 0 8 0.0429081954062
4 68 0 8 0.0428302064538
26 32 0 8 0.0425896979868
26 62 0 8 0.042537573725
3 46 0 8 0.042536765337
43 50 0 8 0.0424903072417
42 68 0 8 0.0424419492483
37 49 0 8 0.0422752946615
31 72 0 8 0.0422520451248
23 66 0 8 0.0422510355711
31 57 0 8 0.0420882739127
24 51 0 8 0.042046174407
29 34 0 8 0.0420082397759
45 53 0 8 0.0419458709657
41 53 0 8 0.0416787303984
32 68 0 8 0.0416145659983
49 54 0 8 0.0415728501976
46 52 0 8 0.0414899140596
41 69 0 8 0.0413311980665
37 51 0 8 0.0411543026567
58 69 0 8 0.0411495678127
2 25 0 8 0.0411212742329
65 69 0 8 0.0410994663835
16 73 0 8 0.04109537974
39 54 0 8 0.0410849973559
6 25 0 8 0.0410065166652
65 68 0 8 0.0408351458609
16 36 0 8 0.0406448617578
1 20 0 8 0.0405542813241
42 51 0 8 0.0405147448182
5 29 0 8 0.0404968969524
28 70 0 8 0.0402390211821
3 39 0 8 0.0401322171092
31 65 0 8 0.0400557629764
51 72 0 8 0.0400200001895
51 71 0 8 0.0397895127535
51 59 0 8 0.0395813845098
41 57 0 8 0.0395667776465
52 72 0 8 0.0393725037575
12 65 0 8 0.0393689796329
41 56 0 8 0.0392463877797
25 56 0 8 0.0391792990267
9 31 0 8 0.0391669236124
10 19 0 8 0.0391006916761
53 69 0 8 0.0390943028033
19 70 0 8 0.0390872880816
3 50 0 8 0.0389949083328
37 60 0 8 0.0389832928777
35 51 0 8 0.0389487706125
35 72 0 8 0.0385044664145
9 41 0 8 0.0383750610054
31 71 0 8 0.0382990650833
8 28 0 8 0.0382658392191
19 71 0 8 0.0381223894656
7 72 0 8 0.0380816496909
40 65 0 8 0.0379825942218
23 44 0 8 0.0378449074924
26 33 0 8 0.0377693660557
26 30 0 8 0.037751045078
35 53 0 8 0.0376750342548
7 31 0 8 0.0375073999166
40 63 0 8 0.0374225787818
57 72 0 8 0.037410594523
25 68 0 8 0.037324950099
1 24 0 8 0.0372705198824
42 55 0 8 0.0372391045094
51 70 0 8 0.0371391028166
1 59 0 8 0.0371075198054
3 23 0 8 0.0370936207473
68 73 0 8 0.0370353199542
24 28 0 8 0.0369693525136
19 39 0 8 0.0369205623865
6 30 0 8 0.0367909036577
26 44 0 8 0.0367802083492
7 63 0 8 0.0367387421429
34 56 0 8 0.0365637391806
42 65 0 8 0.0364673361182
50 72 0 8 0.0363932698965
23 65 0 8 0.0363859124482
49 70 0 8 0.0362142547965
16 68 0 8 0.0361578501761
28 42 0 8 0.0361512154341
7 49 0 8 0.0361348204315
16 56 0 8 0.0358793027699
40 73 0 8 0.0358436740935
1 68 0 8 0.0355387926102
48 69 0 8 0.03548046574
58 63 0 8 0.0352573059499
31 73 0 8 0.0350255854428
58 66 0 8 0.0349502526224
29 60 0 8 0.0348468571901
3 31 0 8 0.0348058864474
13 32 0 8 0.034695982933
29 42 0 8 0.0346729978919
10 64 0 8 0.0346604548395
9 28 0 8 0.0346378535032
27 66 0 8 0.0345712788403
6 36 0 8 0.0345555953681
32 66 0 8 0.034517865628
4 49 0 8 0.0345037654042
1 40 0 8 0.0343463122845
38 48 0 8 0.0342312604189
25 47 0 8 0.0342288166285
4 60 0 8 0.0341071225703
34 72 0 8 0.034023348242
20 42 0 8 0.0339423343539
45 60 0 8 0.0338922999799
20 37 0 8 0.0337987616658
52 71 0 8 0.0334446169436
13 34 0 8 0.033365894109
24 49 0 8 0.0333368554711
49 72 0 8 0.0332806371152
39 57 0 8 0.0332648642361
7 41 0 8 0.0332168713212
53 73 0 8 0.0331731773913
3 22 0 8 0.0331492349505
47 52 0 8 0.0330028608441
5 30 0 8 0.0329774916172
3 51 0 8 0.0328917503357
35 73 0 8 0.0328346453607
17 40 0 8 0.0325585491955
41 50 0 8 0.0324969552457
2 24 0 8 0.0324893705547
12 64 0 8 0.0324497744441
32 72 0 8 0.0321581363678
16 63 0 8 0.0321456491947
1 60 0 8 0.0320270769298
16 37 0 8 0.0320051647723
10 33 0 8 0.0319716781378
16 70 0 8 0.0319638773799
25 52 0 8 0.0319605767727
2 40 0 8 0.0318788029253
36 71 0 8 0.0318401604891
1 39 0 8 0.0317642465234
8 72 0 8 0.0316013544798
34 53 0 8 0.0315444618464
24 39 0 8 0.0313759222627
41 70 0 8 0.0313602462411
5 59 0 8 0.0313440226018
30 56 0 8 0.0313205979764
8 29 0 8 0.0312189143151
26 60 0 8 0.0309927687049
11 66 0 8 0.0309137851
11 67 0 8 0.0308442786336
59 68 0 8 0.0308186337352
32 57 0 8 0.0307925697416
56 61 0 8 0.0307855922729
5 32 0 8 0.0306525845081
29 41 0 8 0.0305949505419
16 72 0 8 0.0305282697082
33 57 0 8 0.0304895192385
1 31 0 8 0.0301229394972
37 48 0 8 0.0301040187478
15 69 0 8 0.0300385486335
4 30 0 8 0.0300200749189
43 48 0 8 0.0299551896751
26 47 0 8 0.029886810109
8 63 0 8 0.0298434030265
6 57 0 8 0.0298298690468
21 44 0 8 0.0298292972147
2 46 0 8 0.0298195630312
1 22 0 8 0.0297277420759
39 55 0 8 0.0296708252281
43 68 0 8 0.029649855569
7 24 0 8 0.0295626446605
7 35 0 8 0.0293451976031
23 41 0 8 0.0293435733765
50 60 0 8 0.0293127335608
2 63 0 8 0.0291260909289
30 72 0 8 0.0291152652353
7 61 0 8 0.0290571134537
23 26 0 8 0.0290477722883
12 66 0 8 0.028961636126
3 6 0 8 0.0289222486317
56 68 0 8 0.028922168538
29 69 0 8 0.0288913082331
52 70 0 8 0.0288609154522
33 69 0 8 0.028768254444
15 72 0 8 0.0287372749299
3 49 0 8 0.0285710319877
29 72 0 8 0.0285272393376
3 53 0 8 0.0284971240908
13 67 0 8 0.0284269042313
35 70 0 8 0.0283870752901
7 30 0 8 0.0283723603934
47 71 0 8 0.028367491439
12 67 0 8 0.0282609127462
25 29 0 8 0.0280662216246
39 67 0 8 0.0279495213181
41 63 0 8 0.0279387440532
23 70 0 8 0.0278924405575
7 13 0 8 0.0278893113136
1 50 0 8 0.0278228316456
34 57 0 8 0.0278190206736
45 66 0 8 0.0277174878865
15 65 0 8 0.027604283765
26 66 0 8 0.0275833439082
1 41 0 8 0.0275323390961
48 54 0 8 0.0274374224246
8 34 0 8 0.0273444782943
13 33 0 8 0.0272787418216
24 60 0 8 0.027228038758
2 70 0 8 0.0272151585668
3 68 0 8 0.0271718278527
63 68 0 8 0.0270970128477
49 73 0 8 0.0269624795765
15 60 0 8 0.0269559007138
4 38 0 8 0.0267440862954
54 72 0 8 0.0266828257591
48 60 0 8 0.0265001300722
22 71 0 8 0.0264461245388
2 52 0 8 0.0264267828315
31 59 0 8 0.0264104697853
5 49 0 8 0.0262568555772
53 68 0 8 0.0261099897325
1 63 0 8 0.0260920133442
38 63 0 8 0.0260070748627
16 39 0 8 0.0260016713291
41 72 0 8 0.0259910207242
13 55 0 8 0.0259525589645
29 71 0 8 0.0259254630655
15 71 0 8 0.0259241275489
22 73 0 8 0.0259225014597
11 35 0 8 0.0258329641074
34 70 0 8 0.0257882941514
54 73 0 8 0.0257494505495
43 66 0 8 0.0257409047335
39 64 0 8 0.0256822183728
59 69 0 8 0.0256633907557
3 67 0 8 0.0256429798901
11 43 0 8 0.0256377570331
40 59 0 8 0.0256250910461
27 60 0 8 0.0254696216434
37 54 0 8 0.0253493189812
9 70 0 8 0.0253466274589
53 72 0 8 0.0252502411604
7 54 0 8 0.0251829624176
53 58 0 8 0.0251546502113
23 46 0 8 0.0251470375806
47 73 0 8 0.0251278858632
43 64 0 8 0.0251011922956
3 30 0 8 0.0250957086682
5 73 0 8 0.0250939056277
8 59 0 8 0.0250150114298
4 29 0 8 0.024996003136
4 64 0 8 0.0249816849828
16 53 0 8 0.0249729175121
5 46 0 8 0.0248849317431
23 73 0 8 0.0248795356601
9 33 0 8 0.0247875135392
30 64 0 8 0.0247868802398
6 26 0 8 0.0247578136623
54 66 0 8 0.0247097872198
46 53 0 8 0.0246991701424
49 68 0 8 0.0246743541211
17 49 0 8 0.0246593039483
47 53 0 8 0.0242938809097
1 27 0 8 0.0242895819247
31 69 0 8 0.0241340212524
2 30 0 8 0.0241161212325
23 67 0 8 0.0240735076368
50 73 0 8 0.0240538325161
23 69 0 8 0.0239908359945
34 54 0 8 0.0239018313587
28 53 0 8 0.023808626458
2 6 0 8 0.0238055232912
37 61 0 8 0.02379610762
9 72 0 8 0.0237958077341
2 53 0 8 0.0237630158663
1 30 0 8 0.0235697999597
24 56 0 8 0.0234844423831
33 65 0 8 0.023447137326
50 59 0 8 0.0234170593321
37 63 0 8 0.0234063696116
13 66 0 8 0.0233729965985
2 68 0 8 0.0233509987593
1 51 0 8 0.0232342462987
9 61 0 8 0.0232269894332
31 56 0 8 0.0229570027441
4 45 0 8 0.0228643231094
19 73 0 8 0.0228426158428
12 68 0 8 0.0227050092071
2 61 0 8 0.0226972345263
32 73 0 8 0.0226225405931
15 38 0 8 0.0225914958864
41 73 0 8 0.0225710421801
7 42 0 8 0.0225555785
4 24 0 8 0.0224724877626
36 65 0 8 0.0224499832839
8 48 0 8 0.0224031247199
64 68 0 8 0.0223869308829
8 49 0 8 0.0223440323025
19 57 0 8 0.0223291888833
35 65 0 8 0.0223283916712
47 54 0 8 0.0222409609705
59 67 0 8 0.0222175586969
26 64 0 8 0.0221699625254
7 53 0 8 0.0221498254687
12 33 0 8 0.0221348702908
47 72 0 8 0.0221301224083
7 73 0 8 0.0221183206886
23 68 0 8 0.0220789276063
60 70 0 8 0.0220721233636
9 18 0 8 0.0220274869353
38 55 0 8 0.0219955425709
39 73 0 8 0.0218918733299
3 52 0 8 0.021842835471
8 20 0 8 0.0217908713967
60 73 0 8 0.0217893309891
4 46 0 8 0.0216945242137
43 51 0 8 0.0216656792909
2 31 0 8 0.0216148588806
3 66 0 8 0.0215601101518
13 27 0 8 0.0215109847486
7 64 0 8 0.0214944127947
10 73 0 8 0.0214904826134
6 65 0 8 0.0214857850224
36 39 0 8 0.0214738175273
9 57 0 8 0.0214649718255
41 60 0 8 0.0214510895312
3 27 0 8 0.0214383173734
4 53 0 8 0.0214279759675
1 49 0 8 0.0214174184948
32 40 0 8 0.0214133858681
32 67 0 8 0.0213938616216
48 73 0 8 0.0213825870305
9 56 0 8 0.0212953649461
30 41 0 8 0.0212413929403
2 60 0 8 0.0212362892926
27 57 0 8 0.0211716704071
21 42 0 8 0.0211680885404
12 63 0 8 0.0211289208382
1 38 0 8 0.0211275592446
50 55 0 8 0.0210831277072
24 38 0 8 0.0210523176938
38 65 0 8 0.0210300367326
2 19 0 8 0.0209515895694
1 61 0 8 0.0209485571831
23 28 0 8 0.0208869371563
46 73 0 8 0.0208708420396
44 52 0 8 0.0208295769989
47 56 0 8 0.0207363869995
20 68 0 8 0.0207202620804
34 71 0 8 0.0206762272865
16 67 0 8 0.0206728037447
36 58 0 8 0.0205975901335
12 38 0 8 0.0205852426589
2 7 0 8 0.0205620341003
1 56 0 8 0.0205396264791
4 65 0 8 0.0205220356584
17 72 0 8 0.0204883478582
33 56 0 8 0.0204447638243
23 54 0 8 0.02039164491
44 65 0 8 0.0203793980181
31 64 0 8 0.0203728638589
54 65 0 8 0.0203594211489
2 66 0 8 0.0203453414142
39 65 0 8 0.0202853642404
7 52 0 8 0.0202461518347
28 64 0 8 0.0202279761434
10 44 0 8 0.0202038828284
12 71 0 8 0.0201925300062
22 60 0 8 0.0201857201755
23 52 0 8 0.0201495885849
5 48 0 8 0.0201317686588
18 29 0 8 0.020105632022
50 71 0 8 0.0200925730169
23 50 0 8 0.0200727824122
22 52 0 8 0.0200632847846
67 70 0 8 0.0200598891824
23 53 0 8 0.0200587548316
12 37 0 8 0.020053062588
9 73 0 8 0.0200509633869
51 69 0 8 0.0200455151498
2 22 0 8 0.0200440268964
43 52 0 8 0.0200291778892
43 53 0 8 0.0200186930597
3 34 0 8 0.0200128015131
42 70 0 8 0.0199727583677
36 57 0 8 0.0199593640864
12 60 0 8 0.0199460871518
23 27 0 8 0.0199435222894
6 49 0 8 0.019902927801
39 59 0 8 0.0198903474957
42 72 0 8 0.0198366679251
42 63 0 8 0.0198292993009
44 63 0 8 0.0197846833616
66 71 0 8 0.0197762083262
6 73 0 8 0.0197581835091
8 27 0 8 0.0197026077658
35 52 0 8 0.0196940675378
25 50 0 8 0.0196648053825
3 56 0 8 0.0196601226926
26 46 0 8 0.0196218658239
46 65 0 8 0.0196121465415
33 63 0 8 0.0195929389447
28 65 0 8 0.0195288695395
47 68 0 8 0.0195173043758
8 56 0 8 0.019507355988
19 31 0 8 0.0194918718189
34 73 0 8 0.0194882676005
46 57 0 8 0.0194540973753
26 49 0 8 0.0194163881242
2 29 0 8 0.0193869769573
58 68 0 8 0.0193742718548
31 70 0 8 0.0193710699677
7 32 0 8 0.0193621441722
25 37 0 8 0.0193395186216
5 63 0 8 0.0193220227957
2 69 0 8 0.0193165838718
19 29 0 8 0.0193069837987
33 73 0 8 0.0193049591035
12 35 0 8 0.0192878171802
6 56 0 8 0.0192788038403
31 53 0 8 0.0192594248801
1 52 0 8 0.019223684445
26 65 0 8 0.0192200075835
27 44 0 8 0.0192060079426
24 29 0 8 0.0191951375455
25 34 0 8 0.0191367957741
38 59 0 8 0.01912561059
37 62 0 8 0.01906593889
14 31 0 8 0.0190296210349
47 57 0 8 0.0189329292625
57 67 0 8 0.0189298689365
11 68 0 8 0.0189073961228
13 65 0 8 0.018906056881
8 50 0 8 0.018864557147
32 63 0 8 0.0188574995846
26 31 0 8 0.0188430268317
35 39 0 8 0.018794413656
17 43 0 8 0.0187249835581
11 30 0 8 0.0187079980969
44 53 0 8 0.0186907611787
17 57 0 8 0.0186590515077
2 20 0 8 0.0186407733709
10 14 0 8 0.018622899428
12 61 0 8 0.0185940638185
53 70 0 8 0.0185876544565
27 67 0 8 0.018568245694
29 53 0 8 0.0185555685312
23 62 0 8 0.0185207780451
15 63 0 8 0.0185016673058
4 66 0 8 0.0184805151075
1 7 0 8 0.0184746272862
35 56 0 8 0.0184698756784
12 72 0 8 0.0184617247432
37 57 0 8 0.0184527151287
9 53 0 8 0.0183532554656
22 72 0 8 0.0183483529836
4 48 0 8 0.0183467641473
7 34 0 8 0.0183396693319
25 61 0 8 0.0183316469193
1 57 0 8 0.0182970799506
21 47 0 8 0.0182719528675
48 63 0 8 0.0182710681111
42 59 0 8 0.0182494334877
31 41 0 8 0.0182327721268
7 33 0 8 0.0181621648371
11 44 0 8 0.018160501495
22 46 0 8 0.0181319303811
17 63 0 8 0.0181304458529
9 30 0 8 0.0181252807379
20 41 0 8 0.018099039793
9 48 0 8 0.0180917140096
36 60 0 8 0.0180248785764
32 60 0 8 0.0180110465735
39 63 0 8 0.0179845765233
3 47 0 8 0.0179676059633
19 42 0 8 0.017956495285
40 55 0 8 0.0179427266121
53 60 0 8 0.0179412737489
36 67 0 8 0.017934627831
32 41 0 8 0.017877843231
5 61 0 8 0.0178552344441
1 32 0 8 0.0178028047085
59 71 0 8 0.0177482496947
1 34 0 8 0.0177305340767
56 73 0 8 0.0177291408181
1 48 0 8 0.0177023299038
6 15 0 8 0.0176580566913
30 71 0 8 0.0176559556276
24 70 0 8 0.0176523588598
46 56 0 8 0.017646363005
19 37 0 8 0.0176461152732
5 50 0 8 0.0176359526813
3 20 0 8 0.0176165495068
56 67 0 8 0.0176001172513
52 69 0 8 0.017589699477
26 36 0 8 0.0175537448376
45 59 0 8 0.0175431463867
7 59 0 8 0.0175279248506
8 73 0 8 0.0175128970295
12 30 0 8 0.0174848996103
12 52 0 8 0.0174848828465
50 69 0 8 0.0174008719623
46 60 0 8 0.0173799637705
27 56 0 8 0.0173476152122
66 72 0 8 0.0173476152122
17 68 0 8 0.0173376034945
3 63 0 8 0.017313176766
35 57 0 8 0.0173076856881
33 71 0 8 0.0173053573817
28 43 0 8 0.0172884427011
1 67 0 8 0.0172852352262
56 70 0 8 0.0172460265458
16 57 0 8 0.0172373726964
41 65 0 8 0.0172287877649
17 71 0 8 0.0172273274511
47 70 0 8 0.0172130353749
2 32 0 8 0.0171755254269
1 64 0 8 0.0171608645469
48 66 0 8 0.0171503890306
15 42 0 8 0.0171248652041
7 50 0 8 0.0171147622168
7 48 0 8 0.0170762557536
57 70 0 8 0.0170595534146
22 45 0 8 0.0170309599489
30 60 0 8 0.0170296411961
32 70 0 8 0.0169790778309
54 70 0 8 0.0169658157974
52 66 0 8 0.016958007589
3 29 0 8 0.0169304627925
9 25 0 8 0.0169041566551
56 72 0 8 0.0168942790478
54 69 0 8 0.0168586354703
1 69 0 8 0.0168506409973
23 61 0 8 0.0168159399182
23 43 0 8 0.0167878028005
66 70 0 8 0.0167698990554
13 61 0 8 0.016753859818
31 62 0 8 0.0167485978454
10 32 0 8 0.0167463440448
31 52 0 8 0.0167455039918
29 65 0 8 0.0167443975806
7 45 0 8 0.0166934523731
58 64 0 8 0.0166893433779
16 41 0 8 0.0166766252369
48 55 0 8 0.0166507773101
2 49 0 8 0.0165959335864
19 26 0 8 0.0165645219386
29 64 0 8 0.0165351238102
52 73 0 8 0.0165078509599
24 59 0 8 0.0164856705815
13 37 0 8 0.0164831578732
25 51 0 8 0.0164801273495
6 9 0 8 0.0164318233728
9 50 0 8 0.0164313223213
7 17 0 8 0.0164220761508
23 51 0 8 0.0164220146835
10 42 0 8 0.0164124984294
2 38 0 8 0.0164020173252
27 65 0 8 0.0163931120187
11 31 0 8 0.0163506008685
11 64 0 8 0.0163068063557
10 61 0 8 0.0162975694984
25 31 0 8 0.0162811558694
20 31 0 8 0.0162775982171
3 60 0 8 0.0162672847509
10 46 0 8 0.0162449050695
17 30 0 8 0.0162394363433
8 30 0 8 0.0162279065698
30 63 0 8 0.0162043087184
9 42 0 8 0.0161988213658
35 62 0 8 0.0161905102432
28 45 0 8 0.0161709245294
32 65 0 8 0.016163174063
4 26 0 8 0.0161452889442
32 64 0 8 0.0161179993302
8 33 0 8 0.0161140747368
34 61 0 8 0.0161071959883
45 57 0 8 0.0160977225751
37 66 0 8 0.0160938948393
41 55 0 8 0.0160805340856
10 48 0 8 0.0160380396992
19 41 0 8 0.0159849561751
6 63 0 8 0.0159639231861
2 62 0 8 0.0159371942282
1 54 0 8 0.0159205123782
6 47 0 8 0.0159063022584
36 59 0 8 0.0158632993698
32 56 0 8 0.0158566311002
3 32 0 8 0.0158254224807
22 40 0 8 0.0158173907548
16 26 0 8 0.0157782956958
62 68 0 8 0.0157506391406
46 55 0 8 0.015749366954
15 67 0 8 0.015743220225
47 63 0 8 0.0157005544752
2 33 0 8 0.0156773738563
11 34 0 8 0.015660604462
2 48 0 8 0.01564479433
30 65 0 8 0.0156394410878
35 60 0 8 0.0156384725124
33 67 0 8 0.0156338717788
11 56 0 8 0.0156271066517
19 53 0 8 0.0156128173694
15 29 0 8 0.0155898658559
6 53 0 8 0.01556792669
60 72 0 8 0.0154940802604
9 14 0 8 0.0154747730121
11 52 0 8 0.0154720488936
26 67 0 8 0.0154697466642
8 25 0 8 0.0154110528529
20 70 0 8 0.0154075734317
35 71 0 8 0.0153929600492
7 18 0 8 0.015351690352
4 67 0 8 0.0153429070488
12 32 0 8 0.0153426546603
2 56 0 8 0.0153258498758
16 65 0 8 0.0153107894585
6 59 0 8 0.0153071377426
12 53 0 8 0.0152884982526
15 40 0 8 0.0152501109987
11 33 0 8 0.0152221303433
36 61 0 8 0.0152168981731
10 62 0 8 0.0152160339057
28 57 0 8 0.0152004230767
11 73 0 8 0.0151744410396
21 46 0 8 0.015145550482
8 17 0 8 0.0151438079774
1 53 0 8 0.0151434037834
6 18 0 8 0.0151239437982
1 62 0 8 0.0151084465906
5 55 0 8 0.015091101639
46 63 0 8 0.0150884231552
10 56 0 8 0.015087925829
17 65 0 8 0.0150762740523
2 64 0 8 0.0150718074292
62 69 0 8 0.0150391533971
21 71 0 8 0.0150359189138
4 62 0 8 0.0150335039943
36 70 0 8 0.01495828107
21 39 0 8 0.0149521064013
3 61 0 8 0.0149491149932
55 71 0 8 0.0149311637506
40 44 0 8 0.0149262128398
25 57 0 8 0.0148978866637
17 67 0 8 0.0148597750813
34 65 0 8 0.0148536190391
45 67 0 8 0.0148136420175
9 59 0 8 0.0148003352806
41 64 0 8 0.014773174189
7 55 0 8 0.014753122814
27 64 0 8 0.0147158037871
55 72 0 8 0.014703723602
18 28 0 8 0.0146900108084
23 37 0 8 0.0146601069719
4 7 0 8 0.0146410455927
29 56 0 8 0.0146329654381
4 61 0 8 0.014626359567
10 69 0 8 0.0146006932482
27 45 0 8 0.0145739810541
46 71 0 8 0.0145307239145
37 55 0 8 0.0145265730098
29 70 0 8 0.0145037090406
30 62 0 8 0.0144960368052
18 66 0 8 0.0144482329488
25 67 0 8 0.0144468341023
8 43 0 8 0.0144257210195
3 57 0 8 0.0144203053787
17 73 0 8 0.0143793961033
5 8 0 8 0.0143747609109
3 54 0 8 0.0143510261551
3 62 0 8 0.0143337156624
38 61 0 8 0.0143323680386
28 73 0 8 0.0143242264166
51 73 0 8 0.0143144875765
30 55 0 8 0.0142900450155
34 69 0 8 0.0142872780561
25 32 0 8 0.0142856268212
4 33 0 8 0.0142677426338
46 67 0 8 0.0142584107816
36 56 0 8 0.0142504312098
45 54 0 8 0.014231835492
9 62 0 8 0.0142250806093
5 65 0 8 0.0142157291993
12 34 0 8 0.0141820302233
20 73 0 8 0.0141627090052
2 67 0 8 0.0141360834241
6 33 0 8 0.0140279689804
22 53 0 8 0.0139665547758
42 54 0 8 0.0139479693025
2 51 0 8 0.0139341317117
8 18 0 8 0.0139320231974
20 59 0 8 0.0138919558376
19 45 0 8 0.0138769857585
17 66 0 8 0.0138759613037
10 72 0 8 0.0138663146645
41 54 0 8 0.0138435447589
2 47 0 8 0.0138179976493
19 61 0 8 0.0138074103743
2 37 0 8 0.0137360785156
45 72 0 8 0.0137297501788
49 59 0 8 0.0136816902086
36 64 0 8 0.0136465299875
22 42 0 8 0.0136442380026
22 49 0 8 0.0136425578967
26 35 0 8 0.0136281661689
33 60 0 8 0.0135953230783
4 55 0 8 0.0135878305882
24 47 0 8 0.0135865649208
7 58 0 8 0.0135864764452
15 57 0 8 0.0135785154998
3 38 0 8 0.0135740069672
2 57 0 8 0.0135698253289
4 50 0 8 0.0135576911271
27 63 0 8 0.013555675745
57 62 0 8 0.0135514046997
37 40 0 8 0.0135481348261
45 73 0 8 0.0135310795158
43 67 0 8 0.0135183809325
37 64 0 8 0.0135149406269
24 69 0 8 0.0135029694065
8 51 0 8 0.0134946955368
22 26 0 8 0.0134941749275
34 40 0 8 0.0134820053354
50 70 0 8 0.0134720392525
37 59 0 8 0.0134530216455
25 48 0 8 0.0134402178228
15 59 0 8 0.0134326582775
16 49 0 8 0.0133859394118
18 40 0 8 0.0133728021756
13 54 0 8 0.0133070098236
37 65 0 8 0.0133019713685
13 64 0 8 0.0132903354242
52 68 0 8 0.013234985061
34 62 0 8 0.0132287088782
17 39 0 8 0.0132230520248
36 66 0 8 0.0131989577785
4 47 0 8 0.0131823420525
33 66 0 8 0.0131584135816
2 59 0 8 0.0131346900016
12 49 0 8 0.0131219746545
46 70 0 8 0.0130995232612
42 73 0 8 0.0130929537117
10 60 0 8 0.0130912465975
32 71 0 8 0.0130891716108
6 35 0 8 0.0130809498951
11 45 0 8 0.0130693214014
9 55 0 8 0.0130541315302
24 67 0 8 0.0130433421582
11 53 0 8 0.0130394017324
6 51 0 8 0.0129825277254
18 27 0 8 0.0129715828225
8 47 0 8 0.0129631003365
19 59 0 8 0.0129550788552
46 64 0 8 0.0129469903186
4 51 0 8 0.0129400398582
57 65 0 8 0.012896316126
26 56 0 8 0.012876778841
44 56 0 8 0.0128756929189
33 70 0 8 0.0128331333399
43 57 0 8 0.0128328977153
55 68 0 8 0.0128289116547
29 61 0 8 0.0128185404465
35 64 0 8 0.012817828916
19 52 0 8 0.0128144444898
35 55 0 8 0.0127530023456
5 51 0 8 0.0127350641415
25 33 0 8 0.0127118714154
4 23 0 8 0.0127060562372
12 70 0 8 0.0126793393865
13 28 0 8 0.0126625588164
31 61 0 8 0.0126601206139
43 56 0 8 0.0126594956964
55 73 0 8 0.012652755715
4 54 0 8 0.0126523151994
22 61 0 8 0.0126429544762
8 61 0 8 0.0126354033127
15 31 0 8 0.0126242777333
31 63 0 8 0.0126197850332
3 55 0 8 0.0125958388671
50 66 0 8 0.0125652980059
43 54 0 8 0.0125622283667
26 57 0 8 0.0125277079642
1 12 0 8 0.0125162405893
4 20 0 8 0.0125123690814
5 34 0 8 0.0124863013625
1 65 0 8 0.0124821737409
7 46 0 8 0.012480545789
25 49 0 8 0.0124711757526
10 71 0 8 0.012469496578
10 59 0 8 0.0123696215451
9 32 0 8 0.012343027629
43 65 0 8 0.0123418476433
57 73 0 8 0.0123400865123
33 53 0 8 0.0123226521537
24 68 0 8 0.0123224267736
44 66 0 8 0.0123207597062
15 52 0 8 0.0123033998534
10 49 0 8 0.0122956717387
51 68 0 8 0.0122731719166
3 64 0 8 0.0122712235898
28 61 0 8 0.0122670801356
9 47 0 8 0.0122521715239
55 65 0 8 0.0122414594516
30 61 0 8 0.0122032463551
67 73 0 8 0.0121410377324
18 71 0 8 0.0121150445193
15 49 0 8 0.0121140452102
13 47 0 8 0.012102865614
46 72 0 8 0.0121017592028
5 47 0 8 0.0120969889686
29 57 0 8 0.0120954057202
20 67 0 8 0.0120296310633
29 63 0 8 0.0119514102116
6 43 0 8 0.011947513558
44 54 0 8 0.0119448853657
46 69 0 8 0.0119376778603
43 59 0 8 0.0119329206645
36 68 0 8 0.0119243105873
54 59 0 8 0.0119191715494
44 68 0 8 0.0119177959859
21 69 0 8 0.0118930917233
1 9 0 8 0.011888705194
21 38 0 8 0.0118331145495
16 48 0 8 0.0118302498013
19 49 0 8 0.0118190553039
21 50 0 8 0.0118116345257
12 73 0 8 0.0118008973077
15 30 0 8 0.0117963217199
49 55 0 8 0.0117763774469
3 65 0 8 0.0117658497766
35 59 0 8 0.0117621244863
47 60 0 8 0.0117546385154
7 51 0 8 0.0117110535502
20 63 0 8 0.0116952909157
34 67 0 8 0.011657926254
9 52 0 8 0.0116436397657
8 52 0 8 0.0116391191259
23 58 0 8 0.0116352578625
20 49 0 8 0.0116263721138
43 72 0 8 0.0116112418473
24 65 0 8 0.0116081237793
55 67 0 8 0.0116039114073
24 37 0 8 0.0115666072816
58 71 0 8 0.0115469004959
19 34 0 8 0.0115209734067
10 50 0 8 0.0115193286911
45 70 0 8 0.0115099493414
34 50 0 8 0.0115025909618
45 69 0 8 0.0114994412288
64 69 0 8 0.0114841870964
1 37 0 8 0.0114357965067
47 69 0 8 0.0114263994619
8 45 0 8 0.0114239333197
15 44 0 8 0.0114032346755
20 48 0 8 0.0113897398114
46 54 0 8 0.0113670285791
30 59 0 8 0.0113666746765
11 61 0 8 0.0113646341488
34 66 0 8 0.0113611081615
8 26 0 8 0.0113510442898
18 72 0 8 0.0113473106176
40 61 0 8 0.0113437687978
58 65 0 8 0.0112545741722
20 36 0 8 0.0112164597958
10 57 0 8 0.0111858341843
8 31 0 8 0.0111827384681
11 63 0 8 0.0111801819876
38 64 0 8 0.0111627206206
8 53 0 8 0.0111616514623
59 70 0 8 0.0111541487277
15 56 0 8 0.0111355884001
12 44 0 8 0.0111346226186
22 48 0 8 0.0111176557839
15 47 0 8 0.0110952192917
6 50 0 8 0.0110951354727
16 32 0 8 0.0110838720575
1 33 0 8 0.0110600693151
24 50 0 8 0.0110443923622
40 62 0 8 0.0110261626542
44 55 0 8 0.0110222324729
2 65 0 8 0.0110140228644
48 59 0 8 0.010980525054
12 69 0 8 0.0108612887561
5 9 0 8 0.0108591532335
15 45 0 8 0.0108564132825
45 64 0 8 0.0108520155773
59 72 0 8 0.0108478702605
55 69 0 8 0.0108354901895
46 66 0 8 0.0108315916732
26 48 0 8 0.0108213266358
21 48 0 8 0.0108014997095
39 61 0 8 0.0107882507145
7 47 0 8 0.0107379229739
43 60 0 8 0.0107318870723
47 55 0 8 0.0107315322384
25 59 0 8 0.0107260150835
12 45 0 8 0.010716133751
10 43 0 8 0.0107052354142
35 61 0 8 0.0106872515753
12 48 0 8 0.0106612332165
31 55 0 8 0.0106497174129
32 59 0 8 0.0106488028541
1 58 0 8 0.0106375701725
7 11 0 8 0.0106374351308
35 54 0 8 0.0106345750391
35 63 0 8 0.0106147360057
2 21 0 8 0.0106085184962
4 63 0 8 0.0105824647471
35 67 0 8 0.0105780716985
44 57 0 8 0.0105752078816
7 12 0 8 0.0105736013502
25 35 0 8 0.0105530023575
3 36 0 8 0.0105391358957
47 59 0 8 0.0105319879949
11 32 0 8 0.010523612611
21 40 0 8 0.0104909418151
43 71 0 8 0.0104891108349
4 56 0 8 0.0104277329519
22 27 0 8 0.0104254484177
20 30 0 8 0.0104253804311
11 51 0 8 0.0104051223025
13 57 0 8 0.0103800818324
36 51 0 8 0.0103688659146
15 61 0 8 0.0103378808126
1 55 0 8 0.0103294681758
9 46 0 8 0.0103160468861
44 71 0 8 0.0103127816692
30 73 0 8 0.010307575576
30 57 0 8 0.0102951340377
34 63 0 8 0.0102792643011
46 59 0 8 0.0102555695921
22 43 0 8 0.0102401310578
12 17 0 8 0.0101963700727
17 26 0 8 0.0101784942672
20 53 0 8 0.0101778786629
32 53 0 8 0.0101743387058
31 58 0 8 0.0101729370654
17 37 0 8 0.0101718567312
58 70 0 8 0.0101666916162
11 62 0 8 0.0101533224806
21 65 0 8 0.0101430863142
44 67 0 8 0.0101378448308
22 41 0 8 0.0101336929947
4 36 0 8 0.0101325064898
3 37 0 8 0.010131875053
13 50 0 8 0.0101193673909
39 58 0 8 0.0101144015789
12 57 0 8 0.010035565123
16 51 0 8 0.010027798824
30 70 0 8 0.0100014619529
11 46 0 8 0.00996931828558
24 57 0 8 0.00995583459735
51 58 0 8 0.00994655117393
46 68 0 8 0.00991086196154
15 41 0 8 0.00988630857319
22 47 0 8 0.00986833218485
16 34 0 8 0.00984868966043
44 59 0 8 0.00983330979943
24 33 0 8 0.00981446821243
13 62 0 8 0.00980158522725
49 66 0 8 0.00979591347277
13 45 0 8 0.00976781267673
32 69 0 8 0.00974661950022
22 44 0 8 0.00972814019769
21 45 0 8 0.00969878118485
34 64 0 8 0.00969203654677
10 70 0 8 0.0096805235371
21 73 0 8 0.00967775471509
7 62 0 8 0.00966033525765
36 69 0 8 0.00964425411075
22 50 0 8 0.00963588245213
12 43 0 8 0.009635604918
10 18 0 8 0.00963451620191
10 39 0 8 0.00960829015821
44 69 0 8 0.00960758235306
18 42 0 8 0.00959076918662
16 45 0 8 0.00957267638296
13 63 0 8 0.00953602790833
20 57 0 8 0.00953290704638
13 48 0 8 0.00953229516745
21 70 0 8 0.00952882505953
3 59 0 8 0.00952234584838
8 46 0 8 0.00952107366174
16 59 0 8 0.00951974187046
38 41 0 8 0.00951896887273
20 45 0 8 0.00949245784432
50 67 0 8 0.009486685507
42 61 0 8 0.00947342813015
5 15 0 8 0.00945930741727
29 62 0 8 0.00944775994867
9 45 0 8 0.00944288913161
43 69 0 8 0.00943783670664
13 49 0 8 0.00941393245012
30 42 0 8 0.00938865542412
11 72 0 8 0.0093648089096
19 48 0 8 0.00934400502592
4 32 0 8 0.00933369528502
4 59 0 8 0.00932081602514
39 62 0 8 0.00932055618614
12 62 0 8 0.00927354488522
45 68 0 8 0.00920669082552
49 63 0 8 0.00919308606535
25 30 0 8 0.0091489283368
61 70 0 8 0.00913428142667
15 32 0 8 0.009112986736
51 66 0 8 0.00908681470901
16 55 0 8 0.00907203927636
2 54 0 8 0.0090711908415
21 68 0 8 0.00906986650079
43 70 0 8 0.00906191579998
50 68 0 8 0.0090592103079
33 40 0 8 0.00905673671514
36 62 0 8 0.00904062949121
46 61 0 8 0.00903030578047
3 33 0 8 0.00902373250574
38 58 0 8 0.00900493934751
10 55 0 8 0.00896266847849
8 42 0 8 0.00895741395652
24 61 0 8 0.00891417171806
3 21 0 8 0.00890858378261
55 66 0 8 0.0088896965608
10 53 0 8 0.00888254866004
11 49 0 8 0.0088771386072
8 54 0 8 0.00886692479253
36 55 0 8 0.00883635692298
25 62 0 8 0.00881400797516
61 71 0 8 0.00877303257585
15 51 0 8 0.00877193361521
36 50 0 8 0.00876453518867
9 51 0 8 0.0087557118386
28 48 0 8 0.00872380845249
11 42 0 8 0.00872289668769
43 63 0 8 0.00871569290757
13 73 0 8 0.00871122442186
7 21 0 8 0.00870975013822
5 33 0 8 0.00869894959033
5 64 0 8 0.00869582034647
39 42 0 8 0.00869309622794
17 31 0 8 0.00866005569696
24 35 0 8 0.00862310640514
4 57 0 8 0.00862307753414
16 52 0 8 0.00855923257768
47 67 0 8 0.0085585936904
13 53 0 8 0.00854431465268
33 68 0 8 0.00852983351797
58 72 0 8 0.00849691685289
28 55 0 8 0.0084952423349
58 67 0 8 0.00848089996725
6 24 0 8 0.00846527237445
45 63 0 8 0.00843022298068
2 58 0 8 0.00842523388565
40 64 0 8 0.00841872673482
26 63 0 8 0.00839173886925
13 72 0 8 0.00837577879429
36 63 0 8 0.00836724042892
4 9 0 8 0.00836549606174
27 61 0 8 0.0083489222452
1 17 0 8 0.00834151171148
7 43 0 8 0.00833647977561
20 47 0 8 0.00833165645599
8 44 0 8 0.00827495846897
44 60 0 8 0.00826528295875
10 29 0 8 0.0082501238212
24 62 0 8 0.0082138562575
41 59 0 8 0.00819755345583
20 34 0 8 0.00815849006176
17 60 0 8 0.00814741943032
15 35 0 8 0.00814640615135
20 46 0 8 0.00814125686884
11 54 0 8 0.00813763402402
27 48 0 8 0.00810634996742
18 67 0 8 0.00810358580202
67 72 0 8 0.00808385573328
34 59 0 8 0.00806929729879
27 53 0 8 0.00806283392012
54 60 0 8 0.008046079427
35 68 0 8 0.00804157741368
16 50 0 8 0.00802572444081
20 32 0 8 0.00802173558623
26 51 0 8 0.00798261538148
45 65 0 8 0.00798029731959
23 55 0 8 0.00795794744045
52 59 0 8 0.0079528177157
11 57 0 8 0.00795092154294
26 50 0 8 0.0079466952011
13 60 0 8 0.00792198721319
16 33 0 8 0.00790540222079
11 48 0 8 0.00790450908244
34 51 0 8 0.00787525717169
38 62 0 8 0.00786721054465
12 47 0 8 0.00785784050822
6 44 0 8 0.00784634333104
6 61 0 8 0.0078437384218
50 65 0 8 0.00780509458855
12 29 0 8 0.00779419066384
33 59 0 8 0.00777222495526
29 59 0 8 0.00777057372034
16 61 0 8 0.00774917658418
17 53 0 8 0.00773655204102
48 61 0 8 0.00773396110162
18 56 0 8 0.00772767653689
31 42 0 8 0.00768745830283
56 65 0 8 0.0076708025299
12 50 0 8 0.00767057714984
43 73 0 8 0.0076667633839
2 34 0 8 0.0076657589525
1 15 0 8 0.00761206634343
26 53 0 8 0.0076071433723
21 37 0 8 0.00759291974828
10 17 0 8 0.00757974060252
14 65 0 8 0.00754816271365
1 16 0 8 0.0075390022248
28 62 0 8 0.00753701524809
44 73 0 8 0.00752541795373
48 67 0 8 0.00752421049401
53 66 0 8 0.0075227827765
13 68 0 8 0.00752277532592
29 55 0 8 0.00749590806663
33 61 0 8 0.00745194125921
14 30 0 8 0.00744825648144
20 65 0 8 0.00744345318526
32 61 0 8 0.00744247389957
8 55 0 8 0.0074244113639
25 53 0 8 0.00739472499117
18 60 0 8 0.0073872632347
16 47 0 8 0.00738047994673
17 55 0 8 0.007346205879
58 73 0 8 0.0073425383307
15 70 0 8 0.00734129734337
25 65 0 8 0.00732920086011
2 55 0 8 0.00729900086299
45 55 0 8 0.00727631570771
11 69 0 8 0.0072698155418
50 58 0 8 0.00726513005793
32 62 0 8 0.00726336566731
22 66 0 8 0.00726173631847
25 36 0 8 0.00724675366655
16 24 0 8 0.00724139017984
5 21 0 8 0.00723077123985
21 31 0 8 0.00717714661732
33 64 0 8 0.00715890014544
11 59 0 8 0.00713990163058
15 39 0 8 0.00712634623051
4 37 0 8 0.00711902882904
49 67 0 8 0.00710436562076
33 54 0 8 0.00708032259718
20 55 0 8 0.00707317562774
16 54 0 8 0.00706696975976
31 54 0 8 0.00705808168277
11 70 0 8 0.00705766724423
43 55 0 8 0.00705715641379
12 42 0 8 0.00697290571406
13 44 0 8 0.00695550069213
29 54 0 8 0.0069485316053
33 62 0 8 0.00692275352776
22 51 0 8 0.00691995769739
17 44 0 8 0.00691892905161
6 52 0 8 0.00688566826284
7 10 0 8 0.00687742698938
13 71 0 8 0.00687230238691
27 59 0 8 0.00686846626922
1 35 0 8 0.00684781419113
22 39 0 8 0.0068471878767
22 69 0 8 0.00682845478877
8 62 0 8 0.00681016268209
6 45 0 8 0.00680415052921
19 46 0 8 0.00677739875391
9 44 0 8 0.0067620286718
21 67 0 8 0.00676195137203
21 72 0 8 0.00675291009247
65 70 0 8 0.00674155913293
23 29 0 8 0.00673430878669
11 71 0 8 0.00671083945781
17 54 0 8 0.00670913560316
10 51 0 8 0.00669156387448
40 58 0 8 0.00665964791551
5 35 0 8 0.00665644649416
47 62 0 8 0.00664537958801
15 48 0 8 0.00662206718698
6 62 0 8 0.00659692054614
15 50 0 8 0.00659278733656
18 70 0 8 0.00658265221864
12 40 0 8 0.00656436150894
11 29 0 8 0.00652666576207
35 66 0 8 0.00652560545132
18 45 0 8 0.00651222094893
24 64 0 8 0.00650860648602
49 58 0 8 0.00649614958093
30 53 0 8 0.00648248102516
22 67 0 8 0.00647726561874
16 25 0 8 0.00646187039092
32 52 0 8 0.00643406575546
6 64 0 8 0.00641914922744
6 12 0 8 0.00641503604129
18 26 0 8 0.0063533578068
3 7 0 8 0.00634248182178
8 23 0 8 0.0063282805495
18 43 0 8 0.00632751872763
3 19 0 8 0.00632216595113
17 51 0 8 0.00631396984681
10 47 0 8 0.00629822863266
52 58 0 8 0.00629351241514
8 58 0 8 0.00629081437364
10 45 0 8 0.00628216424957
21 41 0 8 0.00623391987756
15 53 0 8 0.00621085334569
12 51 0 8 0.006205892656
28 63 0 8 0.0062003871426
12 39 0 8 0.00618894444779
44 70 0 8 0.00617794692516
21 63 0 8 0.00615720124915
43 58 0 8 0.00613744929433
14 69 0 8 0.006134102121
32 58 0 8 0.00612976960838
28 58 0 8 0.00612692907453
59 73 0 8 0.00611075386405
14 73 0 8 0.0061104237102
26 54 0 8 0.00609661452472
33 58 0 8 0.00609512394294
8 32 0 8 0.00608904892579
26 52 0 8 0.00608805054799
12 56 0 8 0.00607303902507
23 34 0 8 0.0060656350106
55 63 0 8 0.0060496693477
12 59 0 8 0.0060304319486
14 50 0 8 0.00602520629764
17 69 0 8 0.00601666839793
11 50 0 8 0.00600614584982
17 48 0 8 0.00599580118433
40 43 0 8 0.00597809674218
15 54 0 8 0.005957193207
13 52 0 8 0.00593411456794
16 46 0 8 0.00593292200938
24 58 0 8 0.00591458054259
15 46 0 8 0.00590728456154
11 55 0 8 0.00590666569769
30 43 0 8 0.00585874682292
22 70 0 8 0.0058460845612
38 46 0 8 0.00584597652778
21 29 0 8 0.00584487942979
53 67 0 8 0.00580080458894
6 13 0 8 0.00579565903172
2 36 0 8 0.00579393422231
13 69 0 8 0.00579268159345
28 59 0 8 0.00579252513126
3 18 0 8 0.00579035282135
35 58 0 8 0.00578833324835
13 42 0 8 0.00578411715105
3 58 0 8 0.00576519966125
62 70 0 8 0.0057582068257
24 53 0 8 0.00572262331843
4 35 0 8 0.00572211295366
1 18 0 8 0.00571838906035
22 62 0 8 0.00571376038715
36 48 0 8 0.00569768901914
34 58 0 8 0.00568942306563
10 52 0 8 0.00567442877218
5 62 0 8 0.00566986761987
5 22 0 8 0.00566806690767
32 54 0 8 0.00566680915654
16 43 0 8 0.00566575862467
37 41 0 8 0.0056567825377
17 46 0 8 0.00563068687916
9 23 0 8 0.00562755065039
21 43 0 8 0.00561441667378
48 65 0 8 0.00561399618164
20 61 0 8 0.0056086294353
41 61 0 8 0.00560861360282
26 61 0 8 0.00560189178213
12 41 0 8 0.00555952591822
4 8 0 8 0.00555131724104
17 47 0 8 0.00552468048409
65 71 0 8 0.00549479294568
19 51 0 8 0.00548231834546
10 54 0 8 0.00547062885016
27 46 0 8 0.00546902837232
48 58 0 8 0.00546474242583
4 19 0 8 0.0054399613291
10 31 0 8 0.00541816372424
9 24 0 8 0.00537464814261
47 65 0 8 0.00535858701915
14 37 0 8 0.00533207133412
51 62 0 8 0.00532755907625
17 64 0 8 0.00532644242048
42 62 0 8 0.00531967589632
18 68 0 8 0.00529036764055
12 46 0 8 0.00528960954398
21 49 0 8 0.00526046799496
38 42 0 8 0.00525568658486
31 50 0 8 0.00525161251426
29 43 0 8 0.00523541867733
50 61 0 8 0.00520360097289
12 28 0 8 0.00518928933889
10 40 0 8 0.00517706014216
12 55 0 8 0.00516928080469
33 55 0 8 0.0051592043601
23 64 0 8 0.00513092661276
46 58 0 8 0.00512739550322
31 51 0 8 0.00512021547183
34 55 0 8 0.00508766341954
27 54 0 8 0.00508623942733
30 52 0 8 0.0050812298432
13 46 0 8 0.00507389754057
44 72 0 8 0.00506994407624
17 56 0 8 0.00505628343672
14 66 0 8 0.00503635266796
4 16 0 8 0.00500771775842
17 50 0 8 0.0049798283726
4 34 0 8 0.00497839227319
28 51 0 8 0.00496022542939
17 52 0 8 0.00495780399069
39 45 0 8 0.00494588073343
23 33 0 8 0.00493639009073
22 59 0 8 0.00492213014513
41 62 0 8 0.00488360226154
13 39 0 8 0.0048429844901
22 28 0 8 0.00484095560387
18 41 0 8 0.00483298161998
14 33 0 8 0.0048262826167
18 69 0 8 0.00482587562874
33 52 0 8 0.00482155615464
9 43 0 8 0.00481198308989
20 35 0 8 0.00480681378394
26 59 0 8 0.00477819191292
24 36 0 8 0.00477647827938
11 60 0 8 0.00477634184062
45 61 0 8 0.00477423658594
15 58 0 8 0.00477271899581
24 34 0 8 0.00474950298667
12 54 0 8 0.00473589682952
61 72 0 8 0.00469606695697
14 35 0 8 0.00468816608191
33 41 0 8 0.00468075601384
19 33 0 8 0.0046399012208
52 63 0 8 0.0046372837387
63 73 0 8 0.00461342697963
61 73 0 8 0.00460843881592
28 47 0 8 0.0046064928174
66 73 0 8 0.00460177473724
6 17 0 8 0.00460027670488
22 68 0 8 0.00457270536572
1 21 0 8 0.00456664664671
1 36 0 8 0.00456558028236
2 15 0 8 0.00455434713513
47 66 0 8 0.00454826373607
28 46 0 8 0.00454594101757
15 33 0 8 0.0045335162431
11 47 0 8 0.00452646287158
8 14 0 8 0.00452602049336
6 21 0 8 0.00452472735196
4 58 0 8 0.00452436041087
18 55 0 8 0.00452212290838
15 34 0 8 0.00451388116926
45 62 0 8 0.00451270258054
6 55 0 8 0.00451014563441
29 49 0 8 0.00450324453413
25 64 0 8 0.0044918502681
27 47 0 8 0.00448359362781
7 14 0 8 0.00446797488257
21 56 0 8 0.0044533428736
28 54 0 8 0.00444762175903
17 58 0 8 0.00444604083896
14 32 0 8 0.00442740460858
16 44 0 8 0.00438341870904
3 35 0 8 0.00434379233047
14 44 0 8 0.00433196267113
18 57 0 8 0.00431672483683
14 67 0 8 0.00431600352749
33 49 0 8 0.00429677776992
33 51 0 8 0.00427988078445
55 70 0 8 0.00427926518023
4 21 0 8 0.00427260156721
13 70 0 8 0.00426090462133
14 47 0 8 0.00424623209983
18 38 0 8 0.00423905206844
7 22 0 8 0.00422032084316
41 58 0 8 0.0042125643231
18 49 0 8 0.0042111761868
20 43 0 8 0.00421078689396
15 43 0 8 0.00420835008845
13 41 0 8 0.00420669978485
18 37 0 8 0.00420551514253
29 48 0 8 0.0041849934496
17 45 0 8 0.00418159458786
18 51 0 8 0.00417599501088
2 35 0 8 0.00417515821755
54 63 0 8 0.00415094429627
53 61 0 8 0.0041405162774
6 22 0 8 0.0041287750937
36 40 0 8 0.00411936501041
9 58 0 8 0.00410068081692
6 46 0 8 0.00409265561029
19 30 0 8 0.004090545699
3 17 0 8 0.00408688373864
29 52 0 8 0.00408683903515
37 58 0 8 0.00407080492005
49 65 0 8 0.00406261952594
27 62 0 8 0.00406155688688
28 44 0 8 0.0040497505106
13 56 0 8 0.00404393672943
34 48 0 8 0.00404275534675
16 58 0 8 0.00403318647295
4 22 0 8 0.00401829089969
20 54 0 8 0.00401354022324
17 32 0 8 0.00400555925444
24 32 0 8 0.0040040188469
56 64 0 8 0.00400364585221
21 60 0 8 0.00397803401574
16 35 0 8 0.00396022293717
20 51 0 8 0.00395426154137
49 61 0 8 0.0039443783462
14 61 0 8 0.0039425464347
14 68 0 8 0.00393765838817
28 49 0 8 0.00393358524889
21 35 0 8 0.00391793018207
35 40 0 8 0.0038868279662
14 71 0 8 0.00388241792098
16 62 0 8 0.00387563393451
2 16 0 8 0.00387291773222
24 30 0 8 0.00387193728238
14 72 0 8 0.00386726506986
11 58 0 8 0.00386458425783
2 18 0 8 0.00385977956466
46 62 0 8 0.00383684248663
53 59 0 8 0.00383174815215
7 44 0 8 0.0038169354666
8 24 0 8 0.00381324742921
16 64 0 8 0.00380591861904
4 15 0 8 0.00380099168979
19 50 0 8 0.00379732996225
35 69 0 8 0.00379560585134
31 49 0 8 0.00378560135141
20 58 0 8 0.00377981900238
18 48 0 8 0.00376313924789
5 58 0 8 0.00376285659149
15 28 0 8 0.00374210369773
56 63 0 8 0.00373366381973
44 61 0 8 0.00372637389228
19 43 0 8 0.00371549022384
5 36 0 8 0.003704092931
29 44 0 8 0.00370092503726
27 51 0 8 0.00366040994413
25 55 0 8 0.00365842971951
15 27 0 8 0.00363891432062
1 8 0 8 0.00362485647202
52 67 0 8 0.00359937991016
5 17 0 8 0.00359363504685
20 50 0 8 0.00359048950486
28 52 0 8 0.00358513859101
38 47 0 8 0.00356510817073
17 70 0 8 0.00352610321715
43 62 0 8 0.00348607357591
27 50 0 8 0.00347226415761
47 61 0 8 0.00347047601826
17 59 0 8 0.00346922129393
20 52 0 8 0.00346799357794
13 40 0 8 0.00346618774347
30 58 0 8 0.00346206920221
19 44 0 8 0.00345507636666
18 39 0 8 0.00345399277285
14 39 0 8 0.00342963985167
14 46 0 8 0.00342190382071
37 46 0 8 0.00341216428205
35 50 0 8 0.0034034808632
2 17 0 8 0.00338890217245
47 58 0 8 0.00338110676967
9 26 0 8 0.00337594328448
19 64 0 8 0.00336218532175
27 49 0 8 0.00335601833649
18 44 0 8 0.00332399294712
22 38 0 8 0.00330225587822
32 50 0 8 0.00329564418644
36 47 0 8 0.00328777800314
21 32 0 8 0.00327996187843
63 70 0 8 0.00325940875337
11 17 0 8 0.00324996351264
22 56 0 8 0.00323077500798
21 61 0 8 0.00322538637556
6 58 0 8 0.00320011726581
25 54 0 8 0.00317937205546
51 65 0 8 0.00317705469206
64 71 0 8 0.00315887341276
44 58 0 8 0.00314672547393
20 44 0 8 0.00314374594018
19 54 0 8 0.00313716731034
29 58 0 8 0.00312705221586
11 41 0 8 0.00312018045224
19 32 0 8 0.00311641558073
30 45 0 8 0.0031149641145
53 62 0 8 0.0031020140741
42 58 0 8 0.0030994345434
14 59 0 8 0.00308008817956
29 47 0 8 0.00305209355429
14 42 0 8 0.00301292631775
24 31 0 8 0.00300970813259
12 58 0 8 0.00299462932162
34 49 0 8 0.00299208215438
18 53 0 8 0.0029861277435
51 61 0 8 0.00298316660337
21 59 0 8 0.00296582910232
13 43 0 8 0.00294905644841
18 59 0 8 0.00293419277295
21 51 0 8 0.00292801926844
20 33 0 8 0.00292451889254
23 36 0 8 0.00291366293095
43 61 0 8 0.00290373899043
14 38 0 8 0.00289131538011
19 58 0 8 0.00287560117431
21 33 0 8 0.00286630378105
13 58 0 8 0.00284644006751
14 60 0 8 0.00281747058034
13 59 0 8 0.00279353023507
18 46 0 8 0.00279337237589
18 23 0 8 0.00276236026548
31 48 0 8 0.00276220659725
14 52 0 8 0.00274752662517
24 55 0 8 0.00274438108318
56 62 0 8 0.00273672351614
52 61 0 8 0.0027362445835
62 71 0 8 0.00272020394914
21 34 0 8 0.00271971104667
57 64 0 8 0.00271629239433
10 41 0 8 0.00270503410138
29 45 0 8 0.0026996738743
17 33 0 8 0.00269631482661
14 57 0 8 0.00268081994727
35 49 0 8 0.00267191184685
21 30 0 8 0.0026548136957
13 51 0 8 0.00265172868967
10 58 0 8 0.00264026387595
19 47 0 8 0.00263045518659
14 40 0 8 0.00262725958601
23 35 0 8 0.00261695659719
17 35 0 8 0.00261573446915
51 67 0 8 0.00259923748672
11 18 0 8 0.00258432142437
32 51 0 8 0.00258315890096
26 58 0 8 0.00257518305443
45 58 0 8 0.00257062586024
21 57 0 8 0.00254449155182
10 28 0 8 0.00254325987771
30 54 0 8 0.00253742025234
27 52 0 8 0.00253133871593
18 61 0 8 0.00252000452019
29 50 0 8 0.00251394719817
17 34 0 8 0.0024857041426
24 54 0 8 0.00247580767609
32 55 0 8 0.00244429917075
29 46 0 8 0.00243149907328
21 36 0 8 0.00242529367097
30 48 0 8 0.00241898326203
14 43 0 8 0.00241162558086
54 67 0 8 0.0023691682145
51 63 0 8 0.00235944194719
3 8 0 8 0.0023585956078
2 9 0 8 0.00235035549849
39 43 0 8 0.00233719754033
14 63 0 8 0.00233098934405
23 32 0 8 0.00232487078756
23 31 0 8 0.00232294923626
21 52 0 8 0.00231591286138
14 51 0 8 0.0023144655861
63 71 0 8 0.00230850861408
17 36 0 8 0.00228727003559
15 36 0 8 0.00228428514674
27 55 0 8 0.00226794672199
30 47 0 8 0.00226454506628
14 54 0 8 0.00225167162716
44 62 0 8 0.00225014565513
5 18 0 8 0.00224545714445
18 47 0 8 0.00224410626106
17 22 0 8 0.00224045431241
11 40 0 8 0.00222577666864
11 28 0 8 0.00221583619714
48 62 0 8 0.00219562696293
1 10 0 8 0.00219548703171
14 49 0 8 0.00219154311344
28 50 0 8 0.00217754975893
14 48 0 8 0.0021739511285
18 50 0 8 0.00216824072413
18 63 0 8 0.00216445792466
26 55 0 8 0.00216316059232
18 30 0 8 0.00215940200724
34 41 0 8 0.00215771561489
11 39 0 8 0.00215702573769
22 37 0 8 0.00215611350723
15 55 0 8 0.00214405194856
17 25 0 8 0.00213904166594
6 14 0 8 0.00212671118788
18 24 0 8 0.0021205523517
32 42 0 8 0.00210942374542
17 41 0 8 0.00210676761344
22 58 0 8 0.00208599912003
54 62 0 8 0.00205790041946
27 58 0 8 0.00205320026726
31 45 0 8 0.00204826449044
63 72 0 8 0.00203935662284
36 49 0 8 0.002038693754
29 51 0 8 0.00203824951313
12 20 0 8 0.00202633114532
3 9 0 8 0.00202391901985
18 33 0 8 0.00201496435329
33 48 0 8 0.00200164271519
21 53 0 8 0.00199843244627
14 70 0 8 0.00197057938203
25 58 0 8 0.00197056331672
53 63 0 8 0.0019607944414
14 29 0 8 0.00195559696294
18 64 0 8 0.00193690217566
18 36 0 8 0.00193423614837
18 32 0 8 0.00192026712466
30 51 0 8 0.0019185023848
20 64 0 8 0.00191367825028
4 17 0 8 0.00190802896395
33 50 0 8 0.00189819617663
8 21 0 8 0.00188516324852
35 48 0 8 0.001870001317
20 62 0 8 0.00185443134978
18 58 0 8 0.00185330107342
39 44 0 8 0.00184103054926
18 54 0 8 0.00182035809848
52 64 0 8 0.00181441800669
17 62 0 8 0.00180185888894
14 56 0 8 0.00179658434354
52 62 0 8 0.0017708769301
14 53 0 8 0.00176750007086
62 73 0 8 0.00174443796277
18 31 0 8 0.00171229173429
53 64 0 8 0.00170978542883
37 47 0 8 0.00169722863939
22 64 0 8 0.00168764533009
15 20 0 8 0.00168576813303
4 18 0 8 0.0016600987874
14 62 0 8 0.00165159674361
22 57 0 8 0.00164651195519
64 73 0 8 0.00164491683245
3 15 0 8 0.00163771363441
65 73 0 8 0.00163198856171
32 48 0 8 0.00163006759249
14 19 0 8 0.00162796047516
22 29 0 8 0.00161038874649
21 62 0 8 0.00160893204156
17 61 0 8 0.00160318531562
18 25 0 8 0.00159703020472
3 16 0 8 0.00159596465528
19 36 0 8 0.00159164867364
55 61 0 8 0.00158397841733
30 49 0 8 0.00158271798864
22 54 0 8 0.00157447578385
14 34 0 8 0.00154184317216
22 33 0 8 0.00153106357902
30 50 0 8 0.00152998662088
15 26 0 8 0.00151629094034
38 45 0 8 0.0015119467862
14 45 0 8 0.00148446648382
22 55 0 8 0.0014833312016
47 64 0 8 0.00148323504254
13 18 0 8 0.00148002104834
64 70 0 8 0.00147239211947
10 24 0 8 0.0014681504108
64 72 0 8 0.00146729161497
31 43 0 8 0.00146072602365
14 28 0 8 0.00145625509322
18 52 0 8 0.00145092082676
10 27 0 8 0.00142847502138
32 43 0 8 0.00142443773802
14 41 0 8 0.00140049424954
48 64 0 8 0.00139673880767
50 62 0 8 0.00136190513149
21 58 0 8 0.00135884736665
32 49 0 8 0.0013409294188
2 8 0 8 0.00132443755865
49 62 0 8 0.00131026806775
21 54 0 8 0.00130951451138
55 64 0 8 0.00130004645325
14 36 0 8 0.00129795307294
22 34 0 8 0.00129264011048
1 13 0 8 0.00128158926964
18 62 0 8 0.00127297802828
10 26 0 8 0.00126761256251
10 20 0 8 0.00125322514214
55 62 0 8 0.00123913597781
16 21 0 8 0.00122964777984
62 72 0 8 0.00122914533131
6 10 0 8 0.00122307194397
21 64 0 8 0.00122295296751
36 41 0 8 0.00121503137052
53 65 0 8 0.00120065489318
35 41 0 8 0.00119245843962
12 19 0 8 0.00118807295803
3 13 0 8 0.00117504503578
65 72 0 8 0.00117253593635
14 55 0 8 0.00116733880714
18 35 0 8 0.00116205727682
31 46 0 8 0.00115538341925
10 25 0 8 0.00115236185957
36 46 0 8 0.00113505474292
8 22 0 8 0.00112014205661
5 10 0 8 0.00111576658674
34 45 0 8 0.001096728025
4 10 0 8 0.0010906890966
10 21 0 8 0.00106292846613
23 30 0 8 0.00105830887333
54 61 0 8 0.00105365552008
54 64 0 8 0.00105175108183
18 34 0 8 0.00104695511982
32 45 0 8 0.00103303382639
37 42 0 8 0.00102486275136
22 32 0 8 0.001017298433
10 22 0 8 0.00100221775938
30 46 0 8 0.00100075558294
33 42 0 8 0.000999468844384
14 64 0 8 0.000993870315142
11 27 0 8 0.000984215177596
49 64 0 8 0.000973273883574
30 44 0 8 0.000972279929556
2 10 0 8 0.000968963257037
22 31 0 8 0.000921202299651
15 25 0 8 0.000884307548404
38 43 0 8 0.000866722257342
21 55 0 8 0.000857747800183
2 13 0 8 0.000851895427331
11 25 0 8 0.000824222108349
14 58 0 8 0.00082328094868
33 44 0 8 0.000804903917015
35 42 0 8 0.00080196786439
50 64 0 8 0.000788789999206
35 47 0 8 0.000784484669566
5 11 0 8 0.000778476474807
12 27 0 8 0.000777446373831
5 12 0 8 0.000775188556872
22 35 0 8 0.000767969060689
35 46 0 8 0.000765305070672
5 13 0 8 0.000763055228163
11 20 0 8 0.000761418312322
19 35 0 8 0.000733581953682
34 42 0 8 0.000713256478775
52 65 0 8 0.000709643354639
31 47 0 8 0.000703833880834
11 22 0 8 0.000700548524037
33 43 0 8 0.000698294257745
33 47 0 8 0.000697898387443
11 26 0 8 0.000690067769028
22 36 0 8 0.000659006356727
13 19 0 8 0.000650935631711
6 11 0 8 0.000642113038339
32 46 0 8 0.000638054159936
1 11 0 8 0.000625614658929
2 12 0 8 0.000625573215075
12 18 0 8 0.000614803226199
31 44 0 8 0.000609188515227
16 23 0 8 0.000577907718252
36 43 0 8 0.000573449593503
9 21 0 8 0.000561870867386
15 23 0 8 0.000553296005819
33 45 0 8 0.000542003312148
32 44 0 8 0.000536605366506
36 42 0 8 0.000534058723133
38 44 0 8 0.000529512763023
32 47 0 8 0.00052837486146
3 12 0 8 0.000524326635059
34 43 0 8 0.000515008636285
17 24 0 8 0.000504619907588
51 64 0 8 0.000498376961332
14 22 0 8 0.000474512227811
37 45 0 8 0.000470405182568
14 23 0 8 0.000470107770525
12 26 0 8 0.00046885557822
3 10 0 8 0.000460638839286
35 45 0 8 0.000444676348707
9 22 0 8 0.000441109499661
15 22 0 8 0.000439668336185
4 12 0 8 0.000435073627159
34 46 0 8 0.000424290221417
15 24 0 8 0.000415728514781
2 14 0 8 0.000414150068536
17 23 0 8 0.000413417961681
13 20 0 8 0.000408675317885
10 23 0 8 0.00040669424925
11 24 0 8 0.000388820219086
11 21 0 8 0.000382314872695
5 14 0 8 0.000379249511752
34 47 0 8 0.000369821704226
36 44 0 8 0.000368674140191
13 22 0 8 0.000367803382687
16 22 0 8 0.000367470434867
14 25 0 8 0.000362850463716
4 13 0 8 0.000354794698069
22 30 0 8 0.000351618538843
13 24 0 8 0.000348264758941
12 25 0 8 0.00034499540925
3 14 0 8 0.000343605992384
13 26 0 8 0.000342864484992
12 24 0 8 0.000341091566952
14 26 0 8 0.000335479475325
37 43 0 8 0.000333742034854
1 14 0 8 0.000330972106894
34 44 0 8 0.00032034132164
33 46 0 8 0.000315277866321
12 23 0 8 0.000312770251185
14 27 0 8 0.000310098024784
13 25 0 8 0.000294986355584
4 14 0 8 0.000292059237836
35 43 0 8 0.000290614319965
13 21 0 8 0.00028860810562
3 11 0 8 0.000280856911559
36 45 0 8 0.000270920747425
15 21 0 8 0.000260684784735
12 21 0 8 0.000253705366049
11 23 0 8 0.000252194178756
12 22 0 8 0.000247446296271
4 11 0 8 0.000216932341573
35 44 0 8 0.000207581630093
2 11 0 8 0.000196247754502
13 23 0 8 0.00018552869733
37 44 0 8 0.000182791729458
14 20 0 8 0.000160126306582
14 24 0 8 0.000156893322128
14 21 0 8 0.000103911268525
