44 45 0 8 0.999987125397
1 2 0 8 0.999984562397
72 73 0 8 0.999980151653
46 47 0 8 0.999977350235
23 24 0 8 0.999971985817
20 21 0 8 0.999971568584
71 72 0 8 0.999956071377
24 25 0 8 0.999952316284
2 3 0 8 0.999950945377
60 61 0 8 0.99994546175
45 46 0 8 0.999942243099
19 20 0 8 0.999938130379
69 70 0 8 0.999935269356
27 28 0 8 0.999934017658
42 43 0 8 0.999924242496
40 41 0 8 0.999917268753
26 27 0 8 0.999917209148
18 19 0 8 0.999909818172
22 23 0 8 0.999908685684
57 58 0 8 0.999903440475
36 37 0 8 0.999894738197
43 44 0 8 0.999891459942
16 17 0 8 0.999891042709
47 48 0 8 0.999888777733
65 66 0 8 0.999883055687
59 60 0 8 0.999878227711
61 62 0 8 0.999865651131
29 30 0 8 0.999851405621
49 50 0 8 0.999850749969
3 4 0 8 0.999841570854
41 42 0 8 0.999839901924
21 22 0 8 0.999825000763
34 35 0 8 0.999812722206
39 40 0 8 0.999807417393
50 51 0 8 0.999796569347
35 36 0 8 0.999789476395
15 16 0 8 0.999780535698
17 18 0 8 0.999779880047
31 32 0 8 0.99976837635
63 64 0 8 0.99976426363
70 71 0 8 0.99974244833
62 63 0 8 0.999729394913
28 29 0 8 0.999712705612
12 13 0 8 0.999707043171
37 38 0 8 0.999649167061
67 68 0 8 0.999614417553
10 11 0 8 0.999609947205
66 67 0 8 0.999603748322
64 65 0 8 0.999566435814
58 59 0 8 0.99956536293
13 14 0 8 0.99955368042
32 33 0 8 0.999495446682
68 69 0 8 0.999485433102
48 49 0 8 0.999459326267
56 57 0 8 0.999361693859
9 10 0 8 0.999319195747
25 26 0 8 0.999297320843
11 12 0 8 0.999225437641
38 39 0 8 0.999214172363
30 31 0 8 0.999127149582
14 15 0 8 0.998912036419
33 34 0 8 0.998860776424
51 52 0 8 0.998630523682
8 9 0 8 0.998528122902
53 54 0 8 0.998197495937
54 55 0 8 0.998101592064
55 56 0 8 0.997566759586
52 53 0 8 0.996982693672
7 8 0 8 0.996952056885
19 21 0 8 0.995630562305
20 22 0 8 0.99451392889
4 5 0 8 0.994229614735
64 66 0 8 0.991424262524
43 45 0 8 0.991354465485
65 67 0 8 0.991082310677
41 43 0 8 0.99022591114
61 63 0 8 0.990182757378
21 23 0 8 0.990103304386
62 64 0 8 0.989937186241
17 19 0 8 0.98979562521
6 7 0 8 0.989248096943
18 20 0 8 0.988664567471
39 41 0 8 0.988291323185
40 42 0 8 0.988018751144
22 24 0 8 0.987536907196
21 24 0 8 0.987109661102
20 23 0 8 0.987097144127
19 22 0 8 0.986533284187
15 17 0 8 0.98589861393
23 25 0 8 0.98239338398
5 6 0 8 0.981665670872
40 43 0 8 0.981522679329
64 67 0 8 0.98118275404
66 68 0 8 0.979164063931
45 47 0 8 0.979082226753
18 21 0 8 0.976946055889
65 68 0 8 0.976370096207
67 69 0 8 0.974338293076
16 18 0 8 0.972165882587
65 69 0 8 0.971566855907
19 23 0 8 0.971145689487
16 19 0 8 0.970960974693
62 65 0 8 0.970882356167
44 46 0 8 0.970543980598
22 25 0 8 0.967607736588
20 24 0 8 0.96723562479
64 68 0 8 0.965785384178
47 49 0 8 0.965750515461
68 70 0 8 0.965712726116
24 27 0 8 0.965610027313
40 44 0 8 0.965187370777
43 46 0 8 0.963930904865
41 44 0 8 0.963793814182
61 64 0 8 0.963088393211
39 42 0 8 0.962590038776
66 69 0 8 0.962427854538
63 65 0 8 0.96216917038
59 61 0 8 0.960922718048
42 44 0 8 0.958754181862
63 67 0 8 0.958530068398
37 39 0 8 0.958294928074
17 20 0 8 0.958136320114
60 62 0 8 0.957901537418
63 66 0 8 0.957755208015
23 26 0 8 0.956907629967
41 45 0 8 0.955993771553
38 40 0 8 0.951098740101
62 66 0 8 0.950166761875
18 22 0 8 0.947755932808
37 40 0 8 0.947157263756
42 45 0 8 0.947133660316
24 26 0 8 0.945462405682
67 70 0 8 0.943580031395
69 71 0 8 0.943210363388
17 21 0 8 0.938985824585
21 25 0 8 0.937979340553
44 47 0 8 0.937748014927
23 27 0 8 0.929433822632
42 46 0 8 0.92612349987
66 70 0 8 0.923947036266
15 19 0 8 0.921192765236
36 38 0 8 0.919482886791
16 20 0 8 0.918686628342
25 27 0 8 0.918519496918
47 50 0 8 0.917966783047
61 65 0 8 0.912536561489
15 18 0 8 0.910311996937
70 72 0 8 0.909999966621
39 43 0 8 0.908147215843
60 63 0 8 0.907699286938
38 41 0 8 0.907529830933
59 62 0 8 0.907449781895
68 71 0 8 0.887704730034
69 72 0 8 0.885487496853
32 34 0 8 0.882284879684
11 13 0 8 0.878278017044
28 30 0 8 0.877256095409
54 56 0 8 0.876127243042
67 71 0 8 0.874652028084
23 40 0 8 0.874543726444
44 65 0 8 0.872273564339
58 60 0 8 0.871193528175
27 29 0 8 0.862699210644
58 61 0 8 0.862434625626
43 47 0 8 0.857211649418
38 42 0 8 0.853430688381
30 32 0 8 0.84717297554
48 50 0 8 0.843955099583
27 30 0 8 0.842448651791
37 41 0 8 0.83496761322
22 26 0 8 0.829406321049
60 64 0 8 0.828026413918
19 44 0 8 0.822346866131
36 39 0 8 0.822116315365
2 4 0 8 0.819444358349
46 48 0 8 0.818327784538
57 61 0 8 0.816661655903
34 36 0 8 0.816333532333
71 73 0 8 0.815758168697
20 40 0 8 0.807967603207
35 37 0 8 0.80775052309
13 15 0 8 0.800984978676
70 73 0 8 0.800973832607
9 11 0 8 0.798102855682
53 55 0 8 0.78178858757
50 52 0 8 0.780461907387
10 12 0 8 0.778649866581
4 6 0 8 0.777535557747
1 3 0 8 0.77619099617
68 72 0 8 0.767152905464
12 14 0 8 0.763938724995
31 33 0 8 0.763495802879
52 54 0 8 0.753456890583
6 8 0 8 0.753311514854
56 58 0 8 0.739032268524
58 62 0 8 0.738826096058
8 10 0 8 0.738477170467
51 53 0 8 0.730546355247
23 44 0 8 0.723115324974
35 40 0 8 0.722913444042
59 63 0 8 0.708560347557
7 9 0 8 0.70842641592
49 51 0 8 0.702910780907
69 73 0 8 0.701986908913
33 35 0 8 0.695824980736
55 57 0 8 0.695259571075
14 18 0 8 0.68157428503
36 40 0 8 0.66322606802
45 50 0 8 0.652516007423
29 31 0 8 0.644745111465
19 40 0 8 0.643898963928
57 62 0 8 0.63975250721
5 7 0 8 0.63577067852
3 5 0 8 0.631683766842
35 39 0 8 0.62514591217
24 34 0 8 0.624522447586
47 61 0 8 0.62341940403
14 16 0 8 0.61098831892
24 32 0 8 0.605825304985
45 48 0 8 0.605369031429
44 50 0 8 0.60138052702
23 66 0 8 0.599945545197
27 66 0 8 0.596298098564
20 32 0 8 0.585742473602
20 37 0 8 0.583237290382
53 56 0 8 0.575751364231
13 19 0 8 0.572679936886
26 28 0 8 0.572327256203
54 57 0 8 0.572057962418
23 43 0 8 0.569962799549
44 66 0 8 0.566365540028
41 57 0 8 0.55979591608
16 37 0 8 0.551035642624
13 16 0 8 0.545117199421
24 28 0 8 0.536573767662
43 65 0 8 0.536042869091
23 37 0 8 0.529736280441
57 59 0 8 0.524484276772
23 65 0 8 0.522188305855
24 30 0 8 0.515091896057
32 35 0 8 0.496165901423
47 65 0 8 0.495058715343
40 65 0 8 0.480177521706
57 65 0 8 0.41277718544
41 65 0 8 0.40541267395
25 28 0 8 0.39729064703
16 61 0 8 0.391917437315
19 41 0 8 0.39064887166
23 62 0 8 0.389485239983
46 50 0 8 0.383898615837
30 43 0 8 0.364199399948
53 57 0 8 0.358843415976
11 41 0 8 0.355495899916
14 19 0 8 0.355165451765
40 66 0 8 0.340602964163
26 66 0 8 0.332989513874
23 47 0 8 0.331735551357
22 43 0 8 0.328426867723
44 62 0 8 0.324518173933
24 35 0 8 0.321709185839
44 68 0 8 0.319980293512
14 61 0 8 0.317361831665
45 49 0 8 0.317298442125
26 62 0 8 0.316943287849
19 47 0 8 0.313465595245
27 67 0 8 0.306548416615
13 18 0 8 0.306137740612
20 43 0 8 0.301465451717
46 49 0 8 0.30055552721
23 30 0 8 0.292240649462
23 32 0 8 0.282552480698
23 35 0 8 0.282319515944
35 43 0 8 0.279897093773
47 64 0 8 0.279089421034
22 44 0 8 0.265731364489
20 35 0 8 0.264769852161
45 57 0 8 0.260193377733
11 19 0 8 0.258437007666
44 48 0 8 0.258309215307
47 62 0 8 0.257313758135
48 51 0 8 0.256658375263
20 65 0 8 0.254520475864
37 69 0 8 0.253028094769
33 67 0 8 0.25285589695
4 7 0 8 0.252592623234
44 61 0 8 0.248113781214
19 37 0 8 0.247668281198
50 53 0 8 0.246793970466
14 43 0 8 0.244168043137
21 35 0 8 0.243861213326
19 62 0 8 0.242231532931
27 31 0 8 0.240529939532
40 69 0 8 0.238014578819
13 61 0 8 0.236288830638
51 56 0 8 0.23572447896
37 65 0 8 0.23370629549
27 43 0 8 0.232031524181
27 46 0 8 0.231849819422
52 56 0 8 0.223256289959
21 32 0 8 0.222191810608
27 32 0 8 0.217834457755
40 62 0 8 0.214307352901
16 68 0 8 0.211911782622
24 33 0 8 0.211415633559
45 58 0 8 0.210295364261
5 8 0 8 0.207404986024
28 31 0 8 0.206923127174
47 68 0 8 0.202709361911
20 44 0 8 0.201703459024
13 37 0 8 0.198711127043
40 68 0 8 0.198163092136
4 8 0 8 0.197882980108
43 61 0 8 0.196946755052
22 62 0 8 0.196836933494
44 69 0 8 0.195940837264
50 64 0 8 0.193286389112
49 52 0 8 0.192227095366
37 62 0 8 0.191682636738
51 54 0 8 0.188799545169
50 61 0 8 0.188428997993
30 34 0 8 0.188090145588
16 40 0 8 0.187714189291
30 66 0 8 0.18566647172
14 17 0 8 0.18542560935
19 65 0 8 0.185216337442
43 64 0 8 0.184843182564
3 6 0 8 0.182970747352
23 69 0 8 0.179289624095
24 31 0 8 0.176103115082
46 65 0 8 0.175135537982
27 35 0 8 0.174535945058
20 62 0 8 0.171732202172
12 16 0 8 0.171607032418
28 32 0 8 0.170513123274
27 62 0 8 0.169020757079
36 71 0 8 0.168170705438
45 51 0 8 0.168149635196
30 33 0 8 0.167856276035
19 35 0 8 0.167830213904
31 34 0 8 0.166442409158
13 64 0 8 0.16593593359
20 68 0 8 0.165096148849
17 68 0 8 0.16101744771
22 47 0 8 0.160342976451
50 65 0 8 0.157963782549
30 35 0 8 0.1576384902
19 66 0 8 0.157049104571
16 35 0 8 0.156773343682
3 7 0 8 0.155660539865
45 61 0 8 0.155301660299
16 47 0 8 0.153529703617
11 44 0 8 0.150954931974
44 67 0 8 0.147832527757
24 68 0 8 0.144896313548
40 61 0 8 0.143073394895
23 28 0 8 0.143022581935
19 32 0 8 0.142550200224
19 61 0 8 0.142102062702
19 69 0 8 0.141442477703
47 51 0 8 0.141381323338
6 9 0 8 0.140901759267
26 43 0 8 0.140254437923
7 10 0 8 0.139571711421
50 54 0 8 0.139448955655
29 34 0 8 0.139189019799
24 41 0 8 0.13836465776
52 55 0 8 0.137887835503
24 29 0 8 0.137817710638
23 68 0 8 0.136707186699
47 66 0 8 0.13556073606
20 47 0 8 0.135127216578
23 41 0 8 0.134880036116
55 58 0 8 0.134047925472
50 56 0 8 0.132748618722
16 41 0 8 0.132673680782
47 69 0 8 0.131955832243
13 59 0 8 0.131871163845
16 62 0 8 0.131310671568
43 69 0 8 0.130188688636
19 43 0 8 0.130153864622
24 73 0 8 0.130095601082
9 12 0 8 0.129552170634
1 5 0 8 0.12869887054
44 64 0 8 0.128627032042
24 37 0 8 0.127284884453
41 62 0 8 0.127141728997
16 45 0 8 0.126820489764
16 60 0 8 0.12603828311
2 5 0 8 0.12597976625
2 6 0 8 0.125546067953
41 68 0 8 0.125017702579
5 9 0 8 0.124789521098
43 50 0 8 0.123760923743
33 36 0 8 0.123136587441
50 62 0 8 0.123017862439
16 44 0 8 0.122458361089
9 13 0 8 0.11946234107
16 43 0 8 0.119323648512
35 38 0 8 0.118889592588
11 62 0 8 0.117091082036
56 59 0 8 0.117041215301
37 66 0 8 0.116514988244
34 37 0 8 0.116359338164
56 61 0 8 0.116330213845
11 37 0 8 0.116129763424
13 47 0 8 0.116079799831
20 69 0 8 0.115973010659
50 57 0 8 0.114894166589
31 35 0 8 0.113444201648
47 53 0 8 0.113225370646
43 68 0 8 0.111958093941
35 65 0 8 0.111414380372
15 50 0 8 0.11036837101
36 41 0 8 0.110062003136
11 15 0 8 0.109885536134
1 4 0 8 0.109213605523
13 62 0 8 0.108670897782
14 55 0 8 0.107754819095
29 33 0 8 0.10771291703
13 17 0 8 0.107647381723
33 73 0 8 0.107522301376
37 70 0 8 0.106853038073
16 65 0 8 0.105519101024
11 65 0 8 0.105316728354
11 14 0 8 0.104891978204
32 70 0 8 0.104752220213
6 10 0 8 0.104500167072
28 33 0 8 0.10436078161
51 55 0 8 0.10419305414
17 37 0 8 0.104044407606
16 56 0 8 0.10289222002
13 70 0 8 0.102836817503
20 41 0 8 0.102434910834
8 11 0 8 0.100786320865
24 40 0 8 0.100356414914
43 70 0 8 0.100084163249
45 68 0 8 0.0994620323181
40 70 0 8 0.0989716500044
29 32 0 8 0.0989234372973
10 13 0 8 0.0986952185631
12 15 0 8 0.098283752799
48 52 0 8 0.0979019850492
11 61 0 8 0.0969528332353
19 68 0 8 0.0966598391533
14 22 0 8 0.0958625674248
7 11 0 8 0.0957337468863
13 65 0 8 0.0956334024668
13 44 0 8 0.0953865349293
35 62 0 8 0.0937605798244
23 64 0 8 0.0936197638512
45 62 0 8 0.0935978740454
27 33 0 8 0.0933859720826
45 66 0 8 0.0932437181473
57 60 0 8 0.0923485308886
13 43 0 8 0.092165954411
16 50 0 8 0.0904655605555
15 43 0 8 0.0897277891636
13 41 0 8 0.089459516108
13 57 0 8 0.089448928833
16 57 0 8 0.0890805274248
35 69 0 8 0.0883152410388
53 61 0 8 0.0882549807429
16 64 0 8 0.0882328674197
41 69 0 8 0.0879493132234
11 40 0 8 0.0873760506511
4 9 0 8 0.0872016176581
15 47 0 8 0.0870145335793
44 51 0 8 0.0868981555104
21 31 0 8 0.0863317102194
16 34 0 8 0.0857708603144
47 57 0 8 0.0856570899487
20 61 0 8 0.0855833813548
24 36 0 8 0.0850320979953
49 53 0 8 0.0849585160613
11 57 0 8 0.0848285108805
26 30 0 8 0.0848108381033
13 20 0 8 0.0841716527939
23 34 0 8 0.0837876871228
20 66 0 8 0.0837759003043
11 45 0 8 0.0835853368044
20 70 0 8 0.083234667778
7 12 0 8 0.0831553414464
19 45 0 8 0.0829167962074
32 37 0 8 0.0827413722873
17 61 0 8 0.0825125426054
38 58 0 8 0.082397736609
37 64 0 8 0.0817900747061
27 64 0 8 0.0815938040614
22 35 0 8 0.0815648958087
20 45 0 8 0.081487454474
12 59 0 8 0.0813219696283
27 68 0 8 0.0811689123511
23 61 0 8 0.0810396522284
19 64 0 8 0.0810125991702
24 43 0 8 0.0809865742922
44 49 0 8 0.0807125046849
50 68 0 8 0.0804702863097
8 12 0 8 0.0804027244449
20 64 0 8 0.0801717117429
17 40 0 8 0.0800991505384
27 40 0 8 0.0800355002284
42 57 0 8 0.0799009054899
23 67 0 8 0.0797114446759
41 53 0 8 0.079555734992
40 64 0 8 0.0793044194579
54 58 0 8 0.0791707858443
37 68 0 8 0.0787513181567
45 65 0 8 0.0783107876778
14 47 0 8 0.0782778710127
25 30 0 8 0.0779335647821
25 29 0 8 0.0779195278883
11 47 0 8 0.0778784304857
26 73 0 8 0.0772426426411
38 43 0 8 0.0768453255296
27 34 0 8 0.0768425837159
26 29 0 8 0.0767857581377
33 37 0 8 0.0762900784612
11 66 0 8 0.0762439519167
20 30 0 8 0.0759233236313
51 57 0 8 0.0757260620594
36 65 0 8 0.0752843692899
13 22 0 8 0.0751817449927
11 16 0 8 0.0750244259834
6 12 0 8 0.0748177692294
22 40 0 8 0.0747037827969
34 38 0 8 0.0746847838163
13 50 0 8 0.0742538198829
37 61 0 8 0.0739527121186
20 34 0 8 0.0738272964954
6 11 0 8 0.0738070234656
12 37 0 8 0.0734583288431
19 70 0 8 0.0730423852801
13 40 0 8 0.0725275427103
52 57 0 8 0.0725176781416
27 73 0 8 0.0725078433752
35 41 0 8 0.0725001245737
50 69 0 8 0.0724340006709
32 69 0 8 0.0722374543548
27 37 0 8 0.0722155570984
43 66 0 8 0.0721537694335
19 50 0 8 0.0721507593989
19 67 0 8 0.0718770325184
27 65 0 8 0.0716743916273
16 32 0 8 0.0710543096066
9 47 0 8 0.0710232034326
55 59 0 8 0.0708953589201
54 62 0 8 0.0707219094038
35 67 0 8 0.0707052275538
11 43 0 8 0.070140182972
37 72 0 8 0.0696658343077
31 73 0 8 0.0694724917412
10 38 0 8 0.0688297897577
20 50 0 8 0.0687344223261
44 57 0 8 0.0684873312712
47 54 0 8 0.0683765262365
14 49 0 8 0.0681836307049
21 34 0 8 0.0681332200766
47 70 0 8 0.0681236833334
35 61 0 8 0.0678789690137
17 34 0 8 0.0678466483951
56 60 0 8 0.0674438402057
45 64 0 8 0.0672530680895
35 70 0 8 0.0667941942811
27 47 0 8 0.0666057169437
43 62 0 8 0.0664535984397
9 62 0 8 0.0664108023047
34 40 0 8 0.0662167519331
13 69 0 8 0.0661043971777
8 13 0 8 0.0659145638347
23 31 0 8 0.065276697278
15 61 0 8 0.0647231042385
41 66 0 8 0.0646882578731
41 71 0 8 0.064534470439
3 8 0 8 0.064517185092
41 73 0 8 0.0642544403672
28 34 0 8 0.0639369189739
51 58 0 8 0.0638913586736
41 58 0 8 0.0634143278003
10 14 0 8 0.0632931664586
68 73 0 8 0.0629324167967
43 67 0 8 0.0624566189945
35 66 0 8 0.0622703358531
41 54 0 8 0.0620854981244
7 13 0 8 0.0619801282883
19 34 0 8 0.0618571937084
26 63 0 8 0.0614692531526
12 50 0 8 0.0613764449954
27 63 0 8 0.0612864419818
50 59 0 8 0.0610466711223
16 38 0 8 0.0609671026468
17 73 0 8 0.060897346586
5 10 0 8 0.0608260072768
41 51 0 8 0.0606808625162
41 52 0 8 0.0602324791253
9 14 0 8 0.0601580254734
26 35 0 8 0.0596932135522
19 63 0 8 0.0596734248102
49 61 0 8 0.0594994798303
23 33 0 8 0.0593588799238
16 69 0 8 0.0593084320426
26 47 0 8 0.0591887272894
2 7 0 8 0.0591666661203
15 72 0 8 0.0591617524624
11 38 0 8 0.0590107552707
48 56 0 8 0.0589148961008
32 36 0 8 0.0588045231998
50 58 0 8 0.0586101263762
27 69 0 8 0.0584485158324
37 59 0 8 0.0578414984047
16 67 0 8 0.0574422180653
14 53 0 8 0.0571783706546
33 48 0 8 0.0571778155863
53 64 0 8 0.0566852837801
37 63 0 8 0.0564177110791
24 55 0 8 0.0562747381628
47 67 0 8 0.0561927072704
15 57 0 8 0.0561635307968
17 60 0 8 0.0555318929255
26 68 0 8 0.055499188602
22 66 0 8 0.055395077914
14 57 0 8 0.0553068518639
6 13 0 8 0.0552855916321
16 66 0 8 0.0551102273166
49 64 0 8 0.0547142624855
11 50 0 8 0.0545796640217
56 62 0 8 0.0544766373932
23 39 0 8 0.0543956011534
16 36 0 8 0.054367415607
49 56 0 8 0.0542626716197
13 66 0 8 0.0542316883802
32 40 0 8 0.0541719682515
9 57 0 8 0.0539787821472
45 56 0 8 0.0539017096162
48 53 0 8 0.0534560121596
47 52 0 8 0.0533242374659
40 67 0 8 0.0532126091421
16 46 0 8 0.0528531894088
54 61 0 8 0.052622731775
20 67 0 8 0.0523718632758
47 59 0 8 0.0512875765562
27 44 0 8 0.0512526594102
10 37 0 8 0.0511699020863
23 70 0 8 0.0511672869325
11 59 0 8 0.0509272180498
38 73 0 8 0.0507830120623
5 11 0 8 0.0506295263767
14 59 0 8 0.0504716485739
10 57 0 8 0.0504290238023
50 66 0 8 0.0503048636019
45 54 0 8 0.0497549027205
21 30 0 8 0.0496810749173
12 52 0 8 0.0495189651847
46 57 0 8 0.0493700429797
24 44 0 8 0.0492250584066
11 68 0 8 0.0491814240813
13 58 0 8 0.0491787493229
11 22 0 8 0.0490810461342
47 56 0 8 0.0490281172097
37 57 0 8 0.0490166172385
47 63 0 8 0.0487695485353
46 51 0 8 0.0482529178262
41 72 0 8 0.0480890795588
24 65 0 8 0.0478336289525
41 61 0 8 0.0477544292808
22 65 0 8 0.047637950629
12 47 0 8 0.0475425086915
51 61 0 8 0.0473094470799
38 65 0 8 0.0472679398954
37 67 0 8 0.0471915118396
37 44 0 8 0.0471194982529
13 60 0 8 0.0470681227744
12 19 0 8 0.0470579452813
13 35 0 8 0.0469185933471
52 61 0 8 0.0459379032254
53 58 0 8 0.045709438622
13 63 0 8 0.0456659644842
12 57 0 8 0.045577313751
53 62 0 8 0.0455233119428
17 41 0 8 0.0455192923546
20 39 0 8 0.0452463999391
26 60 0 8 0.0451370626688
65 70 0 8 0.0448850728571
25 32 0 8 0.0448773466051
20 63 0 8 0.044658601284
9 50 0 8 0.0445874407887
48 57 0 8 0.0438964702189
40 73 0 8 0.0437979735434
36 43 0 8 0.0436998568475
46 61 0 8 0.0435862466693
20 33 0 8 0.0435809195042
12 62 0 8 0.0434428118169
38 62 0 8 0.0433681532741
51 60 0 8 0.0433380119503
12 51 0 8 0.0433000735939
23 50 0 8 0.0432498082519
42 71 0 8 0.0432427562773
41 50 0 8 0.0431378521025
17 35 0 8 0.0430327765644
3 12 0 8 0.0428600683808
35 44 0 8 0.0428527742624
14 56 0 8 0.0425796359777
53 59 0 8 0.0424469895661
16 39 0 8 0.0423565506935
13 45 0 8 0.0421418100595
26 33 0 8 0.0421319678426
9 65 0 8 0.0420926511288
45 69 0 8 0.0419503636658
10 50 0 8 0.0418230965734
35 72 0 8 0.0417949035764
28 35 0 8 0.0417552255094
23 45 0 8 0.0417236164212
48 54 0 8 0.0415521748364
50 55 0 8 0.0413776747882
9 45 0 8 0.0413562878966
5 12 0 8 0.0411594063044
47 72 0 8 0.0411501340568
17 36 0 8 0.0410734862089
54 59 0 8 0.0410359576344
36 69 0 8 0.0407250858843
23 36 0 8 0.0406983718276
9 61 0 8 0.0406419783831
38 69 0 8 0.0405153147876
49 57 0 8 0.0402622595429
19 57 0 8 0.0402399413288
16 63 0 8 0.0401936322451
20 31 0 8 0.0401167273521
17 44 0 8 0.0399749092758
44 63 0 8 0.0398822836578
24 39 0 8 0.0398692674935
56 64 0 8 0.0398028753698
24 45 0 8 0.0396976210177
15 41 0 8 0.0396968908608
9 37 0 8 0.0395373664796
10 16 0 8 0.0393440425396
21 41 0 8 0.0392809398472
9 41 0 8 0.0392746701837
13 51 0 8 0.0392646156251
35 64 0 8 0.0391626618803
17 32 0 8 0.0391531512141
14 68 0 8 0.0390988178551
17 47 0 8 0.039073780179
34 39 0 8 0.0390437841415
36 72 0 8 0.0389529652894
40 57 0 8 0.038920737803
66 71 0 8 0.0388869717717
22 27 0 8 0.0388683155179
2 12 0 8 0.0386915132403
15 56 0 8 0.0386530794203
35 68 0 8 0.0386288464069
36 73 0 8 0.038492847234
26 67 0 8 0.0384089313447
19 59 0 8 0.0383529141545
11 64 0 8 0.0383009798825
45 70 0 8 0.0381248183548
14 54 0 8 0.0379853844643
32 62 0 8 0.0379819832742
16 42 0 8 0.0378910414875
13 68 0 8 0.0377976000309
40 56 0 8 0.037375561893
16 72 0 8 0.0372078120708
1 6 0 8 0.0371592976153
57 63 0 8 0.037023037672
58 63 0 8 0.0369514301419
16 49 0 8 0.0369404815137
22 32 0 8 0.0369216278195
9 15 0 8 0.0369093976915
21 40 0 8 0.0368800237775
45 52 0 8 0.0367498621345
50 63 0 8 0.0367456190288
3 9 0 8 0.0365119129419
9 19 0 8 0.0363987274468
38 57 0 8 0.0362156294286
26 34 0 8 0.0360587574542
41 67 0 8 0.0359811112285
28 39 0 8 0.0359592624009
39 68 0 8 0.0359093435109
33 70 0 8 0.0358714908361
23 38 0 8 0.0356323644519
10 58 0 8 0.0356194041669
9 59 0 8 0.0355853512883
16 59 0 8 0.0355803146958
9 38 0 8 0.0355083979666
12 53 0 8 0.0355001650751
43 63 0 8 0.0354993343353
10 41 0 8 0.0353086218238
10 15 0 8 0.0351727493107
15 37 0 8 0.0350701883435
30 70 0 8 0.0350179113448
13 48 0 8 0.0350130237639
24 66 0 8 0.034919526428
14 37 0 8 0.0348991192877
59 64 0 8 0.0348211415112
9 43 0 8 0.0348188504577
17 45 0 8 0.0347777530551
15 51 0 8 0.0347542874515
28 37 0 8 0.0346802026033
13 36 0 8 0.0346771329641
10 47 0 8 0.0344451591372
49 68 0 8 0.0344397425652
30 65 0 8 0.0344272814691
32 66 0 8 0.0344041138887
5 13 0 8 0.034356277436
51 62 0 8 0.0343363657594
49 65 0 8 0.0342839211226
9 68 0 8 0.0341194085777
4 10 0 8 0.0340835079551
14 60 0 8 0.0340472385287
15 44 0 8 0.0340295992792
9 64 0 8 0.0339897312224
31 36 0 8 0.0339202620089
17 66 0 8 0.0337600633502
15 60 0 8 0.0337526127696
44 70 0 8 0.0337269715965
46 68 0 8 0.0335829742253
28 36 0 8 0.0333421081305
44 56 0 8 0.0333016552031
26 65 0 8 0.0332537777722
48 62 0 8 0.0332078672945
67 72 0 8 0.0330612957478
11 18 0 8 0.033046387136
14 48 0 8 0.0328695327044
26 59 0 8 0.0328559875488
15 62 0 8 0.0328350178897
19 30 0 8 0.0327560044825
45 53 0 8 0.0326711758971
41 46 0 8 0.0326185002923
24 58 0 8 0.0326146036386
51 59 0 8 0.0325217023492
48 65 0 8 0.0324607044458
9 40 0 8 0.0323974601924
27 42 0 8 0.0322970040143
36 66 0 8 0.0322731435299
10 19 0 8 0.0320641323924
9 16 0 8 0.0320132188499
14 45 0 8 0.0319407172501
26 31 0 8 0.0317579843104
12 58 0 8 0.0315640643239
55 60 0 8 0.03140662238
47 60 0 8 0.0313903428614
17 51 0 8 0.0313422828913
21 37 0 8 0.0313082523644
33 38 0 8 0.0312369409949
16 70 0 8 0.0311901345849
17 70 0 8 0.0311460737139
17 69 0 8 0.031102521345
19 58 0 8 0.0310960095376
38 72 0 8 0.0309857856482
32 43 0 8 0.0309159085155
24 64 0 8 0.0308971554041
46 62 0 8 0.0307822935283
15 48 0 8 0.0306180492043
10 62 0 8 0.0306091532111
41 64 0 8 0.0305915717036
32 71 0 8 0.0305746346712
13 49 0 8 0.0305323414505
51 64 0 8 0.0305150970817
36 68 0 8 0.0304949749261
15 59 0 8 0.0304286573082
39 57 0 8 0.0303971767426
13 21 0 8 0.0303742922843
35 71 0 8 0.030330395326
9 44 0 8 0.0302135460079
21 44 0 8 0.0301430895925
13 46 0 8 0.0300675909966
49 54 0 8 0.0300380196422
45 67 0 8 0.0299977418035
21 33 0 8 0.0299967713654
32 73 0 8 0.0299679953605
4 12 0 8 0.0297726821154
22 61 0 8 0.0295915938914
54 64 0 8 0.0295741520822
11 56 0 8 0.0294075421989
14 66 0 8 0.0293869432062
28 43 0 8 0.029366094619
2 8 0 8 0.0293176174164
13 67 0 8 0.0292092263699
7 14 0 8 0.0290899705142
30 40 0 8 0.0290563646704
12 18 0 8 0.0289935544133
17 50 0 8 0.0289917290211
22 67 0 8 0.028963888064
39 69 0 8 0.0289044026285
27 41 0 8 0.028885114938
12 40 0 8 0.0286963563412
57 64 0 8 0.0286781210452
26 40 0 8 0.0285450704396
37 43 0 8 0.0285101570189
52 60 0 8 0.0284678600729
16 48 0 8 0.0284605659544
12 44 0 8 0.0284374691546
28 64 0 8 0.0283949058503
10 51 0 8 0.0283946637064
48 58 0 8 0.0283196102828
14 50 0 8 0.0282707884908
32 65 0 8 0.0282162614167
13 56 0 8 0.0281480494887
41 59 0 8 0.0280961021781
11 35 0 8 0.0279278624803
40 63 0 8 0.0278981421143
12 54 0 8 0.0278115086257
22 64 0 8 0.0277684535831
15 54 0 8 0.0277511104941
7 41 0 8 0.0276924334466
17 43 0 8 0.0276751257479
42 47 0 8 0.0276133082807
30 36 0 8 0.0274233669043
9 69 0 8 0.0273746717721
11 23 0 8 0.027340086177
33 40 0 8 0.027326837182
6 45 0 8 0.0272785313427
8 14 0 8 0.027219614014
11 69 0 8 0.0271923858672
25 31 0 8 0.0271382052451
39 65 0 8 0.0271263867617
26 57 0 8 0.0271234177053
1 7 0 8 0.026945002377
36 64 0 8 0.0268843956292
17 64 0 8 0.0268483124673
10 44 0 8 0.0268396046013
43 56 0 8 0.0268371514976
12 56 0 8 0.0268197339028
46 52 0 8 0.0267959218472
14 44 0 8 0.0266586504877
38 54 0 8 0.0265618786216
15 65 0 8 0.0265136826783
50 60 0 8 0.0264319423586
11 20 0 8 0.0264199133962
37 42 0 8 0.0263351164758
20 36 0 8 0.0263027269393
15 20 0 8 0.0262535996735
22 59 0 8 0.0261903293431
26 46 0 8 0.0260914023966
46 53 0 8 0.0259365085512
24 69 0 8 0.0259081162512
38 70 0 8 0.0258100777864
10 40 0 8 0.0257331803441
35 63 0 8 0.0257164910436
37 71 0 8 0.0256778225303
12 48 0 8 0.0256534684449
22 39 0 8 0.0256386082619
17 72 0 8 0.0255889520049
13 72 0 8 0.025543378666
22 30 0 8 0.0254908390343
48 55 0 8 0.0253466032445
12 36 0 8 0.0253212954849
11 36 0 8 0.0253076776862
11 58 0 8 0.025287758559
25 34 0 8 0.0252870600671
19 39 0 8 0.0250768810511
50 67 0 8 0.0250330157578
27 39 0 8 0.024956760928
53 60 0 8 0.0248918589205
20 38 0 8 0.0248838681728
29 35 0 8 0.0248792618513
9 23 0 8 0.0246234722435
43 48 0 8 0.0244813393801
23 29 0 8 0.0244692377746
27 36 0 8 0.0244606286287
12 43 0 8 0.0243144892156
18 54 0 8 0.0243115890771
44 53 0 8 0.024249099195
1 12 0 8 0.0242424439639
11 48 0 8 0.024215945974
28 69 0 8 0.0241897571832
9 49 0 8 0.0241772402078
50 70 0 8 0.0241208616644
15 45 0 8 0.0241046827286
41 70 0 8 0.0240298788995
15 53 0 8 0.0240230020136
4 11 0 8 0.0240023881197
52 59 0 8 0.0240022167563
11 39 0 8 0.0239150803536
42 54 0 8 0.0238946788013
14 65 0 8 0.0238216202706
10 56 0 8 0.0238176956773
8 38 0 8 0.0238166954368
21 43 0 8 0.0237765088677
55 61 0 8 0.0237381886691
8 46 0 8 0.0237368233502
52 58 0 8 0.0236974023283
30 37 0 8 0.023629847914
8 57 0 8 0.0234386436641
17 38 0 8 0.0233617015183
11 53 0 8 0.0232618302107
6 15 0 8 0.0232105478644
16 21 0 8 0.0231316126883
34 65 0 8 0.0230694338679
10 36 0 8 0.0228956528008
48 59 0 8 0.0228765867651
14 72 0 8 0.0228159055114
49 58 0 8 0.0228110216558
36 59 0 8 0.0228042826056
40 72 0 8 0.022693304345
4 13 0 8 0.0225052088499
8 15 0 8 0.0224502813071
18 47 0 8 0.0224018711597
16 54 0 8 0.0223768949509
13 52 0 8 0.0222806595266
31 37 0 8 0.0222404897213
21 69 0 8 0.0221555531025
14 64 0 8 0.0221451576799
17 46 0 8 0.0220805648714
26 36 0 8 0.0219482854009
38 68 0 8 0.021926747635
11 51 0 8 0.0218668915331
26 72 0 8 0.0218667145818
2 9 0 8 0.0218241997063
12 38 0 8 0.0217559020966
23 63 0 8 0.0217528324574
16 51 0 8 0.0217428356409
12 41 0 8 0.021729497239
22 34 0 8 0.021728605032
15 58 0 8 0.0216866210103
22 37 0 8 0.0216441322118
12 61 0 8 0.0216326136142
24 38 0 8 0.021628908813
24 62 0 8 0.0215992350131
23 72 0 8 0.0215350631624
41 56 0 8 0.0215185061097
9 48 0 8 0.0215071290731
19 36 0 8 0.0215022470802
54 60 0 8 0.0214743688703
37 73 0 8 0.0214547775686
6 14 0 8 0.0214398335665
10 18 0 8 0.0214265491813
19 49 0 8 0.0213102474809
10 43 0 8 0.0212932638824
52 64 0 8 0.0212833080441
21 72 0 8 0.0212616752833
7 45 0 8 0.0212088227272
12 65 0 8 0.0211943145841
7 49 0 8 0.0211158562452
12 49 0 8 0.0211018361151
47 58 0 8 0.0209826678038
9 46 0 8 0.0209786184132
41 63 0 8 0.0209565162659
46 64 0 8 0.0209178812802
9 22 0 8 0.0208507105708
12 66 0 8 0.020834878087
18 40 0 8 0.020755501464
26 39 0 8 0.02074418962
26 32 0 8 0.0206832997501
13 54 0 8 0.020669773221
15 35 0 8 0.0206382479519
15 55 0 8 0.0206138733774
11 46 0 8 0.0205700527877
10 61 0 8 0.0205446407199
26 64 0 8 0.0205118637532
38 67 0 8 0.0204428378493
33 43 0 8 0.0204351060092
6 46 0 8 0.0204348377883
1 10 0 8 0.02043319121
9 66 0 8 0.0204207114875
8 49 0 8 0.0203398298472
10 65 0 8 0.0203291997313
9 51 0 8 0.0202837754041
8 47 0 8 0.0202651061118
48 61 0 8 0.0202633030713
46 66 0 8 0.0202300231904
49 62 0 8 0.0202289111912
38 66 0 8 0.0202273055911
44 59 0 8 0.0202054642141
43 54 0 8 0.0202039238065
2 10 0 8 0.0201871730387
34 71 0 8 0.0201793536544
14 62 0 8 0.0201576426625
3 10 0 8 0.0201394557953
17 65 0 8 0.020112933591
33 71 0 8 0.0200969669968
5 14 0 8 0.0200848095119
14 46 0 8 0.0200771130621
17 33 0 8 0.0200643297285
5 15 0 8 0.0200462006032
11 42 0 8 0.0200138520449
25 36 0 8 0.0199921187013
9 58 0 8 0.0199875235558
22 28 0 8 0.0199621897191
14 40 0 8 0.0199521500617
14 63 0 8 0.0198862850666
44 58 0 8 0.0198806896806
24 72 0 8 0.0198545604944
3 13 0 8 0.0198476370424
1 9 0 8 0.0198278538883
30 69 0 8 0.0198231935501
39 70 0 8 0.019762583077
11 52 0 8 0.0197518393397
8 16 0 8 0.0197026859969
8 59 0 8 0.0196959730238
13 53 0 8 0.0196955129504
6 41 0 8 0.019681988284
30 47 0 8 0.0196779314429
36 58 0 8 0.0196485053748
14 41 0 8 0.0196379031986
15 52 0 8 0.0196370165795
39 66 0 8 0.0196265596896
15 66 0 8 0.0195749606937
1 11 0 8 0.0194886997342
43 57 0 8 0.0194868538529
49 55 0 8 0.0194843728095
48 64 0 8 0.019468896091
7 50 0 8 0.0193841401488
8 19 0 8 0.0193746965379
15 64 0 8 0.0193666368723
6 50 0 8 0.0193413943052
10 54 0 8 0.0193149391562
32 39 0 8 0.0193021018058
12 17 0 8 0.0192839931697
36 67 0 8 0.0192702058703
49 60 0 8 0.0192574709654
9 56 0 8 0.0192377585918
38 71 0 8 0.0192166101187
30 64 0 8 0.0191786084324
39 67 0 8 0.0191485248506
36 62 0 8 0.0190990939736
5 49 0 8 0.0190843120217
48 60 0 8 0.0190706737339
14 36 0 8 0.0190573520958
13 23 0 8 0.0190327391028
9 72 0 8 0.0189952980727
22 41 0 8 0.0189838781953
15 40 0 8 0.0189801771194
24 67 0 8 0.0189559888095
13 34 0 8 0.0189258214086
1 8 0 8 0.018859365955
46 54 0 8 0.0188469979912
21 65 0 8 0.0188323725015
64 69 0 8 0.0188121628016
11 54 0 8 0.0187997240573
22 33 0 8 0.0187933258712
30 38 0 8 0.0187742076814
32 64 0 8 0.0187641922385
8 58 0 8 0.0187351442873
11 17 0 8 0.0186875592917
33 69 0 8 0.0186855755746
34 43 0 8 0.0186188649386
22 31 0 8 0.0186109859496
23 59 0 8 0.018596438691
39 72 0 8 0.0185963604599
19 72 0 8 0.0185889657587
19 38 0 8 0.0185738857836
42 62 0 8 0.018564991653
26 69 0 8 0.0185596495867
15 49 0 8 0.0185457877815
27 72 0 8 0.0185396391898
5 41 0 8 0.0185032635927
11 60 0 8 0.018488317728
10 59 0 8 0.0184874627739
18 65 0 8 0.0184675063938
34 42 0 8 0.0184438601136
20 72 0 8 0.0184234213084
21 68 0 8 0.0183894317597
10 52 0 8 0.0183722432703
24 47 0 8 0.0183534417301
28 40 0 8 0.0183278750628
3 11 0 8 0.0182844717056
5 48 0 8 0.0182712338865
40 45 0 8 0.0182698965073
31 64 0 8 0.018259614706
22 73 0 8 0.0182458441705
9 42 0 8 0.0182339847088
26 44 0 8 0.0182064045221
26 37 0 8 0.0181906204671
30 62 0 8 0.0181526429951
16 33 0 8 0.0181180164218
10 22 0 8 0.0181171614677
11 49 0 8 0.0181144718081
11 72 0 8 0.0180991198868
34 61 0 8 0.0180876292288
15 69 0 8 0.0180647429079
8 50 0 8 0.018058244139
17 62 0 8 0.0180257055908
7 61 0 8 0.0179885514081
38 64 0 8 0.0179867576808
46 58 0 8 0.017960742116
12 46 0 8 0.0179396942258
10 46 0 8 0.0179339572787
9 18 0 8 0.0179254021496
43 60 0 8 0.0179235544056
42 56 0 8 0.0179050154984
16 53 0 8 0.0178287364542
9 39 0 8 0.0178245715797
14 69 0 8 0.0178196467459
10 68 0 8 0.0177366230637
9 67 0 8 0.0177340991795
33 65 0 8 0.0177307333797
21 39 0 8 0.0177164301276
10 49 0 8 0.0176914781332
7 15 0 8 0.0176688954234
34 69 0 8 0.0176544412971
21 47 0 8 0.0176525320858
11 70 0 8 0.0176019072533
37 58 0 8 0.0175833068788
32 38 0 8 0.0175727009773
15 68 0 8 0.0175010282546
48 69 0 8 0.017500160262
35 73 0 8 0.0174574945122
15 36 0 8 0.0174458194524
36 61 0 8 0.0174401309341
9 60 0 8 0.0174370668828
10 66 0 8 0.0174130741507
19 51 0 8 0.0173949860036
30 68 0 8 0.017377667129
39 61 0 8 0.0172805134207
17 39 0 8 0.0172504149377
12 45 0 8 0.0171760823578
34 64 0 8 0.0171757917851
36 44 0 8 0.0171695705503
33 68 0 8 0.0171644613147
36 70 0 8 0.0171499885619
12 55 0 8 0.0171385705471
52 62 0 8 0.0171230826527
7 57 0 8 0.01710934937
6 51 0 8 0.0171069111675
40 59 0 8 0.0170826427639
24 70 0 8 0.0170764401555
17 48 0 8 0.0170551147312
2 11 0 8 0.0170514862984
13 39 0 8 0.0170489139855
22 68 0 8 0.0170183591545
30 39 0 8 0.017001805827
46 60 0 8 0.0169587470591
37 60 0 8 0.0168954506516
5 46 0 8 0.0168630946428
15 38 0 8 0.0168586522341
35 42 0 8 0.0168395843357
50 72 0 8 0.016826050356
16 52 0 8 0.016783695668
32 41 0 8 0.0167814139277
28 68 0 8 0.0167538132519
4 14 0 8 0.0167442094535
29 73 0 8 0.0167379993945
11 63 0 8 0.0167367924005
5 45 0 8 0.0167138949037
11 67 0 8 0.0167033001781
4 15 0 8 0.0166601650417
27 50 0 8 0.0166457742453
8 37 0 8 0.0166416764259
9 70 0 8 0.0165647380054
21 36 0 8 0.0165618956089
35 57 0 8 0.0165597926825
14 51 0 8 0.0165492799133
7 16 0 8 0.0165110174567
44 72 0 8 0.0164736285806
18 68 0 8 0.0164498891681
10 45 0 8 0.0163984168321
19 24 0 8 0.0163957253098
6 49 0 8 0.0163884367794
19 48 0 8 0.0163173116744
9 52 0 8 0.0162706300616
14 34 0 8 0.0162286516279
20 57 0 8 0.0162173584104
22 69 0 8 0.016216840595
56 65 0 8 0.0162078589201
45 63 0 8 0.0161887481809
31 39 0 8 0.0161671936512
15 63 0 8 0.0161639470607
43 49 0 8 0.0161342266947
18 72 0 8 0.0161272026598
66 72 0 8 0.016105754301
42 68 0 8 0.0161009244621
29 36 0 8 0.0160808973014
45 55 0 8 0.016054270789
16 55 0 8 0.0160326361656
12 35 0 8 0.0160094108433
10 64 0 8 0.0159987378865
19 33 0 8 0.0159940645099
67 73 0 8 0.0159805156291
12 60 0 8 0.015961451456
10 69 0 8 0.0159535370767
31 61 0 8 0.0159233156592
19 54 0 8 0.0159160830081
7 46 0 8 0.01589554362
38 61 0 8 0.0158719588071
46 55 0 8 0.0158697534353
48 66 0 8 0.0158692412078
46 56 0 8 0.0158563237637
39 54 0 8 0.0157385058701
18 49 0 8 0.0157209280878
9 20 0 8 0.0157207213342
42 58 0 8 0.0156644135714
22 72 0 8 0.015651492402
20 53 0 8 0.0155704049394
51 68 0 8 0.0155684901401
23 42 0 8 0.0155475446954
38 59 0 8 0.0155195007101
7 47 0 8 0.0154790589586
42 53 0 8 0.0154367508367
43 52 0 8 0.0154282106087
15 34 0 8 0.0154163995758
27 57 0 8 0.0153942834586
39 64 0 8 0.0153820579872
6 38 0 8 0.0153429862112
34 70 0 8 0.0153079284355
7 48 0 8 0.0152930067852
51 65 0 8 0.0152920661494
5 47 0 8 0.0152702461928
2 13 0 8 0.0152565427125
5 51 0 8 0.0152509277686
25 35 0 8 0.015214169398
18 37 0 8 0.0152104692534
35 59 0 8 0.0152075905353
8 68 0 8 0.015206348151
12 63 0 8 0.0152056980878
43 72 0 8 0.0151754524559
40 58 0 8 0.0151666328311
42 73 0 8 0.0151657424867
5 42 0 8 0.0151601172984
26 71 0 8 0.0151496408507
9 17 0 8 0.0151457926258
31 72 0 8 0.0151197463274
3 14 0 8 0.0151151036844
14 52 0 8 0.0151040060446
6 16 0 8 0.0150912860408
3 15 0 8 0.0150523390621
32 68 0 8 0.0150338429958
2 14 0 8 0.0150173930451
16 58 0 8 0.0150092346594
9 63 0 8 0.0150053082034
8 61 0 8 0.0150018548593
17 49 0 8 0.0149914165959
7 44 0 8 0.0149803869426
53 65 0 8 0.0149789378047
17 42 0 8 0.0149457165971
30 44 0 8 0.0149410776794
20 27 0 8 0.0149091165513
45 72 0 8 0.0149017432705
32 63 0 8 0.0148847289383
34 62 0 8 0.014869382605
9 55 0 8 0.0148685509339
10 39 0 8 0.0148232132196
10 23 0 8 0.0148118324578
22 50 0 8 0.0147993061692
10 17 0 8 0.0147869782522
26 41 0 8 0.0147687811404
12 64 0 8 0.0147293191403
40 50 0 8 0.0147234732285
27 61 0 8 0.0147200701758
28 47 0 8 0.0147181199864
2 15 0 8 0.0147132873535
8 45 0 8 0.0147045524791
47 55 0 8 0.014701526612
42 69 0 8 0.0146956779063
27 70 0 8 0.0146786617115
28 72 0 8 0.0146606648341
1 13 0 8 0.0146600315347
24 61 0 8 0.0146323051304
42 51 0 8 0.0146281393245
32 72 0 8 0.0146275348961
20 59 0 8 0.0146065875888
26 61 0 8 0.0145686548203
7 58 0 8 0.0145620778203
10 72 0 8 0.0145519133657
9 53 0 8 0.01448073145
39 73 0 8 0.0144804110751
56 63 0 8 0.0144624244422
6 44 0 8 0.014455425553
7 59 0 8 0.0144474925473
19 46 0 8 0.0144224883988
36 63 0 8 0.0143721261993
18 69 0 8 0.0143695324659
42 65 0 8 0.0143670346588
20 42 0 8 0.0143415732309
46 69 0 8 0.0143381766975
54 63 0 8 0.0143112791702
18 61 0 8 0.0143109019846
38 56 0 8 0.0143030807376
6 19 0 8 0.0142957158387
31 69 0 8 0.014272022061
20 49 0 8 0.0142678571865
44 60 0 8 0.0142609449103
7 38 0 8 0.0142315942794
8 53 0 8 0.0142256412655
14 58 0 8 0.0142229804769
14 39 0 8 0.0142205609009
48 68 0 8 0.0142166437581
1 15 0 8 0.0142143918201
57 66 0 8 0.0142114125192
39 60 0 8 0.0142013160512
22 57 0 8 0.0141818895936
27 71 0 8 0.0141796227545
8 22 0 8 0.0141706345603
29 37 0 8 0.0141430497169
5 50 0 8 0.0141133349389
18 43 0 8 0.0141073185951
43 59 0 8 0.0140945641324
34 68 0 8 0.0140864485875
18 46 0 8 0.0140755595639
6 42 0 8 0.0140627808869
19 42 0 8 0.0140488846228
34 72 0 8 0.0140337469056
13 33 0 8 0.0140287866816
8 41 0 8 0.0140076437965
39 62 0 8 0.0139956483617
22 49 0 8 0.013988497667
25 37 0 8 0.0139699960127
33 44 0 8 0.0139146149158
10 42 0 8 0.0139103559777
12 72 0 8 0.0139064257964
55 62 0 8 0.0139058372006
25 33 0 8 0.0138921001926
8 69 0 8 0.0138690145686
30 73 0 8 0.0138617707416
7 56 0 8 0.0138553194702
33 41 0 8 0.0138520551845
32 61 0 8 0.0138481538743
38 63 0 8 0.0138465128839
49 59 0 8 0.0138344410807
8 51 0 8 0.0138249974698
10 60 0 8 0.0137837119401
22 71 0 8 0.0137830367312
44 71 0 8 0.0137689979747
17 67 0 8 0.0137583957985
29 71 0 8 0.0137551939115
33 57 0 8 0.0137388119474
14 35 0 8 0.0137294586748
31 40 0 8 0.0137129593641
20 54 0 8 0.0137124173343
21 26 0 8 0.0137118427083
39 56 0 8 0.0137102501467
28 38 0 8 0.0136999767274
46 70 0 8 0.0136955948547
46 59 0 8 0.0136410174891
26 38 0 8 0.0136020518839
13 42 0 8 0.0135648865253
43 73 0 8 0.0135544519871
8 44 0 8 0.0135428532958
44 52 0 8 0.0135421585292
34 67 0 8 0.0135391587391
10 53 0 8 0.0135310282931
44 54 0 8 0.0135239586234
34 66 0 8 0.0134996473789
13 38 0 8 0.0134793547913
18 53 0 8 0.013478865847
22 51 0 8 0.013477015309
12 20 0 8 0.0134753286839
15 39 0 8 0.0134607637301
18 36 0 8 0.0134589523077
7 43 0 8 0.0134542109445
3 16 0 8 0.0134409833699
34 73 0 8 0.0134195964783
11 21 0 8 0.0134136956185
8 52 0 8 0.0134051786736
18 35 0 8 0.0134024051949
33 39 0 8 0.013382117264
5 26 0 8 0.0133780501783
5 52 0 8 0.0133636826649
14 20 0 8 0.0133603205904
14 67 0 8 0.0133547214791
29 70 0 8 0.0133504616097
17 71 0 8 0.013348357752
14 42 0 8 0.0133136669174
7 62 0 8 0.0133120510727
5 16 0 8 0.0133061520755
52 63 0 8 0.0133041683584
37 56 0 8 0.0133013138548
33 61 0 8 0.0132507244125
54 65 0 8 0.0132164889947
40 60 0 8 0.0131925623864
18 44 0 8 0.0131837250665
36 57 0 8 0.0131817087531
9 35 0 8 0.0131501872092
7 51 0 8 0.0131416814402
8 56 0 8 0.0131415762007
8 65 0 8 0.0131341582164
45 59 0 8 0.0131261013448
25 73 0 8 0.0131246680394
28 41 0 8 0.013085173443
18 67 0 8 0.0130790052935
34 41 0 8 0.0130750117823
9 54 0 8 0.013063239865
13 73 0 8 0.0130628151819
10 48 0 8 0.0130581809208
33 64 0 8 0.0130468411371
8 54 0 8 0.0130458464846
48 70 0 8 0.0130216050893
44 73 0 8 0.0130129735917
6 47 0 8 0.0129859745502
17 57 0 8 0.0129752643406
62 67 0 8 0.0129703441635
20 48 0 8 0.0129428841174
18 73 0 8 0.0129355145618
32 44 0 8 0.0129235321656
4 49 0 8 0.0129208564758
30 46 0 8 0.0129144601524
28 53 0 8 0.0129000432789
31 38 0 8 0.0128672299907
51 63 0 8 0.0128627549857
15 46 0 8 0.0127928247675
51 69 0 8 0.0127764139324
9 26 0 8 0.0127746155486
27 38 0 8 0.0127607490867
30 72 0 8 0.0127516211942
26 70 0 8 0.0127267641947
19 31 0 8 0.0127252591774
26 53 0 8 0.0127223851159
10 67 0 8 0.0127207860351
42 61 0 8 0.012656211853
49 66 0 8 0.0126145929098
8 43 0 8 0.0126119740307
43 53 0 8 0.0126008633524
31 65 0 8 0.0125719429925
13 32 0 8 0.0125613044947
52 65 0 8 0.0125316428021
36 42 0 8 0.0125243403018
18 50 0 8 0.0125103536993
10 35 0 8 0.0125050758943
7 26 0 8 0.012501867488
53 63 0 8 0.0124985417351
48 67 0 8 0.0124801285565
21 27 0 8 0.0124773839489
33 62 0 8 0.0124514773488
29 56 0 8 0.0124182635918
4 16 0 8 0.0123897409067
10 70 0 8 0.0123776271939
8 60 0 8 0.0123663824052
7 54 0 8 0.012354856357
42 50 0 8 0.0123437484726
35 60 0 8 0.0123354149982
20 46 0 8 0.0123239122331
5 22 0 8 0.0123182889074
7 39 0 8 0.0123150814325
22 56 0 8 0.0123078152537
26 45 0 8 0.0123067954555
14 70 0 8 0.0122972587124
18 39 0 8 0.0122880358249
17 59 0 8 0.0122799826786
14 71 0 8 0.0122658731416
5 57 0 8 0.0122592076659
31 68 0 8 0.0122457500547
8 18 0 8 0.0122429123148
20 60 0 8 0.0122110256925
42 64 0 8 0.0121986651793
8 48 0 8 0.0121824275702
12 69 0 8 0.0121688293293
24 50 0 8 0.0121630812064
2 18 0 8 0.0121515309438
31 43 0 8 0.0121441949159
11 55 0 8 0.0121430512518
27 59 0 8 0.012139997445
51 66 0 8 0.0121015366167
5 19 0 8 0.0120957074687
28 67 0 8 0.0120912687853
24 42 0 8 0.01209051162
30 41 0 8 0.0120405619964
1 14 0 8 0.0120265306905
31 71 0 8 0.0119994115084
22 38 0 8 0.0119964145124
6 59 0 8 0.0119946468621
43 51 0 8 0.0119703384116
5 38 0 8 0.0119329318404
21 45 0 8 0.0119101330638
5 37 0 8 0.0119077712297
7 53 0 8 0.0119070755318
11 34 0 8 0.0118750948459
34 59 0 8 0.0118743181229
21 66 0 8 0.0118653858081
17 58 0 8 0.0118530476466
5 58 0 8 0.0118240294978
8 64 0 8 0.0118087297305
30 61 0 8 0.0117841046304
22 36 0 8 0.0117811728269
60 65 0 8 0.0117660826072
14 38 0 8 0.011763587594
22 63 0 8 0.0117357587442
18 41 0 8 0.0117285782471
42 72 0 8 0.0117270359769
1 72 0 8 0.0117095522583
17 53 0 8 0.0116956653073
40 71 0 8 0.0116935661063
16 71 0 8 0.0116830291227
3 49 0 8 0.0116775576025
2 49 0 8 0.0116752907634
18 56 0 8 0.0116376876831
17 63 0 8 0.0116250198334
26 49 0 8 0.0116036720574
12 68 0 8 0.0115922903642
28 73 0 8 0.0115769915283
25 68 0 8 0.0115632610396
7 37 0 8 0.0115568423644
7 22 0 8 0.0115172546357
6 54 0 8 0.0115004824474
6 57 0 8 0.0114876525477
21 59 0 8 0.0114757074043
8 72 0 8 0.011469504796
36 60 0 8 0.0114663541317
46 67 0 8 0.0114582171664
42 52 0 8 0.0114457793534
21 29 0 8 0.0114340716973
11 71 0 8 0.0114333713427
8 55 0 8 0.0113984402269
22 70 0 8 0.0113549251109
7 18 0 8 0.0113389147446
33 58 0 8 0.0113268075511
53 66 0 8 0.0113227283582
27 56 0 8 0.011313945055
8 36 0 8 0.0112945465371
10 20 0 8 0.0112912040204
32 47 0 8 0.0112860519439
9 71 0 8 0.0112514924258
22 54 0 8 0.0112164765596
12 34 0 8 0.0112012876198
41 47 0 8 0.011192924343
15 70 0 8 0.0111719612032
12 39 0 8 0.0111477021128
33 66 0 8 0.0111455377191
21 64 0 8 0.0111114503816
49 69 0 8 0.0110316183418
39 71 0 8 0.0110259018838
45 60 0 8 0.0110069448128
21 62 0 8 0.0109794372693
2 16 0 8 0.0109634911641
31 49 0 8 0.0109621714801
5 56 0 8 0.0109594836831
9 36 0 8 0.0109266601503
13 55 0 8 0.0109243625775
28 71 0 8 0.0109167341143
7 69 0 8 0.01087843813
42 59 0 8 0.0108681349084
37 54 0 8 0.0108514884487
62 69 0 8 0.0108439354226
19 60 0 8 0.0108392778784
20 51 0 8 0.0108296861872
7 19 0 8 0.0108266109601
28 70 0 8 0.0107888514176
7 68 0 8 0.0107819326222
7 52 0 8 0.0107745509595
21 61 0 8 0.0107066854835
15 67 0 8 0.0107056749985
18 62 0 8 0.0106862988323
10 34 0 8 0.0106188431382
19 71 0 8 0.0106173707172
18 34 0 8 0.0106075722724
34 58 0 8 0.0105944685638
10 55 0 8 0.0105898762122
4 51 0 8 0.0105689270422
21 73 0 8 0.0105615155771
28 66 0 8 0.0105565441772
22 29 0 8 0.0105527937412
34 57 0 8 0.0104883294553
9 21 0 8 0.0104781594127
13 71 0 8 0.0104468064383
48 73 0 8 0.0104274908081
10 63 0 8 0.010417134501
6 22 0 8 0.0104151135311
31 60 0 8 0.0103685678914
21 38 0 8 0.0103540159762
8 39 0 8 0.0103491172194
8 62 0 8 0.0103189153597
8 66 0 8 0.0102925552055
18 60 0 8 0.0102675994858
7 55 0 8 0.0102521236986
6 52 0 8 0.0102444766089
33 60 0 8 0.0102315619588
23 57 0 8 0.0102214878425
29 38 0 8 0.0101580768824
26 50 0 8 0.0101437130943
43 58 0 8 0.0101121142507
18 57 0 8 0.010110209696
6 48 0 8 0.0101097850129
18 59 0 8 0.0100873475894
8 23 0 8 0.0100858202204
52 68 0 8 0.0100707206875
6 62 0 8 0.0100634880364
23 46 0 8 0.0100581124425
33 72 0 8 0.0100464858115
16 30 0 8 0.0100341355428
30 67 0 8 0.00998828373849
49 63 0 8 0.00998746324331
42 55 0 8 0.00998424366117
17 31 0 8 0.00997868832201
41 55 0 8 0.00997212901711
6 26 0 8 0.00995391327888
18 63 0 8 0.00995387416333
17 22 0 8 0.00991190504283
9 73 0 8 0.00990240555257
50 71 0 8 0.00985012110323
20 71 0 8 0.00984408240765
21 50 0 8 0.00982556771487
4 46 0 8 0.00978919025511
2 48 0 8 0.00978741515428
7 72 0 8 0.0097625516355
32 59 0 8 0.00975342467427
24 71 0 8 0.00972120184451
39 59 0 8 0.00970345363021
6 53 0 8 0.00969725567847
42 66 0 8 0.00969262234867
23 71 0 8 0.0096518760547
9 24 0 8 0.00962318014354
51 67 0 8 0.00960521493107
8 40 0 8 0.00960231106728
2 73 0 8 0.00959577970207
11 73 0 8 0.0095915067941
2 72 0 8 0.00957239232957
1 16 0 8 0.00957088265568
4 47 0 8 0.00956691522151
7 42 0 8 0.00951906759292
48 63 0 8 0.00951824057847
34 56 0 8 0.00950244814157
9 32 0 8 0.00949916802347
30 42 0 8 0.00949725229293
5 54 0 8 0.00948807876557
31 66 0 8 0.00944849196821
26 48 0 8 0.00944842584431
4 48 0 8 0.00943740829825
43 71 0 8 0.00942803919315
12 42 0 8 0.009427504614
21 70 0 8 0.00942651089281
24 46 0 8 0.00942485965788
31 58 0 8 0.00938654504716
1 17 0 8 0.00937651190907
5 44 0 8 0.00937455426902
7 64 0 8 0.00935228914022
20 58 0 8 0.00934637151659
38 60 0 8 0.00932505261153
18 32 0 8 0.00929078646004
28 59 0 8 0.00927734468132
8 26 0 8 0.0092686265707
19 73 0 8 0.00925963651389
53 68 0 8 0.00924852862954
18 64 0 8 0.00924757122993
5 36 0 8 0.00922890473157
8 70 0 8 0.00917973089963
55 63 0 8 0.00916609726846
17 52 0 8 0.00916069373488
1 18 0 8 0.00916022248566
42 70 0 8 0.00912495236844
3 48 0 8 0.0091223269701
29 39 0 8 0.00911496765912
15 73 0 8 0.00908221770078
46 63 0 8 0.00905732624233
55 67 0 8 0.0089486092329
7 60 0 8 0.00894572585821
15 71 0 8 0.00894409883767
58 66 0 8 0.00893081910908
5 17 0 8 0.0089162029326
32 60 0 8 0.00890286453068
31 70 0 8 0.00889003649354
18 66 0 8 0.00888284202665
12 22 0 8 0.00883460231125
1 73 0 8 0.00881469156593
42 67 0 8 0.00878877006471
32 56 0 8 0.00878026708961
23 73 0 8 0.00877297855914
7 17 0 8 0.00876456871629
21 56 0 8 0.00875890720636
2 17 0 8 0.00874916370958
4 72 0 8 0.00873172562569
12 70 0 8 0.00872049387544
34 60 0 8 0.00870612356812
3 72 0 8 0.00870121922344
20 52 0 8 0.00869727227837
16 31 0 8 0.00869164150208
7 65 0 8 0.00868262443691
24 63 0 8 0.00864195544273
21 57 0 8 0.00863923877478
25 59 0 8 0.00863697659224
19 56 0 8 0.00857130810618
33 59 0 8 0.00854862201959
37 45 0 8 0.00849738251418
26 56 0 8 0.00849325861782
22 42 0 8 0.00848445296288
3 18 0 8 0.00844789855182
8 67 0 8 0.00842827092856
6 17 0 8 0.00841708760709
11 33 0 8 0.0083975456655
32 67 0 8 0.00839463528246
39 44 0 8 0.00838854443282
6 72 0 8 0.00836422573775
40 54 0 8 0.00835965946317
26 42 0 8 0.00835673417896
8 17 0 8 0.00835109036416
29 40 0 8 0.00833481643349
32 50 0 8 0.00831606611609
51 70 0 8 0.00823232810944
53 67 0 8 0.00821795500815
2 60 0 8 0.00820989906788
29 66 0 8 0.00815904978663
5 53 0 8 0.00815180223435
37 55 0 8 0.00815024040639
14 33 0 8 0.00812493544072
2 19 0 8 0.00812422391027
5 39 0 8 0.00811393372715
12 23 0 8 0.00809211842716
9 34 0 8 0.00805695168674
6 68 0 8 0.0080428449437
18 71 0 8 0.00803408399224
2 51 0 8 0.00802340917289
10 73 0 8 0.00799874030054
10 71 0 8 0.00798607524484
32 57 0 8 0.00797366444021
1 51 0 8 0.00796748138964
5 72 0 8 0.00795288942754
22 45 0 8 0.0079382006079
7 66 0 8 0.00792265869677
3 73 0 8 0.00790807697922
34 54 0 8 0.00790118146688
6 69 0 8 0.00784474331886
14 21 0 8 0.00784220919013
4 50 0 8 0.00782311055809
7 27 0 8 0.00780928740278
2 26 0 8 0.00779564399272
2 71 0 8 0.00777101190761
32 58 0 8 0.00776098808274
6 56 0 8 0.00774779776111
40 51 0 8 0.00774303404614
5 61 0 8 0.00773283047602
28 65 0 8 0.00764914508909
12 67 0 8 0.00763038638979
39 63 0 8 0.00762818427756
25 40 0 8 0.0076063121669
25 39 0 8 0.00759599963203
5 18 0 8 0.00754564488307
34 63 0 8 0.0075146984309
10 21 0 8 0.00750413304195
18 48 0 8 0.00749235088006
12 73 0 8 0.00749127333984
21 71 0 8 0.00747600151226
8 63 0 8 0.00747349997982
31 67 0 8 0.00744957476854
29 47 0 8 0.00744695588946
31 41 0 8 0.00744257261977
25 56 0 8 0.00741180311888
33 54 0 8 0.00741131231189
2 22 0 8 0.00740874512121
21 67 0 8 0.00739344069734
24 57 0 8 0.00738547649235
40 47 0 8 0.00735522760078
49 67 0 8 0.00733437528834
36 54 0 8 0.00733139738441
3 50 0 8 0.00732605485246
55 64 0 8 0.00731391040608
8 27 0 8 0.00729849981144
7 23 0 8 0.00726413913071
18 70 0 8 0.00725463451818
39 58 0 8 0.00725394720212
5 43 0 8 0.00721756042913
18 42 0 8 0.00721546635032
8 71 0 8 0.00721312314272
36 56 0 8 0.00721090054139
24 49 0 8 0.00716831814498
35 47 0 8 0.00715972715989
20 73 0 8 0.00714313751087
35 46 0 8 0.00711779529229
6 65 0 8 0.00711410585791
61 66 0 8 0.00710666971281
4 73 0 8 0.00707348063588
35 50 0 8 0.00704447040334
38 50 0 8 0.00703003956005
54 67 0 8 0.00701727904379
25 41 0 8 0.0070138508454
17 54 0 8 0.007009700872
3 51 0 8 0.00700190896168
54 66 0 8 0.00697796232998
33 63 0 8 0.00697760237381
30 71 0 8 0.00694986758754
37 47 0 8 0.00694532413036
30 56 0 8 0.00692928023636
8 73 0 8 0.0069247437641
47 71 0 8 0.00689498707652
7 36 0 8 0.00687666516751
41 60 0 8 0.00685989111662
46 71 0 8 0.00685369921848
28 56 0 8 0.00685021048412
25 47 0 8 0.00684455828741
25 43 0 8 0.00682844500989
42 48 0 8 0.00682705175132
19 55 0 8 0.0068269316107
15 42 0 8 0.00682132132351
37 50 0 8 0.00680274516344
46 72 0 8 0.00679846853018
6 18 0 8 0.00679554883391
12 71 0 8 0.00677614705637
1 48 0 8 0.00675414828584
11 32 0 8 0.00674083177
5 73 0 8 0.00673638889566
5 25 0 8 0.00671458803117
39 55 0 8 0.00669027445838
2 67 0 8 0.00668714102358
29 72 0 8 0.0066714300774
48 72 0 8 0.00664896238595
32 45 0 8 0.00664819730446
1 56 0 8 0.00664550578222
35 56 0 8 0.00663511967286
7 67 0 8 0.00661729183048
6 55 0 8 0.00660170987248
35 58 0 8 0.00660133780912
20 55 0 8 0.00654306076467
37 53 0 8 0.00649655563757
8 32 0 8 0.00649384781718
6 27 0 8 0.00648562982678
3 26 0 8 0.00648042047396
7 32 0 8 0.00647910684347
31 59 0 8 0.00647825049236
12 33 0 8 0.00646085105836
5 69 0 8 0.00645673228428
18 51 0 8 0.00645486358553
5 68 0 8 0.00644973106682
2 56 0 8 0.00641995528713
7 70 0 8 0.00641494756564
1 71 0 8 0.00641396315768
6 66 0 8 0.00638500461355
23 60 0 8 0.00637238053605
1 49 0 8 0.0063621327281
9 33 0 8 0.00634854612872
12 32 0 8 0.00634715938941
22 48 0 8 0.00634602596983
6 73 0 8 0.00634506670758
43 55 0 8 0.0063042123802
6 67 0 8 0.00627256836742
2 55 0 8 0.00626061903313
22 46 0 8 0.00625498825684
7 40 0 8 0.00625160709023
10 33 0 8 0.00624487129971
45 71 0 8 0.00623049447313
9 30 0 8 0.00621448317543
21 42 0 8 0.00620010495186
28 61 0 8 0.00619903579354
6 60 0 8 0.00619361223653
33 56 0 8 0.00618439167738
8 34 0 8 0.00614034989849
38 55 0 8 0.00612013554201
25 38 0 8 0.00608922168612
7 20 0 8 0.00608550617471
8 20 0 8 0.00606596283615
6 23 0 8 0.0060473671183
7 73 0 8 0.00603201845661
18 55 0 8 0.00602524075657
6 37 0 8 0.00602515786886
2 68 0 8 0.00602512946352
14 32 0 8 0.00602071033791
41 49 0 8 0.00601347768679
35 45 0 8 0.00599854439497
6 64 0 8 0.00599657697603
24 56 0 8 0.00599532946944
5 55 0 8 0.00599280931056
3 47 0 8 0.00598021689802
7 63 0 8 0.00596618512645
10 32 0 8 0.00595274753869
17 56 0 8 0.005938436836
2 52 0 8 0.00593716418371
11 24 0 8 0.00592553056777
3 17 0 8 0.00592049397528
31 46 0 8 0.00591587321833
29 67 0 8 0.00590231083333
2 46 0 8 0.00590127008036
32 46 0 8 0.00589929008856
39 53 0 8 0.0058992006816
30 49 0 8 0.00589451845735
4 22 0 8 0.00587845407426
2 59 0 8 0.00587783288211
6 70 0 8 0.00586130796
38 52 0 8 0.0058456887491
2 58 0 8 0.00582559639588
25 69 0 8 0.00582048110664
18 58 0 8 0.00581712648273
4 18 0 8 0.00581612298265
9 25 0 8 0.00579545553774
17 30 0 8 0.00578064378351
21 54 0 8 0.00577938882634
49 70 0 8 0.00577389542013
4 26 0 8 0.00576370721683
29 61 0 8 0.00575203774497
38 53 0 8 0.00575100723654
29 59 0 8 0.00574857275933
51 73 0 8 0.00574362836778
52 67 0 8 0.00573685439304
18 45 0 8 0.00573670212179
18 38 0 8 0.00572794862092
7 71 0 8 0.005726642441
4 23 0 8 0.00572273135185
1 26 0 8 0.00571900466457
28 44 0 8 0.00571465725079
6 61 0 8 0.00570293236524
27 49 0 8 0.00567228766158
8 33 0 8 0.00567189743742
8 31 0 8 0.00566842965782
33 53 0 8 0.00565382512286
39 50 0 8 0.00565032009035
27 60 0 8 0.00562334433198
54 69 0 8 0.00562119064853
27 45 0 8 0.00560147222131
63 68 0 8 0.005579742603
8 42 0 8 0.00557384826243
17 55 0 8 0.00555162271485
24 48 0 8 0.00554779870436
23 48 0 8 0.00554548669606
2 69 0 8 0.00554465595633
3 60 0 8 0.00552680296823
45 73 0 8 0.00551352882758
8 35 0 8 0.0055132098496
5 27 0 8 0.00550776114687
31 42 0 8 0.00550765963271
25 62 0 8 0.00549880508333
2 54 0 8 0.00549111003056
9 31 0 8 0.00548502290621
8 24 0 8 0.0054812184535
50 73 0 8 0.00546905677766
30 60 0 8 0.00546010583639
20 25 0 8 0.00545376818627
22 55 0 8 0.00544864172116
21 46 0 8 0.00544404657558
1 60 0 8 0.00544027611613
44 55 0 8 0.00542813260108
4 17 0 8 0.00541713321581
58 64 0 8 0.00541560770944
21 60 0 8 0.00540915457532
18 33 0 8 0.00540592055768
21 55 0 8 0.00539866974577
34 44 0 8 0.0053907004185
7 35 0 8 0.00537851871923
28 42 0 8 0.0053661740385
29 69 0 8 0.0053627314046
5 66 0 8 0.00535927107558
3 68 0 8 0.00535924546421
3 59 0 8 0.00535232108086
1 55 0 8 0.00534128211439
6 71 0 8 0.00534049933776
6 58 0 8 0.00533438054845
5 67 0 8 0.00532311340794
33 47 0 8 0.00531137129292
6 34 0 8 0.00530652143061
29 68 0 8 0.00529537815601
4 69 0 8 0.00529203331098
39 51 0 8 0.00528883934021
5 33 0 8 0.00526029802859
16 73 0 8 0.00525892153382
25 72 0 8 0.00525408191606
14 73 0 8 0.00524924183264
28 57 0 8 0.00523503078148
3 22 0 8 0.00523213902488
7 31 0 8 0.00522521417588
31 63 0 8 0.00520645780489
3 71 0 8 0.00520119024441
3 56 0 8 0.0051952698268
2 50 0 8 0.00519180577248
4 56 0 8 0.00518709421158
2 23 0 8 0.0051542413421
66 73 0 8 0.00515142315999
4 67 0 8 0.00514265242964
4 68 0 8 0.00513675669208
2 53 0 8 0.00513479067013
52 69 0 8 0.00513128191233
7 28 0 8 0.00512259919196
2 64 0 8 0.00511387223378
3 57 0 8 0.00511270062998
56 67 0 8 0.00510306609794
3 19 0 8 0.00510051986203
21 51 0 8 0.00509917968884
5 71 0 8 0.00509023945779
56 66 0 8 0.00508474605158
42 49 0 8 0.00508339749649
2 25 0 8 0.00507148588076
4 58 0 8 0.00507020344958
35 54 0 8 0.00506302388385
2 30 0 8 0.00505570042878
3 52 0 8 0.00505203939974
11 30 0 8 0.00504071544856
4 71 0 8 0.00503886910155
12 21 0 8 0.00503610167652
4 59 0 8 0.00501978257671
33 55 0 8 0.005013092421
57 67 0 8 0.00500190025195
9 27 0 8 0.00499371951446
31 47 0 8 0.00499256560579
21 28 0 8 0.00499155698344
1 70 0 8 0.00497782044113
32 42 0 8 0.00496629392728
28 46 0 8 0.00496416678652
28 62 0 8 0.00496011739597
10 24 0 8 0.00494513427839
8 21 0 8 0.00494315195829
7 24 0 8 0.00493776751682
2 33 0 8 0.00493645761162
1 68 0 8 0.00493283383548
4 19 0 8 0.00492699025199
40 53 0 8 0.00491708563641
5 60 0 8 0.00490090623498
1 54 0 8 0.00488353101537
6 36 0 8 0.00488025508821
1 52 0 8 0.00485164951533
6 20 0 8 0.00484443455935
6 63 0 8 0.00483610667288
5 70 0 8 0.00483244052157
24 59 0 8 0.00483152130619
7 33 0 8 0.00482333637774
4 57 0 8 0.00482073007151
33 42 0 8 0.00480732694268
27 48 0 8 0.00480030104518
28 45 0 8 0.00478679779917
49 71 0 8 0.00477036880329
52 66 0 8 0.00477034132928
24 60 0 8 0.00476374197751
54 68 0 8 0.00475360220298
4 64 0 8 0.00475049484521
28 50 0 8 0.00474610272795
26 58 0 8 0.00474428525195
19 52 0 8 0.00474019628018
2 61 0 8 0.00473790196702
30 55 0 8 0.00473585398868
1 67 0 8 0.00473052822053
35 53 0 8 0.00472538825125
38 44 0 8 0.00471806712449
1 59 0 8 0.00471711112186
31 62 0 8 0.00471181049943
2 21 0 8 0.00471042422578
20 29 0 8 0.00469204830006
2 66 0 8 0.00469165854156
28 60 0 8 0.0046856328845
3 67 0 8 0.0046801851131
26 51 0 8 0.00467042159289
47 73 0 8 0.0046567809768
2 57 0 8 0.00465433252975
5 64 0 8 0.00464059691876
36 55 0 8 0.00463734939694
3 58 0 8 0.00463681248948
5 65 0 8 0.00463466718793
48 71 0 8 0.00463047204539
2 70 0 8 0.00462625175714
7 34 0 8 0.00461204722524
25 53 0 8 0.00460922857746
25 54 0 8 0.00459467014298
4 65 0 8 0.00459409039468
30 59 0 8 0.00457761110738
6 24 0 8 0.00457077147439
13 24 0 8 0.00456001004204
1 22 0 8 0.00453715026379
34 55 0 8 0.00453524850309
42 63 0 8 0.00452244933695
30 58 0 8 0.00450631743297
30 53 0 8 0.00449385261163
1 28 0 8 0.00449286587536
20 56 0 8 0.00449186982587
4 52 0 8 0.00448399130255
2 24 0 8 0.00448128022254
8 30 0 8 0.00445706490427
1 58 0 8 0.00445524137467
28 49 0 8 0.00443547638133
5 34 0 8 0.00443328311667
23 51 0 8 0.00442739855498
31 57 0 8 0.00442583300173
6 32 0 8 0.00441682199016
63 69 0 8 0.00440909387544
16 23 0 8 0.00440329313278
55 66 0 8 0.00439702253789
4 70 0 8 0.00439171679318
22 58 0 8 0.00439141690731
4 60 0 8 0.00439052283764
3 46 0 8 0.00438919523731
2 27 0 8 0.0043812901713
29 49 0 8 0.00437545357272
5 59 0 8 0.00437089661136
4 53 0 8 0.00436657806858
49 73 0 8 0.00435682060197
10 31 0 8 0.00435367785394
7 30 0 8 0.00435009924695
3 54 0 8 0.00434027099982
4 66 0 8 0.00432214094326
30 50 0 8 0.00431367428973
6 21 0 8 0.00430252682418
52 73 0 8 0.00429695146158
1 24 0 8 0.00429235724732
5 21 0 8 0.00429223105311
18 52 0 8 0.00426620012149
65 71 0 8 0.00426319753751
1 66 0 8 0.00424572592601
30 52 0 8 0.00423032371327
32 53 0 8 0.00422962289304
22 53 0 8 0.00422486383468
5 30 0 8 0.00421799067408
10 30 0 8 0.00421642279252
11 31 0 8 0.00419779866934
29 57 0 8 0.00419178139418
51 71 0 8 0.0041906805709
3 23 0 8 0.00417294446379
3 70 0 8 0.00416182680055
1 29 0 8 0.00415801070631
28 63 0 8 0.0041526472196
3 55 0 8 0.00414107460529
1 19 0 8 0.00412366120145
2 65 0 8 0.00411217054352
37 51 0 8 0.00410335930064
21 49 0 8 0.0040828101337
2 36 0 8 0.00407075788826
6 39 0 8 0.00405641784891
14 23 0 8 0.00404454348609
2 63 0 8 0.00404441868886
2 31 0 8 0.00403717253357
16 22 0 8 0.00403641350567
3 53 0 8 0.00403629243374
4 27 0 8 0.00403123907745
1 46 0 8 0.00402968470007
7 25 0 8 0.00402777548879
40 55 0 8 0.00401849346235
46 73 0 8 0.00401120912284
35 55 0 8 0.00400906475261
5 23 0 8 0.00399660738185
2 34 0 8 0.00399062689394
5 63 0 8 0.00397990690544
55 65 0 8 0.00397395854816
2 47 0 8 0.00397291500121
6 28 0 8 0.00396648189053
30 45 0 8 0.00396088557318
30 63 0 8 0.00395239889622
49 72 0 8 0.00394512200728
1 25 0 8 0.00393852964044
22 60 0 8 0.00392862036824
21 48 0 8 0.00392798800021
6 33 0 8 0.00392185105011
1 23 0 8 0.00391240557656
4 37 0 8 0.00390950031579
13 31 0 8 0.00390912871808
31 44 0 8 0.00388761260547
30 48 0 8 0.0038848510012
3 69 0 8 0.00387189676985
3 64 0 8 0.00386381684802
15 32 0 8 0.00386247923598
1 53 0 8 0.00385624635965
1 57 0 8 0.00384514755569
1 30 0 8 0.00384398060851
26 52 0 8 0.00381919532083
31 45 0 8 0.00381780765019
25 44 0 8 0.00381723092869
1 27 0 8 0.0038087037392
5 20 0 8 0.00380681711249
5 28 0 8 0.0037969222758
6 40 0 8 0.00378951663151
25 42 0 8 0.00378429261036
3 27 0 8 0.00376014248468
1 20 0 8 0.00374303362332
1 21 0 8 0.0037386440672
4 45 0 8 0.00373713835143
29 62 0 8 0.00372151425108
19 53 0 8 0.00371885090135
15 33 0 8 0.00371381198056
58 72 0 8 0.00370903033763
4 54 0 8 0.00370687432587
4 21 0 8 0.00370464893058
15 23 0 8 0.00369460089132
2 28 0 8 0.00368117145263
2 38 0 8 0.00366799463518
29 42 0 8 0.00366647541523
1 50 0 8 0.00366211100481
42 60 0 8 0.00365674402565
3 66 0 8 0.00365086132661
4 34 0 8 0.00364809040911
33 45 0 8 0.00363333965652
7 21 0 8 0.00363266118802
6 43 0 8 0.00363229680806
26 55 0 8 0.00362413492985
25 64 0 8 0.00361541891471
1 69 0 8 0.00361320213415
6 35 0 8 0.0035996416118
1 64 0 8 0.00359668396413
5 24 0 8 0.00358683220111
28 58 0 8 0.00358156859875
32 51 0 8 0.00357507541776
3 65 0 8 0.00355881056748
1 33 0 8 0.00354414666072
6 29 0 8 0.00352602940984
33 51 0 8 0.00352151715197
4 43 0 8 0.00351448613219
31 54 0 8 0.00350505369715
3 25 0 8 0.00349554000422
3 28 0 8 0.00349301635288
1 63 0 8 0.00348495412618
3 21 0 8 0.00348418252543
24 54 0 8 0.00348192662932
53 69 0 8 0.00346899568103
2 29 0 8 0.00345404539257
4 42 0 8 0.00344163621776
25 51 0 8 0.00342170055956
3 24 0 8 0.00341342110187
1 61 0 8 0.00340825552121
25 50 0 8 0.00338845606893
4 30 0 8 0.00338696059771
25 70 0 8 0.00336600956507
2 45 0 8 0.00335559272207
33 50 0 8 0.00334535283037
34 53 0 8 0.00333739235066
3 33 0 8 0.00332052726299
29 63 0 8 0.00331809953786
6 25 0 8 0.00330407219008
2 42 0 8 0.00330155924894
3 30 0 8 0.00329661206342
28 54 0 8 0.0032964211423
1 65 0 8 0.00329326582141
4 33 0 8 0.00327831157483
1 32 0 8 0.00326265278272
31 50 0 8 0.00325540523045
23 49 0 8 0.0032444766257
4 55 0 8 0.00324160815217
12 31 0 8 0.00323702790774
3 31 0 8 0.00323598645627
8 25 0 8 0.00323009490967
31 56 0 8 0.00322100799531
2 20 0 8 0.00321374903433
4 61 0 8 0.00321077764966
2 37 0 8 0.00320712779649
36 52 0 8 0.00320530217141
25 45 0 8 0.00319859501906
61 69 0 8 0.00319775892422
1 34 0 8 0.00319300196134
36 47 0 8 0.00319276982918
5 29 0 8 0.00318261818029
4 25 0 8 0.00317602185532
21 53 0 8 0.00316551560536
25 46 0 8 0.00315418187529
2 32 0 8 0.00315316091292
25 71 0 8 0.00313127203844
29 43 0 8 0.00312739703804
1 31 0 8 0.00312530016527
32 54 0 8 0.00312315719202
25 52 0 8 0.0030963672325
6 30 0 8 0.00309313647449
1 47 0 8 0.00308714760467
6 31 0 8 0.00306275556795
4 28 0 8 0.00305484980345
32 55 0 8 0.0030526490882
32 52 0 8 0.00305066886358
27 53 0 8 0.00305016571656
4 63 0 8 0.00304632703774
25 60 0 8 0.00304372305982
16 24 0 8 0.00303875515237
33 52 0 8 0.0030358415097
25 49 0 8 0.00303269410506
4 36 0 8 0.00302774412557
29 41 0 8 0.00302595435642
4 20 0 8 0.00302571128123
16 27 0 8 0.00301059824415
51 72 0 8 0.00300481286831
4 24 0 8 0.00300279818475
7 29 0 8 0.0029904153198
26 54 0 8 0.00298880925402
59 66 0 8 0.0029844189994
18 30 0 8 0.00298127066344
24 51 0 8 0.00297432253137
24 53 0 8 0.00296100531705
34 45 0 8 0.00295208930038
1 38 0 8 0.00294841034338
33 46 0 8 0.00292898411863
59 65 0 8 0.00292807351798
37 46 0 8 0.00292415870354
4 38 0 8 0.00292037124746
21 63 0 8 0.00290815881453
28 52 0 8 0.00289154238999
4 32 0 8 0.00288335699588
3 32 0 8 0.00288154929876
25 66 0 8 0.00287312758155
40 52 0 8 0.00285859243013
33 49 0 8 0.00285194953904
65 72 0 8 0.00285025499761
27 51 0 8 0.00282726436853
3 36 0 8 0.0028223041445
29 48 0 8 0.00281315180473
29 46 0 8 0.00280809332617
52 71 0 8 0.00280299875885
3 61 0 8 0.00277326954529
25 65 0 8 0.00276181660593
3 34 0 8 0.00274341693148
23 58 0 8 0.00274065765552
41 48 0 8 0.0027397077065
3 29 0 8 0.00273740291595
1 36 0 8 0.00271763862111
27 54 0 8 0.00271146814339
28 48 0 8 0.0026987302117
8 29 0 8 0.00269618909806
3 63 0 8 0.00269140326418
58 65 0 8 0.00265079177916
29 60 0 8 0.00264722923748
32 49 0 8 0.00264159496874
34 52 0 8 0.00263571715914
18 23 0 8 0.00263457302935
38 47 0 8 0.0026306854561
19 27 0 8 0.00261810049415
38 46 0 8 0.00261717056856
4 29 0 8 0.00261531793512
5 32 0 8 0.00259833666496
4 31 0 8 0.00258983112872
36 53 0 8 0.00253877229989
1 39 0 8 0.00253650196828
3 20 0 8 0.00252632331103
2 39 0 8 0.00252286018804
4 44 0 8 0.00252235610969
23 53 0 8 0.00251816911623
53 72 0 8 0.00250589707866
29 50 0 8 0.00249580526724
12 30 0 8 0.00248750206083
1 37 0 8 0.00247718952596
1 45 0 8 0.00246900320053
5 35 0 8 0.00246864650398
65 73 0 8 0.00246637291275
57 68 0 8 0.00246365042403
21 52 0 8 0.00246036308818
31 53 0 8 0.00245926901698
3 42 0 8 0.00245618028566
9 29 0 8 0.00244284630753
3 38 0 8 0.00243393145502
25 67 0 8 0.00238964520395
30 57 0 8 0.00238668359816
10 25 0 8 0.00238382653333
23 56 0 8 0.00238275504671
3 45 0 8 0.00237781135365
3 37 0 8 0.00237679714337
11 26 0 8 0.00236055091955
57 69 0 8 0.00235781935044
38 51 0 8 0.00234911800362
34 51 0 8 0.00234308675863
1 42 0 8 0.00233750115149
37 52 0 8 0.00233665946871
34 46 0 8 0.0023307276424
29 54 0 8 0.00231864000671
34 50 0 8 0.00231042038649
2 44 0 8 0.00230493536219
27 52 0 8 0.00229311012663
59 67 0 8 0.0022898549214
10 26 0 8 0.00228977622464
27 58 0 8 0.00228962488472
4 35 0 8 0.00227594538592
29 64 0 8 0.00226545892656
54 72 0 8 0.00225816410966
5 31 0 8 0.00224990374409
2 62 0 8 0.00224977196194
38 49 0 8 0.00224670837633
5 62 0 8 0.00223407964222
29 65 0 8 0.00222648843192
32 48 0 8 0.00219715991989
29 58 0 8 0.002194379922
54 73 0 8 0.00219388096593
13 27 0 8 0.00218824110925
36 46 0 8 0.00218477472663
34 49 0 8 0.00217903172597
4 39 0 8 0.00217570108362
18 26 0 8 0.00217133294791
15 22 0 8 0.00215806462802
10 29 0 8 0.00215647276491
25 61 0 8 0.00215573585592
3 43 0 8 0.00215428508818
13 30 0 8 0.00214302795939
25 55 0 8 0.00213459739462
2 35 0 8 0.00212695077062
30 51 0 8 0.00211851904169
28 51 0 8 0.00211404496804
31 48 0 8 0.00211303238757
11 27 0 8 0.00210833898745
10 27 0 8 0.00209133210592
55 73 0 8 0.00208623940125
2 43 0 8 0.0020800458733
55 68 0 8 0.00207925424911
24 52 0 8 0.00207765516825
36 51 0 8 0.00203964207321
35 51 0 8 0.00203722366132
36 50 0 8 0.00203428557143
20 28 0 8 0.00202387943864
29 45 0 8 0.00202068150975
8 28 0 8 0.0019893432036
25 57 0 8 0.00198210659437
31 55 0 8 0.00197205320001
9 28 0 8 0.00197067321278
1 62 0 8 0.00196222634986
23 52 0 8 0.00192291743588
31 51 0 8 0.00192207109649
4 62 0 8 0.00189436855726
28 55 0 8 0.00189411896281
17 29 0 8 0.00189243478235
64 70 0 8 0.00186155177653
25 48 0 8 0.00185636349488
34 47 0 8 0.00184617424384
29 51 0 8 0.00184429308865
23 54 0 8 0.00183762423694
21 58 0 8 0.00183425552677
22 52 0 8 0.00183122686576
27 55 0 8 0.00182045681868
5 40 0 8 0.00181199016515
11 29 0 8 0.0018049266655
2 41 0 8 0.00180117890704
52 70 0 8 0.00179912755266
31 52 0 8 0.00179429317359
3 44 0 8 0.00179095182102
20 26 0 8 0.0017494270578
61 67 0 8 0.00172731233761
3 35 0 8 0.00172463711351
15 31 0 8 0.00172356702387
29 44 0 8 0.00172195560299
1 35 0 8 0.00171427428722
14 31 0 8 0.00170250597876
10 28 0 8 0.00169874087442
56 68 0 8 0.00168210803531
62 68 0 8 0.0016760036815
38 45 0 8 0.00166461674962
3 62 0 8 0.00164909276646
52 72 0 8 0.00164752581622
53 71 0 8 0.00163717416581
54 71 0 8 0.00162870239001
30 54 0 8 0.00162674195599
17 27 0 8 0.00161798344925
60 72 0 8 0.00159492704552
14 30 0 8 0.00159320363309
17 24 0 8 0.00158817821648
64 72 0 8 0.00153711193707
36 45 0 8 0.00153206486721
4 40 0 8 0.00150896725245
63 72 0 8 0.0015087359352
62 73 0 8 0.00150278781075
3 39 0 8 0.00150165264495
17 26 0 8 0.00150090281386
35 48 0 8 0.00149811268784
17 23 0 8 0.00149787240662
1 44 0 8 0.00149177922867
34 48 0 8 0.00148860993795
35 49 0 8 0.00148682342842
25 63 0 8 0.00148329720832
1 43 0 8 0.00146599067375
39 47 0 8 0.00145923474338
29 52 0 8 0.00145332561806
1 41 0 8 0.00144439260475
58 68 0 8 0.00144330423791
15 30 0 8 0.00144213577732
40 46 0 8 0.00141869299114
59 73 0 8 0.00141742953565
61 68 0 8 0.00141602312215
3 41 0 8 0.0014155349927
60 67 0 8 0.00141404813621
4 41 0 8 0.00141227978747
13 26 0 8 0.00139928236604
29 53 0 8 0.00139579805546
36 49 0 8 0.00138645200059
29 55 0 8 0.00138614897151
56 69 0 8 0.0013750793878
53 70 0 8 0.00137416704092
37 48 0 8 0.00135455001146
17 28 0 8 0.00134660466574
17 25 0 8 0.00132848089561
13 28 0 8 0.00132813048549
18 31 0 8 0.00130862556398
2 40 0 8 0.00129049108364
39 52 0 8 0.0012589043472
54 70 0 8 0.00125728361309
15 21 0 8 0.00124498445075
25 58 0 8 0.00122652796563
53 73 0 8 0.00120825052727
35 52 0 8 0.00116673624143
11 28 0 8 0.00116671901196
14 29 0 8 0.00116611132398
38 48 0 8 0.00116484903265
14 24 0 8 0.00115277804434
18 27 0 8 0.00112253532279
14 28 0 8 0.00112135591917
18 29 0 8 0.00111925508827
14 27 0 8 0.00110014551319
39 49 0 8 0.00108677649405
61 73 0 8 0.00108207133599
58 67 0 8 0.00107203505468
13 29 0 8 0.00107043900061
59 69 0 8 0.00106638087891
40 49 0 8 0.00104554719292
64 71 0 8 0.00104310619645
62 72 0 8 0.00104120199103
19 28 0 8 0.00102421420161
57 70 0 8 0.00101719668601
12 27 0 8 0.00100872747134
55 69 0 8 0.00100568693597
56 72 0 8 0.000996107817627
60 68 0 8 0.000991430249996
56 73 0 8 0.000972508743871
39 46 0 8 0.000971837667748
23 55 0 8 0.000964350067079
14 26 0 8 0.000962576130405
40 48 0 8 0.000962362042628
36 48 0 8 0.000959606550168
60 71 0 8 0.000949342851527
63 73 0 8 0.000946271582507
61 70 0 8 0.000944498053286
57 72 0 8 0.000927070039324
1 40 0 8 0.000907762849238
12 29 0 8 0.00090628414182
12 26 0 8 0.000901956635062
3 40 0 8 0.000870473159011
19 29 0 8 0.000863173045218
60 73 0 8 0.000862681714352
60 66 0 8 0.000854304467794
19 26 0 8 0.000847302901093
59 68 0 8 0.00082195235882
59 72 0 8 0.000820750952698
61 72 0 8 0.000820142333396
11 25 0 8 0.000809133809526
64 73 0 8 0.000806595024187
56 71 0 8 0.000795638596173
58 73 0 8 0.000790409219917
60 69 0 8 0.000789983430877
39 48 0 8 0.00077498255996
39 45 0 8 0.000772667408455
16 26 0 8 0.000768789846916
16 28 0 8 0.00074518378824
57 73 0 8 0.000742685515434
63 71 0 8 0.000739451730624
12 28 0 8 0.000711008382495
16 29 0 8 0.000706317718141
56 70 0 8 0.000703791272826
18 28 0 8 0.000703634694219
37 49 0 8 0.000691867491696
15 26 0 8 0.000689580338076
62 71 0 8 0.000685091654304
12 24 0 8 0.000636521726847
58 69 0 8 0.000615066383034
15 24 0 8 0.000612989126239
62 70 0 8 0.000590867537539
63 70 0 8 0.000590812647715
55 72 0 8 0.000575367419515
14 25 0 8 0.000555269536562
13 25 0 8 0.000544439710211
15 27 0 8 0.000537022948265
18 25 0 8 0.000489097496029
57 71 0 8 0.000488088524435
18 24 0 8 0.000482326722704
15 29 0 8 0.00044355870341
55 70 0 8 0.000432631059084
59 70 0 8 0.000412917754147
58 71 0 8 0.000397072843043
55 71 0 8 0.000377430784283
59 71 0 8 0.000362945400411
58 70 0 8 0.000344054540619
19 25 0 8 0.000334802287398
61 71 0 8 0.000329685339238
15 28 0 8 0.000306647736579
12 25 0 8 0.000300124956993
16 25 0 8 0.00025317206746
60 70 0 8 0.000189851154573
15 25 0 8 8.54621466715e-05
