6 7 0 8 0.999997258186
2 3 0 8 0.999996423721
1 2 0 8 0.999994933605
3 4 0 8 0.999994277954
7 8 0 8 0.999993979931
9 10 0 8 0.999989449978
41 42 0 8 0.99998831749
45 46 0 8 0.999984562397
5 6 0 8 0.99998408556
43 44 0 8 0.999982118607
52 53 0 8 0.999977231026
46 47 0 8 0.99997651577
51 52 0 8 0.999975681305
64 65 0 8 0.999975085258
11 12 0 8 0.999969542027
40 41 0 8 0.999960899353
42 43 0 8 0.999959111214
56 57 0 8 0.999958872795
37 38 0 8 0.999958753586
10 11 0 8 0.999941289425
35 36 0 8 0.999940156937
44 45 0 8 0.999938428402
39 40 0 8 0.999938368797
15 16 0 8 0.999935209751
59 60 0 8 0.999933838844
55 56 0 8 0.999933421612
38 39 0 8 0.999932765961
4 5 0 8 0.999928593636
36 37 0 8 0.999928474426
25 26 0 8 0.999925374985
8 9 0 8 0.999925196171
57 58 0 8 0.999908685684
48 49 0 8 0.999905586243
50 51 0 8 0.999893426895
47 48 0 8 0.99988681078
49 50 0 8 0.999884784222
21 22 0 8 0.999883532524
61 62 0 8 0.999879896641
60 61 0 8 0.99985486269
13 14 0 8 0.999853491783
54 55 0 8 0.999852180481
23 24 0 8 0.999852001667
18 19 0 8 0.999844610691
19 20 0 8 0.999844551086
16 17 0 8 0.99983304739
58 59 0 8 0.999827802181
53 54 0 8 0.999800920486
34 35 0 8 0.999782145023
24 25 0 8 0.999752283096
20 21 0 8 0.999743521214
12 13 0 8 0.999706149101
14 15 0 8 0.99970215559
17 18 0 8 0.999693214893
63 64 0 8 0.999684810638
27 28 0 8 0.999582886696
33 34 0 8 0.999457597733
22 23 0 8 0.999420821667
15 17 0 8 0.999411284924
62 63 0 8 0.999169588089
26 27 0 8 0.999022960663
32 33 0 8 0.99804776907
42 44 0 8 0.997870147228
19 21 0 8 0.997106611729
31 32 0 8 0.99686896801
19 22 0 8 0.99684035778
29 30 0 8 0.996616780758
41 43 0 8 0.996524691582
7 9 0 8 0.99647462368
28 29 0 8 0.996398508549
37 39 0 8 0.996103942394
36 38 0 8 0.996067166328
6 8 0 8 0.996058702469
10 12 0 8 0.995973706245
41 44 0 8 0.995950520039
22 24 0 8 0.995723843575
38 40 0 8 0.995527744293
57 59 0 8 0.99504762888
19 23 0 8 0.994885742664
18 20 0 8 0.994778037071
40 42 0 8 0.994767606258
52 54 0 8 0.99454241991
11 13 0 8 0.994499027729
8 10 0 8 0.994340360165
21 23 0 8 0.994266450405
56 58 0 8 0.993683278561
38 41 0 8 0.993676483631
35 37 0 8 0.993640720844
53 55 0 8 0.993517816067
9 11 0 8 0.993422031403
43 45 0 8 0.993289589882
11 14 0 8 0.993165194988
51 53 0 8 0.99278897047
58 60 0 8 0.992653787136
7 10 0 8 0.992286145687
57 60 0 8 0.992160201073
42 45 0 8 0.991824269295
39 41 0 8 0.991589069366
55 57 0 8 0.991508603096
17 19 0 8 0.991274237633
36 39 0 8 0.990950524807
8 11 0 8 0.990850269794
20 22 0 8 0.989734888077
5 7 0 8 0.989713191986
16 18 0 8 0.989647865295
37 41 0 8 0.989611625671
37 40 0 8 0.989424347878
9 12 0 8 0.988721251488
59 61 0 8 0.988173961639
20 23 0 8 0.987537026405
38 42 0 8 0.986850619316
30 31 0 8 0.986439526081
18 21 0 8 0.986101508141
16 19 0 8 0.985935986042
21 24 0 8 0.98577028513
10 13 0 8 0.985556483269
20 24 0 8 0.985074520111
36 40 0 8 0.984598517418
3 5 0 8 0.984373211861
5 8 0 8 0.984181404114
44 46 0 8 0.98303514719
17 20 0 8 0.982643723488
40 43 0 8 0.982446789742
4 7 0 8 0.981969177723
39 42 0 8 0.981293022633
50 53 0 8 0.981011927128
35 38 0 8 0.980448186398
51 54 0 8 0.980158984661
4 6 0 8 0.979999005795
6 9 0 8 0.978971898556
56 59 0 8 0.978905022144
23 25 0 8 0.978698074818
10 14 0 8 0.978483080864
54 56 0 8 0.978203594685
58 61 0 8 0.978038847446
54 57 0 8 0.974962055683
50 52 0 8 0.974401831627
60 62 0 8 0.974323511124
23 26 0 8 0.974261462688
7 11 0 8 0.972668945789
52 55 0 8 0.972390770912
43 46 0 8 0.971525788307
57 61 0 8 0.970768809319
15 18 0 8 0.970414757729
39 43 0 8 0.970397174358
15 19 0 8 0.970096290112
53 57 0 8 0.968779981136
18 22 0 8 0.968574047089
22 25 0 8 0.967828154564
59 62 0 8 0.967396378517
41 45 0 8 0.966609358788
34 37 0 8 0.965631067753
55 58 0 8 0.96546715498
17 21 0 8 0.965041518211
4 8 0 8 0.963765561581
16 20 0 8 0.963009417057
12 14 0 8 0.962438821793
34 36 0 8 0.962266385555
54 58 0 8 0.961661458015
8 12 0 8 0.960485875607
40 44 0 8 0.959084272385
35 39 0 8 0.958753883839
42 46 0 8 0.957057893276
45 47 0 8 0.95536082983
58 62 0 8 0.954461753368
22 26 0 8 0.95439517498
21 25 0 8 0.95351588726
33 35 0 8 0.949620902538
53 56 0 8 0.949097633362
56 60 0 8 0.948959946632
61 63 0 8 0.948065757751
3 7 0 8 0.945494353771
24 26 0 8 0.938571572304
44 47 0 8 0.937956213951
52 56 0 8 0.936887800694
9 13 0 8 0.934690475464
6 10 0 8 0.93449318409
34 38 0 8 0.93267005682
51 55 0 8 0.930428743362
55 59 0 8 0.930149793625
3 6 0 8 0.927746713161
43 47 0 8 0.926808774471
5 9 0 8 0.919013381004
13 15 0 8 0.915604412556
60 63 0 8 0.915088355541
61 64 0 8 0.903070509434
47 49 0 8 0.897246003151
26 28 0 8 0.8941655159
59 63 0 8 0.892986238003
62 64 0 8 0.886162161827
49 53 0 8 0.883724033833
50 54 0 8 0.879773974419
33 37 0 8 0.877696275711
22 41 0 8 0.859529078007
14 16 0 8 0.856620490551
2 4 0 8 0.841212689877
33 36 0 8 0.83374196291
46 48 0 8 0.831960558891
63 65 0 8 0.826460599899
12 15 0 8 0.825165092945
25 27 0 8 0.822784662247
45 57 0 8 0.816354036331
11 15 0 8 0.804792702198
1 3 0 8 0.802959918976
23 37 0 8 0.801769852638
24 27 0 8 0.799037218094
2 6 0 8 0.786090433598
12 16 0 8 0.785834014416
49 54 0 8 0.785133123398
14 19 0 8 0.77559709549
30 32 0 8 0.773383021355
27 29 0 8 0.771763324738
60 64 0 8 0.762075304985
19 41 0 8 0.751654624939
45 48 0 8 0.741605937481
61 65 0 8 0.728684484959
28 30 0 8 0.70407730341
19 38 0 8 0.697475194931
44 49 0 8 0.685538291931
14 57 0 8 0.684910476208
23 27 0 8 0.681749165058
10 41 0 8 0.677999734879
13 17 0 8 0.659185528755
14 18 0 8 0.658049285412
31 33 0 8 0.657879114151
48 50 0 8 0.656446039677
45 49 0 8 0.650046169758
45 53 0 8 0.64459747076
10 42 0 8 0.637160360813
32 36 0 8 0.632090091705
62 65 0 8 0.628798484802
23 41 0 8 0.618017613888
10 45 0 8 0.615632116795
20 37 0 8 0.593360483646
32 34 0 8 0.593081593513
14 60 0 8 0.5897154212
11 19 0 8 0.58132314682
23 28 0 8 0.579931735992
29 31 0 8 0.578307926655
44 48 0 8 0.57783895731
2 5 0 8 0.571909189224
32 37 0 8 0.529010772705
1 5 0 8 0.52821713686
24 28 0 8 0.522884190083
11 45 0 8 0.497826099396
22 57 0 8 0.497117638588
11 16 0 8 0.493225127459
29 32 0 8 0.492519974709
42 57 0 8 0.489003628492
49 51 0 8 0.486412346363
22 44 0 8 0.473729252815
13 16 0 8 0.469516038895
14 41 0 8 0.459901899099
11 42 0 8 0.452885299921
22 56 0 8 0.438003778458
14 45 0 8 0.430195689201
19 42 0 8 0.419011443853
10 57 0 8 0.416529357433
23 38 0 8 0.411644250154
16 45 0 8 0.387655794621
26 41 0 8 0.38157749176
7 57 0 8 0.367629438639
10 44 0 8 0.363496690989
11 41 0 8 0.360995471478
22 37 0 8 0.359905809164
16 38 0 8 0.35399711132
22 53 0 8 0.3492385149
1 4 0 8 0.340333998203
2 7 0 8 0.335607558489
19 45 0 8 0.329132735729
30 33 0 8 0.322749435902
11 53 0 8 0.321448564529
44 53 0 8 0.319884210825
20 41 0 8 0.319122999907
16 41 0 8 0.315210133791
14 37 0 8 0.311005890369
14 22 0 8 0.306236058474
23 29 0 8 0.303353995085
19 37 0 8 0.294786214828
22 45 0 8 0.293745905161
26 37 0 8 0.289506614208
14 53 0 8 0.286123633385
22 38 0 8 0.280739933252
49 57 0 8 0.278971940279
18 60 0 8 0.278427392244
14 44 0 8 0.277162402868
29 33 0 8 0.27434194088
26 53 0 8 0.270713716745
41 57 0 8 0.263390272856
7 42 0 8 0.262265086174
11 57 0 8 0.258845180273
44 57 0 8 0.255756229162
45 50 0 8 0.251039415598
28 32 0 8 0.250528752804
16 60 0 8 0.248919039965
10 60 0 8 0.247583776712
24 29 0 8 0.247149512172
26 44 0 8 0.247049003839
16 42 0 8 0.241862714291
7 60 0 8 0.238787293434
20 38 0 8 0.23821914196
22 60 0 8 0.236989870667
22 42 0 8 0.234637200832
14 56 0 8 0.230623662472
10 22 0 8 0.229325607419
26 40 0 8 0.227467253804
7 53 0 8 0.226624265313
14 40 0 8 0.225677222013
45 54 0 8 0.224878236651
29 37 0 8 0.224847435951
14 17 0 8 0.224217623472
19 44 0 8 0.22205170989
14 42 0 8 0.218238383532
30 34 0 8 0.216557890177
46 49 0 8 0.213306158781
23 40 0 8 0.207596793771
11 44 0 8 0.206744655967
11 60 0 8 0.203175395727
27 30 0 8 0.200928509235
11 38 0 8 0.200492218137
31 34 0 8 0.199422225356
28 31 0 8 0.193299278617
23 44 0 8 0.189379245043
18 53 0 8 0.183678328991
10 53 0 8 0.182870447636
23 42 0 8 0.18115901947
19 57 0 8 0.180804714561
20 42 0 8 0.180381938815
25 56 0 8 0.178213968873
7 45 0 8 0.167984694242
16 53 0 8 0.16583070159
11 22 0 8 0.16413281858
25 28 0 8 0.161556318402
10 56 0 8 0.160061329603
26 38 0 8 0.159693926573
23 30 0 8 0.159524008632
32 35 0 8 0.158326119184
23 57 0 8 0.156063988805
25 40 0 8 0.153342872858
16 57 0 8 0.149511650205
28 40 0 8 0.147584825754
11 49 0 8 0.145333260298
7 41 0 8 0.141654416919
26 29 0 8 0.140809118748
23 45 0 8 0.140808433294
21 38 0 8 0.136621907353
22 40 0 8 0.134540230036
27 31 0 8 0.134145259857
37 60 0 8 0.131376028061
7 22 0 8 0.128877803683
7 44 0 8 0.126536697149
29 34 0 8 0.124646760523
32 40 0 8 0.124534443021
7 37 0 8 0.123777158558
16 37 0 8 0.12134103477
41 53 0 8 0.120275683701
26 45 0 8 0.118743874133
25 37 0 8 0.118353977799
15 41 0 8 0.115696795285
28 37 0 8 0.115388847888
25 53 0 8 0.11368765682
7 19 0 8 0.112904444337
21 41 0 8 0.112043224275
11 23 0 8 0.111970305443
21 44 0 8 0.109903469682
41 60 0 8 0.109036177397
1 6 0 8 0.104967772961
25 42 0 8 0.104493789375
31 35 0 8 0.103939063847
8 45 0 8 0.103539891541
16 44 0 8 0.102172337472
48 53 0 8 0.100362487137
18 56 0 8 0.0993554368615
28 41 0 8 0.0985029190779
42 53 0 8 0.0976641625166
7 23 0 8 0.0975896865129
13 41 0 8 0.0968396216631
25 52 0 8 0.0968152731657
25 44 0 8 0.0961327701807
10 37 0 8 0.0949810519814
7 49 0 8 0.0947214439511
25 38 0 8 0.0945433825254
37 57 0 8 0.0942967906594
21 60 0 8 0.0934239923954
45 56 0 8 0.0928620994091
7 38 0 8 0.0925431326032
18 45 0 8 0.091954395175
42 60 0 8 0.0916240587831
4 53 0 8 0.0914466828108
60 65 0 8 0.0908444598317
11 37 0 8 0.0904206261039
15 45 0 8 0.0899747982621
46 53 0 8 0.0889944955707
47 53 0 8 0.0884777978063
21 37 0 8 0.0883183702826
14 49 0 8 0.0877179577947
18 38 0 8 0.0860839635134
28 36 0 8 0.0850224867463
7 54 0 8 0.0847538784146
38 57 0 8 0.0842683985829
7 26 0 8 0.0840904191136
44 54 0 8 0.0837695151567
28 33 0 8 0.0825343504548
20 34 0 8 0.0823600292206
26 30 0 8 0.0819918066263
15 44 0 8 0.0818617120385
3 64 0 8 0.0816366299987
7 56 0 8 0.0808222144842
14 38 0 8 0.0801957324147
24 37 0 8 0.0800379663706
49 52 0 8 0.0799194052815
47 54 0 8 0.0790712982416
44 56 0 8 0.0745412707329
12 45 0 8 0.074454061687
25 29 0 8 0.0741367861629
31 37 0 8 0.0738651305437
25 41 0 8 0.0737761259079
25 65 0 8 0.0737720876932
10 49 0 8 0.0734964758158
46 50 0 8 0.072910360992
11 47 0 8 0.0718667656183
2 10 0 8 0.0718039795756
13 49 0 8 0.0717436000705
24 30 0 8 0.0716134831309
4 64 0 8 0.0710679069161
19 53 0 8 0.0701967924833
6 44 0 8 0.0701349899173
21 56 0 8 0.0698636397719
44 50 0 8 0.0695423930883
23 39 0 8 0.0693820789456
31 36 0 8 0.068760626018
23 32 0 8 0.06847525388
16 34 0 8 0.06777754426
6 56 0 8 0.0671040192246
26 57 0 8 0.0669599249959
10 61 0 8 0.0664769560099
4 49 0 8 0.0662975460291
17 41 0 8 0.0658286288381
35 64 0 8 0.0657455027103
8 41 0 8 0.0647431984544
29 40 0 8 0.0645300522447
4 57 0 8 0.0637955293059
3 49 0 8 0.0632865279913
4 65 0 8 0.0631659701467
1 64 0 8 0.0629797428846
10 19 0 8 0.062943674624
20 45 0 8 0.0624887906015
18 44 0 8 0.0619613192976
21 42 0 8 0.0615207925439
8 53 0 8 0.0615095049143
7 61 0 8 0.0612859390676
18 41 0 8 0.060571461916
19 40 0 8 0.060043592006
10 38 0 8 0.0599887669086
30 37 0 8 0.0585035160184
2 65 0 8 0.0582641549408
47 50 0 8 0.0581803582609
6 53 0 8 0.0579834766686
46 54 0 8 0.0578215047717
34 64 0 8 0.0578091293573
42 61 0 8 0.0572030767798
22 28 0 8 0.0566705577075
12 53 0 8 0.0563643872738
26 31 0 8 0.0562147386372
7 48 0 8 0.0557520203292
18 40 0 8 0.0553645193577
21 53 0 8 0.0551325269043
38 61 0 8 0.0550198294222
6 60 0 8 0.0547718405724
29 36 0 8 0.054560277611
23 34 0 8 0.0545452609658
24 38 0 8 0.0544523485005
24 31 0 8 0.0544425025582
45 60 0 8 0.0541369952261
15 42 0 8 0.0536597818136
40 57 0 8 0.0519250668585
6 46 0 8 0.0517271384597
34 65 0 8 0.0516821444035
24 41 0 8 0.0515974462032
7 64 0 8 0.0513837412
10 47 0 8 0.0513759925961
13 44 0 8 0.0511020049453
41 56 0 8 0.0510503165424
2 64 0 8 0.0504037514329
38 60 0 8 0.0496800504625
26 54 0 8 0.04929632321
18 47 0 8 0.049189876765
3 65 0 8 0.0487830676138
7 21 0 8 0.0487718395889
22 36 0 8 0.0486838370562
21 40 0 8 0.0480509139597
28 34 0 8 0.047957777977
44 60 0 8 0.047948859632
30 36 0 8 0.0470485165715
17 38 0 8 0.046797234565
4 61 0 8 0.0467289201915
7 39 0 8 0.0465446822345
42 54 0 8 0.0463079996407
16 49 0 8 0.04615951702
14 47 0 8 0.0456552654505
4 60 0 8 0.0455037541687
15 49 0 8 0.0453592576087
1 65 0 8 0.0453256554902
11 39 0 8 0.0447422973812
26 42 0 8 0.0443460978568
27 32 0 8 0.0442167185247
25 43 0 8 0.0438335761428
11 54 0 8 0.0437709651887
37 61 0 8 0.0435552746058
10 46 0 8 0.0434338673949
45 51 0 8 0.042259350419
9 52 0 8 0.0419364981353
26 32 0 8 0.0416456125677
11 55 0 8 0.0414836630225
23 60 0 8 0.0410749129951
48 54 0 8 0.0408641211689
6 57 0 8 0.0406790412962
7 58 0 8 0.0403529331088
35 65 0 8 0.0401997119188
23 31 0 8 0.0397041663527
19 34 0 8 0.0396983288229
20 46 0 8 0.0396733954549
23 53 0 8 0.0393688119948
18 49 0 8 0.0392373204231
4 54 0 8 0.0391715988517
26 65 0 8 0.0391562767327
37 64 0 8 0.0389664173126
11 48 0 8 0.0383837744594
9 60 0 8 0.03822305426
45 58 0 8 0.0381193943322
13 56 0 8 0.0379843749106
25 60 0 8 0.0377152152359
41 54 0 8 0.0372957997024
48 52 0 8 0.0370199121535
8 39 0 8 0.0368773043156
37 65 0 8 0.0368218049407
7 46 0 8 0.0367796272039
10 58 0 8 0.0366540551186
21 49 0 8 0.0366237349808
13 60 0 8 0.036413371563
3 61 0 8 0.0361297801137
15 57 0 8 0.0361085310578
25 31 0 8 0.0361023433506
18 57 0 8 0.0358697623014
13 53 0 8 0.0357053764164
14 55 0 8 0.0356393530965
20 40 0 8 0.0355155318975
13 48 0 8 0.0351715348661
7 59 0 8 0.0350335687399
2 63 0 8 0.0349891148508
38 64 0 8 0.0349308848381
3 56 0 8 0.0346763804555
48 51 0 8 0.0344711765647
17 53 0 8 0.0344623290002
15 53 0 8 0.0344103500247
40 60 0 8 0.0343397259712
14 64 0 8 0.0341768674552
1 7 0 8 0.0341604240239
17 49 0 8 0.0337386913598
19 60 0 8 0.0336313843727
11 64 0 8 0.0334927514195
8 61 0 8 0.0334700383246
26 36 0 8 0.0334076397121
30 35 0 8 0.0332907661796
12 49 0 8 0.0330371856689
26 64 0 8 0.0328152775764
38 65 0 8 0.032795406878
13 45 0 8 0.0327132456005
17 37 0 8 0.0325612910092
11 56 0 8 0.0324205569923
24 42 0 8 0.0323322750628
3 57 0 8 0.0320829041302
4 63 0 8 0.0319201536477
3 63 0 8 0.0313567183912
41 58 0 8 0.0311363805085
18 37 0 8 0.0308338552713
17 45 0 8 0.0308059100062
33 65 0 8 0.0306676086038
10 54 0 8 0.0302284713835
16 47 0 8 0.0301767736673
16 64 0 8 0.0301658902317
45 55 0 8 0.0300850681961
7 47 0 8 0.030022714287
14 65 0 8 0.0299816448241
10 59 0 8 0.0298873074353
41 61 0 8 0.0297930110246
33 64 0 8 0.0297598596662
10 64 0 8 0.0295255426317
25 57 0 8 0.02939931117
23 64 0 8 0.0293207392097
43 49 0 8 0.0289575252682
20 64 0 8 0.0289315301925
19 64 0 8 0.0288301594555
11 61 0 8 0.0288153365254
6 22 0 8 0.0283706448972
59 64 0 8 0.0282301623374
3 53 0 8 0.0281233228743
19 49 0 8 0.0280685108155
26 34 0 8 0.0280589964241
44 51 0 8 0.0277899354696
4 47 0 8 0.02766940929
22 49 0 8 0.0275291781873
27 37 0 8 0.0273965764791
8 44 0 8 0.0270662382245
18 52 0 8 0.026905355975
7 25 0 8 0.026826672256
15 37 0 8 0.0267213340849
28 65 0 8 0.0266807451844
2 56 0 8 0.0266465432942
27 41 0 8 0.0266253184527
14 48 0 8 0.0265897512436
20 60 0 8 0.0265768691897
4 56 0 8 0.0264840070158
34 61 0 8 0.0263736583292
2 60 0 8 0.0261909198016
26 33 0 8 0.026164656505
27 33 0 8 0.0260198209435
20 44 0 8 0.025948099792
33 38 0 8 0.0258856415749
20 30 0 8 0.0257318299264
11 65 0 8 0.0257169567049
12 44 0 8 0.0257154386491
25 30 0 8 0.025634450838
16 48 0 8 0.0254155062139
7 65 0 8 0.0252482034266
3 60 0 8 0.0250462908298
16 54 0 8 0.0250206235796
11 46 0 8 0.0249160993844
21 43 0 8 0.024904794991
15 48 0 8 0.0248048249632
16 40 0 8 0.0245421733707
4 51 0 8 0.0243920236826
7 43 0 8 0.0243026092649
15 60 0 8 0.0242524016649
7 55 0 8 0.0242166500539
7 34 0 8 0.0239475313574
29 35 0 8 0.0239165201783
45 52 0 8 0.0234192796052
29 38 0 8 0.0233791153878
47 51 0 8 0.0233384519815
20 56 0 8 0.0232039969414
42 56 0 8 0.0231679752469
14 23 0 8 0.0230958163738
11 40 0 8 0.0230684503913
14 54 0 8 0.0229083616287
10 65 0 8 0.0227814167738
14 61 0 8 0.0227443128824
12 64 0 8 0.022626016289
10 55 0 8 0.0226247180253
29 41 0 8 0.0224937610328
4 55 0 8 0.0224031861871
23 35 0 8 0.0219924151897
8 57 0 8 0.0218767561018
2 57 0 8 0.0218672584742
23 33 0 8 0.021867249161
12 65 0 8 0.0218023136258
16 51 0 8 0.0217514131218
6 64 0 8 0.0217335671186
17 65 0 8 0.0216000489891
44 55 0 8 0.0215302146971
14 46 0 8 0.0215287934989
15 40 0 8 0.0214077532291
11 52 0 8 0.0213470309973
10 48 0 8 0.0213432647288
17 42 0 8 0.0213383510709
36 64 0 8 0.0213296599686
24 32 0 8 0.0212709568441
16 65 0 8 0.0212686136365
17 44 0 8 0.0212429687381
11 35 0 8 0.0210447516292
18 64 0 8 0.0210279840976
13 57 0 8 0.0209887363017
22 34 0 8 0.0209674071521
27 34 0 8 0.0209673922509
2 61 0 8 0.0209514535964
28 38 0 8 0.0209345575422
4 48 0 8 0.0208447929472
17 48 0 8 0.0207692924887
10 51 0 8 0.0207226034254
15 64 0 8 0.0207019690424
32 64 0 8 0.0206875167787
1 63 0 8 0.0206304378808
43 57 0 8 0.020272180438
4 58 0 8 0.0202630013227
29 65 0 8 0.0202471818775
24 64 0 8 0.0202391259372
14 43 0 8 0.0202309060842
31 65 0 8 0.0202092826366
25 32 0 8 0.0201743301004
25 36 0 8 0.0201375372708
39 60 0 8 0.0200430061668
18 46 0 8 0.0200112704188
3 55 0 8 0.0199915282428
42 58 0 8 0.0199832990766
25 45 0 8 0.0199122540653
40 65 0 8 0.0198760498315
8 42 0 8 0.0198287665844
6 58 0 8 0.0198009647429
8 64 0 8 0.0197943821549
13 61 0 8 0.0197807475924
26 60 0 8 0.0197610612959
8 48 0 8 0.0197484008968
2 55 0 8 0.0197478234768
15 38 0 8 0.0197463743389
16 46 0 8 0.019721493125
27 36 0 8 0.0196535978466
41 64 0 8 0.0196121651679
17 51 0 8 0.0196071770042
8 65 0 8 0.0195523966104
13 64 0 8 0.0195233598351
30 65 0 8 0.0195088293403
6 59 0 8 0.0195014234632
3 51 0 8 0.0195012055337
24 34 0 8 0.0194487441331
13 59 0 8 0.0194322187454
12 41 0 8 0.019426709041
6 65 0 8 0.0193797182292
18 34 0 8 0.0193518474698
21 45 0 8 0.0193129442632
8 49 0 8 0.0191820561886
19 61 0 8 0.0191546157002
31 64 0 8 0.0191399566829
8 23 0 8 0.0191138964146
4 46 0 8 0.0190872643143
4 59 0 8 0.0190797988325
46 57 0 8 0.0190122630447
20 53 0 8 0.0190093237907
29 64 0 8 0.0189468469471
26 35 0 8 0.0189155992121
1 61 0 8 0.018905358389
46 51 0 8 0.0188998151571
20 57 0 8 0.018879275769
1 51 0 8 0.0188154019415
40 58 0 8 0.0187804419547
19 39 0 8 0.0187356434762
23 65 0 8 0.0187088940293
25 64 0 8 0.0186918135732
20 61 0 8 0.0186883769929
13 47 0 8 0.0186717752367
36 65 0 8 0.0186698418111
10 52 0 8 0.0186693985015
4 50 0 8 0.0186490677297
32 65 0 8 0.0186359509826
24 40 0 8 0.0186352133751
3 62 0 8 0.0185705795884
1 57 0 8 0.0185557678342
30 38 0 8 0.0185267031193
10 16 0 8 0.0184793695807
38 58 0 8 0.0184281487018
38 63 0 8 0.0183765869588
35 63 0 8 0.0182675868273
20 31 0 8 0.0182423125952
3 54 0 8 0.0181855000556
37 58 0 8 0.0181732643396
4 62 0 8 0.0180911459029
30 64 0 8 0.0180893596262
2 48 0 8 0.0180879719555
44 52 0 8 0.0180545989424
22 27 0 8 0.0180173814297
15 47 0 8 0.0179959814996
24 39 0 8 0.0179346371442
10 26 0 8 0.0179122108966
8 60 0 8 0.017805473879
27 65 0 8 0.0177690759301
15 20 0 8 0.0177496206015
37 42 0 8 0.0177440103143
2 58 0 8 0.0177155770361
10 40 0 8 0.0177089720964
32 38 0 8 0.0176878757775
7 52 0 8 0.0176734477282
28 64 0 8 0.0176144950092
7 40 0 8 0.0176074486226
19 65 0 8 0.0176021642983
3 50 0 8 0.017552215606
17 64 0 8 0.0175300948322
20 39 0 8 0.0174998473376
49 56 0 8 0.0174864400178
3 47 0 8 0.0174676962197
24 36 0 8 0.0174600798637
1 49 0 8 0.0173869114369
22 64 0 8 0.0173062738031
19 46 0 8 0.0172960422933
12 56 0 8 0.0172867234796
3 58 0 8 0.0171719044447
20 65 0 8 0.0171581562608
39 58 0 8 0.0171428434551
4 45 0 8 0.017124440521
1 56 0 8 0.0171230174601
12 19 0 8 0.0171062387526
25 39 0 8 0.0171060692519
23 43 0 8 0.0171020068228
19 51 0 8 0.0170404277742
7 63 0 8 0.017029505223
47 52 0 8 0.0169600099325
37 63 0 8 0.0169461909682
24 35 0 8 0.0169426724315
18 50 0 8 0.0167858768255
25 33 0 8 0.0167801715434
6 49 0 8 0.0167474895716
16 39 0 8 0.0167410690337
15 61 0 8 0.0167016964406
21 47 0 8 0.0165977068245
11 51 0 8 0.0165556371212
1 62 0 8 0.0165482778102
35 61 0 8 0.0165380630642
25 34 0 8 0.0165205132216
47 56 0 8 0.016462739557
2 49 0 8 0.0164445415139
2 59 0 8 0.0164109673351
1 55 0 8 0.0163816120476
22 39 0 8 0.0163668058813
7 32 0 8 0.0163335837424
43 56 0 8 0.0163024924695
38 53 0 8 0.0163018815219
20 49 0 8 0.0162605047226
24 44 0 8 0.0162409357727
43 48 0 8 0.0162401199341
11 20 0 8 0.0162325948477
15 52 0 8 0.016221055761
21 64 0 8 0.0162106789649
1 58 0 8 0.0162103679031
6 52 0 8 0.0161963663995
21 65 0 8 0.0161900613457
21 50 0 8 0.0161895379424
24 33 0 8 0.0161788631231
13 65 0 8 0.0161301996559
14 20 0 8 0.0161160174757
20 32 0 8 0.016035888344
34 63 0 8 0.0160306673497
42 47 0 8 0.0159278810024
15 50 0 8 0.0159124098718
42 51 0 8 0.0158478599042
2 50 0 8 0.0157931055874
28 35 0 8 0.0157497748733
2 62 0 8 0.0157175641507
2 51 0 8 0.0157157722861
26 56 0 8 0.0156746152788
4 44 0 8 0.0156324263662
33 61 0 8 0.0156237101182
24 65 0 8 0.0155656328425
1 60 0 8 0.0155230052769
15 56 0 8 0.0154541106895
40 61 0 8 0.0154301300645
8 52 0 8 0.0154200633988
18 42 0 8 0.0154148377478
14 52 0 8 0.015317145735
26 39 0 8 0.0153090571985
11 18 0 8 0.0153077207506
17 56 0 8 0.015290687792
17 40 0 8 0.0152544369921
31 40 0 8 0.0152479056269
19 32 0 8 0.0152247110382
10 15 0 8 0.015208626166
41 51 0 8 0.0151668963954
13 18 0 8 0.0151550909504
12 52 0 8 0.0151107953861
42 55 0 8 0.0151076242328
46 55 0 8 0.0150592839345
12 42 0 8 0.0150346122682
19 48 0 8 0.0150060262531
22 30 0 8 0.0149904023856
49 55 0 8 0.0149780157954
10 50 0 8 0.0149524016306
12 47 0 8 0.014873127453
36 63 0 8 0.0148414410651
27 35 0 8 0.0147538920864
9 47 0 8 0.0147037860006
3 59 0 8 0.0146868359298
19 47 0 8 0.014646269381
15 65 0 8 0.0146413072944
6 34 0 8 0.0146408192813
46 56 0 8 0.0146332541481
48 56 0 8 0.0146244969219
30 39 0 8 0.0145860044286
25 47 0 8 0.014498510398
4 52 0 8 0.0144935296848
41 55 0 8 0.0144585836679
13 51 0 8 0.014385079965
6 61 0 8 0.0143609782681
12 43 0 8 0.0143550597131
13 54 0 8 0.0143193257973
20 47 0 8 0.0142597984523
11 17 0 8 0.0142132090405
16 50 0 8 0.0141959963366
23 36 0 8 0.014192333445
17 46 0 8 0.0141765912995
22 32 0 8 0.0141290342435
11 50 0 8 0.0141173955053
7 51 0 8 0.0140975592658
2 54 0 8 0.014066953212
16 61 0 8 0.0140307778493
18 48 0 8 0.0140276784077
31 39 0 8 0.013982264325
8 46 0 8 0.0139632318169
1 50 0 8 0.0139612359926
39 64 0 8 0.0138894934207
12 57 0 8 0.0138820307329
59 65 0 8 0.0138802686706
39 57 0 8 0.0138178281486
22 65 0 8 0.0138086052611
50 55 0 8 0.0137702161446
40 59 0 8 0.0137331848964
12 61 0 8 0.0137253329158
46 52 0 8 0.0137064531446
3 48 0 8 0.0136760799214
8 50 0 8 0.0136565463617
7 50 0 8 0.0136563284323
38 62 0 8 0.0136083681136
17 57 0 8 0.0135787511244
12 40 0 8 0.0135357836261
18 51 0 8 0.0135289924219
15 51 0 8 0.0134402941912
13 55 0 8 0.0134203918278
3 8 0 8 0.0134086674079
9 65 0 8 0.0133969830349
22 35 0 8 0.013383791782
15 46 0 8 0.013311130926
40 56 0 8 0.0132562061772
1 9 0 8 0.0132540352643
31 38 0 8 0.0132450461388
20 25 0 8 0.0132269347087
14 51 0 8 0.0131348371506
40 64 0 8 0.0131064364687
20 35 0 8 0.0130417700857
16 58 0 8 0.0130150308833
27 38 0 8 0.0130120608956
26 43 0 8 0.0129679813981
8 47 0 8 0.0129587687552
12 55 0 8 0.0129375969991
12 48 0 8 0.0129023566842
6 63 0 8 0.0128980940208
1 48 0 8 0.0128804091364
8 59 0 8 0.0128791425377
22 33 0 8 0.012816532515
12 54 0 8 0.0127906389534
38 56 0 8 0.0127636035904
16 55 0 8 0.0127240745351
15 43 0 8 0.0127052310854
37 53 0 8 0.0126993218437
29 39 0 8 0.012689916417
21 32 0 8 0.0126336608082
39 65 0 8 0.0125924348831
25 35 0 8 0.0125848185271
17 43 0 8 0.012577816844
39 61 0 8 0.0125748617575
2 52 0 8 0.0125724058598
22 61 0 8 0.0125548718497
34 39 0 8 0.0125453807414
12 60 0 8 0.0124907819554
8 56 0 8 0.0124642653391
7 62 0 8 0.0124355675653
47 57 0 8 0.012426530011
28 44 0 8 0.0123830270022
10 63 0 8 0.0123525410891
16 52 0 8 0.0123269008473
11 58 0 8 0.012305422686
42 50 0 8 0.012286641635
13 19 0 8 0.0122186485678
1 47 0 8 0.0122147239745
17 60 0 8 0.0122078275308
42 49 0 8 0.0121877472848
34 60 0 8 0.0121757434681
28 39 0 8 0.0121038574725
22 43 0 8 0.0120916962624
27 40 0 8 0.0120223276317
22 29 0 8 0.0119689563289
22 31 0 8 0.0119424089789
27 64 0 8 0.0119381900877
22 47 0 8 0.0119366878644
35 62 0 8 0.011897996068
8 54 0 8 0.0118887107819
20 48 0 8 0.0117861041799
18 65 0 8 0.0117203397676
17 47 0 8 0.0116642024368
41 52 0 8 0.0115511184558
21 48 0 8 0.0115406159312
21 31 0 8 0.0115065760911
26 52 0 8 0.0115030948073
41 49 0 8 0.0114683164284
1 10 0 8 0.011427228339
17 22 0 8 0.0113674951717
6 50 0 8 0.0113427955657
11 43 0 8 0.011260827072
9 64 0 8 0.0112350322306
14 21 0 8 0.0112237930298
27 39 0 8 0.0111939590424
20 29 0 8 0.0111802667379
21 26 0 8 0.0111466152593
15 59 0 8 0.011078260839
20 51 0 8 0.0110644465312
6 37 0 8 0.0110272495076
9 48 0 8 0.0110020460561
43 53 0 8 0.0109809339046
21 34 0 8 0.0109518989921
2 53 0 8 0.0109314946458
20 36 0 8 0.0109108816832
8 58 0 8 0.0108819073066
34 62 0 8 0.0108423260972
26 49 0 8 0.0108342077583
4 37 0 8 0.0108274742961
38 54 0 8 0.0108150960878
48 57 0 8 0.0107833258808
19 35 0 8 0.0107728941366
21 63 0 8 0.0107572749257
23 61 0 8 0.0107528250664
8 62 0 8 0.0107131060213
40 53 0 8 0.0107018724084
43 60 0 8 0.0107016395777
19 50 0 8 0.010698989965
1 59 0 8 0.0106851551682
16 43 0 8 0.0106721473858
6 48 0 8 0.0106574371457
13 22 0 8 0.010637300089
13 42 0 8 0.0106260292232
13 38 0 8 0.0106143057346
21 29 0 8 0.010552579537
32 63 0 8 0.0105387577787
43 54 0 8 0.0105287283659
8 63 0 8 0.0105152102187
34 59 0 8 0.010514783673
26 58 0 8 0.0105090448633
21 33 0 8 0.0104464013129
9 56 0 8 0.0103887412697
42 65 0 8 0.010374289006
24 45 0 8 0.0103525901213
5 64 0 8 0.0103476075456
9 49 0 8 0.0103402771056
14 39 0 8 0.0103172594681
19 33 0 8 0.0103089082986
13 46 0 8 0.0102998930961
19 52 0 8 0.0102641694248
1 53 0 8 0.010189563036
3 52 0 8 0.01016953215
13 52 0 8 0.0101685058326
42 52 0 8 0.0101551525295
22 54 0 8 0.010086234659
17 50 0 8 0.0100437840447
14 63 0 8 0.0100300861523
12 46 0 8 0.0100140953436
33 63 0 8 0.0100061614066
16 22 0 8 0.00998025294393
16 56 0 8 0.00993082858622
17 39 0 8 0.00990054104477
12 51 0 8 0.00989572703838
11 59 0 8 0.0098812635988
15 54 0 8 0.00986057613045
7 12 0 8 0.00974214728922
14 50 0 8 0.00973983295262
47 55 0 8 0.00972826033831
7 16 0 8 0.00970064476132
10 43 0 8 0.00968774966896
10 18 0 8 0.00966745428741
25 50 0 8 0.00965760741383
21 61 0 8 0.00962642580271
8 19 0 8 0.00962325371802
36 58 0 8 0.00959285721183
19 56 0 8 0.00955073069781
17 61 0 8 0.00953828450292
18 33 0 8 0.00947690941393
17 54 0 8 0.00940749514848
8 51 0 8 0.00940324831754
25 54 0 8 0.0093106245622
6 55 0 8 0.00923807825893
21 46 0 8 0.00922732148319
42 59 0 8 0.00920353736728
11 26 0 8 0.00917834788561
6 42 0 8 0.00913834478706
21 30 0 8 0.00912101659924
12 35 0 8 0.00910551100969
2 47 0 8 0.00908783730119
1 8 0 8 0.00898621883243
39 62 0 8 0.00898218154907
37 62 0 8 0.00891929212958
23 56 0 8 0.00890553183854
20 33 0 8 0.00889499951154
19 30 0 8 0.00883796066046
4 42 0 8 0.00881186686456
19 58 0 8 0.00872721057385
13 40 0 8 0.00871620792896
16 63 0 8 0.00868143793195
39 63 0 8 0.00862024538219
1 45 0 8 0.0085987271741
13 50 0 8 0.00859514251351
36 61 0 8 0.00858216546476
15 58 0 8 0.00852506421506
9 53 0 8 0.00851186644286
58 63 0 8 0.00850351620466
15 39 0 8 0.00848245155066
27 44 0 8 0.00847594067454
35 60 0 8 0.00847332831472
19 43 0 8 0.00846663303673
18 63 0 8 0.00846105441451
44 61 0 8 0.00843729358166
16 21 0 8 0.00841167662293
29 63 0 8 0.00840220507234
11 63 0 8 0.00840208493173
21 36 0 8 0.00838529225439
40 55 0 8 0.00837007816881
19 36 0 8 0.0083648590371
4 43 0 8 0.00836415868253
45 64 0 8 0.00834512524307
6 54 0 8 0.00832602381706
14 58 0 8 0.00830207765102
36 60 0 8 0.00827946793288
41 46 0 8 0.00820505805314
9 57 0 8 0.00820157583803
42 64 0 8 0.00818894058466
18 58 0 8 0.00818644184619
41 50 0 8 0.0081826839596
4 30 0 8 0.00817889533937
17 58 0 8 0.00817166641355
13 63 0 8 0.00814945437014
18 35 0 8 0.00802047271281
8 35 0 8 0.00798885617405
19 31 0 8 0.00797184649855
5 52 0 8 0.0079609407112
10 39 0 8 0.00787203852087
13 37 0 8 0.00785169005394
52 57 0 8 0.0078388042748
12 50 0 8 0.00781549327075
15 55 0 8 0.00777559354901
37 56 0 8 0.00777265476063
7 14 0 8 0.00776055082679
39 44 0 8 0.00775100290775
5 65 0 8 0.00774368597195
10 34 0 8 0.00771841732785
13 43 0 8 0.0076853306964
30 40 0 8 0.00768403243273
1 52 0 8 0.00767425820231
32 39 0 8 0.00766570772976
18 39 0 8 0.00766323460266
20 50 0 8 0.0076371524483
42 48 0 8 0.00763037241995
40 63 0 8 0.00759094720706
1 54 0 8 0.00758266821504
38 59 0 8 0.00755792437121
11 21 0 8 0.00751261459664
9 55 0 8 0.00750011019409
8 13 0 8 0.00746453553438
46 58 0 8 0.00744548998773
12 17 0 8 0.00738094793633
41 65 0 8 0.00734230875969
18 61 0 8 0.0073390007019
10 23 0 8 0.00731526408345
6 45 0 8 0.00728342821822
1 46 0 8 0.00727639812976
20 43 0 8 0.0072501366958
18 43 0 8 0.00717782322317
26 55 0 8 0.00715312408283
6 47 0 8 0.00713255349547
17 52 0 8 0.00710229668766
17 55 0 8 0.00707901222631
4 33 0 8 0.00707475328818
12 59 0 8 0.00706716068089
32 60 0 8 0.00705675501376
43 52 0 8 0.00705563556403
32 61 0 8 0.00705394567922
31 63 0 8 0.0069714365527
41 59 0 8 0.00695244176313
8 55 0 8 0.00694542936981
21 57 0 8 0.00690825656056
12 38 0 8 0.0068833604455
1 30 0 8 0.00688232388347
6 26 0 8 0.00688016647473
58 64 0 8 0.00685580912977
6 51 0 8 0.00684785284102
45 65 0 8 0.00681131752208
1 29 0 8 0.00678229890764
26 61 0 8 0.00673835445195
4 10 0 8 0.00673296302557
9 45 0 8 0.00670210737735
4 9 0 8 0.00666966103017
48 55 0 8 0.006656200625
17 34 0 8 0.0066503486596
9 61 0 8 0.00663692411035
7 31 0 8 0.00663604354486
38 55 0 8 0.00662017334253
19 54 0 8 0.00658369669691
20 62 0 8 0.00657729431987
25 49 0 8 0.00656986096874
4 34 0 8 0.00656876573339
1 40 0 8 0.0065591451712
9 54 0 8 0.00655836239457
6 38 0 8 0.00654384167865
22 52 0 8 0.00654013548046
23 46 0 8 0.00653558271006
13 58 0 8 0.0065304110758
21 35 0 8 0.00652383454144
30 41 0 8 0.00646210554987
36 62 0 8 0.00644205370918
1 31 0 8 0.00644151633605
25 63 0 8 0.00642871204764
44 58 0 8 0.00640956126153
7 18 0 8 0.00638353731483
17 63 0 8 0.00633388990536
29 52 0 8 0.00631205830723
3 34 0 8 0.00631110696122
16 59 0 8 0.00629138667136
44 64 0 8 0.00626674806699
35 40 0 8 0.00625100871548
53 58 0 8 0.00624537141994
14 59 0 8 0.00624219700694
2 46 0 8 0.00620743120089
1 39 0 8 0.00618291413411
2 45 0 8 0.00617216154933
32 41 0 8 0.00617080787197
5 49 0 8 0.00615958543494
42 63 0 8 0.00615729484707
26 50 0 8 0.00613077776507
15 36 0 8 0.00612970255315
49 60 0 8 0.00612596236169
7 35 0 8 0.00610344577581
3 30 0 8 0.00608637696132
5 10 0 8 0.00608610315248
39 56 0 8 0.00607848167419
18 30 0 8 0.0060698078014
15 63 0 8 0.00606625340879
47 58 0 8 0.0060588340275
1 42 0 8 0.00602178322151
41 63 0 8 0.0060068462044
22 46 0 8 0.00598622020334
6 62 0 8 0.00598566420376
2 33 0 8 0.00598127115518
10 21 0 8 0.00596646778286
2 8 0 8 0.00596632342786
55 60 0 8 0.00593861984089
51 56 0 8 0.00590454367921
2 9 0 8 0.00587042607367
31 61 0 8 0.00586412614211
40 51 0 8 0.00583373801783
21 39 0 8 0.00582869816571
23 49 0 8 0.0058280909434
3 46 0 8 0.00579275842756
2 31 0 8 0.00578993326053
3 45 0 8 0.0057849069126
37 59 0 8 0.00578464893624
27 57 0 8 0.00574548589066
12 63 0 8 0.00572014646605
1 43 0 8 0.00571256363764
9 51 0 8 0.00569818075746
4 41 0 8 0.00568969082087
16 36 0 8 0.00567195937037
24 56 0 8 0.00566851813346
43 50 0 8 0.00565417902544
57 65 0 8 0.00564351351932
28 63 0 8 0.00562658207491
20 59 0 8 0.00562575273216
18 32 0 8 0.00557525455952
22 63 0 8 0.00555564370006
33 62 0 8 0.00555283902213
17 36 0 8 0.00554909324273
31 60 0 8 0.00553461071104
21 51 0 8 0.00553377345204
23 54 0 8 0.005506134592
20 63 0 8 0.00549466302618
3 32 0 8 0.00548829045147
1 44 0 8 0.00548727577552
33 60 0 8 0.00547832902521
9 50 0 8 0.00547800399363
4 38 0 8 0.00546266231686
39 59 0 8 0.00541548943147
2 44 0 8 0.00541072990745
43 51 0 8 0.00538916420192
16 23 0 8 0.00536624994129
5 61 0 8 0.00535842450336
4 11 0 8 0.0053559243679
42 62 0 8 0.00535366917029
43 55 0 8 0.00533402618021
1 26 0 8 0.00532936863601
19 63 0 8 0.00529342191294
29 44 0 8 0.00528764771298
9 63 0 8 0.00528448587283
1 34 0 8 0.00526786409318
20 54 0 8 0.00525974202901
14 62 0 8 0.0052509624511
49 58 0 8 0.00523896329105
2 42 0 8 0.00523656094447
29 61 0 8 0.00520269060507
39 53 0 8 0.00517987273633
2 40 0 8 0.00516611104831
10 25 0 8 0.00514808576554
24 57 0 8 0.00514384079725
5 57 0 8 0.00513873063028
4 31 0 8 0.00511673092842
21 54 0 8 0.00509914336726
3 31 0 8 0.00507454248145
46 59 0 8 0.00504027260467
12 18 0 8 0.00503345765173
2 43 0 8 0.00502471765503
2 30 0 8 0.00499352719635
4 35 0 8 0.00493356632069
1 25 0 8 0.00491474382579
1 41 0 8 0.00490967882797
19 24 0 8 0.0048935865052
1 32 0 8 0.00489155715331
32 62 0 8 0.00487398821861
30 63 0 8 0.00486674066633
40 54 0 8 0.00485657854006
8 43 0 8 0.00485282344744
10 31 0 8 0.00483482843265
57 62 0 8 0.00483308266848
37 55 0 8 0.00481332372874
28 60 0 8 0.00480120070279
15 22 0 8 0.00479856319726
30 61 0 8 0.00479214359075
20 58 0 8 0.00478650256991
18 54 0 8 0.00477387616411
38 43 0 8 0.00477276416495
4 32 0 8 0.00473837694153
17 59 0 8 0.00472644669935
5 60 0 8 0.00469037191942
24 43 0 8 0.00467054359615
45 61 0 8 0.00464831432328
9 44 0 8 0.00464218761772
33 59 0 8 0.00458166049793
10 62 0 8 0.00457217125222
27 63 0 8 0.00457177404314
9 34 0 8 0.00456954818219
26 63 0 8 0.00456796074286
17 62 0 8 0.00456305639818
12 37 0 8 0.00452409405261
16 35 0 8 0.00452031381428
20 26 0 8 0.00451002409682
3 33 0 8 0.0044802040793
57 64 0 8 0.00445448653772
5 58 0 8 0.00444823363796
25 61 0 8 0.00444816891104
3 28 0 8 0.00444633606821
12 39 0 8 0.00443967524916
28 58 0 8 0.00443894602358
5 56 0 8 0.00443879235536
27 42 0 8 0.00439081620425
18 36 0 8 0.00438788253814
12 58 0 8 0.00435897894204
39 55 0 8 0.00435227248818
23 63 0 8 0.00434490246698
58 65 0 8 0.00434301095083
2 41 0 8 0.0043357075192
3 44 0 8 0.00433193380013
24 53 0 8 0.00432486878708
9 46 0 8 0.00430677365512
18 55 0 8 0.00428909808397
8 40 0 8 0.00427576573566
4 28 0 8 0.00425894651562
26 47 0 8 0.00425628619269
14 36 0 8 0.00423740455881
41 62 0 8 0.00423598429188
19 26 0 8 0.00422649318352
8 21 0 8 0.00422316091135
28 43 0 8 0.00420224573463
12 62 0 8 0.00420208647847
8 37 0 8 0.00418940139934
4 36 0 8 0.00417551910505
22 55 0 8 0.00416304636747
7 36 0 8 0.00415169680491
9 59 0 8 0.00412861024961
56 61 0 8 0.00412570359185
4 13 0 8 0.00412019807845
18 62 0 8 0.00410365732387
23 52 0 8 0.00410073343664
11 62 0 8 0.00409947196022
14 34 0 8 0.0040869130753
5 63 0 8 0.00408538011834
34 57 0 8 0.00405276520178
3 41 0 8 0.00404609600082
4 29 0 8 0.00404444197193
18 23 0 8 0.00404433626682
43 64 0 8 0.00404358329251
35 57 0 8 0.00404276140034
30 62 0 8 0.00401532649994
19 55 0 8 0.00399816222489
22 51 0 8 0.00398641638458
13 62 0 8 0.00398039398715
15 23 0 8 0.00396789144725
5 53 0 8 0.00395007012412
39 54 0 8 0.0039441306144
4 39 0 8 0.00392225338146
13 39 0 8 0.0039110542275
14 35 0 8 0.00388280162588
7 20 0 8 0.00387069792487
15 62 0 8 0.00385913439095
14 25 0 8 0.00385877862573
16 62 0 8 0.00384334521368
1 33 0 8 0.00383488903753
27 52 0 8 0.00383323919959
5 48 0 8 0.0038091505412
6 33 0 8 0.00379756628536
22 48 0 8 0.00378114450723
17 35 0 8 0.00378036312759
23 51 0 8 0.00376778817736
28 42 0 8 0.00375774083659
14 26 0 8 0.00375522463582
17 33 0 8 0.0037495275028
7 15 0 8 0.00374602735974
9 58 0 8 0.00374284316786
40 45 0 8 0.00372017431073
21 52 0 8 0.00371345388703
13 21 0 8 0.00371203222312
46 61 0 8 0.00370787479915
1 38 0 8 0.00370066124015
29 42 0 8 0.00368626764975
12 22 0 8 0.0036827721633
9 41 0 8 0.00367010897025
3 40 0 8 0.00366515014321
25 46 0 8 0.00365225598216
37 44 0 8 0.00364765734412
36 56 0 8 0.00362228252925
3 42 0 8 0.00360554852523
11 34 0 8 0.00359222828411
40 52 0 8 0.00358444545418
44 65 0 8 0.00357988243923
3 37 0 8 0.00357372197323
2 25 0 8 0.00355589832179
23 47 0 8 0.00354983285069
16 32 0 8 0.00354331661947
33 41 0 8 0.00353220035322
21 27 0 8 0.00353146367706
10 17 0 8 0.00346364895813
45 59 0 8 0.00344175240025
37 54 0 8 0.00340898125432
36 57 0 8 0.00340059003793
1 12 0 8 0.00338847399689
3 29 0 8 0.00338787329383
4 26 0 8 0.00338502787054
19 29 0 8 0.00336501770653
24 60 0 8 0.0033605589997
38 52 0 8 0.00335976853967
20 28 0 8 0.00335770472884
21 55 0 8 0.00334661221132
7 13 0 8 0.0033410883043
40 62 0 8 0.00333761912771
31 62 0 8 0.00332027650438
46 64 0 8 0.00332021317445
20 52 0 8 0.00331395468675
28 61 0 8 0.00329415965825
5 47 0 8 0.00327201676555
4 40 0 8 0.00327174295671
5 51 0 8 0.00326964445412
38 49 0 8 0.00326799438335
30 60 0 8 0.00324326008558
46 65 0 8 0.00324167124927
12 20 0 8 0.00323248468339
19 25 0 8 0.00321803032421
8 26 0 8 0.0032158207614
28 62 0 8 0.00315469317138
3 26 0 8 0.00315226917155
3 10 0 8 0.00312977214344
43 58 0 8 0.00312859099358
7 28 0 8 0.00311449612491
1 37 0 8 0.00310914288275
8 18 0 8 0.00307245762087
5 54 0 8 0.00307114026509
50 58 0 8 0.00305825122632
10 32 0 8 0.00305453175679
12 23 0 8 0.00303429900669
44 59 0 8 0.00303359655663
1 27 0 8 0.00300557445735
28 57 0 8 0.00300246244296
9 43 0 8 0.00300221145153
24 63 0 8 0.00300095835701
2 34 0 8 0.00298379035667
22 50 0 8 0.00295829516836
22 62 0 8 0.00295189977624
27 53 0 8 0.00293662096374
34 58 0 8 0.00290604680777
21 62 0 8 0.00289292004891
24 61 0 8 0.0028650437016
2 28 0 8 0.00286464998499
19 59 0 8 0.00285709230229
4 27 0 8 0.00284511386417
5 59 0 8 0.0028399832081
16 33 0 8 0.00282621872611
20 55 0 8 0.00282256584615
2 32 0 8 0.0028158177156
3 43 0 8 0.0028116768226
24 49 0 8 0.00278740935028
23 55 0 8 0.0027848391328
39 51 0 8 0.00278110220097
25 51 0 8 0.0027784188278
27 61 0 8 0.00277354801074
9 62 0 8 0.00276196887717
28 53 0 8 0.00275148823857
22 58 0 8 0.00273480708711
1 35 0 8 0.00273265293799
5 62 0 8 0.00272945826873
43 65 0 8 0.00272939470597
5 50 0 8 0.00271966052242
43 61 0 8 0.00271328701638
23 62 0 8 0.00271293334663
8 16 0 8 0.00269351969473
35 59 0 8 0.00268937274814
24 46 0 8 0.00268399249762
21 59 0 8 0.00268061738461
49 64 0 8 0.00267962180078
3 38 0 8 0.00267665553838
33 39 0 8 0.00266855675727
2 26 0 8 0.00265997648239
4 12 0 8 0.00265993084759
23 48 0 8 0.0026412170846
10 20 0 8 0.00263937492855
17 26 0 8 0.00262017711066
2 39 0 8 0.00261738337576
3 35 0 8 0.00261736870743
36 41 0 8 0.00260790297762
21 28 0 8 0.00260274205357
23 58 0 8 0.00259867776185
3 36 0 8 0.00257808365859
15 34 0 8 0.00256080040708
24 47 0 8 0.00255543831736
13 36 0 8 0.00254003074951
6 32 0 8 0.0025326188188
29 62 0 8 0.00251148128882
11 25 0 8 0.00250925938599
16 25 0 8 0.00249862275086
15 21 0 8 0.00246820482425
46 60 0 8 0.00246563157998
4 23 0 8 0.00244482024573
9 40 0 8 0.00244141998701
5 55 0 8 0.00243836757727
53 60 0 8 0.00243421411142
26 51 0 8 0.00243098451756
25 58 0 8 0.00240926025435
9 14 0 8 0.00239889230579
9 42 0 8 0.00239789299667
2 37 0 8 0.00237133447081
37 45 0 8 0.00235680327751
38 44 0 8 0.00235318602063
8 36 0 8 0.00235295854509
28 56 0 8 0.00234875595197
2 13 0 8 0.00234387931414
57 63 0 8 0.00233033741824
41 47 0 8 0.00232342327945
24 62 0 8 0.00230513396673
35 58 0 8 0.00230377120897
18 59 0 8 0.0023033679463
2 38 0 8 0.00229896930978
43 62 0 8 0.00226923660375
29 57 0 8 0.0022543289233
18 26 0 8 0.00224089366384
8 38 0 8 0.00223483564332
54 59 0 8 0.00222714967094
2 35 0 8 0.00221581943333
11 24 0 8 0.00218656845391
5 45 0 8 0.00217000860721
44 63 0 8 0.00216788891703
31 41 0 8 0.00216691754758
15 35 0 8 0.00216146814637
15 26 0 8 0.00214385008439
23 50 0 8 0.00212707952596
29 60 0 8 0.00211904011667
17 32 0 8 0.00210316875018
26 62 0 8 0.00210121017881
24 52 0 8 0.0021011182107
19 62 0 8 0.00208181049675
12 36 0 8 0.00208123284392
33 57 0 8 0.0020610364154
50 57 0 8 0.00205555814318
28 54 0 8 0.00203471421264
40 49 0 8 0.00203039660119
17 23 0 8 0.00202662334777
3 27 0 8 0.00201011542231
6 11 0 8 0.0020052571781
6 40 0 8 0.00198413454928
1 28 0 8 0.00194334040862
38 51 0 8 0.0019367702771
7 30 0 8 0.00193191051949
5 46 0 8 0.00192644854542
26 59 0 8 0.00192341161892
7 17 0 8 0.00192308030091
46 62 0 8 0.00191609514877
50 56 0 8 0.00191027321853
26 48 0 8 0.00189927697647
12 21 0 8 0.00189180811867
25 62 0 8 0.00188929319847
27 43 0 8 0.00188812008128
1 36 0 8 0.00187523034401
45 63 0 8 0.00187430146616
26 46 0 8 0.00187253870536
13 35 0 8 0.00186763796955
8 17 0 8 0.00186342850793
7 33 0 8 0.00184924528003
55 64 0 8 0.00184910267126
2 36 0 8 0.00184648099821
3 11 0 8 0.00184600206558
2 27 0 8 0.00182771938853
27 58 0 8 0.00182549632154
1 13 0 8 0.00182330724783
17 31 0 8 0.0018202601932
8 14 0 8 0.00181982701179
2 29 0 8 0.00181141507346
27 60 0 8 0.001807307126
38 45 0 8 0.00180712307338
36 59 0 8 0.00180708942935
23 59 0 8 0.00180266611278
33 40 0 8 0.00179912173189
1 24 0 8 0.00179180712439
13 20 0 8 0.00178631104063
28 47 0 8 0.00177826615982
29 53 0 8 0.00177285471
4 25 0 8 0.00177225912921
24 54 0 8 0.00176713161636
40 50 0 8 0.00175278203096
10 35 0 8 0.00173883780371
56 64 0 8 0.00173330341931
45 62 0 8 0.00173100887332
4 22 0 8 0.0017252760008
28 52 0 8 0.00171698397025
28 59 0 8 0.00171618245076
8 22 0 8 0.00171200803015
31 59 0 8 0.00170601881109
7 24 0 8 0.0016928302357
25 55 0 8 0.00169023103081
2 11 0 8 0.00167763535865
25 48 0 8 0.00166201242246
18 29 0 8 0.00165897072293
16 26 0 8 0.00164606922772
9 18 0 8 0.00163927988615
8 25 0 8 0.00163640046958
17 25 0 8 0.00163308135234
16 31 0 8 0.00162139162421
3 39 0 8 0.00161835947074
34 41 0 8 0.00161635293625
24 51 0 8 0.00161543826107
38 47 0 8 0.00159444415476
28 48 0 8 0.00159387965687
27 56 0 8 0.00159376801457
54 65 0 8 0.00156710296869
19 28 0 8 0.00155918544624
4 19 0 8 0.00154497858603
3 9 0 8 0.00154168531299
29 54 0 8 0.0015408238396
30 59 0 8 0.00153173366562
24 59 0 8 0.0015262485249
29 48 0 8 0.00152581033763
6 41 0 8 0.00151487451512
47 64 0 8 0.00150907575153
32 58 0 8 0.00150787865277
49 61 0 8 0.00150335591752
47 65 0 8 0.00150083494373
53 65 0 8 0.00149983703159
10 33 0 8 0.0014913091436
29 56 0 8 0.00148563750554
10 36 0 8 0.00147977937013
21 58 0 8 0.00147284788545
22 59 0 8 0.00146744668018
10 24 0 8 0.00145367102232
51 57 0 8 0.00143043859862
34 43 0 8 0.00142767524812
14 24 0 8 0.00142165541183
25 59 0 8 0.00142061675433
17 28 0 8 0.00140913005453
12 26 0 8 0.00140746636316
18 31 0 8 0.00140559847932
6 35 0 8 0.00139630993363
29 59 0 8 0.00139029696584
1 16 0 8 0.00137947546318
13 34 0 8 0.00137922528666
27 62 0 8 0.00137241894845
38 46 0 8 0.00136772426777
6 14 0 8 0.00136149011087
56 65 0 8 0.00135988439433
11 30 0 8 0.00135586061515
46 63 0 8 0.00134234840516
28 45 0 8 0.0013373978436
48 58 0 8 0.00133219838608
8 32 0 8 0.00133173400536
14 32 0 8 0.00132872071117
43 59 0 8 0.00132845679764
32 59 0 8 0.00132051284891
5 44 0 8 0.00131495320238
1 21 0 8 0.00131424760912
14 30 0 8 0.00131149042863
52 58 0 8 0.00130918668583
29 49 0 8 0.00130780017935
47 60 0 8 0.00130741472822
54 60 0 8 0.00130560353864
24 55 0 8 0.00130224553868
34 42 0 8 0.00129989464767
9 17 0 8 0.00129197549541
6 13 0 8 0.00129126571119
40 48 0 8 0.00127684918698
2 12 0 8 0.00127499457449
11 36 0 8 0.00126971211284
48 59 0 8 0.00126477365848
24 58 0 8 0.00126316223759
14 28 0 8 0.00126163638197
27 54 0 8 0.00125880062114
28 49 0 8 0.00125126366038
11 32 0 8 0.00124849949498
7 27 0 8 0.00124686956406
27 47 0 8 0.00122877955437
2 21 0 8 0.00122255110182
6 29 0 8 0.0012214226881
24 50 0 8 0.00122082722373
10 28 0 8 0.00121622055303
4 16 0 8 0.00121014227625
29 47 0 8 0.00120846333448
49 65 0 8 0.00120799965225
2 24 0 8 0.00119934335817
53 61 0 8 0.00119815417565
8 34 0 8 0.00119582365733
15 32 0 8 0.00119568349328
37 49 0 8 0.00119362666737
39 52 0 8 0.00118969019968
8 27 0 8 0.00118201854639
41 48 0 8 0.0011730180122
8 15 0 8 0.00116754404735
6 25 0 8 0.00116546452045
34 40 0 8 0.00116540340241
27 55 0 8 0.00116096634883
9 37 0 8 0.00115852209274
6 43 0 8 0.00115336675663
43 63 0 8 0.00115131237544
6 36 0 8 0.00114384607878
16 30 0 8 0.00113688188139
5 13 0 8 0.00112756807357
38 50 0 8 0.00112661684398
48 64 0 8 0.00112653314136
11 28 0 8 0.00112080271356
48 60 0 8 0.00111935369205
14 33 0 8 0.0011166757904
51 60 0 8 0.00111038645264
33 58 0 8 0.00110240944196
55 63 0 8 0.00109947612509
35 41 0 8 0.00109669240192
8 31 0 8 0.00108669721521
8 29 0 8 0.00108508393168
49 59 0 8 0.00107894779649
53 64 0 8 0.00107798771933
13 23 0 8 0.00107358966488
8 30 0 8 0.0010714980308
8 24 0 8 0.00106799032073
52 60 0 8 0.00106684584171
4 24 0 8 0.0010576355271
11 31 0 8 0.00104207068216
34 53 0 8 0.00104188767727
54 61 0 8 0.00104089744855
35 56 0 8 0.00104020105209
28 51 0 8 0.00103910709731
8 20 0 8 0.00103703083005
51 58 0 8 0.00103448843583
13 25 0 8 0.00102117087226
55 61 0 8 0.00101785443258
29 58 0 8 0.00101762369741
31 42 0 8 0.0010163099505
47 61 0 8 0.00101609295234
12 34 0 8 0.00101496686693
32 56 0 8 0.00101246742997
29 46 0 8 0.00100822199602
3 25 0 8 0.00100793573074
18 25 0 8 0.00100647681393
54 63 0 8 0.000997349037789
4 14 0 8 0.000991448294371
12 30 0 8 0.000989301246591
3 12 0 8 0.000982879428193
39 50 0 8 0.000982456724159
11 29 0 8 0.000980857410468
1 17 0 8 0.000973339716438
13 30 0 8 0.000972574052867
51 65 0 8 0.000965723709669
13 24 0 8 0.000955729221459
12 31 0 8 0.000945658248384
14 31 0 8 0.000943622842897
1 14 0 8 0.000943019345868
16 24 0 8 0.000942158512771
8 33 0 8 0.000937800155953
32 43 0 8 0.000935818185098
51 59 0 8 0.000934528419748
11 33 0 8 0.000934135401621
20 27 0 8 0.000930126872845
6 28 0 8 0.000929212255869
13 32 0 8 0.000920760910958
33 42 0 8 0.000920604739804
12 25 0 8 0.000914922682568
15 24 0 8 0.000914075702894
4 21 0 8 0.000910675851628
27 59 0 8 0.000906893226784
49 63 0 8 0.000905207183678
13 33 0 8 0.000904891989194
39 49 0 8 0.000898484548088
37 52 0 8 0.000896000128705
24 48 0 8 0.000893513730261
27 46 0 8 0.00089001422748
15 29 0 8 0.000888810027391
9 38 0 8 0.000888497626875
13 26 0 8 0.000885618792381
50 59 0 8 0.000885547487997
34 56 0 8 0.000883113592863
15 33 0 8 0.000880160776433
28 46 0 8 0.000879882834852
27 45 0 8 0.000878845108673
17 30 0 8 0.000870238000061
1 11 0 8 0.000869282113854
39 47 0 8 0.000868832401466
3 23 0 8 0.000863592955284
32 42 0 8 0.000857047678437
29 43 0 8 0.000856139638927
28 55 0 8 0.000854709534906
13 31 0 8 0.000854556798004
50 64 0 8 0.000853868667036
40 47 0 8 0.000852971279528
27 49 0 8 0.000852179597132
3 24 0 8 0.000850611831993
6 39 0 8 0.00084919546498
27 50 0 8 0.000848259776831
56 62 0 8 0.000846957438625
27 48 0 8 0.000843255140353
32 57 0 8 0.000841195462272
44 62 0 8 0.000840441964101
4 20 0 8 0.000837714353111
56 63 0 8 0.000837267492898
15 25 0 8 0.000825672817882
14 29 0 8 0.000823053065687
18 24 0 8 0.000822446716484
5 34 0 8 0.000821783905849
29 50 0 8 0.000817019143142
4 15 0 8 0.000817014835775
35 43 0 8 0.00081434455933
5 43 0 8 0.000812918005977
17 24 0 8 0.000808204931673
47 63 0 8 0.000807777571026
29 45 0 8 0.000806839088909
7 29 0 8 0.000805888557807
50 61 0 8 0.000805658637546
48 61 0 8 0.000802220834885
30 53 0 8 0.000801309768576
12 28 0 8 0.00079344783444
4 18 0 8 0.000792585546151
17 29 0 8 0.000791691127233
31 54 0 8 0.000791524013039
18 28 0 8 0.0007895284798
1 15 0 8 0.000788451870903
28 50 0 8 0.000787829980254
47 59 0 8 0.000785510987043
5 30 0 8 0.000785237469245
1 20 0 8 0.000782405084465
27 51 0 8 0.000779731955845
34 52 0 8 0.000779700756539
15 31 0 8 0.000776446890086
13 28 0 8 0.000776127679273
12 32 0 8 0.000774983258452
31 57 0 8 0.000771768158302
36 54 0 8 0.000770788465161
30 57 0 8 0.000770242186263
35 42 0 8 0.000769095786382
36 42 0 8 0.000764972937759
10 30 0 8 0.000763300340623
52 61 0 8 0.000760859518778
36 55 0 8 0.000758701120503
1 18 0 8 0.000758459384087
16 29 0 8 0.00075779936742
48 65 0 8 0.000757533300202
35 44 0 8 0.000752615509555
6 24 0 8 0.000750982086174
12 29 0 8 0.000750480219722
9 19 0 8 0.000747790618334
37 51 0 8 0.000741831725463
29 55 0 8 0.000738151313271
12 24 0 8 0.000736888672691
1 22 0 8 0.000735682202503
34 51 0 8 0.00072826660471
5 37 0 8 0.000724925193936
9 22 0 8 0.000722312659491
32 47 0 8 0.000719532952644
11 27 0 8 0.000719077768736
32 53 0 8 0.000718668452464
18 27 0 8 0.000717532821
37 43 0 8 0.00071713939542
6 21 0 8 0.000715748290531
31 53 0 8 0.000714600551873
3 14 0 8 0.000712541397661
6 30 0 8 0.000711288943421
31 56 0 8 0.000711110711563
32 48 0 8 0.000708196836058
48 63 0 8 0.000706956489012
6 15 0 8 0.000703589466866
10 29 0 8 0.000700639677234
30 48 0 8 0.00069515692303
55 65 0 8 0.000693737005349
9 15 0 8 0.000691652938258
39 48 0 8 0.000689725624397
1 19 0 8 0.000686131592374
3 13 0 8 0.000683580583427
12 33 0 8 0.00067916844273
3 21 0 8 0.000678350450471
3 17 0 8 0.000676424417179
54 64 0 8 0.000675738207065
31 48 0 8 0.00067483750172
9 35 0 8 0.000674278242514
29 51 0 8 0.000674013863318
2 22 0 8 0.000672885857057
9 16 0 8 0.000667211483233
40 46 0 8 0.000662097416352
5 29 0 8 0.000660105142742
39 45 0 8 0.000656690681353
49 62 0 8 0.000654608011246
31 47 0 8 0.000654337927699
33 56 0 8 0.000653611496091
32 54 0 8 0.000652788497973
30 43 0 8 0.000650762580335
53 59 0 8 0.000650649366435
37 46 0 8 0.00065026874654
52 59 0 8 0.000649486144539
9 39 0 8 0.000637074641418
19 27 0 8 0.000636563287117
16 27 0 8 0.000636339769699
9 25 0 8 0.000634522992186
4 17 0 8 0.000631643342786
53 62 0 8 0.000629531452432
9 36 0 8 0.000625957851298
9 26 0 8 0.000625368440524
31 44 0 8 0.000622582621872
34 54 0 8 0.000621181447059
5 12 0 8 0.00062099203933
38 48 0 8 0.000617165060248
2 16 0 8 0.000616407312918
32 52 0 8 0.000616022094619
35 54 0 8 0.000612932490185
35 53 0 8 0.000608921516687
30 47 0 8 0.00060753285652
3 22 0 8 0.000604794127867
9 21 0 8 0.000603615597356
31 58 0 8 0.000601249164902
2 20 0 8 0.000600534665864
2 17 0 8 0.000599403050728
15 30 0 8 0.000597420788836
30 52 0 8 0.000594803248532
2 19 0 8 0.000594328681473
5 28 0 8 0.000588993250858
3 20 0 8 0.000587469316088
37 47 0 8 0.000586328736972
36 44 0 8 0.000585774134379
8 28 0 8 0.000581349537242
5 40 0 8 0.000580096675549
6 31 0 8 0.00057766737882
6 19 0 8 0.000577282626182
33 44 0 8 0.000575103738811
30 58 0 8 0.000574302335735
5 35 0 8 0.000569152529351
16 28 0 8 0.000561832857784
5 16 0 8 0.000560010259505
32 51 0 8 0.000559254200198
5 38 0 8 0.000558896630537
2 14 0 8 0.000558466883376
31 52 0 8 0.000557986146305
5 41 0 8 0.00055665045511
9 24 0 8 0.000556190614589
3 19 0 8 0.000555230886675
50 65 0 8 0.000550321186893
13 29 0 8 0.00054766976973
30 54 0 8 0.000546507944819
34 50 0 8 0.000543302623555
35 55 0 8 0.000541264540516
39 46 0 8 0.000541156739928
3 16 0 8 0.000538594380487
1 23 0 8 0.000534222635906
12 27 0 8 0.000533380836714
6 27 0 8 0.000531626457814
33 53 0 8 0.000523231516127
33 43 0 8 0.000520540052094
47 62 0 8 0.000519222696312
6 20 0 8 0.000517469947226
35 46 0 8 0.000515928899404
30 44 0 8 0.000512109720148
31 43 0 8 0.000511124613695
2 18 0 8 0.000511036487296
5 39 0 8 0.000507923134137
6 17 0 8 0.000507288088556
34 55 0 8 0.000507178076077
31 51 0 8 0.000506018928718
5 33 0 8 0.000505815376528
32 44 0 8 0.000503672054037
34 48 0 8 0.000503558199853
2 23 0 8 0.000502150272951
52 64 0 8 0.000501337694004
30 42 0 8 0.000500925933011
50 60 0 8 0.000498711247928
32 55 0 8 0.000492558523547
5 36 0 8 0.000492554740049
37 48 0 8 0.000491278246045
5 11 0 8 0.000491113809403
3 15 0 8 0.000488971883897
33 47 0 8 0.000488005724037
9 20 0 8 0.000483968760818
34 49 0 8 0.000483835698105
14 27 0 8 0.000483230978716
6 16 0 8 0.00048195652198
34 47 0 8 0.000481546449009
34 44 0 8 0.000477246387163
17 27 0 8 0.000473580003018
33 52 0 8 0.000467538571684
10 27 0 8 0.000466791330837
35 52 0 8 0.000464708457002
9 23 0 8 0.000461907824501
30 45 0 8 0.000454654713394
36 53 0 8 0.000450408522738
51 64 0 8 0.0004470066051
35 51 0 8 0.000446887745056
9 30 0 8 0.000444273609901
5 42 0 8 0.000440551637439
32 49 0 8 0.000438071030658
37 50 0 8 0.000437593786046
9 33 0 8 0.000434297719039
6 12 0 8 0.000434071116615
31 49 0 8 0.000431427266449
15 28 0 8 0.000431230932008
13 27 0 8 0.000429771811469
9 32 0 8 0.000417931238189
30 49 0 8 0.000417170202127
55 62 0 8 0.00041444785893
34 45 0 8 0.000411895191064
51 62 0 8 0.000410430860939
52 65 0 8 0.000409007392591
31 46 0 8 0.000402472971473
5 26 0 8 0.000397549883928
5 25 0 8 0.000397329742555
9 28 0 8 0.000391234236304
51 61 0 8 0.000390765140764
2 15 0 8 0.000384365557693
30 46 0 8 0.000383470323868
52 63 0 8 0.000383272068575
31 55 0 8 0.000377931806725
36 43 0 8 0.000377919379389
5 14 0 8 0.000377456890419
33 49 0 8 0.000372799346223
51 63 0 8 0.000364099076251
6 23 0 8 0.000361148908269
31 45 0 8 0.00036022241693
3 18 0 8 0.000359593628673
6 18 0 8 0.000358302873792
30 51 0 8 0.000355834432412
50 63 0 8 0.000353153969627
32 46 0 8 0.000353068462573
9 31 0 8 0.000350801914465
36 45 0 8 0.000349718524376
5 27 0 8 0.000346380227711
36 47 0 8 0.000342406856362
5 31 0 8 0.000341178907547
48 62 0 8 0.000337117497111
36 46 0 8 0.000331638235366
33 48 0 8 0.000331137474859
30 56 0 8 0.000329424568918
32 50 0 8 0.000327081244905
33 51 0 8 0.000315583398333
9 27 0 8 0.000314790988341
33 54 0 8 0.000309657247271
35 47 0 8 0.000308275193674
9 29 0 8 0.00030792033067
33 55 0 8 0.000307304464513
36 52 0 8 0.000305997644318
15 27 0 8 0.000305083260173
33 50 0 8 0.000304525339743
30 50 0 8 0.000303370848997
5 32 0 8 0.00030054099625
31 50 0 8 0.000291318661766
30 55 0 8 0.000289564486593
32 45 0 8 0.000288785377052
5 23 0 8 0.000280209904304
53 63 0 8 0.000274379592156
5 22 0 8 0.000267806113698
35 50 0 8 0.000266823626589
36 51 0 8 0.00026618866832
34 46 0 8 0.000265158741968
5 21 0 8 0.000261145498371
5 19 0 8 0.000241674570134
50 62 0 8 0.00023909068841
35 45 0 8 0.000230610268773
35 49 0 8 0.000228261051234
33 45 0 8 0.000221198410145
54 62 0 8 0.000210228768992
5 24 0 8 0.000204405936529
36 50 0 8 0.000196256747586
35 48 0 8 0.000192249324755
5 15 0 8 0.000188692545635
36 49 0 8 0.000177081499714
36 48 0 8 0.00017526713782
5 17 0 8 0.000174294866156
5 20 0 8 0.000165696212207
52 62 0 8 0.000160137438797
33 46 0 8 0.000153218672494
5 18 0 8 0.000144148769323
