12 13 0 8 0.999998211861
38 39 0 8 0.999997317791
45 46 0 8 0.999996066093
16 17 0 8 0.999995231628
14 15 0 8 0.999993979931
71 72 0 8 0.999993443489
44 45 0 8 0.999992847443
20 21 0 8 0.999991178513
39 40 0 8 0.999990701675
1 2 0 8 0.99998986721
11 12 0 8 0.999989569187
40 41 0 8 0.999988973141
43 44 0 8 0.999988794327
42 43 0 8 0.999988496304
15 16 0 8 0.999987602234
47 48 0 8 0.99998652935
63 64 0 8 0.999986410141
13 14 0 8 0.999986350536
61 62 0 8 0.999983489513
32 33 0 8 0.999983251095
10 11 0 8 0.999982774258
41 42 0 8 0.999981880188
23 24 0 8 0.999981403351
8 9 0 8 0.999981105328
3 4 0 8 0.999980390072
18 19 0 8 0.999979794025
9 10 0 8 0.999979734421
2 3 0 8 0.999979436398
46 47 0 8 0.999979436398
70 71 0 8 0.999977827072
50 51 0 8 0.999976575375
7 8 0 8 0.999974787235
49 50 0 8 0.999974429607
37 38 0 8 0.999970734119
21 22 0 8 0.99996393919
58 59 0 8 0.999963223934
34 35 0 8 0.999959528446
62 63 0 8 0.999959468842
31 32 0 8 0.999951243401
26 27 0 8 0.999950349331
64 65 0 8 0.999944329262
35 36 0 8 0.999942421913
17 18 0 8 0.999942183495
28 29 0 8 0.999941885471
54 55 0 8 0.999938368797
59 60 0 8 0.999935984612
55 56 0 8 0.999930202961
30 31 0 8 0.999929785728
36 37 0 8 0.999928474426
22 23 0 8 0.999919593334
52 53 0 8 0.999915480614
57 58 0 8 0.999912679195
53 54 0 8 0.999910950661
51 52 0 8 0.999899208546
33 34 0 8 0.99989259243
27 28 0 8 0.999881982803
48 49 0 8 0.999869644642
29 30 0 8 0.999868571758
60 61 0 8 0.999864757061
25 26 0 8 0.999850392342
24 25 0 8 0.999830842018
65 66 0 8 0.999808251858
66 67 0 8 0.999798357487
56 57 0 8 0.999768197536
6 7 0 8 0.999713540077
67 68 0 8 0.999667942524
19 20 0 8 0.99965852499
5 6 0 8 0.999598503113
69 70 0 8 0.999255001545
4 5 0 8 0.999217748642
68 69 0 8 0.99910825491
12 14 0 8 0.997762262821
38 40 0 8 0.997706413269
42 44 0 8 0.997643470764
13 15 0 8 0.997488737106
42 45 0 8 0.99731862545
41 43 0 8 0.99723303318
15 17 0 8 0.997118711472
9 11 0 8 0.996999084949
39 41 0 8 0.996746361256
9 12 0 8 0.996577858925
13 16 0 8 0.996134281158
12 15 0 8 0.995944559574
39 42 0 8 0.99586224556
11 13 0 8 0.995460748672
37 39 0 8 0.995073676109
44 46 0 8 0.994733572006
44 47 0 8 0.993923008442
40 42 0 8 0.993623018265
37 40 0 8 0.993371069431
8 10 0 8 0.993356347084
16 18 0 8 0.993303656578
15 18 0 8 0.993012070656
14 16 0 8 0.993006765842
45 47 0 8 0.992283403873
43 45 0 8 0.992202341557
14 17 0 8 0.991235613823
11 14 0 8 0.990935981274
13 17 0 8 0.987578332424
43 46 0 8 0.987303256989
36 38 0 8 0.987127900124
9 13 0 8 0.987029671669
10 12 0 8 0.986942470074
41 44 0 8 0.986814200878
40 43 0 8 0.986140370369
38 41 0 8 0.986067056656
12 16 0 8 0.985641658306
38 42 0 8 0.984937667847
10 13 0 8 0.984796047211
43 47 0 8 0.983780384064
27 29 0 8 0.982807815075
10 14 0 8 0.98238992691
35 37 0 8 0.981957316399
24 26 0 8 0.980607330799
14 18 0 8 0.979472875595
16 19 0 8 0.976779699326
35 38 0 8 0.976603269577
8 12 0 8 0.975012719631
7 9 0 8 0.974035859108
8 11 0 8 0.974020719528
36 39 0 8 0.971454381943
40 44 0 8 0.970476746559
26 28 0 8 0.969415068626
17 19 0 8 0.969377577305
42 46 0 8 0.969074606895
37 41 0 8 0.968701064587
11 15 0 8 0.968327522278
45 48 0 8 0.966870069504
46 48 0 8 0.964278757572
24 27 0 8 0.9613083601
23 25 0 8 0.959014058113
39 43 0 8 0.957242906094
28 30 0 8 0.956807494164
25 27 0 8 0.952438175678
34 36 0 8 0.950187504292
41 45 0 8 0.94725805521
7 10 0 8 0.946180522442
16 21 0 8 0.943666636944
26 29 0 8 0.941683471203
28 31 0 8 0.941313505173
57 59 0 8 0.939263999462
29 31 0 8 0.937553822994
34 37 0 8 0.931787371635
19 21 0 8 0.930045306683
48 50 0 8 0.929562270641
35 39 0 8 0.925220012665
61 63 0 8 0.924782156944
8 31 0 8 0.924424171448
31 33 0 8 0.924197018147
36 40 0 8 0.924188196659
44 48 0 8 0.922858655453
53 55 0 8 0.918727576733
45 50 0 8 0.915898084641
62 64 0 8 0.915469348431
46 49 0 8 0.91392749548
27 30 0 8 0.912983953953
17 20 0 8 0.909490525723
7 11 0 8 0.908460199833
23 26 0 8 0.906340181828
59 61 0 8 0.905974626541
54 62 0 8 0.903749585152
15 19 0 8 0.903037548065
24 28 0 8 0.898177206516
6 8 0 8 0.89615303278
55 61 0 8 0.895064949989
53 62 0 8 0.893328428268
16 20 0 8 0.891963839531
51 53 0 8 0.886678278446
5 7 0 8 0.886173725128
55 62 0 8 0.886095762253
33 38 0 8 0.885714709759
56 59 0 8 0.882543504238
27 31 0 8 0.882375538349
45 51 0 8 0.882174015045
23 27 0 8 0.874922037125
26 30 0 8 0.872687220573
25 28 0 8 0.869950652122
28 33 0 8 0.865874230862
54 61 0 8 0.864527583122
34 38 0 8 0.863860011101
2 4 0 8 0.860080838203
56 58 0 8 0.859138250351
54 63 0 8 0.857063174248
54 56 0 8 0.856438815594
16 22 0 8 0.855609297752
47 49 0 8 0.854322373867
24 42 0 8 0.850492298603
63 65 0 8 0.850302755833
53 64 0 8 0.849141061306
53 63 0 8 0.843780040741
30 32 0 8 0.843518435955
65 67 0 8 0.835006713867
53 61 0 8 0.833780169487
24 38 0 8 0.832243621349
46 50 0 8 0.831810355186
12 27 0 8 0.831148505211
66 68 0 8 0.827862620354
4 6 0 8 0.827306628227
25 29 0 8 0.825522482395
56 60 0 8 0.820628702641
45 49 0 8 0.815271794796
70 72 0 8 0.815144836903
56 61 0 8 0.812696158886
24 39 0 8 0.810913920403
52 64 0 8 0.809525847435
29 32 0 8 0.805785298347
49 51 0 8 0.805714607239
69 71 0 8 0.804816961288
52 63 0 8 0.804645001888
22 24 0 8 0.792449712753
9 45 0 8 0.792403519154
21 23 0 8 0.790154159069
55 59 0 8 0.786358356476
18 20 0 8 0.78147405386
22 27 0 8 0.779126763344
1 3 0 8 0.77795034647
51 64 0 8 0.776622891426
20 22 0 8 0.770958602428
58 60 0 8 0.768717944622
6 10 0 8 0.763790071011
12 42 0 8 0.763059556484
3 5 0 8 0.761877417564
46 51 0 8 0.759535014629
5 8 0 8 0.75950717926
17 21 0 8 0.758170068264
65 68 0 8 0.756926119328
6 9 0 8 0.746452748775
23 61 0 8 0.737370669842
56 62 0 8 0.73474407196
28 32 0 8 0.730410456657
52 54 0 8 0.727432668209
50 52 0 8 0.722270846367
68 70 0 8 0.714689731598
55 60 0 8 0.705313503742
60 62 0 8 0.697259604931
5 9 0 8 0.694130659103
13 51 0 8 0.693486511707
13 45 0 8 0.693351686001
22 26 0 8 0.685468375683
13 50 0 8 0.683457970619
17 22 0 8 0.679340600967
67 69 0 8 0.664417386055
52 65 0 8 0.658969938755
24 61 0 8 0.650250077248
15 27 0 8 0.649731278419
8 33 0 8 0.646851181984
55 57 0 8 0.644854664803
22 61 0 8 0.644833743572
16 51 0 8 0.643691062927
32 34 0 8 0.643275797367
28 35 0 8 0.640638530254
33 35 0 8 0.637028932571
54 64 0 8 0.634613871574
21 52 0 8 0.632863342762
21 61 0 8 0.63045912981
33 37 0 8 0.630120098591
16 64 0 8 0.626347184181
51 63 0 8 0.625536620617
24 62 0 8 0.62382119894
51 66 0 8 0.619805395603
50 66 0 8 0.618880271912
20 63 0 8 0.61255800724
21 62 0 8 0.609258890152
22 62 0 8 0.603783071041
51 65 0 8 0.583721637726
4 7 0 8 0.583456158638
50 64 0 8 0.578966856003
12 31 0 8 0.576941728592
9 41 0 8 0.576170265675
57 60 0 8 0.575949907303
42 51 0 8 0.57592689991
4 8 0 8 0.571216642857
64 66 0 8 0.57017326355
64 68 0 8 0.566605985165
28 34 0 8 0.56138843298
46 52 0 8 0.55817592144
11 31 0 8 0.55642336607
45 52 0 8 0.553083598614
53 65 0 8 0.546943247318
42 62 0 8 0.54182779789
8 41 0 8 0.512413203716
20 64 0 8 0.511526823044
13 22 0 8 0.508196949959
17 63 0 8 0.497134804726
42 53 0 8 0.48941013217
24 60 0 8 0.483521193266
24 59 0 8 0.479513704777
12 41 0 8 0.475623607635
12 45 0 8 0.458197325468
52 62 0 8 0.446109384298
2 5 0 8 0.442792743444
19 46 0 8 0.433216571808
27 38 0 8 0.425024181604
3 6 0 8 0.420908808708
11 30 0 8 0.417167067528
21 63 0 8 0.415515959263
29 33 0 8 0.40861749649
23 62 0 8 0.399196058512
64 69 0 8 0.393276929855
33 41 0 8 0.383864223957
12 51 0 8 0.376067072153
9 24 0 8 0.374811857939
25 35 0 8 0.371701538563
16 42 0 8 0.369428306818
50 65 0 8 0.365909606218
2 6 0 8 0.354070872068
24 55 0 8 0.35113671422
39 62 0 8 0.350316226482
16 53 0 8 0.348829418421
27 42 0 8 0.34747132659
28 38 0 8 0.341829895973
9 42 0 8 0.340573370457
1 5 0 8 0.338764935732
31 38 0 8 0.335925549269
13 52 0 8 0.334769815207
15 30 0 8 0.32739430666
42 52 0 8 0.32555475831
24 35 0 8 0.322223961353
3 7 0 8 0.32167378068
12 61 0 8 0.320516467094
27 33 0 8 0.316546469927
50 67 0 8 0.314731359482
22 63 0 8 0.313335329294
16 27 0 8 0.3114387393
23 60 0 8 0.310251057148
12 62 0 8 0.307997465134
13 24 0 8 0.306960701942
31 41 0 8 0.298858642578
22 64 0 8 0.291570305824
5 41 0 8 0.290632009506
12 63 0 8 0.287120491266
16 61 0 8 0.267859786749
21 64 0 8 0.267692416906
22 55 0 8 0.267053842545
16 62 0 8 0.266683518887
42 61 0 8 0.26655998826
46 61 0 8 0.264618605375
16 23 0 8 0.26297044754
54 60 0 8 0.258511126041
23 55 0 8 0.256579607725
22 25 0 8 0.25458547473
1 4 0 8 0.249450519681
67 70 0 8 0.247463911772
39 53 0 8 0.246504276991
49 65 0 8 0.24565897882
69 72 0 8 0.244632199407
9 50 0 8 0.2420142591
51 68 0 8 0.239743098617
45 53 0 8 0.238838523626
16 55 0 8 0.237500548363
9 51 0 8 0.228039622307
39 55 0 8 0.227782279253
12 53 0 8 0.225040987134
49 66 0 8 0.218283429742
13 27 0 8 0.216603040695
65 69 0 8 0.216193109751
25 60 0 8 0.212613746524
12 64 0 8 0.205307066441
68 72 0 8 0.202756389976
8 54 0 8 0.198933154345
31 61 0 8 0.195446118712
8 38 0 8 0.194495394826
9 28 0 8 0.192789241672
19 30 0 8 0.192124724388
12 38 0 8 0.191313743591
68 71 0 8 0.187551364303
31 42 0 8 0.187102526426
24 45 0 8 0.18623636663
41 53 0 8 0.1849783957
42 55 0 8 0.182810887694
17 24 0 8 0.181637376547
51 62 0 8 0.180167213082
20 68 0 8 0.179291754961
57 62 0 8 0.178045332432
16 52 0 8 0.177883073688
50 68 0 8 0.177395254374
13 23 0 8 0.174990057945
16 45 0 8 0.173275336623
51 69 0 8 0.16866402328
21 24 0 8 0.168508723378
15 21 0 8 0.167421117425
51 67 0 8 0.166923090816
22 39 0 8 0.165776222944
35 59 0 8 0.165260896087
15 22 0 8 0.164869531989
21 60 0 8 0.164670974016
41 68 0 8 0.164451926947
66 69 0 8 0.163777947426
31 62 0 8 0.162494406104
39 59 0 8 0.162241756916
44 50 0 8 0.161778226495
22 54 0 8 0.160864442587
55 63 0 8 0.160637512803
9 52 0 8 0.160032391548
45 64 0 8 0.155513092875
19 65 0 8 0.151963099837
21 54 0 8 0.151608854532
67 71 0 8 0.151318430901
39 61 0 8 0.150906726718
48 51 0 8 0.150789603591
5 37 0 8 0.150281250477
42 54 0 8 0.149809002876
21 55 0 8 0.149692848325
52 67 0 8 0.149293020368
59 62 0 8 0.144476071
24 53 0 8 0.143853738904
39 54 0 8 0.143430680037
25 41 0 8 0.141903951764
46 65 0 8 0.140077888966
33 39 0 8 0.139672398567
63 68 0 8 0.139083981514
46 53 0 8 0.138682156801
55 58 0 8 0.138111174107
21 69 0 8 0.137254625559
52 66 0 8 0.136015415192
19 22 0 8 0.135731458664
49 52 0 8 0.135081082582
20 23 0 8 0.133388027549
13 64 0 8 0.133205786347
24 56 0 8 0.132428020239
54 65 0 8 0.131725698709
21 53 0 8 0.131694719195
13 53 0 8 0.131271854043
48 65 0 8 0.130100667477
27 55 0 8 0.129756450653
29 35 0 8 0.129642829299
22 42 0 8 0.128811851144
8 61 0 8 0.127772539854
20 65 0 8 0.12725019455
39 64 0 8 0.127034291625
66 70 0 8 0.126878678799
23 64 0 8 0.126727685332
43 70 0 8 0.126345232129
17 35 0 8 0.125989347696
49 67 0 8 0.125858068466
31 63 0 8 0.123257376254
11 27 0 8 0.122563034296
16 24 0 8 0.122208878398
13 28 0 8 0.12079898268
21 65 0 8 0.119969435036
22 53 0 8 0.11970218271
64 67 0 8 0.118586853147
24 52 0 8 0.118047371507
38 61 0 8 0.117410033941
24 63 0 8 0.117136351764
56 63 0 8 0.117125742137
13 42 0 8 0.115851201117
27 39 0 8 0.115789912641
31 39 0 8 0.115072079003
12 24 0 8 0.11374001205
9 31 0 8 0.113560423255
5 33 0 8 0.113517507911
25 38 0 8 0.113188631833
24 54 0 8 0.112737134099
52 61 0 8 0.112467564642
57 61 0 8 0.112044200301
20 25 0 8 0.11103246361
9 27 0 8 0.110643520951
30 38 0 8 0.109741993248
42 64 0 8 0.108612529933
9 39 0 8 0.108259640634
29 34 0 8 0.10738272965
9 53 0 8 0.106710933149
17 23 0 8 0.106271147728
13 38 0 8 0.10597333312
31 64 0 8 0.105674721301
47 50 0 8 0.105041198432
28 45 0 8 0.104552544653
24 65 0 8 0.104212351143
42 63 0 8 0.103592768312
9 54 0 8 0.103009052575
9 61 0 8 0.102609552443
12 52 0 8 0.102605730295
8 53 0 8 0.102229826152
30 33 0 8 0.102134153247
8 27 0 8 0.102118760347
52 68 0 8 0.10162640363
13 31 0 8 0.101016506553
21 25 0 8 0.100768327713
9 62 0 8 0.100594326854
23 28 0 8 0.0999183356762
52 69 0 8 0.0974438115954
8 65 0 8 0.0971888452768
24 64 0 8 0.0964155644178
50 63 0 8 0.0962012559175
23 35 0 8 0.0960021466017
28 42 0 8 0.0949960798025
15 64 0 8 0.0945706740022
5 38 0 8 0.0942881405354
8 60 0 8 0.0940290465951
25 59 0 8 0.0934400483966
23 54 0 8 0.0931641608477
8 59 0 8 0.0925818309188
21 51 0 8 0.0915919020772
9 64 0 8 0.0913147777319
8 62 0 8 0.0911887437105
1 6 0 8 0.0906171798706
9 44 0 8 0.090431958437
63 69 0 8 0.0896787643433
27 41 0 8 0.0894258245826
41 52 0 8 0.0893407091498
65 71 0 8 0.0893271937966
9 33 0 8 0.0887778103352
5 34 0 8 0.0881138443947
20 53 0 8 0.0878733843565
23 42 0 8 0.0871738642454
22 51 0 8 0.0871710479259
33 42 0 8 0.086876757443
20 52 0 8 0.0867435112596
16 63 0 8 0.0865678936243
53 60 0 8 0.0861814543605
25 34 0 8 0.0860117226839
22 38 0 8 0.0859754234552
54 59 0 8 0.0841421037912
49 68 0 8 0.0834470465779
13 54 0 8 0.0832228139043
46 64 0 8 0.0824140310287
63 66 0 8 0.0823443010449
38 62 0 8 0.0822493955493
15 61 0 8 0.0821010172367
20 66 0 8 0.0819966197014
16 54 0 8 0.0816792622209
43 53 0 8 0.0815987288952
55 64 0 8 0.0815051421523
31 69 0 8 0.0806071683764
38 55 0 8 0.0805410221219
51 54 0 8 0.0804343447089
28 64 0 8 0.0804004892707
47 51 0 8 0.0800728723407
25 39 0 8 0.079736545682
21 59 0 8 0.0796585902572
63 70 0 8 0.0770123451948
12 28 0 8 0.0769899263978
24 69 0 8 0.0760265290737
32 38 0 8 0.0759924724698
35 60 0 8 0.0752639994025
32 37 0 8 0.0750660002232
8 64 0 8 0.0749292597175
19 61 0 8 0.0749276950955
13 62 0 8 0.0746246799827
20 51 0 8 0.0745615512133
62 70 0 8 0.0730636566877
41 51 0 8 0.0728886574507
46 63 0 8 0.0716008022428
35 58 0 8 0.0710292607546
38 54 0 8 0.0709419324994
20 62 0 8 0.0708850845695
15 55 0 8 0.0706010386348
26 41 0 8 0.0702426955104
23 63 0 8 0.0697742775083
24 33 0 8 0.0697465240955
18 66 0 8 0.069681443274
38 64 0 8 0.0692237764597
29 38 0 8 0.0683463588357
20 35 0 8 0.0682874023914
15 20 0 8 0.0675326809287
48 66 0 8 0.0665018111467
2 7 0 8 0.065783880651
31 55 0 8 0.0653018727899
50 69 0 8 0.0650085583329
12 55 0 8 0.0648732632399
8 45 0 8 0.0647819563746
20 56 0 8 0.0644046291709
17 66 0 8 0.0637966245413
18 21 0 8 0.0636239424348
61 64 0 8 0.0636013373733
20 24 0 8 0.0634032711387
31 37 0 8 0.0632085353136
45 54 0 8 0.0631168484688
20 61 0 8 0.0626326873899
58 61 0 8 0.0626232549548
12 33 0 8 0.0624403692782
13 39 0 8 0.0623884126544
8 32 0 8 0.0622795000672
22 60 0 8 0.0622176043689
47 66 0 8 0.0619494020939
35 61 0 8 0.061831574887
25 57 0 8 0.0610554181039
33 61 0 8 0.0608252733946
11 61 0 8 0.0607035271823
15 53 0 8 0.0604751035571
25 61 0 8 0.060090046376
12 54 0 8 0.0598091557622
27 61 0 8 0.0596407204866
35 57 0 8 0.0593846030533
47 52 0 8 0.0588554255664
27 53 0 8 0.0588400959969
8 51 0 8 0.0586862713099
12 30 0 8 0.058563247323
23 59 0 8 0.0583704188466
28 37 0 8 0.0574844293296
3 8 0 8 0.0566363222897
28 39 0 8 0.0565754361451
8 37 0 8 0.0564332865179
50 70 0 8 0.0564122125506
22 30 0 8 0.0562836900353
8 28 0 8 0.0561546981335
33 64 0 8 0.0560546368361
29 64 0 8 0.0559117756784
35 62 0 8 0.0557830557227
22 65 0 8 0.0557116307318
31 65 0 8 0.0556874535978
27 45 0 8 0.0547461844981
27 64 0 8 0.0538862682879
10 50 0 8 0.0537528395653
18 22 0 8 0.0537488125265
21 38 0 8 0.0536252111197
4 9 0 8 0.0533821582794
48 52 0 8 0.0533040091395
27 54 0 8 0.0531542263925
15 63 0 8 0.0527141615748
28 65 0 8 0.0525518171489
61 69 0 8 0.0517883747816
63 67 0 8 0.0516787692904
5 10 0 8 0.0511049292982
19 42 0 8 0.0509469434619
63 71 0 8 0.0509094782174
24 51 0 8 0.0504617318511
13 21 0 8 0.0494992285967
44 51 0 8 0.0494524724782
39 56 0 8 0.0492603443563
46 69 0 8 0.0491782128811
8 55 0 8 0.049178045243
67 72 0 8 0.049176774919
28 61 0 8 0.049173746258
27 62 0 8 0.0486088506877
13 61 0 8 0.0485170297325
23 53 0 8 0.0484220720828
12 22 0 8 0.0481072515249
20 57 0 8 0.0474932380021
9 63 0 8 0.047445628792
33 55 0 8 0.0474355556071
53 66 0 8 0.0471051186323
31 54 0 8 0.0464772805572
21 42 0 8 0.0464328154922
33 62 0 8 0.046218149364
13 63 0 8 0.0459262020886
22 45 0 8 0.045887272805
45 65 0 8 0.0456880293787
21 45 0 8 0.0455669872463
7 33 0 8 0.0455452390015
9 69 0 8 0.0451418012381
64 71 0 8 0.0451231077313
24 31 0 8 0.044939480722
39 63 0 8 0.0447930395603
38 59 0 8 0.0445067472756
25 58 0 8 0.0445011779666
65 70 0 8 0.0444557443261
49 64 0 8 0.0444261692464
12 65 0 8 0.0444116257131
9 65 0 8 0.0443299748003
27 35 0 8 0.0442999340594
41 61 0 8 0.0436997786164
38 63 0 8 0.0436430722475
8 42 0 8 0.0433723367751
8 30 0 8 0.0431832447648
41 64 0 8 0.0431375280023
28 41 0 8 0.0431278347969
5 31 0 8 0.042699970305
12 23 0 8 0.0426174625754
43 55 0 8 0.042583681643
20 67 0 8 0.042530298233
6 50 0 8 0.0423174016178
6 66 0 8 0.0421969033778
28 56 0 8 0.0421702601016
13 55 0 8 0.0421150326729
38 56 0 8 0.0420870184898
58 62 0 8 0.0420313701034
19 44 0 8 0.0419065468013
42 59 0 8 0.0417629443109
45 55 0 8 0.0415308848023
44 49 0 8 0.0407208837569
5 44 0 8 0.0405753366649
31 34 0 8 0.0405554398894
43 52 0 8 0.0405224189162
53 56 0 8 0.0404819734395
19 66 0 8 0.0403533056378
4 51 0 8 0.0400744639337
35 56 0 8 0.0397466123104
9 38 0 8 0.0396841429174
19 64 0 8 0.0396554991603
9 32 0 8 0.039618242532
33 36 0 8 0.0394470579922
62 69 0 8 0.0393309779465
27 65 0 8 0.0391507335007
46 66 0 8 0.0390973128378
8 50 0 8 0.0390556231141
10 61 0 8 0.0389243848622
54 58 0 8 0.0381305366755
62 68 0 8 0.0379580371082
64 70 0 8 0.0375840514898
5 45 0 8 0.0374135114253
25 65 0 8 0.0372121371329
12 39 0 8 0.0368993133307
36 57 0 8 0.0367850512266
26 38 0 8 0.0367688164115
23 45 0 8 0.0366958342493
24 57 0 8 0.0366657599807
66 71 0 8 0.036458093673
34 57 0 8 0.0363068394363
27 59 0 8 0.0353734344244
53 59 0 8 0.035330042243
35 69 0 8 0.0349056497216
31 53 0 8 0.0346614941955
5 50 0 8 0.0346439555287
11 60 0 8 0.0343624614179
27 63 0 8 0.0342877730727
23 50 0 8 0.0340649336576
23 38 0 8 0.0340309813619
41 56 0 8 0.0339081399143
13 25 0 8 0.0336947478354
46 71 0 8 0.0335247255862
22 52 0 8 0.033464115113
2 8 0 8 0.0332870446146
31 35 0 8 0.0331719852984
12 59 0 8 0.032918907702
25 56 0 8 0.0326905883849
9 60 0 8 0.0324793457985
32 36 0 8 0.0321481078863
9 59 0 8 0.0320242382586
5 51 0 8 0.0319411866367
26 60 0 8 0.0316261686385
35 63 0 8 0.0315672382712
19 48 0 8 0.0314772166312
6 11 0 8 0.031361233443
30 41 0 8 0.0312581956387
24 41 0 8 0.0307874716818
8 58 0 8 0.0306113697588
23 51 0 8 0.0305829178542
12 60 0 8 0.0305263847113
9 55 0 8 0.03041257523
17 67 0 8 0.0303125027567
46 68 0 8 0.0302604697645
8 63 0 8 0.0301952976733
31 59 0 8 0.0300487466156
39 60 0 8 0.0296463370323
63 72 0 8 0.0294713880867
25 62 0 8 0.0292889848351
24 58 0 8 0.029278723523
15 45 0 8 0.0292522273958
28 55 0 8 0.0291992090642
21 50 0 8 0.0291296578944
57 63 0 8 0.028936387971
13 65 0 8 0.0289324019104
15 51 0 8 0.0289131700993
37 65 0 8 0.0288180913776
19 63 0 8 0.0287096183747
15 62 0 8 0.028674043715
14 50 0 8 0.0286643635482
30 37 0 8 0.0285881627351
23 69 0 8 0.0285548046231
27 32 0 8 0.0283648297191
8 24 0 8 0.0281532816589
25 63 0 8 0.028068440035
51 71 0 8 0.0279480125755
20 59 0 8 0.027796221897
25 30 0 8 0.0277371425182
19 23 0 8 0.0275124814361
21 56 0 8 0.0275077037513
31 68 0 8 0.0273533202708
5 32 0 8 0.0271665081382
50 54 0 8 0.026861358434
61 68 0 8 0.0268301088363
16 38 0 8 0.0267319511622
32 35 0 8 0.0266480166465
41 55 0 8 0.0265945028514
9 56 0 8 0.026414854452
27 68 0 8 0.0263876151294
66 72 0 8 0.0263282898813
43 51 0 8 0.026291385293
19 68 0 8 0.0262383837253
62 71 0 8 0.0262075494975
21 27 0 8 0.0261932425201
4 50 0 8 0.026166902855
41 62 0 8 0.0261094737798
15 52 0 8 0.0260558016598
30 34 0 8 0.0260264668614
5 66 0 8 0.0260144192725
17 48 0 8 0.0259620118886
28 63 0 8 0.025955574587
19 45 0 8 0.025898559019
64 72 0 8 0.0258973501623
16 65 0 8 0.0258845780045
22 50 0 8 0.0258015077561
33 59 0 8 0.0257489774376
46 54 0 8 0.0254697799683
9 66 0 8 0.0251282602549
9 35 0 8 0.0250237584114
3 11 0 8 0.0249746758491
32 60 0 8 0.0249353833497
24 29 0 8 0.0248871780932
31 56 0 8 0.024680621922
28 54 0 8 0.0246746018529
35 55 0 8 0.0245472807437
11 62 0 8 0.0245062112808
12 56 0 8 0.0244960002601
45 69 0 8 0.0244912933558
15 24 0 8 0.0243050642312
60 63 0 8 0.0241909343749
46 55 0 8 0.0241094231606
25 42 0 8 0.0239231903106
21 39 0 8 0.0236731655896
19 57 0 8 0.0235378481448
29 66 0 8 0.0233561582863
28 53 0 8 0.0233463663608
65 72 0 8 0.0233447887003
33 63 0 8 0.0231427531689
12 21 0 8 0.0231396313757
41 54 0 8 0.0230088196695
15 42 0 8 0.0229924898595
21 26 0 8 0.0227388497442
1 7 0 8 0.0227293837816
48 68 0 8 0.0227113794535
22 69 0 8 0.022533075884
2 11 0 8 0.0223819948733
5 55 0 8 0.0222982876003
26 35 0 8 0.0222359579057
30 63 0 8 0.0222232658416
28 69 0 8 0.0220472551882
13 33 0 8 0.0220079012215
20 55 0 8 0.0219471231103
18 51 0 8 0.0219099055976
14 24 0 8 0.0219020769
56 64 0 8 0.0218993648887
8 56 0 8 0.0218930765986
19 53 0 8 0.0218724831939
28 52 0 8 0.0217441543937
5 60 0 8 0.0216682218015
36 55 0 8 0.0216455757618
8 66 0 8 0.0216408111155
21 57 0 8 0.0215541254729
32 41 0 8 0.0215307027102
15 54 0 8 0.0215174406767
27 66 0 8 0.0214961059391
39 57 0 8 0.0214909724891
5 43 0 8 0.0214568562806
19 52 0 8 0.0214405618608
13 69 0 8 0.0213989187032
33 60 0 8 0.0213562324643
12 26 0 8 0.0212984606624
11 41 0 8 0.0212618540972
34 39 0 8 0.0212555732578
23 58 0 8 0.0211885292083
7 31 0 8 0.0211752131581
21 68 0 8 0.0210759844631
32 61 0 8 0.0210731066763
41 65 0 8 0.0210628304631
5 54 0 8 0.0209794025868
17 50 0 8 0.0209576357156
35 68 0 8 0.0209532529116
7 60 0 8 0.0207932498306
13 30 0 8 0.0206754151732
11 66 0 8 0.020674135536
28 62 0 8 0.0206539686769
26 31 0 8 0.0206414479762
19 55 0 8 0.0205920264125
35 53 0 8 0.0205873157829
26 57 0 8 0.0205760393292
27 69 0 8 0.0205653756857
54 67 0 8 0.0205347593874
54 69 0 8 0.0204881485552
47 64 0 8 0.0204731635749
51 70 0 8 0.0203576628119
17 51 0 8 0.0203453991562
5 52 0 8 0.0203256625682
54 57 0 8 0.0203254688531
16 50 0 8 0.0203173086047
29 39 0 8 0.0202284436673
4 38 0 8 0.0202131308615
14 30 0 8 0.0201925113797
13 59 0 8 0.0201911237091
50 71 0 8 0.0201761815697
5 57 0 8 0.0201692655683
22 31 0 8 0.020149404183
62 72 0 8 0.0201296713203
12 69 0 8 0.0200226269662
6 61 0 8 0.0199428424239
16 66 0 8 0.0199134685099
9 58 0 8 0.0198779404163
16 39 0 8 0.0196731984615
10 33 0 8 0.0195132847875
58 63 0 8 0.019479053095
8 57 0 8 0.019453054294
17 64 0 8 0.0193936694413
20 50 0 8 0.0193673931062
8 71 0 8 0.0193394962698
8 69 0 8 0.019339138642
38 53 0 8 0.0191854275763
5 59 0 8 0.0191623587161
44 66 0 8 0.0191393829882
48 64 0 8 0.0191237237304
11 50 0 8 0.0190989617258
24 46 0 8 0.019076179713
7 59 0 8 0.0190722253174
9 25 0 8 0.0190658904612
48 53 0 8 0.0190370753407
5 70 0 8 0.0190025772899
8 46 0 8 0.019001012668
20 58 0 8 0.0189849175513
23 48 0 8 0.0189701858908
13 41 0 8 0.0189679935575
38 65 0 8 0.0189662724733
17 46 0 8 0.018953891471
9 30 0 8 0.0189062692225
38 67 0 8 0.0188980679959
1 8 0 8 0.0188322626054
35 64 0 8 0.0188139919192
31 36 0 8 0.0187927242368
49 69 0 8 0.0187842138112
32 62 0 8 0.0186779610813
25 52 0 8 0.018673542887
22 41 0 8 0.018659606576
39 69 0 8 0.0186089351773
24 68 0 8 0.0186062566936
19 67 0 8 0.0185992233455
61 70 0 8 0.0185309909284
32 65 0 8 0.0185301844031
52 60 0 8 0.0184680297971
50 53 0 8 0.0184678211808
43 62 0 8 0.0184624642134
25 68 0 8 0.0184411201626
22 33 0 8 0.0184391904622
24 50 0 8 0.0183693021536
5 56 0 8 0.0183547642082
3 9 0 8 0.0183256100863
9 29 0 8 0.0183168444782
19 43 0 8 0.0182656291872
20 46 0 8 0.0182622596622
25 45 0 8 0.0182600170374
42 50 0 8 0.0182423014194
23 66 0 8 0.0182109270245
17 65 0 8 0.0181940775365
13 43 0 8 0.0181883648038
24 66 0 8 0.0181792173535
16 46 0 8 0.0181696880609
26 66 0 8 0.0180940274149
30 60 0 8 0.0180782768875
53 68 0 8 0.0180751923472
44 52 0 8 0.0179581083357
8 68 0 8 0.0179236400872
16 31 0 8 0.0178961716592
16 69 0 8 0.0178578421474
32 63 0 8 0.0178063474596
12 50 0 8 0.0177562553436
26 68 0 8 0.017745539546
22 35 0 8 0.0177332349122
5 53 0 8 0.0177017897367
23 57 0 8 0.0177007298917
38 57 0 8 0.0176950078458
17 52 0 8 0.0175747089088
20 45 0 8 0.0175496656448
34 68 0 8 0.0175078194588
4 10 0 8 0.0174647197127
32 66 0 8 0.0174314398319
13 48 0 8 0.0174245070666
26 65 0 8 0.017367394641
33 69 0 8 0.0173385702074
43 54 0 8 0.0173315033317
51 72 0 8 0.0173102561384
15 31 0 8 0.0171578992158
35 51 0 8 0.0171354785562
25 53 0 8 0.0171235073358
17 42 0 8 0.0171218551695
16 25 0 8 0.0170636381954
21 35 0 8 0.0170567296445
6 59 0 8 0.0170539002866
25 66 0 8 0.017037872225
42 60 0 8 0.0170118119568
21 58 0 8 0.016987953335
45 63 0 8 0.016984840855
6 57 0 8 0.0169833600521
47 65 0 8 0.0169741120189
6 51 0 8 0.0169609412551
5 58 0 8 0.0168734062463
19 54 0 8 0.01684365049
48 71 0 8 0.0168166197836
30 35 0 8 0.0167576540262
29 42 0 8 0.0167252756655
35 40 0 8 0.0166739113629
5 46 0 8 0.0166170522571
22 66 0 8 0.0166169963777
16 41 0 8 0.0165799092501
40 63 0 8 0.0165780577809
23 71 0 8 0.0165741406381
41 63 0 8 0.0165728572756
4 60 0 8 0.0165625102818
43 68 0 8 0.0165266953409
4 57 0 8 0.0165101271123
19 50 0 8 0.0164586473256
6 31 0 8 0.016451254487
8 13 0 8 0.0164416898042
26 63 0 8 0.0163740012795
20 41 0 8 0.0163631141186
11 51 0 8 0.0163527708501
9 68 0 8 0.0163165163249
10 51 0 8 0.0163041371852
25 33 0 8 0.0162806157023
8 52 0 8 0.0162758864462
13 35 0 8 0.0162512771785
7 54 0 8 0.0162069611251
30 64 0 8 0.0161806158721
20 42 0 8 0.0161369517446
17 45 0 8 0.0160903986543
40 53 0 8 0.0160766262561
22 59 0 8 0.0160754062235
19 38 0 8 0.0160748325288
38 69 0 8 0.0160640366375
31 60 0 8 0.0160256437957
7 55 0 8 0.0160180367529
9 46 0 8 0.0160121377558
49 63 0 8 0.0159950386733
49 71 0 8 0.0159506611526
11 29 0 8 0.0159391909838
62 65 0 8 0.0159364417195
9 57 0 8 0.0159268788993
20 27 0 8 0.0158814061433
24 37 0 8 0.0158806461841
9 43 0 8 0.0158615410328
52 71 0 8 0.0158336162567
26 64 0 8 0.0157776065171
24 36 0 8 0.0157572869211
13 60 0 8 0.0157398208976
12 25 0 8 0.0156923104078
34 58 0 8 0.0156794637442
42 56 0 8 0.0156520511955
7 12 0 8 0.0156388543546
4 32 0 8 0.0155436042696
17 25 0 8 0.0155309429392
25 64 0 8 0.0155258104205
34 59 0 8 0.0155154205859
20 60 0 8 0.0154984742403
23 65 0 8 0.0154952211305
10 42 0 8 0.0154708782211
27 34 0 8 0.0154576664791
43 49 0 8 0.0154455006123
52 56 0 8 0.0154337370768
19 56 0 8 0.0154318539426
23 31 0 8 0.0154219157994
11 65 0 8 0.0154020031914
27 60 0 8 0.0153857925907
10 31 0 8 0.0153850847855
2 51 0 8 0.0153718432412
20 49 0 8 0.0153658613563
46 62 0 8 0.0153609486297
18 50 0 8 0.0153481382877
5 47 0 8 0.0153377205133
28 59 0 8 0.0153363021091
15 23 0 8 0.0153140826151
26 56 0 8 0.0152881536633
1 9 0 8 0.015242501162
24 48 0 8 0.0152277285233
28 58 0 8 0.0151938078925
39 71 0 8 0.0151753388345
49 70 0 8 0.0151481823996
52 55 0 8 0.0151264090091
10 59 0 8 0.0151227787137
5 49 0 8 0.0151001755148
8 35 0 8 0.0150942346081
35 65 0 8 0.015081054531
52 70 0 8 0.0150635419413
2 9 0 8 0.0150566454977
46 70 0 8 0.0150171034038
5 68 0 8 0.0149870375171
4 59 0 8 0.0149701945484
5 65 0 8 0.0149659691378
17 49 0 8 0.0149590475485
18 23 0 8 0.0149211799726
25 31 0 8 0.0149166667834
50 72 0 8 0.0149115389213
33 54 0 8 0.0149103691801
29 37 0 8 0.0148867284879
29 65 0 8 0.0148860998452
40 56 0 8 0.0148407714441
47 53 0 8 0.014837753959
4 58 0 8 0.0148057034239
22 46 0 8 0.0147943291813
23 44 0 8 0.0147831914946
39 58 0 8 0.0147350504994
6 58 0 8 0.0147192887962
13 49 0 8 0.0147045804188
20 54 0 8 0.0146589018404
45 62 0 8 0.0145811531693
43 50 0 8 0.0145770842209
5 61 0 8 0.0145732145756
23 46 0 8 0.0145562700927
38 60 0 8 0.0145430397242
15 60 0 8 0.0145348962396
18 55 0 8 0.0145137449726
25 71 0 8 0.0144788054749
11 64 0 8 0.0144597738981
14 51 0 8 0.0144492173567
16 26 0 8 0.0144403381273
11 68 0 8 0.0144243994728
5 48 0 8 0.0144218849018
15 50 0 8 0.0144032705575
10 53 0 8 0.0143936080858
28 36 0 8 0.0143796931952
42 69 0 8 0.0143608096987
43 61 0 8 0.0143002243713
5 62 0 8 0.014264411293
19 26 0 8 0.0142578948289
32 57 0 8 0.0142506659031
41 57 0 8 0.0142459906638
44 53 0 8 0.0142160831019
19 51 0 8 0.0142160765827
12 68 0 8 0.0142121072859
25 36 0 8 0.0142056085169
6 65 0 8 0.0142041128129
8 39 0 8 0.0141800092533
7 58 0 8 0.0141564859077
20 70 0 8 0.0141411079094
29 68 0 8 0.0141354389489
30 66 0 8 0.0141098387539
4 66 0 8 0.0141025902703
29 41 0 8 0.0140916090459
6 60 0 8 0.0140697639436
29 69 0 8 0.0140610681847
27 51 0 8 0.0140571231022
15 69 0 8 0.0140194501728
4 11 0 8 0.0140061546117
7 66 0 8 0.0139914052561
21 71 0 8 0.0139909442514
17 68 0 8 0.0139809893444
42 65 0 8 0.0139306867495
13 26 0 8 0.0139133064076
27 56 0 8 0.0139051312581
11 59 0 8 0.0138930995017
27 44 0 8 0.0138895465061
24 44 0 8 0.0138880638406
59 63 0 8 0.0138828149065
36 56 0 8 0.0138768749312
8 67 0 8 0.0138700380921
56 65 0 8 0.0138699728996
35 70 0 8 0.0138376355171
41 59 0 8 0.0138346292078
21 66 0 8 0.0138276237994
3 10 0 8 0.0138226114213
28 57 0 8 0.0137943588197
31 71 0 8 0.0137748401612
7 41 0 8 0.0137182995677
37 58 0 8 0.0136888213456
30 71 0 8 0.0136448936537
7 51 0 8 0.0136209381744
12 57 0 8 0.0136127462611
19 24 0 8 0.0135992951691
14 66 0 8 0.0135939233005
5 11 0 8 0.0135875623673
4 33 0 8 0.0135654537007
29 67 0 8 0.0135505190119
31 66 0 8 0.0135451341048
17 57 0 8 0.0135402223095
2 10 0 8 0.0135307041928
37 59 0 8 0.0135228903964
25 55 0 8 0.0134798754007
30 62 0 8 0.0134777445346
33 71 0 8 0.0134744606912
15 48 0 8 0.0134617006406
32 64 0 8 0.0134511291981
18 65 0 8 0.0134446267039
34 61 0 8 0.013442190364
24 40 0 8 0.0134385749698
30 69 0 8 0.0133850825951
24 49 0 8 0.0133814122528
24 71 0 8 0.0133803663775
49 72 0 8 0.0133705632761
3 50 0 8 0.0133325094357
25 43 0 8 0.0133307790384
21 43 0 8 0.0133255487308
16 44 0 8 0.0132993683219
6 56 0 8 0.0132826594636
17 44 0 8 0.0132497139275
5 63 0 8 0.0132446531206
25 67 0 8 0.0132326241583
15 41 0 8 0.0132139399648
4 52 0 8 0.013205729425
36 63 0 8 0.0131986215711
30 65 0 8 0.0131729235873
6 53 0 8 0.013171187602
26 58 0 8 0.0131573732942
26 67 0 8 0.0131404381245
36 60 0 8 0.0130870835856
42 68 0 8 0.0130720520392
34 63 0 8 0.0130677102134
28 60 0 8 0.0130609460175
5 42 0 8 0.0129998978227
32 40 0 8 0.0129522252828
23 39 0 8 0.0129286069423
48 67 0 8 0.0129156447947
16 59 0 8 0.0129059711471
51 55 0 8 0.0128776878119
23 33 0 8 0.0128478873521
4 35 0 8 0.0128385592252
1 51 0 8 0.0128253977746
17 47 0 8 0.0128162428737
26 39 0 8 0.0127948429435
15 56 0 8 0.0127532659099
18 49 0 8 0.0127214323729
8 49 0 8 0.0127192763612
25 69 0 8 0.0127185098827
6 71 0 8 0.0127168036997
47 54 0 8 0.0127118835226
40 55 0 8 0.012707629241
49 54 0 8 0.0127064026892
27 37 0 8 0.0127063496038
61 72 0 8 0.0126683013514
35 66 0 8 0.0126604186371
17 33 0 8 0.0126464134082
30 42 0 8 0.0126190548763
47 71 0 8 0.0126139456406
25 54 0 8 0.0126019660383
22 67 0 8 0.0125866439193
55 69 0 8 0.0125452224165
47 68 0 8 0.0125311175361
4 71 0 8 0.0125058535486
4 54 0 8 0.0124863479286
49 53 0 8 0.0124632325023
9 49 0 8 0.012454948388
43 69 0 8 0.0124349296093
36 67 0 8 0.0124162053689
55 68 0 8 0.0124044818804
1 35 0 8 0.0123993065208
23 70 0 8 0.0123889707029
19 62 0 8 0.0123721379787
45 68 0 8 0.0123692369089
13 56 0 8 0.0123632615432
10 28 0 8 0.012310128659
34 69 0 8 0.0123076997697
10 52 0 8 0.0123070040718
61 71 0 8 0.0123045928776
34 62 0 8 0.0122884642333
26 42 0 8 0.012271870859
6 54 0 8 0.0122620724142
21 41 0 8 0.012257469818
6 41 0 8 0.0122562581673
19 71 0 8 0.0122522870079
29 36 0 8 0.0122483568266
26 34 0 8 0.0122348079458
32 56 0 8 0.0121929552406
2 50 0 8 0.0121735017747
4 56 0 8 0.0121579430997
6 55 0 8 0.0120961572975
28 51 0 8 0.0120940543711
43 63 0 8 0.0120673533529
4 49 0 8 0.0120541201904
13 46 0 8 0.0120466779917
23 56 0 8 0.012024525553
24 34 0 8 0.0120203513652
37 63 0 8 0.0120118716732
5 67 0 8 0.0119968559593
19 49 0 8 0.0119821811095
6 32 0 8 0.0119645753875
60 72 0 8 0.0119567429647
42 70 0 8 0.0119478851557
43 64 0 8 0.0119387861341
11 71 0 8 0.0119011132047
4 34 0 8 0.0118892090395
38 58 0 8 0.0118555389345
7 56 0 8 0.0118343420327
36 66 0 8 0.0117819951847
31 72 0 8 0.0117276599631
7 68 0 8 0.0117268478498
20 31 0 8 0.0117067443207
54 68 0 8 0.0116842724383
2 57 0 8 0.0116840470582
21 33 0 8 0.0116559164599
34 54 0 8 0.0116526866332
3 51 0 8 0.0116340024397
7 61 0 8 0.0116096008569
48 69 0 8 0.0115635981783
36 61 0 8 0.0115487454459
5 64 0 8 0.0115205887705
20 38 0 8 0.0115150185302
4 55 0 8 0.0114970663562
32 70 0 8 0.0114778885618
23 72 0 8 0.0114747397602
23 37 0 8 0.0114727541804
55 65 0 8 0.0114724682644
6 64 0 8 0.0114420950413
51 61 0 8 0.0114191723987
29 55 0 8 0.0114190168679
41 60 0 8 0.0113936644047
3 58 0 8 0.011369349435
1 10 0 8 0.0113535113633
13 68 0 8 0.0113478815183
10 27 0 8 0.0113432668149
32 71 0 8 0.0113361878321
18 68 0 8 0.0112964212894
14 22 0 8 0.0112840840593
6 45 0 8 0.0112737771124
24 30 0 8 0.0112737677991
3 60 0 8 0.0112732835114
13 44 0 8 0.011261485517
26 52 0 8 0.0112404897809
20 48 0 8 0.0112358592451
36 58 0 8 0.0111741470173
25 44 0 8 0.0111518409103
3 57 0 8 0.0111467782408
60 64 0 8 0.0111304176971
28 66 0 8 0.0111107686535
40 59 0 8 0.011092050001
35 71 0 8 0.0110917566344
11 32 0 8 0.0110827749595
33 40 0 8 0.0110410805792
4 62 0 8 0.0110253049061
29 71 0 8 0.0109992912039
44 54 0 8 0.0109904874116
5 40 0 8 0.010987771675
2 58 0 8 0.0109550915658
10 71 0 8 0.0109521830454
6 62 0 8 0.0109429303557
1 50 0 8 0.0109348464757
25 46 0 8 0.0109338257462
29 63 0 8 0.0109334280714
40 57 0 8 0.0109293507412
25 50 0 8 0.0109284790233
2 35 0 8 0.0109178163111
11 53 0 8 0.0109157562256
22 68 0 8 0.0109147317708
53 67 0 8 0.0109046213329
25 32 0 8 0.0108779352158
10 68 0 8 0.0108742220327
36 62 0 8 0.0108372131363
34 67 0 8 0.0108253601938
62 66 0 8 0.0108060408384
28 43 0 8 0.0107895284891
37 55 0 8 0.0107776056975
14 23 0 8 0.0107358405367
53 57 0 8 0.0107324793935
2 60 0 8 0.0107315480709
23 52 0 8 0.0107278432697
18 45 0 8 0.0107006607577
26 37 0 8 0.0106988642365
4 12 0 8 0.0106988539919
31 57 0 8 0.0106791835278
13 66 0 8 0.0106616411358
31 40 0 8 0.0106390304863
15 68 0 8 0.0106294639409
22 28 0 8 0.0106120314449
52 72 0 8 0.0105796940625
10 30 0 8 0.010556214489
7 57 0 8 0.0105509571731
20 72 0 8 0.010545711033
40 60 0 8 0.0105229569599
7 53 0 8 0.010517870076
35 54 0 8 0.0105172246695
16 33 0 8 0.0105171697214
39 65 0 8 0.0105122830719
5 71 0 8 0.0104984687641
16 28 0 8 0.010496051982
36 59 0 8 0.0104465754703
24 32 0 8 0.0104362377897
9 71 0 8 0.0104341804981
35 52 0 8 0.010415497236
47 69 0 8 0.0104100778699
17 27 0 8 0.0104037281126
45 61 0 8 0.0103473104537
19 70 0 8 0.0103432387114
5 35 0 8 0.0103369578719
33 70 0 8 0.0103344032541
7 50 0 8 0.0103274649009
7 65 0 8 0.0103209121153
10 69 0 8 0.010303767398
20 69 0 8 0.0102813262492
46 72 0 8 0.0102748461068
17 43 0 8 0.0102722812444
32 69 0 8 0.0102574331686
21 46 0 8 0.0102510210127
15 65 0 8 0.0102412570268
18 42 0 8 0.0102341882885
4 61 0 8 0.0102300643921
37 60 0 8 0.0102211413905
23 43 0 8 0.0102122873068
30 39 0 8 0.0102001251653
34 70 0 8 0.0101935071871
38 68 0 8 0.0101878223941
22 71 0 8 0.010174962692
23 41 0 8 0.0100910291076
26 71 0 8 0.0100812790915
45 66 0 8 0.0100689278916
34 60 0 8 0.0100427968428
4 65 0 8 0.0100301001221
32 55 0 8 0.0100247887895
39 68 0 8 0.0100060002878
21 31 0 8 0.00996993575245
6 43 0 8 0.00995257869363
24 43 0 8 0.00995249301195
14 48 0 8 0.00995026249439
29 40 0 8 0.009935176
30 36 0 8 0.00992493703961
4 53 0 8 0.00992151722312
22 72 0 8 0.0099155139178
13 29 0 8 0.0099009424448
4 41 0 8 0.00982674211264
46 59 0 8 0.00979169644415
11 55 0 8 0.00978446751833
45 71 0 8 0.00974817480892
37 56 0 8 0.00973260216415
14 42 0 8 0.00971642881632
1 60 0 8 0.0097063453868
25 72 0 8 0.00969973858446
38 71 0 8 0.00969098042697
20 26 0 8 0.0096873100847
4 64 0 8 0.0096830567345
12 35 0 8 0.00967739708722
17 56 0 8 0.00967543292791
53 69 0 8 0.00967535935342
25 37 0 8 0.00966609828174
47 72 0 8 0.00965354032815
15 38 0 8 0.00963828898966
26 72 0 8 0.0096074193716
40 52 0 8 0.00959631893784
23 34 0 8 0.00958819221705
33 56 0 8 0.00957637093961
50 62 0 8 0.00956466421485
19 69 0 8 0.00956122297794
30 68 0 8 0.00955846067518
25 70 0 8 0.00955308135599
35 67 0 8 0.00954405684024
12 49 0 8 0.009536546655
18 57 0 8 0.00951847527176
15 46 0 8 0.00950693711638
39 51 0 8 0.00949063804001
22 34 0 8 0.00948930718005
6 67 0 8 0.00946898944676
30 72 0 8 0.00946535449475
3 34 0 8 0.00944611802697
47 67 0 8 0.00944083742797
23 67 0 8 0.00943024363369
32 39 0 8 0.00937234982848
6 63 0 8 0.00936184916645
26 69 0 8 0.00936001446098
21 72 0 8 0.0093480758369
2 66 0 8 0.00934481713921
24 67 0 8 0.00933368690312
18 67 0 8 0.00929403025657
11 45 0 8 0.00929027795792
2 34 0 8 0.00926550570875
20 71 0 8 0.00925661902875
16 49 0 8 0.00924319401383
37 66 0 8 0.00922593101859
22 56 0 8 0.00920058973134
2 49 0 8 0.00919897295535
1 66 0 8 0.00919414125383
39 52 0 8 0.00918118841946
28 68 0 8 0.00914471503347
33 57 0 8 0.00912399962544
15 66 0 8 0.00912200752646
2 59 0 8 0.00911957770586
3 49 0 8 0.00911549385637
27 67 0 8 0.00911160930991
36 69 0 8 0.00910545513034
14 46 0 8 0.00910427980125
5 69 0 8 0.00909912399948
52 57 0 8 0.00908757932484
30 58 0 8 0.00906155165285
37 62 0 8 0.00904300156981
23 68 0 8 0.00903587602079
1 58 0 8 0.00903172232211
9 26 0 8 0.00902207009494
14 68 0 8 0.00901645235717
34 56 0 8 0.00900345854461
15 49 0 8 0.00898616760969
6 52 0 8 0.00898571778089
32 58 0 8 0.00897451490164
21 49 0 8 0.00897335633636
53 71 0 8 0.00897273328155
6 68 0 8 0.00895879790187
31 51 0 8 0.00894712563604
18 48 0 8 0.00887602753937
19 59 0 8 0.00887466780841
32 68 0 8 0.00887194275856
17 28 0 8 0.00884823780507
7 64 0 8 0.00884520169348
2 48 0 8 0.00883816555142
1 57 0 8 0.00883480254561
3 59 0 8 0.00882931798697
1 59 0 8 0.00879153236747
30 55 0 8 0.00877920445055
20 30 0 8 0.00875424686819
16 48 0 8 0.00873614288867
17 59 0 8 0.00870592985302
12 58 0 8 0.00868759956211
29 45 0 8 0.0086128404364
30 70 0 8 0.00860161799937
27 57 0 8 0.00858842488378
61 65 0 8 0.00858324486762
28 44 0 8 0.00854410417378
9 67 0 8 0.00854012183845
33 65 0 8 0.00853235833347
17 62 0 8 0.00853205565363
12 46 0 8 0.00852799508721
15 58 0 8 0.00852036196738
29 70 0 8 0.00851680990309
4 46 0 8 0.00851666461676
15 67 0 8 0.00849879346788
32 59 0 8 0.00848785135895
29 56 0 8 0.00848385877907
12 29 0 8 0.00848151370883
7 62 0 8 0.00847820565104
26 59 0 8 0.00847775302827
4 47 0 8 0.008450595662
9 48 0 8 0.00841682869941
10 45 0 8 0.00840485468507
21 67 0 8 0.00839451607317
13 32 0 8 0.00839282572269
44 63 0 8 0.00838539935648
26 33 0 8 0.00837858766317
26 32 0 8 0.00835858471692
4 68 0 8 0.00834850408137
4 45 0 8 0.00834567751735
6 49 0 8 0.00834287609905
26 45 0 8 0.00834264326841
48 55 0 8 0.00831692665815
2 55 0 8 0.00831530988216
14 27 0 8 0.00831425283104
54 66 0 8 0.00830812193453
32 67 0 8 0.00830707326531
6 35 0 8 0.00827281456441
24 70 0 8 0.00825987942517
40 71 0 8 0.00825326517224
1 49 0 8 0.00823955796659
54 71 0 8 0.00820934399962
29 62 0 8 0.0082067316398
4 63 0 8 0.00820185896009
33 53 0 8 0.00817956589162
43 56 0 8 0.00817465037107
23 32 0 8 0.0081422040239
23 30 0 8 0.00813519395888
42 57 0 8 0.00813517533243
11 69 0 8 0.00812281481922
2 47 0 8 0.00811781082302
14 71 0 8 0.00810951367021
10 58 0 8 0.00807588733733
48 63 0 8 0.00806420296431
6 33 0 8 0.00805258192122
3 52 0 8 0.00801939144731
31 67 0 8 0.00801403727382
25 40 0 8 0.00801075063646
26 40 0 8 0.00798441376537
42 66 0 8 0.00797775387764
19 72 0 8 0.00796244293451
17 26 0 8 0.00795743521303
40 61 0 8 0.00795466918498
5 39 0 8 0.00795308873057
10 24 0 8 0.00795092619956
34 71 0 8 0.00794802606106
31 58 0 8 0.00794341880828
20 44 0 8 0.0079392446205
48 70 0 8 0.00792831927538
1 11 0 8 0.00792442727834
4 69 0 8 0.00791485514492
10 60 0 8 0.00790696311742
3 35 0 8 0.00790258776397
11 54 0 8 0.0078911781311
7 71 0 8 0.00788171309978
22 40 0 8 0.00788141414523
9 22 0 8 0.00788112729788
25 51 0 8 0.00787738151848
4 48 0 8 0.00787098146975
11 46 0 8 0.00786427035928
57 64 0 8 0.00783429853618
27 58 0 8 0.00783307570964
37 61 0 8 0.00781749375165
17 71 0 8 0.00780258420855
4 42 0 8 0.007783039473
7 69 0 8 0.00777501333505
27 71 0 8 0.00776042230427
11 24 0 8 0.0077203605324
10 35 0 8 0.00771989999339
37 64 0 8 0.00771873490885
18 71 0 8 0.00771834375337
30 67 0 8 0.00770631991327
4 67 0 8 0.00770343281329
8 47 0 8 0.00770155573264
9 36 0 8 0.00770009122789
40 62 0 8 0.0076227360405
52 59 0 8 0.00761936744675
13 71 0 8 0.00760996993631
4 39 0 8 0.00759894400835
6 69 0 8 0.00757083296776
60 70 0 8 0.00756836449727
3 66 0 8 0.00755391595885
43 59 0 8 0.00754459481686
33 66 0 8 0.00752866640687
16 60 0 8 0.00752839166671
21 70 0 8 0.00750966416672
11 70 0 8 0.00750831374899
4 44 0 8 0.00748912850395
30 56 0 8 0.00747389253229
33 68 0 8 0.00746050896123
16 68 0 8 0.00744955753908
1 61 0 8 0.0074336589314
19 33 0 8 0.0074188192375
18 46 0 8 0.00741636566818
12 44 0 8 0.00740466080606
2 52 0 8 0.00739564886317
14 28 0 8 0.0073812622577
17 55 0 8 0.00737811485305
7 52 0 8 0.00735757080838
45 56 0 8 0.00733983470127
7 30 0 8 0.00732374563813
7 63 0 8 0.0073220054619
11 23 0 8 0.00732129858807
16 56 0 8 0.00732034537941
6 30 0 8 0.00726834917441
48 72 0 8 0.00726383365691
31 45 0 8 0.00723780551925
7 67 0 8 0.00721960095689
29 57 0 8 0.00720561156049
1 52 0 8 0.00718213664368
10 66 0 8 0.00716802943498
11 58 0 8 0.00716622453183
6 38 0 8 0.00714223459363
17 40 0 8 0.00714019266888
25 48 0 8 0.00713115930557
1 47 0 8 0.00712642353028
11 52 0 8 0.00712631922215
12 48 0 8 0.00711488770321
18 61 0 8 0.00710922060534
34 65 0 8 0.00708206929266
45 59 0 8 0.00707988347858
9 34 0 8 0.00707482360303
2 62 0 8 0.0070653972216
18 69 0 8 0.00704736588523
17 31 0 8 0.00703913532197
29 72 0 8 0.00702525442466
14 62 0 8 0.0069988691248
46 56 0 8 0.00699595315382
32 43 0 8 0.00698961596936
1 62 0 8 0.00698274187744
7 70 0 8 0.00697014946491
15 59 0 8 0.00696787890047
10 39 0 8 0.00694208219647
42 71 0 8 0.00693554058671
43 66 0 8 0.00691231060773
17 61 0 8 0.00690870778635
32 72 0 8 0.00690735969692
31 52 0 8 0.0068918177858
19 58 0 8 0.00689017632976
20 33 0 8 0.00688032573089
10 62 0 8 0.00687425537035
28 71 0 8 0.00687219202518
36 41 0 8 0.0068581989035
28 40 0 8 0.00685395207256
10 43 0 8 0.00685318280011
11 44 0 8 0.00685098255053
7 45 0 8 0.00684485398233
6 48 0 8 0.00683612981811
2 61 0 8 0.00683322967961
12 66 0 8 0.0068143052049
10 49 0 8 0.00681298878044
3 64 0 8 0.00679120235145
35 72 0 8 0.00678640510887
1 68 0 8 0.00678191334009
8 44 0 8 0.00677644228563
43 71 0 8 0.006763396319
21 30 0 8 0.00674084108323
47 63 0 8 0.00673073763028
29 43 0 8 0.00671250512823
15 71 0 8 0.00670703267679
19 35 0 8 0.00669980654493
22 70 0 8 0.00667075114325
30 59 0 8 0.00666550453752
17 70 0 8 0.00666548591107
1 71 0 8 0.00664103077725
8 70 0 8 0.00664053717628
18 44 0 8 0.00662611844018
48 54 0 8 0.00659398362041
26 62 0 8 0.00659396825358
3 33 0 8 0.00659385602921
7 46 0 8 0.00658030435443
43 72 0 8 0.00657840957865
17 69 0 8 0.00656782602891
16 47 0 8 0.00656720716506
15 70 0 8 0.00656464416534
10 54 0 8 0.0065624830313
21 48 0 8 0.00656109396368
23 29 0 8 0.00653822720051
22 44 0 8 0.00652891397476
19 60 0 8 0.00651640584692
29 61 0 8 0.00644679833204
4 30 0 8 0.00643429998308
37 57 0 8 0.00643056398258
21 34 0 8 0.00642720423639
1 67 0 8 0.00642689643428
10 70 0 8 0.00641862908378
20 43 0 8 0.00641399342567
18 56 0 8 0.00640254700556
20 47 0 8 0.00640229554847
14 63 0 8 0.006395237986
8 48 0 8 0.00639453483745
26 70 0 8 0.00638992525637
3 61 0 8 0.00636593485251
33 72 0 8 0.00635872129351
6 46 0 8 0.00635346584022
43 57 0 8 0.00635093171149
30 54 0 8 0.00633252458647
15 39 0 8 0.00633113551885
10 64 0 8 0.00632571708411
4 40 0 8 0.0063255764544
19 41 0 8 0.00631756940857
19 37 0 8 0.00628344109282
3 48 0 8 0.00627226196229
16 35 0 8 0.00626635365188
14 45 0 8 0.00626108516008
31 70 0 8 0.00626029260457
7 35 0 8 0.00624271761626
14 49 0 8 0.00623968010768
9 37 0 8 0.00623409450054
6 34 0 8 0.0062313536182
27 52 0 8 0.00622917804867
2 46 0 8 0.00621750578284
22 49 0 8 0.00621684221551
26 44 0 8 0.00621084449813
40 66 0 8 0.00620593409985
58 68 0 8 0.00620056083426
30 61 0 8 0.00619712937623
7 42 0 8 0.00619363319129
13 47 0 8 0.00615661777556
1 72 0 8 0.00615337397903
6 47 0 8 0.0061324541457
34 64 0 8 0.00611011404544
2 40 0 8 0.00610515847802
23 49 0 8 0.00610260432586
24 72 0 8 0.00610036309808
2 56 0 8 0.00609256746247
2 65 0 8 0.00608760025352
4 43 0 8 0.00607344182208
9 23 0 8 0.00606910558417
18 54 0 8 0.00606711022556
14 21 0 8 0.00606393301859
21 44 0 8 0.00606053462252
1 65 0 8 0.00605458021164
5 30 0 8 0.00605383142829
2 54 0 8 0.00605100858957
40 68 0 8 0.00604479713365
26 55 0 8 0.0060367831029
4 70 0 8 0.0060348296538
30 57 0 8 0.00602437276393
46 67 0 8 0.0060233050026
12 67 0 8 0.00602182606235
6 70 0 8 0.00600958848372
22 43 0 8 0.00600116932765
29 44 0 8 0.00600103801116
29 59 0 8 0.00599379232153
3 62 0 8 0.00599189521745
55 66 0 8 0.00598669657484
10 72 0 8 0.00598161108792
2 63 0 8 0.0059698568657
47 70 0 8 0.00595806306228
29 54 0 8 0.00595538364723
26 61 0 8 0.00594874238595
6 37 0 8 0.00593755859882
8 29 0 8 0.00591346248984
53 72 0 8 0.00590909412131
27 36 0 8 0.00590750295669
1 69 0 8 0.00589485093951
39 72 0 8 0.00588097376749
10 48 0 8 0.0058807618916
2 53 0 8 0.00587875256315
20 37 0 8 0.00585131393746
29 51 0 8 0.00584268011153
18 30 0 8 0.0058401520364
2 68 0 8 0.0058355522342
45 72 0 8 0.00582507438958
23 47 0 8 0.00581211270764
24 47 0 8 0.00580791756511
38 70 0 8 0.00580572104082
17 60 0 8 0.00580466724932
18 35 0 8 0.00580008979887
59 64 0 8 0.0057995673269
36 65 0 8 0.00579532422125
7 72 0 8 0.00579435424879
1 34 0 8 0.00579313747585
41 66 0 8 0.00578743312508
15 57 0 8 0.00578698888421
1 53 0 8 0.00577799417078
16 57 0 8 0.00577762443572
22 29 0 8 0.00577027723193
14 69 0 8 0.00573197985068
43 67 0 8 0.00572709320113
12 71 0 8 0.00572454696521
1 70 0 8 0.00570743065327
8 34 0 8 0.00570512842387
18 43 0 8 0.00570074794814
14 20 0 8 0.00568063370883
15 47 0 8 0.00568018388003
10 67 0 8 0.00564966909587
19 34 0 8 0.00564575660974
59 72 0 8 0.00564342271537
9 40 0 8 0.0056389127858
11 38 0 8 0.00563821289688
14 19 0 8 0.00562503514811
11 72 0 8 0.00562406983227
17 53 0 8 0.00562339229509
1 56 0 8 0.00561123341322
1 33 0 8 0.00560716958717
7 34 0 8 0.00559498462826
18 58 0 8 0.00559234013781
1 63 0 8 0.00559182325378
11 33 0 8 0.00558607513085
32 53 0 8 0.00558044621721
11 63 0 8 0.00557056395337
14 67 0 8 0.00555840274319
3 46 0 8 0.00552692357451
15 44 0 8 0.00550865754485
14 25 0 8 0.00549778295681
1 48 0 8 0.00549658387899
32 54 0 8 0.00546640949324
3 54 0 8 0.00546023529023
2 69 0 8 0.00545079167932
14 47 0 8 0.0054481998086
18 47 0 8 0.00544087449089
62 67 0 8 0.00543766841292
18 59 0 8 0.00543099828064
37 68 0 8 0.00541451387107
15 43 0 8 0.00540891103446
2 67 0 8 0.0053962613456
40 72 0 8 0.00538448337466
34 66 0 8 0.00538182305172
3 47 0 8 0.00537903420627
11 49 0 8 0.00535882590339
17 30 0 8 0.00535813719034
11 28 0 8 0.0053556044586
40 54 0 8 0.00535181071609
4 37 0 8 0.00534216873348
18 34 0 8 0.00533336121589
13 34 0 8 0.00531631102785
30 40 0 8 0.00529218185693
3 55 0 8 0.00528381718323
8 36 0 8 0.00527635356411
6 72 0 8 0.00527578545734
26 54 0 8 0.0052748946473
8 43 0 8 0.00527266832069
33 58 0 8 0.00526960799471
15 26 0 8 0.0052641145885
29 58 0 8 0.00526373274624
17 58 0 8 0.00524778291583
1 54 0 8 0.0052472599782
1 39 0 8 0.00524112069979
13 58 0 8 0.00523137673736
19 47 0 8 0.00523049104959
4 31 0 8 0.00522693712264
26 43 0 8 0.00522593548521
10 63 0 8 0.00522339530289
10 65 0 8 0.00519310403615
13 67 0 8 0.00519008701667
17 41 0 8 0.00518193189055
7 49 0 8 0.00518165202811
6 39 0 8 0.00517780892551
11 57 0 8 0.0051741162315
38 66 0 8 0.00517404731363
3 32 0 8 0.00516484631225
27 72 0 8 0.00515834800899
27 40 0 8 0.00513836555183
18 72 0 8 0.00513275200501
10 55 0 8 0.00513160787523
6 36 0 8 0.00511923898011
45 67 0 8 0.00510962121189
20 39 0 8 0.00510732876137
22 57 0 8 0.00510547542945
6 44 0 8 0.00510047888383
22 37 0 8 0.00509440666065
12 32 0 8 0.00509095890447
7 39 0 8 0.0050878226757
7 38 0 8 0.00508590135723
30 44 0 8 0.00507381791249
14 53 0 8 0.00503097428009
58 72 0 8 0.00502916518599
53 70 0 8 0.00497850542888
18 63 0 8 0.00497746653855
41 69 0 8 0.00497497757897
10 29 0 8 0.00495910737664
2 72 0 8 0.0049440599978
42 58 0 8 0.00493237702176
2 43 0 8 0.00493076490238
28 67 0 8 0.00493013300002
42 72 0 8 0.00490067154169
11 35 0 8 0.00489840237424
10 46 0 8 0.00489714276046
47 61 0 8 0.00489161303267
46 57 0 8 0.00488668307662
1 55 0 8 0.00488336849958
14 70 0 8 0.00488321529701
33 67 0 8 0.00486706383526
22 48 0 8 0.00486514251679
16 29 0 8 0.00486076530069
32 42 0 8 0.00485998345539
16 43 0 8 0.0048418934457
37 69 0 8 0.00483776349574
16 58 0 8 0.00483576441184
11 48 0 8 0.00483558792621
4 72 0 8 0.00483282795176
3 63 0 8 0.00483262678608
5 72 0 8 0.00483119767159
1 40 0 8 0.0048262393102
44 64 0 8 0.00480013294145
1 43 0 8 0.0047985133715
18 64 0 8 0.00477379700169
23 36 0 8 0.00476560555398
3 40 0 8 0.00474003236741
2 12 0 8 0.00473679369316
26 51 0 8 0.00472485600039
20 28 0 8 0.0047117723152
3 69 0 8 0.00470395479351
44 68 0 8 0.00470071844757
2 32 0 8 0.00468729203567
8 72 0 8 0.00467256596312
3 65 0 8 0.00466998061165
13 57 0 8 0.00465821521357
18 70 0 8 0.00465573556721
9 70 0 8 0.00465384451672
53 58 0 8 0.0046523315832
30 51 0 8 0.00464866962284
44 55 0 8 0.00463460758328
43 48 0 8 0.00463181501254
6 42 0 8 0.00462167803198
14 64 0 8 0.00461815670133
25 47 0 8 0.00461805984378
4 29 0 8 0.00460906233639
1 42 0 8 0.00460276193917
11 56 0 8 0.00459961267188
3 53 0 8 0.00459784921259
2 70 0 8 0.00459623197094
36 71 0 8 0.00458740489557
30 45 0 8 0.00458580954
14 65 0 8 0.00457674637437
60 71 0 8 0.00457298522815
30 53 0 8 0.00457193702459
5 36 0 8 0.00456753792241
10 44 0 8 0.00455633224919
17 36 0 8 0.00455450732261
17 39 0 8 0.0045492569916
3 56 0 8 0.00454263668507
14 59 0 8 0.00453444570303
30 43 0 8 0.00450194533914
19 39 0 8 0.00449624704197
39 45 0 8 0.00448388932273
10 32 0 8 0.00447925180197
20 36 0 8 0.00447601173073
2 44 0 8 0.00447272183374
45 70 0 8 0.00446485821158
7 32 0 8 0.00444301310927
17 54 0 8 0.0044381073676
13 40 0 8 0.00443443888798
12 20 0 8 0.00442875409499
13 70 0 8 0.00441062636673
1 36 0 8 0.00440822495148
60 68 0 8 0.00439837947488
2 71 0 8 0.00438515236601
14 39 0 8 0.00438209343702
18 24 0 8 0.00437726499513
44 71 0 8 0.00436745909974
19 25 0 8 0.00436447653919
5 23 0 8 0.00434565264732
17 38 0 8 0.00434340909123
5 12 0 8 0.00431983266026
10 38 0 8 0.00431094923988
1 46 0 8 0.00430604163557
55 71 0 8 0.00428488850594
29 53 0 8 0.00428314507008
38 72 0 8 0.00427234033123
22 58 0 8 0.00427150260657
3 44 0 8 0.00426247855648
34 72 0 8 0.00425924221054
3 72 0 8 0.00425903312862
43 60 0 8 0.00425598490983
2 41 0 8 0.0042538982816
15 33 0 8 0.00421681720763
18 31 0 8 0.00421012891456
1 41 0 8 0.00420516822487
3 67 0 8 0.00420216983184
21 47 0 8 0.00420098518953
10 47 0 8 0.00419980613515
19 27 0 8 0.00417600292712
10 41 0 8 0.00414714729413
18 33 0 8 0.00414615124464
1 32 0 8 0.00414587371051
40 69 0 8 0.00414363201708
3 12 0 8 0.00414094282314
10 57 0 8 0.00413911277428
3 68 0 8 0.00412182649598
44 72 0 8 0.00411051698029
36 68 0 8 0.00410519307479
27 70 0 8 0.00409679766744
7 37 0 8 0.0040899165906
8 40 0 8 0.00408580247313
12 47 0 8 0.00408052047715
36 72 0 8 0.00407813070342
3 41 0 8 0.00407777400687
59 71 0 8 0.0040620835498
13 20 0 8 0.00405908329412
37 71 0 8 0.00405335240066
40 58 0 8 0.00403860304505
14 72 0 8 0.00403314642608
3 70 0 8 0.00402942067012
43 65 0 8 0.00402589142323
18 62 0 8 0.00402161478996
11 42 0 8 0.00401790719479
13 72 0 8 0.00401499308646
20 34 0 8 0.00401204591617
37 70 0 8 0.00399344973266
36 70 0 8 0.00399108743295
17 72 0 8 0.00398880429566
50 61 0 8 0.00397550268099
15 25 0 8 0.00396956503391
29 52 0 8 0.00396339548752
18 60 0 8 0.00394096644595
34 42 0 8 0.00393936596811
31 46 0 8 0.00393301527947
19 32 0 8 0.00392311578616
11 67 0 8 0.00391742028296
42 47 0 8 0.00391727872193
1 31 0 8 0.00390706630424
1 64 0 8 0.00390615686774
3 43 0 8 0.00390429305844
44 67 0 8 0.00389626575634
3 71 0 8 0.0038830707781
23 40 0 8 0.00387111352757
26 36 0 8 0.00386701896787
10 56 0 8 0.0038593064528
2 33 0 8 0.00385363702662
18 52 0 8 0.00384977669455
56 72 0 8 0.00384568260051
22 47 0 8 0.00382171594538
27 43 0 8 0.00380678637885
9 72 0 8 0.00379991927184
52 58 0 8 0.00379181257449
14 54 0 8 0.00378447235562
11 43 0 8 0.00378097360954
40 65 0 8 0.00377899850719
12 43 0 8 0.00377842388116
18 25 0 8 0.00376838608645
50 55 0 8 0.003742066212
3 31 0 8 0.003738444997
11 39 0 8 0.00373421376571
39 67 0 8 0.00372991943732
20 40 0 8 0.00372453150339
1 37 0 8 0.00370903545991
41 71 0 8 0.00370730576105
2 15 0 8 0.0036999755539
7 44 0 8 0.00369240925647
2 42 0 8 0.00369205139577
10 26 0 8 0.00368484249339
9 47 0 8 0.0036771914456
18 29 0 8 0.00367064611055
7 47 0 8 0.00365171977319
19 31 0 8 0.00362488045357
8 26 0 8 0.00361071201041
15 29 0 8 0.00359797105193
16 67 0 8 0.00358487968333
43 58 0 8 0.00357738463208
13 36 0 8 0.00357375410385
41 67 0 8 0.00356276636012
33 51 0 8 0.00356075586751
57 71 0 8 0.0035599200055
39 70 0 8 0.0035563679412
21 28 0 8 0.00355349341407
1 12 0 8 0.00353446346708
2 37 0 8 0.00349198561162
54 70 0 8 0.00349030038342
14 29 0 8 0.00346375256777
29 60 0 8 0.00344603997655
39 66 0 8 0.00344108510762
41 46 0 8 0.00343741592951
54 72 0 8 0.00343728694133
14 31 0 8 0.00340611487627
3 36 0 8 0.00340010388754
20 29 0 8 0.00338364159688
14 61 0 8 0.00338128372096
36 64 0 8 0.00338050257415
58 64 0 8 0.00338020548224
2 31 0 8 0.00338014611043
14 57 0 8 0.00337329716422
3 42 0 8 0.00336883543059
15 35 0 8 0.00336369872093
29 46 0 8 0.00334603153169
15 72 0 8 0.00334571697749
9 21 0 8 0.0033245079685
37 53 0 8 0.00331671210006
37 72 0 8 0.00331178680062
56 67 0 8 0.00328551628627
10 15 0 8 0.00327706849203
7 48 0 8 0.00327341025695
8 23 0 8 0.00326921092346
21 29 0 8 0.00326372915879
14 41 0 8 0.00326215964742
15 28 0 8 0.00325514050201
21 37 0 8 0.00325167668052
2 64 0 8 0.00325079448521
5 29 0 8 0.0032492808532
13 37 0 8 0.00324145099148
3 45 0 8 0.00322338961996
22 32 0 8 0.00321901845746
14 58 0 8 0.00320552010089
30 52 0 8 0.00320188351907
14 44 0 8 0.00319036538713
37 67 0 8 0.00319009856321
1 44 0 8 0.00318645709194
40 70 0 8 0.00318383495323
10 37 0 8 0.00317897158675
18 27 0 8 0.00317432568409
8 22 0 8 0.00314908078872
14 60 0 8 0.00314053776674
40 64 0 8 0.00313547230326
35 41 0 8 0.00313452887349
28 72 0 8 0.00312262144871
13 18 0 8 0.00311929662712
12 34 0 8 0.00309616979212
9 16 0 8 0.00309550622478
44 69 0 8 0.00309303798713
5 14 0 8 0.00309133576229
3 39 0 8 0.00306504243053
2 30 0 8 0.00305602350272
7 27 0 8 0.003052291926
28 70 0 8 0.00304754101671
10 25 0 8 0.00300645758398
44 70 0 8 0.0030026382301
26 53 0 8 0.00298422179185
1 38 0 8 0.00297801126726
36 54 0 8 0.00295712659135
11 25 0 8 0.0029546674341
21 32 0 8 0.00295075774193
16 30 0 8 0.00294538401067
41 58 0 8 0.00294113275595
7 36 0 8 0.00294042262249
18 41 0 8 0.00293984403834
7 29 0 8 0.0029187402688
41 72 0 8 0.00291543104686
57 72 0 8 0.00291123148054
27 46 0 8 0.00287902681157
55 67 0 8 0.00287368660793
11 34 0 8 0.00287356344052
3 37 0 8 0.00287056597881
33 52 0 8 0.00286205229349
6 24 0 8 0.00284560630098
35 42 0 8 0.00283273449168
38 52 0 8 0.00281916675158
18 53 0 8 0.00281766871922
1 30 0 8 0.00279905111529
8 15 0 8 0.00276152114384
34 55 0 8 0.00274591776542
41 70 0 8 0.00273277121596
14 35 0 8 0.00272809830494
58 69 0 8 0.00272619188763
40 51 0 8 0.00272113806568
56 70 0 8 0.00271264836192
40 45 0 8 0.00271100783721
58 70 0 8 0.00270459405147
46 58 0 8 0.00269282818772
4 36 0 8 0.00268219574355
7 43 0 8 0.00266859750263
9 14 0 8 0.00265625864267
11 36 0 8 0.002651368035
12 37 0 8 0.00264867488295
44 56 0 8 0.00263662356883
56 66 0 8 0.00262323068455
5 13 0 8 0.00261254818179
1 14 0 8 0.00260127685033
2 45 0 8 0.00257182563655
14 55 0 8 0.00257029826753
4 28 0 8 0.00256973481737
25 49 0 8 0.00252750096843
12 72 0 8 0.00252740480937
2 13 0 8 0.00252418639138
14 56 0 8 0.00252059428021
44 57 0 8 0.00251403194852
2 36 0 8 0.00251090340316
14 26 0 8 0.0024999207817
11 22 0 8 0.00248757307418
10 34 0 8 0.00248544174246
55 70 0 8 0.00245626689866
17 29 0 8 0.00244707986712
58 65 0 8 0.00242730416358
56 69 0 8 0.00242442428134
27 50 0 8 0.00241210637614
14 43 0 8 0.00241017946973
19 40 0 8 0.00240664510056
37 54 0 8 0.00240479130298
1 29 0 8 0.00239800475538
39 44 0 8 0.00239589414559
11 47 0 8 0.00239355443045
12 40 0 8 0.00239195744507
14 38 0 8 0.00239131925628
10 40 0 8 0.00239006709307
12 70 0 8 0.0023875341285
45 57 0 8 0.00238752621226
6 29 0 8 0.00238540349528
2 39 0 8 0.00238479394466
7 15 0 8 0.00237741111778
22 36 0 8 0.00236946367659
5 24 0 8 0.0023596493993
6 40 0 8 0.00235233758576
56 71 0 8 0.00233940104954
51 56 0 8 0.00233883596957
14 33 0 8 0.0023300438188
51 60 0 8 0.00232167867944
16 71 0 8 0.00230920151807
42 67 0 8 0.00230452232063
14 37 0 8 0.00228446326219
45 60 0 8 0.00227469508536
48 62 0 8 0.00227185944095
3 38 0 8 0.00225827493705
7 24 0 8 0.00225420761853
4 23 0 8 0.00224741105922
45 58 0 8 0.00223791063763
11 26 0 8 0.00222636153921
56 68 0 8 0.00222067418508
34 52 0 8 0.00218805996701
7 40 0 8 0.00218787672929
34 53 0 8 0.0021815483924
3 14 0 8 0.00218067457899
57 65 0 8 0.00217894674279
17 32 0 8 0.00216176942922
55 72 0 8 0.00215521920472
14 52 0 8 0.00213498971425
14 40 0 8 0.00212531117722
47 55 0 8 0.00211988552473
17 37 0 8 0.00209568324499
20 32 0 8 0.00208784407005
31 44 0 8 0.00207545049489
3 24 0 8 0.00207069469616
15 37 0 8 0.00206768582575
18 32 0 8 0.00205765641294
34 41 0 8 0.0020504721906
18 39 0 8 0.00203816825524
11 40 0 8 0.00203605485149
21 40 0 8 0.00203280872665
18 26 0 8 0.00202978518791
19 36 0 8 0.00202178279869
38 45 0 8 0.00201588030905
1 25 0 8 0.00198690034449
6 14 0 8 0.00197648513131
60 69 0 8 0.00196384242736
26 46 0 8 0.00193960941397
12 17 0 8 0.00193122844212
2 38 0 8 0.00190864200704
4 13 0 8 0.00190683151595
1 13 0 8 0.0018842293648
3 23 0 8 0.00188417208847
1 45 0 8 0.00187358795665
58 71 0 8 0.00187171262223
18 38 0 8 0.00187144277152
21 36 0 8 0.00186693493742
8 16 0 8 0.0018619815819
11 37 0 8 0.00184622267261
5 28 0 8 0.00183183699846
17 34 0 8 0.0018286636332
40 67 0 8 0.00180129287764
15 40 0 8 0.00179408059921
19 28 0 8 0.00178683153354
16 70 0 8 0.00177979050204
36 53 0 8 0.00177711620927
61 66 0 8 0.00177204317879
60 65 0 8 0.00177147472277
40 48 0 8 0.00175338378176
2 14 0 8 0.00175180786755
44 59 0 8 0.00174042768776
11 16 0 8 0.00173263193574
26 47 0 8 0.00172599393409
16 72 0 8 0.00171874382067
18 36 0 8 0.00170244358014
8 25 0 8 0.00169428053778
1 24 0 8 0.00169100286439
44 58 0 8 0.00168606103398
33 43 0 8 0.00168523855973
4 24 0 8 0.00167847331613
46 60 0 8 0.00167647539638
5 25 0 8 0.00166965136304
49 56 0 8 0.00166704726871
28 46 0 8 0.00166637531947
57 68 0 8 0.00166412629187
10 36 0 8 0.00165783939883
59 70 0 8 0.0016492678551
18 28 0 8 0.00164642662276
16 34 0 8 0.0016459665494
34 40 0 8 0.00164135382511
44 61 0 8 0.00163672526833
2 25 0 8 0.00163651420735
38 43 0 8 0.00162932428066
3 30 0 8 0.0016291514039
49 61 0 8 0.00162309908774
11 19 0 8 0.00161859206855
36 52 0 8 0.00160975265317
28 50 0 8 0.00160690280609
4 15 0 8 0.00160639022943
49 55 0 8 0.00160148809664
16 40 0 8 0.00159797782544
44 65 0 8 0.00159578083549
47 57 0 8 0.0015840070555
38 51 0 8 0.00157858745661
10 23 0 8 0.00156282249372
19 29 0 8 0.00156217382755
2 23 0 8 0.00156149279792
47 62 0 8 0.00154865998775
33 45 0 8 0.00154746160842
49 62 0 8 0.00154576590285
59 69 0 8 0.00154576369096
59 68 0 8 0.0015447990736
1 23 0 8 0.00154188496526
50 56 0 8 0.00153990276158
49 57 0 8 0.00153799192049
1 15 0 8 0.00153337977827
58 67 0 8 0.00151578278746
5 19 0 8 0.00150391145144
3 29 0 8 0.00149976206012
3 15 0 8 0.00149413291365
18 37 0 8 0.00147775444202
48 61 0 8 0.00147548143286
57 69 0 8 0.00145840132609
10 21 0 8 0.00144048046786
4 27 0 8 0.00143676775042
2 29 0 8 0.00142282841261
37 42 0 8 0.00141727633309
35 43 0 8 0.0014167096233
6 22 0 8 0.00139449071139
6 23 0 8 0.00138627900742
29 50 0 8 0.00138353905641
4 26 0 8 0.00138128304388
5 26 0 8 0.00136460876092
6 12 0 8 0.0013616917422
12 36 0 8 0.00135568762198
11 21 0 8 0.00135428679641
1 26 0 8 0.00134157971479
26 50 0 8 0.00134137773421
2 26 0 8 0.00133548723534
6 15 0 8 0.00133374205325
48 57 0 8 0.00133154389914
50 60 0 8 0.00131539092399
32 52 0 8 0.00130994431674
10 19 0 8 0.00130954640917
31 43 0 8 0.0013039750047
44 62 0 8 0.00129989534616
13 19 0 8 0.00129354349338
47 56 0 8 0.00129175151233
10 22 0 8 0.00129031785764
16 37 0 8 0.00128594215494
4 25 0 8 0.00128190545365
7 26 0 8 0.00126732047647
5 27 0 8 0.00126359483693
12 19 0 8 0.00125476357061
16 32 0 8 0.00125438952819
57 70 0 8 0.0012496112613
2 24 0 8 0.00124656793196
35 50 0 8 0.00124013074674
1 19 0 8 0.00123902456835
61 67 0 8 0.00121808366384
6 13 0 8 0.00121174613014
6 28 0 8 0.00119522574823
6 25 0 8 0.00118261948228
5 15 0 8 0.00118137081154
14 32 0 8 0.00116850703489
44 60 0 8 0.0011522959685
33 44 0 8 0.00114849559031
3 25 0 8 0.00114836648572
60 67 0 8 0.00114352954552
3 26 0 8 0.00114022288471
15 36 0 8 0.00108901038766
1 18 0 8 0.00108700990677
48 56 0 8 0.00108120276127
6 27 0 8 0.00108092161827
41 50 0 8 0.00107411690988
18 40 0 8 0.00107344018761
39 50 0 8 0.00106514175422
57 66 0 8 0.00105673319194
14 34 0 8 0.00105322001036
36 50 0 8 0.0010505435057
31 50 0 8 0.00104779168032
48 60 0 8 0.00104450632352
4 14 0 8 0.00103881862015
30 50 0 8 0.00103813095484
35 45 0 8 0.0010369932279
7 23 0 8 0.00103074323852
60 66 0 8 0.00102957047056
51 59 0 8 0.0010267108446
48 58 0 8 0.00102604157291
47 58 0 8 0.00101202854421
6 26 0 8 0.000995709444396
9 15 0 8 0.000989652820863
32 51 0 8 0.000980977085419
3 28 0 8 0.000969643413555
5 22 0 8 0.000961067329627
32 44 0 8 0.00094864028506
39 47 0 8 0.000942220038269
2 19 0 8 0.000936459051445
15 32 0 8 0.000928886525799
7 25 0 8 0.000918937963434
11 20 0 8 0.00091825221898
3 13 0 8 0.000917900993954
39 48 0 8 0.000916693592444
1 20 0 8 0.000914548349101
49 60 0 8 0.000912049552426
3 27 0 8 0.000889950664714
1 16 0 8 0.000881390704308
1 17 0 8 0.000878605642356
59 65 0 8 0.000874338089488
15 34 0 8 0.000869364885148
9 20 0 8 0.000863242137711
37 45 0 8 0.000859272608068
29 48 0 8 0.000858399027493
26 49 0 8 0.000846470531542
40 47 0 8 0.000840209366288
27 47 0 8 0.000837823317852
40 50 0 8 0.000834182777908
7 28 0 8 0.000816788291559
32 48 0 8 0.000800621695817
2 28 0 8 0.000796199776232
16 36 0 8 0.000789894198533
51 57 0 8 0.000781615904998
5 20 0 8 0.000781554495916
39 49 0 8 0.000778890913352
29 47 0 8 0.000773127016146
50 57 0 8 0.000769080419559
51 58 0 8 0.000767930294387
14 36 0 8 0.000764467928093
4 22 0 8 0.000752393621951
4 19 0 8 0.000737863359973
29 49 0 8 0.000731888634618
37 52 0 8 0.000726848666091
9 19 0 8 0.000719135045074
36 44 0 8 0.0007185448776
35 44 0 8 0.000717426126357
2 16 0 8 0.00071120087523
2 22 0 8 0.000710195105057
10 20 0 8 0.000696826376952
50 59 0 8 0.000692689849529
2 27 0 8 0.000687549996655
1 28 0 8 0.0006852147053
36 45 0 8 0.000684011320118
39 46 0 8 0.000675284652971
42 49 0 8 0.000671319721732
48 59 0 8 0.00066667975625
35 49 0 8 0.000665009545628
1 27 0 8 0.000662127684336
3 19 0 8 0.000656570831779
2 18 0 8 0.000655717216432
10 18 0 8 0.000653173134197
57 67 0 8 0.000653128314298
49 58 0 8 0.000652498041745
3 22 0 8 0.000646081345621
1 22 0 8 0.000645321677439
2 17 0 8 0.000641099468339
34 51 0 8 0.000636035110801
4 20 0 8 0.000631983566564
8 21 0 8 0.000624861742835
49 59 0 8 0.000623556203209
28 48 0 8 0.000619181490038
41 49 0 8 0.000614707707427
32 45 0 8 0.000610743067227
30 46 0 8 0.000608996429946
36 51 0 8 0.000608349859249
28 49 0 8 0.000606734014582
1 21 0 8 0.00060642848257
41 48 0 8 0.000591469288338
33 50 0 8 0.000590245821513
2 21 0 8 0.000587136019021
3 20 0 8 0.000586188223679
47 59 0 8 0.000582063104957
42 48 0 8 0.000573815952521
41 47 0 8 0.000569254276343
10 16 0 8 0.000564690621104
50 58 0 8 0.000560881278943
4 21 0 8 0.000560725165997
5 21 0 8 0.000553465564735
2 20 0 8 0.000551823992282
6 20 0 8 0.000542744703125
5 16 0 8 0.000530971155968
36 42 0 8 0.000530587392859
32 50 0 8 0.000527051219251
3 18 0 8 0.000525285606273
4 18 0 8 0.000522722082678
7 13 0 8 0.000518434913829
58 66 0 8 0.000515741587151
7 14 0 8 0.00051275792066
6 21 0 8 0.000505027244799
47 60 0 8 0.000503890507389
8 14 0 8 0.000491568876896
40 49 0 8 0.000487330311444
37 44 0 8 0.000486771343276
27 48 0 8 0.000486219010781
32 46 0 8 0.000485360040329
34 43 0 8 0.000483746698592
7 22 0 8 0.000483704265207
38 50 0 8 0.000470388156828
36 43 0 8 0.000468950136565
9 17 0 8 0.000459101283923
37 51 0 8 0.000446011486929
31 48 0 8 0.000433032721048
38 44 0 8 0.000426484446507
30 48 0 8 0.000426028302172
8 20 0 8 0.000422980781877
31 47 0 8 0.000419980264269
6 18 0 8 0.000419241026975
30 49 0 8 0.0004084702814
4 16 0 8 0.000408437364968
9 18 0 8 0.000406236038543
38 46 0 8 0.000402844714699
8 19 0 8 0.000395953044062
5 18 0 8 0.000395368988393
30 47 0 8 0.000389202585211
40 46 0 8 0.00038690897054
28 47 0 8 0.000382431346225
35 46 0 8 0.000382144527975
3 21 0 8 0.000380228215363
10 17 0 8 0.000373729882995
3 17 0 8 0.000369030894944
32 47 0 8 0.000368400826119
59 67 0 8 0.000359717058018
3 16 0 8 0.000358613702701
31 49 0 8 0.00034526392119
7 19 0 8 0.00034139235504
59 66 0 8 0.000332833267748
12 18 0 8 0.000331337389071
34 49 0 8 0.000330816255882
26 48 0 8 0.000326206209138
32 49 0 8 0.000325389934005
35 48 0 8 0.000321316416375
11 17 0 8 0.000320533203194
33 47 0 8 0.000312760705128
6 19 0 8 0.000311080832034
6 16 0 8 0.000308638642309
34 45 0 8 0.000300953601254
33 48 0 8 0.000299853243632
27 49 0 8 0.000297111721011
34 50 0 8 0.00028842271422
34 48 0 8 0.000282811146462
7 21 0 8 0.000273588608252
7 16 0 8 0.000266901246505
4 17 0 8 0.000261550158029
33 46 0 8 0.000250899553066
33 49 0 8 0.0002498528047
11 18 0 8 0.000244815659244
6 17 0 8 0.000238510096096
38 49 0 8 0.000233595768805
7 20 0 8 0.000224620598601
36 49 0 8 0.000218853441766
37 43 0 8 0.000217314722249
38 47 0 8 0.000213349412661
34 44 0 8 0.000207241682801
37 50 0 8 0.000206055148738
37 46 0 8 0.000199911839445
8 17 0 8 0.000196386274183
36 47 0 8 0.000193606727407
5 17 0 8 0.000189600410522
34 47 0 8 0.000178285408765
7 18 0 8 0.000178111760761
37 49 0 8 0.000177049092599
35 47 0 8 0.000168484300957
38 48 0 8 0.000155866684509
34 46 0 8 0.000148304679897
36 46 0 8 0.000147888102219
7 17 0 8 0.000146243182826
37 48 0 8 0.000132131157443
37 47 0 8 0.000115880437079
8 18 0 8 0.000102578058431
36 48 0 8 9.47887237999e-05
