22 23 0 8 0.999993860722
49 50 0 8 0.999992370605
52 53 0 8 0.999992251396
21 22 0 8 0.999991774559
50 51 0 8 0.999991595745
25 26 0 8 0.999991416931
23 24 0 8 0.999987959862
45 46 0 8 0.999985873699
79 80 0 8 0.999985456467
27 28 0 8 0.999984145164
46 47 0 8 0.999983072281
17 18 0 8 0.999978899956
24 25 0 8 0.999976694584
51 52 0 8 0.999975442886
18 19 0 8 0.999974131584
44 45 0 8 0.999974012375
53 54 0 8 0.999973833561
43 44 0 8 0.999971985817
32 33 0 8 0.999970316887
42 43 0 8 0.999970078468
48 49 0 8 0.999967038631
54 55 0 8 0.999966681004
40 41 0 8 0.999964952469
60 61 0 8 0.999962568283
58 59 0 8 0.999962389469
2 3 0 8 0.999961078167
47 48 0 8 0.999957203865
69 70 0 8 0.999946475029
20 21 0 8 0.999941289425
16 17 0 8 0.999936699867
41 42 0 8 0.999933183193
1 2 0 8 0.999929130077
30 31 0 8 0.999924004078
56 57 0 8 0.999920666218
31 32 0 8 0.999912619591
14 15 0 8 0.999902844429
26 27 0 8 0.999902069569
67 68 0 8 0.999899625778
72 73 0 8 0.999889075756
3 4 0 8 0.999885857105
78 79 0 8 0.999883770943
38 39 0 8 0.999876081944
57 58 0 8 0.999875485897
29 30 0 8 0.99986076355
63 64 0 8 0.999855399132
71 72 0 8 0.999844431877
61 62 0 8 0.999842464924
66 67 0 8 0.99982970953
28 29 0 8 0.999813616276
62 63 0 8 0.999803483486
39 40 0 8 0.999794661999
70 71 0 8 0.999776184559
33 34 0 8 0.99977183342
64 65 0 8 0.999665975571
19 20 0 8 0.999649405479
59 60 0 8 0.999647557735
13 14 0 8 0.999620974064
65 66 0 8 0.999620139599
55 56 0 8 0.999619305134
73 74 0 8 0.999596357346
37 38 0 8 0.999570906162
15 16 0 8 0.999553203583
68 69 0 8 0.999540448189
36 37 0 8 0.999274432659
76 77 0 8 0.998967051506
77 78 0 8 0.998497724533
4 5 0 8 0.99839669466
35 36 0 8 0.997775971889
10 11 0 8 0.997669875622
42 44 0 8 0.99744361639
11 12 0 8 0.997261106968
5 6 0 8 0.996951162815
6 7 0 8 0.996719002724
34 35 0 8 0.996686518192
74 75 0 8 0.996650993824
8 9 0 8 0.996468603611
23 25 0 8 0.996403038502
75 76 0 8 0.996277570724
12 13 0 8 0.995957493782
43 46 0 8 0.995957136154
7 8 0 8 0.99587649107
22 24 0 8 0.995851039886
43 45 0 8 0.995573401451
45 47 0 8 0.995544552803
20 22 0 8 0.995035290718
44 46 0 8 0.994972109795
19 21 0 8 0.994921088219
41 43 0 8 0.99441576004
21 23 0 8 0.994307100773
23 26 0 8 0.994207084179
9 10 0 8 0.994011819363
18 20 0 8 0.992637336254
42 45 0 8 0.991920173168
46 48 0 8 0.991004824638
24 26 0 8 0.989460289478
55 57 0 8 0.989082634449
19 22 0 8 0.988138973713
20 23 0 8 0.988080739975
40 42 0 8 0.987761318684
21 24 0 8 0.98761677742
26 28 0 8 0.987600028515
16 19 0 8 0.987001299858
45 48 0 8 0.986356317997
46 49 0 8 0.986243724823
42 46 0 8 0.985874772072
41 44 0 8 0.98549592495
56 58 0 8 0.985335230827
44 47 0 8 0.985007286072
17 19 0 8 0.984963715076
25 27 0 8 0.984013259411
21 25 0 8 0.983274161816
43 47 0 8 0.983100950718
20 24 0 8 0.983022511005
53 55 0 8 0.982476949692
22 25 0 8 0.982473134995
25 28 0 8 0.982020974159
24 27 0 8 0.981647193432
17 20 0 8 0.980900466442
65 67 0 8 0.980415344238
24 28 0 8 0.979293048382
18 21 0 8 0.978473186493
39 42 0 8 0.978469133377
54 56 0 8 0.977286756039
40 43 0 8 0.977139890194
23 27 0 8 0.976522743702
16 18 0 8 0.975384175777
39 41 0 8 0.975010216236
57 59 0 8 0.974236667156
58 60 0 8 0.974094867706
44 48 0 8 0.973233997822
49 51 0 8 0.972684025764
38 40 0 8 0.971701562405
67 69 0 8 0.96834820509
27 29 0 8 0.967119634151
45 49 0 8 0.966440737247
22 26 0 8 0.966011703014
62 64 0 8 0.964702606201
52 54 0 8 0.964115798473
38 42 0 8 0.962769448757
54 57 0 8 0.960502624512
16 20 0 8 0.959869801998
41 45 0 8 0.959858894348
19 23 0 8 0.959552407265
56 59 0 8 0.958788096905
55 58 0 8 0.95608907938
38 41 0 8 0.955149650574
26 29 0 8 0.951407074928
66 68 0 8 0.95066100359
42 56 0 8 0.949497938156
17 21 0 8 0.94720941782
63 65 0 8 0.945476949215
39 43 0 8 0.945368230343
40 44 0 8 0.944330573082
51 55 0 8 0.942567944527
64 66 0 8 0.941084682941
18 22 0 8 0.939705491066
52 55 0 8 0.939690172672
58 61 0 8 0.939353168011
25 29 0 8 0.939122796059
59 61 0 8 0.938816547394
53 56 0 8 0.936539411545
15 20 0 8 0.935666263103
57 60 0 8 0.93179577589
35 37 0 8 0.929415643215
68 70 0 8 0.928795099258
53 57 0 8 0.925694227219
55 59 0 8 0.92421489954
47 49 0 8 0.920659720898
67 70 0 8 0.917754948139
15 19 0 8 0.913681089878
60 62 0 8 0.910743415356
61 63 0 8 0.905222177505
36 38 0 8 0.903082251549
66 69 0 8 0.903042912483
48 50 0 8 0.901431918144
56 60 0 8 0.897875905037
27 30 0 8 0.895923137665
64 67 0 8 0.894450902939
11 13 0 8 0.889603018761
57 61 0 8 0.887688159943
9 11 0 8 0.88760972023
37 39 0 8 0.887202084064
26 30 0 8 0.886894226074
54 58 0 8 0.886521995068
65 69 0 8 0.883001506329
63 67 0 8 0.877927780151
65 68 0 8 0.872556388378
42 57 0 8 0.870455622673
13 15 0 8 0.86623686552
63 66 0 8 0.862439513206
51 56 0 8 0.86189031601
47 50 0 8 0.861874759197
70 72 0 8 0.860053360462
5 7 0 8 0.859226107597
46 56 0 8 0.858619451523
66 70 0 8 0.85229331255
72 74 0 8 0.847576379776
36 39 0 8 0.847274303436
62 65 0 8 0.846635639668
78 80 0 8 0.844346761703
28 30 0 8 0.840953469276
61 65 0 8 0.84066259861
74 76 0 8 0.840376317501
58 62 0 8 0.835459649563
69 71 0 8 0.833774626255
46 51 0 8 0.832736074924
62 66 0 8 0.829074919224
59 62 0 8 0.828187167645
64 68 0 8 0.828030049801
2 4 0 8 0.827613532543
31 33 0 8 0.825435161591
4 6 0 8 0.825095832348
32 34 0 8 0.81911277771
67 71 0 8 0.814888298512
15 51 0 8 0.808342933655
12 14 0 8 0.805979788303
35 39 0 8 0.801394462585
34 36 0 8 0.798178851604
1 3 0 8 0.796885550022
46 53 0 8 0.79594451189
35 38 0 8 0.793645083904
26 41 0 8 0.792121589184
45 56 0 8 0.791215598583
10 12 0 8 0.789440393448
68 71 0 8 0.786224722862
37 41 0 8 0.783104002476
77 79 0 8 0.779776573181
60 64 0 8 0.773012518883
52 56 0 8 0.768263697624
51 53 0 8 0.767177164555
6 8 0 8 0.761946380138
71 73 0 8 0.756046652794
8 10 0 8 0.754236757755
61 64 0 8 0.753340542316
7 9 0 8 0.75141364336
33 35 0 8 0.74695622921
30 32 0 8 0.746644020081
15 55 0 8 0.743922472
29 31 0 8 0.743506968021
76 78 0 8 0.742732346058
27 67 0 8 0.742122352123
10 13 0 8 0.740496337414
46 50 0 8 0.738770604134
34 37 0 8 0.734603047371
59 63 0 8 0.73156529665
42 53 0 8 0.72519993782
37 40 0 8 0.719899475574
3 5 0 8 0.712757050991
60 63 0 8 0.707988262177
34 38 0 8 0.702246785164
27 31 0 8 0.700913250446
73 75 0 8 0.698476195335
75 77 0 8 0.68681794405
9 12 0 8 0.677349209785
33 37 0 8 0.642547726631
11 14 0 8 0.634830534458
28 31 0 8 0.629379272461
50 52 0 8 0.619543850422
24 63 0 8 0.619437456131
26 45 0 8 0.618667602539
19 49 0 8 0.615243911743
42 60 0 8 0.612895131111
43 53 0 8 0.607680082321
30 41 0 8 0.603308141232
14 16 0 8 0.581804931164
9 13 0 8 0.57770884037
46 52 0 8 0.576027870178
36 40 0 8 0.573145210743
15 23 0 8 0.57154917717
13 51 0 8 0.568962574005
31 34 0 8 0.539404988289
27 63 0 8 0.532739281654
37 60 0 8 0.529387176037
15 36 0 8 0.523869395256
15 17 0 8 0.508793354034
31 35 0 8 0.507720053196
22 45 0 8 0.494897216558
30 35 0 8 0.488063007593
33 36 0 8 0.485274106264
42 55 0 8 0.481423646212
8 11 0 8 0.472091168165
13 55 0 8 0.466578900814
35 67 0 8 0.465320944786
22 48 0 8 0.460286319256
67 72 0 8 0.455225467682
68 72 0 8 0.453305780888
10 14 0 8 0.447647064924
15 58 0 8 0.438100606203
23 45 0 8 0.43488946557
26 37 0 8 0.423701584339
22 49 0 8 0.41943269968
27 34 0 8 0.413090467453
45 51 0 8 0.405776947737
19 51 0 8 0.372173279524
42 61 0 8 0.356726318598
26 49 0 8 0.354392915964
69 72 0 8 0.345583498478
47 51 0 8 0.333700835705
59 64 0 8 0.329634279013
39 65 0 8 0.32931637764
30 38 0 8 0.320371776819
46 55 0 8 0.314858019352
23 42 0 8 0.311765998602
7 11 0 8 0.311141967773
4 7 0 8 0.30648702383
8 12 0 8 0.305395036936
30 33 0 8 0.299033910036
30 37 0 8 0.298092663288
13 20 0 8 0.291034668684
49 56 0 8 0.278075188398
29 32 0 8 0.27394220233
3 6 0 8 0.272273808718
75 78 0 8 0.264073044062
45 60 0 8 0.261325180531
27 32 0 8 0.26082238555
12 55 0 8 0.255649864674
23 56 0 8 0.254089951515
32 36 0 8 0.247634336352
12 20 0 8 0.246753126383
27 42 0 8 0.244274124503
12 15 0 8 0.243839085102
30 34 0 8 0.243478953838
73 76 0 8 0.242595240474
33 38 0 8 0.236869886518
72 75 0 8 0.235146820545
2 5 0 8 0.233317121863
77 80 0 8 0.227659732103
9 55 0 8 0.226022601128
14 20 0 8 0.223056226969
26 31 0 8 0.221467658877
27 45 0 8 0.220952659845
51 59 0 8 0.21859999001
28 32 0 8 0.210696384311
11 41 0 8 0.208883270621
20 61 0 8 0.208386063576
2 6 0 8 0.208069875836
37 42 0 8 0.206811204553
74 77 0 8 0.203049272299
27 38 0 8 0.201026663184
76 79 0 8 0.197064399719
19 42 0 8 0.195582404733
27 46 0 8 0.194451108575
45 59 0 8 0.194096982479
74 78 0 8 0.192995265126
39 53 0 8 0.191374257207
11 15 0 8 0.191318765283
8 13 0 8 0.185843840241
23 49 0 8 0.184839472175
23 59 0 8 0.18448330462
60 65 0 8 0.18332760036
76 80 0 8 0.183269992471
32 35 0 8 0.181307569146
73 77 0 8 0.181304454803
9 59 0 8 0.181032598019
19 46 0 8 0.181029468775
12 19 0 8 0.179224207997
31 60 0 8 0.179149463773
72 76 0 8 0.179145768285
75 79 0 8 0.179055690765
30 36 0 8 0.178453683853
7 10 0 8 0.177865475416
3 7 0 8 0.17747195065
5 8 0 8 0.176674857736
31 36 0 8 0.175798505545
27 33 0 8 0.174596995115
71 74 0 8 0.170404091477
15 56 0 8 0.167703956366
15 59 0 8 0.166677162051
49 59 0 8 0.166119650006
15 57 0 8 0.156376466155
31 37 0 8 0.156281843781
1 4 0 8 0.155726715922
20 63 0 8 0.153474658728
48 51 0 8 0.153080821037
9 14 0 8 0.152682825923
29 41 0 8 0.15235696733
26 35 0 8 0.151633352041
12 62 0 8 0.150286585093
32 60 0 8 0.14733377099
58 65 0 8 0.147050201893
46 60 0 8 0.142442032695
9 51 0 8 0.140865325928
19 66 0 8 0.140431821346
12 58 0 8 0.139897346497
27 37 0 8 0.137661159039
15 49 0 8 0.137337684631
23 38 0 8 0.135751798749
1 5 0 8 0.135272115469
23 51 0 8 0.135107904673
68 73 0 8 0.134815603495
11 61 0 8 0.133647367358
31 38 0 8 0.13148394227
26 42 0 8 0.131184071302
23 37 0 8 0.130726844072
45 55 0 8 0.130440190434
7 59 0 8 0.126290813088
34 74 0 8 0.126097723842
22 41 0 8 0.125704944134
4 8 0 8 0.123789146543
51 54 0 8 0.123225338757
70 73 0 8 0.120362229645
42 63 0 8 0.120278902352
8 70 0 8 0.11914011091
37 45 0 8 0.118050940335
21 39 0 8 0.117977067828
14 54 0 8 0.115530714393
31 42 0 8 0.11550860852
61 66 0 8 0.115136988461
19 45 0 8 0.114593617618
6 9 0 8 0.114487200975
34 60 0 8 0.113375909626
57 65 0 8 0.112353414297
51 66 0 8 0.112210795283
5 9 0 8 0.111714221537
49 55 0 8 0.11005473882
50 55 0 8 0.109553150833
15 53 0 8 0.109462760389
10 15 0 8 0.10891225934
6 10 0 8 0.108579941094
12 23 0 8 0.107877857983
8 59 0 8 0.107633315027
23 64 0 8 0.107222042978
27 59 0 8 0.10692243278
27 56 0 8 0.106288768351
71 75 0 8 0.105733506382
27 60 0 8 0.105281300843
23 46 0 8 0.104593373835
26 38 0 8 0.103759266436
19 61 0 8 0.102887801826
24 59 0 8 0.102197557688
14 19 0 8 0.10206644237
74 79 0 8 0.10190782696
32 37 0 8 0.101532407105
14 17 0 8 0.100994832814
34 63 0 8 0.100954033434
9 53 0 8 0.100400291383
23 60 0 8 0.100356735289
15 62 0 8 0.0996313616633
32 46 0 8 0.0992706641555
13 63 0 8 0.0992628633976
10 59 0 8 0.0979322567582
15 52 0 8 0.097117215395
70 74 0 8 0.0966927409172
8 52 0 8 0.0960833504796
30 42 0 8 0.0956239700317
9 15 0 8 0.095561273396
69 73 0 8 0.0950498357415
23 63 0 8 0.0934733897448
7 12 0 8 0.0934454128146
59 65 0 8 0.0932566225529
34 39 0 8 0.0931580811739
29 33 0 8 0.0916282460093
13 59 0 8 0.0910743027925
2 7 0 8 0.0906995981932
9 61 0 8 0.0905577540398
12 53 0 8 0.089967533946
33 75 0 8 0.0899293646216
8 58 0 8 0.0899238213897
42 66 0 8 0.0897170230746
14 51 0 8 0.0887372419238
16 51 0 8 0.0885959267616
9 38 0 8 0.0883658900857
12 56 0 8 0.0879081487656
45 72 0 8 0.0878919437528
10 53 0 8 0.0876655951142
8 26 0 8 0.0876178368926
23 65 0 8 0.0862518921494
41 59 0 8 0.0860658809543
11 54 0 8 0.0853773802519
13 58 0 8 0.0850295200944
32 56 0 8 0.0846473574638
36 41 0 8 0.0842705070972
31 61 0 8 0.0831776559353
15 60 0 8 0.0822659358382
15 64 0 8 0.0820997059345
36 42 0 8 0.0816720873117
36 55 0 8 0.0810641720891
8 55 0 8 0.0808720365167
59 66 0 8 0.0805312767625
32 61 0 8 0.0805221125484
67 73 0 8 0.0802933573723
68 74 0 8 0.0801174417138
42 59 0 8 0.0800136849284
27 35 0 8 0.0796022564173
33 60 0 8 0.0795205235481
75 80 0 8 0.0786179229617
49 52 0 8 0.0778755545616
14 18 0 8 0.0775036290288
12 16 0 8 0.0750447437167
34 42 0 8 0.074648052454
9 58 0 8 0.0745918080211
36 61 0 8 0.0742828026414
23 67 0 8 0.0741938427091
34 75 0 8 0.0741796642542
47 52 0 8 0.0738795176148
9 56 0 8 0.0738249719143
12 60 0 8 0.0737778544426
70 75 0 8 0.0735841915011
13 16 0 8 0.0729859322309
10 55 0 8 0.072723865509
57 63 0 8 0.0725023970008
49 61 0 8 0.0722736418247
23 41 0 8 0.0718949064612
15 45 0 8 0.0718627646565
38 66 0 8 0.071398742497
8 74 0 8 0.0710064843297
9 23 0 8 0.0704307556152
27 36 0 8 0.0695868507028
8 56 0 8 0.0695082768798
10 52 0 8 0.0693717896938
7 13 0 8 0.0692999884486
48 56 0 8 0.0691311731935
15 54 0 8 0.0687494575977
11 70 0 8 0.0687070935965
5 74 0 8 0.0684813335538
45 64 0 8 0.0681626796722
11 59 0 8 0.068095356226
9 70 0 8 0.0678467229009
67 74 0 8 0.0678081810474
32 38 0 8 0.0672442615032
32 68 0 8 0.0672070905566
9 20 0 8 0.0671986117959
37 55 0 8 0.0659072473645
60 66 0 8 0.0655732452869
19 41 0 8 0.0651315674186
33 61 0 8 0.0648313462734
32 74 0 8 0.0640766397119
31 46 0 8 0.0636595785618
58 64 0 8 0.0635462626815
14 37 0 8 0.0633108839393
34 72 0 8 0.06328317523
29 54 0 8 0.0632465332747
13 56 0 8 0.0621880143881
47 53 0 8 0.0621417686343
31 64 0 8 0.0620599500835
49 53 0 8 0.0618592873216
8 65 0 8 0.0611016079783
30 39 0 8 0.0610031820834
8 14 0 8 0.0609749220312
23 69 0 8 0.0608186796308
12 59 0 8 0.0607064142823
13 19 0 8 0.0602764002979
7 72 0 8 0.0596002079546
14 52 0 8 0.0595444180071
15 65 0 8 0.0594182536006
72 77 0 8 0.0593015812337
11 17 0 8 0.0592275671661
19 53 0 8 0.0588363707066
37 57 0 8 0.0587557181716
39 57 0 8 0.0583884008229
23 53 0 8 0.0583764202893
28 33 0 8 0.0583502836525
64 69 0 8 0.0581680759788
18 48 0 8 0.0578843802214
31 63 0 8 0.0578101836145
73 78 0 8 0.0578056238592
9 33 0 8 0.0575361102819
14 49 0 8 0.0573401302099
12 61 0 8 0.0572484061122
16 53 0 8 0.0570968054235
13 65 0 8 0.0562749654055
5 75 0 8 0.0560270659626
36 45 0 8 0.0559580177069
33 74 0 8 0.0557734742761
46 59 0 8 0.0557554736733
31 59 0 8 0.0555436238647
19 44 0 8 0.0555017888546
33 63 0 8 0.0551916994154
32 59 0 8 0.0549872219563
7 60 0 8 0.0549644939601
23 61 0 8 0.0546798557043
9 54 0 8 0.0542694404721
29 38 0 8 0.0540863648057
7 74 0 8 0.0536980889738
27 61 0 8 0.0534889921546
69 74 0 8 0.0532700680196
7 64 0 8 0.0532467477024
14 39 0 8 0.0531210452318
15 38 0 8 0.0531134195626
7 73 0 8 0.0529624298215
7 62 0 8 0.0529255755246
34 56 0 8 0.0527816228569
3 8 0 8 0.0527621172369
13 49 0 8 0.0525909811258
28 34 0 8 0.0524738691747
15 61 0 8 0.0522125437856
73 79 0 8 0.0521923713386
7 61 0 8 0.0514180697501
8 72 0 8 0.0513265356421
34 59 0 8 0.0512779615819
1 6 0 8 0.0511179156601
6 75 0 8 0.0510461032391
36 57 0 8 0.0508608967066
15 42 0 8 0.0507954843342
6 74 0 8 0.0506119504571
32 75 0 8 0.0505741126835
15 18 0 8 0.0505149923265
8 51 0 8 0.0504409186542
31 56 0 8 0.0497542358935
49 63 0 8 0.0497193485498
8 73 0 8 0.0495729446411
39 67 0 8 0.0493650771677
9 65 0 8 0.0493012815714
32 63 0 8 0.0490669645369
15 41 0 8 0.0489243753254
7 63 0 8 0.0487849265337
30 64 0 8 0.0487150847912
38 60 0 8 0.048381075263
37 56 0 8 0.0482601895928
10 62 0 8 0.0482264533639
9 49 0 8 0.048217356205
21 45 0 8 0.0478070750833
7 52 0 8 0.0477507635951
15 70 0 8 0.047738712281
29 72 0 8 0.0472083128989
27 41 0 8 0.047152440995
26 55 0 8 0.0467056147754
24 46 0 8 0.0464142933488
14 72 0 8 0.0462706536055
31 66 0 8 0.0461659021676
12 51 0 8 0.0460549518466
31 65 0 8 0.0459639281034
22 59 0 8 0.0456953495741
6 11 0 8 0.0456369034946
23 31 0 8 0.0455789938569
74 80 0 8 0.045561440289
31 39 0 8 0.0455000288785
8 61 0 8 0.0454913750291
15 50 0 8 0.0452521443367
23 52 0 8 0.0449833981693
9 72 0 8 0.0448941290379
37 72 0 8 0.0445857010782
15 37 0 8 0.0445196814835
9 74 0 8 0.0444484427571
35 74 0 8 0.044376436621
19 56 0 8 0.0442016907036
20 65 0 8 0.0441447235644
58 66 0 8 0.0439455658197
13 62 0 8 0.0439302437007
4 9 0 8 0.0439013540745
19 57 0 8 0.043785944581
24 53 0 8 0.0437331199646
10 19 0 8 0.043700683862
14 59 0 8 0.043658297509
34 61 0 8 0.0436429306865
31 45 0 8 0.0436251834035
31 67 0 8 0.0434172712266
7 75 0 8 0.0431551001966
66 72 0 8 0.0430944338441
8 71 0 8 0.0429651550949
26 44 0 8 0.0429507568479
9 42 0 8 0.0429104007781
73 80 0 8 0.0427913442254
27 49 0 8 0.0426985286176
31 68 0 8 0.0425311923027
30 59 0 8 0.0425176396966
26 74 0 8 0.0424551591277
10 58 0 8 0.0423703752458
24 67 0 8 0.0423679761589
13 36 0 8 0.0421537086368
22 44 0 8 0.0420424491167
45 53 0 8 0.0419950485229
24 49 0 8 0.041969999671
30 56 0 8 0.0419603213668
39 70 0 8 0.0419186875224
8 38 0 8 0.0419100485742
14 65 0 8 0.0418736487627
38 72 0 8 0.0418016426265
28 72 0 8 0.0416995622218
24 45 0 8 0.0416571646929
9 71 0 8 0.0416472032666
7 67 0 8 0.0416142381728
8 15 0 8 0.041527826339
23 55 0 8 0.0413055494428
31 62 0 8 0.0411784388125
13 50 0 8 0.0404206477106
15 66 0 8 0.0402494743466
12 63 0 8 0.0401194170117
29 34 0 8 0.0400087162852
33 73 0 8 0.0399321690202
16 49 0 8 0.0399195365608
45 57 0 8 0.0398516096175
14 36 0 8 0.0398380458355
13 57 0 8 0.0396962575614
27 68 0 8 0.0396147407591
9 75 0 8 0.0395708531141
7 70 0 8 0.0393001846969
25 74 0 8 0.0392832383513
27 65 0 8 0.0388829633594
72 78 0 8 0.0388431362808
9 52 0 8 0.0387633778155
14 23 0 8 0.0387532114983
8 35 0 8 0.0386668667197
26 59 0 8 0.0384719707072
20 36 0 8 0.0384043715894
11 23 0 8 0.0383465141058
12 33 0 8 0.0382910482585
36 64 0 8 0.0382818207145
23 72 0 8 0.0380714163184
29 40 0 8 0.03794939816
35 40 0 8 0.0379410870373
31 72 0 8 0.037759847939
18 45 0 8 0.0375971086323
20 59 0 8 0.0374998524785
13 64 0 8 0.0374741703272
9 45 0 8 0.0374628901482
20 51 0 8 0.0374206118286
12 42 0 8 0.0372121706605
35 75 0 8 0.0371737331152
56 64 0 8 0.0370985344052
20 72 0 8 0.037054143846
12 46 0 8 0.036977596581
2 8 0 8 0.0369472652674
7 71 0 8 0.0369283780456
24 72 0 8 0.0368928313255
15 63 0 8 0.0368585139513
27 57 0 8 0.036842841655
7 58 0 8 0.0368074774742
24 51 0 8 0.0367876775563
41 60 0 8 0.0367105193436
31 41 0 8 0.036635927856
8 60 0 8 0.0366093404591
7 15 0 8 0.0366005375981
27 55 0 8 0.036574177444
71 76 0 8 0.0365403220057
8 67 0 8 0.0364170707762
46 57 0 8 0.0363328643143
36 65 0 8 0.0363113023341
12 50 0 8 0.0362984202802
31 70 0 8 0.0362929776311
20 45 0 8 0.0362311415374
18 54 0 8 0.0361993536353
72 80 0 8 0.036141179502
38 74 0 8 0.036134429276
26 60 0 8 0.0359805934131
19 54 0 8 0.0359789058566
12 65 0 8 0.035931840539
16 61 0 8 0.0359317846596
12 52 0 8 0.0358951985836
13 52 0 8 0.0357636138797
68 75 0 8 0.0357342362404
26 72 0 8 0.0357044897974
16 54 0 8 0.0352912135422
6 73 0 8 0.035279199481
6 61 0 8 0.0352078340948
30 55 0 8 0.0348895564675
11 50 0 8 0.0348050072789
46 54 0 8 0.0346731729805
5 50 0 8 0.03461458534
8 49 0 8 0.0346085689962
26 51 0 8 0.0343495383859
9 34 0 8 0.0343256928027
8 63 0 8 0.0343192704022
5 64 0 8 0.0341170690954
59 68 0 8 0.0339943021536
39 55 0 8 0.0337174646556
22 42 0 8 0.0335895456374
23 44 0 8 0.0335539244115
45 70 0 8 0.0335313566029
19 63 0 8 0.0334957540035
32 65 0 8 0.033247385174
26 56 0 8 0.0331769250333
56 61 0 8 0.0330188944936
24 42 0 8 0.0329892039299
15 72 0 8 0.0328240543604
27 72 0 8 0.0326832011342
25 73 0 8 0.0326522067189
30 60 0 8 0.0326240174472
5 52 0 8 0.0326121523976
38 43 0 8 0.0325530692935
32 64 0 8 0.0325352028012
35 70 0 8 0.0324208363891
37 73 0 8 0.0323706232011
57 62 0 8 0.0321658477187
7 50 0 8 0.0321015417576
12 38 0 8 0.0320067033172
30 45 0 8 0.0319606587291
36 59 0 8 0.0317451655865
32 73 0 8 0.031728323549
6 71 0 8 0.0316174663603
57 66 0 8 0.0314764268696
23 58 0 8 0.0314501971006
5 61 0 8 0.0314178392291
35 58 0 8 0.0314152762294
31 57 0 8 0.0314014740288
27 53 0 8 0.0313121750951
29 37 0 8 0.0311542488635
70 76 0 8 0.0310796815902
58 63 0 8 0.0310453362763
1 7 0 8 0.0309749562293
19 50 0 8 0.030770400539
34 73 0 8 0.0307504106313
43 56 0 8 0.0307119935751
19 60 0 8 0.0306501407176
19 59 0 8 0.03059816733
32 72 0 8 0.0305183641613
11 66 0 8 0.0305157694966
8 23 0 8 0.0304732155055
18 70 0 8 0.030322631821
41 63 0 8 0.0301080718637
33 64 0 8 0.0299949683249
6 52 0 8 0.0299532786012
14 53 0 8 0.029938083142
7 23 0 8 0.0298490766436
8 54 0 8 0.029838135466
5 23 0 8 0.0298320986331
11 55 0 8 0.0297998897731
17 72 0 8 0.0297529622912
5 62 0 8 0.0296109467745
43 57 0 8 0.0295405201614
6 50 0 8 0.029346100986
11 65 0 8 0.0292856767774
60 74 0 8 0.0292118154466
17 69 0 8 0.0291397869587
20 42 0 8 0.0290767606348
13 17 0 8 0.0290339756757
20 46 0 8 0.0290296133608
6 64 0 8 0.0289620049298
38 67 0 8 0.0289195571095
67 75 0 8 0.0286528673023
8 50 0 8 0.0285990480334
22 40 0 8 0.0285229049623
24 39 0 8 0.0285222772509
30 58 0 8 0.0284557882696
36 56 0 8 0.0283111352473
8 75 0 8 0.0282717961818
8 64 0 8 0.0282716788352
13 53 0 8 0.0282710567117
23 39 0 8 0.0282494835556
72 79 0 8 0.0281872674823
14 44 0 8 0.0281422995031
12 49 0 8 0.0281072054058
28 38 0 8 0.0280324425548
9 60 0 8 0.0279612541199
33 72 0 8 0.0279129203409
5 54 0 8 0.0277597717941
9 50 0 8 0.0276569742709
35 55 0 8 0.0276098772883
20 60 0 8 0.027588557452
23 62 0 8 0.0274988207966
49 54 0 8 0.0274884104729
36 62 0 8 0.0274576153606
32 45 0 8 0.0273975469172
42 62 0 8 0.0273189544678
6 51 0 8 0.0273137297481
5 53 0 8 0.0270800180733
26 70 0 8 0.0270775221288
11 52 0 8 0.0270098019391
30 72 0 8 0.0269035641104
20 55 0 8 0.026804946363
11 49 0 8 0.0267935041338
35 60 0 8 0.0267910920084
3 9 0 8 0.0267807748169
30 70 0 8 0.0267089530826
11 58 0 8 0.0266946963966
21 74 0 8 0.0266460999846
5 57 0 8 0.0265369303524
35 61 0 8 0.0265249162912
5 11 0 8 0.0263523049653
49 70 0 8 0.0263239853084
5 48 0 8 0.0261926651001
31 58 0 8 0.0260959751904
31 74 0 8 0.02604563348
10 34 0 8 0.0260317754
6 70 0 8 0.0260109640658
48 55 0 8 0.0260094292462
49 60 0 8 0.0259703081101
36 58 0 8 0.0259649418294
6 35 0 8 0.0259152296931
14 63 0 8 0.0258939806372
34 45 0 8 0.0258862487972
20 38 0 8 0.0258627813309
5 10 0 8 0.0258386936039
35 62 0 8 0.0258315168321
6 62 0 8 0.0258264951408
9 63 0 8 0.0257183555514
27 51 0 8 0.0256854593754
35 69 0 8 0.0256838891655
35 72 0 8 0.0255325380713
55 60 0 8 0.0255144275725
61 68 0 8 0.0253116581589
22 38 0 8 0.025228748098
60 72 0 8 0.0250124763697
16 75 0 8 0.0250048544258
34 64 0 8 0.0249836705625
22 70 0 8 0.0249730031937
50 53 0 8 0.0249191001058
11 48 0 8 0.0248500108719
21 75 0 8 0.02478617616
11 64 0 8 0.024663714692
23 70 0 8 0.0245469212532
6 23 0 8 0.0245382748544
6 28 0 8 0.024525243789
6 12 0 8 0.0244140140712
35 73 0 8 0.0243740733713
53 63 0 8 0.0243529863656
14 61 0 8 0.0243471059948
24 74 0 8 0.0243378765881
13 46 0 8 0.0242587439716
6 48 0 8 0.0242115072906
12 66 0 8 0.0241134166718
17 74 0 8 0.0240947026759
6 58 0 8 0.0240726452321
15 67 0 8 0.0240236110985
19 48 0 8 0.0239589512348
5 68 0 8 0.0239531416446
7 69 0 8 0.0239422600716
7 26 0 8 0.0238019786775
24 57 0 8 0.0237922258675
16 45 0 8 0.0237636957318
30 57 0 8 0.023748960346
36 60 0 8 0.0237098168582
24 38 0 8 0.023703282699
8 48 0 8 0.0236717443913
7 22 0 8 0.0236072335392
27 39 0 8 0.0235707443208
7 53 0 8 0.0234978683293
28 41 0 8 0.0234789848328
37 64 0 8 0.0233678426594
7 55 0 8 0.023345772177
5 73 0 8 0.0233214050531
7 33 0 8 0.0232984218746
28 70 0 8 0.0232891254127
16 44 0 8 0.0232492871583
14 45 0 8 0.0231457874179
13 66 0 8 0.0231037084013
9 62 0 8 0.0231019370258
22 54 0 8 0.0230097360909
10 33 0 8 0.0230062864721
10 63 0 8 0.0229844357818
14 35 0 8 0.0229398049414
24 56 0 8 0.0228552371264
11 62 0 8 0.022746168077
19 65 0 8 0.0227215271443
15 75 0 8 0.022696910426
23 74 0 8 0.022661536932
5 49 0 8 0.022657956928
49 69 0 8 0.0225945655257
30 74 0 8 0.0225931648165
32 69 0 8 0.0225835591555
13 75 0 8 0.0225486084819
12 74 0 8 0.0225077681243
23 57 0 8 0.0225047469139
13 54 0 8 0.0224983431399
23 54 0 8 0.0224943067878
27 69 0 8 0.0224922299385
22 74 0 8 0.0224262047559
5 35 0 8 0.0223884396255
14 55 0 8 0.022363608703
39 60 0 8 0.022354118526
34 41 0 8 0.022335998714
17 70 0 8 0.0223246142268
20 70 0 8 0.0222826115787
9 64 0 8 0.0221504494548
38 64 0 8 0.0221278425306
11 35 0 8 0.0220439489931
49 72 0 8 0.0220374837518
38 58 0 8 0.0219955537468
33 69 0 8 0.0219820272177
14 50 0 8 0.021962415427
12 57 0 8 0.0219281949103
38 68 0 8 0.0218922197819
41 55 0 8 0.0218581426889
56 70 0 8 0.0218531992286
34 67 0 8 0.0218018367887
37 59 0 8 0.0217421110719
31 54 0 8 0.0217258986086
20 49 0 8 0.0217235833406
31 69 0 8 0.0217179097235
13 61 0 8 0.0215838216245
11 39 0 8 0.021578097716
9 48 0 8 0.0215751491487
30 54 0 8 0.0214910879731
42 72 0 8 0.0214856788516
14 60 0 8 0.0214128624648
13 35 0 8 0.0213771052659
26 66 0 8 0.0213647540659
71 78 0 8 0.0213559567928
8 20 0 8 0.0212813224643
29 67 0 8 0.0212730616331
9 73 0 8 0.0212728921324
10 64 0 8 0.0211958102882
9 57 0 8 0.0211632326245
13 60 0 8 0.0211514420807
37 61 0 8 0.0211481731385
24 60 0 8 0.0211363323033
13 33 0 8 0.0211228169501
6 14 0 8 0.0211227722466
50 56 0 8 0.0211139544845
7 27 0 8 0.0210362263024
6 30 0 8 0.0210171360523
20 58 0 8 0.0209641922265
33 62 0 8 0.020927188918
26 34 0 8 0.0209206398576
41 57 0 8 0.0208372659981
69 75 0 8 0.0208341833204
30 66 0 8 0.0208052340895
70 78 0 8 0.0207314211875
24 62 0 8 0.0207148548216
7 56 0 8 0.020712248981
11 45 0 8 0.0206484086812
22 75 0 8 0.020639076829
32 62 0 8 0.0206201989204
10 23 0 8 0.0206084977835
5 71 0 8 0.0205774530768
26 39 0 8 0.0205773282796
28 39 0 8 0.0205762889236
45 71 0 8 0.0205646641552
23 34 0 8 0.020539239049
7 54 0 8 0.0205322131515
6 72 0 8 0.0204983651638
26 61 0 8 0.0204983558506
71 77 0 8 0.0203222874552
35 71 0 8 0.0202788114548
59 72 0 8 0.0202514454722
47 56 0 8 0.0202402789146
42 64 0 8 0.0201849136502
6 13 0 8 0.020167408511
15 39 0 8 0.0201623346657
14 42 0 8 0.0201469101012
7 14 0 8 0.0201421007514
70 77 0 8 0.0201360136271
8 27 0 8 0.020135300234
4 16 0 8 0.0201307497919
11 40 0 8 0.0201301462948
17 54 0 8 0.0201227609068
36 66 0 8 0.0201064161956
10 16 0 8 0.0200979150832
37 74 0 8 0.0200974456966
26 63 0 8 0.0199356339872
60 69 0 8 0.0198927260935
38 73 0 8 0.0198131110519
22 57 0 8 0.0198043845594
35 41 0 8 0.0197808258235
34 62 0 8 0.0197775773704
50 54 0 8 0.0197222661227
2 9 0 8 0.0197124555707
11 72 0 8 0.0197099205106
20 74 0 8 0.0197075810283
14 41 0 8 0.0196879003197
51 65 0 8 0.0196768827736
31 73 0 8 0.0196687076241
18 75 0 8 0.0196500234306
31 75 0 8 0.0196462962776
26 53 0 8 0.0196346063167
71 79 0 8 0.0196276418865
12 75 0 8 0.0195918679237
5 47 0 8 0.0195368602872
10 68 0 8 0.0195299908519
8 53 0 8 0.0194989722222
63 75 0 8 0.0194982234389
27 64 0 8 0.0194965153933
6 47 0 8 0.0194853283465
11 56 0 8 0.0194658339024
6 60 0 8 0.0194482170045
26 64 0 8 0.0194398518652
7 65 0 8 0.0194281302392
25 48 0 8 0.0194262862206
24 34 0 8 0.0194249246269
38 63 0 8 0.0194180943072
29 36 0 8 0.0194045267999
11 47 0 8 0.0193896070123
6 26 0 8 0.0193329043686
47 70 0 8 0.0193177126348
48 52 0 8 0.0192777179182
21 70 0 8 0.0192307699472
9 46 0 8 0.0192058719695
55 62 0 8 0.0191759094596
5 20 0 8 0.0191539246589
24 73 0 8 0.0191419348121
66 71 0 8 0.0191257186234
9 43 0 8 0.0191086940467
13 34 0 8 0.01907944493
9 69 0 8 0.0190715007484
10 24 0 8 0.019049718976
23 35 0 8 0.0189870614558
41 64 0 8 0.0189380403608
5 72 0 8 0.0189218595624
56 72 0 8 0.0188874490559
23 48 0 8 0.0188499707729
49 57 0 8 0.018793117255
32 57 0 8 0.018746977672
5 31 0 8 0.0187431070954
8 66 0 8 0.018710333854
6 20 0 8 0.0186992101371
19 68 0 8 0.0186885837466
38 70 0 8 0.0186535827816
8 24 0 8 0.0185936894268
5 13 0 8 0.0185894910246
9 39 0 8 0.0185873769224
8 30 0 8 0.0185532569885
5 33 0 8 0.0185388978571
25 72 0 8 0.0185370538384
34 70 0 8 0.0184813234955
10 70 0 8 0.0184711236507
35 64 0 8 0.0184685122222
13 23 0 8 0.0184551551938
60 67 0 8 0.0184049922973
11 63 0 8 0.0183112826198
5 51 0 8 0.0183071121573
49 74 0 8 0.0182911697775
22 46 0 8 0.018287172541
7 66 0 8 0.0182613376528
32 70 0 8 0.0182532090694
45 73 0 8 0.0182513818145
5 12 0 8 0.0182135738432
23 75 0 8 0.0182122644037
32 53 0 8 0.0181985031813
20 68 0 8 0.0181712470949
6 49 0 8 0.0181654058397
23 36 0 8 0.0180602055043
14 69 0 8 0.0180320683867
15 22 0 8 0.0180242341012
7 35 0 8 0.0180206429213
5 34 0 8 0.0180141888559
28 37 0 8 0.0179653521627
11 69 0 8 0.0179604645818
19 52 0 8 0.0179405268282
69 76 0 8 0.0179334450513
30 40 0 8 0.0178786125034
15 46 0 8 0.0178405158222
39 56 0 8 0.0178311746567
24 55 0 8 0.0178184378892
12 54 0 8 0.0178172606975
13 43 0 8 0.0178104192019
21 48 0 8 0.0177825894207
12 45 0 8 0.0177745874971
37 67 0 8 0.0177626274526
59 74 0 8 0.0177037809044
62 67 0 8 0.0176877584308
11 20 0 8 0.0176651217043
30 75 0 8 0.0176374390721
1 8 0 8 0.01763317734
57 69 0 8 0.0176117308438
53 58 0 8 0.0175742171705
20 69 0 8 0.0175396632403
8 62 0 8 0.0175192151219
8 57 0 8 0.017482213676
27 73 0 8 0.0174678936601
7 47 0 8 0.0174626894295
26 36 0 8 0.0174469649792
7 30 0 8 0.0174380391836
12 64 0 8 0.0174349434674
60 75 0 8 0.0174099244177
43 54 0 8 0.0173959638923
8 69 0 8 0.0173899829388
26 73 0 8 0.0173536408693
5 14 0 8 0.0173458922654
20 39 0 8 0.0173418447375
28 35 0 8 0.0173136070371
38 59 0 8 0.0173062402755
18 49 0 8 0.0172942914069
43 55 0 8 0.0172918457538
33 39 0 8 0.0172417424619
45 50 0 8 0.017202084884
30 63 0 8 0.017167294398
31 53 0 8 0.0170799940825
29 71 0 8 0.0170509591699
38 65 0 8 0.0170220844448
71 80 0 8 0.0170182380825
41 72 0 8 0.0169961564243
55 66 0 8 0.0169882252812
10 61 0 8 0.0169861223549
7 20 0 8 0.0169442761689
35 59 0 8 0.016929961741
10 41 0 8 0.0169274844229
48 75 0 8 0.0169197749346
17 22 0 8 0.0169129874557
13 38 0 8 0.0169116705656
7 38 0 8 0.0168497003615
10 38 0 8 0.0168368928134
28 53 0 8 0.0168226435781
14 34 0 8 0.0167579296976
19 38 0 8 0.0167543552816
33 41 0 8 0.0167537573725
45 69 0 8 0.0166476164013
56 75 0 8 0.0166317690164
4 10 0 8 0.0165984388441
27 62 0 8 0.016576372087
5 63 0 8 0.0165262613446
25 75 0 8 0.0165196843445
70 79 0 8 0.0165105760098
39 59 0 8 0.01650887914
22 69 0 8 0.0164852365851
1 9 0 8 0.016479415819
61 75 0 8 0.0164493564516
10 51 0 8 0.0164353065193
5 46 0 8 0.0164339728653
5 22 0 8 0.0164181794971
59 75 0 8 0.0164131894708
6 66 0 8 0.0164098050445
20 73 0 8 0.0163989942521
7 48 0 8 0.0163892675191
6 31 0 8 0.016366623342
8 34 0 8 0.0163541976362
23 32 0 8 0.0163387879729
30 73 0 8 0.0163258481771
12 48 0 8 0.0163221340626
48 53 0 8 0.0163218360394
11 60 0 8 0.0163046643138
29 35 0 8 0.016298532486
21 40 0 8 0.0162875503302
62 68 0 8 0.0162863358855
11 67 0 8 0.0162606257945
5 32 0 8 0.0162558890879
26 67 0 8 0.0162456743419
42 70 0 8 0.0161620229483
24 75 0 8 0.0161586087197
18 74 0 8 0.0161414034665
5 67 0 8 0.0161247905344
56 69 0 8 0.0161012038589
5 56 0 8 0.0160734448582
9 16 0 8 0.016064895317
9 19 0 8 0.0160643067211
38 75 0 8 0.0160426534712
27 70 0 8 0.0160267110914
5 16 0 8 0.0160171408206
38 56 0 8 0.0159886982292
26 50 0 8 0.015956396237
5 69 0 8 0.0159434266388
34 57 0 8 0.0159228444099
49 73 0 8 0.0159205943346
6 55 0 8 0.0159198250622
2 11 0 8 0.0158869959414
19 75 0 8 0.0158829651773
10 60 0 8 0.0158527400345
14 48 0 8 0.0158498995006
39 63 0 8 0.0158440750092
10 49 0 8 0.0158431455493
10 36 0 8 0.0158387888223
11 68 0 8 0.0158280599862
16 21 0 8 0.0158107187599
36 72 0 8 0.0158038400114
24 68 0 8 0.0158036183566
27 54 0 8 0.0158001985401
7 28 0 8 0.0157851241529
3 12 0 8 0.0157643500715
36 75 0 8 0.0157556664199
38 69 0 8 0.0157522298396
20 57 0 8 0.0157318897545
6 33 0 8 0.0157290548086
33 65 0 8 0.0157107636333
53 69 0 8 0.0156981963664
6 67 0 8 0.0156916547567
34 68 0 8 0.0156897325069
11 16 0 8 0.0156801920384
20 56 0 8 0.0156688541174
10 65 0 8 0.015647791326
37 68 0 8 0.0156177943572
18 72 0 8 0.0156153012067
14 58 0 8 0.0156024666503
27 75 0 8 0.0156023111194
14 46 0 8 0.0155881401151
41 74 0 8 0.0155790606514
24 36 0 8 0.0155374249443
27 74 0 8 0.0155232446268
57 64 0 8 0.0155021846294
26 58 0 8 0.0154895121232
53 65 0 8 0.0154826426879
7 51 0 8 0.0154545819387
8 22 0 8 0.0154303675517
15 48 0 8 0.0154303461313
44 54 0 8 0.0154230967164
7 25 0 8 0.0153619805351
37 75 0 8 0.0153215480968
4 11 0 8 0.0153065202758
33 71 0 8 0.0153013244271
26 32 0 8 0.0152868898585
20 62 0 8 0.0152856335044
8 33 0 8 0.0152843780816
68 77 0 8 0.0152674568817
22 34 0 8 0.0152345653623
24 48 0 8 0.0152298947796
10 57 0 8 0.0152202714235
22 51 0 8 0.0152181638405
14 56 0 8 0.01521578338
6 57 0 8 0.0152127193287
6 54 0 8 0.015192550607
6 56 0 8 0.0151677727699
6 63 0 8 0.0151364784688
21 72 0 8 0.0151253426448
33 68 0 8 0.0150898816064
5 30 0 8 0.0150868780911
33 70 0 8 0.0150827756152
17 75 0 8 0.0150755597278
16 48 0 8 0.0150737827644
20 67 0 8 0.0150695284829
11 73 0 8 0.0150494277477
10 69 0 8 0.0150108626112
22 60 0 8 0.0149923814461
37 43 0 8 0.0149842007086
36 74 0 8 0.0149775436148
3 10 0 8 0.0149772418663
46 70 0 8 0.0149625325575
11 74 0 8 0.0149555969983
37 66 0 8 0.0149357020855
6 53 0 8 0.0149355195463
12 67 0 8 0.0149319004267
7 24 0 8 0.0149283660576
1 13 0 8 0.0149204097688
26 68 0 8 0.0148715618998
34 71 0 8 0.0148689914495
4 63 0 8 0.0148517554626
61 74 0 8 0.0148329026997
70 80 0 8 0.0148235689849
38 71 0 8 0.0148038603365
3 14 0 8 0.0147704258561
44 59 0 8 0.0147652011365
9 67 0 8 0.0147309945896
23 68 0 8 0.0147250099108
25 30 0 8 0.0147225530818
28 59 0 8 0.0147120151669
25 44 0 8 0.014706258662
16 63 0 8 0.0147007051855
59 69 0 8 0.0146874291822
19 27 0 8 0.0146792745218
27 52 0 8 0.0146614918485
4 12 0 8 0.0146078495309
17 67 0 8 0.014590241015
24 32 0 8 0.0145872319117
7 29 0 8 0.0145836407319
7 16 0 8 0.0145387696102
16 56 0 8 0.0145004922524
10 72 0 8 0.0144654829055
9 36 0 8 0.0144502157345
3 11 0 8 0.0144466441125
12 18 0 8 0.0144421095029
4 53 0 8 0.0144410105422
24 35 0 8 0.0144213084131
26 62 0 8 0.0144117958844
32 39 0 8 0.0143783148378
67 76 0 8 0.0143562005833
48 59 0 8 0.0143367340788
45 74 0 8 0.014328670688
6 37 0 8 0.0143032968044
8 76 0 8 0.01430218108
42 74 0 8 0.0142896426842
30 68 0 8 0.0142875472084
18 50 0 8 0.0142746856436
27 66 0 8 0.0142572112381
22 37 0 8 0.0142500894144
31 71 0 8 0.0142227998003
16 50 0 8 0.0142101226375
13 72 0 8 0.0141916191205
25 31 0 8 0.0141012575477
27 58 0 8 0.0140682226047
14 71 0 8 0.0140537135303
33 53 0 8 0.0140254823491
6 34 0 8 0.0140004800633
39 69 0 8 0.0139775779098
36 73 0 8 0.0139739634469
22 72 0 8 0.013970836997
30 71 0 8 0.0139701999724
8 16 0 8 0.0139592736959
12 22 0 8 0.0139435501769
33 56 0 8 0.0139157800004
24 64 0 8 0.0138925770298
27 71 0 8 0.0138862617314
41 73 0 8 0.0138667710125
63 68 0 8 0.0138608971611
12 24 0 8 0.0138543937355
19 62 0 8 0.0138471843675
26 46 0 8 0.0138440197334
11 53 0 8 0.0138303497806
21 51 0 8 0.013793470338
57 74 0 8 0.0137912267819
37 65 0 8 0.0137602211908
34 69 0 8 0.0137188285589
29 75 0 8 0.0136556793004
6 22 0 8 0.0136372838169
68 76 0 8 0.0136241028085
34 53 0 8 0.0135341342539
13 69 0 8 0.013527280651
49 75 0 8 0.0135086933151
14 64 0 8 0.0134619157761
24 66 0 8 0.0134430956095
10 20 0 8 0.0134413633496
4 74 0 8 0.0134315211326
16 23 0 8 0.0134246731177
17 43 0 8 0.0134204169735
31 49 0 8 0.0133547084406
9 27 0 8 0.0133507382125
26 75 0 8 0.0133361229673
34 65 0 8 0.0133240194991
49 66 0 8 0.0132865346968
21 73 0 8 0.0132837276906
19 69 0 8 0.0132833030075
15 69 0 8 0.0132620325312
4 15 0 8 0.0132479444146
7 41 0 8 0.0132272336632
30 61 0 8 0.0132248811424
2 22 0 8 0.0132084069774
6 59 0 8 0.0132082588971
6 32 0 8 0.0132007710636
4 13 0 8 0.0131555227563
2 13 0 8 0.0131550142542
44 56 0 8 0.0131444334984
3 61 0 8 0.0131300855428
19 55 0 8 0.0131094697863
26 43 0 8 0.0130887953565
5 15 0 8 0.0130870277062
58 69 0 8 0.0130869159475
5 58 0 8 0.0130680538714
16 42 0 8 0.0130622982979
3 63 0 8 0.0130524672568
8 68 0 8 0.0130444839597
22 67 0 8 0.0130248842761
6 15 0 8 0.01302137319
48 72 0 8 0.0130159566179
69 77 0 8 0.012985705398
69 78 0 8 0.012978550978
30 69 0 8 0.0129749411717
41 70 0 8 0.012948051095
25 41 0 8 0.0128912851214
25 36 0 8 0.0128843812272
11 44 0 8 0.0128823379055
20 64 0 8 0.0128795364872
2 10 0 8 0.0128107955679
23 40 0 8 0.0128083173186
14 66 0 8 0.0127903558314
28 43 0 8 0.0127894356847
28 71 0 8 0.0127813341096
26 69 0 8 0.0127683933824
65 74 0 8 0.0127645889297
50 59 0 8 0.0127639276907
47 54 0 8 0.01274892129
24 61 0 8 0.012743328698
5 70 0 8 0.0127397887409
28 40 0 8 0.0127188097686
11 51 0 8 0.0127028143033
9 37 0 8 0.0126946726814
67 77 0 8 0.0126698100939
30 67 0 8 0.0126111963764
5 59 0 8 0.0126028805971
5 17 0 8 0.0126003110781
12 34 0 8 0.0125831961632
45 58 0 8 0.0125669660047
14 70 0 8 0.0125292474404
10 48 0 8 0.0125017324463
19 37 0 8 0.0124663552269
18 47 0 8 0.0124506037682
15 27 0 8 0.0124402940273
21 44 0 8 0.0124099273235
47 55 0 8 0.0123990969732
29 74 0 8 0.0123734893277
15 44 0 8 0.0123658524826
68 79 0 8 0.0123370876536
5 60 0 8 0.0123366648331
37 70 0 8 0.0123270871118
44 53 0 8 0.0122813358903
10 40 0 8 0.0122705651447
64 74 0 8 0.0122596817091
21 50 0 8 0.012245496735
55 65 0 8 0.0122137460858
11 18 0 8 0.012125428766
31 52 0 8 0.0121143702418
22 36 0 8 0.012100876309
3 52 0 8 0.0120893605053
33 59 0 8 0.0120462635532
11 71 0 8 0.0120386499912
21 69 0 8 0.0120348678902
10 56 0 8 0.0120252165943
10 73 0 8 0.0119962003082
26 33 0 8 0.0119758937508
26 48 0 8 0.0119674568996
49 65 0 8 0.0119622703642
30 65 0 8 0.0119523666799
9 68 0 8 0.0119430394843
29 43 0 8 0.0119404569268
15 68 0 8 0.0119015118107
1 10 0 8 0.0118976766244
48 54 0 8 0.0118801426142
66 74 0 8 0.0118463030085
17 61 0 8 0.0118188103661
33 67 0 8 0.0117998737842
35 68 0 8 0.0117911472917
62 75 0 8 0.0117851989344
3 53 0 8 0.011781972833
32 41 0 8 0.0117465266958
33 45 0 8 0.0117432726547
32 71 0 8 0.01173669938
31 40 0 8 0.0117328064516
19 39 0 8 0.0117229418829
29 44 0 8 0.0117117548361
11 37 0 8 0.0117088016123
2 63 0 8 0.0116938147694
52 57 0 8 0.0116845211014
7 40 0 8 0.0116777056828
4 52 0 8 0.0116302911192
16 68 0 8 0.0116109140217
16 65 0 8 0.0115802986547
35 63 0 8 0.01157834474
9 18 0 8 0.0115314377472
6 16 0 8 0.0115292686969
31 48 0 8 0.0115219997242
65 70 0 8 0.0115039786324
12 68 0 8 0.0114898346364
55 69 0 8 0.0114699052647
4 59 0 8 0.0114204762504
5 28 0 8 0.0114199426025
32 77 0 8 0.0114164343104
41 53 0 8 0.0113802719861
30 49 0 8 0.0113698001951
67 78 0 8 0.0113632511348
60 73 0 8 0.011344961822
13 22 0 8 0.0113168908283
28 75 0 8 0.0113138128072
26 57 0 8 0.0112967891619
36 69 0 8 0.0112873930484
3 15 0 8 0.0112831043079
2 14 0 8 0.0112660788
17 42 0 8 0.0112576466054
7 49 0 8 0.0112553918734
6 17 0 8 0.0112462677062
14 62 0 8 0.0112323369831
40 72 0 8 0.0112216230482
11 19 0 8 0.0111775780097
24 41 0 8 0.0111361965537
7 36 0 8 0.0111343599856
7 77 0 8 0.0110378265381
4 67 0 8 0.011027218774
66 73 0 8 0.0109906066209
25 42 0 8 0.0109390299767
6 44 0 8 0.010915318504
16 60 0 8 0.010908966884
32 67 0 8 0.010904549621
25 53 0 8 0.0109004396945
3 13 0 8 0.0108971707523
40 67 0 8 0.010895434767
14 30 0 8 0.010893794708
14 40 0 8 0.0108771249652
57 75 0 8 0.0108733139932
10 50 0 8 0.0108662387356
5 65 0 8 0.0108385626227
22 50 0 8 0.0108348308131
3 16 0 8 0.0108149172738
10 30 0 8 0.0108124185354
25 35 0 8 0.0108120050281
28 74 0 8 0.0108097158372
13 45 0 8 0.0107911722735
12 72 0 8 0.0107359020039
7 17 0 8 0.0107222972438
23 47 0 8 0.0107131265104
45 52 0 8 0.0107082556933
16 55 0 8 0.0106793697923
5 27 0 8 0.0106722684577
14 57 0 8 0.0106640607119
6 65 0 8 0.0106602422893
41 66 0 8 0.0106377163902
5 76 0 8 0.010606136173
33 46 0 8 0.0106036746874
19 64 0 8 0.0106025682762
42 58 0 8 0.0105804773048
12 30 0 8 0.0105798384175
38 62 0 8 0.0105796884745
4 71 0 8 0.0105781210586
64 75 0 8 0.010562886484
16 46 0 8 0.0105601400137
29 73 0 8 0.0105395186692
45 54 0 8 0.010528922081
12 17 0 8 0.0105273826048
4 61 0 8 0.0105234542862
3 22 0 8 0.0105152940378
4 72 0 8 0.0105012031272
12 69 0 8 0.0104480041191
35 42 0 8 0.0104030994698
45 75 0 8 0.0103980684653
11 57 0 8 0.0103854322806
17 71 0 8 0.0103365099058
16 73 0 8 0.0103246923536
40 59 0 8 0.0103102214634
2 61 0 8 0.0103052062914
4 14 0 8 0.0102814277634
23 66 0 8 0.0102779930457
42 54 0 8 0.0102656856179
26 40 0 8 0.0102654285729
56 63 0 8 0.0102371349931
43 60 0 8 0.01017986238
5 77 0 8 0.0101727256551
8 17 0 8 0.0101664997637
5 24 0 8 0.0101555269212
41 54 0 8 0.0101461745799
36 63 0 8 0.0101037370041
34 46 0 8 0.0100814504549
43 64 0 8 0.0100751658902
33 42 0 8 0.0100746760145
4 50 0 8 0.0100710717961
6 77 0 8 0.0100669991225
10 17 0 8 0.0100652081892
8 28 0 8 0.010048606433
32 42 0 8 0.0100384037942
7 18 0 8 0.0100099314004
27 40 0 8 0.00998664833605
8 77 0 8 0.00998192559928
35 44 0 8 0.00998169928789
13 18 0 8 0.00997782684863
16 57 0 8 0.00997392274439
4 73 0 8 0.0099657997489
14 73 0 8 0.00995187368244
24 31 0 8 0.00994566455483
1 11 0 8 0.00992614589632
43 59 0 8 0.00992077309638
66 75 0 8 0.00991045497358
3 65 0 8 0.00989612005651
20 27 0 8 0.00987810175866
16 64 0 8 0.00987800303847
68 78 0 8 0.00985402893275
32 40 0 8 0.00985353626311
32 55 0 8 0.00983781926334
10 74 0 8 0.00979197304696
49 76 0 8 0.00978357158601
6 18 0 8 0.00978092849255
30 48 0 8 0.00975466240197
67 79 0 8 0.00973924994469
9 35 0 8 0.00972082559019
35 66 0 8 0.00972015596926
15 26 0 8 0.0097194397822
39 58 0 8 0.00971704348922
36 68 0 8 0.00971325486898
39 72 0 8 0.00970835704356
60 68 0 8 0.00970310438424
53 59 0 8 0.00968130119145
8 18 0 8 0.00966302212328
19 72 0 8 0.00964789744467
22 61 0 8 0.00961953680962
7 76 0 8 0.00960766896605
13 39 0 8 0.00959124416113
51 62 0 8 0.00958440732211
10 67 0 8 0.00958119425923
11 36 0 8 0.00957283563912
63 74 0 8 0.0095697613433
9 66 0 8 0.00956295710057
35 65 0 8 0.00954915583134
10 71 0 8 0.009536748752
5 44 0 8 0.0095351273194
7 19 0 8 0.00951313972473
12 73 0 8 0.00951211154461
3 25 0 8 0.00949810538441
15 71 0 8 0.00949399638921
45 61 0 8 0.00948421750218
7 46 0 8 0.00948344636708
46 67 0 8 0.00945903453976
7 57 0 8 0.00944889336824
17 58 0 8 0.00943754706532
65 76 0 8 0.00942982919514
22 47 0 8 0.00942936632782
21 57 0 8 0.00940546579659
8 29 0 8 0.00938482489437
24 58 0 8 0.00937959551811
16 71 0 8 0.00937126483768
43 48 0 8 0.00936142075807
4 64 0 8 0.0093444949016
2 52 0 8 0.00931805558503
23 43 0 8 0.00931330770254
12 41 0 8 0.00931106880307
8 19 0 8 0.00930649973452
3 76 0 8 0.0092985983938
25 37 0 8 0.00928476266563
22 58 0 8 0.00925836898386
17 38 0 8 0.00924598518759
10 42 0 8 0.00923421233892
31 55 0 8 0.00921116303653
13 74 0 8 0.00918420869857
13 44 0 8 0.00917537324131
37 69 0 8 0.00915164407343
4 62 0 8 0.0091410567984
3 64 0 8 0.00913703162223
30 62 0 8 0.0091267414391
3 78 0 8 0.00912465434521
29 78 0 8 0.00912152510136
13 70 0 8 0.00912118051201
4 58 0 8 0.0091080153361
25 69 0 8 0.00910367816687
36 44 0 8 0.00909106247127
12 70 0 8 0.00908701214939
65 75 0 8 0.00905681308359
23 33 0 8 0.00905032735318
39 61 0 8 0.00904007442296
49 68 0 8 0.00900049787015
3 26 0 8 0.00897439569235
44 55 0 8 0.00896277464926
14 22 0 8 0.00895978417248
8 47 0 8 0.0089590055868
42 65 0 8 0.00893939100206
29 55 0 8 0.00892207399011
33 40 0 8 0.00890910625458
3 75 0 8 0.00890533439815
17 50 0 8 0.00889769010246
6 45 0 8 0.00889170449227
12 27 0 8 0.00888418965042
23 28 0 8 0.00886539462954
7 68 0 8 0.00886511057615
3 69 0 8 0.00886159203947
16 59 0 8 0.00885572191328
32 76 0 8 0.0088496254757
11 30 0 8 0.0088495798409
7 78 0 8 0.00881782080978
11 22 0 8 0.00881284568459
3 58 0 8 0.00879855360836
14 74 0 8 0.00878832116723
33 54 0 8 0.00874965917319
56 62 0 8 0.0087439995259
1 16 0 8 0.0087439538911
1 12 0 8 0.00874315202236
18 43 0 8 0.00873310305178
5 18 0 8 0.00871737394482
29 70 0 8 0.00870157312602
41 75 0 8 0.00869945157319
1 77 0 8 0.00869163684547
3 72 0 8 0.00868711899966
35 53 0 8 0.00868704915047
12 44 0 8 0.00866396538913
5 29 0 8 0.00862412899733
22 76 0 8 0.0086091645062
2 12 0 8 0.0086076464504
10 35 0 8 0.00858917180449
4 48 0 8 0.00857174582779
3 77 0 8 0.00855008885264
9 24 0 8 0.00854466576129
50 75 0 8 0.00853599701077
19 58 0 8 0.00852685794234
14 67 0 8 0.00850401073694
5 43 0 8 0.00850176718086
2 16 0 8 0.00849386397749
22 71 0 8 0.00848488602787
37 71 0 8 0.00847782101482
46 58 0 8 0.00846635643393
28 63 0 8 0.008459626697
2 47 0 8 0.00845270976424
16 52 0 8 0.00842917058617
18 41 0 8 0.00842224713415
18 44 0 8 0.00842171814293
6 29 0 8 0.00842074584216
44 73 0 8 0.0084097487852
4 69 0 8 0.00836989190429
10 39 0 8 0.00836426578462
51 57 0 8 0.00836356543005
54 65 0 8 0.00834749359637
2 77 0 8 0.00832816679031
20 66 0 8 0.00832381937653
21 67 0 8 0.00831892900169
4 65 0 8 0.00830776896328
64 72 0 8 0.0083072502166
28 73 0 8 0.00830139871687
3 70 0 8 0.00827999226749
18 59 0 8 0.00827892031521
8 21 0 8 0.00827585440129
4 23 0 8 0.00827322527766
24 70 0 8 0.0082690436393
65 77 0 8 0.00826468132436
45 68 0 8 0.00826198421419
22 64 0 8 0.00825591944158
4 17 0 8 0.00825240183622
5 66 0 8 0.00823519472033
18 71 0 8 0.00821288954467
1 61 0 8 0.00821205507964
50 70 0 8 0.0081946272403
22 66 0 8 0.00819103512913
1 78 0 8 0.00818942021579
1 14 0 8 0.00818717759103
10 45 0 8 0.00818494427949
13 47 0 8 0.00818083062768
1 75 0 8 0.00816345401108
40 70 0 8 0.00815425813198
28 42 0 8 0.00812784489244
46 61 0 8 0.00810651853681
17 53 0 8 0.00809972733259
4 22 0 8 0.00809737946838
3 73 0 8 0.00806198362261
5 36 0 8 0.00804773531854
69 79 0 8 0.00804310757667
22 39 0 8 0.00802155770361
45 62 0 8 0.00799937639385
23 30 0 8 0.00799898989499
13 41 0 8 0.00799743179232
33 76 0 8 0.00799200031906
54 59 0 8 0.00798080023378
3 66 0 8 0.00797593127936
39 75 0 8 0.00797555409372
40 54 0 8 0.00797542929649
33 66 0 8 0.00795646756887
33 79 0 8 0.0079402551055
33 44 0 8 0.00793009065092
2 15 0 8 0.0079074408859
3 48 0 8 0.00789924152195
22 65 0 8 0.00789126008749
43 72 0 8 0.00789091642946
3 62 0 8 0.0078894533217
31 43 0 8 0.0078609418124
4 20 0 8 0.00781571492553
22 77 0 8 0.00781161896884
10 66 0 8 0.00780790951103
4 76 0 8 0.00780342984945
3 57 0 8 0.00779469963163
29 76 0 8 0.00778176961467
6 78 0 8 0.00777970766649
34 66 0 8 0.00777787482366
29 77 0 8 0.0077694458887
16 41 0 8 0.00776786869392
59 67 0 8 0.00776537368074
8 45 0 8 0.00775709282607
42 73 0 8 0.00775203714147
11 77 0 8 0.00772671867162
26 71 0 8 0.00771285314113
22 56 0 8 0.0077039282769
6 69 0 8 0.00769743509591
10 18 0 8 0.00769251259044
3 18 0 8 0.00767563516274
17 65 0 8 0.00766821485013
6 76 0 8 0.00765498587862
30 77 0 8 0.007633167319
69 80 0 8 0.00762538379058
32 79 0 8 0.00762277515605
13 68 0 8 0.00760007696226
34 58 0 8 0.00759203592315
24 69 0 8 0.00758767221123
24 37 0 8 0.00758191151544
5 79 0 8 0.00755613576621
14 77 0 8 0.00755198253319
48 74 0 8 0.0075301094912
4 77 0 8 0.00752664962783
21 78 0 8 0.0075117899105
4 44 0 8 0.00749804452062
7 31 0 8 0.00749229779467
23 71 0 8 0.0074896318838
5 25 0 8 0.0074866800569
7 45 0 8 0.00743580888957
2 53 0 8 0.00742209283635
22 63 0 8 0.00741114048287
64 73 0 8 0.0074082124047
13 67 0 8 0.00740697095171
6 25 0 8 0.00739684607834
16 66 0 8 0.00739453965798
3 29 0 8 0.00739177502692
10 22 0 8 0.00737223308533
3 74 0 8 0.00737149640918
42 75 0 8 0.0073549314402
62 69 0 8 0.0073490194045
2 65 0 8 0.00734082842246
31 51 0 8 0.00733238272369
6 27 0 8 0.0073234718293
16 47 0 8 0.00731421168894
2 73 0 8 0.00729539431632
13 77 0 8 0.00729324668646
34 43 0 8 0.00729196285829
19 73 0 8 0.00728814909235
10 46 0 8 0.00722720194608
24 33 0 8 0.0072258063592
9 31 0 8 0.00720840925351
2 64 0 8 0.00719360774383
16 72 0 8 0.00718689477071
32 78 0 8 0.00718513922766
9 76 0 8 0.0071772695519
28 44 0 8 0.00717715732753
1 63 0 8 0.00716402661055
3 67 0 8 0.00716219190508
22 62 0 8 0.00715638231486
26 65 0 8 0.00715362513438
41 65 0 8 0.0071412678808
53 76 0 8 0.00713385688141
6 19 0 8 0.00711206858978
43 65 0 8 0.00710896123201
4 78 0 8 0.00709291500971
1 53 0 8 0.0070786466822
35 43 0 8 0.00706149125472
66 76 0 8 0.00705608725548
10 31 0 8 0.00705255009234
5 78 0 8 0.0070359534584
45 63 0 8 0.00702928053215
6 38 0 8 0.00702749658376
2 62 0 8 0.00702719390392
47 59 0 8 0.00700719561428
2 58 0 8 0.00700490595773
1 80 0 8 0.00700312852859
68 80 0 8 0.00700043980032
14 78 0 8 0.00699884910136
37 63 0 8 0.00698832515627
16 62 0 8 0.00698199495673
6 68 0 8 0.00698156515136
12 31 0 8 0.00697286566719
14 76 0 8 0.00696754874662
7 39 0 8 0.00695803388953
3 23 0 8 0.00695191789418
44 49 0 8 0.00694169756025
63 69 0 8 0.00693864421919
48 76 0 8 0.00693744560704
21 46 0 8 0.0069330483675
4 75 0 8 0.00692585855722
18 67 0 8 0.00692379940301
28 64 0 8 0.00690901884809
4 33 0 8 0.00690750731155
3 59 0 8 0.00689103081822
11 76 0 8 0.00685889739543
21 77 0 8 0.00683910539374
8 78 0 8 0.00682584848255
41 56 0 8 0.00682231644168
3 30 0 8 0.00680963043123
29 69 0 8 0.00679975328967
11 75 0 8 0.00679782778025
2 71 0 8 0.00678845262155
18 76 0 8 0.00678436085582
12 71 0 8 0.00677365716547
31 44 0 8 0.00676856795326
3 17 0 8 0.00675716204569
41 67 0 8 0.00675198296085
32 66 0 8 0.00674585206434
20 43 0 8 0.0067140981555
4 60 0 8 0.00670669600368
2 26 0 8 0.00668668188155
36 52 0 8 0.00668567465618
34 77 0 8 0.00667409785092
39 66 0 8 0.00667359493673
66 77 0 8 0.00666768010706
65 73 0 8 0.00665428442881
24 71 0 8 0.00665252842009
55 63 0 8 0.00664814375341
25 40 0 8 0.00664412695915
61 79 0 8 0.00664279283956
4 57 0 8 0.00662652635947
30 46 0 8 0.0066204178147
24 29 0 8 0.00660913437605
2 17 0 8 0.00660231988877
54 70 0 8 0.00660059321672
3 60 0 8 0.00654831994325
5 55 0 8 0.00654382910579
2 66 0 8 0.00653866073117
29 62 0 8 0.00653526373208
25 43 0 8 0.00651031499729
52 60 0 8 0.00650722533464
1 22 0 8 0.0065063466318
21 63 0 8 0.0064997295849
1 26 0 8 0.00649559218436
28 67 0 8 0.00649522338063
26 54 0 8 0.0064949337393
25 54 0 8 0.00648941611871
2 67 0 8 0.00648599537089
19 70 0 8 0.00647995155305
23 73 0 8 0.00646230811253
1 74 0 8 0.0064343214035
2 69 0 8 0.00640599383041
6 36 0 8 0.00640030903742
1 17 0 8 0.00639534695074
31 50 0 8 0.00639480771497
36 70 0 8 0.00638122111559
13 73 0 8 0.00638084299862
34 40 0 8 0.00637795962393
10 44 0 8 0.00637714378536
10 54 0 8 0.0063748024404
2 70 0 8 0.00636554602534
15 73 0 8 0.00635679904372
5 19 0 8 0.006355158519
29 57 0 8 0.00634032441303
41 71 0 8 0.00633476022631
38 61 0 8 0.00632977392524
4 24 0 8 0.0063257291913
16 74 0 8 0.00632514478639
10 77 0 8 0.00632232194766
5 21 0 8 0.00631636334583
24 54 0 8 0.00631395447999
4 70 0 8 0.00631306646392
3 47 0 8 0.00630629761145
15 43 0 8 0.0062936944887
14 79 0 8 0.00628530792892
6 41 0 8 0.00628327392042
14 75 0 8 0.00627994071692
16 58 0 8 0.00626386515796
22 78 0 8 0.00625542970374
11 43 0 8 0.00625413144007
14 31 0 8 0.00621484825388
4 80 0 8 0.00621481286362
64 70 0 8 0.00620831688866
21 76 0 8 0.00620513455942
3 24 0 8 0.006183154881
48 77 0 8 0.00618224637583
10 75 0 8 0.00617490895092
4 25 0 8 0.0061620529741
2 18 0 8 0.0061616175808
34 49 0 8 0.00615134462714
47 69 0 8 0.00614687427878
33 77 0 8 0.00612676329911
66 78 0 8 0.00612223008648
8 41 0 8 0.00612088944763
49 58 0 8 0.00610806699842
55 64 0 8 0.00610295683146
2 44 0 8 0.00609931955114
27 43 0 8 0.00608818326145
59 70 0 8 0.00607315450907
37 49 0 8 0.00605060392991
25 77 0 8 0.00604129116982
61 77 0 8 0.00603059167042
3 68 0 8 0.00600885925815
4 21 0 8 0.00599886802956
44 63 0 8 0.00599776254967
34 44 0 8 0.00598692940548
15 74 0 8 0.00598476780578
4 54 0 8 0.00598197430372
28 36 0 8 0.00598058803007
12 32 0 8 0.00597763201222
4 18 0 8 0.00596606638283
18 52 0 8 0.00596587685868
6 21 0 8 0.00594102405012
65 79 0 8 0.00593586731702
21 47 0 8 0.00592246139422
4 30 0 8 0.00592089490965
21 43 0 8 0.0059173819609
4 28 0 8 0.00591667788103
25 34 0 8 0.00591491954401
7 44 0 8 0.00588721595705
53 75 0 8 0.0058808317408
37 62 0 8 0.00587391946465
3 49 0 8 0.00587156694382
22 55 0 8 0.00586361763999
8 36 0 8 0.0058533642441
22 73 0 8 0.00584655348212
8 46 0 8 0.0058420705609
2 50 0 8 0.00584007427096
9 32 0 8 0.00582313910127
4 66 0 8 0.0058179483749
9 28 0 8 0.00581280421466
32 44 0 8 0.00581272412091
12 21 0 8 0.00579635985196
39 68 0 8 0.00579196214676
65 71 0 8 0.00577147305012
13 76 0 8 0.00576649280265
42 67 0 8 0.00576433632523
28 61 0 8 0.00575029850006
2 75 0 8 0.00574638182297
4 68 0 8 0.00573140429333
2 72 0 8 0.00573081150651
1 71 0 8 0.00572343403473
30 78 0 8 0.00572160864249
19 67 0 8 0.00571956578642
22 29 0 8 0.00571946054697
48 70 0 8 0.00570333236828
2 74 0 8 0.00569989671931
14 68 0 8 0.00569232134148
2 25 0 8 0.00568859558553
39 64 0 8 0.00567519525066
14 38 0 8 0.00566028431058
57 68 0 8 0.00565740512684
3 71 0 8 0.00564031675458
1 72 0 8 0.00563129270449
25 76 0 8 0.00561511144042
7 79 0 8 0.00561224156991
29 68 0 8 0.00560508528724
40 60 0 8 0.00559919606894
33 57 0 8 0.00559541443363
40 65 0 8 0.00559534039348
50 77 0 8 0.00559520488605
26 77 0 8 0.00558061338961
56 74 0 8 0.00557701569051
25 59 0 8 0.00557608436793
21 54 0 8 0.00557505618781
3 50 0 8 0.00556857557967
12 36 0 8 0.00556400651112
29 79 0 8 0.00555727491155
1 79 0 8 0.00554853538051
19 74 0 8 0.00554788857698
1 65 0 8 0.00554163055494
2 49 0 8 0.00553009612486
64 76 0 8 0.00552631588653
2 27 0 8 0.0055247778073
39 62 0 8 0.00551763549447
2 76 0 8 0.00550452619791
13 78 0 8 0.00549288885668
6 79 0 8 0.00548934470862
17 57 0 8 0.0054793888703
43 79 0 8 0.00546550191939
50 74 0 8 0.00546316476539
2 48 0 8 0.005461525172
29 47 0 8 0.00546142132953
2 59 0 8 0.00545907299966
18 56 0 8 0.00544791063294
63 76 0 8 0.00544646102935
55 61 0 8 0.00543422158808
3 33 0 8 0.00543079245836
26 76 0 8 0.00542843108997
11 78 0 8 0.00540133565664
43 77 0 8 0.00538971368223
38 55 0 8 0.00538497883826
20 53 0 8 0.0053783194162
21 41 0 8 0.00537311844528
44 72 0 8 0.00537208653986
62 74 0 8 0.00536984251812
49 71 0 8 0.0053573474288
28 69 0 8 0.00534579064697
28 77 0 8 0.00534525606781
9 17 0 8 0.0053444346413
1 76 0 8 0.00533876474947
20 34 0 8 0.00532450992614
3 54 0 8 0.00531594548374
7 43 0 8 0.00529798073694
29 48 0 8 0.00529250316322
25 70 0 8 0.00528266932815
2 78 0 8 0.00528233824298
2 57 0 8 0.00526877352968
17 44 0 8 0.00526739424095
31 77 0 8 0.00526081491262
21 79 0 8 0.00524594122544
28 78 0 8 0.0052440376021
1 15 0 8 0.00524306762964
18 78 0 8 0.00523845665157
30 76 0 8 0.00523629272357
49 77 0 8 0.00523165753111
50 76 0 8 0.00522098969668
29 42 0 8 0.00521189160645
5 45 0 8 0.00521179754287
22 80 0 8 0.00521033955738
28 46 0 8 0.00519528891891
44 79 0 8 0.00519255222753
12 37 0 8 0.0051875715144
4 31 0 8 0.00518694892526
30 53 0 8 0.0051863710396
16 69 0 8 0.00518489722162
16 67 0 8 0.00517243240029
11 21 0 8 0.00516939302906
43 78 0 8 0.00516341812909
2 24 0 8 0.00516103068367
28 45 0 8 0.00515575008467
25 78 0 8 0.00515100499615
50 78 0 8 0.00514603219926
61 80 0 8 0.00514529738575
44 60 0 8 0.0051370006986
8 44 0 8 0.00513515109196
11 38 0 8 0.00513277901337
1 62 0 8 0.00512675847858
24 77 0 8 0.00512492237613
58 68 0 8 0.00511416140944
29 59 0 8 0.005100089591
66 79 0 8 0.00509758573025
25 79 0 8 0.00509084574878
15 21 0 8 0.00508727459237
25 49 0 8 0.00508508132771
25 38 0 8 0.00508369179443
21 42 0 8 0.00508096721023
28 62 0 8 0.00507891178131
17 56 0 8 0.00507696531713
67 80 0 8 0.00507196038961
25 33 0 8 0.00506121525541
28 68 0 8 0.00506032491103
1 21 0 8 0.00505892094225
9 77 0 8 0.00505275139585
39 54 0 8 0.00503477826715
33 78 0 8 0.00503176962957
35 77 0 8 0.00502962805331
3 56 0 8 0.00502021610737
12 76 0 8 0.00501934718341
4 32 0 8 0.00501545704901
3 44 0 8 0.00500236265361
29 58 0 8 0.00499781733379
3 21 0 8 0.004997106269
63 79 0 8 0.00498464610428
37 58 0 8 0.00498190335929
17 47 0 8 0.00498173572123
24 40 0 8 0.00497346976772
35 78 0 8 0.00497292215005
3 35 0 8 0.00496650347486
28 76 0 8 0.00495296809822
13 48 0 8 0.00495158834383
43 58 0 8 0.00495140999556
61 67 0 8 0.00494482414797
34 48 0 8 0.00494269002229
5 41 0 8 0.00492826430127
24 43 0 8 0.00492528174073
2 60 0 8 0.00492452457547
5 80 0 8 0.00492179580033
15 34 0 8 0.00491731381044
46 69 0 8 0.00491298083216
41 58 0 8 0.00491021666676
40 68 0 8 0.00490693282336
43 74 0 8 0.00490495888516
1 28 0 8 0.00489081908017
4 47 0 8 0.00489025982097
8 40 0 8 0.00488823233172
56 68 0 8 0.00488637248054
31 76 0 8 0.0048834909685
2 54 0 8 0.00487175676972
61 78 0 8 0.00486996117979
17 52 0 8 0.00485871080309
51 60 0 8 0.00485776597634
51 74 0 8 0.00484997360036
20 44 0 8 0.00484802713618
5 26 0 8 0.00483884243295
47 76 0 8 0.00483506033197
48 73 0 8 0.00481926184148
46 62 0 8 0.00481749372557
4 29 0 8 0.00480598816648
13 79 0 8 0.00479099992663
13 71 0 8 0.00478551024571
20 54 0 8 0.00477789482102
14 80 0 8 0.00477493228391
8 79 0 8 0.00475251069292
38 53 0 8 0.00474345032126
18 51 0 8 0.00473527656868
13 42 0 8 0.00473377574235
27 44 0 8 0.00472873961553
1 73 0 8 0.00471832230687
16 70 0 8 0.00471807830036
1 67 0 8 0.00471446337178
61 76 0 8 0.00468196021393
1 70 0 8 0.00467871036381
12 77 0 8 0.0046754386276
54 78 0 8 0.00466766720638
16 43 0 8 0.0046572512947
4 79 0 8 0.00464957673103
12 35 0 8 0.00464882655069
43 62 0 8 0.0046484884806
22 79 0 8 0.0046124109067
1 25 0 8 0.00461025489494
35 76 0 8 0.00460714846849
4 49 0 8 0.00460713775828
1 50 0 8 0.00458791246638
47 74 0 8 0.0045862076804
65 80 0 8 0.00458184117451
4 51 0 8 0.00453925039619
30 79 0 8 0.00453237583861
50 79 0 8 0.00453191110864
19 26 0 8 0.00451999204233
2 68 0 8 0.00451042223722
21 71 0 8 0.00450833514333
60 71 0 8 0.00450833328068
51 63 0 8 0.00450526503846
19 71 0 8 0.0044996375218
44 80 0 8 0.00449280813336
17 76 0 8 0.00448712566867
47 58 0 8 0.00448311027139
1 58 0 8 0.00448188465089
39 76 0 8 0.00448144413531
35 79 0 8 0.0044792406261
62 70 0 8 0.00446630362421
65 78 0 8 0.00446333223954
2 29 0 8 0.00446051126346
3 79 0 8 0.00445717060938
1 64 0 8 0.00445507047698
38 54 0 8 0.00445414660498
10 76 0 8 0.00445307837799
1 24 0 8 0.00445171725005
39 45 0 8 0.00445015588775
49 79 0 8 0.00444406736642
43 66 0 8 0.00443967757747
28 57 0 8 0.00443637184799
58 80 0 8 0.00443587685004
25 50 0 8 0.00443342002109
3 43 0 8 0.00442934315652
21 80 0 8 0.0044195423834
54 67 0 8 0.00440870039165
1 66 0 8 0.00439991662279
4 26 0 8 0.00439681159332
7 21 0 8 0.00439123576507
39 77 0 8 0.00438704714179
3 28 0 8 0.00438265921548
40 71 0 8 0.00438248040155
4 46 0 8 0.00437934370711
35 45 0 8 0.00437798025087
19 76 0 8 0.00437593366951
18 77 0 8 0.00436418037862
24 76 0 8 0.00435115071014
38 45 0 8 0.00433490471914
53 74 0 8 0.00433462066576
11 42 0 8 0.00431346101686
11 79 0 8 0.00431315833703
17 60 0 8 0.00430105999112
44 76 0 8 0.00429572956637
3 51 0 8 0.00429554376751
22 33 0 8 0.00429056258872
30 52 0 8 0.00428768061101
49 64 0 8 0.00428658723831
53 68 0 8 0.00428540725261
34 79 0 8 0.0042835585773
41 62 0 8 0.00427685631439
23 50 0 8 0.00427580624819
29 53 0 8 0.00426587788388
8 37 0 8 0.00426130741835
17 55 0 8 0.00425556255504
48 67 0 8 0.00425194948912
24 52 0 8 0.0042492877692
49 78 0 8 0.00424496596679
14 25 0 8 0.00424272520468
34 78 0 8 0.0042420970276
8 31 0 8 0.004237734247
33 80 0 8 0.00423689931631
3 32 0 8 0.00423456216231
57 76 0 8 0.00422040652484
24 79 0 8 0.00421636272222
3 20 0 8 0.00420914310962
26 47 0 8 0.00419105682522
32 49 0 8 0.00418946100399
14 43 0 8 0.00418922211975
48 78 0 8 0.00418824981898
21 49 0 8 0.0041871201247
17 66 0 8 0.00418226001784
61 69 0 8 0.0041687595658
1 69 0 8 0.00416583847255
45 66 0 8 0.00416386127472
4 56 0 8 0.00416106032208
2 21 0 8 0.00415892293677
33 48 0 8 0.00414427137002
22 43 0 8 0.00413760915399
29 45 0 8 0.00413096370175
9 26 0 8 0.00412207888439
10 26 0 8 0.00411988748237
29 39 0 8 0.00409174058586
18 53 0 8 0.00407739263028
4 19 0 8 0.00406944192946
36 53 0 8 0.0040547135286
3 80 0 8 0.00404830789194
1 59 0 8 0.0040465015918
62 77 0 8 0.00402914313599
29 80 0 8 0.00402799900621
12 43 0 8 0.00402720505372
53 79 0 8 0.00402334751561
17 59 0 8 0.0040168617852
9 22 0 8 0.00401375908405
2 79 0 8 0.00401293952018
58 76 0 8 0.00400721281767
11 28 0 8 0.00400471128523
1 18 0 8 0.00399296870455
1 30 0 8 0.00399121269584
10 27 0 8 0.00398850301281
1 48 0 8 0.00398833444342
9 78 0 8 0.00398592930287
51 70 0 8 0.00396814616397
50 72 0 8 0.00395941827446
1 68 0 8 0.00394079415128
44 50 0 8 0.00394054874778
20 52 0 8 0.00393196381629
1 60 0 8 0.0039304047823
26 52 0 8 0.00392587855458
3 19 0 8 0.00392250902951
2 35 0 8 0.00392197584733
9 40 0 8 0.0039137173444
35 46 0 8 0.00391113990918
18 68 0 8 0.00390858249739
24 44 0 8 0.00390268745832
1 27 0 8 0.00389640848152
54 61 0 8 0.00388792832382
8 80 0 8 0.00388654717244
21 60 0 8 0.00387634825893
10 78 0 8 0.00386858056299
58 67 0 8 0.00386686832644
39 71 0 8 0.00385947339237
1 35 0 8 0.00385859166272
53 70 0 8 0.00385471899062
48 57 0 8 0.00384193425998
40 69 0 8 0.00384019711055
29 61 0 8 0.00383208109997
3 31 0 8 0.00382688967511
63 77 0 8 0.00382528104819
7 32 0 8 0.00382232409902
1 49 0 8 0.00382024049759
21 35 0 8 0.00381347048096
47 72 0 8 0.00381197431125
19 77 0 8 0.00380673957989
42 69 0 8 0.00380597473122
1 57 0 8 0.00380481593311
2 30 0 8 0.00380371906795
20 77 0 8 0.00379738397896
18 73 0 8 0.0037904472556
20 50 0 8 0.00378876063041
36 76 0 8 0.00377772049978
7 34 0 8 0.00377436261624
57 70 0 8 0.00377169926651
64 77 0 8 0.00376854347996
22 53 0 8 0.00376384542324
39 74 0 8 0.00375958159566
3 34 0 8 0.00375640764832
32 58 0 8 0.00374930491671
51 72 0 8 0.00372085114941
56 65 0 8 0.00371817592531
39 73 0 8 0.00371106783859
39 79 0 8 0.00369806354865
1 52 0 8 0.0036968709901
51 67 0 8 0.00369414454326
44 77 0 8 0.0036858508829
6 80 0 8 0.00367739936337
40 57 0 8 0.0036692423746
62 76 0 8 0.00366618437693
17 73 0 8 0.00366070563905
32 43 0 8 0.0036591317039
39 78 0 8 0.00365157052875
47 73 0 8 0.00364713720046
50 73 0 8 0.00364079070278
10 79 0 8 0.00362944370136
39 44 0 8 0.00362227065489
1 23 0 8 0.00361114949919
40 76 0 8 0.00359883601777
3 46 0 8 0.00359868560918
6 46 0 8 0.00358993536793
36 46 0 8 0.00358808669262
50 71 0 8 0.00358682032675
12 40 0 8 0.00357934157364
53 61 0 8 0.00357815809548
49 80 0 8 0.00357697857544
25 71 0 8 0.00357607100159
51 58 0 8 0.00357429403812
53 62 0 8 0.0035648168996
56 73 0 8 0.0035617405083
34 76 0 8 0.0035594701767
7 80 0 8 0.00355724198744
58 75 0 8 0.0035498784855
20 48 0 8 0.00354890525341
63 73 0 8 0.00354867940769
63 80 0 8 0.00354509311728
53 64 0 8 0.00354050751776
1 32 0 8 0.00353734311648
54 74 0 8 0.00353345414624
53 71 0 8 0.00353067857213
24 65 0 8 0.00352709856816
10 21 0 8 0.00352539937012
47 71 0 8 0.00352072739042
2 23 0 8 0.00351481512189
51 76 0 8 0.00351050402969
58 74 0 8 0.00350985839032
64 79 0 8 0.00350908469409
20 76 0 8 0.00350227346644
44 78 0 8 0.00349979288876
48 58 0 8 0.00349937565625
36 77 0 8 0.00349693233147
5 38 0 8 0.00347651541233
57 79 0 8 0.00346696842462
18 65 0 8 0.00346444733441
4 35 0 8 0.00345923914574
18 69 0 8 0.00345445075072
46 63 0 8 0.00344027392566
18 23 0 8 0.00343608506955
33 58 0 8 0.0034325956367
13 80 0 8 0.00343205756508
15 77 0 8 0.0034318943508
12 78 0 8 0.00342595693655
4 43 0 8 0.00342171522789
40 64 0 8 0.00341061945073
28 52 0 8 0.00340536562726
28 79 0 8 0.0034046699293
9 41 0 8 0.003396976972
11 80 0 8 0.00339300488122
2 19 0 8 0.00338957854547
18 79 0 8 0.00338629260659
25 45 0 8 0.00337679218501
52 76 0 8 0.00337167200632
33 43 0 8 0.00337100541219
51 75 0 8 0.00337072671391
43 67 0 8 0.00336511386558
58 79 0 8 0.00335264857858
47 77 0 8 0.00335096335039
18 40 0 8 0.00334049598314
36 71 0 8 0.00333526125178
3 36 0 8 0.00332815479487
13 21 0 8 0.00332515593618
8 25 0 8 0.00331153953448
19 43 0 8 0.00330228102393
26 79 0 8 0.00330188218504
26 78 0 8 0.00329792546108
1 31 0 8 0.00329723278992
54 75 0 8 0.00329383090138
62 80 0 8 0.00329267093912
2 43 0 8 0.0032904825639
6 40 0 8 0.00328897079453
20 75 0 8 0.00328572723083
51 69 0 8 0.00328209530562
32 48 0 8 0.00325735216029
28 66 0 8 0.0032550864853
28 48 0 8 0.00325227808207
11 26 0 8 0.00323281483725
9 79 0 8 0.00323094404303
44 74 0 8 0.00323007185943
48 69 0 8 0.00322235259227
30 44 0 8 0.00322106806561
25 56 0 8 0.00321888690814
29 50 0 8 0.00321469316259
21 56 0 8 0.00320929475129
17 46 0 8 0.00320500042289
42 52 0 8 0.00320425722748
2 80 0 8 0.00320099503733
40 73 0 8 0.00319912866689
1 29 0 8 0.00319645204581
2 40 0 8 0.00319526414387
48 80 0 8 0.00318870227784
3 38 0 8 0.00318545126356
46 72 0 8 0.00318426918238
54 76 0 8 0.00318355928175
32 80 0 8 0.00316535751335
21 64 0 8 0.00315682170913
17 78 0 8 0.00315528083593
44 58 0 8 0.00314944470301
2 31 0 8 0.00314933224581
9 30 0 8 0.0031491315458
31 78 0 8 0.00314748566598
17 79 0 8 0.00314705469646
12 47 0 8 0.00314516737126
44 62 0 8 0.00313977641053
21 59 0 8 0.00313712703064
66 80 0 8 0.00313148042187
27 48 0 8 0.0031221061945
51 77 0 8 0.0031202561222
5 39 0 8 0.00311790476553
47 78 0 8 0.00311188283376
52 75 0 8 0.00310330325738
29 64 0 8 0.00309591391124
24 78 0 8 0.00308599742129
40 79 0 8 0.00308501766995
2 28 0 8 0.00307514308952
54 69 0 8 0.00307256123051
14 47 0 8 0.00307183549739
48 79 0 8 0.00306334253401
52 74 0 8 0.00306166545488
15 24 0 8 0.00305748241954
25 46 0 8 0.00305746193044
8 39 0 8 0.00304819876328
44 71 0 8 0.00304559292272
37 76 0 8 0.00304522225633
65 72 0 8 0.00304363318719
2 33 0 8 0.00303798681125
62 79 0 8 0.00302887149155
32 52 0 8 0.00302259717137
18 80 0 8 0.00302241183817
8 32 0 8 0.00301903719082
18 64 0 8 0.0029958866071
63 78 0 8 0.00299167376943
17 77 0 8 0.00299007399008
25 64 0 8 0.00297980709001
53 73 0 8 0.00297086709179
46 74 0 8 0.00296890898608
17 48 0 8 0.00296753738075
2 20 0 8 0.00296325120144
20 32 0 8 0.0029567850288
19 47 0 8 0.00295517453924
25 32 0 8 0.00294946879148
47 57 0 8 0.00294855888933
55 68 0 8 0.00294488412328
15 76 0 8 0.00293453875929
4 55 0 8 0.00293407985009
17 49 0 8 0.00293281488121
11 31 0 8 0.00292247137986
43 76 0 8 0.00292124901898
22 52 0 8 0.00292033096775
41 69 0 8 0.00291982712224
29 52 0 8 0.00291606876999
21 61 0 8 0.00291351322085
1 54 0 8 0.00291330437176
16 77 0 8 0.00291060307063
1 33 0 8 0.00290936068632
64 78 0 8 0.00289693521336
55 67 0 8 0.00288993283175
3 41 0 8 0.00288078910671
11 24 0 8 0.00287808128633
52 70 0 8 0.00287746009417
46 77 0 8 0.00287433550693
5 40 0 8 0.00286933779716
3 55 0 8 0.00286549166776
25 80 0 8 0.00286298315041
44 52 0 8 0.0028574578464
36 80 0 8 0.00285002752207
47 75 0 8 0.00284361396916
28 49 0 8 0.00283776689321
4 27 0 8 0.00283264834434
28 55 0 8 0.00283112400211
43 80 0 8 0.00282962340862
40 77 0 8 0.00282359938137
43 61 0 8 0.00280996621586
56 66 0 8 0.00279809301719
51 61 0 8 0.00279414141551
18 60 0 8 0.00279057631269
16 76 0 8 0.00278593739495
40 56 0 8 0.00278303748928
13 31 0 8 0.00278057833202
15 35 0 8 0.00277493335307
41 79 0 8 0.00277121341787
9 47 0 8 0.00277096941136
20 78 0 8 0.00276881735772
53 77 0 8 0.00275427126326
41 76 0 8 0.00275318836793
38 77 0 8 0.00274790939875
21 53 0 8 0.0027438106481
47 60 0 8 0.0027414932847
43 73 0 8 0.00274032936431
37 77 0 8 0.00273731048219
18 61 0 8 0.00273704342544
1 36 0 8 0.00273679103702
58 78 0 8 0.00273629534058
2 32 0 8 0.00272008101456
54 79 0 8 0.00271549425088
29 60 0 8 0.00271248072386
60 80 0 8 0.00269827083685
20 35 0 8 0.00269483285956
38 76 0 8 0.00269372598268
52 77 0 8 0.00269072502851
17 51 0 8 0.00268811453134
20 71 0 8 0.00268685165793
4 39 0 8 0.00268014706671
40 75 0 8 0.00268004997633
48 60 0 8 0.00267631700262
30 80 0 8 0.0026727328077
36 43 0 8 0.00267089158297
3 45 0 8 0.00267058936879
21 52 0 8 0.00266877259128
10 80 0 8 0.00266762403771
64 80 0 8 0.00266724987887
35 50 0 8 0.00266207591631
43 75 0 8 0.00265976390801
24 30 0 8 0.00265656434931
22 27 0 8 0.00265654805116
35 80 0 8 0.00265590613708
64 71 0 8 0.00264881970361
61 72 0 8 0.00262676482089
49 62 0 8 0.00261401105672
44 75 0 8 0.00260848086327
12 79 0 8 0.00260815466754
20 47 0 8 0.00260759168305
43 70 0 8 0.00260415114462
11 29 0 8 0.00260346406139
40 78 0 8 0.0026028607972
19 78 0 8 0.00260261353105
2 46 0 8 0.00259655155241
1 44 0 8 0.0025963045191
40 45 0 8 0.00259592314251
45 65 0 8 0.00257816584781
3 27 0 8 0.00256789359264
11 34 0 8 0.00256628077477
39 49 0 8 0.00256588659249
10 43 0 8 0.00256181135774
12 25 0 8 0.00256014382467
2 36 0 8 0.00255737500265
4 34 0 8 0.00254961336032
60 79 0 8 0.00254565826617
21 37 0 8 0.00254048733041
1 19 0 8 0.00253827008419
23 29 0 8 0.00253659137525
1 34 0 8 0.00253492314368
36 79 0 8 0.00253322976641
28 47 0 8 0.00253076828085
44 69 0 8 0.00252275937237
25 47 0 8 0.00251404033042
48 71 0 8 0.00251217186451
19 24 0 8 0.00250581139699
53 60 0 8 0.00250237272121
57 67 0 8 0.00249619572423
4 36 0 8 0.00249446043745
28 56 0 8 0.00249384366907
55 74 0 8 0.00248643523082
62 78 0 8 0.00248487549834
20 31 0 8 0.00248079677112
1 47 0 8 0.00247644027695
24 47 0 8 0.00247297505848
12 80 0 8 0.00246316986158
36 67 0 8 0.00246110744774
34 80 0 8 0.00245515024289
15 47 0 8 0.00244998908602
17 28 0 8 0.00244993669912
40 74 0 8 0.00244589149952
53 78 0 8 0.00243722880259
59 73 0 8 0.00243109324947
42 49 0 8 0.00243019964546
8 43 0 8 0.00242159562185
45 77 0 8 0.00241749593988
22 32 0 8 0.00241035735235
33 49 0 8 0.00240910449065
44 65 0 8 0.0024051447399
41 61 0 8 0.0023970969487
18 62 0 8 0.00239503034391
46 78 0 8 0.0023898659274
28 80 0 8 0.00238984194584
20 79 0 8 0.00238926569
49 67 0 8 0.00238619418815
16 78 0 8 0.00238611828536
59 77 0 8 0.00238606939092
20 41 0 8 0.00238271313719
55 72 0 8 0.00237953150645
1 20 0 8 0.00237923604436
54 77 0 8 0.00236369622871
35 51 0 8 0.00236332183704
58 77 0 8 0.00235836883076
31 79 0 8 0.00235808058642
17 40 0 8 0.00235789339058
42 68 0 8 0.00235409382731
9 80 0 8 0.00234290165827
53 67 0 8 0.00234137312509
36 78 0 8 0.00233844993636
24 80 0 8 0.00233113463037
16 22 0 8 0.00233063008636
23 77 0 8 0.00232893554494
29 63 0 8 0.00232692970894
18 66 0 8 0.00232541165315
52 79 0 8 0.0023237792775
30 43 0 8 0.00232060439885
21 62 0 8 0.00231994967908
11 46 0 8 0.00231416802853
40 80 0 8 0.00231060711667
43 71 0 8 0.00230550579727
52 72 0 8 0.00229714578018
6 24 0 8 0.00229516066611
3 40 0 8 0.00229025562294
36 54 0 8 0.00228458712809
15 78 0 8 0.0022809272632
19 34 0 8 0.00227989116684
25 60 0 8 0.00227974914014
34 55 0 8 0.00227811513469
58 72 0 8 0.00226441468112
4 45 0 8 0.00225689262152
2 56 0 8 0.00225510448217
50 80 0 8 0.00225118221715
39 80 0 8 0.00224589300342
29 65 0 8 0.00223407964222
21 55 0 8 0.0022254823707
10 37 0 8 0.00222076824866
14 33 0 8 0.0022146536503
15 79 0 8 0.00219897250645
15 33 0 8 0.00219465978444
40 58 0 8 0.00219252239913
1 40 0 8 0.00219124997966
2 34 0 8 0.00219101458788
52 59 0 8 0.00218918872997
63 72 0 8 0.00218630535528
20 37 0 8 0.0021859779954
33 52 0 8 0.00218253466301
18 42 0 8 0.00218252651393
60 70 0 8 0.00218183989637
34 54 0 8 0.00217821681872
59 79 0 8 0.00217685871758
9 44 0 8 0.00217628921382
34 52 0 8 0.0021748803556
61 70 0 8 0.00217322516255
46 66 0 8 0.00216504908167
10 32 0 8 0.00216264091432
13 24 0 8 0.00214851275086
60 76 0 8 0.00214317068458
25 39 0 8 0.0021328786388
7 42 0 8 0.00213072705083
1 51 0 8 0.00212955661118
16 24 0 8 0.00212651398033
57 73 0 8 0.00212581269443
42 78 0 8 0.00212096585892
18 29 0 8 0.00212048762478
41 80 0 8 0.00211549107917
28 60 0 8 0.00210993271321
57 80 0 8 0.00210802606307
2 41 0 8 0.0021076197736
23 76 0 8 0.00210673641413
46 64 0 8 0.00209453795105
51 71 0 8 0.00209281546995
42 79 0 8 0.00208832602948
1 39 0 8 0.00208730855957
27 76 0 8 0.00208583031781
45 79 0 8 0.00208394229412
50 58 0 8 0.00208381633274
53 72 0 8 0.00208330969326
37 79 0 8 0.00208232458681
40 63 0 8 0.0020756914746
47 79 0 8 0.00206463993527
11 25 0 8 0.00205125892535
18 46 0 8 0.00205035996623
16 79 0 8 0.00204888824373
17 39 0 8 0.00204776437022
14 21 0 8 0.00204615527764
18 39 0 8 0.0020375950262
55 73 0 8 0.00203477637842
22 68 0 8 0.00203286483884
51 78 0 8 0.00202009710483
19 79 0 8 0.0020055740606
21 68 0 8 0.00200550816953
51 73 0 8 0.00200138078071
6 43 0 8 0.00199893466197
52 78 0 8 0.0019978324417
9 21 0 8 0.00199526594952
38 79 0 8 0.00199478468858
27 77 0 8 0.00199014227837
32 54 0 8 0.0019899813924
37 80 0 8 0.00198810338043
44 67 0 8 0.00198788219132
30 51 0 8 0.00198067142628
46 73 0 8 0.00197768188082
17 45 0 8 0.0019741312135
41 68 0 8 0.00196158583276
60 78 0 8 0.00196044915356
2 51 0 8 0.00195790454745
59 80 0 8 0.00195643678308
21 26 0 8 0.0019563678652
26 80 0 8 0.00195105047897
31 80 0 8 0.00194387056399
44 64 0 8 0.00194157473743
15 80 0 8 0.00192908081226
21 33 0 8 0.00192810152657
27 47 0 8 0.00192747113761
1 56 0 8 0.00192251754925
29 46 0 8 0.00191437790636
56 76 0 8 0.00191134540364
57 77 0 8 0.00191086519044
21 66 0 8 0.00190714467317
53 80 0 8 0.00190157792531
51 79 0 8 0.00189913145732
62 73 0 8 0.00189123908058
52 71 0 8 0.00188334006816
38 46 0 8 0.00188085704576
22 31 0 8 0.00187310820911
15 30 0 8 0.00187236664351
37 44 0 8 0.00187212962192
39 48 0 8 0.00186708604451
46 76 0 8 0.00186374154873
17 80 0 8 0.00186284678057
22 35 0 8 0.00184868555516
41 77 0 8 0.00184173427988
19 33 0 8 0.00183026748709
15 25 0 8 0.0018279212527
25 63 0 8 0.0018204204971
43 63 0 8 0.00182035902981
5 37 0 8 0.00181834830437
2 39 0 8 0.0018126424402
38 78 0 8 0.00181071425322
62 72 0 8 0.00180537602864
44 57 0 8 0.00180354656186
56 77 0 8 0.00180125096813
57 72 0 8 0.00178654410411
51 80 0 8 0.00178288947791
38 57 0 8 0.0017823074013
42 71 0 8 0.00177402806003
52 58 0 8 0.00177139800508
7 37 0 8 0.00176492659375
13 32 0 8 0.00175886647776
46 65 0 8 0.00175456842408
48 66 0 8 0.00175187631976
15 31 0 8 0.00174888013862
48 63 0 8 0.00174588081427
2 55 0 8 0.00174169812817
46 79 0 8 0.0017365970416
41 78 0 8 0.00172856741119
62 71 0 8 0.00171742786188
4 37 0 8 0.0017087594606
45 67 0 8 0.00170819996856
46 71 0 8 0.0017073674826
13 40 0 8 0.00170187163167
55 78 0 8 0.00169904250652
10 28 0 8 0.00169680605177
42 80 0 8 0.00169596145861
50 62 0 8 0.00169230089523
2 45 0 8 0.00169140775688
57 78 0 8 0.00168547849171
17 68 0 8 0.00168537569698
37 78 0 8 0.00168521772139
43 69 0 8 0.00168460654095
42 77 0 8 0.00168373505585
21 36 0 8 0.00168333435431
21 31 0 8 0.00167647702619
35 56 0 8 0.00167598389089
3 37 0 8 0.00167064450216
51 64 0 8 0.00166779500432
58 73 0 8 0.00166033837013
1 55 0 8 0.00166018574964
54 60 0 8 0.00165951414965
38 44 0 8 0.00165856082458
47 64 0 8 0.00165679398924
2 42 0 8 0.00164720113389
27 50 0 8 0.00164444406983
24 50 0 8 0.00164422951639
3 39 0 8 0.00164096639492
30 47 0 8 0.00162965478376
47 62 0 8 0.00162898621056
14 32 0 8 0.0016285085585
52 64 0 8 0.00162688817363
10 47 0 8 0.00162586162332
52 73 0 8 0.00161799427588
15 40 0 8 0.0016162028769
1 43 0 8 0.00161336769816
55 75 0 8 0.00160835694987
16 80 0 8 0.00160330813378
45 78 0 8 0.00160159403458
21 32 0 8 0.00159753439948
4 42 0 8 0.00158916902728
43 52 0 8 0.00158383441158
55 70 0 8 0.0015742846299
42 51 0 8 0.00157177133951
18 55 0 8 0.00155747530516
55 76 0 8 0.00154823029879
16 35 0 8 0.00154726277106
16 40 0 8 0.00153857993428
21 65 0 8 0.00152629427612
12 26 0 8 0.00152445025742
50 57 0 8 0.00152355630416
20 80 0 8 0.00152097106911
23 79 0 8 0.00151862460189
25 57 0 8 0.00151366821956
40 50 0 8 0.00151286134496
20 40 0 8 0.00151008774992
18 63 0 8 0.00150953500997
37 46 0 8 0.00150829285849
40 62 0 8 0.00150328292511
1 38 0 8 0.00150251877494
45 76 0 8 0.00149515201338
21 38 0 8 0.00149462162517
47 80 0 8 0.00149407517165
17 41 0 8 0.00149373384193
18 57 0 8 0.00149225024506
44 51 0 8 0.00148637965322
54 63 0 8 0.00148633215576
31 47 0 8 0.00147970893886
51 68 0 8 0.00147536408622
18 36 0 8 0.0014676284045
37 52 0 8 0.00146518950351
42 76 0 8 0.00146220601164
10 25 0 8 0.0014574918896
5 42 0 8 0.00145735719707
37 48 0 8 0.00145370361861
29 56 0 8 0.00144910102244
9 29 0 8 0.00144437875133
60 77 0 8 0.00144292297773
29 49 0 8 0.00143725902308
28 51 0 8 0.00142851716373
19 80 0 8 0.00142816687003
9 25 0 8 0.00142753729597
45 80 0 8 0.00142698816489
19 36 0 8 0.0014227356296
25 66 0 8 0.00141799054109
6 42 0 8 0.00141366978642
50 60 0 8 0.00140914821532
59 76 0 8 0.00140690419357
14 29 0 8 0.00140545854811
17 64 0 8 0.00139900192153
50 69 0 8 0.0013956950279
46 75 0 8 0.0013884161599
17 62 0 8 0.00138598994818
4 38 0 8 0.00138346257154
10 29 0 8 0.00138055975549
23 80 0 8 0.00137698941398
54 62 0 8 0.00136864348315
36 49 0 8 0.0013659845572
2 38 0 8 0.00136586686131
50 61 0 8 0.00136463227682
59 78 0 8 0.00136295345146
22 30 0 8 0.00136177672539
55 71 0 8 0.0013611887116
14 24 0 8 0.00135813525412
1 37 0 8 0.00135419203434
35 48 0 8 0.00134488532785
2 37 0 8 0.00133968668524
23 78 0 8 0.00133667839691
47 67 0 8 0.00133483624086
34 51 0 8 0.00133362074848
14 28 0 8 0.00133200874552
63 71 0 8 0.00132674351335
48 62 0 8 0.00131869176403
61 73 0 8 0.00131775450427
6 39 0 8 0.00131689268164
48 64 0 8 0.00131605262868
54 64 0 8 0.00130153505597
16 39 0 8 0.00130067183636
29 66 0 8 0.00129407038912
25 58 0 8 0.0012905090116
33 50 0 8 0.00127022864763
17 23 0 8 0.00126947264653
40 55 0 8 0.0012677393388
44 61 0 8 0.00125969178043
33 55 0 8 0.00125960120931
25 55 0 8 0.00125702563673
25 62 0 8 0.00125556043349
3 42 0 8 0.00125510175712
52 69 0 8 0.00125387834851
25 68 0 8 0.00125337566715
1 46 0 8 0.00124488712754
54 73 0 8 0.00124028790742
44 68 0 8 0.00123716122471
55 77 0 8 0.00123680243269
52 63 0 8 0.00123469089158
25 51 0 8 0.00123392604291
32 47 0 8 0.00123194966
11 33 0 8 0.00122345110867
38 80 0 8 0.00122048368212
16 36 0 8 0.00121739471797
52 80 0 8 0.00121563347057
8 42 0 8 0.00121367408428
13 27 0 8 0.00121322262567
41 48 0 8 0.00121291703545
36 48 0 8 0.00121201854199
30 50 0 8 0.00121178478003
25 65 0 8 0.00120895844884
16 27 0 8 0.00120836845599
33 47 0 8 0.00120158458594
4 40 0 8 0.00118878786452
56 71 0 8 0.00117492186837
32 51 0 8 0.00117315549869
21 58 0 8 0.00116530410014
11 27 0 8 0.0011639589211
28 54 0 8 0.00116162188351
61 71 0 8 0.00116022233851
44 70 0 8 0.00115913979243
56 67 0 8 0.00115691800602
4 41 0 8 0.00114947743714
1 41 0 8 0.00114678579848
46 68 0 8 0.00114011217374
12 39 0 8 0.00113815674558
12 28 0 8 0.00113167287782
37 53 0 8 0.00112526165321
16 38 0 8 0.00111674109939
27 78 0 8 0.00111076841131
39 51 0 8 0.00110263738316
54 71 0 8 0.00110032164957
56 79 0 8 0.00109836901538
50 67 0 8 0.0010897294851
58 70 0 8 0.00108849222306
27 79 0 8 0.00108236307278
54 80 0 8 0.0010810069507
41 46 0 8 0.00107848434709
11 32 0 8 0.00107694801409
63 70 0 8 0.0010759428842
41 51 0 8 0.00107402692083
37 54 0 8 0.00107366417069
29 51 0 8 0.00105584214907
21 34 0 8 0.00105558009818
15 32 0 8 0.00105382921174
25 67 0 8 0.00104646047112
19 31 0 8 0.00103850779124
18 58 0 8 0.00103836145718
58 71 0 8 0.0010295669781
17 35 0 8 0.00102850084659
12 29 0 8 0.00102667801548
54 72 0 8 0.00102597742807
20 33 0 8 0.0010231633205
40 61 0 8 0.00101927074138
18 35 0 8 0.00101486383937
13 37 0 8 0.00101048755459
43 68 0 8 0.00100872979965
17 63 0 8 0.00100531196222
20 29 0 8 0.000998042407446
40 47 0 8 0.000989860272966
39 46 0 8 0.00098723359406
55 79 0 8 0.000984966987744
16 34 0 8 0.000975386181381
19 25 0 8 0.000975303992163
25 52 0 8 0.000965422426816
59 71 0 8 0.000960502948146
14 27 0 8 0.000959657714702
52 61 0 8 0.000954889052082
35 49 0 8 0.000954718096182
35 54 0 8 0.000954201095738
57 71 0 8 0.000950145942625
16 26 0 8 0.000947433523834
53 66 0 8 0.0009424763266
27 80 0 8 0.000942079932429
16 31 0 8 0.000942051701713
40 53 0 8 0.000938120472711
40 66 0 8 0.000923350395169
21 27 0 8 0.000918024743441
18 25 0 8 0.000917523284443
48 61 0 8 0.000885190267581
22 28 0 8 0.000875352183357
38 49 0 8 0.000850566430017
38 52 0 8 0.000849093485158
50 63 0 8 0.000847579911351
52 62 0 8 0.000840333057567
40 48 0 8 0.000835530459881
42 50 0 8 0.000835051643662
48 68 0 8 0.000810920726508
37 51 0 8 0.00079960381845
43 51 0 8 0.000798705266789
41 49 0 8 0.000796075793914
43 50 0 8 0.000787831493653
40 49 0 8 0.000785209005699
14 26 0 8 0.000781485985499
56 80 0 8 0.000758402980864
16 37 0 8 0.000754435837734
43 49 0 8 0.000751128827687
1 45 0 8 0.000750031904317
34 50 0 8 0.000748989812564
17 24 0 8 0.000747290905565
34 47 0 8 0.000746671226807
19 32 0 8 0.000741536263376
28 65 0 8 0.000735478533898
16 33 0 8 0.000735244131647
54 66 0 8 0.000735135225113
17 37 0 8 0.000732290500309
48 65 0 8 0.000727904378437
35 47 0 8 0.0007270166534
18 26 0 8 0.000720507348888
13 30 0 8 0.000717435730621
50 64 0 8 0.00070592208067
33 51 0 8 0.00070427643368
1 42 0 8 0.000702901161276
56 78 0 8 0.000690359505825
52 66 0 8 0.000681123696268
55 80 0 8 0.000668063410558
20 25 0 8 0.000667147513013
28 50 0 8 0.000665745465085
32 50 0 8 0.000658265023958
47 66 0 8 0.00065343931783
46 80 0 8 0.000650345929898
19 35 0 8 0.000638805620838
18 38 0 8 0.00063485262217
54 68 0 8 0.000628949783277
28 58 0 8 0.000625068380032
41 50 0 8 0.000624315871391
13 29 0 8 0.000618052086793
38 51 0 8 0.000609610229731
18 37 0 8 0.000609447539318
19 40 0 8 0.000606059853453
17 26 0 8 0.000598184240516
52 68 0 8 0.000588029564824
50 66 0 8 0.000587354064919
40 51 0 8 0.000582248088904
50 68 0 8 0.000571185315493
39 50 0 8 0.000569916621316
21 30 0 8 0.000568509509321
25 61 0 8 0.000567131850403
35 57 0 8 0.000562223605812
17 36 0 8 0.000553256948479
47 68 0 8 0.00055171828717
47 63 0 8 0.000550948898308
19 30 0 8 0.000540523964446
52 67 0 8 0.000538752530701
16 32 0 8 0.000530964578502
44 66 0 8 0.000517857028171
18 34 0 8 0.000516596715897
17 32 0 8 0.000513864390086
41 52 0 8 0.000512836326379
38 48 0 8 0.000504507101141
36 51 0 8 0.00048912857892
36 47 0 8 0.000485150056193
47 61 0 8 0.000480374146719
39 47 0 8 0.000469036633149
16 25 0 8 0.000468524551252
50 65 0 8 0.000461759220343
18 30 0 8 0.000451315136161
21 29 0 8 0.000446703546913
18 28 0 8 0.00043764594011
39 52 0 8 0.000434102141298
52 65 0 8 0.000432933651609
20 30 0 8 0.000429950276157
40 52 0 8 0.000428460363764
16 30 0 8 0.000416235707235
35 52 0 8 0.000414255890064
36 50 0 8 0.000413165602367
20 28 0 8 0.000411531946156
17 30 0 8 0.000411221932154
17 34 0 8 0.000402769859647
20 26 0 8 0.000397215975681
18 33 0 8 0.000375527190045
17 25 0 8 0.000370721652871
19 28 0 8 0.000369794754079
42 47 0 8 0.000351203460013
42 48 0 8 0.000350134185283
47 65 0 8 0.000349737209035
17 31 0 8 0.000339002232067
40 46 0 8 0.0003286653955
13 26 0 8 0.000307537760818
37 50 0 8 0.000286038877675
21 28 0 8 0.000280939100776
37 47 0 8 0.000278175721178
17 33 0 8 0.000274569581961
18 31 0 8 0.000272686011158
38 47 0 8 0.000259980384726
13 25 0 8 0.000257010367932
19 29 0 8 0.000249561620876
18 27 0 8 0.000241511952481
38 50 0 8 0.000231285172049
17 27 0 8 0.000231211088249
15 29 0 8 0.000229994329857
13 28 0 8 0.000226676522288
18 24 0 8 0.00020128187316
16 29 0 8 0.000192465566215
15 28 0 8 0.000184823860764
18 32 0 8 0.000180130329682
41 47 0 8 0.000180076924153
16 28 0 8 0.00012223914382
17 29 0 8 7.64400319895e-05
