8 9 0 8 0.999995946884
2 3 0 8 0.999995112419
75 76 0 8 0.999994516373
19 20 0 8 0.999994337559
76 77 0 8 0.999993801117
10 11 0 8 0.999993741512
74 75 0 8 0.999992728233
3 4 0 8 0.999991834164
72 73 0 8 0.999991357327
4 5 0 8 0.999990940094
30 31 0 8 0.999990165234
77 78 0 8 0.999990105629
14 15 0 8 0.999990046024
31 32 0 8 0.999989628792
63 64 0 8 0.999989390373
7 8 0 8 0.999988615513
11 12 0 8 0.999988555908
12 13 0 8 0.999986350536
84 85 0 8 0.999984681606
51 52 0 8 0.999984502792
73 74 0 8 0.999983906746
6 7 0 8 0.999983906746
52 53 0 8 0.999980032444
66 67 0 8 0.999979972839
64 65 0 8 0.999979257584
32 33 0 8 0.999978840351
1 2 0 8 0.999976634979
9 10 0 8 0.99997407198
15 16 0 8 0.999973595142
68 69 0 8 0.999971866608
22 23 0 8 0.999971628189
71 72 0 8 0.99996972084
60 61 0 8 0.999967873096
20 21 0 8 0.999960780144
80 81 0 8 0.999959409237
16 17 0 8 0.999957621098
21 22 0 8 0.99995470047
49 50 0 8 0.999952912331
78 79 0 8 0.999952793121
70 71 0 8 0.999949038029
38 39 0 8 0.999948859215
28 29 0 8 0.99994790554
69 70 0 8 0.999947011471
83 84 0 8 0.999945819378
43 44 0 8 0.999943733215
65 66 0 8 0.999942600727
79 80 0 8 0.999936401844
29 30 0 8 0.999935865402
37 38 0 8 0.999933004379
25 26 0 8 0.999918520451
45 46 0 8 0.999908208847
13 14 0 8 0.999906778336
62 63 0 8 0.999903142452
55 56 0 8 0.999902188778
58 59 0 8 0.999899566174
50 51 0 8 0.999899506569
5 6 0 8 0.999893009663
17 18 0 8 0.999892175198
33 34 0 8 0.999887287617
56 57 0 8 0.999885678291
82 83 0 8 0.999880552292
23 24 0 8 0.999877750874
54 55 0 8 0.999875068665
48 49 0 8 0.999869585037
26 27 0 8 0.999867141247
47 48 0 8 0.99986332655
53 54 0 8 0.999847948551
40 41 0 8 0.999845683575
61 62 0 8 0.999843120575
35 36 0 8 0.999841928482
67 68 0 8 0.999839782715
18 19 0 8 0.99981802702
27 28 0 8 0.999816298485
59 60 0 8 0.999802112579
36 37 0 8 0.999794781208
46 47 0 8 0.999784111977
42 43 0 8 0.999769389629
57 58 0 8 0.999714434147
34 35 0 8 0.999681890011
39 40 0 8 0.999572575092
24 25 0 8 0.999555230141
81 82 0 8 0.999503791332
41 42 0 8 0.999498128891
44 45 0 8 0.999317824841
8 10 0 8 0.994594931602
7 9 0 8 0.992948532104
9 11 0 8 0.992726445198
8 11 0 8 0.988504052162
9 12 0 8 0.985919058323
10 13 0 8 0.982934057713
28 41 0 8 0.982429504395
11 13 0 8 0.980983734131
10 12 0 8 0.979520320892
7 10 0 8 0.979307711124
6 8 0 8 0.97652310133
5 7 0 8 0.972785770893
42 44 0 8 0.972451865673
54 56 0 8 0.970946967602
8 12 0 8 0.966347455978
6 9 0 8 0.965305507183
9 13 0 8 0.963453412056
5 8 0 8 0.956191003323
73 75 0 8 0.954499840736
67 69 0 8 0.950163960457
15 17 0 8 0.949885129929
31 38 0 8 0.947815477848
51 53 0 8 0.947546362877
4 6 0 8 0.946857631207
27 42 0 8 0.946462929249
12 14 0 8 0.945333003998
27 40 0 8 0.94520431757
55 57 0 8 0.942952811718
3 5 0 8 0.940340101719
74 76 0 8 0.939001560211
56 63 0 8 0.93844884634
74 77 0 8 0.935854017735
7 11 0 8 0.934359788895
71 73 0 8 0.933072090149
52 54 0 8 0.932180404663
48 50 0 8 0.929961919785
11 14 0 8 0.927784085274
30 32 0 8 0.927465975285
26 43 0 8 0.92728048563
5 9 0 8 0.924279391766
12 15 0 8 0.923384070396
29 40 0 8 0.922226905823
63 65 0 8 0.920896947384
53 64 0 8 0.920159935951
6 10 0 8 0.919365346432
69 71 0 8 0.91679495573
54 65 0 8 0.914757549763
28 43 0 8 0.913183093071
52 70 0 8 0.912802398205
26 28 0 8 0.912498891354
28 30 0 8 0.911587357521
20 22 0 8 0.910159111023
13 15 0 8 0.909672737122
58 60 0 8 0.909618973732
77 79 0 8 0.90608638525
73 77 0 8 0.905750155449
75 77 0 8 0.904683947563
59 61 0 8 0.901143491268
45 53 0 8 0.899473845959
68 70 0 8 0.898767888546
4 7 0 8 0.895570397377
27 41 0 8 0.891104161739
38 40 0 8 0.887431323528
77 80 0 8 0.887028217316
30 41 0 8 0.886599361897
53 55 0 8 0.881736576557
65 67 0 8 0.878666222095
76 78 0 8 0.87836098671
67 70 0 8 0.874628901482
27 29 0 8 0.871590256691
40 58 0 8 0.870919406414
43 54 0 8 0.867864251137
18 31 0 8 0.867745518684
29 31 0 8 0.866776108742
79 81 0 8 0.865979194641
29 41 0 8 0.865099847317
4 8 0 8 0.864746689796
72 74 0 8 0.863061964512
10 14 0 8 0.862057507038
70 72 0 8 0.861447036266
42 57 0 8 0.860118746758
70 73 0 8 0.858146369457
41 43 0 8 0.854318141937
54 67 0 8 0.854215204716
27 57 0 8 0.85418599844
33 35 0 8 0.854043006897
81 83 0 8 0.852350652218
46 52 0 8 0.84989964962
51 64 0 8 0.846718966961
73 76 0 8 0.8460958004
23 25 0 8 0.841281831264
32 38 0 8 0.838326394558
44 55 0 8 0.837498128414
78 80 0 8 0.83678150177
35 37 0 8 0.836586415768
37 39 0 8 0.835583806038
56 58 0 8 0.83426618576
18 20 0 8 0.834242224693
41 57 0 8 0.833512425423
34 36 0 8 0.832696378231
2 4 0 8 0.831394135952
22 26 0 8 0.830659031868
61 63 0 8 0.828135669231
32 39 0 8 0.827213525772
45 47 0 8 0.819700598717
62 64 0 8 0.819300055504
17 19 0 8 0.81915128231
3 6 0 8 0.817741751671
26 42 0 8 0.815958678722
24 26 0 8 0.811586081982
28 42 0 8 0.799041807652
29 73 0 8 0.795508503914
44 46 0 8 0.794010579586
11 15 0 8 0.792590737343
21 23 0 8 0.792056322098
40 57 0 8 0.790280640125
40 42 0 8 0.788826048374
28 40 0 8 0.785670220852
52 67 0 8 0.775005877018
60 62 0 8 0.774331510067
30 39 0 8 0.768576860428
32 37 0 8 0.759810864925
30 56 0 8 0.759728312492
80 82 0 8 0.758300662041
78 81 0 8 0.756130635738
83 85 0 8 0.756002664566
75 78 0 8 0.755458295345
82 84 0 8 0.754872441292
64 66 0 8 0.753451943398
41 56 0 8 0.753195762634
3 7 0 8 0.753129422665
43 45 0 8 0.752694129944
66 69 0 8 0.752620279789
44 52 0 8 0.750024676323
32 36 0 8 0.744311988354
1 3 0 8 0.742513716221
43 55 0 8 0.741388559341
50 52 0 8 0.740359842777
14 16 0 8 0.737755656242
77 81 0 8 0.734063208103
16 18 0 8 0.73204690218
68 71 0 8 0.728681325912
39 59 0 8 0.726948678493
56 65 0 8 0.724057674408
25 27 0 8 0.722896277905
49 51 0 8 0.721893668175
22 24 0 8 0.721810996532
47 53 0 8 0.720976114273
39 41 0 8 0.719674706459
69 72 0 8 0.718795001507
41 59 0 8 0.718600273132
44 54 0 8 0.717030584812
19 21 0 8 0.716224014759
31 33 0 8 0.714978456497
56 61 0 8 0.711051106453
52 66 0 8 0.708835184574
55 62 0 8 0.707549870014
30 38 0 8 0.706595897675
40 60 0 8 0.704877614975
66 68 0 8 0.694648265839
30 40 0 8 0.694487452507
39 58 0 8 0.694293737411
47 50 0 8 0.693601369858
32 35 0 8 0.692932844162
45 52 0 8 0.691943228245
18 30 0 8 0.689897298813
31 69 0 8 0.689504206181
43 56 0 8 0.687945306301
33 36 0 8 0.681605875492
47 49 0 8 0.680562078953
53 62 0 8 0.674751520157
31 37 0 8 0.672946929932
22 43 0 8 0.671330153942
22 28 0 8 0.666657984257
80 83 0 8 0.663323998451
40 59 0 8 0.661396086216
32 61 0 8 0.65704035759
27 73 0 8 0.657016217709
56 62 0 8 0.649531424046
2 6 0 8 0.648972272873
18 33 0 8 0.64820432663
76 79 0 8 0.647494137287
43 57 0 8 0.647388100624
65 69 0 8 0.644329607487
46 50 0 8 0.644302904606
53 66 0 8 0.640883386135
32 34 0 8 0.63835734129
31 39 0 8 0.634642422199
33 63 0 8 0.633463740349
36 38 0 8 0.632645845413
12 17 0 8 0.632197201252
41 58 0 8 0.628515958786
39 61 0 8 0.627875030041
65 70 0 8 0.627502679825
66 70 0 8 0.62689357996
54 63 0 8 0.626798212528
30 65 0 8 0.623065650463
58 61 0 8 0.619036316872
17 32 0 8 0.613723933697
55 64 0 8 0.612117826939
57 59 0 8 0.610105752945
54 64 0 8 0.609423995018
12 30 0 8 0.60770046711
54 70 0 8 0.607115745544
44 57 0 8 0.606624722481
38 56 0 8 0.605609297752
23 26 0 8 0.605449080467
79 82 0 8 0.601851701736
67 71 0 8 0.601489424706
55 63 0 8 0.601211965084
57 63 0 8 0.600183725357
30 59 0 8 0.599281191826
44 53 0 8 0.598992645741
28 70 0 8 0.589975833893
42 56 0 8 0.587476372719
47 52 0 8 0.585594594479
17 30 0 8 0.585389375687
55 67 0 8 0.579906582832
38 71 0 8 0.579507529736
55 65 0 8 0.579149603844
57 61 0 8 0.576815903187
43 52 0 8 0.576709449291
51 66 0 8 0.565888941288
69 73 0 8 0.552406847477
46 51 0 8 0.549591124058
32 56 0 8 0.547560036182
46 48 0 8 0.544141948223
52 69 0 8 0.541230022907
74 78 0 8 0.538531720638
29 38 0 8 0.531024217606
19 31 0 8 0.52398455143
2 5 0 8 0.510263681412
78 82 0 8 0.508838117123
33 69 0 8 0.498812168837
32 59 0 8 0.497686952353
44 62 0 8 0.484932422638
43 53 0 8 0.482009410858
28 52 0 8 0.479500979185
41 54 0 8 0.466057091951
57 62 0 8 0.461803853512
17 31 0 8 0.446029633284
42 54 0 8 0.44401717186
20 38 0 8 0.43381690979
39 56 0 8 0.431205630302
8 43 0 8 0.42973664403
52 65 0 8 0.42919036746
16 33 0 8 0.421685487032
33 38 0 8 0.421318262815
53 67 0 8 0.420238703489
28 57 0 8 0.419969558716
22 40 0 8 0.418242454529
72 76 0 8 0.417997539043
15 34 0 8 0.414250165224
27 43 0 8 0.410659700632
38 58 0 8 0.408608913422
20 72 0 8 0.405429959297
22 25 0 8 0.401548236609
54 66 0 8 0.400031596422
31 36 0 8 0.397406607866
75 79 0 8 0.3961391747
47 51 0 8 0.394505143166
72 75 0 8 0.388778835535
17 20 0 8 0.388486921787
24 45 0 8 0.38482350111
12 29 0 8 0.383863687515
16 34 0 8 0.379832714796
41 55 0 8 0.379616051912
20 43 0 8 0.37588852644
53 69 0 8 0.375501722097
31 40 0 8 0.368857592344
26 44 0 8 0.367271929979
2 7 0 8 0.362902462482
76 80 0 8 0.362156867981
54 69 0 8 0.361271739006
50 68 0 8 0.360167562962
50 67 0 8 0.359576523304
40 56 0 8 0.359569966793
31 63 0 8 0.352661073208
22 27 0 8 0.350080728531
43 46 0 8 0.347825020552
26 72 0 8 0.346309632063
11 17 0 8 0.329675614834
45 50 0 8 0.327322602272
57 60 0 8 0.324449002743
37 59 0 8 0.319853276014
39 60 0 8 0.317735403776
53 65 0 8 0.307942658663
25 45 0 8 0.305583059788
82 85 0 8 0.301875263453
57 82 0 8 0.300786018372
68 72 0 8 0.299678742886
58 62 0 8 0.299551784992
79 83 0 8 0.297722697258
5 22 0 8 0.297549217939
39 57 0 8 0.295916765928
42 53 0 8 0.295679867268
12 18 0 8 0.295638024807
8 28 0 8 0.295094192028
25 42 0 8 0.294826120138
29 65 0 8 0.292566299438
56 64 0 8 0.289779961109
20 28 0 8 0.286741048098
41 60 0 8 0.285005539656
71 74 0 8 0.284713596106
38 83 0 8 0.27715715766
48 51 0 8 0.275398731232
51 69 0 8 0.274981617928
58 63 0 8 0.273288667202
40 55 0 8 0.273185282946
17 33 0 8 0.272621512413
53 70 0 8 0.272253423929
31 35 0 8 0.270187020302
36 69 0 8 0.26958528161
53 68 0 8 0.269364118576
27 58 0 8 0.268108814955
24 46 0 8 0.268004000187
1 5 0 8 0.266489744186
11 77 0 8 0.265888631344
8 61 0 8 0.259545683861
50 66 0 8 0.256095528603
29 39 0 8 0.25253662467
81 84 0 8 0.251121073961
28 65 0 8 0.251047223806
80 84 0 8 0.249800443649
30 54 0 8 0.244313105941
28 54 0 8 0.238566339016
18 32 0 8 0.235096424818
52 73 0 8 0.23442389071
38 57 0 8 0.234001025558
52 71 0 8 0.233148336411
8 54 0 8 0.226612389088
51 68 0 8 0.226361110806
27 46 0 8 0.225896343589
32 63 0 8 0.225700005889
8 56 0 8 0.22545696795
26 45 0 8 0.225171878934
28 73 0 8 0.222922831774
38 72 0 8 0.222472146153
55 84 0 8 0.221839830279
46 53 0 8 0.221294745803
19 72 0 8 0.220878124237
33 37 0 8 0.219885647297
13 16 0 8 0.218932196498
45 51 0 8 0.217904657125
27 47 0 8 0.217748358846
54 62 0 8 0.217441737652
12 16 0 8 0.215748474002
28 56 0 8 0.213949516416
34 37 0 8 0.21325558424
52 64 0 8 0.211975991726
45 54 0 8 0.211194381118
51 71 0 8 0.210782185197
35 38 0 8 0.208770304918
42 55 0 8 0.208519652486
38 73 0 8 0.207470625639
70 74 0 8 0.207320436835
29 74 0 8 0.207119062543
38 55 0 8 0.203249514103
38 59 0 8 0.201684579253
25 43 0 8 0.200317561626
15 71 0 8 0.199922785163
11 70 0 8 0.19964762032
31 41 0 8 0.196772798896
40 73 0 8 0.196761235595
30 43 0 8 0.195990607142
22 67 0 8 0.194323167205
20 54 0 8 0.193692833185
54 73 0 8 0.193296581507
73 78 0 8 0.19017329812
42 59 0 8 0.187808185816
22 45 0 8 0.186307892203
29 70 0 8 0.184245333076
15 20 0 8 0.181757584214
77 82 0 8 0.180532187223
21 64 0 8 0.179386913776
70 77 0 8 0.178836897016
5 28 0 8 0.176909849048
42 73 0 8 0.173499897122
20 46 0 8 0.173011377454
71 75 0 8 0.172822311521
25 44 0 8 0.171233564615
9 46 0 8 0.170732781291
35 61 0 8 0.168968901038
46 49 0 8 0.167576923966
11 54 0 8 0.166909232736
51 70 0 8 0.165781334043
44 51 0 8 0.164483681321
5 20 0 8 0.163633555174
81 85 0 8 0.161294072866
78 83 0 8 0.158942371607
28 46 0 8 0.158493414521
51 65 0 8 0.156172767282
25 46 0 8 0.156104907393
29 43 0 8 0.153343304992
35 39 0 8 0.152121111751
5 61 0 8 0.151328086853
8 29 0 8 0.15081179142
39 55 0 8 0.149931430817
59 83 0 8 0.146776393056
39 63 0 8 0.146013438702
29 42 0 8 0.145309284329
28 77 0 8 0.144401907921
29 57 0 8 0.143538996577
1 4 0 8 0.142587780952
22 54 0 8 0.141571179032
65 73 0 8 0.141335502267
55 66 0 8 0.141004621983
22 57 0 8 0.14051450789
41 53 0 8 0.140229821205
30 61 0 8 0.139832854271
12 20 0 8 0.139482691884
43 77 0 8 0.139183834195
44 56 0 8 0.139089897275
43 80 0 8 0.138665392995
54 68 0 8 0.138559505343
39 83 0 8 0.138497725129
49 67 0 8 0.138466477394
27 66 0 8 0.136815145612
20 45 0 8 0.135707393289
4 77 0 8 0.133967801929
13 17 0 8 0.131755724549
8 30 0 8 0.131079927087
55 73 0 8 0.130570188165
27 77 0 8 0.130550652742
32 40 0 8 0.129186555743
22 52 0 8 0.128541812301
12 19 0 8 0.128077760339
77 83 0 8 0.12792262435
34 38 0 8 0.127757757902
43 70 0 8 0.127434194088
9 17 0 8 0.126537159085
17 67 0 8 0.124150335789
22 58 0 8 0.124020919204
28 71 0 8 0.123996302485
27 65 0 8 0.123713716865
24 27 0 8 0.123415984213
51 67 0 8 0.123367503285
4 41 0 8 0.121819384396
28 82 0 8 0.121096648276
33 39 0 8 0.120495006442
29 77 0 8 0.120283342898
39 82 0 8 0.119424454868
9 20 0 8 0.118296317756
44 77 0 8 0.117784239352
43 73 0 8 0.117624185979
16 19 0 8 0.117491416633
56 60 0 8 0.116904787719
20 29 0 8 0.116817303002
11 67 0 8 0.116006523371
27 44 0 8 0.115913189948
12 28 0 8 0.115822672844
21 51 0 8 0.115474812686
29 58 0 8 0.115464657545
17 51 0 8 0.115456476808
56 59 0 8 0.114169858396
38 77 0 8 0.112900875509
40 53 0 8 0.112506277859
12 80 0 8 0.112325452268
47 64 0 8 0.112106926739
22 83 0 8 0.11149636656
52 68 0 8 0.111241392791
8 38 0 8 0.110321506858
16 20 0 8 0.108520813286
8 77 0 8 0.107595838606
57 73 0 8 0.105908818543
30 63 0 8 0.105778008699
22 47 0 8 0.105491876602
15 18 0 8 0.105217494071
50 69 0 8 0.104680158198
22 60 0 8 0.104602530599
22 61 0 8 0.103601112962
56 70 0 8 0.102979533374
38 41 0 8 0.102869294584
11 69 0 8 0.102658256888
38 70 0 8 0.102147623897
40 54 0 8 0.100828483701
41 80 0 8 0.0998400971293
5 46 0 8 0.0988839864731
51 76 0 8 0.0987024232745
38 60 0 8 0.0977098345757
28 58 0 8 0.0968189388514
5 19 0 8 0.0951050966978
42 82 0 8 0.094732709229
11 80 0 8 0.0939626097679
73 80 0 8 0.0931597948074
37 55 0 8 0.0931167826056
9 18 0 8 0.0925457775593
28 44 0 8 0.0924237519503
20 27 0 8 0.0921985134482
30 57 0 8 0.0917247161269
22 81 0 8 0.0916162654757
24 67 0 8 0.0905527248979
8 52 0 8 0.0905432775617
37 58 0 8 0.0904316902161
8 70 0 8 0.0903766751289
29 63 0 8 0.0895504429936
8 20 0 8 0.0893462374806
29 55 0 8 0.0892727226019
47 73 0 8 0.0890885591507
30 67 0 8 0.0887356251478
31 34 0 8 0.0884592235088
25 60 0 8 0.0880389586091
42 58 0 8 0.0879748687148
38 61 0 8 0.0876733586192
48 52 0 8 0.0874718800187
57 64 0 8 0.0872334167361
7 19 0 8 0.0864178836346
18 21 0 8 0.0861983150244
28 60 0 8 0.0858375132084
54 77 0 8 0.0857221335173
5 43 0 8 0.0856779664755
46 67 0 8 0.0849676430225
8 58 0 8 0.0849016159773
12 54 0 8 0.0847690850496
18 47 0 8 0.0846530497074
23 45 0 8 0.0846304371953
55 77 0 8 0.0837541818619
23 46 0 8 0.0837447941303
27 60 0 8 0.0836297795177
20 67 0 8 0.0833746567369
11 71 0 8 0.0833464041352
29 64 0 8 0.0833372250199
12 52 0 8 0.0833260789514
38 67 0 8 0.0832938179374
72 77 0 8 0.0830253064632
20 83 0 8 0.0827132239938
22 73 0 8 0.0825690627098
23 42 0 8 0.0823717042804
12 77 0 8 0.0822685733438
8 80 0 8 0.0821179300547
22 46 0 8 0.0821110978723
7 76 0 8 0.0817586183548
67 77 0 8 0.0810402408242
17 34 0 8 0.0806544646621
36 39 0 8 0.0805964842439
20 62 0 8 0.0803024247289
26 46 0 8 0.0799272954464
54 71 0 8 0.0798715204
28 59 0 8 0.0793881714344
12 57 0 8 0.0790695101023
26 59 0 8 0.0789651200175
31 56 0 8 0.0787790119648
59 77 0 8 0.0783402472734
15 32 0 8 0.0781089961529
26 53 0 8 0.0775128677487
46 70 0 8 0.076865978539
15 50 0 8 0.0768153592944
13 18 0 8 0.0764840245247
29 82 0 8 0.0764282494783
23 43 0 8 0.0763747468591
1 6 0 8 0.0758705511689
41 77 0 8 0.0751776620746
27 45 0 8 0.0750049725175
17 54 0 8 0.074857801199
46 54 0 8 0.0747973769903
30 64 0 8 0.0747045725584
27 64 0 8 0.0745540708303
44 58 0 8 0.0744531899691
15 67 0 8 0.0743855014443
42 77 0 8 0.0741824284196
59 62 0 8 0.0741481110454
38 82 0 8 0.0741314664483
38 62 0 8 0.0734289512038
26 41 0 8 0.0728711113334
28 55 0 8 0.0726838037372
38 65 0 8 0.0721556544304
11 16 0 8 0.0721253380179
11 73 0 8 0.0721012949944
45 62 0 8 0.0719586312771
22 65 0 8 0.0716733634472
21 50 0 8 0.0716101527214
10 15 0 8 0.0715989992023
51 72 0 8 0.0711779594421
30 70 0 8 0.0709818303585
53 71 0 8 0.0707919821143
26 73 0 8 0.0707259178162
45 49 0 8 0.0704020261765
52 77 0 8 0.0703624039888
29 80 0 8 0.0701132416725
11 18 0 8 0.0699745714664
30 83 0 8 0.069968611002
14 17 0 8 0.0696795284748
29 52 0 8 0.0694995298982
8 57 0 8 0.0694130435586
32 41 0 8 0.0688887760043
18 46 0 8 0.0685074627399
8 73 0 8 0.0684140771627
31 43 0 8 0.0681271180511
44 80 0 8 0.0680364444852
20 53 0 8 0.0677123144269
8 41 0 8 0.0676138624549
23 27 0 8 0.0674437955022
32 54 0 8 0.0674160420895
28 63 0 8 0.0673546418548
40 63 0 8 0.0669318512082
28 39 0 8 0.0668452903628
32 71 0 8 0.066563397646
19 38 0 8 0.0664835348725
24 28 0 8 0.0664421468973
20 30 0 8 0.0663816705346
20 52 0 8 0.0656173601747
17 52 0 8 0.065460473299
25 81 0 8 0.0652087405324
11 20 0 8 0.0651361420751
8 59 0 8 0.0650694817305
69 77 0 8 0.0648986771703
4 46 0 8 0.0647369995713
20 70 0 8 0.0646723806858
39 64 0 8 0.0646559074521
40 70 0 8 0.0646424889565
5 84 0 8 0.0646103397012
27 50 0 8 0.0643286332488
15 72 0 8 0.0640508383512
12 70 0 8 0.0640397071838
9 15 0 8 0.0635248571634
41 83 0 8 0.0633858591318
7 83 0 8 0.0631022155285
42 83 0 8 0.0630653947592
28 69 0 8 0.0625894889235
15 19 0 8 0.0625551566482
21 25 0 8 0.0624962970614
60 63 0 8 0.0624891445041
50 72 0 8 0.0623591057956
33 72 0 8 0.0623030476272
26 85 0 8 0.0620945692062
24 52 0 8 0.062044184655
8 60 0 8 0.0620101727545
23 40 0 8 0.0619728267193
25 80 0 8 0.0618345178664
70 80 0 8 0.0618006028235
21 24 0 8 0.0616930872202
12 71 0 8 0.0613957419991
15 33 0 8 0.061314444989
26 47 0 8 0.0612525045872
12 43 0 8 0.0612433478236
30 84 0 8 0.0612090043724
25 67 0 8 0.0611635781825
24 29 0 8 0.0610789842904
22 51 0 8 0.0610370784998
27 59 0 8 0.0610207617283
12 74 0 8 0.0604455806315
43 81 0 8 0.0600810460746
21 28 0 8 0.0600152462721
30 77 0 8 0.0599698014557
5 39 0 8 0.0598112642765
22 41 0 8 0.0596916936338
9 37 0 8 0.0595002621412
11 83 0 8 0.0593468882143
53 63 0 8 0.059345304966
39 65 0 8 0.0586091130972
21 26 0 8 0.0584505498409
50 70 0 8 0.0581988096237
28 38 0 8 0.0580229647458
30 52 0 8 0.0579875931144
39 81 0 8 0.0578638128936
29 56 0 8 0.0577959269285
26 67 0 8 0.0573973245919
4 59 0 8 0.0570753999054
22 29 0 8 0.0570605956018
8 42 0 8 0.0570545531809
44 83 0 8 0.0569875575602
40 83 0 8 0.0569646656513
31 65 0 8 0.0569402836263
29 71 0 8 0.0568884052336
21 48 0 8 0.0567976012826
29 44 0 8 0.0566960312426
55 61 0 8 0.0566300787032
20 26 0 8 0.0565375126898
27 68 0 8 0.0564996525645
28 67 0 8 0.0564635545015
28 78 0 8 0.0564410164952
37 40 0 8 0.056400295347
25 66 0 8 0.0563291944563
40 77 0 8 0.0562551170588
43 78 0 8 0.0562074519694
59 63 0 8 0.0560339763761
66 71 0 8 0.0556394793093
28 84 0 8 0.0555680170655
20 77 0 8 0.0554631724954
30 80 0 8 0.055460806936
22 79 0 8 0.0554277487099
21 43 0 8 0.0554190091789
20 65 0 8 0.0553197599947
4 27 0 8 0.0551082640886
38 84 0 8 0.0550863705575
20 69 0 8 0.0550273135304
5 24 0 8 0.0547563768923
32 60 0 8 0.0547260865569
9 22 0 8 0.0546262599528
34 61 0 8 0.0545434206724
80 85 0 8 0.0544855892658
37 60 0 8 0.0544580817223
28 72 0 8 0.0541686713696
9 78 0 8 0.0541382394731
44 64 0 8 0.0540161132812
19 50 0 8 0.0539663918316
29 46 0 8 0.0536795444787
23 65 0 8 0.0536583177745
12 22 0 8 0.0533663146198
24 47 0 8 0.0532595813274
7 20 0 8 0.0532188899815
11 43 0 8 0.0531529299915
25 28 0 8 0.0530266277492
17 22 0 8 0.053006503731
17 47 0 8 0.052940312773
29 83 0 8 0.0529375746846
21 46 0 8 0.0529195182025
22 44 0 8 0.0528865121305
57 65 0 8 0.0527403280139
43 84 0 8 0.0525829158723
49 70 0 8 0.0523182861507
27 71 0 8 0.0519452355802
8 40 0 8 0.0518138445914
41 63 0 8 0.0516961701214
73 81 0 8 0.0516553930938
32 62 0 8 0.0515834018588
24 44 0 8 0.051349028945
5 63 0 8 0.0513044372201
74 80 0 8 0.0512133836746
9 59 0 8 0.0509747155011
39 62 0 8 0.0509731732309
21 27 0 8 0.0509667731822
15 68 0 8 0.0509284995496
32 65 0 8 0.0509026348591
18 22 0 8 0.0508676730096
28 83 0 8 0.0507770590484
19 30 0 8 0.0507291704416
21 67 0 8 0.0506782643497
45 55 0 8 0.0504763312638
29 66 0 8 0.0504219010472
30 44 0 8 0.0503872297704
44 73 0 8 0.0503339394927
25 76 0 8 0.0503089614213
43 65 0 8 0.0502793639898
25 69 0 8 0.0502669587731
29 54 0 8 0.0502279996872
50 71 0 8 0.0501275621355
33 62 0 8 0.0500540845096
69 76 0 8 0.0500189177692
16 32 0 8 0.0499170906842
44 81 0 8 0.0496603883803
22 74 0 8 0.0496505126357
27 67 0 8 0.0495066307485
20 48 0 8 0.0492428168654
37 62 0 8 0.0492211952806
77 84 0 8 0.0489147342741
26 70 0 8 0.0487001463771
28 66 0 8 0.048611022532
40 81 0 8 0.0486076027155
4 36 0 8 0.0485516041517
43 51 0 8 0.0483460091054
21 38 0 8 0.0483190305531
7 78 0 8 0.0482284650207
23 44 0 8 0.0481541976333
18 70 0 8 0.0481294617057
56 73 0 8 0.0481013990939
43 83 0 8 0.047969840467
8 69 0 8 0.0476312562823
15 31 0 8 0.0476092733443
39 77 0 8 0.0475016385317
39 85 0 8 0.0474440678954
36 58 0 8 0.0474033541977
23 47 0 8 0.0473980382085
23 28 0 8 0.0470901988447
71 77 0 8 0.0470246374607
28 80 0 8 0.0470190085471
24 43 0 8 0.0469963774085
20 47 0 8 0.0469655692577
32 42 0 8 0.0468895845115
28 45 0 8 0.0468301214278
16 48 0 8 0.0465770810843
24 70 0 8 0.0463067255914
55 81 0 8 0.0462979003787
19 53 0 8 0.0462969020009
20 55 0 8 0.0462113842368
37 77 0 8 0.046045023948
31 59 0 8 0.0460285209119
27 69 0 8 0.0457393154502
5 26 0 8 0.0456944741309
25 83 0 8 0.0456331521273
21 47 0 8 0.0455657429993
38 80 0 8 0.0453470274806
38 64 0 8 0.0453466549516
18 48 0 8 0.045099940151
30 73 0 8 0.0450719371438
23 52 0 8 0.04505841434
23 59 0 8 0.0450301095843
14 18 0 8 0.0446884743869
37 68 0 8 0.0446730554104
6 67 0 8 0.0445590317249
5 37 0 8 0.0445567555726
26 56 0 8 0.0444862581789
67 73 0 8 0.0444746948779
78 84 0 8 0.0443852841854
17 46 0 8 0.0443100593984
43 82 0 8 0.0442467369139
37 84 0 8 0.044210895896
22 59 0 8 0.0440910644829
30 55 0 8 0.0440875887871
28 64 0 8 0.0440727993846
40 84 0 8 0.0439846515656
46 80 0 8 0.0439261682332
15 22 0 8 0.0437687076628
11 22 0 8 0.0436300374568
23 48 0 8 0.0434763543308
26 60 0 8 0.0434612073004
40 62 0 8 0.0433803014457
40 61 0 8 0.0431911870837
51 77 0 8 0.043175175786
21 44 0 8 0.0431645326316
37 61 0 8 0.0431510321796
7 69 0 8 0.0431052520871
70 84 0 8 0.0429983064532
29 81 0 8 0.0426300801337
26 48 0 8 0.0425231941044
3 8 0 8 0.0424854010344
5 80 0 8 0.0422814637423
4 84 0 8 0.0420310311019
42 85 0 8 0.0419567935169
13 20 0 8 0.0419402755797
11 59 0 8 0.0418917797506
20 44 0 8 0.041862975806
30 37 0 8 0.0417599417269
30 42 0 8 0.041621658951
71 76 0 8 0.0415853373706
24 48 0 8 0.0414987877011
40 65 0 8 0.0414543412626
20 49 0 8 0.0414425879717
19 22 0 8 0.0414107181132
65 77 0 8 0.0413634330034
8 55 0 8 0.0413279309869
46 73 0 8 0.04127093032
36 59 0 8 0.0412650331855
36 60 0 8 0.041166909039
12 42 0 8 0.0409442707896
19 48 0 8 0.0408399812877
25 48 0 8 0.040640078485
20 50 0 8 0.0406124033034
25 77 0 8 0.0403657332063
27 82 0 8 0.0401457026601
31 50 0 8 0.0401048585773
49 68 0 8 0.0399433299899
25 47 0 8 0.0398912765086
38 69 0 8 0.0398072861135
41 84 0 8 0.0396066494286
21 62 0 8 0.0396036580205
50 77 0 8 0.0395231172442
20 73 0 8 0.0391858145595
20 23 0 8 0.0391574054956
47 67 0 8 0.0391182787716
23 64 0 8 0.039047524333
8 83 0 8 0.0390275940299
26 51 0 8 0.0389946959913
22 69 0 8 0.0389530286193
41 81 0 8 0.0389295145869
37 56 0 8 0.0389276631176
67 72 0 8 0.0387817882001
27 83 0 8 0.0387590639293
36 61 0 8 0.0386306196451
67 81 0 8 0.0385700725019
22 55 0 8 0.0385006777942
5 45 0 8 0.0384160019457
8 26 0 8 0.0383255071938
32 83 0 8 0.0382351875305
8 65 0 8 0.038053818047
45 48 0 8 0.0380117557943
15 69 0 8 0.0379290357232
27 70 0 8 0.0379100069404
26 58 0 8 0.0379009991884
38 81 0 8 0.0378918871284
23 67 0 8 0.0375200435519
19 28 0 8 0.0374894551933
41 70 0 8 0.0373890511692
56 81 0 8 0.0373725518584
4 28 0 8 0.0373484678566
38 63 0 8 0.0373157598078
23 58 0 8 0.0371773168445
34 39 0 8 0.0369571745396
26 29 0 8 0.0368641726673
22 42 0 8 0.0367733314633
8 17 0 8 0.0367502346635
27 53 0 8 0.0366514623165
32 64 0 8 0.0366292484105
22 64 0 8 0.0365914404392
8 45 0 8 0.0365894883871
20 71 0 8 0.0365256890655
15 77 0 8 0.0365053117275
26 80 0 8 0.0364814028144
17 70 0 8 0.0364608205855
24 77 0 8 0.0363074466586
20 63 0 8 0.036303602159
20 56 0 8 0.0362779200077
22 62 0 8 0.0361535102129
39 84 0 8 0.036055624485
18 67 0 8 0.0360222794116
26 65 0 8 0.0358726046979
18 29 0 8 0.0358081534505
42 70 0 8 0.0357752405107
12 73 0 8 0.035770110786
58 84 0 8 0.0357553102076
12 23 0 8 0.0354604795575
46 77 0 8 0.0354136042297
41 64 0 8 0.0353914834559
21 29 0 8 0.0353877693415
31 62 0 8 0.0353480279446
58 83 0 8 0.0352611877024
17 68 0 8 0.0351630561054
57 80 0 8 0.0350694395602
20 51 0 8 0.0347484201193
35 59 0 8 0.0346020385623
29 60 0 8 0.0345664471388
27 48 0 8 0.0345599465072
4 37 0 8 0.0345563925803
26 82 0 8 0.0344342552125
31 84 0 8 0.0343842878938
79 84 0 8 0.0343671552837
26 64 0 8 0.0343060381711
8 63 0 8 0.0342847108841
42 74 0 8 0.0342492312193
22 85 0 8 0.0342357717454
11 65 0 8 0.0342317894101
10 17 0 8 0.0342098474503
42 84 0 8 0.0341940633953
25 50 0 8 0.0341823399067
58 64 0 8 0.0340944267809
25 56 0 8 0.0340403169394
4 51 0 8 0.0340176895261
11 56 0 8 0.0339493453503
19 47 0 8 0.0337568596005
27 85 0 8 0.0337502025068
23 72 0 8 0.0337457358837
5 59 0 8 0.0336707793176
28 62 0 8 0.0336336642504
56 83 0 8 0.03360247612
4 39 0 8 0.0335831977427
15 65 0 8 0.0335443392396
51 73 0 8 0.033498942852
5 38 0 8 0.0334265083075
5 25 0 8 0.0332690030336
37 57 0 8 0.0332609973848
30 60 0 8 0.0332392416894
29 37 0 8 0.0331634841859
17 21 0 8 0.0331521704793
49 52 0 8 0.0330947525799
18 53 0 8 0.0330431386828
59 80 0 8 0.0330155603588
42 52 0 8 0.0329890437424
74 79 0 8 0.032959908247
24 80 0 8 0.0328662060201
19 70 0 8 0.0328103676438
17 50 0 8 0.0327717028558
1 7 0 8 0.0327653773129
4 38 0 8 0.0327059142292
12 32 0 8 0.0326708853245
37 41 0 8 0.0326412804425
31 58 0 8 0.0326213873923
26 57 0 8 0.0326176583767
29 59 0 8 0.0325365439057
22 50 0 8 0.0324811153114
41 73 0 8 0.0324285142124
17 39 0 8 0.0323690660298
57 84 0 8 0.0323437005281
50 73 0 8 0.0321243442595
30 58 0 8 0.0321044400334
65 83 0 8 0.0320829600096
48 73 0 8 0.0320694744587
15 30 0 8 0.0319127589464
20 64 0 8 0.0318521298468
39 80 0 8 0.0318402573466
32 77 0 8 0.0318024866283
42 81 0 8 0.0317206978798
31 60 0 8 0.0316538847983
8 32 0 8 0.0315855666995
47 76 0 8 0.0315429195762
42 80 0 8 0.0315193906426
18 52 0 8 0.0314040184021
4 67 0 8 0.0313665084541
49 69 0 8 0.0313623696566
4 9 0 8 0.0313211865723
7 80 0 8 0.0312557183206
57 77 0 8 0.0311551261693
8 22 0 8 0.0309716500342
47 72 0 8 0.0309416539967
60 83 0 8 0.0308754965663
58 81 0 8 0.0308568887413
4 32 0 8 0.0306259747595
41 61 0 8 0.0303001720458
9 56 0 8 0.0302363634109
17 53 0 8 0.0301887709647
52 83 0 8 0.0299931503832
65 84 0 8 0.0299899801612
27 56 0 8 0.0299862977117
65 68 0 8 0.0299848560244
7 54 0 8 0.029963420704
17 29 0 8 0.0299499593675
32 73 0 8 0.0298221837729
22 72 0 8 0.0297119636089
34 40 0 8 0.0296948458999
20 24 0 8 0.0296655129641
20 60 0 8 0.0296555217355
39 42 0 8 0.0295730233192
23 50 0 8 0.029564095661
59 82 0 8 0.0294279251248
26 77 0 8 0.0293860789388
7 77 0 8 0.0293718632311
31 54 0 8 0.0293288081884
27 39 0 8 0.0292465407401
17 28 0 8 0.0292401183397
19 46 0 8 0.0290680453181
46 78 0 8 0.0288336630911
8 53 0 8 0.0287623330951
33 66 0 8 0.0287596695125
26 69 0 8 0.0287065338343
54 57 0 8 0.0286672972143
64 83 0 8 0.02858399041
56 66 0 8 0.0285044983029
21 52 0 8 0.028486520052
57 81 0 8 0.0284529272467
18 83 0 8 0.0282357931137
21 45 0 8 0.0282142069191
24 64 0 8 0.028120547533
33 40 0 8 0.0280693881214
21 79 0 8 0.0280145183206
23 69 0 8 0.0279132388532
20 32 0 8 0.0278248675168
5 23 0 8 0.0277941022068
40 44 0 8 0.0274128690362
4 81 0 8 0.0273239929229
17 48 0 8 0.027295967564
30 69 0 8 0.027275653556
50 53 0 8 0.02717621997
12 56 0 8 0.0271754506975
39 70 0 8 0.0271723065525
14 68 0 8 0.0271367225796
20 57 0 8 0.0270591694862
24 68 0 8 0.0270117390901
32 72 0 8 0.0269918944687
24 57 0 8 0.0269492473453
37 76 0 8 0.0269325599074
8 39 0 8 0.0268923938274
43 79 0 8 0.0268787965178
37 64 0 8 0.0265575200319
58 73 0 8 0.0263894870877
11 52 0 8 0.0263560023159
26 83 0 8 0.0263162069023
31 64 0 8 0.026300046593
59 84 0 8 0.0262855645269
26 66 0 8 0.0262374710292
55 70 0 8 0.0262278374285
24 59 0 8 0.0262060835958
52 72 0 8 0.026167396456
29 45 0 8 0.0261186473072
27 80 0 8 0.0260693039745
20 58 0 8 0.0260511562228
41 52 0 8 0.0260108802468
18 38 0 8 0.0259887333959
45 80 0 8 0.0259709004313
44 48 0 8 0.0259388443083
17 65 0 8 0.0259143523872
25 70 0 8 0.0256412122399
8 46 0 8 0.025551551953
60 73 0 8 0.0253718290478
31 82 0 8 0.0253320299089
56 77 0 8 0.0252806376666
7 21 0 8 0.0252127926797
36 40 0 8 0.0251820199192
56 74 0 8 0.0251567903906
29 67 0 8 0.025081904605
22 77 0 8 0.0250581298023
5 21 0 8 0.0249796286225
48 69 0 8 0.0249712448567
8 19 0 8 0.0249307882041
22 76 0 8 0.0249167121947
8 37 0 8 0.0248924531043
9 19 0 8 0.024788396433
11 84 0 8 0.024784533307
4 61 0 8 0.0247115790844
46 79 0 8 0.0246516801417
4 83 0 8 0.0245815683156
30 66 0 8 0.0245694369078
65 80 0 8 0.0244814530015
31 73 0 8 0.0244356766343
17 80 0 8 0.0244006160647
19 23 0 8 0.0243716984987
61 80 0 8 0.0242801401764
57 83 0 8 0.0242578573525
28 81 0 8 0.0242479778826
20 40 0 8 0.0242471769452
28 85 0 8 0.0242369230837
46 82 0 8 0.0241714566946
31 72 0 8 0.024165565148
27 54 0 8 0.0241483487189
22 53 0 8 0.0240991469473
22 63 0 8 0.0240907166153
41 65 0 8 0.0239029992372
4 50 0 8 0.0238571837544
4 80 0 8 0.0237727891654
41 78 0 8 0.0237040836364
40 64 0 8 0.0236722789705
10 16 0 8 0.0236305315048
12 65 0 8 0.0236228909343
9 43 0 8 0.0235858056694
41 71 0 8 0.0235559102148
20 61 0 8 0.023525999859
40 43 0 8 0.0235207341611
7 22 0 8 0.0234679169953
60 84 0 8 0.023422671482
30 71 0 8 0.0234108604491
25 64 0 8 0.0233810860664
67 84 0 8 0.0233675539494
38 85 0 8 0.0233047176152
44 70 0 8 0.0232835188508
28 47 0 8 0.0232675839216
56 69 0 8 0.0232603289187
9 80 0 8 0.0232165791094
29 84 0 8 0.0232154019177
19 27 0 8 0.0231567453593
22 70 0 8 0.0231457874179
37 85 0 8 0.0231303535402
8 84 0 8 0.0230685994029
15 80 0 8 0.0230290666223
32 43 0 8 0.0230106730014
46 76 0 8 0.0229606982321
24 42 0 8 0.0229497775435
26 52 0 8 0.0229327045381
23 29 0 8 0.0228974446654
49 76 0 8 0.0228778403252
26 49 0 8 0.0228769928217
25 78 0 8 0.0228669103235
47 77 0 8 0.0228643864393
32 67 0 8 0.0228164959699
4 70 0 8 0.0227821916342
32 70 0 8 0.0227470733225
42 79 0 8 0.0227082464844
53 77 0 8 0.0226793382317
12 55 0 8 0.0226095300168
18 54 0 8 0.0225859358907
9 28 0 8 0.0225671082735
54 80 0 8 0.0225542224944
38 74 0 8 0.0225466527045
5 54 0 8 0.022546293214
31 74 0 8 0.022541904822
71 81 0 8 0.0225345883518
27 74 0 8 0.0225140955299
15 70 0 8 0.0225138179958
8 67 0 8 0.0224437471479
37 75 0 8 0.0224083289504
51 75 0 8 0.0223835408688
48 77 0 8 0.0223433673382
74 85 0 8 0.0223190728575
9 16 0 8 0.0223168563098
69 84 0 8 0.0223043765873
53 73 0 8 0.0222834534943
22 80 0 8 0.0222527068108
19 65 0 8 0.0221740268171
22 82 0 8 0.0221656225622
7 59 0 8 0.0221451222897
8 44 0 8 0.0221390463412
17 56 0 8 0.0221238080412
48 53 0 8 0.02211179398
19 64 0 8 0.0221112668514
32 80 0 8 0.0220688693225
23 60 0 8 0.0220377370715
48 68 0 8 0.0220116619021
53 83 0 8 0.021952195093
8 27 0 8 0.0219458583742
55 58 0 8 0.021893562749
4 26 0 8 0.0218517519534
46 83 0 8 0.0218453314155
23 73 0 8 0.0218369476497
9 84 0 8 0.021800538525
45 76 0 8 0.0217992272228
4 73 0 8 0.0217321924865
31 42 0 8 0.0217031482607
33 65 0 8 0.0216846335679
25 59 0 8 0.0216834452003
28 53 0 8 0.0216598436236
20 80 0 8 0.0215336419642
12 76 0 8 0.0215118546039
4 60 0 8 0.0214715991169
4 42 0 8 0.0214606765658
44 76 0 8 0.0214466154575
23 54 0 8 0.0214049145579
23 85 0 8 0.0213504973799
12 38 0 8 0.0213481709361
44 50 0 8 0.0213256832212
33 83 0 8 0.0212381016463
46 84 0 8 0.0212121084332
35 60 0 8 0.0211999956518
24 66 0 8 0.0211907885969
63 84 0 8 0.0211845394224
8 76 0 8 0.0211815889925
44 47 0 8 0.0211268831044
5 56 0 8 0.0211173985153
19 80 0 8 0.0211061611772
43 67 0 8 0.0210898313671
22 48 0 8 0.0210860408843
31 70 0 8 0.021078074351
76 81 0 8 0.0210728030652
19 45 0 8 0.0210629180074
17 71 0 8 0.0210230629891
16 31 0 8 0.0209944359958
20 42 0 8 0.0209474917501
55 83 0 8 0.0209126677364
79 85 0 8 0.0209067557007
61 64 0 8 0.0208847820759
4 58 0 8 0.0208523739129
42 63 0 8 0.020847985521
31 61 0 8 0.0208134092391
61 83 0 8 0.0208121500909
23 70 0 8 0.0207847505808
55 60 0 8 0.0207767561078
68 84 0 8 0.0207275841385
39 66 0 8 0.0207215491682
27 81 0 8 0.0207166150212
29 61 0 8 0.0206251684576
70 78 0 8 0.0206212252378
43 64 0 8 0.0206114370376
30 62 0 8 0.0206057783216
37 81 0 8 0.0205633360893
28 74 0 8 0.0205488875508
37 63 0 8 0.0205171834677
5 27 0 8 0.0204677656293
26 78 0 8 0.0204626768827
48 76 0 8 0.020432151854
48 70 0 8 0.0204209648073
5 42 0 8 0.0203998982906
8 81 0 8 0.0203842967749
17 69 0 8 0.020360454917
47 71 0 8 0.0203532986343
32 58 0 8 0.020317684859
38 78 0 8 0.020280117169
5 69 0 8 0.0202729515731
11 44 0 8 0.0202575717121
33 61 0 8 0.0202558916062
47 84 0 8 0.0201827343553
72 80 0 8 0.0201791748405
22 66 0 8 0.0201781950891
23 49 0 8 0.0201763194054
12 67 0 8 0.0201727747917
60 64 0 8 0.0201199669391
17 72 0 8 0.020083187148
70 81 0 8 0.0200247149915
5 65 0 8 0.0200104098767
11 72 0 8 0.0199850667268
20 25 0 8 0.0199768710881
4 22 0 8 0.0199764743447
25 29 0 8 0.0199375320226
22 56 0 8 0.0199255105108
46 81 0 8 0.0199197847396
11 32 0 8 0.0199066027999
23 41 0 8 0.0199037548155
21 49 0 8 0.0199023969471
68 73 0 8 0.0198366567492
44 67 0 8 0.019785573706
34 60 0 8 0.0197772253305
25 84 0 8 0.0197527445853
5 58 0 8 0.0197281353176
4 44 0 8 0.0197254661471
37 65 0 8 0.0197176076472
25 49 0 8 0.0196802727878
41 69 0 8 0.0196733288467
44 84 0 8 0.0196315422654
28 61 0 8 0.0195851940662
64 84 0 8 0.0195766407996
12 50 0 8 0.0195721704513
17 59 0 8 0.0195702090859
11 38 0 8 0.0195270068944
12 27 0 8 0.0195241086185
43 58 0 8 0.0195209048688
32 84 0 8 0.019500579685
69 80 0 8 0.0194499492645
25 85 0 8 0.0194481983781
66 73 0 8 0.0194107331336
78 85 0 8 0.0193804819137
5 44 0 8 0.0193656031042
46 55 0 8 0.0193642452359
30 81 0 8 0.0193623546511
4 57 0 8 0.0193463619798
63 80 0 8 0.0193224381655
31 83 0 8 0.0193117931485
47 69 0 8 0.0192932747304
14 20 0 8 0.0192798040807
12 40 0 8 0.0192678049207
12 46 0 8 0.0192514881492
38 42 0 8 0.0192423593253
23 62 0 8 0.0192403979599
24 74 0 8 0.0192042514682
7 84 0 8 0.0191633794457
19 85 0 8 0.0191252790391
20 85 0 8 0.0191110633314
19 29 0 8 0.019090142101
26 68 0 8 0.0190770979971
18 72 0 8 0.019065707922
5 50 0 8 0.0190564971417
63 85 0 8 0.0190284382552
66 84 0 8 0.0190234854817
47 74 0 8 0.0190070830286
19 62 0 8 0.018984651193
20 81 0 8 0.0189550835639
17 45 0 8 0.0189530942589
21 72 0 8 0.0189326237887
52 80 0 8 0.0189021751285
73 79 0 8 0.0188972726464
37 67 0 8 0.0188858751208
12 25 0 8 0.0188842229545
11 30 0 8 0.0188747812063
18 84 0 8 0.0188620258123
40 82 0 8 0.0188345611095
21 30 0 8 0.0188327860087
69 83 0 8 0.0188270770013
38 66 0 8 0.0188014078885
61 82 0 8 0.0187499336898
2 10 0 8 0.0187473688275
22 84 0 8 0.0187188331038
24 71 0 8 0.0187092926353
15 76 0 8 0.0186942983419
20 84 0 8 0.0186256282032
4 43 0 8 0.0185891035944
50 80 0 8 0.0185795277357
32 57 0 8 0.018577972427
4 62 0 8 0.0185143984854
37 69 0 8 0.0185141991824
4 55 0 8 0.0184844322503
4 65 0 8 0.0184618644416
67 80 0 8 0.0184560324997
8 31 0 8 0.0184435192496
41 82 0 8 0.0184173937887
7 43 0 8 0.0184050407261
33 56 0 8 0.0184032116085
16 74 0 8 0.0184020381421
16 22 0 8 0.0183818079531
67 83 0 8 0.018348691985
25 55 0 8 0.0183323509991
45 72 0 8 0.018303534016
15 47 0 8 0.0182644445449
67 82 0 8 0.0182238183916
11 19 0 8 0.0182128287852
33 64 0 8 0.0181805863976
42 69 0 8 0.018170312047
31 55 0 8 0.0181582719088
9 14 0 8 0.0181529242545
20 31 0 8 0.0181279666722
70 83 0 8 0.0181203205138
12 26 0 8 0.018080027774
43 85 0 8 0.0180734563619
9 38 0 8 0.018054837361
40 80 0 8 0.018007343635
59 81 0 8 0.0179929099977
30 53 0 8 0.0179458614439
39 79 0 8 0.0179429706186
49 71 0 8 0.0179351251572
11 79 0 8 0.0179204326123
54 84 0 8 0.0178796667606
15 73 0 8 0.0178625769913
13 19 0 8 0.0178619511425
27 52 0 8 0.0178604610264
31 66 0 8 0.0178535357118
5 41 0 8 0.0178262162954
74 81 0 8 0.0178235024214
9 69 0 8 0.0178101174533
16 79 0 8 0.0178016386926
25 73 0 8 0.0177749786526
27 84 0 8 0.0177623685449
23 61 0 8 0.0177503358573
18 23 0 8 0.0177481416613
15 28 0 8 0.017737487331
54 83 0 8 0.0177110452205
24 73 0 8 0.0177109949291
29 62 0 8 0.0176964588463
74 84 0 8 0.0176781006157
12 41 0 8 0.0176478195935
12 83 0 8 0.0176412742585
58 80 0 8 0.0176134388894
41 62 0 8 0.0176046937704
19 52 0 8 0.0176026169211
25 52 0 8 0.0175977926701
30 36 0 8 0.0175855066627
20 82 0 8 0.0175838246942
25 57 0 8 0.0175581537187
21 60 0 8 0.0175508260727
65 71 0 8 0.0175483338535
9 52 0 8 0.0175409689546
12 84 0 8 0.0175405498594
23 77 0 8 0.0174897257239
15 83 0 8 0.0174688678235
21 65 0 8 0.0174597036093
57 70 0 8 0.0174276009202
18 50 0 8 0.0174180343747
25 58 0 8 0.0173967219889
38 76 0 8 0.0173870101571
17 66 0 8 0.0173606015742
9 67 0 8 0.0173422507942
65 76 0 8 0.0173398870975
13 32 0 8 0.0173275824636
5 77 0 8 0.017327029258
51 80 0 8 0.0173256080598
5 62 0 8 0.0173143856227
24 83 0 8 0.0173123236746
19 67 0 8 0.0173104014248
11 42 0 8 0.0172933526337
34 84 0 8 0.017274286598
50 85 0 8 0.0172352641821
4 40 0 8 0.0172271002084
17 23 0 8 0.0172248482704
18 28 0 8 0.0171936377883
51 83 0 8 0.0171800255775
17 84 0 8 0.0171635448933
51 84 0 8 0.0171512179077
43 72 0 8 0.0171481147408
6 69 0 8 0.0171189755201
47 66 0 8 0.017017615959
62 83 0 8 0.0169918872416
22 30 0 8 0.0169897843152
76 82 0 8 0.0169661324471
17 63 0 8 0.0169605594128
26 40 0 8 0.0169315245003
25 68 0 8 0.0168972630054
45 84 0 8 0.0168942306191
11 28 0 8 0.0168828219175
11 81 0 8 0.0168385356665
43 59 0 8 0.0168317314237
15 74 0 8 0.01682016626
55 82 0 8 0.0167711339891
33 41 0 8 0.0167589262128
5 36 0 8 0.0167474597692
27 55 0 8 0.0167468618602
56 82 0 8 0.0167404487729
5 60 0 8 0.0167248919606
19 54 0 8 0.0167184006423
64 70 0 8 0.0166995022446
42 66 0 8 0.0166886635125
16 71 0 8 0.0166827086359
33 58 0 8 0.0166762564331
14 32 0 8 0.0166696812958
19 84 0 8 0.0166555009782
20 76 0 8 0.0166341084987
44 85 0 8 0.0166158434004
15 38 0 8 0.0166077259928
36 64 0 8 0.0165938548744
28 51 0 8 0.0165881980211
12 39 0 8 0.0165745690465
33 70 0 8 0.0165706668049
25 61 0 8 0.0165705438703
71 83 0 8 0.016570309177
16 47 0 8 0.0165688022971
23 84 0 8 0.0165530126542
38 54 0 8 0.0165514610708
39 43 0 8 0.0165463238955
31 71 0 8 0.0165413822979
19 60 0 8 0.0165286585689
42 60 0 8 0.0165191423148
27 72 0 8 0.0164928603917
56 84 0 8 0.0164851676673
37 70 0 8 0.0164786502719
33 71 0 8 0.0164660979062
39 73 0 8 0.0164508614689
60 81 0 8 0.0164437871426
24 85 0 8 0.0164342038333
40 85 0 8 0.0163977090269
4 30 0 8 0.0163816809654
40 71 0 8 0.0163732096553
55 71 0 8 0.0163477100432
25 41 0 8 0.0163211002946
28 68 0 8 0.0163108762354
69 74 0 8 0.0163089782
33 84 0 8 0.0163024179637
7 61 0 8 0.0162897594273
16 69 0 8 0.0162843186408
19 56 0 8 0.0162679646164
63 77 0 8 0.0162640586495
39 78 0 8 0.0162596814334
2 8 0 8 0.0162497982383
3 36 0 8 0.0162470322102
25 53 0 8 0.0162397008389
17 43 0 8 0.0162196177989
22 49 0 8 0.0162022262812
12 58 0 8 0.0162006970495
43 71 0 8 0.0161980614066
47 80 0 8 0.0161665324122
24 55 0 8 0.0161551907659
32 78 0 8 0.0161320921034
10 67 0 8 0.0160898864269
16 30 0 8 0.016089560464
32 55 0 8 0.0160887744278
25 75 0 8 0.0160883143544
23 83 0 8 0.0160827226937
4 64 0 8 0.0160694103688
9 65 0 8 0.0160693582147
21 63 0 8 0.0160413049161
14 72 0 8 0.0160362701863
12 69 0 8 0.0160335097462
19 66 0 8 0.0160277336836
17 38 0 8 0.0159892383963
12 48 0 8 0.0159742478281
12 44 0 8 0.0159693621099
45 83 0 8 0.0159640721977
24 60 0 8 0.0159539338201
52 74 0 8 0.0159531328827
64 85 0 8 0.0159310121089
40 52 0 8 0.015916030854
71 80 0 8 0.0159005858004
14 70 0 8 0.0158818531781
9 21 0 8 0.0158639084548
11 74 0 8 0.0158265903592
5 31 0 8 0.0158217847347
43 47 0 8 0.0158132407814
63 73 0 8 0.0158032532781
41 85 0 8 0.0158022455871
10 59 0 8 0.0157932825387
17 37 0 8 0.0157881677151
4 71 0 8 0.015784945339
50 74 0 8 0.0157594829798
24 50 0 8 0.0157547853887
66 85 0 8 0.0157374050468
64 67 0 8 0.0157349463552
4 29 0 8 0.0156948212534
15 63 0 8 0.0156867653131
28 79 0 8 0.0156865604222
6 37 0 8 0.0156850349158
48 75 0 8 0.0156646426767
7 67 0 8 0.0156599059701
17 60 0 8 0.0156179564074
12 64 0 8 0.0156131554395
7 52 0 8 0.0156103326008
8 82 0 8 0.0155932698399
30 33 0 8 0.0155773656443
55 85 0 8 0.0155749525875
73 82 0 8 0.0155738480389
22 68 0 8 0.0155637050048
33 60 0 8 0.0155560132116
29 69 0 8 0.015547552146
1 37 0 8 0.0155457565561
8 71 0 8 0.0155292870477
76 83 0 8 0.0155082410201
12 31 0 8 0.0155003955588
26 62 0 8 0.0154996961355
4 52 0 8 0.0154990991578
50 79 0 8 0.0154696526006
17 83 0 8 0.0154667263851
15 85 0 8 0.0154536757618
12 47 0 8 0.0154421580955
31 67 0 8 0.0154405208305
43 69 0 8 0.0154092144221
15 54 0 8 0.015397679992
59 85 0 8 0.0153643460944
50 76 0 8 0.0153629174456
56 80 0 8 0.0153471147642
69 81 0 8 0.0153362518176
65 74 0 8 0.015326785855
36 68 0 8 0.0152779277414
47 70 0 8 0.0152739109471
31 85 0 8 0.0152634354308
58 82 0 8 0.0152473477647
23 51 0 8 0.0152279492468
26 84 0 8 0.0151848131791
12 24 0 8 0.0151725383475
14 71 0 8 0.0151601033285
27 63 0 8 0.0151221537963
8 51 0 8 0.0151214785874
7 60 0 8 0.0151124913245
58 77 0 8 0.0151112778112
11 58 0 8 0.0150843979791
10 71 0 8 0.0150385890156
18 41 0 8 0.0150203481317
44 82 0 8 0.0150074576959
11 45 0 8 0.0150039410219
38 52 0 8 0.0149785010144
24 76 0 8 0.0149749061093
7 36 0 8 0.0149721074849
64 77 0 8 0.0149687882513
21 56 0 8 0.0149660250172
21 84 0 8 0.0149588985369
8 74 0 8 0.0149496700615
24 56 0 8 0.0149442777038
7 25 0 8 0.0149355754256
52 81 0 8 0.0148903373629
32 68 0 8 0.0148895122111
1 84 0 8 0.0148832472041
5 67 0 8 0.0148682231084
32 85 0 8 0.0148602770641
14 31 0 8 0.0148579394445
9 32 0 8 0.0148319695145
16 83 0 8 0.014827914536
19 49 0 8 0.0148245226592
14 80 0 8 0.0148243624717
53 80 0 8 0.0148114422336
9 81 0 8 0.0147997094318
7 73 0 8 0.0147743532434
7 70 0 8 0.0147449802607
42 45 0 8 0.0147354798391
4 31 0 8 0.0147353345528
56 85 0 8 0.0147336591035
40 69 0 8 0.0147065836936
24 62 0 8 0.0146972388029
40 76 0 8 0.0146935582161
4 48 0 8 0.0146770682186
47 82 0 8 0.0146768195555
5 81 0 8 0.0146705526859
4 85 0 8 0.0146570419893
31 44 0 8 0.014644513838
19 26 0 8 0.0146338930354
24 84 0 8 0.0146277062595
6 21 0 8 0.014626448974
48 84 0 8 0.0146244224161
22 71 0 8 0.0146235972643
19 32 0 8 0.0146114947274
7 32 0 8 0.0146093051881
55 59 0 8 0.0146029982716
55 69 0 8 0.0146007202566
34 66 0 8 0.0145797152072
8 66 0 8 0.0145791871473
41 44 0 8 0.0145689900964
15 40 0 8 0.0145503543317
27 61 0 8 0.0145467855036
7 17 0 8 0.0145444273949
37 83 0 8 0.0145389949903
21 80 0 8 0.0145043432713
63 83 0 8 0.014501105994
9 48 0 8 0.0144991707057
5 52 0 8 0.0144867207855
48 74 0 8 0.0144749004394
9 58 0 8 0.0144445057958
21 53 0 8 0.0144424214959
4 47 0 8 0.0144255179912
9 83 0 8 0.0143813686445
26 30 0 8 0.0143482750282
25 71 0 8 0.0143272420391
14 67 0 8 0.0143244415522
4 54 0 8 0.0143228806555
24 49 0 8 0.0143067520112
5 30 0 8 0.0143019724637
4 78 0 8 0.0142903747037
5 82 0 8 0.0142791550606
42 78 0 8 0.0142732169479
8 50 0 8 0.0142715992406
5 70 0 8 0.0142715387046
15 39 0 8 0.0142641356215
32 66 0 8 0.0142587395385
19 51 0 8 0.014241732657
18 55 0 8 0.0142397712916
4 69 0 8 0.0142387207597
43 63 0 8 0.014235407114
4 33 0 8 0.0142325107008
7 39 0 8 0.0142012154683
24 69 0 8 0.0141747584566
22 39 0 8 0.0141710136086
15 59 0 8 0.014162982814
5 71 0 8 0.0141582358629
24 58 0 8 0.0141559075564
26 81 0 8 0.0141432685778
7 28 0 8 0.0141351064667
49 80 0 8 0.0141304889694
53 76 0 8 0.0141300912946
31 81 0 8 0.0141224078834
61 84 0 8 0.0141072710976
5 83 0 8 0.0141063239425
65 82 0 8 0.0140823107213
45 85 0 8 0.0140598062426
15 35 0 8 0.0140536334366
18 71 0 8 0.0140511626378
16 64 0 8 0.0140452785417
4 20 0 8 0.0140298223123
38 68 0 8 0.0140288788825
5 85 0 8 0.0139857819304
4 56 0 8 0.0139510324225
64 73 0 8 0.0139477076009
12 37 0 8 0.0139461597428
11 55 0 8 0.0139400372282
56 67 0 8 0.0139288138598
4 53 0 8 0.0139199215919
18 59 0 8 0.0139134246856
24 65 0 8 0.0139126395807
17 57 0 8 0.0139117501676
65 72 0 8 0.0139060793445
24 81 0 8 0.013886234723
66 83 0 8 0.0138671947643
26 55 0 8 0.0138548631221
17 49 0 8 0.0138477897272
42 61 0 8 0.0138461878523
9 30 0 8 0.0138349421322
31 77 0 8 0.0138161657378
20 59 0 8 0.0138113973662
16 21 0 8 0.0138056250289
5 68 0 8 0.0137918097898
15 56 0 8 0.0137798544019
9 61 0 8 0.0137776974589
7 71 0 8 0.0137686487287
10 19 0 8 0.0137679688632
7 46 0 8 0.0137646608055
28 49 0 8 0.0137634826824
11 57 0 8 0.0137609262019
7 81 0 8 0.0137558346614
17 41 0 8 0.0137517331168
4 72 0 8 0.0137415835634
11 60 0 8 0.0137391146272
55 80 0 8 0.0137313827872
45 77 0 8 0.0137305632234
5 40 0 8 0.0137288393453
52 82 0 8 0.0137217771262
20 41 0 8 0.0136884609237
11 61 0 8 0.0136872502044
26 71 0 8 0.013685693033
1 33 0 8 0.0136767169461
25 65 0 8 0.0136455092579
9 60 0 8 0.0136361429468
7 58 0 8 0.0136274546385
9 63 0 8 0.0136247184128
60 80 0 8 0.0136193493381
24 53 0 8 0.0136106917635
68 76 0 8 0.0136058144271
12 53 0 8 0.0136041501537
35 62 0 8 0.0135991666466
11 41 0 8 0.0135718677193
15 46 0 8 0.0135611407459
40 66 0 8 0.013547854498
2 37 0 8 0.0135443629697
13 22 0 8 0.0135346818715
39 54 0 8 0.0135012865067
19 57 0 8 0.0134850237519
51 74 0 8 0.0134758297354
15 62 0 8 0.0134716592729
77 85 0 8 0.0134679526091
16 80 0 8 0.0134523129091
30 47 0 8 0.013442190364
48 67 0 8 0.0134177468717
60 82 0 8 0.0134173817933
15 84 0 8 0.0134056266397
66 77 0 8 0.01340375375
25 63 0 8 0.0133723802865
14 33 0 8 0.0133678074926
59 64 0 8 0.0133668901399
68 85 0 8 0.0133621422574
7 74 0 8 0.0133611056954
38 79 0 8 0.0133605524898
27 30 0 8 0.0133409053087
12 59 0 8 0.0133331809193
9 54 0 8 0.013327235356
71 82 0 8 0.0133164050058
16 37 0 8 0.0133154839277
32 53 0 8 0.0133133288473
17 77 0 8 0.0133113311604
11 68 0 8 0.013306052424
4 68 0 8 0.0132769662887
1 85 0 8 0.0132625820115
15 29 0 8 0.013251834549
35 40 0 8 0.0132474582642
10 20 0 8 0.0132344420999
3 50 0 8 0.0132334595546
8 18 0 8 0.0132260452956
48 80 0 8 0.0132122300565
9 39 0 8 0.0132026784122
47 83 0 8 0.0131914755329
16 85 0 8 0.0131799662486
14 19 0 8 0.0131747014821
62 73 0 8 0.013154309243
15 37 0 8 0.0131535911933
17 26 0 8 0.0131435990334
23 63 0 8 0.0131420586258
64 80 0 8 0.01313009765
1 36 0 8 0.0131244827062
15 43 0 8 0.0131241427734
70 82 0 8 0.0131073789671
15 36 0 8 0.0131023162976
57 85 0 8 0.0130884936079
4 49 0 8 0.0130798304453
7 38 0 8 0.0130756758153
70 76 0 8 0.0130725437775
72 81 0 8 0.0130622126162
4 66 0 8 0.0130603071302
21 31 0 8 0.0130552863702
16 77 0 8 0.0130459880456
22 78 0 8 0.0130459209904
67 76 0 8 0.0130404084921
14 77 0 8 0.013037703
20 37 0 8 0.0130350822583
17 55 0 8 0.0130034163594
3 37 0 8 0.0129936896265
12 63 0 8 0.0129832616076
22 31 0 8 0.0129722664133
7 62 0 8 0.0129715157673
21 70 0 8 0.0129714543
52 76 0 8 0.0129560548812
17 64 0 8 0.0129402400926
62 84 0 8 0.0129327327013
28 48 0 8 0.0129244998097
6 59 0 8 0.0129234166816
31 80 0 8 0.0129069732502
24 40 0 8 0.0129059348255
27 38 0 8 0.0128907514736
27 76 0 8 0.0128489881754
62 66 0 8 0.0128475120291
49 72 0 8 0.0128415320069
10 77 0 8 0.0128393452615
74 82 0 8 0.0128366015851
5 32 0 8 0.012817569077
7 26 0 8 0.0127929337323
27 79 0 8 0.0127622997388
5 76 0 8 0.0127499531955
14 74 0 8 0.0127435810864
22 38 0 8 0.0127376066521
4 23 0 8 0.0127367675304
45 69 0 8 0.0127270268276
8 13 0 8 0.012722899206
43 74 0 8 0.0127210551873
1 38 0 8 0.01271528285
5 48 0 8 0.0126751083881
17 76 0 8 0.0126734375954
34 69 0 8 0.0126648833975
25 79 0 8 0.0126631734893
1 45 0 8 0.0126586966217
67 85 0 8 0.0126444017515
74 83 0 8 0.0126234572381
5 73 0 8 0.0126216216013
19 83 0 8 0.0126112373546
10 54 0 8 0.0125951627269
4 45 0 8 0.012591409497
21 54 0 8 0.0125831300393
11 39 0 8 0.0125802690163
11 64 0 8 0.0125733818859
23 57 0 8 0.0125549538061
52 84 0 8 0.0125404261053
34 72 0 8 0.012523997575
12 68 0 8 0.0125159742311
63 81 0 8 0.0125074433163
19 71 0 8 0.0125066665933
46 85 0 8 0.0125056887046
17 74 0 8 0.0125025976449
50 78 0 8 0.012500802055
46 71 0 8 0.0124916704372
15 81 0 8 0.012463748455
7 82 0 8 0.0124595128
58 65 0 8 0.0124568482861
42 72 0 8 0.0124512659386
54 60 0 8 0.0124456202611
62 65 0 8 0.012423498556
32 81 0 8 0.0124155972153
21 74 0 8 0.0124097401276
45 56 0 8 0.0124011868611
30 85 0 8 0.0123731922358
46 65 0 8 0.0123552521691
28 76 0 8 0.0123493187129
62 85 0 8 0.0123354736716
61 81 0 8 0.012320343405
50 75 0 8 0.0123180747032
2 50 0 8 0.0123110739514
15 21 0 8 0.012310186401
15 23 0 8 0.0123053351417
20 74 0 8 0.0122945541516
29 32 0 8 0.0122883077711
33 80 0 8 0.012285541743
9 26 0 8 0.0122715355828
4 34 0 8 0.0122518539429
33 42 0 8 0.0122502846643
60 85 0 8 0.0122323529795
31 52 0 8 0.0122181884944
23 71 0 8 0.01220974233
64 68 0 8 0.0121889011934
64 69 0 8 0.0121882753447
75 80 0 8 0.0121734216809
23 68 0 8 0.0121209640056
15 24 0 8 0.0121070686728
20 39 0 8 0.0120882270858
43 60 0 8 0.0120864287019
54 76 0 8 0.0120711112395
63 66 0 8 0.0120673812926
23 66 0 8 0.012055114843
48 85 0 8 0.0120503557846
65 85 0 8 0.0120388204232
17 61 0 8 0.0120260324329
32 82 0 8 0.0120200514793
6 22 0 8 0.0120157711208
11 63 0 8 0.0119934761897
8 62 0 8 0.0119912168011
63 82 0 8 0.0119897257537
62 72 0 8 0.0119771799073
12 81 0 8 0.0119658717886
1 8 0 8 0.0119605744258
23 80 0 8 0.011959835887
28 50 0 8 0.011958421208
53 84 0 8 0.0119577907026
52 85 0 8 0.0119406981394
9 25 0 8 0.011937183328
39 67 0 8 0.0119365304708
1 39 0 8 0.0119335958734
26 54 0 8 0.0119285369292
2 83 0 8 0.0119248833507
18 39 0 8 0.0119013935328
8 25 0 8 0.0118765952066
5 64 0 8 0.0118761472404
70 79 0 8 0.0118738142774
16 62 0 8 0.0118692042306
1 47 0 8 0.0118620488793
1 34 0 8 0.0118602048606
9 29 0 8 0.0118362149224
2 33 0 8 0.0118267377838
14 79 0 8 0.0118226148188
36 62 0 8 0.0118160648271
16 76 0 8 0.0118109276518
42 46 0 8 0.0117940707132
25 82 0 8 0.0117845488712
2 27 0 8 0.0117756342515
21 61 0 8 0.0117734260857
5 51 0 8 0.0117631666362
1 27 0 8 0.011762201786
17 25 0 8 0.0117479441687
5 57 0 8 0.0117409201339
53 72 0 8 0.0117296613753
48 72 0 8 0.011712747626
13 74 0 8 0.0116904424503
3 11 0 8 0.0116901276633
30 82 0 8 0.0116636035964
63 78 0 8 0.0116531746462
64 82 0 8 0.0116322264075
29 76 0 8 0.0116305919364
13 48 0 8 0.0116090541705
20 66 0 8 0.0115847969428
58 85 0 8 0.0115736909211
32 44 0 8 0.0115658435971
38 43 0 8 0.01154348813
1 67 0 8 0.0115254977718
53 74 0 8 0.0115231890231
44 72 0 8 0.0115225156769
45 70 0 8 0.0115066468716
33 78 0 8 0.0114840026945
51 78 0 8 0.0114776222035
64 81 0 8 0.0114681972191
45 64 0 8 0.0114661967382
19 25 0 8 0.0114549547434
17 27 0 8 0.0114381257445
62 80 0 8 0.0114262318239
65 81 0 8 0.0114260325208
35 63 0 8 0.0114151099697
30 46 0 8 0.011407465674
72 83 0 8 0.0114012453705
43 66 0 8 0.0113920969889
15 48 0 8 0.0113843074068
32 69 0 8 0.0113818440586
4 25 0 8 0.0113706039265
49 53 0 8 0.0113502470776
51 54 0 8 0.0113461054862
11 25 0 8 0.0113277528435
49 73 0 8 0.0113234706223
1 68 0 8 0.0113185020164
9 77 0 8 0.0113143837079
66 72 0 8 0.0113126654178
39 69 0 8 0.0112866954878
44 79 0 8 0.0112799666822
33 59 0 8 0.0112606780604
23 53 0 8 0.0112433303148
23 81 0 8 0.0112403417006
5 74 0 8 0.0112371407449
12 34 0 8 0.0112265124917
25 72 0 8 0.0112195117399
25 51 0 8 0.0111859822646
18 65 0 8 0.0111843673512
16 23 0 8 0.011165115051
63 79 0 8 0.0111646726727
8 23 0 8 0.0111415181309
19 59 0 8 0.0111397840083
49 79 0 8 0.0111074214801
71 78 0 8 0.0110883992165
56 71 0 8 0.0110838459805
27 62 0 8 0.0110610444099
25 40 0 8 0.0110384821892
41 79 0 8 0.0110269999132
27 78 0 8 0.0110261151567
27 51 0 8 0.0110243586823
18 42 0 8 0.0110049573705
54 81 0 8 0.011004791595
15 64 0 8 0.0109978187829
14 34 0 8 0.0109802717343
2 72 0 8 0.0109775420278
51 85 0 8 0.0109675498679
73 85 0 8 0.010963386856
53 81 0 8 0.0109518831596
5 55 0 8 0.010946621187
9 40 0 8 0.0109443813562
17 62 0 8 0.0109212407842
42 51 0 8 0.0109101198614
49 75 0 8 0.0109064877033
25 54 0 8 0.0108873741701
1 32 0 8 0.0108844628558
3 84 0 8 0.0108827902004
12 51 0 8 0.0108803054318
2 39 0 8 0.0108798025176
34 81 0 8 0.0108627080917
2 84 0 8 0.010855701752
11 76 0 8 0.0108449850231
4 24 0 8 0.0108423614874
18 34 0 8 0.0108161270618
46 56 0 8 0.010807630606
21 85 0 8 0.010806218721
44 75 0 8 0.0108023351058
30 76 0 8 0.0107876816764
7 72 0 8 0.0107817342505
26 63 0 8 0.0107624568045
13 83 0 8 0.0107600353658
34 62 0 8 0.0107574770227
9 47 0 8 0.0107322512195
42 67 0 8 0.010731253773
38 44 0 8 0.0107289860025
70 85 0 8 0.0107279540971
54 82 0 8 0.0107167856768
30 79 0 8 0.0106991613284
21 58 0 8 0.0106980055571
39 74 0 8 0.0106895919889
57 66 0 8 0.0106716044247
50 84 0 8 0.0106448093429
1 83 0 8 0.0106398342177
64 72 0 8 0.0106364618987
45 81 0 8 0.0106338327751
33 81 0 8 0.0106089143082
31 53 0 8 0.0105981836095
13 31 0 8 0.0105882482603
18 57 0 8 0.0105793494731
10 78 0 8 0.0105781611055
33 51 0 8 0.0105753121898
48 81 0 8 0.010572922416
2 36 0 8 0.0105713615194
15 53 0 8 0.0105702886358
41 76 0 8 0.0105637479573
15 55 0 8 0.0105574708432
54 85 0 8 0.0105438604951
35 67 0 8 0.010540199466
47 81 0 8 0.0105378879234
44 78 0 8 0.0105063579977
11 34 0 8 0.0104918526486
69 79 0 8 0.0104684140533
29 85 0 8 0.010464053601
6 19 0 8 0.0104569410905
23 75 0 8 0.0104556828737
4 82 0 8 0.0104481475428
17 73 0 8 0.0104432869703
16 81 0 8 0.010441464372
11 23 0 8 0.0104407006875
13 38 0 8 0.0104226507246
19 58 0 8 0.0104214111343
8 78 0 8 0.010408943519
1 74 0 8 0.0103998398408
54 72 0 8 0.0103942081332
11 78 0 8 0.0103890206665
15 41 0 8 0.0103738037869
21 77 0 8 0.0103697078303
66 81 0 8 0.0103602334857
18 74 0 8 0.0103428186849
73 83 0 8 0.0103388372809
50 82 0 8 0.0102957524359
8 64 0 8 0.0102923074737
37 66 0 8 0.0102920504287
24 82 0 8 0.0102780563757
37 73 0 8 0.010277309455
37 82 0 8 0.0102766361088
16 84 0 8 0.0102677680552
46 68 0 8 0.0102622313425
7 65 0 8 0.0102574033663
41 72 0 8 0.0102487225085
3 38 0 8 0.0102457292378
1 61 0 8 0.0102415429428
19 81 0 8 0.0102270618081
13 34 0 8 0.0102229109034
18 51 0 8 0.0102140763775
11 37 0 8 0.0101721733809
31 57 0 8 0.0101562505588
15 52 0 8 0.0101505191997
29 72 0 8 0.0101253921166
21 76 0 8 0.0101230693981
1 40 0 8 0.0101211825386
53 85 0 8 0.0101188514382
3 83 0 8 0.0101087838411
5 35 0 8 0.0100922677666
50 83 0 8 0.0100779104978
37 79 0 8 0.0100722415373
11 31 0 8 0.010038905777
37 80 0 8 0.0100370813161
5 29 0 8 0.0100336428732
17 58 0 8 0.0100258868188
24 61 0 8 0.0100036021322
7 56 0 8 0.00998690351844
76 85 0 8 0.00997825991362
6 36 0 8 0.0099744591862
7 12 0 8 0.00996148586273
12 60 0 8 0.00995986256748
21 59 0 8 0.00995539687574
16 65 0 8 0.00995392166078
48 71 0 8 0.00995046366006
9 36 0 8 0.00992998015136
17 42 0 8 0.00992437079549
62 81 0 8 0.00992084294558
47 75 0 8 0.00991592090577
15 66 0 8 0.00991365127265
19 24 0 8 0.00989959668368
7 50 0 8 0.00984386354685
15 79 0 8 0.00981897395104
26 76 0 8 0.00981539487839
4 76 0 8 0.00979666318744
1 9 0 8 0.00977649725974
2 81 0 8 0.00977507513016
5 72 0 8 0.00976908486336
24 63 0 8 0.00974861253053
14 25 0 8 0.0097483638674
48 66 0 8 0.00974273588508
14 22 0 8 0.00974225252867
16 35 0 8 0.00973386131227
20 68 0 8 0.00972918327898
17 85 0 8 0.00972852110863
14 73 0 8 0.00970755051821
28 37 0 8 0.00970553327352
26 79 0 8 0.00970307271928
21 83 0 8 0.00968116894364
3 70 0 8 0.00967244058847
2 38 0 8 0.00966975931078
30 72 0 8 0.00965207722038
19 77 0 8 0.00963845755905
21 55 0 8 0.00961173512042
52 55 0 8 0.00958801060915
35 64 0 8 0.009585657157
18 66 0 8 0.00957287102938
34 63 0 8 0.00955690722913
10 80 0 8 0.0095464233309
14 83 0 8 0.00953766703606
1 48 0 8 0.00953622628003
3 27 0 8 0.00953583884984
44 74 0 8 0.00952426716685
18 69 0 8 0.00951393134892
9 79 0 8 0.00950927194208
1 26 0 8 0.00950576085597
29 53 0 8 0.00950416736305
12 21 0 8 0.00947915110737
43 62 0 8 0.00947497133166
30 74 0 8 0.00944060552865
33 85 0 8 0.00943724345416
16 46 0 8 0.0094355950132
1 62 0 8 0.00943509116769
21 81 0 8 0.00939790718257
15 82 0 8 0.00938340183347
2 59 0 8 0.00937923230231
3 71 0 8 0.00937615707517
7 41 0 8 0.00937403179705
3 69 0 8 0.00937259756029
15 61 0 8 0.00936368480325
18 27 0 8 0.00934749282897
6 11 0 8 0.00933928322047
57 67 0 8 0.00933833885938
39 76 0 8 0.00933137629181
48 83 0 8 0.00929428078234
69 82 0 8 0.00927090831101
43 61 0 8 0.00926589034498
5 10 0 8 0.00926372408867
7 40 0 8 0.00925901159644
8 36 0 8 0.00924532581121
9 55 0 8 0.00922980718315
26 50 0 8 0.0092280106619
19 33 0 8 0.00920010358095
49 85 0 8 0.00919656082988
23 56 0 8 0.00919241271913
63 76 0 8 0.00919093191624
69 85 0 8 0.00918814912438
19 76 0 8 0.00916575454175
48 82 0 8 0.00915586110204
31 79 0 8 0.00915137585253
3 76 0 8 0.00915084406734
17 44 0 8 0.00914769154042
16 72 0 8 0.00914652179927
47 85 0 8 0.00914386846125
18 60 0 8 0.00914126262069
44 49 0 8 0.00911997817457
60 77 0 8 0.00910035334527
7 44 0 8 0.00909023266286
1 31 0 8 0.00908297300339
18 68 0 8 0.00905222259462
18 45 0 8 0.00902877375484
2 51 0 8 0.00901029352099
71 84 0 8 0.00900316890329
12 36 0 8 0.00900134909898
2 74 0 8 0.00899452809244
11 29 0 8 0.00898384489119
17 40 0 8 0.00898066535592
42 62 0 8 0.00897459033877
40 68 0 8 0.00897369626909
12 61 0 8 0.00895859487355
1 46 0 8 0.00895784981549
19 74 0 8 0.00894058682024
16 50 0 8 0.00893361866474
21 69 0 8 0.00893336907029
11 85 0 8 0.00892041716725
9 41 0 8 0.00891747511923
47 79 0 8 0.00891584903002
14 59 0 8 0.00889656785876
30 35 0 8 0.00889639928937
4 74 0 8 0.00888062547892
70 75 0 8 0.00886717159301
23 82 0 8 0.00886397901922
24 54 0 8 0.00886191427708
30 34 0 8 0.00886063277721
36 85 0 8 0.0088563458994
14 85 0 8 0.00885120313615
1 51 0 8 0.00883040763438
49 77 0 8 0.0088295051828
1 71 0 8 0.00878285616636
29 78 0 8 0.0087816324085
48 79 0 8 0.00877706799656
72 84 0 8 0.00875715631992
37 78 0 8 0.00875649787486
10 37 0 8 0.00874347425997
43 76 0 8 0.0087336441502
3 51 0 8 0.00873208418489
1 29 0 8 0.00871046632528
45 73 0 8 0.00870515312999
61 65 0 8 0.00869109574705
7 57 0 8 0.0086745461449
19 37 0 8 0.00863528717309
15 25 0 8 0.0086324904114
11 26 0 8 0.00862506311387
3 53 0 8 0.00861936155707
14 65 0 8 0.00861727073789
17 81 0 8 0.00861725863069
15 26 0 8 0.00861104857177
18 85 0 8 0.00860186945647
4 75 0 8 0.00860118679702
15 49 0 8 0.00859413482249
4 79 0 8 0.00858816411346
4 63 0 8 0.00858129002154
36 67 0 8 0.00857671443373
25 62 0 8 0.00857638195157
19 73 0 8 0.00857578683645
1 50 0 8 0.0085732890293
19 82 0 8 0.00854883622378
34 85 0 8 0.0085247894749
34 41 0 8 0.00850577186793
2 61 0 8 0.00850254297256
25 74 0 8 0.00848086737096
18 58 0 8 0.00847869087011
2 45 0 8 0.00847501959652
2 71 0 8 0.00846919137985
26 74 0 8 0.0084551917389
72 79 0 8 0.00844650529325
18 49 0 8 0.00843704584986
3 67 0 8 0.00842801481485
33 77 0 8 0.00842561665922
3 59 0 8 0.00842077005655
23 55 0 8 0.00839949119836
3 72 0 8 0.00839060731232
60 65 0 8 0.00838268455118
71 85 0 8 0.00836457870901
59 65 0 8 0.00835282355547
18 62 0 8 0.00832837540656
61 85 0 8 0.00831259787083
5 49 0 8 0.00829897634685
36 84 0 8 0.00829308480024
13 84 0 8 0.00828985776752
37 45 0 8 0.00827846582979
9 64 0 8 0.00826134067029
42 65 0 8 0.00823807250708
7 85 0 8 0.00823725480586
2 53 0 8 0.00823669787496
42 76 0 8 0.00823470763862
26 61 0 8 0.00822582188994
2 82 0 8 0.00822100322694
46 74 0 8 0.00821892730892
2 11 0 8 0.00821543391794
3 66 0 8 0.00821335893124
18 81 0 8 0.00820831116289
11 40 0 8 0.00819713529199
39 72 0 8 0.00819306541234
36 72 0 8 0.00818070210516
20 78 0 8 0.00817726366222
29 47 0 8 0.00817693490535
1 76 0 8 0.00816331803799
13 77 0 8 0.00815249606967
1 72 0 8 0.00814282055944
14 84 0 8 0.00814059842378
46 66 0 8 0.00813853461295
2 68 0 8 0.00812850613147
1 81 0 8 0.0081273028627
35 69 0 8 0.00811988767236
1 35 0 8 0.0081188166514
34 80 0 8 0.00809133052826
55 68 0 8 0.00808338541538
36 81 0 8 0.00808311440051
31 76 0 8 0.0080747762695
5 33 0 8 0.00807457044721
75 83 0 8 0.00806745700538
7 49 0 8 0.00803167931736
14 61 0 8 0.00803052075207
34 67 0 8 0.00802216399461
6 38 0 8 0.00802180822939
44 69 0 8 0.0080212848261
50 81 0 8 0.00801116786897
18 64 0 8 0.00800722464919
2 49 0 8 0.00799582805485
62 77 0 8 0.00798061490059
20 33 0 8 0.00798054318875
4 35 0 8 0.00797784421593
14 66 0 8 0.00797482952476
66 74 0 8 0.00797456968576
15 78 0 8 0.00796674191952
46 69 0 8 0.00795254670084
3 45 0 8 0.00794692058116
9 57 0 8 0.00794447772205
1 42 0 8 0.00793477706611
19 63 0 8 0.00793367717415
21 75 0 8 0.00791472382843
15 42 0 8 0.0079132495448
41 45 0 8 0.00789973884821
41 66 0 8 0.00789972767234
18 77 0 8 0.00789889413863
35 80 0 8 0.00788995064795
35 66 0 8 0.00787164829671
2 48 0 8 0.00786270480603
20 79 0 8 0.00786180049181
14 38 0 8 0.00784708932042
7 63 0 8 0.00784562993795
11 82 0 8 0.00784527417272
32 76 0 8 0.00784475822002
2 32 0 8 0.00782630499452
6 83 0 8 0.00781681016088
54 61 0 8 0.00781664345413
13 25 0 8 0.00781634356827
2 42 0 8 0.00781409535557
23 30 0 8 0.00781359616667
7 30 0 8 0.00779640767723
68 81 0 8 0.00778209324926
12 66 0 8 0.00777969649062
11 53 0 8 0.00775945698842
13 40 0 8 0.00774826016277
35 85 0 8 0.00774788251147
15 27 0 8 0.00774362403899
10 73 0 8 0.00774167850614
5 47 0 8 0.00774139678106
2 9 0 8 0.00773283420131
18 24 0 8 0.007724752184
35 58 0 8 0.00771146686748
34 64 0 8 0.00771134998649
15 44 0 8 0.00770487962291
3 39 0 8 0.00770446797833
44 65 0 8 0.00769797805697
75 81 0 8 0.00769611354917
40 72 0 8 0.00768232066184
24 51 0 8 0.00766977155581
45 78 0 8 0.00766783719882
1 58 0 8 0.007663118653
3 68 0 8 0.00766232423484
11 35 0 8 0.00765405828133
2 26 0 8 0.00765154929832
45 68 0 8 0.00765058631077
19 61 0 8 0.00765008293092
46 75 0 8 0.00764732481912
73 84 0 8 0.00764593156055
36 55 0 8 0.00763459783047
35 84 0 8 0.00763451820239
45 79 0 8 0.00760925747454
34 83 0 8 0.00760840019211
18 25 0 8 0.00760828517377
11 46 0 8 0.00759934680536
16 73 0 8 0.00759689463302
46 72 0 8 0.00759657146409
43 50 0 8 0.00759246340021
3 73 0 8 0.00758628267795
3 62 0 8 0.00758559722453
1 57 0 8 0.00755207519978
3 31 0 8 0.00754773057997
34 82 0 8 0.00752919726074
53 82 0 8 0.00752842379734
14 78 0 8 0.00752392876893
11 24 0 8 0.00751883210614
3 26 0 8 0.00751551985741
14 21 0 8 0.00751222018152
3 52 0 8 0.0075089498423
19 43 0 8 0.0074969092384
47 65 0 8 0.00749588711187
11 33 0 8 0.00749301817268
66 82 0 8 0.00749056786299
18 76 0 8 0.00748743442819
21 73 0 8 0.0074862758629
6 71 0 8 0.00748546794057
11 50 0 8 0.00748482346535
1 24 0 8 0.00747553398833
13 85 0 8 0.00747481593862
19 44 0 8 0.00746907340363
34 59 0 8 0.00745189888403
13 59 0 8 0.00744663830847
2 76 0 8 0.0074439602904
11 66 0 8 0.0074426215142
33 57 0 8 0.00744059309363
23 78 0 8 0.00742646725848
10 83 0 8 0.00742409517989
8 85 0 8 0.00741514377296
10 18 0 8 0.00740702729672
15 60 0 8 0.00739886984229
1 59 0 8 0.00739840045571
1 78 0 8 0.00737741310149
15 57 0 8 0.00737208640203
6 17 0 8 0.00734774582088
13 23 0 8 0.00734434183687
22 32 0 8 0.00734346266836
6 20 0 8 0.00734052946791
2 67 0 8 0.00733694806695
47 54 0 8 0.00733341323212
35 56 0 8 0.0073321708478
58 69 0 8 0.00733198365197
35 81 0 8 0.00732454983518
30 78 0 8 0.00731887668371
13 24 0 8 0.00730928964913
39 53 0 8 0.00730676809326
2 31 0 8 0.00730295060202
7 75 0 8 0.00729093747213
76 84 0 8 0.00728966388851
6 46 0 8 0.0072894259356
34 75 0 8 0.00728936027735
1 44 0 8 0.00728926388547
8 21 0 8 0.0072768596001
13 39 0 8 0.00726830493659
13 37 0 8 0.00726618245244
18 80 0 8 0.00726300477982
16 61 0 8 0.00726250652224
68 77 0 8 0.00724560813978
3 61 0 8 0.00724195595831
13 51 0 8 0.00723210629076
9 24 0 8 0.00722590554506
17 36 0 8 0.00720638595521
17 82 0 8 0.00720410421491
19 55 0 8 0.00719967857003
18 44 0 8 0.00719757238403
36 82 0 8 0.00719649950042
21 42 0 8 0.00718296971172
3 77 0 8 0.00717863207683
15 51 0 8 0.00717123411596
16 82 0 8 0.00716629251838
3 64 0 8 0.0071555590257
9 27 0 8 0.00714582297951
5 78 0 8 0.0071168653667
19 68 0 8 0.00711561506614
49 78 0 8 0.00710933841765
5 53 0 8 0.00710632978007
36 76 0 8 0.00710462080315
33 50 0 8 0.00710371276364
40 75 0 8 0.00710346363485
41 74 0 8 0.00709987292066
17 35 0 8 0.00705419294536
36 83 0 8 0.00703634973615
14 69 0 8 0.00702847540379
34 58 0 8 0.00702404044569
37 71 0 8 0.00701831234619
7 42 0 8 0.00699450913817
15 58 0 8 0.00699122110382
35 82 0 8 0.00699088349938
6 74 0 8 0.00698307249695
5 34 0 8 0.00698265945539
6 60 0 8 0.00698162429035
7 55 0 8 0.00697768200189
16 60 0 8 0.00696954876184
62 76 0 8 0.00696726888418
16 59 0 8 0.00694762030616
12 78 0 8 0.00694464379922
12 45 0 8 0.0069270003587
14 48 0 8 0.00691281817853
12 82 0 8 0.00690851500258
22 75 0 8 0.00690121343359
11 48 0 8 0.0069004651159
33 53 0 8 0.00689078960568
40 74 0 8 0.00689046317711
1 66 0 8 0.00689017307013
33 82 0 8 0.00688683241606
3 49 0 8 0.00681539298967
6 84 0 8 0.00681419204921
36 65 0 8 0.00681205932051
19 69 0 8 0.00681036897004
7 37 0 8 0.0068052620627
2 29 0 8 0.0068020853214
2 35 0 8 0.00679919589311
66 76 0 8 0.00679876469076
49 83 0 8 0.00679612811655
5 66 0 8 0.00679124426097
1 49 0 8 0.00678991898894
2 62 0 8 0.00678740488365
2 44 0 8 0.00678298296407
8 47 0 8 0.00677951751277
6 58 0 8 0.00677755614743
23 76 0 8 0.00677719013765
18 61 0 8 0.00677539594471
14 81 0 8 0.00677106529474
14 30 0 8 0.0067601390183
54 58 0 8 0.00675882026553
2 47 0 8 0.00675719697028
59 79 0 8 0.00674540502951
16 67 0 8 0.00673863850534
1 53 0 8 0.0067330300808
40 67 0 8 0.00672375364229
3 81 0 8 0.00672186212614
9 70 0 8 0.00672098342329
24 30 0 8 0.00672034686431
71 79 0 8 0.00671437196434
13 30 0 8 0.0067119426094
1 69 0 8 0.00671159289777
16 27 0 8 0.00668492401019
2 69 0 8 0.00666714366525
7 23 0 8 0.00666472502053
17 24 0 8 0.00665726326406
6 40 0 8 0.00662818970159
33 79 0 8 0.006627173163
11 62 0 8 0.00661984365433
68 83 0 8 0.00661674002185
34 78 0 8 0.00658631697297
3 60 0 8 0.00658343825489
13 69 0 8 0.00657227030024
11 51 0 8 0.0065673221834
2 66 0 8 0.00655503291637
1 70 0 8 0.00654878513888
14 37 0 8 0.00654262956232
7 51 0 8 0.00654218671843
14 39 0 8 0.00653534755111
2 85 0 8 0.00653518922627
1 60 0 8 0.00653462018818
3 33 0 8 0.00652399798855
6 32 0 8 0.00652383128181
2 52 0 8 0.00651961378753
64 74 0 8 0.00651884172112
45 82 0 8 0.00651646172628
1 82 0 8 0.00650344090536
35 41 0 8 0.00649778079242
18 26 0 8 0.00649412488565
1 80 0 8 0.0064828498289
33 67 0 8 0.00647710869089
16 44 0 8 0.00647171679884
2 40 0 8 0.00646691443399
66 80 0 8 0.00645442027599
10 69 0 8 0.00645004585385
39 75 0 8 0.00644729612395
37 72 0 8 0.00644548796117
16 70 0 8 0.0064400001429
17 78 0 8 0.00643446156755
75 85 0 8 0.00643130438402
16 56 0 8 0.00638946844265
10 70 0 8 0.00637432886288
1 30 0 8 0.00636212946847
58 70 0 8 0.00635246373713
3 32 0 8 0.00634519010782
15 45 0 8 0.00634106947109
8 72 0 8 0.00633478118107
3 48 0 8 0.00633289664984
18 37 0 8 0.00633259955794
42 71 0 8 0.00633213762194
35 79 0 8 0.00633129430935
37 53 0 8 0.00632613385096
12 85 0 8 0.00631871353835
36 77 0 8 0.0063160401769
2 79 0 8 0.00631015049294
2 80 0 8 0.00630974117666
1 23 0 8 0.00630535650998
10 43 0 8 0.00630470225587
2 64 0 8 0.0062907487154
5 11 0 8 0.00628594262525
56 76 0 8 0.0062780957669
65 78 0 8 0.00627541588619
8 48 0 8 0.00627288594842
3 34 0 8 0.00627129012719
3 74 0 8 0.00626399042085
18 82 0 8 0.00626352149993
21 66 0 8 0.00625995732844
13 35 0 8 0.00625918945298
3 80 0 8 0.00625745160505
13 81 0 8 0.0062512694858
34 65 0 8 0.00625030975789
3 40 0 8 0.00624673906714
23 74 0 8 0.00623387284577
21 32 0 8 0.00622111558914
1 10 0 8 0.00621931767091
7 47 0 8 0.00621856609359
50 64 0 8 0.0062092053704
8 68 0 8 0.00620846962556
2 34 0 8 0.00620809011161
18 63 0 8 0.00619363319129
30 45 0 8 0.00619274936616
3 42 0 8 0.00618234043941
7 45 0 8 0.00615982478485
16 38 0 8 0.00615361938253
12 62 0 8 0.00614643469453
29 75 0 8 0.00611749943346
24 38 0 8 0.00611597206444
7 34 0 8 0.00610302062705
31 48 0 8 0.00605506496504
68 80 0 8 0.00605273805559
1 63 0 8 0.00604602368549
13 80 0 8 0.0060425484553
1 55 0 8 0.00602616323158
67 78 0 8 0.00600298680365
36 78 0 8 0.0059900409542
41 67 0 8 0.00598540296778
1 77 0 8 0.00598260667175
68 74 0 8 0.00597970932722
6 39 0 8 0.00594826834276
36 63 0 8 0.00593797490001
57 69 0 8 0.00593441259116
2 46 0 8 0.0059335520491
6 68 0 8 0.00593332434073
2 55 0 8 0.00593088380992
2 70 0 8 0.00593042559922
1 41 0 8 0.00592450564727
1 64 0 8 0.00592366280034
10 81 0 8 0.00591587321833
10 24 0 8 0.00591190112755
8 24 0 8 0.0059114554897
29 68 0 8 0.00590748060495
17 79 0 8 0.00590532459319
3 35 0 8 0.00590069685131
34 77 0 8 0.00589540135115
51 81 0 8 0.00589503254741
1 25 0 8 0.00588970584795
69 75 0 8 0.00587998144329
14 55 0 8 0.00587702216581
6 41 0 8 0.0058756233193
3 44 0 8 0.00587119394913
5 79 0 8 0.00586793292314
31 68 0 8 0.00586786912754
6 85 0 8 0.00584159418941
47 78 0 8 0.00583771569654
36 79 0 8 0.00579990306869
36 41 0 8 0.00579728279263
49 81 0 8 0.00578780611977
52 63 0 8 0.00578378513455
1 52 0 8 0.0057834261097
9 85 0 8 0.00578183587641
13 67 0 8 0.00578098883852
44 59 0 8 0.00576682109386
6 81 0 8 0.0057620848529
18 43 0 8 0.00575863011181
7 27 0 8 0.00575773464516
34 79 0 8 0.00575578026474
16 39 0 8 0.00574757298455
3 82 0 8 0.00573951238766
40 78 0 8 0.00573897687718
3 85 0 8 0.00573366554454
32 52 0 8 0.00572683522478
52 79 0 8 0.00572474487126
6 51 0 8 0.00572334509343
33 43 0 8 0.00572055066004
9 82 0 8 0.00571998115629
13 41 0 8 0.00571891805157
72 78 0 8 0.0057178796269
24 41 0 8 0.00571753270924
2 60 0 8 0.00571611803025
14 35 0 8 0.00570368114859
6 61 0 8 0.00570047739893
13 55 0 8 0.00569655979052
65 79 0 8 0.00569364102557
7 29 0 8 0.0056891804561
3 41 0 8 0.00565930223092
33 73 0 8 0.00564922112972
18 36 0 8 0.00564690493047
2 78 0 8 0.00563153624535
17 75 0 8 0.00560314534232
18 73 0 8 0.00559666426852
29 48 0 8 0.0055761220865
10 34 0 8 0.00557348085567
13 21 0 8 0.00555945467204
16 54 0 8 0.00555306766182
13 33 0 8 0.00555103830993
23 79 0 8 0.00554418005049
72 82 0 8 0.00552646489814
12 35 0 8 0.00552589353174
9 53 0 8 0.00552416220307
38 53 0 8 0.00552411237732
55 78 0 8 0.00550861284137
6 34 0 8 0.00550856348127
1 75 0 8 0.00550454994664
10 84 0 8 0.00550384540111
21 71 0 8 0.00550250150263
6 70 0 8 0.00549673242494
34 76 0 8 0.00548514490947
38 75 0 8 0.0054716328159
2 77 0 8 0.00547108519822
10 22 0 8 0.00545434467494
11 27 0 8 0.00545319123194
30 51 0 8 0.00544977327809
16 63 0 8 0.00544878421351
36 80 0 8 0.00544202560559
3 55 0 8 0.00544060859829
39 52 0 8 0.00543639948592
3 47 0 8 0.00542929861695
39 44 0 8 0.00542329717427
14 62 0 8 0.00540684070438
7 64 0 8 0.00538428127766
16 25 0 8 0.00538137368858
1 56 0 8 0.00537403626367
44 61 0 8 0.00536641292274
24 39 0 8 0.00536189461127
62 82 0 8 0.00535793928429
14 76 0 8 0.00534561090171
18 79 0 8 0.00534445978701
67 79 0 8 0.00533892400563
11 36 0 8 0.00532500259578
2 75 0 8 0.00531715108082
37 43 0 8 0.00530548486859
16 28 0 8 0.00530112534761
13 58 0 8 0.00529881799594
48 78 0 8 0.00529477326199
51 82 0 8 0.00529208639637
35 83 0 8 0.00528884679079
3 29 0 8 0.00528713641688
63 74 0 8 0.00528701068833
2 73 0 8 0.00527414213866
13 36 0 8 0.0052646365948
14 23 0 8 0.00525181135163
40 79 0 8 0.00524490093812
13 68 0 8 0.00524083757773
3 75 0 8 0.00523514300585
13 50 0 8 0.00523424614221
66 79 0 8 0.00522526353598
9 42 0 8 0.00521426042542
3 28 0 8 0.00518411071971
14 63 0 8 0.00517659820616
3 58 0 8 0.00516653712839
2 41 0 8 0.00516567006707
45 71 0 8 0.0051656011492
2 57 0 8 0.00515199452639
16 51 0 8 0.0051504233852
63 72 0 8 0.00513678602874
26 39 0 8 0.00513498298824
21 57 0 8 0.0051276050508
3 78 0 8 0.00509207975119
13 56 0 8 0.00507907988504
13 42 0 8 0.00506744300947
75 84 0 8 0.00506115099415
3 57 0 8 0.00505337724462
3 46 0 8 0.00505230296403
10 58 0 8 0.00503439083695
13 57 0 8 0.00502912979573
3 54 0 8 0.00502036651596
10 38 0 8 0.00500998226926
24 79 0 8 0.00500771543011
35 72 0 8 0.00499966740608
32 75 0 8 0.00499530462548
11 21 0 8 0.00499211577699
39 71 0 8 0.00497342925519
7 48 0 8 0.00497275963426
3 43 0 8 0.0049678068608
46 64 0 8 0.00496743200347
7 53 0 8 0.00495126657188
16 68 0 8 0.0049479813315
30 48 0 8 0.00494718551636
16 49 0 8 0.00492667220533
2 63 0 8 0.00492440257221
9 71 0 8 0.00491838715971
21 82 0 8 0.00491623161361
33 74 0 8 0.00491235870868
7 31 0 8 0.00490916660056
1 43 0 8 0.00489853927866
24 72 0 8 0.00489844428375
52 56 0 8 0.00489688711241
2 28 0 8 0.00488934386522
42 64 0 8 0.00488781463355
35 65 0 8 0.0048666736111
61 74 0 8 0.00486331479624
13 64 0 8 0.00485515035689
13 70 0 8 0.00484356610104
56 68 0 8 0.00483796559274
29 50 0 8 0.0048350347206
35 77 0 8 0.00482995761558
3 63 0 8 0.00482577225193
7 18 0 8 0.00481892330572
11 47 0 8 0.00480540888384
49 82 0 8 0.00480268709362
9 35 0 8 0.0047932988964
1 73 0 8 0.00479110702872
6 24 0 8 0.00477694487199
16 26 0 8 0.00476107047871
14 24 0 8 0.00475548626855
68 82 0 8 0.00474806502461
14 40 0 8 0.0047420822084
44 63 0 8 0.00474116811529
9 73 0 8 0.00474021444097
1 79 0 8 0.00473157223314
37 74 0 8 0.0047266301699
10 36 0 8 0.00469996687025
28 75 0 8 0.00469872914255
12 33 0 8 0.00469805346802
6 56 0 8 0.00469644600525
52 78 0 8 0.00469489069656
44 68 0 8 0.00469054514542
13 54 0 8 0.0046888939105
64 76 0 8 0.00468452088535
2 30 0 8 0.00467829080299
3 65 0 8 0.00467679044232
13 53 0 8 0.00467039970681
16 53 0 8 0.00466073863208
19 79 0 8 0.00465562939644
16 55 0 8 0.0046532060951
49 84 0 8 0.00463005434722
10 31 0 8 0.00462121330202
63 67 0 8 0.00461917370558
7 79 0 8 0.00461898976937
44 60 0 8 0.00461632898077
6 80 0 8 0.0046050301753
14 26 0 8 0.00460466695949
14 41 0 8 0.00459829624742
67 74 0 8 0.00459501473233
7 68 0 8 0.0045915003866
4 21 0 8 0.00458233011886
41 75 0 8 0.00458037992939
14 50 0 8 0.00457972334698
9 45 0 8 0.004578451626
14 45 0 8 0.00457839295268
4 12 0 8 0.00456652138382
13 61 0 8 0.00456542661414
2 58 0 8 0.00456518633291
63 70 0 8 0.00455401418731
44 71 0 8 0.00455160671845
1 28 0 8 0.00455158064142
45 74 0 8 0.00454832194373
19 41 0 8 0.00454040756449
33 54 0 8 0.00453082472086
14 60 0 8 0.00452491035685
45 65 0 8 0.00451712217182
3 79 0 8 0.00451521622017
16 78 0 8 0.00451448140666
33 68 0 8 0.00451061455533
31 47 0 8 0.00450856843963
28 31 0 8 0.00449657393619
26 75 0 8 0.00449305959046
69 78 0 8 0.00449171615764
32 79 0 8 0.00445302342996
40 51 0 8 0.00445017917082
6 26 0 8 0.00444069970399
14 82 0 8 0.00444069970399
8 79 0 8 0.00444058142602
13 43 0 8 0.00443576322868
31 78 0 8 0.0044332370162
13 71 0 8 0.00443105492741
6 77 0 8 0.00442397175357
12 72 0 8 0.00440045120195
27 49 0 8 0.00439659878612
13 82 0 8 0.00439183367416
10 65 0 8 0.00439110863954
57 68 0 8 0.00439006416127
10 74 0 8 0.0043855686672
13 52 0 8 0.00438137585297
18 56 0 8 0.0043756053783
35 73 0 8 0.00435924576595
30 68 0 8 0.00434853602201
6 43 0 8 0.00433040363714
9 76 0 8 0.00432769488543
16 36 0 8 0.00429293233901
13 29 0 8 0.00429041590542
13 45 0 8 0.00428440235555
45 75 0 8 0.00427474267781
3 30 0 8 0.00426794262603
6 42 0 8 0.00424895249307
51 79 0 8 0.00424620369449
24 78 0 8 0.00423371372744
34 73 0 8 0.00422473112121
43 75 0 8 0.00421122275293
19 75 0 8 0.00420692143962
23 39 0 8 0.00420543551445
2 25 0 8 0.00419650319964
3 25 0 8 0.00418769894168
28 32 0 8 0.00417665112764
34 68 0 8 0.00416534021497
10 68 0 8 0.00416316278279
9 62 0 8 0.00415252521634
9 66 0 8 0.00415031937882
16 45 0 8 0.00414794916287
7 35 0 8 0.00413458282128
10 39 0 8 0.00413234485313
14 64 0 8 0.00412740698084
7 66 0 8 0.00412476575002
14 56 0 8 0.00412200251594
47 68 0 8 0.00411382084712
61 77 0 8 0.00411335611716
43 48 0 8 0.00410533603281
13 28 0 8 0.00410495931283
10 82 0 8 0.00410258956254
6 82 0 8 0.00409614574164
36 66 0 8 0.00408842880279
14 36 0 8 0.00408395007253
33 44 0 8 0.00408246694133
10 85 0 8 0.00407775258645
31 49 0 8 0.00407549319789
13 79 0 8 0.0040624155663
58 66 0 8 0.00405181245878
59 78 0 8 0.00404781010002
7 24 0 8 0.00404103193432
49 74 0 8 0.00403044465929
9 51 0 8 0.00401386199519
9 31 0 8 0.00401279889047
13 65 0 8 0.00400391221046
6 65 0 8 0.0039876466617
4 11 0 8 0.00397774484009
2 24 0 8 0.00395411718637
16 57 0 8 0.00395387830213
21 41 0 8 0.00395148666576
14 28 0 8 0.00395047524944
25 38 0 8 0.00394584517926
6 23 0 8 0.00394398998469
16 66 0 8 0.00392286991701
9 44 0 8 0.00392120657489
3 23 0 8 0.00391962751746
13 62 0 8 0.00390668399632
14 43 0 8 0.00389832258224
37 42 0 8 0.00389803713188
1 65 0 8 0.0038886689581
8 33 0 8 0.00388271128759
6 76 0 8 0.00387956458144
46 57 0 8 0.00385789340362
2 56 0 8 0.00385085190646
13 26 0 8 0.00384886260144
61 78 0 8 0.00383230322041
68 79 0 8 0.00383148784749
16 24 0 8 0.00383049435914
36 71 0 8 0.0038281660527
72 85 0 8 0.00382085563615
51 63 0 8 0.00381953455508
5 12 0 8 0.00381861138158
30 50 0 8 0.00381660182029
13 27 0 8 0.00379611784592
16 58 0 8 0.0037932517007
14 57 0 8 0.00378401204944
6 62 0 8 0.00377900549211
24 75 0 8 0.0037754708901
3 22 0 8 0.00376768782735
35 74 0 8 0.00376011733897
38 46 0 8 0.00375588121824
13 63 0 8 0.00375082809478
8 49 0 8 0.00372992129996
22 37 0 8 0.00372945168056
10 21 0 8 0.00371904508211
34 74 0 8 0.00371551699936
16 75 0 8 0.00371415610425
6 35 0 8 0.00369661999866
19 36 0 8 0.00368894101121
60 78 0 8 0.00368459220044
14 42 0 8 0.00368415797129
15 75 0 8 0.00368312885985
67 75 0 8 0.00366808357649
66 78 0 8 0.00363025767729
48 54 0 8 0.00360987498425
10 76 0 8 0.00360507238656
14 47 0 8 0.00360487028956
2 43 0 8 0.00360021134838
16 52 0 8 0.00359718478285
6 29 0 8 0.00358796073124
12 79 0 8 0.00357145234011
9 68 0 8 0.00356268323958
45 67 0 8 0.00356039381586
5 75 0 8 0.00354467378929
40 50 0 8 0.00354466354474
37 54 0 8 0.00354326772504
13 73 0 8 0.0035205099266
16 29 0 8 0.00351735460572
9 50 0 8 0.00351633876562
20 36 0 8 0.0035118854139
10 41 0 8 0.00351108284667
12 75 0 8 0.00350733450614
6 53 0 8 0.00350055471063
9 74 0 8 0.0034990995191
58 67 0 8 0.00349440914579
13 76 0 8 0.00348113896325
3 56 0 8 0.0034793629311
2 65 0 8 0.00347934965976
6 48 0 8 0.00347812147811
29 79 0 8 0.00347752333619
4 19 0 8 0.0034687302541
53 78 0 8 0.00346496421844
6 50 0 8 0.00346361612901
13 46 0 8 0.00345383863896
3 24 0 8 0.00343125197105
62 67 0 8 0.00343098118901
35 78 0 8 0.00343076465651
33 75 0 8 0.00342777580954
2 22 0 8 0.00340966973454
62 74 0 8 0.00340927112848
18 78 0 8 0.00340352603234
13 78 0 8 0.00339551316574
32 47 0 8 0.00339163956232
61 79 0 8 0.00339132035151
21 39 0 8 0.00338746909983
49 62 0 8 0.00336834415793
14 54 0 8 0.00335862231441
59 70 0 8 0.0033575897105
19 42 0 8 0.00335720041767
10 60 0 8 0.00334038492292
26 38 0 8 0.00332935899496
36 57 0 8 0.00330511969514
9 23 0 8 0.00330351176672
2 23 0 8 0.00330097065307
10 72 0 8 0.00328535540029
5 17 0 8 0.00328062451445
10 56 0 8 0.00327012292109
6 27 0 8 0.00326996925287
24 31 0 8 0.00326633756049
19 40 0 8 0.00325910840183
9 75 0 8 0.00325510953553
6 49 0 8 0.00323157361709
16 41 0 8 0.00322761619464
56 78 0 8 0.00319770746864
48 65 0 8 0.00319103593938
29 51 0 8 0.00319003174081
64 71 0 8 0.0031747026369
35 76 0 8 0.00317030400038
18 75 0 8 0.00315503636375
58 71 0 8 0.00315069197677
27 75 0 8 0.00314151123166
14 58 0 8 0.00312580843456
21 78 0 8 0.00312459142879
63 71 0 8 0.00312417140231
10 40 0 8 0.00311889336444
1 11 0 8 0.00311679346487
35 70 0 8 0.00311635923572
10 25 0 8 0.00310745253228
6 30 0 8 0.00310701993294
19 78 0 8 0.00309949950315
6 31 0 8 0.00309850205667
36 56 0 8 0.00309510319494
36 44 0 8 0.00308937043883
20 75 0 8 0.00308743980713
6 73 0 8 0.00308296945877
13 60 0 8 0.00306936842389
58 76 0 8 0.00306457630359
63 69 0 8 0.00305264024064
16 40 0 8 0.00303814723156
18 35 0 8 0.00303516024724
13 72 0 8 0.00303390529007
54 59 0 8 0.00302705331706
54 78 0 8 0.00302127259783
34 71 0 8 0.00301914778538
35 68 0 8 0.00301871704869
56 79 0 8 0.00301784323528
32 74 0 8 0.00297299656086
33 76 0 8 0.00296948198229
60 79 0 8 0.00296838534996
6 15 0 8 0.00296797044575
10 47 0 8 0.00295568187721
36 70 0 8 0.00295497081243
46 62 0 8 0.00294448365457
14 44 0 8 0.00294290645979
14 52 0 8 0.0029388810508
35 71 0 8 0.002937925281
25 39 0 8 0.00292953569442
21 40 0 8 0.00292522925884
59 66 0 8 0.00292345951311
43 68 0 8 0.00292258406989
41 68 0 8 0.00292209209874
6 79 0 8 0.00290998164564
45 66 0 8 0.00290564214811
38 45 0 8 0.00290319370106
1 21 0 8 0.00290211429819
53 79 0 8 0.00289455312304
10 32 0 8 0.00289181037806
29 33 0 8 0.00289056892507
66 75 0 8 0.00288913608529
6 57 0 8 0.00288232369348
37 44 0 8 0.00285861967131
41 51 0 8 0.00285586458631
31 46 0 8 0.00284918467514
65 75 0 8 0.00283525162376
6 63 0 8 0.00282717961818
11 75 0 8 0.00282151228748
10 42 0 8 0.00282148434781
35 42 0 8 0.00281337252818
10 35 0 8 0.00280220992863
10 30 0 8 0.00279787322506
75 82 0 8 0.00279168970883
60 66 0 8 0.00278684217483
13 49 0 8 0.00278307078406
14 29 0 8 0.00276904227212
10 79 0 8 0.00276874494739
8 15 0 8 0.00276659987867
35 57 0 8 0.00276487949304
12 49 0 8 0.00275905616581
52 75 0 8 0.00275000114925
32 46 0 8 0.00274975667708
13 44 0 8 0.0027356017381
21 68 0 8 0.00273504131474
14 53 0 8 0.00272610108368
42 50 0 8 0.00272504216991
1 12 0 8 0.00272097880952
34 42 0 8 0.00271762697957
39 68 0 8 0.00271727028303
6 47 0 8 0.00270481407642
4 10 0 8 0.00270415539853
1 22 0 8 0.0027025162708
6 52 0 8 0.00270147924311
64 79 0 8 0.0026985083241
23 31 0 8 0.00268188584596
14 46 0 8 0.00267892866395
19 34 0 8 0.00267518195324
27 31 0 8 0.0026692498941
5 18 0 8 0.00265876622871
3 21 0 8 0.00264778453857
6 25 0 8 0.00264724157751
6 28 0 8 0.00264148716815
34 70 0 8 0.00263440632261
45 57 0 8 0.00262374826707
6 55 0 8 0.00261254562065
10 53 0 8 0.00260766455904
3 9 0 8 0.0025944232475
54 74 0 8 0.00258317845874
49 66 0 8 0.00257923780009
10 61 0 8 0.00257906736806
1 54 0 8 0.00255991984159
14 27 0 8 0.00254937447608
64 78 0 8 0.00254227872938
13 66 0 8 0.00253980350681
18 40 0 8 0.00253710267134
10 48 0 8 0.00253599300049
13 47 0 8 0.0025283836294
62 79 0 8 0.00252310023643
30 75 0 8 0.00252304482274
29 36 0 8 0.00252086319961
62 78 0 8 0.00252023246139
16 42 0 8 0.00250741606578
10 66 0 8 0.00250143604353
34 43 0 8 0.00250077014789
25 30 0 8 0.00249734544195
55 74 0 8 0.00249446649104
6 64 0 8 0.00248281634413
10 57 0 8 0.00248111411929
42 48 0 8 0.00247892108746
68 78 0 8 0.00247820536606
68 75 0 8 0.00245765643194
49 64 0 8 0.00244633271359
31 45 0 8 0.00244012637995
6 45 0 8 0.00243652286008
36 74 0 8 0.00242837145925
36 45 0 8 0.00242028618231
35 75 0 8 0.00240701483563
6 33 0 8 0.00240427418612
8 35 0 8 0.00238148821518
6 54 0 8 0.00237585883588
14 49 0 8 0.00237430306152
38 50 0 8 0.00237305997871
10 55 0 8 0.0023721344769
54 79 0 8 0.00236995401792
31 51 0 8 0.00235166843049
10 33 0 8 0.0023457154166
52 62 0 8 0.00234101433307
60 74 0 8 0.00232815905474
60 76 0 8 0.00232783216052
38 47 0 8 0.00229637860321
16 43 0 8 0.00228672171943
8 75 0 8 0.00228664767928
42 49 0 8 0.00228149374016
59 73 0 8 0.00226339697838
10 63 0 8 0.00225463230163
7 33 0 8 0.0022487884853
19 39 0 8 0.00224365037866
58 74 0 8 0.00222175312229
46 63 0 8 0.00219870987348
2 54 0 8 0.00219602300785
2 20 0 8 0.00219505559653
59 76 0 8 0.00219357199967
11 49 0 8 0.00218636053614
61 76 0 8 0.00217882543802
39 46 0 8 0.00217555393465
36 73 0 8 0.0021703010425
57 71 0 8 0.0021607328672
36 42 0 8 0.00215585390106
53 56 0 8 0.00215341593139
53 57 0 8 0.00215332699008
40 45 0 8 0.00213615805842
23 38 0 8 0.00211531179957
9 72 0 8 0.00211389921606
6 44 0 8 0.00211388501339
57 79 0 8 0.00208966387436
32 45 0 8 0.00206355145201
22 33 0 8 0.00205851928331
63 75 0 8 0.00204406678677
7 15 0 8 0.00203972728923
10 29 0 8 0.00203922460787
1 20 0 8 0.00202567083761
45 58 0 8 0.00201522791758
57 72 0 8 0.0020096458029
44 66 0 8 0.00200652866624
10 28 0 8 0.00199941615574
8 34 0 8 0.00199901172891
64 75 0 8 0.00199314230122
10 64 0 8 0.00199157791212
2 15 0 8 0.00198248866946
10 44 0 8 0.0019728266634
32 51 0 8 0.00196852395311
10 51 0 8 0.0019644855056
3 20 0 8 0.00196363334544
34 57 0 8 0.0019591266755
10 46 0 8 0.00195171998348
48 64 0 8 0.00194692285731
14 51 0 8 0.00193359935656
8 16 0 8 0.00190860661678
32 50 0 8 0.00190009514336
55 72 0 8 0.00188274506945
47 62 0 8 0.00187943060882
2 17 0 8 0.00187375117093
42 47 0 8 0.00186865695287
42 75 0 8 0.00186789489817
2 21 0 8 0.00185759656597
10 50 0 8 0.00184921442997
53 60 0 8 0.00184626481496
10 23 0 8 0.00184019119479
6 72 0 8 0.00180025747977
6 14 0 8 0.00180006551091
33 52 0 8 0.00178037432488
52 60 0 8 0.00177830515895
49 65 0 8 0.00177200522739
32 48 0 8 0.00176844082307
61 66 0 8 0.00176796375308
9 33 0 8 0.00176044530235
10 26 0 8 0.00175492838025
2 12 0 8 0.00175478728488
35 55 0 8 0.00174546614289
20 34 0 8 0.00173870450817
36 43 0 8 0.00173243402969
23 37 0 8 0.00172600301448
41 47 0 8 0.00172573025338
1 17 0 8 0.00171860225964
4 18 0 8 0.00171425146982
36 48 0 8 0.00170833407901
32 49 0 8 0.00170832197182
1 18 0 8 0.00170684419572
33 47 0 8 0.00170048442669
6 78 0 8 0.00169602350798
57 74 0 8 0.00169069133699
6 66 0 8 0.00168774975464
9 49 0 8 0.00168490898795
62 70 0 8 0.00167820171919
43 49 0 8 0.00167497410439
10 52 0 8 0.00166943366639
39 51 0 8 0.00165825139266
55 76 0 8 0.00165145599749
61 73 0 8 0.00165062129963
53 75 0 8 0.0016437858576
3 14 0 8 0.00164369971026
4 13 0 8 0.00162272830494
41 46 0 8 0.00161811057478
36 47 0 8 0.00160973193124
37 47 0 8 0.00159582635388
14 75 0 8 0.00159020512365
59 74 0 8 0.00158812152222
38 51 0 8 0.0015860798303
41 50 0 8 0.00158425432164
57 78 0 8 0.00158131180797
48 63 0 8 0.0015788753517
21 33 0 8 0.0015776354121
36 75 0 8 0.00157501420472
61 72 0 8 0.00156967679504
47 55 0 8 0.00156157382298
50 65 0 8 0.00154451606795
39 45 0 8 0.00154284841847
42 68 0 8 0.00153405079618
57 76 0 8 0.00152871827595
33 55 0 8 0.00152468774468
21 37 0 8 0.0015239357017
55 79 0 8 0.00152376899496
3 10 0 8 0.00152328296099
22 34 0 8 0.00152239983436
34 53 0 8 0.00151096587069
8 14 0 8 0.00149266317021
39 50 0 8 0.00148651690688
25 31 0 8 0.00148504553363
1 13 0 8 0.00147707771976
58 79 0 8 0.00147217337508
31 75 0 8 0.00147078267764
2 13 0 8 0.00146968930494
27 37 0 8 0.0014685097849
1 15 0 8 0.00146484293509
7 14 0 8 0.00146112241782
13 75 0 8 0.0014608692145
6 18 0 8 0.00145675917156
60 69 0 8 0.00144681276288
45 60 0 8 0.00144423788879
7 13 0 8 0.0014404640533
21 36 0 8 0.00142539967783
34 50 0 8 0.00141759891994
47 57 0 8 0.0014172749361
9 34 0 8 0.00140599405859
5 14 0 8 0.00139839190524
58 68 0 8 0.0013983019162
23 33 0 8 0.00139488978311
45 59 0 8 0.00139438372571
10 62 0 8 0.00139319046866
7 16 0 8 0.00139299733564
29 34 0 8 0.00139135471545
29 49 0 8 0.00138188444544
10 27 0 8 0.00137725705281
40 49 0 8 0.00137481431011
58 78 0 8 0.00137238961179
60 70 0 8 0.00136538618244
34 56 0 8 0.00136401108466
45 63 0 8 0.0013638578821
37 46 0 8 0.0013631033944
47 56 0 8 0.00135927007068
30 49 0 8 0.00135606143158
37 52 0 8 0.00134968105704
34 54 0 8 0.00133556488436
10 45 0 8 0.00132872769609
33 48 0 8 0.00131551804952
6 75 0 8 0.00129947764799
59 71 0 8 0.00129725364968
3 12 0 8 0.00128816405777
1 19 0 8 0.00128666928504
50 54 0 8 0.00128161802422
34 47 0 8 0.0012800230179
20 35 0 8 0.00127336475998
22 35 0 8 0.00126695772633
3 18 0 8 0.00125974277034
2 18 0 8 0.00125929596834
47 63 0 8 0.00125205831137
35 47 0 8 0.00124723301269
4 16 0 8 0.00123212265316
4 17 0 8 0.00123138353229
23 35 0 8 0.0012248235289
23 34 0 8 0.00121693429537
2 14 0 8 0.00119470723439
46 59 0 8 0.00119036738761
1 16 0 8 0.00118745910004
4 15 0 8 0.00118210806977
38 49 0 8 0.00118059746455
25 37 0 8 0.00117192405742
60 72 0 8 0.00116893777158
34 48 0 8 0.00116657011677
39 47 0 8 0.00116523634642
3 19 0 8 0.00113730330486
59 69 0 8 0.00113127718214
21 34 0 8 0.00113039813004
46 58 0 8 0.00112858100329
26 31 0 8 0.0011285347864
60 67 0 8 0.00112522195559
24 37 0 8 0.00112494174391
40 47 0 8 0.00111913727596
59 67 0 8 0.00111737800762
33 45 0 8 0.00111680652481
2 19 0 8 0.00111627625301
34 46 0 8 0.00111559964716
60 71 0 8 0.00110100419261
61 67 0 8 0.00107927469071
48 55 0 8 0.0010697793914
55 75 0 8 0.00106786563993
61 71 0 8 0.00106660288293
45 61 0 8 0.00106612441596
35 43 0 8 0.00106039794628
37 48 0 8 0.00105783413164
46 60 0 8 0.00105747487396
53 61 0 8 0.00105322850868
23 32 0 8 0.00104244507384
5 16 0 8 0.00104210001882
34 55 0 8 0.00103924912401
2 16 0 8 0.00103640311863
21 35 0 8 0.00103411439341
51 62 0 8 0.00103316269815
47 58 0 8 0.00101849122439
1 14 0 8 0.00101710122544
19 35 0 8 0.00101542042103
51 55 0 8 0.00101525313221
22 36 0 8 0.0010075221071
37 51 0 8 0.00100544036832
35 45 0 8 0.000999739277177
40 46 0 8 0.00098027579952
3 15 0 8 0.000979983946308
61 70 0 8 0.000979135744274
37 49 0 8 0.000977492774837
6 12 0 8 0.000975224538706
59 68 0 8 0.000961623736657
24 32 0 8 0.000960888282862
36 53 0 8 0.000955965544563
6 13 0 8 0.00095467484789
49 61 0 8 0.000947194348555
46 61 0 8 0.000944903527852
5 13 0 8 0.000938040087931
58 72 0 8 0.00093353970442
23 36 0 8 0.000932029273827
35 53 0 8 0.000923398358282
6 16 0 8 0.000922320352402
3 17 0 8 0.000921755912714
26 37 0 8 0.000909338414203
37 50 0 8 0.000902373110875
4 14 0 8 0.000896636862308
35 46 0 8 0.00088502408471
49 54 0 8 0.000877389218658
36 49 0 8 0.00087420566706
52 61 0 8 0.000862942775711
48 59 0 8 0.0008628917858
27 32 0 8 0.000850185693707
39 49 0 8 0.000848177296575
35 54 0 8 0.000836269930005
5 15 0 8 0.000826170609798
53 58 0 8 0.000825124268886
56 72 0 8 0.00080578221241
47 61 0 8 0.000799616391305
34 45 0 8 0.000796932668891
50 62 0 8 0.000790926103946
47 60 0 8 0.000785856915172
10 75 0 8 0.000762327283155
56 75 0 8 0.000761767092627
33 49 0 8 0.000754264416173
33 46 0 8 0.000748334568925
50 63 0 8 0.000744020100683
48 60 0 8 0.000740586721804
50 60 0 8 0.000736150308512
34 51 0 8 0.000735991401598
54 75 0 8 0.000733127642889
61 75 0 8 0.000722535420209
60 68 0 8 0.000709201209247
38 48 0 8 0.000702087127138
57 75 0 8 0.000697359850165
34 52 0 8 0.000690028013196
53 59 0 8 0.000681392848492
36 46 0 8 0.000672362395562
26 32 0 8 0.000654694100376
35 44 0 8 0.000648466229904
10 49 0 8 0.000643016945105
3 16 0 8 0.000641327758785
34 44 0 8 0.000640015234239
35 50 0 8 0.000635113799945
49 60 0 8 0.000628568290267
62 71 0 8 0.000627667352092
35 51 0 8 0.000624578038696
3 13 0 8 0.000619314901996
63 68 0 8 0.000610862392932
39 48 0 8 0.000607410969678
24 33 0 8 0.000607175112236
59 75 0 8 0.000605406821705
40 48 0 8 0.000603008083999
62 75 0 8 0.000594994053245
62 69 0 8 0.00059344706824
52 57 0 8 0.000592912780121
25 32 0 8 0.0005902700359
49 55 0 8 0.000585486355703
50 61 0 8 0.000578042119741
48 58 0 8 0.000563077977858
24 35 0 8 0.000560600950848
41 48 0 8 0.000557876075618
35 48 0 8 0.000554860045668
48 61 0 8 0.000548588752281
34 49 0 8 0.000543667294551
29 35 0 8 0.000537715677638
36 54 0 8 0.000523039605469
51 61 0 8 0.000521550478879
51 60 0 8 0.000520352332387
41 49 0 8 0.00051546638133
47 59 0 8 0.000508325581905
60 75 0 8 0.000495253771078
35 49 0 8 0.000489347497933
62 68 0 8 0.000480763090309
52 59 0 8 0.000455670844531
59 72 0 8 0.000454716675449
50 55 0 8 0.000452948384918
24 36 0 8 0.000449306651717
52 58 0 8 0.000430362357292
28 36 0 8 0.00042386513087
61 69 0 8 0.000419170508394
48 62 0 8 0.000416797731305
24 34 0 8 0.000416402384872
50 58 0 8 0.000412067398429
48 57 0 8 0.00040435756091
61 68 0 8 0.000395866605686
25 35 0 8 0.000391071109334
36 51 0 8 0.000383161008358
27 36 0 8 0.000377789343474
25 36 0 8 0.000370041583665
26 36 0 8 0.000368181732483
36 50 0 8 0.000357286568033
36 52 0 8 0.000331313669449
50 59 0 8 0.000324973254465
28 35 0 8 0.000317941972753
51 56 0 8 0.000311917392537
25 33 0 8 0.00030423948192
26 33 0 8 0.000302947126329
49 63 0 8 0.000299654639093
27 35 0 8 0.000298381753964
51 58 0 8 0.000292367913062
48 56 0 8 0.000284091016511
58 75 0 8 0.00028152577579
35 52 0 8 0.000277070939774
26 34 0 8 0.000268685398623
25 34 0 8 0.000264869187959
51 59 0 8 0.000251080957241
49 59 0 8 0.000250292679993
27 33 0 8 0.000238077278482
26 35 0 8 0.00023291123216
50 56 0 8 0.000229576078709
51 57 0 8 0.000225887531997
28 33 0 8 0.000208195706364
28 34 0 8 0.000201802453375
49 58 0 8 0.000180281538633
27 34 0 8 0.00016765401233
49 57 0 8 0.00015271299344
50 57 0 8 0.00014554343943
49 56 0 8 0.000122966084746
