73 74 0 8 0.999999523163
9 10 0 8 0.999994575977
71 72 0 8 0.99999153614
2 3 0 8 0.999990165234
74 75 0 8 0.999990105629
70 71 0 8 0.999988555908
10 11 0 8 0.999986052513
59 60 0 8 0.999980211258
27 28 0 8 0.999979794025
72 73 0 8 0.999979376793
69 70 0 8 0.999973297119
22 23 0 8 0.999972462654
18 19 0 8 0.999971985817
7 8 0 8 0.999966979027
8 9 0 8 0.999964892864
12 13 0 8 0.999964058399
17 18 0 8 0.999961018562
51 52 0 8 0.999960958958
36 37 0 8 0.999960839748
29 30 0 8 0.999958157539
11 12 0 8 0.999958157539
13 14 0 8 0.99995726347
16 17 0 8 0.999956190586
5 6 0 8 0.999950945377
21 22 0 8 0.99994879961
20 21 0 8 0.999942839146
54 55 0 8 0.999942719936
37 38 0 8 0.999942481518
60 61 0 8 0.999941289425
14 15 0 8 0.99994122982
1 2 0 8 0.999937355518
28 29 0 8 0.999937176704
15 16 0 8 0.99993544817
48 49 0 8 0.999935150146
52 53 0 8 0.99993211031
38 39 0 8 0.999929726124
25 26 0 8 0.999928593636
68 69 0 8 0.999925494194
4 5 0 8 0.99992364645
49 50 0 8 0.999918818474
64 65 0 8 0.999909460545
30 31 0 8 0.999907612801
57 58 0 8 0.999904513359
35 36 0 8 0.999897360802
56 57 0 8 0.999889373779
6 7 0 8 0.999888062477
3 4 0 8 0.999883472919
33 34 0 8 0.999880969524
55 56 0 8 0.999870121479
62 63 0 8 0.999866366386
39 40 0 8 0.999864220619
26 27 0 8 0.999847948551
53 54 0 8 0.999843657017
58 59 0 8 0.999843120575
24 25 0 8 0.999842584133
67 68 0 8 0.999805450439
61 62 0 8 0.999782264233
23 24 0 8 0.999778449535
19 20 0 8 0.999773561954
50 51 0 8 0.999753177166
47 48 0 8 0.9997407794
32 33 0 8 0.999713420868
34 35 0 8 0.999698340893
40 41 0 8 0.99969047308
46 47 0 8 0.999657988548
43 44 0 8 0.999619424343
63 64 0 8 0.999523043633
44 45 0 8 0.999468266964
31 32 0 8 0.999402225018
42 43 0 8 0.999399900436
65 66 0 8 0.999327480793
41 42 0 8 0.999184787273
45 46 0 8 0.999184429646
66 67 0 8 0.998734593391
39 53 0 8 0.992065429688
40 52 0 8 0.991508603096
26 28 0 8 0.986329913139
25 27 0 8 0.982081651688
50 52 0 8 0.974355101585
27 29 0 8 0.974167585373
27 30 0 8 0.970018386841
62 65 0 8 0.96991199255
24 26 0 8 0.967974483967
12 38 0 8 0.967428922653
38 40 0 8 0.965688824654
38 52 0 8 0.96564334631
38 54 0 8 0.965471982956
26 29 0 8 0.963452756405
53 58 0 8 0.963388681412
28 30 0 8 0.960554242134
24 28 0 8 0.960457503796
10 38 0 8 0.958092272282
11 37 0 8 0.954965174198
22 24 0 8 0.95442032814
24 27 0 8 0.951846241951
26 30 0 8 0.951837658882
25 29 0 8 0.951290726662
51 58 0 8 0.948143720627
55 57 0 8 0.945475518703
57 59 0 8 0.940913259983
23 25 0 8 0.940565824509
54 57 0 8 0.938904523849
9 39 0 8 0.938267529011
69 71 0 8 0.936108529568
10 12 0 8 0.936038196087
52 59 0 8 0.935953021049
51 60 0 8 0.935491025448
34 36 0 8 0.931651592255
12 69 0 8 0.931100130081
59 61 0 8 0.930155992508
11 13 0 8 0.928479373455
40 50 0 8 0.927117347717
39 41 0 8 0.924818873405
46 48 0 8 0.92348253727
41 53 0 8 0.921320199966
42 51 0 8 0.921021461487
17 19 0 8 0.914664685726
25 28 0 8 0.913060605526
23 26 0 8 0.909604251385
61 66 0 8 0.906597852707
23 27 0 8 0.905632257462
21 23 0 8 0.902563214302
9 37 0 8 0.900667369366
10 40 0 8 0.897566854954
52 54 0 8 0.892342209816
27 32 0 8 0.885830640793
9 11 0 8 0.879449307919
50 61 0 8 0.878974735737
32 36 0 8 0.877425670624
36 54 0 8 0.874224066734
14 16 0 8 0.873837411404
12 14 0 8 0.870049476624
7 9 0 8 0.869709849358
8 10 0 8 0.868941068649
4 10 0 8 0.865843474865
31 33 0 8 0.864905357361
49 62 0 8 0.8638869524
30 32 0 8 0.863377094269
36 55 0 8 0.863269150257
14 70 0 8 0.863021492958
70 72 0 8 0.861207127571
16 68 0 8 0.860548913479
16 18 0 8 0.859711229801
40 42 0 8 0.855071365833
63 66 0 8 0.854953587055
33 35 0 8 0.854127168655
36 38 0 8 0.853461027145
48 50 0 8 0.851843416691
39 52 0 8 0.85172188282
12 32 0 8 0.851435482502
50 66 0 8 0.850649595261
5 8 0 8 0.850073218346
42 44 0 8 0.845281422138
11 72 0 8 0.841961562634
12 52 0 8 0.840950071812
64 66 0 8 0.837223768234
52 58 0 8 0.837190389633
63 65 0 8 0.833560228348
37 39 0 8 0.831593871117
52 61 0 8 0.830810844898
6 8 0 8 0.829849302769
4 8 0 8 0.828994512558
62 66 0 8 0.828232109547
22 25 0 8 0.828061044216
29 31 0 8 0.826512932777
58 60 0 8 0.821932256222
13 72 0 8 0.817947268486
72 74 0 8 0.816444456577
5 7 0 8 0.813500881195
48 62 0 8 0.813427269459
20 22 0 8 0.808540046215
41 58 0 8 0.800145864487
33 36 0 8 0.795540511608
71 73 0 8 0.79092168808
10 71 0 8 0.787979483604
62 64 0 8 0.784583091736
16 70 0 8 0.783336162567
2 4 0 8 0.78250014782
28 31 0 8 0.775197505951
73 75 0 8 0.772881746292
19 50 0 8 0.772671699524
16 19 0 8 0.772655010223
23 65 0 8 0.771780073643
15 69 0 8 0.769792199135
51 53 0 8 0.766163229942
68 70 0 8 0.764439940453
22 26 0 8 0.761771321297
53 57 0 8 0.759330511093
39 54 0 8 0.754467070103
65 67 0 8 0.749267756939
49 61 0 8 0.749232709408
47 49 0 8 0.747391283512
54 56 0 8 0.747362375259
67 69 0 8 0.746442377567
12 59 0 8 0.745479881763
49 63 0 8 0.744245827198
64 67 0 8 0.74162620306
13 70 0 8 0.74143654108
48 63 0 8 0.738067030907
13 15 0 8 0.737440168858
1 3 0 8 0.736709713936
27 31 0 8 0.733486652374
44 51 0 8 0.732901394367
38 53 0 8 0.731489956379
50 60 0 8 0.730293750763
30 59 0 8 0.727993190289
44 49 0 8 0.726079404354
66 69 0 8 0.723273396492
35 37 0 8 0.722042858601
4 6 0 8 0.72200012207
12 40 0 8 0.720501661301
38 69 0 8 0.720264077187
61 69 0 8 0.718035101891
63 67 0 8 0.717818140984
44 46 0 8 0.717623591423
66 68 0 8 0.71474725008
20 23 0 8 0.7139326334
37 55 0 8 0.711474001408
21 24 0 8 0.709586858749
3 5 0 8 0.709233522415
60 62 0 8 0.706006526947
21 25 0 8 0.706004917622
32 59 0 8 0.704695224762
19 21 0 8 0.698173522949
19 68 0 8 0.697154700756
18 68 0 8 0.696298420429
8 73 0 8 0.690477669239
33 55 0 8 0.679394006729
15 17 0 8 0.67835521698
12 36 0 8 0.676853597164
61 65 0 8 0.674977123737
4 40 0 8 0.674801826477
6 42 0 8 0.672154545784
32 52 0 8 0.667512536049
30 60 0 8 0.667059063911
31 54 0 8 0.660366535187
19 52 0 8 0.651983737946
14 69 0 8 0.647919893265
4 71 0 8 0.644811987877
43 50 0 8 0.643491268158
14 34 0 8 0.643028020859
53 55 0 8 0.641969203949
41 70 0 8 0.638523280621
43 45 0 8 0.637481272221
20 24 0 8 0.636126697063
10 39 0 8 0.630526840687
28 34 0 8 0.629394948483
15 19 0 8 0.628431200981
38 59 0 8 0.626499772072
11 39 0 8 0.623809278011
19 65 0 8 0.623614430428
40 58 0 8 0.621820271015
32 54 0 8 0.620505690575
2 67 0 8 0.619305968285
49 51 0 8 0.619167804718
26 65 0 8 0.61234331131
50 63 0 8 0.610303044319
54 59 0 8 0.607573270798
46 49 0 8 0.606907188892
51 59 0 8 0.605217278004
45 48 0 8 0.604577481747
41 43 0 8 0.604160428047
61 63 0 8 0.599101781845
19 59 0 8 0.597343504429
32 61 0 8 0.596745848656
19 23 0 8 0.581663072109
6 43 0 8 0.578727900982
14 35 0 8 0.577135920525
64 68 0 8 0.566569328308
52 60 0 8 0.563049554825
53 56 0 8 0.554775297642
12 37 0 8 0.551596939564
53 59 0 8 0.550280153751
13 37 0 8 0.54412406683
15 70 0 8 0.542033553123
45 49 0 8 0.539278507233
15 34 0 8 0.536937534809
51 61 0 8 0.536101698875
45 47 0 8 0.524601817131
51 62 0 8 0.515038788319
10 37 0 8 0.510461449623
28 33 0 8 0.506209254265
10 61 0 8 0.490651488304
17 68 0 8 0.489235877991
11 38 0 8 0.488759487867
37 54 0 8 0.486214876175
15 23 0 8 0.486096709967
18 20 0 8 0.48598587513
18 59 0 8 0.481445044279
27 33 0 8 0.475007265806
15 28 0 8 0.474577188492
59 71 0 8 0.464422225952
56 58 0 8 0.460651367903
44 50 0 8 0.457926362753
28 32 0 8 0.453794807196
44 48 0 8 0.446897089481
49 60 0 8 0.44443783164
30 54 0 8 0.442874073982
15 68 0 8 0.439764857292
59 69 0 8 0.435423344374
40 69 0 8 0.432541489601
10 50 0 8 0.423156678677
19 22 0 8 0.412875294685
19 48 0 8 0.409335106611
32 69 0 8 0.408611536026
41 69 0 8 0.402311712503
11 53 0 8 0.401174724102
41 52 0 8 0.39938095212
43 63 0 8 0.399337738752
40 53 0 8 0.391250491142
32 34 0 8 0.389496952295
13 35 0 8 0.386025637388
19 58 0 8 0.379566818476
60 71 0 8 0.379340320826
27 65 0 8 0.378113865852
12 50 0 8 0.363747507334
19 24 0 8 0.362812668085
50 62 0 8 0.341726511717
26 62 0 8 0.34077244997
32 66 0 8 0.339319825172
12 51 0 8 0.336210876703
61 71 0 8 0.330549299717
12 70 0 8 0.326214164495
23 68 0 8 0.325159192085
47 63 0 8 0.323117911816
20 68 0 8 0.320260077715
60 69 0 8 0.312439471483
11 61 0 8 0.309919178486
61 70 0 8 0.303744167089
5 43 0 8 0.303528130054
19 66 0 8 0.30335187912
6 45 0 8 0.303068131208
7 42 0 8 0.300746023655
48 66 0 8 0.297948777676
12 53 0 8 0.295738995075
12 61 0 8 0.295463651419
54 58 0 8 0.294630557299
13 34 0 8 0.294556558132
12 54 0 8 0.293582230806
14 42 0 8 0.292670428753
42 52 0 8 0.292414665222
62 68 0 8 0.290407031775
12 39 0 8 0.287611931562
40 71 0 8 0.286973804235
30 61 0 8 0.286616384983
31 38 0 8 0.28284907341
15 26 0 8 0.277692884207
42 50 0 8 0.276332944632
12 71 0 8 0.273818641901
59 70 0 8 0.271246492863
12 31 0 8 0.269889265299
16 20 0 8 0.266536593437
14 68 0 8 0.266519904137
13 53 0 8 0.266278088093
65 68 0 8 0.26613086462
37 70 0 8 0.264850020409
44 62 0 8 0.264735072851
40 59 0 8 0.263921022415
32 35 0 8 0.263572186232
23 66 0 8 0.259620159864
31 59 0 8 0.258743017912
38 70 0 8 0.25814935565
40 70 0 8 0.255392938852
1 4 0 8 0.254944443703
12 33 0 8 0.254398196936
36 61 0 8 0.253993928432
15 18 0 8 0.250447899103
9 61 0 8 0.245099872351
41 57 0 8 0.245090156794
15 24 0 8 0.245071098208
11 40 0 8 0.243287101388
30 52 0 8 0.242865204811
60 70 0 8 0.242275312543
13 52 0 8 0.242075368762
31 69 0 8 0.241671979427
57 74 0 8 0.240471065044
4 9 0 8 0.239574819803
23 69 0 8 0.237379655242
27 69 0 8 0.234882384539
38 61 0 8 0.233832150698
52 66 0 8 0.232810154557
37 56 0 8 0.230994388461
19 69 0 8 0.230359807611
12 35 0 8 0.23012624681
58 73 0 8 0.228655233979
41 51 0 8 0.22819724679
27 38 0 8 0.225062787533
30 65 0 8 0.22225767374
26 60 0 8 0.220973268151
16 69 0 8 0.220653429627
18 47 0 8 0.219321429729
14 24 0 8 0.218525111675
37 74 0 8 0.213617071509
13 71 0 8 0.212702393532
10 52 0 8 0.21084779501
24 34 0 8 0.210218563676
39 51 0 8 0.209559172392
37 53 0 8 0.209395900369
23 61 0 8 0.208783894777
40 54 0 8 0.20549274981
59 72 0 8 0.2054374367
12 60 0 8 0.20261579752
12 30 0 8 0.202244907618
32 38 0 8 0.200136333704
11 35 0 8 0.19877037406
11 59 0 8 0.198607593775
14 23 0 8 0.198224678636
15 59 0 8 0.197926044464
16 59 0 8 0.196517407894
11 60 0 8 0.196443811059
42 53 0 8 0.196202889085
39 70 0 8 0.195416942239
12 34 0 8 0.193978786469
17 20 0 8 0.193807348609
13 59 0 8 0.192855373025
18 70 0 8 0.191922262311
1 32 0 8 0.191613599658
38 72 0 8 0.189968153834
27 54 0 8 0.185633972287
27 52 0 8 0.185023605824
43 51 0 8 0.184994876385
31 35 0 8 0.184076070786
17 24 0 8 0.182522505522
43 69 0 8 0.182220488787
12 15 0 8 0.18162496388
23 52 0 8 0.181215956807
10 54 0 8 0.181186899543
12 27 0 8 0.17919690907
40 51 0 8 0.177325844765
18 52 0 8 0.176820680499
65 69 0 8 0.17661254108
11 52 0 8 0.175815865397
6 40 0 8 0.17446821928
37 61 0 8 0.173896610737
4 7 0 8 0.171500399709
19 61 0 8 0.170675873756
62 69 0 8 0.170248731971
31 36 0 8 0.168303593993
35 61 0 8 0.167741507292
61 68 0 8 0.167116105556
20 66 0 8 0.167110666633
30 66 0 8 0.166722118855
18 50 0 8 0.16613073647
43 52 0 8 0.163849309087
30 57 0 8 0.162684813142
26 66 0 8 0.162027299404
45 50 0 8 0.161927580833
30 49 0 8 0.160379871726
14 53 0 8 0.156944528222
30 69 0 8 0.156754329801
23 40 0 8 0.156637787819
49 66 0 8 0.156460314989
9 41 0 8 0.156447455287
42 58 0 8 0.156329676509
27 66 0 8 0.155732527375
57 60 0 8 0.154373899102
41 71 0 8 0.154324650764
14 54 0 8 0.152236953378
35 54 0 8 0.151205420494
20 62 0 8 0.151194557548
16 48 0 8 0.150983795524
49 64 0 8 0.149266853929
17 23 0 8 0.148710593581
35 62 0 8 0.146804332733
15 52 0 8 0.14574752748
71 74 0 8 0.144892305136
27 40 0 8 0.144724085927
66 71 0 8 0.144106045365
27 34 0 8 0.144082590938
42 68 0 8 0.142167180777
44 63 0 8 0.141612708569
39 58 0 8 0.141435831785
52 71 0 8 0.137773498893
62 67 0 8 0.137619182467
14 40 0 8 0.137086287141
15 50 0 8 0.136809080839
49 65 0 8 0.135859698057
29 57 0 8 0.135271757841
8 61 0 8 0.135112941265
40 66 0 8 0.134977564216
36 74 0 8 0.134967729449
48 51 0 8 0.13459572196
9 40 0 8 0.134297892451
40 57 0 8 0.134071707726
60 72 0 8 0.134033098817
14 59 0 8 0.133751556277
57 73 0 8 0.133086234331
27 59 0 8 0.132713481784
16 23 0 8 0.13238543272
13 60 0 8 0.131815761328
12 72 0 8 0.130853682756
11 71 0 8 0.130291476846
29 49 0 8 0.130018651485
40 55 0 8 0.13001678884
30 62 0 8 0.129624947906
31 34 0 8 0.129611581564
42 69 0 8 0.128674581647
17 58 0 8 0.12819288671
32 71 0 8 0.127967059612
58 71 0 8 0.127675905824
17 57 0 8 0.126278147101
13 69 0 8 0.126256629825
10 60 0 8 0.125997975469
50 59 0 8 0.125932961702
15 57 0 8 0.125313684344
27 61 0 8 0.12481597811
14 49 0 8 0.124754272401
39 56 0 8 0.123849377036
38 73 0 8 0.121474176645
26 31 0 8 0.121458813548
43 68 0 8 0.121263176203
4 50 0 8 0.12124478817
14 61 0 8 0.120788097382
63 68 0 8 0.120715245605
15 38 0 8 0.120639629662
8 40 0 8 0.118884824216
30 38 0 8 0.117862574756
33 60 0 8 0.117843560874
14 38 0 8 0.117704339325
35 57 0 8 0.116734832525
9 38 0 8 0.116060137749
15 27 0 8 0.114624246955
9 49 0 8 0.114404417574
41 59 0 8 0.113601483405
31 66 0 8 0.113439075649
15 40 0 8 0.113209553063
41 54 0 8 0.113119602203
14 19 0 8 0.112899497151
48 64 0 8 0.112825497985
28 59 0 8 0.112399667501
63 69 0 8 0.112231746316
32 37 0 8 0.111794829369
35 65 0 8 0.1113820225
17 46 0 8 0.110995732248
31 37 0 8 0.110558599234
18 69 0 8 0.110142245889
55 58 0 8 0.110128365457
9 53 0 8 0.10982568562
47 64 0 8 0.109538659453
15 20 0 8 0.109469480813
10 51 0 8 0.109334163368
13 61 0 8 0.108750462532
30 33 0 8 0.108109869063
12 66 0 8 0.107509016991
37 73 0 8 0.106941126287
35 60 0 8 0.106203846633
16 34 0 8 0.106202691793
31 57 0 8 0.105260983109
9 54 0 8 0.104723781347
18 48 0 8 0.104197770357
28 38 0 8 0.103490546346
13 38 0 8 0.103342659771
36 60 0 8 0.102940492332
13 50 0 8 0.102933160961
44 69 0 8 0.102800816298
14 52 0 8 0.10197237134
55 74 0 8 0.101956605911
15 61 0 8 0.101712107658
15 49 0 8 0.101704023778
31 61 0 8 0.101642273366
38 71 0 8 0.101622827351
38 66 0 8 0.101574040949
10 49 0 8 0.100692711771
4 38 0 8 0.100332841277
19 60 0 8 0.1001290977
20 64 0 8 0.0999676212668
40 43 0 8 0.0996248945594
27 36 0 8 0.0996192544699
17 69 0 8 0.0989252477884
36 59 0 8 0.0982116162777
61 67 0 8 0.0978553369641
17 59 0 8 0.0975590348244
15 60 0 8 0.0971211642027
13 49 0 8 0.0966984629631
12 23 0 8 0.0964729487896
10 31 0 8 0.094557441771
3 67 0 8 0.0937855243683
30 58 0 8 0.0931342169642
15 58 0 8 0.0930044949055
33 66 0 8 0.0926771759987
14 50 0 8 0.092596553266
60 68 0 8 0.0921947434545
15 53 0 8 0.0919647440314
33 61 0 8 0.0916813090444
3 70 0 8 0.0913009867072
13 51 0 8 0.0910017564893
39 71 0 8 0.0908564701676
38 60 0 8 0.0907139107585
35 56 0 8 0.0901457592845
27 35 0 8 0.0892303064466
26 49 0 8 0.0889206454158
39 72 0 8 0.0888356566429
18 66 0 8 0.0888157337904
7 10 0 8 0.0887237861753
39 74 0 8 0.0876744389534
56 74 0 8 0.0872814133763
15 54 0 8 0.0865022093058
5 67 0 8 0.0864282548428
15 71 0 8 0.0858969837427
45 51 0 8 0.0857935845852
40 60 0 8 0.0856314003468
14 47 0 8 0.0848910063505
6 36 0 8 0.0847237035632
40 61 0 8 0.0844859108329
54 74 0 8 0.0843961238861
1 5 0 8 0.0840479880571
6 9 0 8 0.0835897922516
42 57 0 8 0.0834321826696
14 44 0 8 0.0833206325769
14 60 0 8 0.082921102643
43 48 0 8 0.082725904882
6 74 0 8 0.0827105417848
12 41 0 8 0.0825884416699
60 73 0 8 0.0821512714028
18 49 0 8 0.0821385607123
33 54 0 8 0.0817886441946
18 23 0 8 0.0812495499849
12 68 0 8 0.0811199769378
37 59 0 8 0.0810243785381
15 55 0 8 0.0805625468493
15 22 0 8 0.0804870650172
30 44 0 8 0.0801988318563
3 8 0 8 0.0797482356429
9 52 0 8 0.0793830156326
36 63 0 8 0.0793757140636
38 74 0 8 0.0792362913489
72 75 0 8 0.0788765028119
30 68 0 8 0.0788232162595
41 50 0 8 0.0783215686679
23 62 0 8 0.0782492011786
14 17 0 8 0.0781487673521
7 62 0 8 0.0774522274733
8 42 0 8 0.0772610977292
10 30 0 8 0.0769456475973
14 37 0 8 0.0758800134063
14 51 0 8 0.0752554610372
36 75 0 8 0.0750935003161
10 59 0 8 0.0749300420284
18 22 0 8 0.0745311006904
40 65 0 8 0.074275046587
27 68 0 8 0.0737569406629
14 22 0 8 0.0732939094305
10 69 0 8 0.0732590481639
11 51 0 8 0.0731543451548
44 59 0 8 0.0727772936225
13 68 0 8 0.0725869089365
57 72 0 8 0.0725661665201
13 66 0 8 0.0725260525942
19 54 0 8 0.071768283844
10 73 0 8 0.071555107832
42 71 0 8 0.0715531185269
23 34 0 8 0.0715479999781
16 24 0 8 0.0709399282932
28 52 0 8 0.0708249285817
29 32 0 8 0.0706999748945
9 71 0 8 0.0705334097147
47 62 0 8 0.0704054906964
46 50 0 8 0.0703625753522
37 60 0 8 0.0701774954796
16 35 0 8 0.0699996650219
19 25 0 8 0.0699914693832
62 70 0 8 0.0698477476835
19 57 0 8 0.0695345550776
20 25 0 8 0.0688875243068
27 60 0 8 0.0680753216147
26 69 0 8 0.0679443031549
18 56 0 8 0.0677282214165
11 54 0 8 0.0676276907325
15 51 0 8 0.0675300955772
15 32 0 8 0.0673178359866
48 65 0 8 0.0670991241932
44 68 0 8 0.0668779239058
61 72 0 8 0.0668698623776
43 49 0 8 0.0668637305498
15 42 0 8 0.0667596459389
14 20 0 8 0.0667478442192
1 38 0 8 0.0666970387101
15 66 0 8 0.0665682554245
11 74 0 8 0.0665297657251
12 57 0 8 0.0664481371641
15 44 0 8 0.0657536461949
17 47 0 8 0.0656892731786
19 49 0 8 0.0656754896045
43 53 0 8 0.0656579360366
10 62 0 8 0.0655831620097
44 47 0 8 0.0653364285827
38 57 0 8 0.0652062520385
43 47 0 8 0.0651374459267
37 75 0 8 0.0649594143033
3 7 0 8 0.0646684542298
9 59 0 8 0.0645628422499
13 54 0 8 0.064078733325
6 63 0 8 0.0640325322747
3 6 0 8 0.0639333426952
5 33 0 8 0.0637940168381
47 50 0 8 0.0635732710361
18 67 0 8 0.0633611530066
11 70 0 8 0.0631324052811
26 68 0 8 0.0628773868084
19 27 0 8 0.0628347545862
4 32 0 8 0.0624324977398
15 37 0 8 0.0621387921274
16 58 0 8 0.0620716363192
58 74 0 8 0.0619575381279
13 57 0 8 0.0614416599274
14 58 0 8 0.0612655468285
44 66 0 8 0.0610775463283
28 40 0 8 0.0610698498785
6 46 0 8 0.0609574653208
58 72 0 8 0.06090144068
18 21 0 8 0.0606643743813
14 18 0 8 0.0606404952705
16 49 0 8 0.0604656860232
13 74 0 8 0.060366332531
1 74 0 8 0.0603596270084
12 42 0 8 0.0601085871458
28 62 0 8 0.0600491501391
7 43 0 8 0.0597322136164
47 66 0 8 0.0594542808831
14 74 0 8 0.0591610372066
44 52 0 8 0.0591586492956
38 55 0 8 0.0590320974588
53 74 0 8 0.0589884370565
43 70 0 8 0.0589565373957
7 63 0 8 0.0589035861194
34 37 0 8 0.0588115975261
41 72 0 8 0.0587156377733
7 35 0 8 0.0585704371333
9 74 0 8 0.0584739893675
19 67 0 8 0.0582196526229
39 73 0 8 0.0582101903856
30 36 0 8 0.0578824914992
14 36 0 8 0.0577934198081
38 58 0 8 0.0577594265342
19 51 0 8 0.0577493831515
39 59 0 8 0.0575589425862
18 61 0 8 0.0574393793941
16 21 0 8 0.0573976449668
31 60 0 8 0.0572428591549
31 62 0 8 0.0569355860353
11 73 0 8 0.0568600520492
39 60 0 8 0.0566900782287
41 66 0 8 0.0566355846822
34 66 0 8 0.05656658113
37 72 0 8 0.0565201714635
41 56 0 8 0.0564207918942
2 5 0 8 0.0563171580434
62 71 0 8 0.0562753304839
56 73 0 8 0.0559303537011
19 40 0 8 0.0559008158743
41 60 0 8 0.055781275034
16 22 0 8 0.0557767897844
16 56 0 8 0.055776361376
57 71 0 8 0.0553986802697
26 46 0 8 0.0552832894027
36 62 0 8 0.0552023686469
15 35 0 8 0.054947566241
10 74 0 8 0.0549381561577
4 36 0 8 0.0548922158778
5 9 0 8 0.0545308180153
12 58 0 8 0.0544543229043
6 67 0 8 0.0543350987136
54 60 0 8 0.0538908727467
15 56 0 8 0.0536646731198
13 31 0 8 0.0535779856145
14 55 0 8 0.0533181130886
33 56 0 8 0.0533075965941
17 54 0 8 0.0532794818282
34 61 0 8 0.053164485842
17 65 0 8 0.0531432963908
42 49 0 8 0.0531357042491
13 58 0 8 0.0527914837003
35 63 0 8 0.0526840165257
10 32 0 8 0.0526619851589
17 32 0 8 0.0525324232876
4 49 0 8 0.0523654036224
35 55 0 8 0.05229030177
30 35 0 8 0.051826544106
6 44 0 8 0.051545213908
17 45 0 8 0.0515113770962
35 66 0 8 0.0512490533292
13 41 0 8 0.0511029660702
5 45 0 8 0.0509476438165
8 41 0 8 0.0506677702069
16 50 0 8 0.0506600551307
11 36 0 8 0.0506485328078
12 26 0 8 0.0506298616529
18 60 0 8 0.0505134835839
40 73 0 8 0.0505012050271
39 57 0 8 0.0504843220115
26 59 0 8 0.0504790097475
13 39 0 8 0.0504458323121
22 66 0 8 0.0503941215575
16 47 0 8 0.0503678061068
6 47 0 8 0.0502843633294
15 43 0 8 0.050166901201
64 69 0 8 0.0500829406083
17 49 0 8 0.049998190254
12 49 0 8 0.0499718338251
47 65 0 8 0.0499702952802
52 57 0 8 0.0499691851437
34 54 0 8 0.0496088713408
23 38 0 8 0.0492450259626
16 57 0 8 0.0491946823895
18 46 0 8 0.0491809025407
12 44 0 8 0.0491297058761
13 40 0 8 0.0489362031221
58 69 0 8 0.0488937981427
16 74 0 8 0.048873282969
5 66 0 8 0.0487732440233
36 58 0 8 0.0484028831124
60 66 0 8 0.0480656065047
8 37 0 8 0.0480609498918
10 36 0 8 0.0479078032076
16 53 0 8 0.047779597342
59 74 0 8 0.0473304688931
10 41 0 8 0.0472658574581
61 64 0 8 0.0472352765501
15 48 0 8 0.0471324771643
14 65 0 8 0.0469865761697
36 65 0 8 0.0469786226749
7 48 0 8 0.0468525588512
11 69 0 8 0.0467054098845
1 71 0 8 0.0465710237622
7 61 0 8 0.0465676374733
35 75 0 8 0.0462533682585
29 51 0 8 0.0462278611958
27 71 0 8 0.0461037382483
15 46 0 8 0.0458799637854
19 70 0 8 0.0458475276828
65 71 0 8 0.0458445996046
1 33 0 8 0.0458285883069
46 65 0 8 0.0457757934928
17 48 0 8 0.0457003079355
18 64 0 8 0.0456110835075
56 75 0 8 0.0455924086273
42 59 0 8 0.0455387197435
4 31 0 8 0.0453591458499
46 51 0 8 0.0449806377292
43 46 0 8 0.0448709279299
1 30 0 8 0.0448617227376
6 35 0 8 0.0448150597513
16 67 0 8 0.0447715297341
39 69 0 8 0.0446923486888
43 71 0 8 0.0445965193212
28 74 0 8 0.0445328056812
59 73 0 8 0.0444286353886
13 67 0 8 0.0443538166583
30 71 0 8 0.0438824035227
4 45 0 8 0.0438472144306
6 66 0 8 0.0437608361244
17 50 0 8 0.0436921641231
16 25 0 8 0.0436173714697
26 40 0 8 0.0434997789562
4 61 0 8 0.0434006378055
1 69 0 8 0.0433260053396
55 75 0 8 0.0431090779603
2 33 0 8 0.0430307723582
9 73 0 8 0.0429228879511
17 55 0 8 0.0427949763834
57 75 0 8 0.0427213199437
7 37 0 8 0.0427006147802
6 10 0 8 0.0426307320595
17 42 0 8 0.0426048375666
15 21 0 8 0.042584631592
40 72 0 8 0.0424985140562
38 68 0 8 0.0423227362335
33 57 0 8 0.0423212088645
16 54 0 8 0.0422616638243
15 45 0 8 0.0421269237995
21 68 0 8 0.0421242117882
14 27 0 8 0.0421223640442
32 55 0 8 0.0421194322407
20 65 0 8 0.0421168841422
27 43 0 8 0.0419074743986
14 71 0 8 0.0416385345161
19 34 0 8 0.0415323078632
9 60 0 8 0.041170861572
17 21 0 8 0.0409535095096
12 67 0 8 0.0408977344632
24 65 0 8 0.0408212691545
19 38 0 8 0.0406516492367
46 66 0 8 0.0405193008482
15 67 0 8 0.0404599308968
41 55 0 8 0.0404596067965
2 6 0 8 0.0399799384177
11 41 0 8 0.0397651791573
33 38 0 8 0.0394649654627
6 34 0 8 0.0392793416977
13 36 0 8 0.0391899980605
13 23 0 8 0.0391387492418
13 43 0 8 0.0390026457608
7 41 0 8 0.0389103516936
41 74 0 8 0.0388472639024
35 69 0 8 0.0386046990752
19 56 0 8 0.038552492857
37 69 0 8 0.0384117327631
28 36 0 8 0.0383247733116
10 66 0 8 0.0383135564625
4 58 0 8 0.0382779575884
43 72 0 8 0.0381102375686
24 51 0 8 0.0380649380386
6 33 0 8 0.0380340218544
17 22 0 8 0.0379497930408
55 73 0 8 0.0379048921168
34 62 0 8 0.0378197617829
27 44 0 8 0.03724302724
53 60 0 8 0.0372169017792
54 71 0 8 0.036991097033
17 66 0 8 0.0369808413088
9 62 0 8 0.0369612500072
53 75 0 8 0.0368545092642
30 63 0 8 0.036738101393
42 48 0 8 0.0367025621235
50 67 0 8 0.0365425683558
8 31 0 8 0.036417003721
52 74 0 8 0.036252245307
52 69 0 8 0.0361312180758
31 68 0 8 0.0360780283809
28 35 0 8 0.036073975265
29 61 0 8 0.0359992310405
7 54 0 8 0.0359096303582
1 10 0 8 0.0358741804957
15 30 0 8 0.0357690341771
35 59 0 8 0.0357423312962
18 58 0 8 0.0356937460601
13 65 0 8 0.035613860935
27 50 0 8 0.0355950556695
25 36 0 8 0.0355486385524
37 71 0 8 0.0353159382939
29 40 0 8 0.0351452752948
40 74 0 8 0.0349194183946
9 56 0 8 0.034892398864
45 66 0 8 0.0348456278443
1 12 0 8 0.0346034020185
17 56 0 8 0.0345717333257
38 75 0 8 0.0344336256385
24 61 0 8 0.0344308242202
29 55 0 8 0.0342821218073
30 40 0 8 0.0342491641641
24 74 0 8 0.0341616384685
30 34 0 8 0.0341605693102
48 69 0 8 0.0341566205025
13 16 0 8 0.03405290097
46 63 0 8 0.0338900461793
8 66 0 8 0.0337744876742
43 74 0 8 0.0337562449276
66 70 0 8 0.033610291779
4 54 0 8 0.0334689952433
24 47 0 8 0.0333725772798
15 41 0 8 0.0332763791084
4 69 0 8 0.0332413241267
32 74 0 8 0.0332048870623
26 47 0 8 0.0331929661334
7 39 0 8 0.0331759005785
27 58 0 8 0.0331411994994
32 68 0 8 0.0331149585545
58 75 0 8 0.0330910049379
45 68 0 8 0.0330749973655
13 22 0 8 0.0330514200032
37 62 0 8 0.0327730253339
16 46 0 8 0.0327274948359
35 58 0 8 0.032571785152
28 66 0 8 0.0325707755983
36 56 0 8 0.0325398631394
29 36 0 8 0.0325390696526
7 57 0 8 0.0324947610497
7 36 0 8 0.0323061458766
10 48 0 8 0.0322816707194
29 33 0 8 0.0321433283389
33 65 0 8 0.0321281775832
35 38 0 8 0.0320760197937
35 73 0 8 0.0320591367781
6 37 0 8 0.0320140980184
22 67 0 8 0.0319445058703
18 24 0 8 0.0319435670972
4 74 0 8 0.0318882837892
31 55 0 8 0.0317692682147
14 48 0 8 0.0316562317312
10 43 0 8 0.0316028520465
4 13 0 8 0.0315462090075
26 56 0 8 0.0315341800451
44 73 0 8 0.0313902497292
4 33 0 8 0.0312380064279
4 66 0 8 0.0312125403434
7 72 0 8 0.031078401953
43 66 0 8 0.0310200229287
14 43 0 8 0.0310023631901
12 62 0 8 0.0309491828084
14 67 0 8 0.0308214090765
1 36 0 8 0.0308195780963
8 63 0 8 0.0307413190603
5 36 0 8 0.030604550615
56 72 0 8 0.0304446499795
19 35 0 8 0.0304080266505
60 65 0 8 0.0302615966648
24 46 0 8 0.0301488339901
19 42 0 8 0.0301017928869
48 60 0 8 0.03006805107
50 65 0 8 0.0299460180104
14 56 0 8 0.0298981145024
17 67 0 8 0.0298642553389
29 65 0 8 0.0298471078277
36 69 0 8 0.0297823660076
15 65 0 8 0.0295907165855
13 42 0 8 0.0295355860144
3 9 0 8 0.0295059122145
24 59 0 8 0.0294684283435
11 66 0 8 0.0294514335692
48 61 0 8 0.0293466914445
45 52 0 8 0.0292967408895
1 31 0 8 0.0292764417827
37 57 0 8 0.0292099770159
15 36 0 8 0.0291888974607
4 46 0 8 0.0291432458907
29 66 0 8 0.0290458276868
26 57 0 8 0.0288831219077
14 32 0 8 0.0288745556027
36 57 0 8 0.0288740955293
5 74 0 8 0.0287183877081
26 38 0 8 0.0285869166255
10 70 0 8 0.0285044908524
7 31 0 8 0.0284694675356
12 28 0 8 0.028444506228
24 71 0 8 0.0284182988107
18 38 0 8 0.0283844098449
17 26 0 8 0.0283631812781
20 61 0 8 0.0282647367567
42 65 0 8 0.0282268188894
12 43 0 8 0.0281964913011
47 70 0 8 0.0281654689461
4 30 0 8 0.0281257070601
14 31 0 8 0.0281233470887
18 54 0 8 0.0280498769134
10 27 0 8 0.027989840135
41 61 0 8 0.0279365945607
15 29 0 8 0.0278799217194
14 66 0 8 0.0278079826385
26 42 0 8 0.0277869142592
12 73 0 8 0.0277407951653
44 57 0 8 0.0276664718986
2 68 0 8 0.0275790803134
30 55 0 8 0.0275492481887
35 70 0 8 0.0275228749961
16 52 0 8 0.0275192297995
16 61 0 8 0.0272867009044
46 52 0 8 0.0272275879979
1 6 0 8 0.0272038057446
14 41 0 8 0.0271829906851
22 64 0 8 0.0271316226572
12 74 0 8 0.0270348265767
42 56 0 8 0.0270270649344
29 58 0 8 0.0270097907633
14 57 0 8 0.0269411150366
12 48 0 8 0.0269267689437
11 23 0 8 0.0269098114222
10 72 0 8 0.0267985891551
42 54 0 8 0.0267683696002
23 44 0 8 0.0266353357583
44 53 0 8 0.0265912618488
27 74 0 8 0.0264756362885
13 27 0 8 0.0264661069959
14 30 0 8 0.0264288820326
7 73 0 8 0.0264180488884
18 45 0 8 0.026341823861
53 73 0 8 0.0261311866343
1 11 0 8 0.0261184647679
14 21 0 8 0.0260440073907
67 70 0 8 0.0260374099016
20 50 0 8 0.0260009989142
45 69 0 8 0.0258661396801
60 74 0 8 0.0258425101638
14 33 0 8 0.0257731080055
11 62 0 8 0.0257558375597
23 74 0 8 0.025720929727
34 56 0 8 0.0256618577987
12 63 0 8 0.0256389528513
28 51 0 8 0.025510456413
35 74 0 8 0.0253853574395
16 26 0 8 0.0252816602588
15 74 0 8 0.0252439733595
13 73 0 8 0.025183364749
24 38 0 8 0.0251503698528
34 64 0 8 0.0251434035599
2 10 0 8 0.0251041613519
15 39 0 8 0.0247495137155
7 47 0 8 0.0247244648635
22 39 0 8 0.0246956106275
35 68 0 8 0.0246118512005
11 56 0 8 0.0246094483882
16 42 0 8 0.0245812945068
43 55 0 8 0.0245528202504
16 43 0 8 0.0244235787541
27 62 0 8 0.0242803338915
24 55 0 8 0.0242288634181
11 43 0 8 0.0240265633911
37 66 0 8 0.0240033213049
25 38 0 8 0.0239517986774
61 74 0 8 0.0238596275449
14 39 0 8 0.0238221287727
42 74 0 8 0.0238184481859
6 64 0 8 0.0238063875586
19 47 0 8 0.0237857364118
45 61 0 8 0.0236791502684
42 46 0 8 0.0236283969134
9 51 0 8 0.0235986802727
63 70 0 8 0.0235975906253
33 59 0 8 0.023567551747
23 54 0 8 0.0234996136278
4 63 0 8 0.0234726332128
43 67 0 8 0.0234352499247
5 73 0 8 0.0233575496823
8 74 0 8 0.0232675224543
13 56 0 8 0.0232142712921
1 73 0 8 0.02318328619
28 61 0 8 0.023163324222
32 49 0 8 0.0231250412762
32 65 0 8 0.0230824351311
39 55 0 8 0.0230690184981
1 9 0 8 0.0230454970151
5 47 0 8 0.0230095218867
19 46 0 8 0.0230081230402
27 37 0 8 0.0229734312743
40 44 0 8 0.0229643620551
2 71 0 8 0.022954531014
6 39 0 8 0.0229491312057
21 46 0 8 0.022839512676
34 38 0 8 0.0227857865393
7 64 0 8 0.0226529203355
28 71 0 8 0.022605381906
13 30 0 8 0.0225563831627
23 49 0 8 0.0225037243217
52 70 0 8 0.0224431343377
15 64 0 8 0.0224342234433
22 43 0 8 0.0223856382072
26 51 0 8 0.0223762467504
27 41 0 8 0.0223627071828
31 65 0 8 0.022359021008
45 63 0 8 0.0223535280675
4 11 0 8 0.0222868341953
45 65 0 8 0.0222807209939
33 74 0 8 0.0222453791648
54 73 0 8 0.0222131982446
29 59 0 8 0.0222068186849
14 26 0 8 0.0221864935011
26 33 0 8 0.0221667811275
3 72 0 8 0.0221446044743
31 52 0 8 0.0220866091549
18 65 0 8 0.0220338311046
51 65 0 8 0.0220325533301
32 60 0 8 0.0220274608582
16 44 0 8 0.0220171138644
12 56 0 8 0.02200849168
8 75 0 8 0.022004833445
28 54 0 8 0.0219893381
27 39 0 8 0.0219324454665
51 74 0 8 0.0219106413424
10 28 0 8 0.021905651316
30 56 0 8 0.0218389071524
24 43 0 8 0.0218160673976
14 72 0 8 0.0217924006283
4 68 0 8 0.0217790529132
44 71 0 8 0.0217400118709
11 34 0 8 0.0217372924089
6 52 0 8 0.0216841213405
29 69 0 8 0.0216471105814
5 10 0 8 0.021616300568
46 69 0 8 0.0215779654682
19 64 0 8 0.0215715896338
17 44 0 8 0.0215676445514
46 64 0 8 0.0214867610484
15 63 0 8 0.0214461944997
33 73 0 8 0.0214311107993
19 45 0 8 0.0214053839445
16 66 0 8 0.0213540252298
50 71 0 8 0.0213148873299
16 51 0 8 0.0211878754199
51 71 0 8 0.0211842488497
7 74 0 8 0.0211774557829
30 74 0 8 0.021118093282
19 26 0 8 0.0210697986186
11 42 0 8 0.0210497546941
7 56 0 8 0.0210496000946
24 40 0 8 0.0209877118468
8 62 0 8 0.0209792777896
3 45 0 8 0.0209744796157
23 60 0 8 0.0209525488317
42 45 0 8 0.0209491644055
24 69 0 8 0.0209310110658
34 57 0 8 0.0208885855973
5 75 0 8 0.0208405982703
38 56 0 8 0.0208142250776
9 63 0 8 0.020799793303
16 41 0 8 0.0207955408841
34 65 0 8 0.02077835612
52 65 0 8 0.020762950182
53 70 0 8 0.0207615233958
15 25 0 8 0.0207081139088
6 53 0 8 0.0206939019263
12 46 0 8 0.0206563156098
9 70 0 8 0.0206483211368
29 42 0 8 0.0206457339227
13 19 0 8 0.0206130072474
59 68 0 8 0.0205856412649
67 71 0 8 0.0205800998956
6 31 0 8 0.0205766223371
9 31 0 8 0.0205455422401
23 50 0 8 0.0205070134252
10 46 0 8 0.020499272272
1 7 0 8 0.0204586330801
10 33 0 8 0.0204585324973
4 59 0 8 0.0204391181469
9 69 0 8 0.0203956980258
39 61 0 8 0.0203882306814
16 60 0 8 0.0203326288611
29 34 0 8 0.020322099328
11 57 0 8 0.020296221599
30 45 0 8 0.0202797073871
13 45 0 8 0.0202719159424
14 46 0 8 0.0202199481428
4 52 0 8 0.020210057497
28 69 0 8 0.0201817974448
12 55 0 8 0.0201388783753
7 55 0 8 0.0201302729547
7 30 0 8 0.0200897809118
6 50 0 8 0.0200884528458
16 36 0 8 0.020088320598
1 70 0 8 0.0200413111597
43 73 0 8 0.0200365968049
22 46 0 8 0.0200188085437
34 74 0 8 0.0199669282883
23 64 0 8 0.0199669171125
18 57 0 8 0.0199664402753
3 10 0 8 0.0199515111744
6 61 0 8 0.0199233926833
18 35 0 8 0.0199180115014
19 62 0 8 0.0199132505804
26 70 0 8 0.0198695622385
18 53 0 8 0.0198525022715
46 62 0 8 0.0198232810944
38 67 0 8 0.0197860877961
33 37 0 8 0.0197816547006
26 32 0 8 0.0197793338448
7 40 0 8 0.019777867943
7 75 0 8 0.0197451282293
23 59 0 8 0.0197089537978
34 63 0 8 0.0196876060218
8 43 0 8 0.0196856912225
4 62 0 8 0.0196823254228
26 34 0 8 0.0196484085172
5 71 0 8 0.0196155104786
6 75 0 8 0.0195873193443
10 63 0 8 0.0195872932673
11 63 0 8 0.0195681490004
39 67 0 8 0.0195668507367
16 45 0 8 0.0195570793003
11 45 0 8 0.0195205211639
40 56 0 8 0.019481562078
31 71 0 8 0.0194662213326
17 35 0 8 0.0194430574775
28 56 0 8 0.0194087587297
38 51 0 8 0.0193912647665
16 71 0 8 0.019387466833
43 60 0 8 0.0193730518222
49 70 0 8 0.0193587951362
1 72 0 8 0.0193414539099
16 32 0 8 0.0193112064153
39 75 0 8 0.0192926079035
23 46 0 8 0.0192562378943
34 75 0 8 0.0192364044487
11 50 0 8 0.0192300137132
16 72 0 8 0.0192156210542
33 71 0 8 0.0192154422402
20 45 0 8 0.0191962141544
13 24 0 8 0.0191841926426
6 32 0 8 0.0191464480013
36 66 0 8 0.0191171504557
3 36 0 8 0.0191108398139
8 39 0 8 0.0191015899181
15 31 0 8 0.0190881602466
4 12 0 8 0.0190468225628
40 68 0 8 0.0190450716764
6 71 0 8 0.0190303176641
42 72 0 8 0.01902946271
54 75 0 8 0.0190285649151
28 39 0 8 0.0190032608807
7 71 0 8 0.0189958978444
29 60 0 8 0.0189788267016
8 71 0 8 0.0189573038369
7 53 0 8 0.0189549420029
17 43 0 8 0.0188945103437
4 73 0 8 0.0188442934304
12 24 0 8 0.0188400689512
31 74 0 8 0.0188230257481
10 44 0 8 0.0188185442239
26 61 0 8 0.0187726132572
31 64 0 8 0.0187675282359
1 58 0 8 0.018725451082
27 46 0 8 0.0186842940748
22 74 0 8 0.0186526440084
44 60 0 8 0.018625009805
42 61 0 8 0.0186137594283
29 38 0 8 0.0186086650938
50 64 0 8 0.0185993332416
5 70 0 8 0.0185636114329
41 73 0 8 0.0185540691018
29 74 0 8 0.0185502935201
22 63 0 8 0.0185439605266
1 46 0 8 0.0185210928321
6 48 0 8 0.0185115914792
43 54 0 8 0.0185101535171
23 71 0 8 0.0184598807245
12 45 0 8 0.0184109993279
20 69 0 8 0.0183848105371
24 44 0 8 0.0183827206492
26 74 0 8 0.0183779858053
13 48 0 8 0.0183565039188
38 63 0 8 0.018354004249
2 46 0 8 0.0183007977903
11 58 0 8 0.0182191543281
41 44 0 8 0.0181367322803
10 42 0 8 0.0180809888989
41 68 0 8 0.0180747006088
22 45 0 8 0.0180271826684
9 72 0 8 0.0180086735636
1 63 0 8 0.0179959572852
59 66 0 8 0.0179857034236
19 55 0 8 0.0179850552231
47 51 0 8 0.0179552771151
23 57 0 8 0.0179148688912
3 74 0 8 0.017830716446
33 75 0 8 0.0178304649889
32 58 0 8 0.017825499177
14 25 0 8 0.0177960861474
13 46 0 8 0.0177959352732
37 58 0 8 0.0177586842328
16 37 0 8 0.0177573524415
1 35 0 8 0.0177345965058
1 34 0 8 0.0177183635533
3 46 0 8 0.0177168548107
36 64 0 8 0.0177078861743
3 71 0 8 0.0176955163479
25 66 0 8 0.017637308687
15 72 0 8 0.0176153276116
16 64 0 8 0.0176069047302
20 46 0 8 0.0176064092666
10 53 0 8 0.0176038276404
7 66 0 8 0.0175575446337
42 67 0 8 0.017553480342
19 39 0 8 0.0175135433674
25 74 0 8 0.0174813196063
5 48 0 8 0.0174514204264
23 41 0 8 0.0174171123654
1 66 0 8 0.0173899177462
34 59 0 8 0.0173892322928
22 69 0 8 0.0173749793321
30 67 0 8 0.0173659864813
45 74 0 8 0.0173614714295
8 48 0 8 0.0173561852425
46 60 0 8 0.0173285733908
52 62 0 8 0.0172798000276
30 51 0 8 0.0172536242753
42 60 0 8 0.017223097384
33 40 0 8 0.0172011815012
21 49 0 8 0.0171844288707
1 27 0 8 0.0171378720552
47 61 0 8 0.0171003695577
18 62 0 8 0.0170736145228
2 11 0 8 0.017061535269
12 25 0 8 0.0170604567975
3 75 0 8 0.0170404277742
18 44 0 8 0.0170343127102
8 38 0 8 0.0169999022037
3 11 0 8 0.0169692430645
44 74 0 8 0.0169470477849
14 28 0 8 0.0169193223119
5 63 0 8 0.0169183146209
1 52 0 8 0.0168947614729
23 43 0 8 0.0168431457132
60 63 0 8 0.0168274082243
31 56 0 8 0.016814885661
63 71 0 8 0.0167879536748
24 35 0 8 0.0167626515031
1 65 0 8 0.016743125394
15 62 0 8 0.0167369879782
3 58 0 8 0.0167162679136
13 47 0 8 0.016712334007
1 50 0 8 0.0167047902942
2 53 0 8 0.016687951982
5 37 0 8 0.0166589152068
31 39 0 8 0.0166249070317
17 25 0 8 0.0166247673333
16 38 0 8 0.0166118163615
46 61 0 8 0.016590019688
31 72 0 8 0.01657541655
8 36 0 8 0.0165596213192
12 65 0 8 0.0165585484356
16 31 0 8 0.0165202412754
12 47 0 8 0.0164664518088
4 72 0 8 0.0164612326771
26 54 0 8 0.0164571739733
21 67 0 8 0.016432562843
4 57 0 8 0.0164204742759
59 62 0 8 0.0164052024484
8 49 0 8 0.0163887050003
51 57 0 8 0.0163391008973
31 40 0 8 0.0163260325789
3 63 0 8 0.016277231276
4 27 0 8 0.0162659492344
16 33 0 8 0.0162449739873
1 8 0 8 0.0162355881184
11 75 0 8 0.0162017159164
2 74 0 8 0.0161703098565
36 73 0 8 0.0161665026098
2 7 0 8 0.016111979261
13 62 0 8 0.016099717468
41 65 0 8 0.0160983875394
38 65 0 8 0.0160740111023
2 32 0 8 0.0160166081041
14 62 0 8 0.0160147584975
4 47 0 8 0.0159981548786
18 25 0 8 0.015994168818
1 13 0 8 0.0159744564444
13 44 0 8 0.0159479156137
54 69 0 8 0.0159456562251
9 57 0 8 0.0159032735974
14 45 0 8 0.0158663894981
2 9 0 8 0.0158634185791
19 44 0 8 0.0158378388733
1 75 0 8 0.0158368945122
4 34 0 8 0.0158252958208
29 35 0 8 0.0158207081258
32 63 0 8 0.0157943498343
1 61 0 8 0.0157895181328
28 45 0 8 0.0157670658082
4 39 0 8 0.0157654602081
43 59 0 8 0.0157389268279
35 64 0 8 0.015720685944
1 40 0 8 0.01571681723
11 68 0 8 0.0156975407153
9 75 0 8 0.0156919118017
19 53 0 8 0.0156834665686
42 70 0 8 0.0156676415354
37 52 0 8 0.0156578198075
32 62 0 8 0.0156305767596
1 54 0 8 0.0156301874667
22 48 0 8 0.0156253762543
15 47 0 8 0.0156051758677
36 68 0 8 0.0155820818618
22 65 0 8 0.015579177998
8 11 0 8 0.0155687099323
27 51 0 8 0.0155626237392
7 69 0 8 0.0155597077683
2 56 0 8 0.0155378552154
34 68 0 8 0.0155299445614
42 62 0 8 0.015529025346
5 46 0 8 0.0155104687437
31 63 0 8 0.0154941305518
4 70 0 8 0.0154911046848
23 70 0 8 0.0154450433329
20 48 0 8 0.0154445506632
1 14 0 8 0.0154365198687
36 72 0 8 0.0154137071222
71 75 0 8 0.0153758563101
16 65 0 8 0.0153557779267
33 68 0 8 0.0153557565063
5 58 0 8 0.0153249073774
49 52 0 8 0.0152529040352
29 63 0 8 0.0152328200638
6 62 0 8 0.0152140054852
2 69 0 8 0.0151760587469
24 48 0 8 0.0151720326394
9 66 0 8 0.0151463542134
28 42 0 8 0.0151163106784
4 41 0 8 0.0151134850457
16 27 0 8 0.0150946956128
37 64 0 8 0.0150930145755
13 55 0 8 0.0150759909302
59 75 0 8 0.0150685086846
27 70 0 8 0.0150574026629
21 48 0 8 0.0150413513184
4 65 0 8 0.0150144519284
40 63 0 8 0.0149936480448
44 65 0 8 0.0149930994958
53 71 0 8 0.0149857141078
48 68 0 8 0.0149842286482
60 67 0 8 0.0148877426982
18 51 0 8 0.0148594956845
60 75 0 8 0.0148302130401
21 66 0 8 0.0148220090196
46 67 0 8 0.0147989932448
65 70 0 8 0.0147642511874
2 63 0 8 0.0147640220821
10 55 0 8 0.0147608872503
1 48 0 8 0.0147534832358
7 50 0 8 0.0147526022047
34 73 0 8 0.0147303920239
24 66 0 8 0.0147232590243
33 69 0 8 0.0147109720856
29 71 0 8 0.0147095350549
8 72 0 8 0.0146857108921
20 59 0 8 0.0146610578522
7 49 0 8 0.0146047277376
11 31 0 8 0.0145943751559
7 32 0 8 0.0145814688876
9 64 0 8 0.0145689211786
8 57 0 8 0.0145212970674
62 74 0 8 0.0145133025944
45 67 0 8 0.0145069053397
42 66 0 8 0.0144879259169
27 57 0 8 0.0144759071991
9 67 0 8 0.0144670465961
28 44 0 8 0.0144663872197
13 17 0 8 0.0144643541425
24 49 0 8 0.0144403856248
68 71 0 8 0.0144364908338
63 74 0 8 0.0144331054762
16 40 0 8 0.0144253680483
4 55 0 8 0.0144131304696
28 48 0 8 0.0144068123773
38 62 0 8 0.0143786119297
5 40 0 8 0.0143681010231
24 53 0 8 0.0143488273025
24 45 0 8 0.0143272224814
70 74 0 8 0.014305784367
7 60 0 8 0.014287459664
55 59 0 8 0.0142762288451
36 71 0 8 0.0142724048346
11 49 0 8 0.014265274629
8 54 0 8 0.014254162088
24 60 0 8 0.0142430644482
44 70 0 8 0.0142382318154
45 53 0 8 0.0142129957676
45 62 0 8 0.0142041398212
27 42 0 8 0.0141942212358
1 37 0 8 0.0141798760742
50 68 0 8 0.0141755770892
7 68 0 8 0.0141626559198
19 41 0 8 0.0141618438065
1 15 0 8 0.0141601795331
3 65 0 8 0.0141558935866
5 55 0 8 0.0141013236716
23 42 0 8 0.0140989376232
23 67 0 8 0.0140936495736
22 71 0 8 0.0140902446583
47 60 0 8 0.0140843102708
48 70 0 8 0.0140803912655
31 67 0 8 0.0140671441332
22 40 0 8 0.0140618551522
42 47 0 8 0.014043125324
4 48 0 8 0.0140411183238
11 55 0 8 0.0140293994918
22 53 0 8 0.0140258381143
48 67 0 8 0.0140247894451
12 22 0 8 0.0140240248293
44 72 0 8 0.013982645236
24 39 0 8 0.0139666600153
27 72 0 8 0.0139657398686
54 72 0 8 0.0139522664249
42 55 0 8 0.013948625885
2 36 0 8 0.0139436097816
4 43 0 8 0.0139406528324
58 70 0 8 0.0139393676072
10 75 0 8 0.0139277325943
3 73 0 8 0.0139173502102
6 30 0 8 0.0139146018773
34 69 0 8 0.0139089040458
20 36 0 8 0.0139034837484
49 69 0 8 0.0138977905735
1 49 0 8 0.0138905197382
2 8 0 8 0.0138567006215
38 41 0 8 0.0138501990587
59 63 0 8 0.0138431927189
28 65 0 8 0.0138385919854
7 51 0 8 0.0138243548572
29 54 0 8 0.0138235995546
17 28 0 8 0.0138009777293
18 40 0 8 0.0137983094901
50 74 0 8 0.0137913301587
52 73 0 8 0.0137662412599
24 70 0 8 0.0137124881148
24 54 0 8 0.0137083930895
29 67 0 8 0.0136928129941
10 64 0 8 0.0136882029474
10 35 0 8 0.0136722726747
9 32 0 8 0.0136700663716
56 59 0 8 0.0136452782899
32 70 0 8 0.0136419609189
17 61 0 8 0.0136350588873
20 67 0 8 0.0136243980378
2 66 0 8 0.0136046623811
51 73 0 8 0.0136019233614
22 62 0 8 0.0135946515948
17 51 0 8 0.0135860471055
10 58 0 8 0.013561415486
36 39 0 8 0.0135581633076
8 69 0 8 0.0135577674955
33 52 0 8 0.0135303158313
4 37 0 8 0.0135096218437
24 52 0 8 0.0135082677007
22 68 0 8 0.0135019654408
5 39 0 8 0.0134800085798
33 62 0 8 0.013474650681
1 16 0 8 0.0134586803615
42 73 0 8 0.0134445121512
18 43 0 8 0.0134285697713
7 70 0 8 0.0134279765189
27 63 0 8 0.0134264286608
25 71 0 8 0.0133750298992
18 26 0 8 0.0133640104905
15 33 0 8 0.0133631294593
10 47 0 8 0.0133572341874
24 42 0 8 0.013354732655
16 55 0 8 0.0133490674198
46 74 0 8 0.0133402906358
32 39 0 8 0.0133401267231
51 69 0 8 0.0133355334401
30 72 0 8 0.0133322775364
8 58 0 8 0.0133087076247
1 59 0 8 0.0132909482345
13 25 0 8 0.0132552571595
35 67 0 8 0.0132317347452
1 29 0 8 0.0132311489433
9 65 0 8 0.0132094575092
1 67 0 8 0.0131989205256
9 36 0 8 0.0131945861503
13 26 0 8 0.0131623093039
2 54 0 8 0.0131517592818
1 47 0 8 0.01312345732
3 69 0 8 0.0131166595966
25 47 0 8 0.0131074227393
21 45 0 8 0.0130882961676
34 60 0 8 0.0130835482851
26 35 0 8 0.0130739342421
7 52 0 8 0.0130737135187
42 75 0 8 0.0130702620372
36 67 0 8 0.0130586484447
27 48 0 8 0.0130378315225
19 43 0 8 0.0130357937887
61 73 0 8 0.0130251664668
10 13 0 8 0.0129970591515
19 28 0 8 0.0129845440388
8 55 0 8 0.0129757104442
10 57 0 8 0.0129638435319
10 65 0 8 0.0129344677553
23 28 0 8 0.0129255335778
6 65 0 8 0.0129238916561
35 71 0 8 0.0129050966352
25 69 0 8 0.0129011357203
32 57 0 8 0.012897499837
6 73 0 8 0.0128962546587
8 70 0 8 0.0128947440535
51 75 0 8 0.012864577584
5 42 0 8 0.012853029184
17 52 0 8 0.0128225842491
8 59 0 8 0.012818293646
33 63 0 8 0.0128110246733
2 73 0 8 0.0127979032695
46 71 0 8 0.0127823455259
51 64 0 8 0.0127787766978
50 69 0 8 0.012767791748
23 45 0 8 0.0127132479101
16 30 0 8 0.0127049377188
30 39 0 8 0.0126997055486
47 67 0 8 0.0126985218376
26 67 0 8 0.0126983597875
20 49 0 8 0.0126968957484
28 73 0 8 0.0126798357815
62 72 0 8 0.012672948651
43 56 0 8 0.01265854761
37 67 0 8 0.0126407230273
2 72 0 8 0.0126206520945
53 72 0 8 0.0126202488318
31 41 0 8 0.0126191312447
7 59 0 8 0.0126105844975
25 48 0 8 0.0125937871635
63 75 0 8 0.0125911124051
14 29 0 8 0.0125802867115
11 67 0 8 0.0125802569091
9 27 0 8 0.0125637538731
28 46 0 8 0.0125575736165
41 67 0 8 0.0125393811613
70 73 0 8 0.012534010224
4 53 0 8 0.0125231249258
23 51 0 8 0.012521032244
3 30 0 8 0.0124855833128
22 42 0 8 0.0124845663086
3 64 0 8 0.0124571658671
4 60 0 8 0.0124513823539
5 69 0 8 0.0124494358897
26 71 0 8 0.012440405786
7 44 0 8 0.0124120786786
32 40 0 8 0.0124033428729
35 72 0 8 0.0124004865065
55 60 0 8 0.0123773775995
24 67 0 8 0.0123529592529
17 64 0 8 0.0123481797054
30 73 0 8 0.0123179005459
63 72 0 8 0.0123062096536
11 46 0 8 0.0122873354703
26 55 0 8 0.0122761838138
21 37 0 8 0.012269009836
33 67 0 8 0.0122612118721
28 37 0 8 0.0122518362477
34 67 0 8 0.0122472215444
44 54 0 8 0.0122159896418
6 38 0 8 0.0122119402513
1 60 0 8 0.0122024063021
25 33 0 8 0.0122023206204
1 44 0 8 0.012198924087
41 49 0 8 0.0121959308162
52 55 0 8 0.012186720036
6 41 0 8 0.0121749015525
19 30 0 8 0.0121280224994
69 72 0 8 0.012094556354
29 68 0 8 0.0120761496946
11 30 0 8 0.0120590729639
39 66 0 8 0.0120587553829
20 37 0 8 0.0120487725362
4 67 0 8 0.0120194396004
22 75 0 8 0.0119999134913
2 65 0 8 0.0119988117367
44 67 0 8 0.0119918612763
20 43 0 8 0.0119832195342
27 45 0 8 0.0119712622836
3 32 0 8 0.0119360927492
67 72 0 8 0.0119019877166
1 68 0 8 0.0118922907859
37 63 0 8 0.0118882181123
7 11 0 8 0.0118637988344
38 42 0 8 0.0118620097637
27 67 0 8 0.0118582099676
13 63 0 8 0.0118227098137
5 59 0 8 0.0118189165369
23 63 0 8 0.0117895817384
4 35 0 8 0.0117786079645
51 63 0 8 0.0117713725194
1 64 0 8 0.0117403836921
16 28 0 8 0.0117368772626
20 38 0 8 0.011733896099
6 69 0 8 0.0117332050577
13 64 0 8 0.0117214228958
8 64 0 8 0.011699100025
4 75 0 8 0.0116901500151
9 42 0 8 0.011678465642
45 59 0 8 0.0116771170869
6 11 0 8 0.0116437105462
9 30 0 8 0.0116413244978
20 47 0 8 0.0116401007399
55 72 0 8 0.0116361193359
24 33 0 8 0.0116324778646
57 69 0 8 0.0116310250014
46 68 0 8 0.0116199245676
45 71 0 8 0.0115959020332
28 57 0 8 0.0115810083225
8 53 0 8 0.011578197591
52 72 0 8 0.0115645574406
17 40 0 8 0.0115541787818
32 41 0 8 0.0115532809868
1 62 0 8 0.0115355420858
66 72 0 8 0.0115018906072
3 51 0 8 0.0115005578846
1 57 0 8 0.0114995222539
43 57 0 8 0.0114934369922
17 70 0 8 0.0114741604775
7 65 0 8 0.0114691536874
9 58 0 8 0.0114442631602
26 52 0 8 0.011425784789
8 32 0 8 0.0113824503496
11 64 0 8 0.011377482675
8 60 0 8 0.0113643119112
12 19 0 8 0.0113625768572
30 41 0 8 0.0113351466134
37 41 0 8 0.0113256229088
8 30 0 8 0.0113216992468
3 68 0 8 0.0113199269399
5 31 0 8 0.0112881641835
1 41 0 8 0.0112233320251
5 56 0 8 0.011221151799
22 50 0 8 0.0112040499225
20 57 0 8 0.0111849112436
30 46 0 8 0.0111644305289
45 70 0 8 0.0111562479287
1 39 0 8 0.0111380983144
39 63 0 8 0.0111311776564
26 44 0 8 0.0111192073673
10 68 0 8 0.0111005473882
8 33 0 8 0.0110884830356
26 72 0 8 0.0110765881836
3 33 0 8 0.011059156619
22 44 0 8 0.0110586769879
11 32 0 8 0.0110277952626
35 53 0 8 0.0110234022141
24 72 0 8 0.0110197057948
60 64 0 8 0.010999799706
18 39 0 8 0.0109754512087
1 55 0 8 0.0109738511965
23 33 0 8 0.0109721757472
3 57 0 8 0.0109416050836
57 70 0 8 0.0109411654994
8 68 0 8 0.0109075885266
4 44 0 8 0.0109053561464
17 38 0 8 0.010902707465
32 72 0 8 0.0109015200287
1 56 0 8 0.0108834514394
20 39 0 8 0.0108672380447
26 36 0 8 0.0108607718721
19 74 0 8 0.0108064068481
9 43 0 8 0.0108030075207
65 72 0 8 0.0108016524464
5 11 0 8 0.0107964975759
2 75 0 8 0.010792883113
9 68 0 8 0.0107753230259
21 26 0 8 0.0107750995085
36 40 0 8 0.0107514355332
25 67 0 8 0.010737426579
5 62 0 8 0.0106563055888
49 75 0 8 0.0106352875009
14 63 0 8 0.010596903041
3 29 0 8 0.0105968080461
32 75 0 8 0.0105894515291
43 58 0 8 0.010549031198
26 41 0 8 0.0105448663235
3 43 0 8 0.0104933688417
12 29 0 8 0.0104767559096
5 35 0 8 0.0104668242857
6 56 0 8 0.0104645481333
1 45 0 8 0.0104219075292
7 58 0 8 0.0104085896164
8 50 0 8 0.0103802783415
22 72 0 8 0.0103565035388
10 34 0 8 0.010346875526
23 48 0 8 0.0103361885995
1 51 0 8 0.0103343641385
35 39 0 8 0.0103006167337
22 27 0 8 0.0102666104212
28 55 0 8 0.0102578438818
36 70 0 8 0.010251969099
48 52 0 8 0.0102264881134
32 56 0 8 0.0101856347173
32 73 0 8 0.0101848170161
19 37 0 8 0.0101674208418
19 29 0 8 0.0101332329214
40 67 0 8 0.0101312389597
24 29 0 8 0.010109952651
28 63 0 8 0.0101007176563
1 43 0 8 0.0100817643106
38 43 0 8 0.0100759891793
17 41 0 8 0.0100623006001
5 54 0 8 0.0100241554901
2 12 0 8 0.0100226690993
19 63 0 8 0.0100125493482
30 37 0 8 0.0100116366521
6 55 0 8 0.00995639432222
22 38 0 8 0.00995300989598
56 60 0 8 0.00994705874473
54 61 0 8 0.00989898853004
2 31 0 8 0.00989009905607
39 50 0 8 0.00988992210478
20 42 0 8 0.00987849384546
20 70 0 8 0.00986291933805
2 50 0 8 0.00985330808908
4 28 0 8 0.00981858465821
16 73 0 8 0.00981174875051
16 62 0 8 0.00980466324836
17 39 0 8 0.009799817577
65 74 0 8 0.00979728158563
54 70 0 8 0.00975991040468
47 74 0 8 0.00973973702639
2 47 0 8 0.00973779708147
45 75 0 8 0.00971055403352
3 35 0 8 0.00970563013107
16 39 0 8 0.00970090646297
25 54 0 8 0.00969978887588
36 52 0 8 0.00969393644482
43 61 0 8 0.00967162754387
24 62 0 8 0.00966751389205
64 71 0 8 0.00966486986727
21 69 0 8 0.00963523052633
3 47 0 8 0.00962169468403
16 63 0 8 0.00962099991739
34 58 0 8 0.00961874611676
34 55 0 8 0.00961050949991
30 48 0 8 0.00960145890713
18 42 0 8 0.0095985038206
16 75 0 8 0.0095904385671
7 67 0 8 0.00958609487861
23 58 0 8 0.00955560803413
2 35 0 8 0.00949770584702
25 45 0 8 0.00949432794005
41 45 0 8 0.0094700185582
6 58 0 8 0.0094671966508
32 51 0 8 0.00944566819817
24 50 0 8 0.0094272242859
41 75 0 8 0.00940681993961
8 52 0 8 0.00940112583339
17 74 0 8 0.00939761381596
9 35 0 8 0.00939054507762
24 36 0 8 0.00938894413412
13 75 0 8 0.0093635879457
24 58 0 8 0.00933671556413
2 37 0 8 0.00933494698256
3 62 0 8 0.00932532642037
28 72 0 8 0.0093232197687
5 32 0 8 0.0092895841226
31 58 0 8 0.00928790308535
4 56 0 8 0.00927772559226
55 71 0 8 0.0092243058607
19 33 0 8 0.00918985530734
13 21 0 8 0.00916291866452
8 56 0 8 0.0091594690457
26 43 0 8 0.00908349268138
52 56 0 8 0.00908260792494
20 40 0 8 0.009062750265
23 75 0 8 0.00905610248446
2 39 0 8 0.00905296672136
6 49 0 8 0.00904698390514
25 49 0 8 0.00902091059834
25 65 0 8 0.00901259761304
11 22 0 8 0.00900515168905
24 37 0 8 0.00899826083332
2 28 0 8 0.00899282842875
49 72 0 8 0.00899168103933
9 55 0 8 0.00893661100417
43 75 0 8 0.00893438700587
5 50 0 8 0.00892382860184
44 75 0 8 0.00891893357038
19 72 0 8 0.00889394432306
5 72 0 8 0.00889082159847
6 29 0 8 0.00887943804264
3 66 0 8 0.00885561760515
1 28 0 8 0.00882657337934
23 36 0 8 0.00882570445538
1 53 0 8 0.00882051326334
47 75 0 8 0.00880949757993
63 73 0 8 0.00880229286849
1 42 0 8 0.00878482870758
2 70 0 8 0.00876690540463
7 38 0 8 0.00873660854995
2 58 0 8 0.00872828345746
7 45 0 8 0.008699179627
50 73 0 8 0.008689657785
28 75 0 8 0.00867664255202
2 30 0 8 0.00864790100604
64 70 0 8 0.00864302553236
50 53 0 8 0.0086417272687
4 23 0 8 0.00860781315714
19 71 0 8 0.00858358666301
22 51 0 8 0.00857331417501
46 57 0 8 0.00857205316424
24 57 0 8 0.00856551527977
40 75 0 8 0.00853955373168
51 54 0 8 0.00853652134538
4 51 0 8 0.00852582138032
3 31 0 8 0.00849555525929
21 29 0 8 0.00848521105945
5 41 0 8 0.00845541525632
35 52 0 8 0.00842274539173
50 70 0 8 0.00841144658625
4 42 0 8 0.00840738695115
20 60 0 8 0.00840517599136
28 60 0 8 0.00840319041163
44 61 0 8 0.00839811284095
17 53 0 8 0.00839550513774
20 53 0 8 0.00837846007198
6 72 0 8 0.00835414696485
22 49 0 8 0.00835373997688
20 58 0 8 0.00834868196398
49 59 0 8 0.00833376031369
10 45 0 8 0.00829908624291
69 74 0 8 0.00829297862947
23 35 0 8 0.00828852877021
31 73 0 8 0.00828300788999
2 43 0 8 0.00827444158494
17 75 0 8 0.00825804751366
9 48 0 8 0.00824932847172
59 65 0 8 0.00823559146374
29 64 0 8 0.00823277980089
7 34 0 8 0.00821585394442
13 32 0 8 0.00821288581938
11 14 0 8 0.00819808151573
5 57 0 8 0.00819769315422
20 74 0 8 0.00819213222712
2 61 0 8 0.00819016806781
22 58 0 8 0.00819013267756
25 34 0 8 0.00817690417171
3 39 0 8 0.00815039128065
43 65 0 8 0.00813791062683
3 50 0 8 0.00811135116965
18 74 0 8 0.00809795409441
31 53 0 8 0.00809442345053
2 48 0 8 0.00808565691113
20 44 0 8 0.00807105656713
17 71 0 8 0.00806143134832
51 66 0 8 0.00805931538343
29 72 0 8 0.00805574841797
5 53 0 8 0.00803829636425
15 73 0 8 0.00803312659264
32 67 0 8 0.00800791010261
2 38 0 8 0.00800669379532
17 62 0 8 0.00799993239343
25 40 0 8 0.00799975078553
31 75 0 8 0.00796814728528
48 73 0 8 0.00796206574887
30 64 0 8 0.00795072969049
26 45 0 8 0.0079271486029
11 28 0 8 0.00791306979954
9 28 0 8 0.00787349883467
3 56 0 8 0.0078680999577
25 35 0 8 0.00786071829498
3 48 0 8 0.00785805191845
7 46 0 8 0.00784889049828
9 34 0 8 0.00783076044172
47 71 0 8 0.00781776383519
3 55 0 8 0.00781534519047
39 62 0 8 0.0078077763319
18 72 0 8 0.00777335744351
22 61 0 8 0.00774715282023
18 63 0 8 0.00774310017005
37 40 0 8 0.00773914437741
26 39 0 8 0.00772473029792
29 44 0 8 0.00771766109392
18 31 0 8 0.00770995626226
23 72 0 8 0.00768967764452
48 74 0 8 0.00767963798717
31 49 0 8 0.00767841376364
3 54 0 8 0.00767562026158
30 75 0 8 0.00766196893528
11 33 0 8 0.00765941338614
25 46 0 8 0.00764647452161
23 29 0 8 0.00763957761228
22 57 0 8 0.00763607211411
10 56 0 8 0.00763370934874
18 55 0 8 0.00761602958664
44 55 0 8 0.00761025119573
45 54 0 8 0.00761001324281
1 17 0 8 0.00760137522593
47 68 0 8 0.00755516719073
20 54 0 8 0.00754349166527
24 75 0 8 0.00754189584404
2 49 0 8 0.00754102179781
33 39 0 8 0.00753873819485
33 72 0 8 0.00751569774002
6 60 0 8 0.00751277478412
11 65 0 8 0.00748748099431
23 39 0 8 0.00744787557051
45 72 0 8 0.00744528882205
3 59 0 8 0.00742328679189
50 75 0 8 0.00742031866685
21 38 0 8 0.00741354702041
49 67 0 8 0.00740306312218
69 73 0 8 0.00736385630444
2 57 0 8 0.00731370272115
5 61 0 8 0.00731183728203
2 45 0 8 0.00729476939887
2 62 0 8 0.00728946784511
9 29 0 8 0.00725692836568
18 41 0 8 0.00724453758448
36 53 0 8 0.00724040297791
28 67 0 8 0.00722728762776
3 49 0 8 0.00720783928409
33 58 0 8 0.00719933444634
56 71 0 8 0.00719382194802
22 52 0 8 0.00717389956117
9 50 0 8 0.00716987950727
2 52 0 8 0.00714820483699
22 60 0 8 0.00714120361954
2 13 0 8 0.00712910667062
23 47 0 8 0.00712191080675
4 29 0 8 0.00711705721915
51 72 0 8 0.00711338175461
14 73 0 8 0.00711060734466
25 56 0 8 0.00709796370938
2 59 0 8 0.00708431983367
59 67 0 8 0.00707938754931
6 57 0 8 0.00707810046151
10 67 0 8 0.00706577859819
17 60 0 8 0.0070647620596
52 68 0 8 0.00704345991835
20 71 0 8 0.00703429803252
21 47 0 8 0.00703145423904
3 37 0 8 0.00701539870352
33 49 0 8 0.00700968736783
1 19 0 8 0.00700277369469
29 73 0 8 0.00699909776449
2 64 0 8 0.00698570813984
28 41 0 8 0.00695749698207
31 44 0 8 0.00694492971525
3 12 0 8 0.00692585203797
17 27 0 8 0.00689782202244
24 64 0 8 0.00689478497952
24 41 0 8 0.00688843708485
22 47 0 8 0.00688828714192
21 54 0 8 0.00688613811508
9 12 0 8 0.00688014365733
18 71 0 8 0.00685614021495
6 68 0 8 0.00685449084267
43 64 0 8 0.00685107056051
45 64 0 8 0.00683835102245
29 75 0 8 0.00681226933375
49 74 0 8 0.00680282292888
31 50 0 8 0.00678248517215
34 72 0 8 0.00678056431934
7 33 0 8 0.0067803687416
27 55 0 8 0.00677369255573
31 45 0 8 0.00677328836173
29 62 0 8 0.00674538267776
33 53 0 8 0.0067382492125
19 73 0 8 0.00672596367076
14 75 0 8 0.00670251064003
17 72 0 8 0.00669637974352
46 75 0 8 0.00668317684904
44 56 0 8 0.00664087338373
37 68 0 8 0.00660623330623
30 42 0 8 0.00660596694797
28 43 0 8 0.00659463088959
23 73 0 8 0.00658237468451
21 74 0 8 0.00654544774443
21 75 0 8 0.00654070870951
9 47 0 8 0.00652402918786
3 38 0 8 0.00651862565428
53 61 0 8 0.00651221210137
14 64 0 8 0.00648331968114
41 48 0 8 0.00647009816021
18 75 0 8 0.00644721649587
24 32 0 8 0.00642466219142
11 15 0 8 0.00640697451308
10 26 0 8 0.00638652313501
26 48 0 8 0.00636338675395
29 37 0 8 0.00636275066063
3 53 0 8 0.00636009220034
32 64 0 8 0.00634173955768
45 60 0 8 0.00633567897603
3 61 0 8 0.00633044540882
25 31 0 8 0.00631899153814
38 50 0 8 0.0063150646165
62 73 0 8 0.00629721116275
47 52 0 8 0.00629664165899
22 37 0 8 0.00628394400701
25 75 0 8 0.00627484545112
25 50 0 8 0.00627337954938
2 14 0 8 0.00627207150683
11 44 0 8 0.00627166125923
61 75 0 8 0.00626694457605
21 50 0 8 0.00626529287547
13 28 0 8 0.00625883974135
31 70 0 8 0.00625666929409
54 68 0 8 0.00625243643299
22 36 0 8 0.0062495842576
39 43 0 8 0.00624354882166
4 25 0 8 0.00624315533787
30 70 0 8 0.00623738626018
25 30 0 8 0.00620405515656
6 54 0 8 0.00620324676856
8 65 0 8 0.00618949020281
41 46 0 8 0.00618526479229
51 55 0 8 0.00618312554434
52 75 0 8 0.00617587193847
18 30 0 8 0.006162552163
27 49 0 8 0.00611509941518
1 26 0 8 0.00609192391858
3 34 0 8 0.00608951365575
40 48 0 8 0.00606456305832
47 72 0 8 0.00605702819303
34 71 0 8 0.00605520000681
4 64 0 8 0.00605496158823
45 73 0 8 0.00605346960947
1 18 0 8 0.00605022022501
52 63 0 8 0.00603588763624
2 34 0 8 0.00602276809514
15 75 0 8 0.00598113238811
21 71 0 8 0.00597118120641
22 54 0 8 0.0059424941428
22 41 0 8 0.00593884754926
31 42 0 8 0.00593780074269
16 29 0 8 0.00593737559393
11 27 0 8 0.00593066960573
21 58 0 8 0.0059293685481
2 44 0 8 0.00590818049386
33 64 0 8 0.00590540003031
12 16 0 8 0.00589833362028
38 64 0 8 0.00588673306629
37 65 0 8 0.0058633480221
25 60 0 8 0.0058621224016
20 52 0 8 0.00586011074483
23 53 0 8 0.00585726415738
44 58 0 8 0.00583444302902
11 48 0 8 0.00581274880096
2 15 0 8 0.00580095872283
2 29 0 8 0.00578715046868
26 58 0 8 0.0057768356055
5 68 0 8 0.00573349930346
20 41 0 8 0.00572623265907
6 59 0 8 0.00572137488052
49 71 0 8 0.00571992667392
62 75 0 8 0.00567115843296
1 24 0 8 0.00566909322515
40 62 0 8 0.00566492602229
27 73 0 8 0.00565314944834
64 74 0 8 0.00564116472378
2 41 0 8 0.00563955213875
39 68 0 8 0.00563903851435
8 67 0 8 0.00561944767833
68 72 0 8 0.00558622553945
25 72 0 8 0.00557242659852
40 49 0 8 0.00555052468553
6 51 0 8 0.00555021688342
5 65 0 8 0.00553647754714
24 63 0 8 0.00552943488583
31 48 0 8 0.00552234938368
31 51 0 8 0.00552074424922
12 64 0 8 0.0055195405148
25 53 0 8 0.00551864271984
23 37 0 8 0.00551814772189
21 53 0 8 0.00551683455706
31 46 0 8 0.00551256956533
5 49 0 8 0.00549940252677
29 39 0 8 0.00546285370365
25 44 0 8 0.00546095008031
2 60 0 8 0.00545615842566
2 51 0 8 0.00543063273653
21 62 0 8 0.00542594725266
26 37 0 8 0.00542118120939
29 52 0 8 0.00539418309927
31 43 0 8 0.00538625847548
2 40 0 8 0.00537986820564
23 55 0 8 0.00537948543206
5 38 0 8 0.00535736745223
21 65 0 8 0.0053570647724
18 27 0 8 0.00535385729745
28 68 0 8 0.00535043515265
49 53 0 8 0.00532945431769
21 40 0 8 0.00532186124474
64 72 0 8 0.00527752004564
58 61 0 8 0.0052763260901
13 20 0 8 0.00525672407821
1 23 0 8 0.00524921901524
32 53 0 8 0.00522787915543
48 71 0 8 0.0051719173789
22 73 0 8 0.00517069315538
56 70 0 8 0.00515895010903
24 73 0 8 0.0051381289959
26 73 0 8 0.00511625781655
48 75 0 8 0.00511519238353
5 64 0 8 0.00509370537475
2 55 0 8 0.00508204475045
3 52 0 8 0.00502685410902
3 13 0 8 0.00502007827163
17 30 0 8 0.00501845870167
25 37 0 8 0.00501077156514
24 68 0 8 0.00496095512062
3 60 0 8 0.00495907478034
30 43 0 8 0.0049501392059
2 42 0 8 0.00493883574381
53 66 0 8 0.00492526264861
26 75 0 8 0.00492458976805
22 70 0 8 0.00492149684578
41 64 0 8 0.00491157546639
21 36 0 8 0.00488378759474
25 43 0 8 0.00488332659006
54 66 0 8 0.00487306993455
20 75 0 8 0.00481868954375
17 73 0 8 0.00481307459995
33 51 0 8 0.00480290548876
8 35 0 8 0.00480149034411
25 41 0 8 0.00478093372658
47 69 0 8 0.00477065611631
21 41 0 8 0.00472160149366
39 64 0 8 0.00467288959771
5 52 0 8 0.00466066785157
5 30 0 8 0.0046550813131
12 75 0 8 0.00460353307426
22 59 0 8 0.00458231708035
20 72 0 8 0.00457528000697
13 33 0 8 0.00455557089299
55 70 0 8 0.00455520348623
8 46 0 8 0.00455195037648
26 50 0 8 0.00454558525234
34 39 0 8 0.00450025312603
13 29 0 8 0.00448514707386
3 41 0 8 0.00448419572785
64 73 0 8 0.00446729641408
8 34 0 8 0.00446666404605
19 75 0 8 0.00443727336824
50 58 0 8 0.00443465542048
25 58 0 8 0.00440878188238
25 61 0 8 0.00439957203344
21 72 0 8 0.00437967665493
1 22 0 8 0.00436894642189
25 70 0 8 0.00436785724014
8 47 0 8 0.0043499278836
10 23 0 8 0.00431835465133
1 20 0 8 0.00431655254215
25 39 0 8 0.00430918298662
10 24 0 8 0.00428550690413
1 25 0 8 0.00427798740566
40 46 0 8 0.00427632592618
3 28 0 8 0.00422755302861
3 42 0 8 0.00422209082171
18 73 0 8 0.00418601883575
20 26 0 8 0.0041789249517
12 21 0 8 0.00417210394517
21 63 0 8 0.00417079497129
3 14 0 8 0.00416436139494
33 48 0 8 0.00416413974017
19 36 0 8 0.00415189238265
6 70 0 8 0.00415117293596
34 70 0 8 0.00412620510906
25 73 0 8 0.00410168757662
3 40 0 8 0.00409819884226
8 51 0 8 0.00409589335322
17 36 0 8 0.00408391561359
25 57 0 8 0.00407612835988
39 42 0 8 0.00404063658789
9 45 0 8 0.00404011644423
38 49 0 8 0.00403873389587
57 61 0 8 0.00403027608991
11 25 0 8 0.00402173539624
34 45 0 8 0.00402073841542
27 53 0 8 0.00400251662359
44 64 0 8 0.00398395722732
2 27 0 8 0.00398222450167
20 63 0 8 0.00398136628792
70 75 0 8 0.00395775260404
45 57 0 8 0.0039505334571
67 74 0 8 0.00394272990525
8 44 0 8 0.00393027439713
19 32 0 8 0.00392909627408
30 50 0 8 0.00386691046879
5 34 0 8 0.00386165385135
28 58 0 8 0.00385656696744
25 59 0 8 0.0038504935801
17 37 0 8 0.00383327552117
29 46 0 8 0.00382382259704
25 51 0 8 0.00380693469197
25 63 0 8 0.00380358519033
28 64 0 8 0.00380323128775
50 72 0 8 0.00377638195641
45 55 0 8 0.00376118416898
34 52 0 8 0.00374872796237
29 48 0 8 0.00374743528664
46 72 0 8 0.00373772601597
10 29 0 8 0.00371063756756
47 73 0 8 0.00365037028678
21 35 0 8 0.00364115904085
65 73 0 8 0.00363763002679
21 64 0 8 0.00363535434008
8 22 0 8 0.00363431149162
41 62 0 8 0.00362593471073
45 58 0 8 0.00361096067354
26 63 0 8 0.00359770609066
28 53 0 8 0.00358125031926
21 42 0 8 0.00355538306758
5 27 0 8 0.00354801188223
20 55 0 8 0.0035479797516
58 68 0 8 0.00353919761255
18 29 0 8 0.00352668273263
64 75 0 8 0.00352499750443
26 64 0 8 0.00352436280809
17 34 0 8 0.00352259306237
22 55 0 8 0.00352238048799
21 56 0 8 0.00351535645314
32 50 0 8 0.00349212181754
30 53 0 8 0.00347817922011
22 56 0 8 0.00344791053794
12 20 0 8 0.00344730750658
17 63 0 8 0.00342413899489
21 39 0 8 0.00339796533808
21 51 0 8 0.00338677852415
21 60 0 8 0.0033723290544
8 45 0 8 0.00336445495486
55 69 0 8 0.00336349569261
33 70 0 8 0.00336319021881
21 44 0 8 0.00336140394211
25 32 0 8 0.00335405557416
4 26 0 8 0.00333682936616
9 13 0 8 0.0033083006274
3 44 0 8 0.00330463121645
17 29 0 8 0.00330074178055
20 27 0 8 0.00329001015052
3 26 0 8 0.00327962706797
45 56 0 8 0.00327402655967
20 28 0 8 0.00325370510109
13 18 0 8 0.00325315771624
25 68 0 8 0.00323173473589
9 33 0 8 0.003229287453
11 29 0 8 0.00322886090726
21 73 0 8 0.00322327320464
21 59 0 8 0.00322047993541
20 56 0 8 0.00321460911073
43 62 0 8 0.00320859020576
10 25 0 8 0.00320834899321
5 29 0 8 0.00319395540282
5 12 0 8 0.00318730832078
21 57 0 8 0.00318572088145
37 51 0 8 0.00318287848495
46 70 0 8 0.00317599927075
23 56 0 8 0.00317134242505
29 41 0 8 0.00316971796565
25 64 0 8 0.00315547292121
29 70 0 8 0.00314179179259
6 25 0 8 0.00314112589695
28 50 0 8 0.00311192101799
39 65 0 8 0.00310419290327
47 59 0 8 0.00309553276747
54 65 0 8 0.00308729591779
4 14 0 8 0.00308368471451
56 69 0 8 0.0030694664456
27 64 0 8 0.00305102579296
53 62 0 8 0.00303295650519
21 70 0 8 0.00302095105872
51 70 0 8 0.00301788933575
42 63 0 8 0.00299568870105
68 74 0 8 0.00298640038818
53 69 0 8 0.00296458578669
25 42 0 8 0.00295954570174
21 43 0 8 0.00295835430734
5 60 0 8 0.00293911714107
46 73 0 8 0.00292703392915
29 56 0 8 0.00291288457811
49 73 0 8 0.00290576508269
41 63 0 8 0.00289974920452
29 45 0 8 0.00288539240137
6 28 0 8 0.00288054393604
4 24 0 8 0.00287667219527
32 44 0 8 0.00286883721128
11 26 0 8 0.00285914703272
11 47 0 8 0.00284096109681
32 48 0 8 0.00283703161404
30 47 0 8 0.00282910931855
5 51 0 8 0.00282868044451
35 49 0 8 0.00282761803828
20 51 0 8 0.00282498402521
3 17 0 8 0.00281234271824
25 62 0 8 0.00281233596615
20 73 0 8 0.00280663836747
27 47 0 8 0.0027773885522
18 36 0 8 0.00276425108314
5 44 0 8 0.00273854983971
4 16 0 8 0.0027379586827
18 34 0 8 0.00273666344583
2 16 0 8 0.00271653919481
7 29 0 8 0.00271415803581
10 14 0 8 0.0027121102903
28 47 0 8 0.00271129794419
39 47 0 8 0.00265881419182
8 12 0 8 0.00264622597024
3 15 0 8 0.00264440430328
25 52 0 8 0.00263791414909
42 64 0 8 0.00263202819042
9 44 0 8 0.00255005224608
22 35 0 8 0.00254729948938
32 42 0 8 0.00254420470446
4 22 0 8 0.0025153523311
21 61 0 8 0.00251498981379
57 68 0 8 0.00249935477041
2 25 0 8 0.00249182200059
48 59 0 8 0.0024882722646
23 32 0 8 0.00247785891406
24 56 0 8 0.00247121695429
6 12 0 8 0.00247071636841
5 22 0 8 0.00244921678677
50 54 0 8 0.00244529475458
40 45 0 8 0.00244306703098
5 26 0 8 0.00243763928302
21 52 0 8 0.00241604284383
34 53 0 8 0.00241196178831
4 15 0 8 0.00240648491308
9 46 0 8 0.00239470228553
35 51 0 8 0.00239451555535
46 53 0 8 0.00238205818459
25 55 0 8 0.00237967050634
66 74 0 8 0.00237836572342
28 70 0 8 0.00237427023239
40 64 0 8 0.00237176311202
39 49 0 8 0.00234532705508
33 50 0 8 0.00233568926342
2 20 0 8 0.00233365222812
35 45 0 8 0.00231475499459
29 53 0 8 0.00228573731147
27 75 0 8 0.00227274466306
26 53 0 8 0.00226926547475
34 47 0 8 0.00224582152441
32 43 0 8 0.00221933145076
27 56 0 8 0.00220119464211
54 62 0 8 0.00220057484694
41 47 0 8 0.00217505008914
7 27 0 8 0.00216822838411
49 68 0 8 0.00215471861884
11 24 0 8 0.00214626896195
33 41 0 8 0.00213598040864
17 31 0 8 0.00210121809505
29 47 0 8 0.00206699920818
17 33 0 8 0.00206527649425
18 32 0 8 0.00205699936487
29 43 0 8 0.00205206335522
20 35 0 8 0.00204565096647
28 49 0 8 0.00204230495729
7 12 0 8 0.0020339989569
53 68 0 8 0.00202713161707
22 34 0 8 0.00202127406374
34 51 0 8 0.00201907334849
23 30 0 8 0.00198432453908
23 31 0 8 0.00196693674661
31 47 0 8 0.00196290155873
2 23 0 8 0.00196215929464
29 50 0 8 0.00195961259305
3 27 0 8 0.00195903982967
66 73 0 8 0.00195258040912
38 45 0 8 0.00194210151676
48 57 0 8 0.00193946459331
18 37 0 8 0.00191792170517
32 46 0 8 0.00189899315592
53 63 0 8 0.001881074626
55 61 0 8 0.00184559542686
6 22 0 8 0.00184065382928
48 72 0 8 0.00181209982838
2 26 0 8 0.00181137199979
46 54 0 8 0.00180320930667
5 13 0 8 0.00179861218203
7 28 0 8 0.00179486547131
20 29 0 8 0.00178940873593
18 28 0 8 0.00177288427949
21 28 0 8 0.00176288303919
12 18 0 8 0.00176042609382
2 17 0 8 0.0017264081398
55 68 0 8 0.00171399931423
58 65 0 8 0.00170474278275
46 55 0 8 0.00169652979821
34 46 0 8 0.00166658230592
51 67 0 8 0.00165967294015
53 65 0 8 0.00163754448295
33 43 0 8 0.00159215042368
35 50 0 8 0.00158955110237
21 55 0 8 0.00158452591859
24 31 0 8 0.00158267724328
8 23 0 8 0.00157723668963
19 31 0 8 0.00155619008001
20 31 0 8 0.00154199509416
2 24 0 8 0.00153210421558
58 62 0 8 0.00150260166265
5 28 0 8 0.00150138023309
22 30 0 8 0.00149272137787
33 47 0 8 0.00149259413593
54 67 0 8 0.00143752864096
1 21 0 8 0.00143581721932
48 53 0 8 0.00141035916749
33 42 0 8 0.00140801735688
3 22 0 8 0.00140712934081
9 22 0 8 0.0014003275428
46 59 0 8 0.00139821274206
58 66 0 8 0.00139636045787
7 21 0 8 0.00139437185135
8 29 0 8 0.00139294040855
8 28 0 8 0.00139075191692
32 47 0 8 0.00138829182833
51 68 0 8 0.00138263998087
24 30 0 8 0.00137948209886
18 33 0 8 0.00137624482159
12 17 0 8 0.00137421872932
8 26 0 8 0.00136546290014
67 73 0 8 0.00133464485407
10 22 0 8 0.00131320464425
50 55 0 8 0.00130781391636
5 25 0 8 0.00130400410853
55 65 0 8 0.00130253878888
36 51 0 8 0.00127631530631
3 16 0 8 0.00127099954989
21 33 0 8 0.00126858067233
48 54 0 8 0.00126106094103
53 67 0 8 0.0012583109783
54 63 0 8 0.00124910485465
7 22 0 8 0.00121812592261
33 44 0 8 0.00121130933985
52 67 0 8 0.00121122400742
67 75 0 8 0.00120415736455
11 19 0 8 0.00120340113062
8 27 0 8 0.00118488585576
10 15 0 8 0.00118155661039
55 66 0 8 0.00117890385445
53 64 0 8 0.00117776473053
35 40 0 8 0.00117351708468
33 46 0 8 0.00116960436571
6 13 0 8 0.00116319465451
6 27 0 8 0.00115823361557
68 73 0 8 0.0011463756673
51 56 0 8 0.00114567531273
65 75 0 8 0.00114491663408
6 24 0 8 0.00114433770068
36 50 0 8 0.0011298302561
57 62 0 8 0.00109861907549
7 26 0 8 0.00109517714009
7 25 0 8 0.00108877324965
34 44 0 8 0.00108553736936
35 46 0 8 0.0010833281558
2 18 0 8 0.00103398202918
33 45 0 8 0.00103087734897
22 29 0 8 0.00101999635808
34 40 0 8 0.00101136264857
66 75 0 8 0.00100265571382
49 54 0 8 0.000987004605122
57 67 0 8 0.000986758735962
9 26 0 8 0.000985557911918
56 68 0 8 0.000984331942163
40 47 0 8 0.000969753833488
6 26 0 8 0.000968688225839
21 27 0 8 0.000962953141425
22 33 0 8 0.000961649813689
47 53 0 8 0.000952021218836
5 14 0 8 0.000949346460402
11 21 0 8 0.000939733465202
3 25 0 8 0.000937903765589
37 49 0 8 0.000915371289011
9 23 0 8 0.000911924464162
4 19 0 8 0.000908446847461
37 47 0 8 0.000902266940102
57 63 0 8 0.000895109318662
20 34 0 8 0.000878003134858
7 23 0 8 0.000875393452588
69 75 0 8 0.000875003985129
58 67 0 8 0.00087453390006
6 21 0 8 0.000873854209203
38 44 0 8 0.000871976546478
9 25 0 8 0.000860539788846
34 48 0 8 0.000838215753902
2 22 0 8 0.000836843100842
38 48 0 8 0.000833059195429
49 58 0 8 0.000831199460663
35 41 0 8 0.000829684082419
3 21 0 8 0.000820489774924
20 32 0 8 0.000819338136353
3 19 0 8 0.000817168212961
20 30 0 8 0.000813996244688
5 23 0 8 0.000813431688584
56 61 0 8 0.000813273654785
39 44 0 8 0.000813101651147
37 50 0 8 0.000809893652331
32 45 0 8 0.000803338480182
47 54 0 8 0.000803013157565
58 63 0 8 0.000800308189355
3 18 0 8 0.000797438959125
10 21 0 8 0.000795474799816
7 13 0 8 0.000771226361394
2 19 0 8 0.000762753130402
36 48 0 8 0.000748900230974
35 43 0 8 0.000737042108085
37 43 0 8 0.000722642813344
34 50 0 8 0.000719775387552
46 56 0 8 0.000719024043065
22 28 0 8 0.000717619317584
4 18 0 8 0.000697336916346
2 21 0 8 0.00069013092434
68 75 0 8 0.000685253588017
55 67 0 8 0.000685040373355
8 24 0 8 0.000680604891386
57 65 0 8 0.000675866380334
35 48 0 8 0.00067371618934
6 19 0 8 0.000658376724459
22 31 0 8 0.000655540730804
36 49 0 8 0.000645719701424
5 20 0 8 0.000629650603514
21 32 0 8 0.000629643094726
21 34 0 8 0.000625458778813
5 24 0 8 0.000615664001089
56 67 0 8 0.000612174393609
20 33 0 8 0.00060995540116
3 23 0 8 0.000605626497418
3 20 0 8 0.000583181797992
11 20 0 8 0.000581750529818
50 57 0 8 0.000581399363
8 25 0 8 0.000575224345084
22 32 0 8 0.000572204240598
21 30 0 8 0.000571133336052
36 41 0 8 0.000567374343518
11 16 0 8 0.000560451648198
56 66 0 8 0.000559388543479
34 49 0 8 0.000558475148864
8 13 0 8 0.000557343533728
35 47 0 8 0.000540647655725
52 64 0 8 0.00053531571757
5 16 0 8 0.000533422280569
36 46 0 8 0.000525716866832
10 19 0 8 0.000525623385329
36 44 0 8 0.000510055862833
7 20 0 8 0.000506466953084
4 21 0 8 0.000500186404679
57 66 0 8 0.000496535212733
34 43 0 8 0.000495944230352
38 46 0 8 0.000491351005621
4 17 0 8 0.000488241174025
39 48 0 8 0.000485106109409
48 55 0 8 0.000470384780783
6 18 0 8 0.000470079976367
39 46 0 8 0.000467151432531
9 19 0 8 0.000465186691144
21 31 0 8 0.000464996497612
37 48 0 8 0.000463266158476
4 20 0 8 0.000456797686638
6 17 0 8 0.000453528831713
5 21 0 8 0.000448248087196
5 18 0 8 0.000446263235062
9 14 0 8 0.000443492113845
34 41 0 8 0.000442767661298
7 19 0 8 0.000439853174612
47 57 0 8 0.000437060196418
46 58 0 8 0.000435178983025
54 64 0 8 0.000432037806604
55 62 0 8 0.000430938525824
6 16 0 8 0.000427487946581
47 55 0 8 0.000425068516051
37 45 0 8 0.000423602585215
6 23 0 8 0.000421284028562
9 24 0 8 0.000415234419052
58 64 0 8 0.000412069552112
9 18 0 8 0.00040532584535
3 24 0 8 0.00040390813956
5 19 0 8 0.000401869125199
48 58 0 8 0.000382724392693
11 18 0 8 0.000373051414499
56 63 0 8 0.000369359273463
7 24 0 8 0.000364748237189
47 56 0 8 0.000351981783751
37 46 0 8 0.000351544818841
7 14 0 8 0.000335642631399
56 62 0 8 0.000323604268488
7 15 0 8 0.000321347091813
10 20 0 8 0.000317080150126
49 55 0 8 0.000316591118462
35 42 0 8 0.000313441298204
5 15 0 8 0.000309141323669
8 19 0 8 0.000307003152557
9 20 0 8 0.000296529906336
37 42 0 8 0.000294172758004
50 56 0 8 0.000294041237794
34 42 0 8 0.000292462151265
11 17 0 8 0.000291340082185
36 42 0 8 0.000289007060928
6 20 0 8 0.000285065616481
35 44 0 8 0.000284781475784
7 18 0 8 0.000276700826362
56 65 0 8 0.000275871308986
38 47 0 8 0.000274830934359
39 45 0 8 0.000272907607723
7 17 0 8 0.000265360577032
5 17 0 8 0.000264129543211
10 18 0 8 0.000260668894043
59 64 0 8 0.000259460357483
9 16 0 8 0.00025724619627
10 16 0 8 0.000257046864135
8 21 0 8 0.000249047472607
6 15 0 8 0.000246491457801
37 44 0 8 0.000235962521401
47 58 0 8 0.00023528742895
55 63 0 8 0.000233415426919
8 18 0 8 0.000233221449889
6 14 0 8 0.000230755205848
49 57 0 8 0.000227599957725
8 14 0 8 0.000223230264965
36 43 0 8 0.000222517104703
55 64 0 8 0.000216566753807
8 15 0 8 0.000205916687264
56 64 0 8 0.000196304274141
8 16 0 8 0.000183902011486
36 47 0 8 0.00018197594909
9 15 0 8 0.000164262484759
9 21 0 8 0.000157253816724
36 45 0 8 0.000152371023432
57 64 0 8 0.000140103278682
9 17 0 8 0.000130975589855
10 17 0 8 0.000129476291477
8 20 0 8 0.000128744009999
48 56 0 8 0.000125239064801
7 16 0 8 0.000117551411677
8 17 0 8 0.000106445208075
49 56 0 8 9.71791450866e-05
