65 66 0 8 0.999999761581
48 49 0 8 0.999999642372
15 16 0 8 0.999999523163
8 9 0 8 0.999999463558
20 21 0 8 0.999998867512
18 19 0 8 0.999998569489
47 48 0 8 0.999998152256
46 47 0 8 0.999997913837
7 8 0 8 0.999997794628
72 73 0 8 0.999997794628
11 12 0 8 0.999997794628
67 68 0 8 0.999997258186
68 69 0 8 0.999997138977
16 17 0 8 0.999997138977
66 67 0 8 0.999996840954
63 64 0 8 0.999996602535
74 75 0 8 0.999996602535
71 72 0 8 0.999996423721
17 18 0 8 0.999996423721
58 59 0 8 0.999996125698
14 15 0 8 0.999996006489
28 29 0 8 0.99999588728
70 71 0 8 0.99999588728
6 7 0 8 0.999995708466
1 2 0 8 0.999994933605
56 57 0 8 0.999994874001
73 74 0 8 0.999994456768
9 10 0 8 0.999994277954
64 65 0 8 0.999993920326
51 52 0 8 0.999993622303
59 60 0 8 0.999993145466
4 5 0 8 0.999993145466
50 51 0 8 0.999992609024
57 58 0 8 0.999992311001
19 20 0 8 0.999992072582
42 43 0 8 0.999988913536
69 70 0 8 0.999988257885
10 11 0 8 0.99998819828
12 13 0 8 0.999987900257
60 61 0 8 0.999987363815
40 41 0 8 0.999985933304
54 55 0 8 0.999985337257
53 54 0 8 0.999985277653
49 50 0 8 0.999984025955
80 81 0 8 0.999984025955
2 3 0 8 0.999982893467
25 26 0 8 0.99998241663
44 45 0 8 0.999981582165
62 63 0 8 0.999981284142
43 44 0 8 0.999980866909
41 42 0 8 0.999977827072
13 14 0 8 0.999977767467
33 34 0 8 0.999976873398
75 76 0 8 0.999975800514
55 56 0 8 0.99997574091
23 24 0 8 0.999973058701
21 22 0 8 0.999972105026
26 27 0 8 0.999968409538
61 62 0 8 0.999965846539
52 53 0 8 0.999963104725
22 23 0 8 0.999957442284
79 80 0 8 0.999956429005
31 32 0 8 0.999955713749
3 4 0 8 0.999952077866
34 35 0 8 0.999949514866
24 25 0 8 0.999949276447
76 77 0 8 0.999948680401
30 31 0 8 0.99994379282
78 79 0 8 0.999939799309
77 78 0 8 0.999935030937
29 30 0 8 0.999928355217
45 46 0 8 0.999925553799
38 39 0 8 0.999922633171
5 6 0 8 0.999907553196
32 33 0 8 0.99990683794
36 37 0 8 0.999905467033
37 38 0 8 0.999905228615
27 28 0 8 0.999887168407
39 40 0 8 0.999659359455
35 36 0 8 0.999569952488
66 68 0 8 0.998051285744
46 49 0 8 0.995602488518
50 52 0 8 0.994362235069
7 9 0 8 0.99372023344
8 10 0 8 0.993479609489
53 56 0 8 0.992999792099
57 59 0 8 0.992895841599
22 24 0 8 0.991866111755
53 55 0 8 0.990789651871
50 53 0 8 0.990375936031
69 71 0 8 0.990333259106
68 70 0 8 0.990305662155
49 51 0 8 0.990129470825
67 70 0 8 0.989902973175
51 53 0 8 0.989741146564
20 22 0 8 0.989440798759
11 13 0 8 0.989247977734
24 26 0 8 0.989117443562
18 20 0 8 0.988900005817
21 23 0 8 0.988859415054
47 50 0 8 0.98834836483
56 58 0 8 0.988292038441
55 57 0 8 0.988076865673
70 72 0 8 0.987986505032
23 25 0 8 0.987981438637
54 56 0 8 0.987354755402
67 69 0 8 0.986756563187
12 14 0 8 0.985753536224
9 11 0 8 0.985044121742
68 71 0 8 0.984693408012
52 54 0 8 0.984595179558
47 49 0 8 0.984464406967
66 69 0 8 0.984360635281
25 27 0 8 0.983672142029
48 50 0 8 0.983031272888
46 48 0 8 0.982597768307
71 73 0 8 0.982232034206
56 59 0 8 0.981684267521
70 73 0 8 0.981621205807
58 60 0 8 0.981076300144
8 11 0 8 0.98045617342
51 54 0 8 0.980312287807
10 12 0 8 0.978712499142
9 12 0 8 0.977191865444
71 74 0 8 0.977093756199
23 26 0 8 0.97698456049
7 10 0 8 0.976454377174
49 52 0 8 0.976039886475
55 58 0 8 0.975045979023
54 57 0 8 0.974660694599
15 17 0 8 0.974559605122
11 14 0 8 0.974288523197
52 55 0 8 0.974114179611
21 24 0 8 0.973289132118
12 15 0 8 0.973188698292
59 61 0 8 0.972490549088
18 21 0 8 0.972247362137
19 21 0 8 0.972070753574
22 25 0 8 0.968671500683
72 74 0 8 0.965567111969
20 23 0 8 0.965248703957
56 71 0 8 0.964757978916
50 54 0 8 0.964406192303
60 62 0 8 0.964400351048
24 28 0 8 0.964035987854
67 71 0 8 0.963673710823
57 60 0 8 0.963402330875
52 56 0 8 0.962479352951
53 57 0 8 0.96027225256
17 21 0 8 0.959446847439
8 22 0 8 0.958021521568
9 13 0 8 0.957538425922
10 13 0 8 0.957340240479
56 74 0 8 0.956614017487
70 74 0 8 0.956369042397
24 27 0 8 0.955624401569
69 72 0 8 0.955297648907
46 50 0 8 0.95431292057
30 32 0 8 0.952278971672
48 51 0 8 0.952210009098
8 12 0 8 0.951528728008
26 28 0 8 0.948646306992
22 26 0 8 0.947017788887
23 27 0 8 0.946806192398
29 31 0 8 0.944608032703
59 62 0 8 0.942943453789
25 28 0 8 0.941703498363
19 22 0 8 0.940720140934
17 22 0 8 0.939940810204
63 65 0 8 0.938476681709
54 58 0 8 0.938075602055
55 59 0 8 0.9370418787
72 75 0 8 0.937021911144
68 72 0 8 0.936868488789
66 70 0 8 0.935224056244
51 55 0 8 0.933692038059
73 75 0 8 0.93162047863
11 15 0 8 0.93039649725
32 34 0 8 0.929542064667
56 60 0 8 0.929128706455
60 63 0 8 0.928883492947
56 70 0 8 0.928573489189
39 41 0 8 0.925427436829
20 24 0 8 0.925281584263
55 74 0 8 0.92398750782
10 14 0 8 0.923865199089
57 61 0 8 0.92327028513
40 42 0 8 0.923035919666
42 44 0 8 0.921703994274
13 15 0 8 0.920832335949
26 29 0 8 0.918478310108
43 45 0 8 0.913669645786
14 16 0 8 0.912501454353
58 62 0 8 0.911915361881
47 51 0 8 0.910792768002
49 53 0 8 0.909478068352
19 23 0 8 0.908883094788
60 65 0 8 0.908538460732
61 63 0 8 0.908071935177
12 17 0 8 0.907775938511
21 25 0 8 0.905904054642
27 29 0 8 0.901173591614
6 11 0 8 0.901098132133
58 61 0 8 0.899429321289
59 73 0 8 0.896999061108
74 76 0 8 0.895544111729
2 4 0 8 0.894184112549
37 39 0 8 0.894160985947
7 11 0 8 0.893979132175
45 49 0 8 0.892797768116
6 10 0 8 0.892442584038
62 64 0 8 0.890394210815
25 29 0 8 0.884784936905
48 52 0 8 0.884321212769
61 64 0 8 0.884045124054
71 75 0 8 0.878974556923
8 23 0 8 0.875057697296
13 16 0 8 0.871270298958
60 70 0 8 0.870974063873
65 70 0 8 0.870636284351
45 50 0 8 0.869563221931
79 81 0 8 0.867634654045
28 30 0 8 0.865712344646
60 64 0 8 0.864308297634
60 67 0 8 0.8618080616
69 73 0 8 0.857093393803
18 22 0 8 0.85613399744
75 77 0 8 0.856034994125
59 63 0 8 0.855093896389
4 6 0 8 0.847482383251
65 69 0 8 0.845250189304
36 43 0 8 0.837821125984
52 74 0 8 0.835398256779
15 53 0 8 0.834652900696
25 56 0 8 0.833198606968
34 36 0 8 0.82862329483
11 53 0 8 0.827278614044
22 53 0 8 0.825689911842
38 40 0 8 0.824687123299
25 67 0 8 0.824465036392
73 76 0 8 0.820501387119
26 43 0 8 0.818584740162
1 3 0 8 0.815855383873
12 22 0 8 0.811275362968
11 50 0 8 0.801111280918
11 49 0 8 0.799543619156
77 79 0 8 0.798086583614
41 43 0 8 0.797667741776
6 44 0 8 0.794571459293
35 37 0 8 0.792453527451
64 66 0 8 0.787756860256
7 44 0 8 0.777985215187
33 35 0 8 0.777774870396
15 50 0 8 0.770212292671
3 5 0 8 0.770034849644
26 45 0 8 0.769601941109
12 16 0 8 0.767413437366
37 40 0 8 0.766207039356
26 32 0 8 0.762855291367
78 80 0 8 0.760581016541
36 38 0 8 0.748130857944
37 44 0 8 0.747853219509
31 56 0 8 0.746743559837
12 19 0 8 0.746571958065
65 67 0 8 0.738617002964
59 65 0 8 0.728724300861
31 33 0 8 0.728027880192
17 53 0 8 0.726283311844
37 42 0 8 0.720733821392
14 50 0 8 0.716503500938
37 41 0 8 0.716161251068
76 78 0 8 0.709727048874
24 67 0 8 0.701336026192
25 31 0 8 0.694851577282
60 66 0 8 0.686921238899
34 45 0 8 0.680400848389
27 30 0 8 0.678790926933
5 44 0 8 0.674877464771
74 77 0 8 0.672299385071
12 18 0 8 0.667874336243
6 8 0 8 0.66577732563
34 43 0 8 0.664207518101
72 76 0 8 0.662736833096
15 57 0 8 0.66213452816
56 67 0 8 0.66117221117
29 71 0 8 0.659387469292
5 7 0 8 0.65769213438
14 54 0 8 0.65002477169
26 33 0 8 0.649191200733
7 42 0 8 0.649165451527
8 43 0 8 0.646211802959
16 18 0 8 0.644727110863
6 53 0 8 0.644608557224
35 49 0 8 0.644244790077
11 22 0 8 0.641891300678
17 57 0 8 0.640807747841
8 26 0 8 0.633181154728
28 67 0 8 0.63191062212
59 70 0 8 0.629613757133
6 50 0 8 0.62582474947
55 73 0 8 0.623715817928
22 45 0 8 0.62070775032
21 67 0 8 0.612204015255
28 71 0 8 0.610384762287
29 67 0 8 0.609149932861
15 54 0 8 0.600460231304
34 49 0 8 0.597545742989
6 47 0 8 0.596684753895
11 17 0 8 0.595458626747
32 56 0 8 0.594296574593
36 41 0 8 0.588880002499
35 44 0 8 0.586050927639
61 65 0 8 0.585115492344
26 36 0 8 0.584196925163
32 49 0 8 0.580630302429
26 31 0 8 0.579851686954
29 68 0 8 0.578541398048
36 42 0 8 0.577915489674
26 30 0 8 0.565979778767
45 53 0 8 0.564705491066
21 60 0 8 0.561498701572
59 74 0 8 0.560277462006
25 60 0 8 0.558417618275
35 46 0 8 0.556465506554
15 22 0 8 0.554570198059
44 46 0 8 0.553594529629
17 19 0 8 0.552376389503
29 32 0 8 0.544193923473
22 43 0 8 0.539781689644
31 45 0 8 0.531039237976
73 77 0 8 0.528821587563
6 14 0 8 0.521115064621
17 25 0 8 0.520678043365
65 73 0 8 0.498915016651
28 68 0 8 0.477925240993
55 70 0 8 0.476539134979
8 45 0 8 0.467652618885
5 46 0 8 0.464083075523
9 43 0 8 0.444306105375
31 52 0 8 0.441687524319
36 44 0 8 0.440579652786
36 40 0 8 0.437692046165
5 35 0 8 0.416185319424
25 53 0 8 0.414928734303
11 45 0 8 0.408097326756
8 19 0 8 0.40176525712
9 19 0 8 0.400266826153
6 46 0 8 0.389088600874
37 43 0 8 0.386235594749
8 34 0 8 0.38502061367
31 71 0 8 0.384090989828
32 53 0 8 0.372419446707
45 47 0 8 0.356609284878
26 34 0 8 0.350995391607
34 44 0 8 0.349421530962
33 49 0 8 0.343900233507
12 21 0 8 0.334988474846
74 78 0 8 0.334233343601
11 56 0 8 0.326165258884
61 67 0 8 0.32313105464
63 70 0 8 0.322819143534
13 17 0 8 0.320656687021
17 60 0 8 0.298519343138
36 39 0 8 0.297403872013
34 42 0 8 0.297155231237
17 70 0 8 0.294917196035
24 29 0 8 0.289170324802
30 33 0 8 0.28798058629
15 49 0 8 0.287248253822
32 45 0 8 0.282168030739
24 43 0 8 0.281993746758
24 56 0 8 0.27808842063
44 49 0 8 0.273609608412
38 41 0 8 0.272425472736
57 62 0 8 0.272281944752
31 70 0 8 0.266995757818
9 42 0 8 0.262761324644
14 17 0 8 0.260052740574
17 67 0 8 0.258355677128
60 69 0 8 0.256939709187
14 47 0 8 0.255995571613
6 45 0 8 0.254610091448
11 43 0 8 0.254056453705
35 43 0 8 0.252808123827
7 34 0 8 0.24492366612
25 45 0 8 0.239312127233
11 32 0 8 0.228175595403
29 56 0 8 0.227206796408
31 34 0 8 0.227192983031
32 52 0 8 0.226336374879
78 81 0 8 0.223906084895
27 31 0 8 0.220706105232
8 24 0 8 0.218853801489
75 78 0 8 0.216913208365
25 63 0 8 0.216703891754
43 49 0 8 0.215712055564
15 67 0 8 0.205311030149
5 39 0 8 0.200049862266
1 4 0 8 0.197098091245
34 46 0 8 0.194359242916
8 56 0 8 0.192778348923
77 80 0 8 0.190582379699
20 27 0 8 0.190475597978
2 5 0 8 0.190373227
61 66 0 8 0.186293318868
63 73 0 8 0.182313174009
31 43 0 8 0.179841846228
20 42 0 8 0.176496848464
8 36 0 8 0.17478813231
38 42 0 8 0.174650609493
57 67 0 8 0.173973858356
35 42 0 8 0.173972144723
6 49 0 8 0.17391808331
52 75 0 8 0.170960411429
33 52 0 8 0.170958906412
25 71 0 8 0.170852914453
8 32 0 8 0.169643074274
22 59 0 8 0.16939611733
57 70 0 8 0.168456196785
17 56 0 8 0.167217105627
33 45 0 8 0.162581503391
25 30 0 8 0.162132114172
33 43 0 8 0.162108510733
24 60 0 8 0.16121712327
28 60 0 8 0.16050696373
14 53 0 8 0.157189413905
25 64 0 8 0.15474627912
31 42 0 8 0.151770487428
63 69 0 8 0.151445746422
5 45 0 8 0.151050105691
23 43 0 8 0.149864479899
39 42 0 8 0.14797924459
4 47 0 8 0.147835373878
10 50 0 8 0.146188303828
12 67 0 8 0.143993407488
8 53 0 8 0.141419798136
29 60 0 8 0.139082178473
35 41 0 8 0.138684943318
8 42 0 8 0.134873896837
77 81 0 8 0.134648501873
25 66 0 8 0.134637743235
15 56 0 8 0.134573042393
15 21 0 8 0.132399767637
4 43 0 8 0.132330596447
25 57 0 8 0.132265403867
74 79 0 8 0.130005344748
7 43 0 8 0.129279389977
20 59 0 8 0.126813456416
45 56 0 8 0.125780493021
18 67 0 8 0.12482970953
31 53 0 8 0.124454647303
55 77 0 8 0.120993353426
25 65 0 8 0.120660968125
34 52 0 8 0.120587602258
34 41 0 8 0.118956997991
1 5 0 8 0.118242487311
59 64 0 8 0.117779575288
8 65 0 8 0.117241948843
31 67 0 8 0.116912290454
17 61 0 8 0.11690826714
35 45 0 8 0.115899316967
62 65 0 8 0.115845300257
35 38 0 8 0.115423433483
43 50 0 8 0.114876002073
52 73 0 8 0.114817030728
29 75 0 8 0.114143237472
27 34 0 8 0.112536087632
23 36 0 8 0.112457431853
22 50 0 8 0.111311987042
75 79 0 8 0.111026413739
30 45 0 8 0.109718605876
29 74 0 8 0.106646291912
15 61 0 8 0.106638409197
40 43 0 8 0.106031671166
59 69 0 8 0.105717629194
31 49 0 8 0.104521609843
20 65 0 8 0.104378409684
22 67 0 8 0.102796927094
5 10 0 8 0.102661155164
7 35 0 8 0.102651670575
28 31 0 8 0.102425590158
54 74 0 8 0.102245651186
5 37 0 8 0.102192014456
6 56 0 8 0.101504527032
54 77 0 8 0.099976606667
6 57 0 8 0.0987648889422
2 6 0 8 0.0984592288733
3 43 0 8 0.0974871665239
4 45 0 8 0.0969298258424
58 63 0 8 0.0961359739304
22 49 0 8 0.0960675701499
9 34 0 8 0.0956966802478
16 57 0 8 0.0950209647417
22 34 0 8 0.0949522852898
30 34 0 8 0.0949299708009
5 34 0 8 0.0947612375021
17 20 0 8 0.0946287065744
11 67 0 8 0.0939967185259
76 79 0 8 0.0937238037586
47 78 0 8 0.0929120033979
8 67 0 8 0.0926482453942
15 60 0 8 0.09138315171
35 39 0 8 0.0913626402617
34 37 0 8 0.0912561714649
3 6 0 8 0.0907366499305
34 74 0 8 0.0886034220457
8 25 0 8 0.0883271619678
4 46 0 8 0.0869991332293
14 67 0 8 0.0853929072618
33 48 0 8 0.0849890112877
45 67 0 8 0.0849830433726
5 47 0 8 0.0849733874202
15 25 0 8 0.0829411819577
8 31 0 8 0.082923270762
17 65 0 8 0.0829065516591
21 53 0 8 0.0828520208597
74 80 0 8 0.0818928256631
23 42 0 8 0.0809789597988
11 57 0 8 0.0808001309633
33 37 0 8 0.0806192234159
15 20 0 8 0.0801572725177
32 35 0 8 0.0798943340778
63 66 0 8 0.0790479928255
29 34 0 8 0.0786235332489
64 67 0 8 0.0778596326709
4 7 0 8 0.0775423869491
76 80 0 8 0.0768857225776
32 44 0 8 0.0756676644087
45 52 0 8 0.0748311579227
59 67 0 8 0.0743236020207
27 32 0 8 0.0739800333977
32 43 0 8 0.0725018680096
8 35 0 8 0.0724843814969
5 33 0 8 0.0724784806371
6 67 0 8 0.0720167681575
41 44 0 8 0.0710897371173
3 46 0 8 0.0710076019168
2 46 0 8 0.0708642080426
5 43 0 8 0.0706157013774
4 8 0 8 0.0705158933997
29 52 0 8 0.0702484548092
8 33 0 8 0.07013810426
32 50 0 8 0.069962978363
5 57 0 8 0.069617561996
32 67 0 8 0.0694345235825
2 43 0 8 0.0693498626351
36 50 0 8 0.0681583434343
44 50 0 8 0.067608512938
73 79 0 8 0.0674200281501
15 52 0 8 0.0670571476221
64 69 0 8 0.0670327246189
73 78 0 8 0.0660912618041
43 53 0 8 0.0659620687366
5 63 0 8 0.0659586936235
53 70 0 8 0.0652421489358
61 70 0 8 0.0650036260486
44 74 0 8 0.064932346344
1 43 0 8 0.0647617354989
33 36 0 8 0.0641923397779
35 40 0 8 0.0636109486222
4 31 0 8 0.0634771436453
11 25 0 8 0.0626578480005
29 49 0 8 0.0622280314565
5 53 0 8 0.0622003078461
31 46 0 8 0.0621967166662
50 74 0 8 0.0621441528201
30 36 0 8 0.0618997700512
29 45 0 8 0.0615559183061
4 10 0 8 0.0614352971315
8 21 0 8 0.0609547495842
26 49 0 8 0.0609530955553
5 42 0 8 0.0607848986983
31 50 0 8 0.0607142150402
10 66 0 8 0.060163512826
56 73 0 8 0.0600759461522
28 32 0 8 0.0599432736635
21 68 0 8 0.0599041096866
12 53 0 8 0.0598737336695
23 65 0 8 0.0589923299849
5 36 0 8 0.0589677393436
38 44 0 8 0.058890633285
33 46 0 8 0.058657143265
22 56 0 8 0.0585802569985
32 36 0 8 0.0582829304039
14 61 0 8 0.0580435954034
15 23 0 8 0.0576442182064
31 35 0 8 0.0571220740676
11 60 0 8 0.0569097325206
4 42 0 8 0.0568807721138
7 49 0 8 0.0565154440701
25 34 0 8 0.0562613420188
38 43 0 8 0.0561844743788
36 49 0 8 0.0561263598502
5 49 0 8 0.0554322786629
29 44 0 8 0.0553803183138
9 40 0 8 0.0553149394691
25 32 0 8 0.0552878081799
13 19 0 8 0.0548898540437
5 54 0 8 0.0545937754214
12 23 0 8 0.0543498396873
75 80 0 8 0.0541863739491
7 45 0 8 0.0540995262563
24 65 0 8 0.0540744699538
24 42 0 8 0.0539297871292
14 74 0 8 0.0537451282144
34 67 0 8 0.0537426173687
3 45 0 8 0.0536569133401
10 67 0 8 0.0533355139196
7 39 0 8 0.0532733239233
12 74 0 8 0.0532362274826
4 41 0 8 0.053206961602
6 78 0 8 0.0531836338341
29 70 0 8 0.05317902565
34 56 0 8 0.0530585534871
25 59 0 8 0.0527180321515
31 44 0 8 0.0525520332158
7 38 0 8 0.0517567954957
8 40 0 8 0.0517388470471
5 38 0 8 0.0510766133666
33 44 0 8 0.050892777741
12 43 0 8 0.0507810004056
29 33 0 8 0.0506230294704
14 21 0 8 0.0504420846701
62 66 0 8 0.0503972247243
22 44 0 8 0.0499871149659
25 43 0 8 0.049644112587
51 77 0 8 0.0494225807488
22 33 0 8 0.049325838685
47 68 0 8 0.0490924678743
12 45 0 8 0.0490776412189
6 31 0 8 0.0485671684146
26 41 0 8 0.0483109727502
39 43 0 8 0.0480418503284
14 56 0 8 0.0479253791273
28 34 0 8 0.0478960387409
21 43 0 8 0.047873776406
14 70 0 8 0.0476565361023
23 77 0 8 0.0468462593853
15 24 0 8 0.0467074476182
56 65 0 8 0.046146620065
29 53 0 8 0.0458922088146
8 17 0 8 0.0458203330636
7 37 0 8 0.0455995313823
17 71 0 8 0.0455090999603
6 74 0 8 0.0454151146114
6 63 0 8 0.0452084690332
24 66 0 8 0.0451398380101
21 61 0 8 0.0451161339879
22 74 0 8 0.0449839234352
29 63 0 8 0.0447558946908
24 34 0 8 0.0446949973702
60 71 0 8 0.0446290783584
23 34 0 8 0.0445408113301
47 77 0 8 0.0438440069556
2 8 0 8 0.0436327531934
30 48 0 8 0.0434969328344
57 74 0 8 0.0434763729572
12 25 0 8 0.0433986857533
32 46 0 8 0.043341640383
19 41 0 8 0.0431536845863
20 63 0 8 0.0430377312005
3 7 0 8 0.0427121259272
40 44 0 8 0.0426960252225
21 65 0 8 0.0425544120371
27 33 0 8 0.0423643253744
11 70 0 8 0.0421872399747
6 36 0 8 0.0417977049947
39 44 0 8 0.0414413772523
34 40 0 8 0.0411601699889
35 48 0 8 0.041107095778
21 57 0 8 0.0406671240926
71 78 0 8 0.0403099432588
14 64 0 8 0.0401792787015
43 46 0 8 0.0397367700934
5 52 0 8 0.0396199934185
25 44 0 8 0.0395329929888
17 44 0 8 0.0394576638937
17 23 0 8 0.0390960685909
2 41 0 8 0.0390811748803
15 71 0 8 0.0389448069036
14 22 0 8 0.0387329570949
6 35 0 8 0.0384426526725
2 44 0 8 0.0383624210954
18 68 0 8 0.0381336696446
7 36 0 8 0.0380184538662
5 40 0 8 0.0378918945789
9 21 0 8 0.0375456921756
7 67 0 8 0.0370706580579
5 9 0 8 0.037054348737
2 7 0 8 0.0369684547186
11 20 0 8 0.0369478687644
28 44 0 8 0.0367918349802
42 45 0 8 0.0366710647941
1 6 0 8 0.036595415324
61 69 0 8 0.0365813113749
22 63 0 8 0.0365157537162
25 70 0 8 0.0361984558403
36 45 0 8 0.0358995236456
11 34 0 8 0.0356436893344
75 81 0 8 0.0355502031744
44 47 0 8 0.0354319103062
32 74 0 8 0.0353218987584
62 70 0 8 0.0352366156876
15 70 0 8 0.035123474896
58 74 0 8 0.0350429192185
63 67 0 8 0.0349567010999
23 53 0 8 0.0348514430225
25 42 0 8 0.0347403660417
8 60 0 8 0.0344974435866
9 44 0 8 0.0344446823001
76 81 0 8 0.0343165434897
19 42 0 8 0.0342728085816
16 61 0 8 0.034253410995
26 53 0 8 0.0339855737984
34 53 0 8 0.0338053405285
5 50 0 8 0.0337826125324
6 34 0 8 0.0337234996259
6 9 0 8 0.0336127467453
18 61 0 8 0.0332433953881
16 67 0 8 0.0331486463547
15 45 0 8 0.0329431593418
4 33 0 8 0.0327985733747
11 58 0 8 0.0327915400267
65 74 0 8 0.0327883102
25 74 0 8 0.0327809005976
53 74 0 8 0.0326668359339
34 50 0 8 0.0326170548797
30 49 0 8 0.0324607118964
4 9 0 8 0.0321538597345
29 42 0 8 0.0321123898029
9 35 0 8 0.0320928096771
5 11 0 8 0.0316918119788
72 77 0 8 0.0316653177142
58 70 0 8 0.0315898917615
36 47 0 8 0.0315079651773
7 41 0 8 0.0314483605325
11 52 0 8 0.0313058160245
10 53 0 8 0.0312185194343
17 43 0 8 0.0312120970339
4 11 0 8 0.0308995451778
16 21 0 8 0.0308615956455
3 44 0 8 0.0304805468768
38 77 0 8 0.0303846281022
57 68 0 8 0.030282817781
4 44 0 8 0.0302029289305
2 42 0 8 0.0301705934107
31 74 0 8 0.030142121017
17 74 0 8 0.030077341944
15 18 0 8 0.0300398133695
34 38 0 8 0.0296865683049
14 77 0 8 0.0296339318156
8 71 0 8 0.0296153575182
25 33 0 8 0.0294961649925
11 21 0 8 0.0293648093939
8 46 0 8 0.0293374489993
14 57 0 8 0.0289910510182
20 67 0 8 0.0289153195918
41 45 0 8 0.0287686418742
6 42 0 8 0.0285878442228
5 56 0 8 0.0285468958318
37 45 0 8 0.0284821912646
12 31 0 8 0.0284696053714
5 41 0 8 0.028298355639
31 36 0 8 0.0282406359911
6 32 0 8 0.0282383728772
8 70 0 8 0.0279584750533
9 22 0 8 0.0278122760355
6 39 0 8 0.027744602412
28 70 0 8 0.027575256303
54 78 0 8 0.027442952618
8 41 0 8 0.0274410508573
7 74 0 8 0.0274290256202
8 49 0 8 0.0272134467959
19 39 0 8 0.026986528188
9 37 0 8 0.0268855076283
57 71 0 8 0.0268656779081
14 68 0 8 0.0268355887383
1 46 0 8 0.0268015619367
5 73 0 8 0.0267875492573
3 42 0 8 0.026781545952
62 67 0 8 0.0264913663268
1 44 0 8 0.0264513362199
12 60 0 8 0.0264368578792
6 52 0 8 0.0263704676181
31 55 0 8 0.0262723248452
3 8 0 8 0.0262054186314
22 35 0 8 0.0260503832251
14 60 0 8 0.0259436946362
4 40 0 8 0.0256083812565
43 47 0 8 0.0255848988891
71 77 0 8 0.0251821428537
11 71 0 8 0.0251461211592
52 71 0 8 0.0250354465097
42 50 0 8 0.0250266380608
3 9 0 8 0.0249423068017
53 67 0 8 0.0248873624951
10 36 0 8 0.0248870961368
9 39 0 8 0.0248052012175
8 44 0 8 0.0247734021395
33 67 0 8 0.0244431383908
30 52 0 8 0.0244004167616
32 37 0 8 0.0239827744663
11 44 0 8 0.0236415453255
45 74 0 8 0.0235988050699
5 8 0 8 0.0235434547067
7 70 0 8 0.0235156212002
64 68 0 8 0.0234955660999
16 54 0 8 0.0234326422215
12 56 0 8 0.023348627612
11 59 0 8 0.0233359187841
30 44 0 8 0.0233190357685
17 45 0 8 0.0232949387282
24 45 0 8 0.0232588388026
23 35 0 8 0.0231921318918
6 37 0 8 0.0231282096356
21 63 0 8 0.0230794567615
15 59 0 8 0.0229877885431
22 31 0 8 0.0229549016804
25 61 0 8 0.0229246653616
14 35 0 8 0.0229060929269
52 76 0 8 0.022846730426
2 9 0 8 0.0228217747062
1 7 0 8 0.022711513564
15 36 0 8 0.0225897207856
11 16 0 8 0.0223388094455
19 43 0 8 0.0223252493888
2 47 0 8 0.0222355071455
36 53 0 8 0.022230764851
22 70 0 8 0.0221141967922
18 43 0 8 0.0220506731421
28 77 0 8 0.0219238959253
72 78 0 8 0.021714784205
32 70 0 8 0.0217135492712
36 46 0 8 0.0216517653316
8 50 0 8 0.0216142646968
15 34 0 8 0.0215756762773
14 62 0 8 0.0215523205698
15 19 0 8 0.0215165987611
32 71 0 8 0.021425370127
22 32 0 8 0.0213577412069
24 59 0 8 0.0212949234992
6 60 0 8 0.0212867669761
60 68 0 8 0.021273387596
33 41 0 8 0.0212277267128
65 68 0 8 0.021222377196
42 67 0 8 0.0212198533118
3 41 0 8 0.0211764872074
12 71 0 8 0.0211393851787
58 67 0 8 0.0210985541344
32 48 0 8 0.021079428494
51 78 0 8 0.0210592467338
33 39 0 8 0.0210336651653
21 47 0 8 0.02102310583
32 42 0 8 0.0209934171289
27 36 0 8 0.0208938904107
29 66 0 8 0.0208708178252
29 43 0 8 0.0208547022194
3 10 0 8 0.0207828339189
26 56 0 8 0.0207528360188
30 43 0 8 0.0206528492272
24 31 0 8 0.0205778572708
19 35 0 8 0.0204911287874
25 49 0 8 0.0204833243042
17 59 0 8 0.0204635225236
5 67 0 8 0.0204426329583
10 45 0 8 0.0203741770238
52 70 0 8 0.0203712601215
4 35 0 8 0.0203620176762
14 71 0 8 0.0203255973756
4 53 0 8 0.020258968696
24 71 0 8 0.0202535744756
36 52 0 8 0.0202451646328
59 66 0 8 0.0202176254243
5 77 0 8 0.0201920066029
17 63 0 8 0.0201832856983
30 35 0 8 0.0201744996011
25 52 0 8 0.0201677568257
6 79 0 8 0.0201442930847
35 50 0 8 0.020079087466
34 47 0 8 0.0200449544936
44 48 0 8 0.0199638139457
33 42 0 8 0.0199263952672
18 24 0 8 0.0199203751981
57 65 0 8 0.0199047885835
1 8 0 8 0.0198775865138
15 74 0 8 0.0198675245047
21 74 0 8 0.019841812551
32 59 0 8 0.0198409110308
10 43 0 8 0.019800812006
15 32 0 8 0.0197818018496
74 81 0 8 0.0197816826403
45 48 0 8 0.0196472685784
15 58 0 8 0.0196325108409
5 70 0 8 0.0196273773909
6 59 0 8 0.0196051187813
8 74 0 8 0.0195974260569
6 77 0 8 0.0195758808404
39 77 0 8 0.0195022132248
54 79 0 8 0.019451117143
50 67 0 8 0.0194021891803
28 33 0 8 0.0193814802915
6 71 0 8 0.019366890192
2 45 0 8 0.0193433854729
21 42 0 8 0.0193420555443
54 59 0 8 0.0192975606769
4 66 0 8 0.019187008962
31 59 0 8 0.0191527698189
49 74 0 8 0.0190131403506
64 70 0 8 0.0189822223037
16 19 0 8 0.018803788349
42 55 0 8 0.0187581256032
58 77 0 8 0.018750725314
4 67 0 8 0.0187247935683
22 64 0 8 0.0186917129904
41 75 0 8 0.0186610817909
1 9 0 8 0.0186048075557
71 79 0 8 0.0185377076268
62 69 0 8 0.0185196679085
5 78 0 8 0.0185112971812
31 37 0 8 0.0185003709048
13 44 0 8 0.0184803847224
24 55 0 8 0.0184667892754
63 74 0 8 0.0183811709285
28 56 0 8 0.0183626692742
5 48 0 8 0.0182869285345
47 79 0 8 0.0182057768106
55 60 0 8 0.018197728321
23 37 0 8 0.0181828569621
11 74 0 8 0.018161220476
33 76 0 8 0.0181350167841
18 40 0 8 0.0180957689881
23 45 0 8 0.0180766638368
8 59 0 8 0.0180191192776
5 66 0 8 0.018015589565
14 52 0 8 0.0179717969149
30 46 0 8 0.0179161541164
6 62 0 8 0.0178721435368
27 37 0 8 0.0178146921098
9 36 0 8 0.0177723485976
5 71 0 8 0.0177334845066
9 50 0 8 0.0177182406187
29 76 0 8 0.0177180245519
52 77 0 8 0.0176279079169
4 65 0 8 0.017587993294
11 51 0 8 0.0175867825747
7 65 0 8 0.0175419468433
1 42 0 8 0.0175390467048
17 49 0 8 0.0175027996302
19 36 0 8 0.0174909718335
58 65 0 8 0.0174551159143
25 69 0 8 0.0174477808177
12 65 0 8 0.0173893477768
39 74 0 8 0.0173601713032
9 41 0 8 0.0173223689198
26 35 0 8 0.0173060055822
53 71 0 8 0.0172945912927
5 60 0 8 0.0172942522913
29 50 0 8 0.0172901675105
28 42 0 8 0.0172680150717
5 75 0 8 0.0172548368573
29 36 0 8 0.0171883292496
16 20 0 8 0.0171424429864
29 46 0 8 0.0171242225915
1 41 0 8 0.0170510392636
8 29 0 8 0.0170499198139
3 11 0 8 0.0170407965779
14 58 0 8 0.017019411549
34 60 0 8 0.0170056801289
17 36 0 8 0.0169651471078
6 54 0 8 0.0169600173831
10 35 0 8 0.0168933290988
34 39 0 8 0.0168727356941
44 53 0 8 0.016857277602
12 34 0 8 0.0168156716973
23 41 0 8 0.0167844593525
20 55 0 8 0.0167626272887
10 34 0 8 0.0167563185096
4 24 0 8 0.0167195443064
4 56 0 8 0.0166872218251
5 79 0 8 0.0166753884405
21 64 0 8 0.0166714321822
19 34 0 8 0.0165861546993
12 24 0 8 0.0165603738278
7 32 0 8 0.0165235418826
23 64 0 8 0.0164487622678
25 50 0 8 0.0164107270539
33 38 0 8 0.0164004005492
6 22 0 8 0.016356183216
21 45 0 8 0.0163493361324
2 11 0 8 0.0163364503533
12 32 0 8 0.0162771251053
22 42 0 8 0.0162432584912
51 74 0 8 0.0162328388542
15 66 0 8 0.0162105411291
15 37 0 8 0.0161256827414
33 71 0 8 0.0161177031696
24 68 0 8 0.0160519964993
8 73 0 8 0.0160440988839
21 69 0 8 0.0159962922335
28 45 0 8 0.0159817393869
7 53 0 8 0.0159410033375
5 74 0 8 0.0159200783819
11 55 0 8 0.0159112587571
45 59 0 8 0.0158538408577
16 39 0 8 0.0158147849143
33 74 0 8 0.015799228102
20 43 0 8 0.0157867465168
32 79 0 8 0.0157831013203
26 37 0 8 0.0157621614635
5 29 0 8 0.0157593712211
27 56 0 8 0.0157495886087
21 36 0 8 0.0157123040408
25 36 0 8 0.0157062448561
53 60 0 8 0.0156785156578
36 51 0 8 0.0156580545008
14 25 0 8 0.0156517438591
17 35 0 8 0.0156375914812
50 56 0 8 0.0156358536333
8 64 0 8 0.0156222376972
61 68 0 8 0.0156190767884
16 71 0 8 0.0156072191894
10 38 0 8 0.0155337713659
22 57 0 8 0.0155302779749
37 49 0 8 0.0154851293191
6 24 0 8 0.0154573032632
30 56 0 8 0.0154069578275
38 45 0 8 0.0153940953314
41 59 0 8 0.0153756039217
9 24 0 8 0.0153665821999
17 24 0 8 0.0153433242813
19 57 0 8 0.0153248431161
22 71 0 8 0.0153132490814
6 58 0 8 0.0153082087636
6 43 0 8 0.0152931287885
35 61 0 8 0.0152463950217
55 78 0 8 0.0152038848028
24 53 0 8 0.0151940211654
45 73 0 8 0.0151220262051
54 65 0 8 0.0150921503082
27 53 0 8 0.0150834415108
24 70 0 8 0.0150414844975
15 68 0 8 0.0150270024315
5 59 0 8 0.0150118153542
19 38 0 8 0.0149808237329
20 60 0 8 0.0149790495634
44 54 0 8 0.0149514181539
2 31 0 8 0.0149394283071
14 59 0 8 0.0149366697297
2 10 0 8 0.014920597896
15 55 0 8 0.0149128418416
11 33 0 8 0.0149000631645
4 52 0 8 0.0148869454861
30 68 0 8 0.0148753281683
3 17 0 8 0.0148668400943
46 78 0 8 0.0148653183132
47 73 0 8 0.0148647390306
25 55 0 8 0.0148368543014
31 54 0 8 0.014813718386
1 47 0 8 0.0148076368496
58 64 0 8 0.0148030407727
11 35 0 8 0.0147930569947
60 74 0 8 0.0147798517719
29 61 0 8 0.0146589977667
4 28 0 8 0.0146386865526
37 50 0 8 0.0146171664819
4 60 0 8 0.0145869581029
44 80 0 8 0.0145641854033
39 47 0 8 0.0145271802321
2 52 0 8 0.0145169310272
6 64 0 8 0.0145114064217
24 32 0 8 0.0144992796704
52 65 0 8 0.0144846178591
18 65 0 8 0.0144788939506
17 41 0 8 0.0144505687058
5 32 0 8 0.0144150676206
32 66 0 8 0.0143927494064
33 79 0 8 0.0143827479333
35 67 0 8 0.0143807884306
63 75 0 8 0.0142882186919
3 14 0 8 0.0142774041742
45 76 0 8 0.0142644234002
10 60 0 8 0.014231165871
2 67 0 8 0.0142211355269
5 61 0 8 0.0142072848976
6 38 0 8 0.0141943953931
25 68 0 8 0.0141798760742
6 25 0 8 0.0141775636002
44 52 0 8 0.0141692822799
25 73 0 8 0.0141596132889
35 52 0 8 0.0141573250294
35 56 0 8 0.0141472248361
33 53 0 8 0.0140983546153
8 30 0 8 0.0140798743814
15 26 0 8 0.0140644731
5 65 0 8 0.0140612004325
9 49 0 8 0.0140516059473
28 66 0 8 0.0140167549253
12 64 0 8 0.0139932800084
24 36 0 8 0.0139748314396
5 58 0 8 0.013920432888
18 38 0 8 0.0139036271721
22 36 0 8 0.0138996271417
3 26 0 8 0.0138623705134
16 64 0 8 0.0138450814411
28 59 0 8 0.0138310454786
36 79 0 8 0.0138245103881
28 53 0 8 0.0138148861006
2 14 0 8 0.013808760792
4 38 0 8 0.0137971164659
4 74 0 8 0.0137874260545
35 53 0 8 0.0137834586203
29 35 0 8 0.0137611133978
31 63 0 8 0.0137572633103
28 74 0 8 0.0137464124709
32 73 0 8 0.0137429283932
38 75 0 8 0.0137425856665
26 50 0 8 0.0136805512011
8 52 0 8 0.0136713655666
43 52 0 8 0.0136646991596
4 54 0 8 0.0136628290638
2 40 0 8 0.0136490399018
34 70 0 8 0.0136413900182
9 38 0 8 0.0136266285554
4 32 0 8 0.0135922916234
47 80 0 8 0.0135722002015
14 66 0 8 0.0135540561751
10 37 0 8 0.0135132120922
23 67 0 8 0.0134876510128
30 67 0 8 0.0134670464322
63 68 0 8 0.0134427472949
12 70 0 8 0.0134286712855
8 20 0 8 0.0133995041251
29 41 0 8 0.0133978594095
1 45 0 8 0.0133875953034
2 24 0 8 0.0133741237223
13 18 0 8 0.013369965367
18 42 0 8 0.0133658209816
10 70 0 8 0.0133611178026
29 37 0 8 0.0133499084041
37 46 0 8 0.0132910050452
3 56 0 8 0.0132846962661
37 51 0 8 0.0132753178477
23 31 0 8 0.0132678681985
3 67 0 8 0.0132265621796
10 21 0 8 0.0132036786526
6 66 0 8 0.0131861139089
73 80 0 8 0.0131434444338
42 56 0 8 0.0131317162886
34 59 0 8 0.0131104206666
17 34 0 8 0.0131098348647
41 67 0 8 0.0130722979084
21 37 0 8 0.0130665777251
43 80 0 8 0.0130395675078
3 47 0 8 0.0130192283541
68 80 0 8 0.0129699837416
8 57 0 8 0.0129693308845
6 70 0 8 0.0129691781476
5 31 0 8 0.0129584027454
19 40 0 8 0.0129213063046
30 37 0 8 0.0128655154258
3 53 0 8 0.0128546133637
68 79 0 8 0.0128317624331
15 44 0 8 0.0128288026899
12 20 0 8 0.0128250224516
72 79 0 8 0.0128213716671
1 81 0 8 0.0128103559837
19 33 0 8 0.0128000956029
3 52 0 8 0.0127929700539
40 45 0 8 0.012766818516
23 33 0 8 0.0127596687526
47 81 0 8 0.0127451643348
21 33 0 8 0.0126941101626
14 20 0 8 0.0126766832545
44 79 0 8 0.0126647530124
21 62 0 8 0.0126641094685
10 56 0 8 0.0126189477742
41 74 0 8 0.0126142129302
10 63 0 8 0.0126079190522
38 46 0 8 0.0125873321667
23 40 0 8 0.0125805111602
27 43 0 8 0.0125747136772
32 39 0 8 0.0125434091315
57 72 0 8 0.0125408871099
18 41 0 8 0.0125398412347
5 55 0 8 0.0125311529264
33 56 0 8 0.0125163989142
6 41 0 8 0.0125065902248
32 47 0 8 0.0124901700765
2 33 0 8 0.0124786654487
12 44 0 8 0.0124724972993
2 48 0 8 0.0124650467187
20 61 0 8 0.0124283842742
17 66 0 8 0.0124176898971
3 48 0 8 0.0124143688008
15 43 0 8 0.0124134812504
7 78 0 8 0.0124116688967
20 36 0 8 0.0124101145193
23 50 0 8 0.0123871564865
39 67 0 8 0.0123633779585
4 29 0 8 0.0123573122546
44 78 0 8 0.0123389242217
42 53 0 8 0.0122980000451
41 68 0 8 0.0122907338664
44 81 0 8 0.0122871967033
73 81 0 8 0.0122567433864
2 28 0 8 0.0122536541894
14 49 0 8 0.0122516928241
71 76 0 8 0.0122469216585
10 74 0 8 0.0122448680922
14 19 0 8 0.0122287869453
13 74 0 8 0.0121980505064
6 51 0 8 0.0121869891882
31 64 0 8 0.0121868634596
21 34 0 8 0.0121759735048
9 67 0 8 0.0121682854369
17 33 0 8 0.0121494019404
43 67 0 8 0.0121459113434
39 45 0 8 0.01213818416
4 63 0 8 0.012103555724
1 80 0 8 0.0121006080881
20 70 0 8 0.0120936278254
51 79 0 8 0.012053177692
14 18 0 8 0.0120089231059
4 34 0 8 0.0120053421706
15 35 0 8 0.0119831347838
26 60 0 8 0.0119754653424
32 38 0 8 0.0119715621695
3 66 0 8 0.0119502665475
2 79 0 8 0.0119311613962
4 71 0 8 0.0119128832594
15 39 0 8 0.0119072385132
45 78 0 8 0.0119030876085
9 32 0 8 0.0118869626895
28 75 0 8 0.0118597522378
22 60 0 8 0.0118431327865
31 65 0 8 0.0118248993531
2 30 0 8 0.011824821122
31 39 0 8 0.0118140224367
58 73 0 8 0.011756776832
1 35 0 8 0.0117466757074
28 50 0 8 0.0117438538
13 21 0 8 0.0117382146418
13 67 0 8 0.0117040909827
4 78 0 8 0.0116864200681
7 31 0 8 0.0116737382486
11 61 0 8 0.0116719240323
26 42 0 8 0.0116517310962
53 73 0 8 0.011649732478
63 71 0 8 0.0116233481094
30 39 0 8 0.0116229709238
55 79 0 8 0.0116195306182
71 80 0 8 0.0115193128586
57 77 0 8 0.0115156043321
42 57 0 8 0.0115067008883
28 36 0 8 0.011488632299
55 67 0 8 0.01145264972
30 42 0 8 0.0114351017401
18 34 0 8 0.0114067131653
54 80 0 8 0.0114005962387
43 51 0 8 0.0113898525015
7 60 0 8 0.0113789150491
15 33 0 8 0.0113593842834
20 45 0 8 0.0113471169025
3 36 0 8 0.0113439187407
18 44 0 8 0.0113405613229
4 36 0 8 0.0113332755864
30 74 0 8 0.0113237425685
48 79 0 8 0.0112706692889
34 61 0 8 0.011263535358
3 31 0 8 0.0112308748066
31 38 0 8 0.0112182470039
4 57 0 8 0.0112156877294
10 65 0 8 0.0112020689994
9 31 0 8 0.0111923543736
33 80 0 8 0.0111789638177
16 43 0 8 0.0111672207713
2 80 0 8 0.0111491642892
14 37 0 8 0.0111395269632
20 37 0 8 0.0111372480169
60 73 0 8 0.0111323436722
21 41 0 8 0.0110920863226
4 80 0 8 0.011054860428
33 40 0 8 0.0110496589914
4 14 0 8 0.0110433865339
29 39 0 8 0.0110401120037
22 37 0 8 0.0110126202926
35 78 0 8 0.0109962215647
2 81 0 8 0.0109520386904
36 65 0 8 0.0109514752403
3 33 0 8 0.0109465960413
10 29 0 8 0.0109440609813
56 61 0 8 0.0109326289967
37 52 0 8 0.0108796590939
11 19 0 8 0.0108764888719
2 25 0 8 0.0108696632087
18 49 0 8 0.0108531005681
48 77 0 8 0.010839972645
26 44 0 8 0.0108388131484
57 78 0 8 0.0108194127679
5 25 0 8 0.0108162956312
42 46 0 8 0.0108152041212
1 79 0 8 0.0108147757128
2 35 0 8 0.0108021982014
17 55 0 8 0.0107708200812
17 50 0 8 0.0107613652945
43 79 0 8 0.0107451993972
7 81 0 8 0.0107176145539
39 46 0 8 0.0107141118497
14 42 0 8 0.0106871109456
35 81 0 8 0.0106791686267
15 78 0 8 0.0106670539826
17 52 0 8 0.0106346346438
21 70 0 8 0.0106198647991
55 65 0 8 0.0106092486531
62 68 0 8 0.010608067736
36 56 0 8 0.0105904061347
55 75 0 8 0.0105844717473
33 78 0 8 0.0105842519552
5 81 0 8 0.0105747636408
16 60 0 8 0.0105663696304
13 39 0 8 0.0105647901073
3 80 0 8 0.0105367489159
21 71 0 8 0.010531803593
2 49 0 8 0.0105316201225
3 19 0 8 0.0105293449014
51 80 0 8 0.0105236433446
6 61 0 8 0.0105078350753
22 41 0 8 0.0104896165431
28 43 0 8 0.0104839205742
3 40 0 8 0.0104825850576
43 48 0 8 0.0104761822149
6 75 0 8 0.010473607108
6 55 0 8 0.0104730334133
32 41 0 8 0.0104619059712
23 28 0 8 0.0104495277628
42 49 0 8 0.0104325404391
31 75 0 8 0.010390304029
3 79 0 8 0.0103875054047
41 78 0 8 0.0103849815205
4 37 0 8 0.0103802382946
28 35 0 8 0.0103647131473
21 49 0 8 0.0103604048491
7 66 0 8 0.0103490240872
16 45 0 8 0.0103438831866
27 39 0 8 0.0103338127956
4 81 0 8 0.0103276064619
2 53 0 8 0.0103261787444
3 74 0 8 0.0103103388101
32 77 0 8 0.0102959657088
10 15 0 8 0.0102828256786
15 41 0 8 0.0102819567546
2 63 0 8 0.0102794002742
31 47 0 8 0.0102733187377
25 35 0 8 0.0102178277448
7 59 0 8 0.0102097913623
27 45 0 8 0.010192762129
3 30 0 8 0.0101925544441
2 13 0 8 0.0101882601157
45 51 0 8 0.0101582109928
29 59 0 8 0.0101563557982
24 50 0 8 0.0101325344294
26 71 0 8 0.0101220756769
46 80 0 8 0.0101135028526
1 14 0 8 0.0101114418358
35 80 0 8 0.0100982291624
27 35 0 8 0.0100979246199
4 30 0 8 0.0100973574445
18 64 0 8 0.0100955367088
20 66 0 8 0.0100784245878
55 76 0 8 0.0100577324629
24 75 0 8 0.0100526101887
5 80 0 8 0.0100435465574
54 76 0 8 0.0100087737665
28 52 0 8 0.0100081935525
22 78 0 8 0.0100062936544
47 52 0 8 0.00997621566057
3 65 0 8 0.00997455324978
17 42 0 8 0.00996863190085
9 56 0 8 0.00994687527418
18 39 0 8 0.00994450971484
39 75 0 8 0.00993375014514
31 73 0 8 0.00993282627314
16 36 0 8 0.00992392003536
4 59 0 8 0.0099092097953
4 12 0 8 0.00988390948623
4 48 0 8 0.00986046995968
19 45 0 8 0.00985804013908
14 51 0 8 0.00983610097319
30 75 0 8 0.00982682127506
16 22 0 8 0.00980807095766
12 55 0 8 0.00979890208691
11 54 0 8 0.00978291966021
24 35 0 8 0.00977258291095
71 81 0 8 0.00977168325335
21 56 0 8 0.00976693630219
51 67 0 8 0.00976491160691
8 37 0 8 0.00974542368203
20 73 0 8 0.00973957125098
37 65 0 8 0.0097381779924
2 32 0 8 0.00973713863641
1 33 0 8 0.00971393287182
32 69 0 8 0.0097132679075
6 29 0 8 0.00969729200006
17 77 0 8 0.00968829821795
22 46 0 8 0.00965083297342
15 79 0 8 0.00963933113962
34 55 0 8 0.0096352994442
9 23 0 8 0.00959918368608
14 34 0 8 0.00958670210093
51 56 0 8 0.00953994691372
17 78 0 8 0.0095393974334
61 71 0 8 0.00945494323969
68 78 0 8 0.00944650638849
23 44 0 8 0.00944308470935
12 41 0 8 0.00943514425308
1 10 0 8 0.00943055935204
31 48 0 8 0.00941269658506
4 79 0 8 0.00940619874746
3 32 0 8 0.00939574930817
15 62 0 8 0.00939084216952
32 75 0 8 0.009387280792
2 74 0 8 0.00938074756414
48 78 0 8 0.00938007794321
39 48 0 8 0.00937263667583
3 28 0 8 0.00936729926616
42 74 0 8 0.00936108920723
42 69 0 8 0.00934853032231
6 65 0 8 0.00933278724551
23 56 0 8 0.00932284165174
26 67 0 8 0.00931055750698
6 80 0 8 0.00929855462164
39 71 0 8 0.00927197188139
17 31 0 8 0.00925063807517
2 26 0 8 0.00925048999488
1 40 0 8 0.00923168286681
3 55 0 8 0.00922563485801
2 64 0 8 0.00919699575752
11 79 0 8 0.00919557921588
42 80 0 8 0.00918575748801
32 64 0 8 0.00917897187173
20 44 0 8 0.00916013959795
8 54 0 8 0.00915302243084
7 64 0 8 0.00914793461561
50 78 0 8 0.00912239588797
13 22 0 8 0.00912145525217
4 58 0 8 0.00911654438823
22 66 0 8 0.00911231059581
31 60 0 8 0.00910934992135
14 26 0 8 0.00910906028003
33 50 0 8 0.00908747129142
9 57 0 8 0.00908159092069
45 77 0 8 0.00907873827964
2 66 0 8 0.00906506367028
18 23 0 8 0.00906331557781
38 78 0 8 0.00903049856424
42 81 0 8 0.00901807192713
3 71 0 8 0.00901723653078
27 50 0 8 0.00901561789215
19 37 0 8 0.00901035312563
64 73 0 8 0.00900614820421
18 35 0 8 0.00898040272295
7 79 0 8 0.0089782262221
32 55 0 8 0.00896032247692
17 73 0 8 0.00894419569522
9 33 0 8 0.00892585795373
25 37 0 8 0.00891241524369
22 52 0 8 0.00891044083983
11 36 0 8 0.00890357512981
2 15 0 8 0.00889439415187
19 44 0 8 0.00887702591717
44 73 0 8 0.00887273438275
4 70 0 8 0.00886765029281
6 28 0 8 0.00886632502079
32 40 0 8 0.00886304117739
38 79 0 8 0.00885552447289
8 28 0 8 0.0088495798409
28 55 0 8 0.00880366656929
23 57 0 8 0.00878862477839
24 37 0 8 0.00878326315433
15 64 0 8 0.00878028292209
47 75 0 8 0.00877406820655
16 66 0 8 0.00876025762409
15 51 0 8 0.00875773653388
46 79 0 8 0.00875654816628
31 57 0 8 0.00875608436763
4 17 0 8 0.0087554557249
17 39 0 8 0.00875423010439
31 41 0 8 0.00874846801162
55 71 0 8 0.00874580163509
3 81 0 8 0.00872519426048
8 55 0 8 0.00872161053121
46 74 0 8 0.00871005468071
57 63 0 8 0.00870653428137
23 32 0 8 0.00869789719582
50 79 0 8 0.00867242272943
12 50 0 8 0.00863892864436
31 61 0 8 0.00863865856081
1 78 0 8 0.00863452348858
21 31 0 8 0.00863412301987
22 40 0 8 0.00861896947026
37 48 0 8 0.00860367063433
14 78 0 8 0.00860221125185
18 46 0 8 0.00860168691725
6 40 0 8 0.00859729666263
11 37 0 8 0.00859616231173
52 78 0 8 0.0085870726034
47 54 0 8 0.00855800323188
29 65 0 8 0.00854289252311
4 26 0 8 0.00854073185474
43 81 0 8 0.00852261763066
5 14 0 8 0.00851949118078
41 46 0 8 0.00851935893297
5 28 0 8 0.00851454306394
3 57 0 8 0.00850752927363
34 48 0 8 0.00850563123822
5 64 0 8 0.00850329082459
45 55 0 8 0.00849626678973
28 51 0 8 0.00847339257598
13 77 0 8 0.00846719741821
40 78 0 8 0.00845969840884
18 37 0 8 0.00845336914062
12 57 0 8 0.00845065247267
2 34 0 8 0.00844820681959
6 30 0 8 0.00844255741686
2 71 0 8 0.00843282602727
2 17 0 8 0.00843015126884
59 71 0 8 0.00842640548944
7 22 0 8 0.00841786339879
3 29 0 8 0.00841101258993
21 44 0 8 0.00839748233557
9 64 0 8 0.00838718842715
40 80 0 8 0.00838172528893
34 66 0 8 0.00836588349193
18 71 0 8 0.00836167205125
31 51 0 8 0.00836034305394
37 57 0 8 0.00834844075143
4 73 0 8 0.00834398530424
28 39 0 8 0.00834043882787
6 81 0 8 0.00833911728114
50 77 0 8 0.00832495372742
54 67 0 8 0.00831859838217
20 39 0 8 0.00831610895693
16 56 0 8 0.00830736383796
45 69 0 8 0.00829957425594
2 56 0 8 0.0082853268832
45 66 0 8 0.00826406758279
33 47 0 8 0.00826005544513
12 35 0 8 0.00824621133506
54 75 0 8 0.00823885947466
24 33 0 8 0.00823435746133
26 57 0 8 0.00821363087744
24 64 0 8 0.00820663012564
72 80 0 8 0.00818954780698
4 64 0 8 0.00818280782551
2 36 0 8 0.0081443451345
10 55 0 8 0.0081366058439
23 49 0 8 0.00813610572368
40 47 0 8 0.00812289584428
18 45 0 8 0.00809765141457
28 41 0 8 0.0080958167091
9 45 0 8 0.00808790512383
4 49 0 8 0.00807086657733
7 33 0 8 0.00804457161576
10 46 0 8 0.00803961604834
9 59 0 8 0.00803771801293
27 67 0 8 0.00803641043603
14 39 0 8 0.00802652910352
32 60 0 8 0.00800754595548
52 57 0 8 0.00800623558462
28 49 0 8 0.00800221040845
34 73 0 8 0.00798835791647
36 67 0 8 0.00796870142221
47 76 0 8 0.00796228181571
3 63 0 8 0.00796007458121
38 80 0 8 0.00793450977653
24 44 0 8 0.00792969949543
1 19 0 8 0.00790009461343
19 65 0 8 0.00789709296077
30 71 0 8 0.00788575503975
6 33 0 8 0.00788450986147
8 66 0 8 0.0078731412068
32 51 0 8 0.00784945022315
54 71 0 8 0.0078449845314
4 55 0 8 0.00783833675086
38 66 0 8 0.00783504825085
22 65 0 8 0.00782693829387
34 57 0 8 0.00782435759902
8 27 0 8 0.00781347043812
22 73 0 8 0.00781107600778
2 78 0 8 0.00779885286465
20 41 0 8 0.0077976169996
31 72 0 8 0.00778365135193
10 39 0 8 0.00777908973396
32 57 0 8 0.00777436140925
14 44 0 8 0.0077627687715
34 51 0 8 0.00775622669607
42 79 0 8 0.00775281107053
21 73 0 8 0.00774738751352
29 40 0 8 0.00774602405727
12 49 0 8 0.00774194253609
21 59 0 8 0.00773359509185
46 51 0 8 0.00771836563945
3 35 0 8 0.00771275814623
16 48 0 8 0.00770288193598
62 71 0 8 0.00769768282771
26 39 0 8 0.00768692372367
54 70 0 8 0.00768224755302
54 81 0 8 0.00767209473997
1 31 0 8 0.00766797503456
45 63 0 8 0.00764172151685
57 66 0 8 0.00764049962163
18 53 0 8 0.00763148441911
12 26 0 8 0.00763042643666
6 15 0 8 0.00761075504124
32 78 0 8 0.00760328955948
63 72 0 8 0.00759845878929
22 54 0 8 0.00759582361206
14 65 0 8 0.00759581988677
5 24 0 8 0.00758965453133
7 80 0 8 0.00758843682706
11 26 0 8 0.00758634740487
1 48 0 8 0.0075732874684
48 74 0 8 0.00754888402298
2 19 0 8 0.00754285277799
51 81 0 8 0.00754225673154
2 60 0 8 0.00754065439105
41 49 0 8 0.00753900595009
14 43 0 8 0.00752824591473
33 81 0 8 0.007525567431
3 34 0 8 0.00750427832827
20 52 0 8 0.00750229367986
35 79 0 8 0.00749517744407
40 79 0 8 0.00749263120815
14 36 0 8 0.00746166380122
3 24 0 8 0.00746000790969
19 70 0 8 0.0074586593546
34 63 0 8 0.00745078409091
39 49 0 8 0.00744946207851
20 77 0 8 0.0074431146495
12 29 0 8 0.00743057392538
2 37 0 8 0.00741282105446
4 77 0 8 0.00739680090919
26 59 0 8 0.00738615170121
54 73 0 8 0.00738268066198
43 56 0 8 0.00735251931474
29 72 0 8 0.00734125589952
9 81 0 8 0.00733722932637
15 77 0 8 0.00732624204829
1 11 0 8 0.00731703732163
11 24 0 8 0.00731419073418
3 78 0 8 0.00730369053781
1 24 0 8 0.00730229401961
17 64 0 8 0.00729893147945
3 64 0 8 0.0072839865461
41 73 0 8 0.00727867847309
6 68 0 8 0.00727816158906
15 65 0 8 0.00727097131312
8 15 0 8 0.0072678332217
2 29 0 8 0.00725717609748
2 55 0 8 0.00725605618209
2 62 0 8 0.00724873319268
55 80 0 8 0.00724807102233
10 81 0 8 0.00724218226969
1 17 0 8 0.00723312655464
14 45 0 8 0.00722442800179
11 65 0 8 0.0072208722122
19 76 0 8 0.00719738518819
40 81 0 8 0.00719223171473
36 75 0 8 0.00719134649262
2 51 0 8 0.00717346835881
3 60 0 8 0.00717182131484
58 66 0 8 0.00716017792001
56 66 0 8 0.00715822214261
38 71 0 8 0.00715788360685
24 74 0 8 0.0071565550752
21 50 0 8 0.00715562701225
42 52 0 8 0.00715473946184
44 77 0 8 0.00715258903801
1 32 0 8 0.00712554994971
20 64 0 8 0.00710835214704
26 74 0 8 0.00710777379572
19 53 0 8 0.00710624922067
34 71 0 8 0.00710389437154
2 16 0 8 0.00710117723793
4 25 0 8 0.00709924753755
15 42 0 8 0.00709271337837
40 49 0 8 0.00707795657218
4 39 0 8 0.0070718396455
20 79 0 8 0.00707130739465
41 79 0 8 0.00706650456414
52 79 0 8 0.00706290220842
1 13 0 8 0.00706130731851
30 70 0 8 0.00704570068046
1 16 0 8 0.00704253232107
7 50 0 8 0.00703460443765
3 49 0 8 0.00703179696575
33 54 0 8 0.00701028853655
38 48 0 8 0.00700744055212
4 13 0 8 0.00700026145205
13 79 0 8 0.0069945557043
21 78 0 8 0.00698132673278
31 66 0 8 0.00695023266599
27 63 0 8 0.00693269399926
31 40 0 8 0.00691550923511
47 71 0 8 0.00690951617435
3 51 0 8 0.00689791655168
16 24 0 8 0.00689503923059
1 67 0 8 0.00689071463421
3 54 0 8 0.00688686501235
1 34 0 8 0.00688454322517
41 80 0 8 0.00687940092757
9 79 0 8 0.00687798717991
3 59 0 8 0.00687462976202
4 51 0 8 0.00686974171549
44 51 0 8 0.00684988638386
46 81 0 8 0.00684972433373
28 37 0 8 0.00684739882126
9 26 0 8 0.00683550490066
30 53 0 8 0.00683389976621
2 65 0 8 0.00683287344873
38 62 0 8 0.00682444591075
2 57 0 8 0.006823327858
39 52 0 8 0.00681275967509
4 50 0 8 0.00680899526924
29 78 0 8 0.00679857144132
7 46 0 8 0.00679813046008
14 24 0 8 0.00679487641901
33 59 0 8 0.00677699781954
14 79 0 8 0.00677318219095
5 26 0 8 0.00676043983549
5 30 0 8 0.0067522036843
13 76 0 8 0.00674216309562
3 37 0 8 0.00673755351454
18 66 0 8 0.00673461193219
18 36 0 8 0.0067324466072
39 73 0 8 0.00672151846811
1 52 0 8 0.00672144489363
5 68 0 8 0.00671999994665
50 80 0 8 0.00671730469912
36 80 0 8 0.00671718688682
34 64 0 8 0.00670519378036
1 36 0 8 0.00670063821599
21 39 0 8 0.00669906381518
44 59 0 8 0.00668512657285
30 41 0 8 0.00668476615101
27 79 0 8 0.0066797491163
25 54 0 8 0.00667885411531
5 27 0 8 0.0066764340736
21 35 0 8 0.00664361380041
15 80 0 8 0.00664344709367
1 77 0 8 0.00664183637127
13 78 0 8 0.00663460092619
3 27 0 8 0.00662940833718
1 28 0 8 0.00662856642157
33 62 0 8 0.00662665208802
2 18 0 8 0.00662567280233
72 81 0 8 0.00662171002477
51 75 0 8 0.00661960244179
27 44 0 8 0.0066140955314
2 59 0 8 0.00659718038514
11 63 0 8 0.00658517191187
13 46 0 8 0.0065689929761
15 46 0 8 0.00655436515808
5 76 0 8 0.00655289366841
66 72 0 8 0.00654787011445
35 57 0 8 0.00654301419854
9 25 0 8 0.00652435654774
16 44 0 8 0.00652236351743
21 52 0 8 0.00651487149298
1 63 0 8 0.00649775005877
3 62 0 8 0.00649693747982
29 55 0 8 0.00648367311805
12 46 0 8 0.0064709992148
1 66 0 8 0.00646726973355
2 58 0 8 0.00646113837138
33 75 0 8 0.00645070848987
62 73 0 8 0.00644968822598
58 76 0 8 0.0064451219514
3 16 0 8 0.00643942365423
2 54 0 8 0.00643324526027
55 81 0 8 0.00642850808799
10 52 0 8 0.00642696395516
49 54 0 8 0.00642257463187
25 58 0 8 0.00639464054257
11 46 0 8 0.00639228429645
45 81 0 8 0.00638809707016
68 81 0 8 0.00638344651088
4 27 0 8 0.00637402944267
9 53 0 8 0.00637286668643
23 60 0 8 0.00636977236718
3 15 0 8 0.00636639958248
6 26 0 8 0.00636567268521
1 64 0 8 0.00633419910446
19 81 0 8 0.00633387174457
7 77 0 8 0.00633316393942
23 74 0 8 0.00632430566475
34 76 0 8 0.00632207980379
16 51 0 8 0.00632092636079
2 22 0 8 0.00631598057225
30 38 0 8 0.00631491513923
31 69 0 8 0.00631470605731
39 76 0 8 0.00629901979119
59 68 0 8 0.00627406919375
1 53 0 8 0.00626647192985
17 37 0 8 0.00626366958022
19 62 0 8 0.00626304931939
7 28 0 8 0.00625716708601
49 77 0 8 0.00625532586128
3 73 0 8 0.00624715629965
15 47 0 8 0.00624392740428
33 60 0 8 0.00622927211225
24 41 0 8 0.00622768141329
13 45 0 8 0.00622376380488
16 40 0 8 0.00621059723198
50 57 0 8 0.00620597228408
36 77 0 8 0.00619906838983
14 55 0 8 0.00619467487559
48 76 0 8 0.00618947809562
43 70 0 8 0.00618924386799
39 78 0 8 0.0061822347343
22 39 0 8 0.0061806938611
61 72 0 8 0.00617612944916
41 50 0 8 0.00615815259516
23 70 0 8 0.00615791324526
10 28 0 8 0.00615716306493
24 73 0 8 0.00615015253425
31 68 0 8 0.00613856082782
6 69 0 8 0.00613138219342
8 61 0 8 0.00611560419202
45 54 0 8 0.00609622430056
9 73 0 8 0.00608996115625
36 78 0 8 0.00608019344509
3 58 0 8 0.00607741018757
51 71 0 8 0.00607259012759
6 23 0 8 0.00607227953151
26 40 0 8 0.00607213843614
49 78 0 8 0.00606884388253
21 66 0 8 0.00606781197712
2 73 0 8 0.00606122100726
26 55 0 8 0.00605867663398
14 23 0 8 0.00605792971328
29 64 0 8 0.0060544712469
2 61 0 8 0.00603990582749
36 74 0 8 0.00603286456317
3 25 0 8 0.00602762307972
35 60 0 8 0.00602560956031
10 20 0 8 0.00602457812056
37 80 0 8 0.00602387590334
17 68 0 8 0.00600626273081
43 64 0 8 0.00599641213194
35 77 0 8 0.00599166518077
42 59 0 8 0.00598834315315
45 79 0 8 0.0059731118381
2 20 0 8 0.00597178703174
27 78 0 8 0.00596916954964
21 46 0 8 0.00596082257107
12 42 0 8 0.00595857994631
26 52 0 8 0.0059573687613
38 81 0 8 0.00595504231751
2 27 0 8 0.00594228552654
32 54 0 8 0.00593995396048
7 29 0 8 0.00593752739951
41 52 0 8 0.0059371702373
1 15 0 8 0.00592295220122
3 77 0 8 0.00591630255803
39 64 0 8 0.00591486692429
27 38 0 8 0.00590933486819
27 77 0 8 0.00590405147523
28 40 0 8 0.00590397324413
49 67 0 8 0.00589965330437
15 63 0 8 0.00589753361419
6 73 0 8 0.00589584885165
29 73 0 8 0.00589237548411
8 38 0 8 0.00588841876015
3 13 0 8 0.00588239030913
16 46 0 8 0.00587593810633
44 75 0 8 0.00587561773136
34 80 0 8 0.00587447872385
33 58 0 8 0.00587226869538
48 80 0 8 0.00587101606652
9 80 0 8 0.00586958276108
7 57 0 8 0.00586609216407
11 39 0 8 0.00586018292233
11 29 0 8 0.00585189927369
18 59 0 8 0.0058516189456
10 18 0 8 0.00584446638823
14 48 0 8 0.0058387289755
31 79 0 8 0.00583771010861
1 18 0 8 0.0058308430016
22 61 0 8 0.00582828139886
32 65 0 8 0.00582482293248
37 75 0 8 0.00582471815869
1 12 0 8 0.00581247080117
41 81 0 8 0.00579434307292
10 77 0 8 0.00578976003453
37 76 0 8 0.00575473811477
57 80 0 8 0.00575406150892
11 31 0 8 0.0057422099635
2 77 0 8 0.00574006745592
23 59 0 8 0.00572668062523
58 78 0 8 0.00572591228411
27 52 0 8 0.00572122028098
10 79 0 8 0.00572007335722
1 37 0 8 0.00571988848969
12 59 0 8 0.00571969337761
43 74 0 8 0.00571704469621
20 81 0 8 0.00570653751493
45 57 0 8 0.00570344598964
28 73 0 8 0.00570266973227
8 79 0 8 0.00569559028372
52 63 0 8 0.00567507976666
70 75 0 8 0.00565921608359
35 74 0 8 0.00562383746728
69 74 0 8 0.00562380300835
24 63 0 8 0.00562022300437
16 47 0 8 0.00561950355768
23 39 0 8 0.00561549467966
27 46 0 8 0.00560510158539
8 81 0 8 0.0055996873416
2 50 0 8 0.00559708336368
29 57 0 8 0.00558499153703
17 46 0 8 0.00556999864057
20 34 0 8 0.00556977419183
48 75 0 8 0.00556637626141
13 36 0 8 0.00556277949363
36 66 0 8 0.00555536989123
28 79 0 8 0.00555025134236
45 80 0 8 0.00553672388196
31 80 0 8 0.00551949581131
4 22 0 8 0.00551810348406
39 72 0 8 0.0055098538287
1 30 0 8 0.00549874501303
4 15 0 8 0.00549826258793
50 73 0 8 0.00549677899107
14 73 0 8 0.00548847299069
16 52 0 8 0.00547486962751
36 48 0 8 0.00547308335081
13 56 0 8 0.00547231500968
15 73 0 8 0.00547146936879
50 81 0 8 0.0054694279097
16 68 0 8 0.00546683464199
3 18 0 8 0.00546487979591
34 65 0 8 0.00546433310956
58 79 0 8 0.00544651830569
20 40 0 8 0.00544408289716
50 59 0 8 0.00544133409858
21 28 0 8 0.00544088007882
30 81 0 8 0.00543777924031
3 61 0 8 0.0054343091324
34 58 0 8 0.00542944576591
12 52 0 8 0.00542558217421
30 79 0 8 0.00541775533929
16 42 0 8 0.0054033882916
30 80 0 8 0.00539680337533
9 29 0 8 0.00539647880942
16 34 0 8 0.00539112463593
57 73 0 8 0.00538432737812
51 68 0 8 0.00538260908797
5 69 0 8 0.00538145005703
33 55 0 8 0.005373459775
53 77 0 8 0.00537245860323
30 55 0 8 0.00537096289918
2 75 0 8 0.00536903506145
7 48 0 8 0.00536774424836
24 57 0 8 0.00535629782826
10 24 0 8 0.00535101862624
17 62 0 8 0.00535028800368
35 59 0 8 0.00534924026579
6 21 0 8 0.00534340040758
34 77 0 8 0.00532441120595
61 74 0 8 0.00531391892582
19 63 0 8 0.00530954729766
9 70 0 8 0.00530621688813
3 68 0 8 0.00530445761979
29 69 0 8 0.00530285295099
42 77 0 8 0.00530238030478
1 29 0 8 0.0052915494889
36 81 0 8 0.00528906472027
50 55 0 8 0.00528723141178
24 49 0 8 0.00528500508517
43 77 0 8 0.00527661154047
38 76 0 8 0.00527599081397
14 80 0 8 0.00526512088254
39 50 0 8 0.00525965727866
19 79 0 8 0.00525658437982
24 61 0 8 0.00525184953585
69 81 0 8 0.00524646881968
10 71 0 8 0.00524614518508
38 59 0 8 0.00524111324921
10 59 0 8 0.00523649854586
57 79 0 8 0.00523419398814
2 70 0 8 0.00523295532912
12 36 0 8 0.00523251341656
27 40 0 8 0.00522927055135
46 76 0 8 0.00522444583476
11 23 0 8 0.00521615799516
24 39 0 8 0.00520672183484
14 41 0 8 0.00519220717251
33 73 0 8 0.00518716778606
31 77 0 8 0.00518705230206
29 54 0 8 0.00517949415371
27 42 0 8 0.00517736934125
4 62 0 8 0.00516551034525
7 56 0 8 0.00515813007951
20 78 0 8 0.00515802996233
36 55 0 8 0.0051568117924
37 55 0 8 0.00515422876924
37 47 0 8 0.00515368860215
24 40 0 8 0.00514824735001
2 23 0 8 0.00514711625874
7 30 0 8 0.00514568109065
16 41 0 8 0.00514470227063
42 78 0 8 0.00514267431572
17 28 0 8 0.0051361718215
5 62 0 8 0.0051221982576
32 81 0 8 0.00511925620958
46 77 0 8 0.00511633092538
40 75 0 8 0.00511577213183
3 50 0 8 0.0051145227626
17 54 0 8 0.00510995369405
44 67 0 8 0.00510773342103
29 38 0 8 0.00510433223099
10 80 0 8 0.00509902229533
2 68 0 8 0.00509583065286
48 81 0 8 0.00509494543076
27 49 0 8 0.00509265018627
8 80 0 8 0.00508973700926
27 64 0 8 0.00508885551244
23 54 0 8 0.00508564338088
43 78 0 8 0.00508551066741
2 38 0 8 0.00508312508464
12 28 0 8 0.00507948733866
16 58 0 8 0.00506882090122
31 78 0 8 0.00506661878899
37 79 0 8 0.00506556825712
25 75 0 8 0.00506404042244
4 68 0 8 0.00506096612662
14 81 0 8 0.00505764177069
5 13 0 8 0.00505759846419
3 20 0 8 0.00505588529631
12 37 0 8 0.00504250638187
20 54 0 8 0.00502087362111
10 73 0 8 0.00501510733739
37 77 0 8 0.00501115899533
34 62 0 8 0.00500815920532
27 61 0 8 0.00500810984522
34 69 0 8 0.00500202085823
35 62 0 8 0.00498859025538
6 48 0 8 0.0049715586938
6 12 0 8 0.00496916007251
18 60 0 8 0.00495943240821
36 72 0 8 0.00495082512498
20 57 0 8 0.00494915992022
34 81 0 8 0.0049417167902
50 70 0 8 0.00493876310065
20 80 0 8 0.00493614887819
27 60 0 8 0.00493474630639
29 58 0 8 0.0049341279082
14 63 0 8 0.00492011010647
3 69 0 8 0.00491884723306
53 79 0 8 0.00491624558344
20 49 0 8 0.00490379100665
30 40 0 8 0.00489977374673
44 70 0 8 0.00489804008976
16 77 0 8 0.00488981697708
9 65 0 8 0.00488280551508
44 76 0 8 0.00488175358623
39 53 0 8 0.00488026207313
29 48 0 8 0.00487352581695
9 54 0 8 0.00486538512632
40 72 0 8 0.00485933339223
18 25 0 8 0.00485391495749
1 51 0 8 0.00484895845875
9 61 0 8 0.00484830979258
17 79 0 8 0.00484611093998
25 41 0 8 0.00484608346596
9 74 0 8 0.00484409043565
16 65 0 8 0.00484341196716
42 65 0 8 0.00483730249107
1 20 0 8 0.00483657931909
28 47 0 8 0.00483401864767
51 73 0 8 0.0048249270767
30 50 0 8 0.00482303882018
61 73 0 8 0.00481633283198
58 71 0 8 0.00480992626399
10 22 0 8 0.00480462657288
28 78 0 8 0.00480244774371
29 79 0 8 0.00479430891573
3 22 0 8 0.00478961830959
15 38 0 8 0.00478874519467
24 52 0 8 0.00478286109865
10 78 0 8 0.00476632220671
41 77 0 8 0.00476134661585
10 25 0 8 0.0047610392794
33 66 0 8 0.00475833797827
17 40 0 8 0.00475631467998
4 61 0 8 0.00474939029664
36 59 0 8 0.00474847480655
16 49 0 8 0.00473650824279
22 55 0 8 0.00470805726945
37 81 0 8 0.00470438785851
23 46 0 8 0.00470200367272
10 68 0 8 0.00470077665523
4 69 0 8 0.00469859782606
17 38 0 8 0.00468915654346
37 67 0 8 0.00468560354784
15 81 0 8 0.00468481658027
34 68 0 8 0.00468016928062
45 64 0 8 0.00466723553836
7 21 0 8 0.00464563257992
52 80 0 8 0.00463656382635
4 75 0 8 0.00463517103344
53 78 0 8 0.00462732138112
30 77 0 8 0.00462622987106
38 49 0 8 0.00462561054155
69 79 0 8 0.00461995881051
34 54 0 8 0.00461904704571
1 75 0 8 0.0046183145605
13 20 0 8 0.00461400253698
57 69 0 8 0.00461180880666
24 30 0 8 0.00460809795186
50 75 0 8 0.00460459757596
14 46 0 8 0.00458946591243
15 72 0 8 0.00458724424243
35 66 0 8 0.00458707008511
9 71 0 8 0.00457425089553
42 70 0 8 0.00457138568163
1 54 0 8 0.00456060562283
30 78 0 8 0.00456014694646
40 67 0 8 0.0045533743687
18 57 0 8 0.00454813381657
32 80 0 8 0.00454621110111
1 38 0 8 0.00454188417643
13 24 0 8 0.00453922245651
9 78 0 8 0.00453697098419
4 76 0 8 0.00453467015177
33 77 0 8 0.00453296303749
5 23 0 8 0.00452728383243
30 65 0 8 0.00452642235905
14 69 0 8 0.004521925468
7 63 0 8 0.0045162322931
30 63 0 8 0.00451424950734
23 61 0 8 0.00451280130073
43 54 0 8 0.00450976938009
9 20 0 8 0.00449553877115
22 79 0 8 0.00449211895466
56 69 0 8 0.00448504509404
20 56 0 8 0.00448348512873
34 79 0 8 0.00448275264353
29 81 0 8 0.00447266874835
38 50 0 8 0.00447126990184
16 62 0 8 0.00447016814724
45 70 0 8 0.00445722788572
23 55 0 8 0.00445005856454
19 54 0 8 0.00444540753961
36 61 0 8 0.00444490509108
30 57 0 8 0.00443480489776
3 12 0 8 0.00443461583927
57 64 0 8 0.00442735012621
26 64 0 8 0.00442654918879
35 51 0 8 0.00442086253315
67 72 0 8 0.00441043544561
13 54 0 8 0.00440814811736
39 58 0 8 0.0043968888931
16 37 0 8 0.00438340613618
40 77 0 8 0.00438249669969
27 74 0 8 0.00438071601093
40 64 0 8 0.00437239091843
29 51 0 8 0.00437142327428
28 38 0 8 0.00436770822853
7 71 0 8 0.00436392705888
1 65 0 8 0.00435872236267
2 69 0 8 0.00435307202861
23 63 0 8 0.00435162801296
65 72 0 8 0.00434960983694
7 75 0 8 0.00434394693002
18 50 0 8 0.00434296950698
19 52 0 8 0.00434023840353
29 77 0 8 0.00433300994337
51 72 0 8 0.00433224672452
16 63 0 8 0.00432833191007
28 46 0 8 0.00432507414371
18 79 0 8 0.00432238075882
31 62 0 8 0.0043210121803
66 71 0 8 0.00432068202645
45 58 0 8 0.00432031275705
20 50 0 8 0.00431714486331
37 53 0 8 0.00431045377627
58 68 0 8 0.00430567143485
3 75 0 8 0.00429768208414
12 39 0 8 0.00428194366395
59 77 0 8 0.00427532708272
41 48 0 8 0.00424702838063
8 78 0 8 0.00423332350329
3 39 0 8 0.00422860495746
12 73 0 8 0.00422710319981
17 51 0 8 0.00421779463068
1 74 0 8 0.00421728380024
32 58 0 8 0.004213034641
22 38 0 8 0.00420867791399
2 12 0 8 0.00419971439987
5 22 0 8 0.0041970051825
23 38 0 8 0.00419617630541
13 64 0 8 0.00419131945819
1 39 0 8 0.00418601278216
27 41 0 8 0.00418336223811
25 46 0 8 0.00417951028794
52 81 0 8 0.00417306134477
25 72 0 8 0.00417242897674
62 74 0 8 0.0041692587547
37 59 0 8 0.00416809879243
1 26 0 8 0.00415774993598
24 69 0 8 0.00415155710652
36 69 0 8 0.00415038643405
21 81 0 8 0.00413743825629
16 50 0 8 0.00412944005802
41 70 0 8 0.00412773992866
24 81 0 8 0.00412713224068
7 25 0 8 0.00412447564304
19 77 0 8 0.00411597639322
36 58 0 8 0.00411091512069
24 79 0 8 0.00410281168297
29 80 0 8 0.00409685634077
3 23 0 8 0.00409128377214
32 63 0 8 0.00409105652943
16 79 0 8 0.00408778246492
16 23 0 8 0.00407924782485
26 70 0 8 0.00407841522247
28 80 0 8 0.00407788809389
7 68 0 8 0.00407763244584
61 77 0 8 0.00407521286979
1 62 0 8 0.00407022284344
41 66 0 8 0.00406754855067
26 46 0 8 0.0040668528527
3 38 0 8 0.00406415015459
18 52 0 8 0.00406279135495
49 79 0 8 0.00406000064686
53 76 0 8 0.00405625812709
42 48 0 8 0.00405146600679
8 77 0 8 0.00405031582341
15 76 0 8 0.0040408517234
1 73 0 8 0.00403159298003
10 49 0 8 0.00403030635789
9 77 0 8 0.00402531400323
1 68 0 8 0.00401688879356
12 62 0 8 0.00401308061555
13 72 0 8 0.00400509499013
13 80 0 8 0.00400508567691
49 81 0 8 0.00400443561375
11 64 0 8 0.00400316528976
10 54 0 8 0.00398980639875
9 28 0 8 0.00397785240784
14 33 0 8 0.00397764099762
1 27 0 8 0.00397732900456
35 75 0 8 0.00397442094982
24 78 0 8 0.00396773545071
24 77 0 8 0.00396671006456
8 63 0 8 0.00396293634549
28 81 0 8 0.00396053725854
63 77 0 8 0.00395966460928
30 59 0 8 0.00395668111742
4 20 0 8 0.0039563504979
3 21 0 8 0.00395575119182
16 38 0 8 0.00395106058568
37 54 0 8 0.00395080354065
31 76 0 8 0.00394935160875
39 79 0 8 0.00394821865484
7 40 0 8 0.00394528498873
41 55 0 8 0.00394184421748
15 40 0 8 0.00393713824451
56 63 0 8 0.00393514754251
50 71 0 8 0.00393424648792
30 73 0 8 0.00393304554746
33 57 0 8 0.00392650719732
23 62 0 8 0.00392410717905
52 67 0 8 0.0039186947979
43 65 0 8 0.00390320830047
39 54 0 8 0.0039029577747
45 60 0 8 0.00390153657645
30 76 0 8 0.00389364082366
7 52 0 8 0.0038867762778
55 63 0 8 0.00388512411155
25 51 0 8 0.0038791957777
10 61 0 8 0.00387824350037
30 47 0 8 0.00387798715383
58 69 0 8 0.00387367955409
40 50 0 8 0.00386394350789
60 77 0 8 0.00385986943729
43 69 0 8 0.00385562190786
5 12 0 8 0.00384789193049
12 63 0 8 0.00383817497641
42 71 0 8 0.00383575446904
13 38 0 8 0.00383300986141
14 38 0 8 0.00382971018553
7 19 0 8 0.00382781866938
62 76 0 8 0.00382695696317
3 70 0 8 0.00382623355836
31 81 0 8 0.00382050359622
36 76 0 8 0.00381978671066
11 73 0 8 0.00381664535962
16 76 0 8 0.00380959594622
5 20 0 8 0.00380929745734
39 65 0 8 0.0038082767278
1 71 0 8 0.00380246527493
70 79 0 8 0.00380037422292
26 63 0 8 0.00379443401471
14 72 0 8 0.00378880184144
45 75 0 8 0.00378845818341
17 48 0 8 0.0037877401337
21 40 0 8 0.00378743442707
1 49 0 8 0.00378514104523
21 26 0 8 0.00378305232152
35 47 0 8 0.00377573259175
10 44 0 8 0.0037731488701
19 80 0 8 0.00376373995095
30 61 0 8 0.00375660741702
21 55 0 8 0.00375559739769
18 78 0 8 0.00375337502919
27 65 0 8 0.00375270657241
2 39 0 8 0.00375152472407
33 61 0 8 0.00374960410409
13 75 0 8 0.00374367902987
25 62 0 8 0.00374273676425
16 74 0 8 0.00373735139146
24 46 0 8 0.0037263808772
35 68 0 8 0.00371505436487
8 39 0 8 0.00371165480465
12 58 0 8 0.00371126527898
39 51 0 8 0.00370722822845
67 73 0 8 0.00370617699809
19 78 0 8 0.00370564172044
2 21 0 8 0.00368816126138
26 54 0 8 0.0036856548395
37 73 0 8 0.00367644033395
40 74 0 8 0.00367344613187
12 54 0 8 0.00367210269906
27 70 0 8 0.0036704542581
24 80 0 8 0.00366494641639
27 81 0 8 0.00366193358786
10 19 0 8 0.003661604831
39 70 0 8 0.00365994032472
37 78 0 8 0.00365695427172
43 66 0 8 0.0036565894261
20 25 0 8 0.00364905921742
14 40 0 8 0.00363659812137
47 74 0 8 0.00363281997852
5 19 0 8 0.00362686160952
35 65 0 8 0.0036252127029
30 66 0 8 0.00361752905883
39 69 0 8 0.00360790989362
69 80 0 8 0.00360115547664
63 81 0 8 0.00358673511073
44 55 0 8 0.00357896229252
53 80 0 8 0.00357844191603
30 64 0 8 0.00357313430868
10 64 0 8 0.00356469978578
45 65 0 8 0.00356341991574
33 51 0 8 0.00356307439506
22 58 0 8 0.00355896120891
8 68 0 8 0.00355876004323
13 81 0 8 0.00354818697087
1 76 0 8 0.0035315726418
34 78 0 8 0.00353045179509
23 52 0 8 0.00352693442255
36 64 0 8 0.00352461566217
13 43 0 8 0.00352063518949
16 78 0 8 0.00351807335392
45 61 0 8 0.00351233431138
39 66 0 8 0.0035088530276
19 46 0 8 0.00350079103373
39 80 0 8 0.00349387456663
27 76 0 8 0.00349185289815
18 74 0 8 0.00348670990206
57 81 0 8 0.00347564811818
35 54 0 8 0.00347485556267
43 61 0 8 0.00346936145797
20 62 0 8 0.00346384150907
1 50 0 8 0.00346088013612
4 21 0 8 0.00345867360011
16 53 0 8 0.00344854476862
39 68 0 8 0.00344520830549
20 74 0 8 0.00344469421543
11 68 0 8 0.00344454031438
42 61 0 8 0.00344415078871
11 18 0 8 0.00342648755759
40 51 0 8 0.00339910853654
1 25 0 8 0.00339828478172
10 62 0 8 0.00339105771855
43 73 0 8 0.00339069357142
37 74 0 8 0.0033903052099
23 51 0 8 0.00338958995417
27 62 0 8 0.00338504416868
49 80 0 8 0.00338321551681
20 51 0 8 0.00338209676556
35 73 0 8 0.00337160308845
23 79 0 8 0.00336589897051
54 69 0 8 0.0033655774314
28 65 0 8 0.00335917947814
4 19 0 8 0.00335190910846
1 55 0 8 0.00335188698955
38 52 0 8 0.00333731458522
42 76 0 8 0.0033237116877
32 61 0 8 0.00331626576371
18 77 0 8 0.00331622664817
2 72 0 8 0.00331529206596
5 51 0 8 0.00331343198195
11 28 0 8 0.00331261474639
17 58 0 8 0.00330917001702
16 55 0 8 0.00330644892529
35 76 0 8 0.00330569478683
12 33 0 8 0.00330464402214
9 66 0 8 0.00330367009155
15 29 0 8 0.00330174574628
38 54 0 8 0.00329569121823
28 54 0 8 0.00329387001693
21 80 0 8 0.00329217826948
18 75 0 8 0.00328895659186
41 53 0 8 0.0032847574912
34 75 0 8 0.00328095979057
53 75 0 8 0.00327922170982
10 42 0 8 0.00326591241173
31 58 0 8 0.00326311169192
23 78 0 8 0.0032612325158
37 60 0 8 0.00325970933773
37 58 0 8 0.00325738312677
68 73 0 8 0.00325639243238
27 80 0 8 0.0032549132593
22 48 0 8 0.00324817677028
61 75 0 8 0.00324536813423
39 55 0 8 0.00324367033318
58 81 0 8 0.00322874099948
25 40 0 8 0.00321898632683
6 76 0 8 0.00321593089029
39 81 0 8 0.00320843746886
10 76 0 8 0.00320582324639
15 48 0 8 0.00320483767428
3 76 0 8 0.00320433778688
24 58 0 8 0.00320405769162
24 38 0 8 0.00320360856131
51 76 0 8 0.00320285186172
43 71 0 8 0.00319220521487
39 57 0 8 0.00318920402788
11 62 0 8 0.00318847945891
23 80 0 8 0.003162444802
33 70 0 8 0.00316239055246
27 55 0 8 0.00315280258656
7 73 0 8 0.00314842956141
18 80 0 8 0.00314834457822
8 51 0 8 0.0031447801739
8 69 0 8 0.00314425257966
40 63 0 8 0.00314033636823
21 79 0 8 0.00313913915306
41 76 0 8 0.0031374595128
9 69 0 8 0.00313385552727
56 77 0 8 0.00312306825072
10 31 0 8 0.00311815668829
33 72 0 8 0.00311503373086
21 76 0 8 0.00310876313597
57 76 0 8 0.00310673634522
1 57 0 8 0.0031004853081
10 69 0 8 0.00309840217233
36 57 0 8 0.00309027079493
2 76 0 8 0.00307914242148
8 48 0 8 0.00307192909531
11 42 0 8 0.00306935398839
49 73 0 8 0.00306665431708
6 13 0 8 0.00306351576
41 56 0 8 0.00306299747899
62 80 0 8 0.00306138466112
13 37 0 8 0.00306137138978
37 56 0 8 0.00306082284078
11 80 0 8 0.00306021748111
6 17 0 8 0.00305086188018
9 55 0 8 0.00304284621961
28 64 0 8 0.00303558609448
60 78 0 8 0.00302205979824
45 71 0 8 0.0030106024351
32 76 0 8 0.00300287920982
21 77 0 8 0.00299385073595
37 69 0 8 0.00298528186977
27 54 0 8 0.00298414519057
41 71 0 8 0.00297941616736
14 75 0 8 0.00297551904805
12 61 0 8 0.00297342636622
8 62 0 8 0.0029723548796
40 46 0 8 0.00297015416436
10 57 0 8 0.00296720140614
35 55 0 8 0.002962062601
40 76 0 8 0.00296153314412
6 27 0 8 0.00296128122136
39 62 0 8 0.00295901973732
23 81 0 8 0.00295688770711
35 58 0 8 0.00295666698366
21 32 0 8 0.00295528257266
3 72 0 8 0.00294794910587
29 47 0 8 0.00294749485329
20 46 0 8 0.00294632930309
36 62 0 8 0.00294273276813
33 63 0 8 0.00294091179967
55 62 0 8 0.00292630190961
28 63 0 8 0.00291532301344
16 35 0 8 0.00291385827586
22 68 0 8 0.00291345803998
33 64 0 8 0.00291280425154
61 78 0 8 0.00291198864579
64 71 0 8 0.00291160494089
32 68 0 8 0.00290964823216
36 60 0 8 0.00290713179857
62 79 0 8 0.002904814668
28 57 0 8 0.00290388381109
27 66 0 8 0.00290295062587
19 74 0 8 0.00290104933083
41 62 0 8 0.00290081230924
39 56 0 8 0.00289966491982
17 72 0 8 0.002899058396
18 63 0 8 0.002897961298
22 62 0 8 0.00289177312516
41 51 0 8 0.00288612907752
42 66 0 8 0.00288318167441
13 53 0 8 0.00288257724606
57 75 0 8 0.00288104801439
1 61 0 8 0.00287717813626
32 72 0 8 0.00287644076161
17 76 0 8 0.0028688700404
19 56 0 8 0.00286726094782
15 69 0 8 0.00286541553214
10 48 0 8 0.00286515266635
1 58 0 8 0.00286277243868
21 48 0 8 0.002861849498
38 55 0 8 0.00285580870695
17 69 0 8 0.00285254372284
53 65 0 8 0.00285149272531
41 65 0 8 0.00284896790981
27 59 0 8 0.0028393920511
17 47 0 8 0.00283266557381
24 51 0 8 0.00282090879045
63 80 0 8 0.00281927152537
19 67 0 8 0.00281837885268
14 76 0 8 0.00281657557935
10 23 0 8 0.0028159825597
23 66 0 8 0.00281498767436
67 80 0 8 0.00281434133649
67 81 0 8 0.00280713872053
36 54 0 8 0.00280385324731
36 68 0 8 0.00280101341195
27 75 0 8 0.00279750488698
13 50 0 8 0.00279692350887
1 21 0 8 0.00279537844472
63 79 0 8 0.00278648314998
38 56 0 8 0.0027826379519
55 69 0 8 0.00277552427724
8 58 0 8 0.00277046230622
18 54 0 8 0.00276962597854
37 62 0 8 0.00276333652437
26 65 0 8 0.00275692343712
11 78 0 8 0.00275360746309
53 72 0 8 0.00274951988831
16 25 0 8 0.00274388794787
36 73 0 8 0.00273884553462
53 59 0 8 0.00273719988763
28 61 0 8 0.00273318449035
8 75 0 8 0.00273134349845
5 21 0 8 0.00272834859788
25 39 0 8 0.0027276261244
56 68 0 8 0.00272605707869
32 62 0 8 0.00272253598087
1 59 0 8 0.00272216834128
41 64 0 8 0.00272005260922
61 80 0 8 0.00271948100999
7 58 0 8 0.00271779764444
45 68 0 8 0.00271396432072
68 77 0 8 0.0027074997779
28 48 0 8 0.00270703877322
1 23 0 8 0.00270556006581
20 35 0 8 0.00270018493757
18 81 0 8 0.00269833765924
47 72 0 8 0.00269312527962
9 46 0 8 0.00269029731862
38 69 0 8 0.00268556154333
7 12 0 8 0.00267878477462
65 71 0 8 0.00267591606826
10 47 0 8 0.00267030484974
7 26 0 8 0.0026683753822
12 66 0 8 0.0026669127401
18 56 0 8 0.00265765096992
8 47 0 8 0.00265617785044
38 63 0 8 0.00265493523329
58 80 0 8 0.00265323603526
1 69 0 8 0.00265212613158
61 79 0 8 0.00265140319243
23 71 0 8 0.00265039107762
56 72 0 8 0.00263939867727
40 73 0 8 0.0026285732165
38 61 0 8 0.00261116935872
20 38 0 8 0.00260400492698
16 80 0 8 0.00259481952526
62 81 0 8 0.00258939899504
13 63 0 8 0.00257976283319
14 31 0 8 0.00257127406076
4 72 0 8 0.00256462977268
1 60 0 8 0.0025602474343
70 78 0 8 0.00255504925735
41 54 0 8 0.00255172676407
18 62 0 8 0.0025499407202
7 76 0 8 0.00254941801541
28 62 0 8 0.00254553859122
19 59 0 8 0.00254414393567
30 69 0 8 0.00254369387403
9 30 0 8 0.00253816368058
70 81 0 8 0.00252437614836
42 47 0 8 0.00252077891491
19 64 0 8 0.0025186133571
38 57 0 8 0.00251807807945
28 58 0 8 0.00251163681969
13 47 0 8 0.00250773085281
19 50 0 8 0.00250655040145
52 72 0 8 0.00250143976882
19 69 0 8 0.00250091054477
21 38 0 8 0.00249210535549
10 33 0 8 0.00248217629269
30 60 0 8 0.00247993296944
9 52 0 8 0.00247172242962
43 75 0 8 0.00246701575816
15 31 0 8 0.00246435008012
53 64 0 8 0.002461993834
41 61 0 8 0.00245907483622
26 75 0 8 0.00245827739127
12 38 0 8 0.00245255907066
60 79 0 8 0.00244545657188
52 66 0 8 0.00244007189758
13 23 0 8 0.0024333759211
21 27 0 8 0.00243212259375
50 76 0 8 0.00242977077141
42 54 0 8 0.00242455559783
11 77 0 8 0.00242405268364
13 68 0 8 0.00241846917197
49 68 0 8 0.00241460092366
4 23 0 8 0.00241165561602
42 64 0 8 0.00241159577854
11 66 0 8 0.00240980810486
15 75 0 8 0.00240717991255
40 57 0 8 0.00240707118064
35 72 0 8 0.00240372866392
60 80 0 8 0.00240286556073
44 69 0 8 0.00239850650541
42 51 0 8 0.00239737750962
21 54 0 8 0.00239137839526
69 78 0 8 0.00238839071244
62 77 0 8 0.00238066143356
20 58 0 8 0.00238033640198
53 58 0 8 0.00237844069488
12 77 0 8 0.00237617199309
55 68 0 8 0.00236164056696
34 72 0 8 0.00235439417884
41 72 0 8 0.00234710401855
13 34 0 8 0.00234611611813
13 65 0 8 0.00234586279839
22 81 0 8 0.00234482833184
7 23 0 8 0.00234124157578
46 52 0 8 0.00233872118406
9 68 0 8 0.00233238260262
26 61 0 8 0.00232875836082
19 61 0 8 0.00232495483942
17 75 0 8 0.00232255482115
64 72 0 8 0.00232072151266
27 47 0 8 0.00231892894953
24 62 0 8 0.00231678970158
24 54 0 8 0.00231364741921
38 51 0 8 0.00231274287216
19 24 0 8 0.00231192982756
9 63 0 8 0.00231046974659
38 74 0 8 0.00230974354781
26 66 0 8 0.00230647996068
13 25 0 8 0.00230385898612
22 80 0 8 0.0023028627038
7 61 0 8 0.00230135349557
19 55 0 8 0.00229560397565
26 58 0 8 0.0022924982477
40 56 0 8 0.00228589167818
20 53 0 8 0.00228328630328
16 81 0 8 0.00227748113684
13 61 0 8 0.00227370811626
43 76 0 8 0.00226742564701
13 70 0 8 0.0022665055003
28 76 0 8 0.00226630386896
42 63 0 8 0.00226129917428
8 13 0 8 0.00226047402248
60 72 0 8 0.00225961301476
13 41 0 8 0.00225954409689
6 72 0 8 0.0022538760677
29 62 0 8 0.00224943272769
33 69 0 8 0.00224769418128
58 75 0 8 0.00223295320757
65 76 0 8 0.00222659856081
36 71 0 8 0.00222588703036
22 77 0 8 0.00222177850083
21 29 0 8 0.00220902450383
56 79 0 8 0.00220588222146
21 75 0 8 0.00220501748845
8 18 0 8 0.002203454962
41 47 0 8 0.00219407933764
10 26 0 8 0.00219017104246
54 62 0 8 0.00218271743506
38 67 0 8 0.00217947037891
26 38 0 8 0.00217945990153
30 51 0 8 0.00217917072587
40 70 0 8 0.00217852275819
53 81 0 8 0.00217626220547
17 81 0 8 0.00217203726061
21 58 0 8 0.00216901884414
40 48 0 8 0.00216856156476
56 64 0 8 0.00215618126094
12 69 0 8 0.0021526447963
35 71 0 8 0.00214911391959
35 63 0 8 0.00214884080924
20 76 0 8 0.00214414368384
5 72 0 8 0.00213955668733
7 62 0 8 0.00213609216735
7 55 0 8 0.00213187001646
7 54 0 8 0.00212297728285
9 18 0 8 0.00211529573426
12 40 0 8 0.00211406918243
14 32 0 8 0.00210905936547
16 70 0 8 0.00210859207436
62 78 0 8 0.00210857694037
69 77 0 8 0.00210531242192
62 75 0 8 0.00210223626345
14 29 0 8 0.00209743529558
27 48 0 8 0.00209262524731
23 68 0 8 0.00208665826358
42 58 0 8 0.00208114786074
46 67 0 8 0.00208062003367
12 27 0 8 0.00208021933213
25 80 0 8 0.00207754131407
17 26 0 8 0.00207644607872
6 19 0 8 0.0020740465261
16 59 0 8 0.00207306398079
46 69 0 8 0.00206828303635
26 77 0 8 0.00206503574736
61 81 0 8 0.00205716607161
56 78 0 8 0.00205270689912
17 80 0 8 0.00205241888762
50 58 0 8 0.00205201446079
6 20 0 8 0.00205194624141
35 64 0 8 0.00204544560984
25 38 0 8 0.0020415734034
13 57 0 8 0.00204138970003
4 16 0 8 0.0020357768517
68 74 0 8 0.00203255424276
33 68 0 8 0.00203210767359
56 80 0 8 0.00203168974258
30 54 0 8 0.00203061313368
15 30 0 8 0.00201992597431
60 75 0 8 0.00201931642368
10 27 0 8 0.00201825704426
1 22 0 8 0.00201603467576
13 40 0 8 0.00200449372642
30 62 0 8 0.00200377288274
18 70 0 8 0.00200252886862
36 70 0 8 0.00199586059898
10 17 0 8 0.00199389178306
27 73 0 8 0.00199074973352
55 66 0 8 0.00198610988446
6 16 0 8 0.00198088516481
12 68 0 8 0.00198056572117
37 64 0 8 0.00197764532641
20 69 0 8 0.00197194167413
11 81 0 8 0.00196067034267
44 56 0 8 0.00195684167556
7 47 0 8 0.0019545215182
40 54 0 8 0.00195055571385
65 81 0 8 0.0019439435564
1 72 0 8 0.0019428197993
24 76 0 8 0.00194239267148
65 79 0 8 0.00193359749392
26 51 0 8 0.00193190958817
1 56 0 8 0.00193148304243
19 60 0 8 0.00193097197916
12 47 0 8 0.00193050620146
25 47 0 8 0.00193050527014
10 58 0 8 0.00193039316218
40 66 0 8 0.00192793447059
17 32 0 8 0.00192613876425
62 72 0 8 0.00192408461589
8 76 0 8 0.00192225864157
13 59 0 8 0.00191983405966
38 65 0 8 0.00191596557852
42 73 0 8 0.00191162561532
28 69 0 8 0.00191055051982
44 64 0 8 0.00190110737458
43 60 0 8 0.00189633516129
23 73 0 8 0.00189308694098
40 71 0 8 0.00189167750068
70 80 0 8 0.00189137412235
41 60 0 8 0.00188887328841
22 47 0 8 0.00188335531857
9 75 0 8 0.00188328896184
26 73 0 8 0.00187911582179
11 30 0 8 0.00187787564937
13 49 0 8 0.00187594897579
9 14 0 8 0.00187295756768
38 64 0 8 0.00186656264123
16 75 0 8 0.00186113722157
54 64 0 8 0.00185723230243
54 60 0 8 0.00185280456208
63 78 0 8 0.00185273750685
26 78 0 8 0.00184041284956
22 69 0 8 0.00183748605195
22 30 0 8 0.00183575868141
38 72 0 8 0.00183209509123
64 81 0 8 0.00182997388765
6 18 0 8 0.00182241701987
10 40 0 8 0.00182092131581
11 40 0 8 0.00181873771362
21 51 0 8 0.00181610626169
11 41 0 8 0.00181387912016
14 27 0 8 0.00181282614358
64 80 0 8 0.00180644448847
52 59 0 8 0.00179703417234
35 69 0 8 0.00179553800263
18 48 0 8 0.00179139943793
27 57 0 8 0.00178978859913
48 71 0 8 0.00178968976252
16 73 0 8 0.00178848137148
42 75 0 8 0.00178793061059
65 80 0 8 0.00178749673069
23 58 0 8 0.00178705516737
7 24 0 8 0.00178621755913
14 28 0 8 0.0017823651433
53 69 0 8 0.00178193592001
19 51 0 8 0.0017762358766
47 55 0 8 0.00177538138814
10 75 0 8 0.00176394649316
38 68 0 8 0.00175689009484
43 59 0 8 0.00175600394141
18 73 0 8 0.00175569381099
56 81 0 8 0.00175474467687
12 78 0 8 0.00174965709448
13 71 0 8 0.00174956535921
22 51 0 8 0.00174932228401
18 55 0 8 0.00174837652594
5 16 0 8 0.00174595392309
23 75 0 8 0.00174105411861
23 69 0 8 0.00174104084726
46 53 0 8 0.00172674586065
9 60 0 8 0.00172487529926
49 76 0 8 0.00172468146775
9 27 0 8 0.00172323803417
14 30 0 8 0.0017231691163
20 71 0 8 0.00171971437521
7 27 0 8 0.00171933614183
13 55 0 8 0.00171748420689
7 69 0 8 0.00171623879578
18 31 0 8 0.00171249546111
66 80 0 8 0.00171206425875
27 71 0 8 0.00170934037305
40 52 0 8 0.00170746422373
12 30 0 8 0.00170541717671
67 78 0 8 0.00170518667437
27 51 0 8 0.00170132401399
30 58 0 8 0.00169577170163
20 29 0 8 0.00169547297992
11 69 0 8 0.0016945451498
49 75 0 8 0.00169051100966
13 31 0 8 0.00168985535856
13 48 0 8 0.00168975314591
5 17 0 8 0.0016896269517
60 76 0 8 0.00168597034644
35 70 0 8 0.0016826413339
37 71 0 8 0.00168094178662
1 70 0 8 0.00167934130877
56 76 0 8 0.00167564162984
67 79 0 8 0.00167117908131
16 28 0 8 0.00166725600138
36 63 0 8 0.00166704726871
66 74 0 8 0.00166680675466
64 78 0 8 0.0016656400403
20 47 0 8 0.00166337471455
38 47 0 8 0.00166204094421
26 79 0 8 0.0016589036677
52 68 0 8 0.00165821507107
42 62 0 8 0.00165753089823
19 73 0 8 0.00165289686993
54 68 0 8 0.0016444134526
64 74 0 8 0.00164127186872
13 26 0 8 0.00164003239479
42 60 0 8 0.00163952412549
13 35 0 8 0.00163097656332
17 27 0 8 0.00162234669551
11 47 0 8 0.00161551742349
13 52 0 8 0.00160474469885
44 62 0 8 0.00160223001149
25 48 0 8 0.00159971707035
26 62 0 8 0.00159717083443
40 61 0 8 0.00159703707322
44 57 0 8 0.00159560982138
39 63 0 8 0.0015903133899
28 72 0 8 0.00158903899137
23 29 0 8 0.0015801913105
25 77 0 8 0.00157855649013
51 70 0 8 0.00157650245819
25 78 0 8 0.00157258566469
68 75 0 8 0.00156962231267
70 77 0 8 0.00156775512733
10 41 0 8 0.00156735593919
38 73 0 8 0.00156375661027
40 55 0 8 0.00156065810006
19 71 0 8 0.00155123544391
56 75 0 8 0.00154358753935
60 81 0 8 0.00154015352018
52 69 0 8 0.00153704825789
13 60 0 8 0.00153511902317
13 28 0 8 0.00153257034253
13 42 0 8 0.0015241811052
59 72 0 8 0.00152233673725
64 79 0 8 0.00151312421076
12 75 0 8 0.00150902557652
12 51 0 8 0.00150348048192
13 33 0 8 0.00150008185301
59 78 0 8 0.00149472279008
13 62 0 8 0.00149066105951
61 76 0 8 0.0014834307367
13 69 0 8 0.00147915445268
70 76 0 8 0.00147802103311
10 16 0 8 0.0014765728265
39 60 0 8 0.00147240969818
19 58 0 8 0.00147237593774
26 69 0 8 0.0014696206199
19 48 0 8 0.00146775483154
46 75 0 8 0.00146454852074
25 81 0 8 0.00146183639299
12 79 0 8 0.00145618780516
50 65 0 8 0.00144861324225
51 59 0 8 0.00143680884503
44 68 0 8 0.00143422163092
26 80 0 8 0.001429554075
55 72 0 8 0.00142898235936
26 81 0 8 0.00142809608951
18 76 0 8 0.00142042932566
41 63 0 8 0.00142036855686
12 81 0 8 0.00142011768185
5 15 0 8 0.00141843489837
19 66 0 8 0.00141608912963
58 72 0 8 0.00141268607695
40 65 0 8 0.00141022354364
20 28 0 8 0.00140698859468
11 27 0 8 0.00140490452759
27 69 0 8 0.00139362900518
46 54 0 8 0.00138849881478
44 66 0 8 0.00138667982537
10 30 0 8 0.00138482160401
13 66 0 8 0.00137809081934
43 55 0 8 0.00137764541432
22 76 0 8 0.00137669569813
47 67 0 8 0.00137620547321
7 20 0 8 0.00137134897523
50 69 0 8 0.00136709399521
15 27 0 8 0.00136665790342
37 66 0 8 0.00136627326719
59 81 0 8 0.00136224494781
49 60 0 8 0.00135792314541
51 62 0 8 0.00135719135869
37 61 0 8 0.00135450938251
40 69 0 8 0.00135142076761
66 81 0 8 0.00134767277632
18 69 0 8 0.00134583725594
22 29 0 8 0.00134559313301
27 68 0 8 0.00134249357507
23 76 0 8 0.00133632519282
37 70 0 8 0.00133437674958
19 49 0 8 0.00133150268812
16 33 0 8 0.00132530124392
24 48 0 8 0.00131727266125
48 72 0 8 0.00131610454991
25 76 0 8 0.00131600245368
67 74 0 8 0.00131438707467
8 72 0 8 0.00131356809288
23 47 0 8 0.00129655748606
8 16 0 8 0.00129632651806
9 17 0 8 0.00129547179677
63 76 0 8 0.00129534234293
19 47 0 8 0.0012942829635
9 48 0 8 0.00127441552468
10 51 0 8 0.0012715352932
37 63 0 8 0.0012696395861
12 80 0 8 0.00126385129988
13 32 0 8 0.0012615614105
45 62 0 8 0.00125924916938
9 15 0 8 0.00125712680165
54 63 0 8 0.00125042430591
30 72 0 8 0.00124623253942
18 47 0 8 0.00124595768284
41 58 0 8 0.00124452495947
46 70 0 8 0.00124320748728
8 14 0 8 0.00124161760323
59 80 0 8 0.0012341469992
16 69 0 8 0.00122716720216
56 62 0 8 0.00122588675003
26 68 0 8 0.00122350128368
26 76 0 8 0.0012203726219
42 68 0 8 0.00121637003031
54 61 0 8 0.00120657880325
17 29 0 8 0.00120650348254
40 59 0 8 0.00120086490642
11 48 0 8 0.00119837839156
49 56 0 8 0.00119314016774
25 79 0 8 0.00119259359781
54 72 0 8 0.00118852010928
44 72 0 8 0.00118597329129
9 47 0 8 0.00118024775293
33 65 0 8 0.00117758009583
20 68 0 8 0.00117713422514
49 59 0 8 0.0011759015033
20 48 0 8 0.0011720189359
27 58 0 8 0.0011647840729
16 26 0 8 0.00115477771033
27 72 0 8 0.00115254789125
41 69 0 8 0.00114376225974
47 65 0 8 0.00113996118307
37 68 0 8 0.00113767373841
23 48 0 8 0.00113618094474
43 72 0 8 0.00112362392247
48 73 0 8 0.0011197749991
9 62 0 8 0.00111588300206
54 66 0 8 0.00111186620779
59 79 0 8 0.00111185398418
40 53 0 8 0.00110830308404
18 58 0 8 0.00110305717681
38 60 0 8 0.00110178592149
59 76 0 8 0.00109618378337
48 54 0 8 0.00109337363392
40 68 0 8 0.00109174626414
52 58 0 8 0.00108271220233
48 53 0 8 0.00107863999438
19 26 0 8 0.00107637501787
9 58 0 8 0.00107225263491
15 28 0 8 0.00107145414222
44 61 0 8 0.00106886820868
37 72 0 8 0.0010688258335
53 68 0 8 0.00106737390161
51 66 0 8 0.00106506969314
12 48 0 8 0.00106441392563
9 76 0 8 0.00105325365439
13 58 0 8 0.00104958552402
39 59 0 8 0.00104663998354
16 31 0 8 0.00104484532494
18 51 0 8 0.00104289804585
48 70 0 8 0.0010360024171
44 63 0 8 0.00103464222047
51 58 0 8 0.00103428156581
49 70 0 8 0.00102188717574
46 55 0 8 0.00101762230042
13 29 0 8 0.00101432786323
24 47 0 8 0.00101398339029
45 72 0 8 0.00101338617969
20 31 0 8 0.00100875622593
16 32 0 8 0.00100672268309
38 58 0 8 0.00100077327807
22 28 0 8 0.000992104061879
19 25 0 8 0.000960432516877
48 58 0 8 0.000947839405853
43 63 0 8 0.000943151360843
41 57 0 8 0.000938276003581
12 72 0 8 0.00093752052635
59 75 0 8 0.000936666911002
44 65 0 8 0.000935667485464
40 62 0 8 0.000930847192649
10 72 0 8 0.00092171371216
21 72 0 8 0.000918731384445
43 68 0 8 0.000916755117942
11 76 0 8 0.000916239921935
18 72 0 8 0.00091553357197
50 68 0 8 0.000907626235858
20 75 0 8 0.000905132095795
4 18 0 8 0.000899393344298
13 73 0 8 0.000893893477041
50 72 0 8 0.000889088318218
65 77 0 8 0.000885723391548
23 30 0 8 0.000885078450665
12 76 0 8 0.000884365756065
53 66 0 8 0.000880394363776
16 27 0 8 0.000871582829859
44 71 0 8 0.000869275885634
53 61 0 8 0.000856844359078
40 58 0 8 0.000855997262988
19 68 0 8 0.000855914084241
9 51 0 8 0.000849042960908
44 60 0 8 0.000844763126224
13 51 0 8 0.000841217464767
47 70 0 8 0.000828750897199
7 18 0 8 0.00082559173461
13 27 0 8 0.000823617214337
22 27 0 8 0.000819864158984
48 67 0 8 0.000816907791886
51 57 0 8 0.000814890256152
69 76 0 8 0.000804970622994
16 72 0 8 0.000803654256742
18 32 0 8 0.000803112634458
26 47 0 8 0.000798795430455
11 75 0 8 0.000793744286057
40 60 0 8 0.000787159136962
20 72 0 8 0.00078264932381
42 72 0 8 0.000779564375989
18 26 0 8 0.000774762884248
43 62 0 8 0.000771544640884
18 33 0 8 0.00076851376798
5 18 0 8 0.000764914962929
20 26 0 8 0.000764337950386
43 58 0 8 0.000762753479648
55 64 0 8 0.000761163013522
13 30 0 8 0.000758316251449
49 55 0 8 0.00075668701902
19 75 0 8 0.000752653868403
22 75 0 8 0.000752337684389
23 72 0 8 0.000747588637751
44 58 0 8 0.000745885365177
53 63 0 8 0.000729028310161
55 61 0 8 0.000723329081666
7 72 0 8 0.000722493743524
64 75 0 8 0.00072232511593
7 13 0 8 0.000716478505637
7 14 0 8 0.000715599220712
7 15 0 8 0.000713114743121
68 76 0 8 0.00070804572897
21 30 0 8 0.000707469356712
50 66 0 8 0.000704484875314
7 51 0 8 0.000703920784872
26 48 0 8 0.000700874079484
19 31 0 8 0.000695253314916
43 57 0 8 0.000694956223015
66 79 0 8 0.000687519903295
66 73 0 8 0.000682464509737
64 77 0 8 0.000671700225212
19 32 0 8 0.000668208289426
48 68 0 8 0.000662860984448
47 58 0 8 0.000648002896924
38 53 0 8 0.000646981294267
67 75 0 8 0.000640872865915
51 65 0 8 0.000640409765765
24 72 0 8 0.00063876848435
46 71 0 8 0.00063472345937
65 78 0 8 0.000628627662081
67 77 0 8 0.000625983288046
48 69 0 8 0.00062219199026
49 57 0 8 0.0006134181167
10 32 0 8 0.000612437259406
20 32 0 8 0.000601987645496
18 29 0 8 0.000586837239098
18 27 0 8 0.000583458924666
53 62 0 8 0.000583351589739
49 71 0 8 0.000581419095397
26 72 0 8 0.00057296641171
50 61 0 8 0.000570671574678
64 76 0 8 0.000570345320739
49 69 0 8 0.000562893634196
52 62 0 8 0.000562187458854
49 63 0 8 0.000560742279049
50 64 0 8 0.000543985283002
16 29 0 8 0.000538067368325
46 72 0 8 0.000537797692232
48 62 0 8 0.000532290432602
66 77 0 8 0.000524673319887
22 72 0 8 0.000522560440004
46 60 0 8 0.000521865091287
47 53 0 8 0.000517024018336
19 27 0 8 0.000514820392709
51 60 0 8 0.000512429804076
11 38 0 8 0.000502572394907
49 58 0 8 0.000494351959787
39 61 0 8 0.000494092004374
49 66 0 8 0.000493997766171
20 33 0 8 0.000486945587909
11 72 0 8 0.000486855307827
48 57 0 8 0.000483824172989
46 73 0 8 0.000480923714349
69 75 0 8 0.000480642105686
46 68 0 8 0.000480007729493
65 75 0 8 0.000477567664348
50 60 0 8 0.000474907254102
48 56 0 8 0.000474828935694
46 56 0 8 0.000470079539809
7 17 0 8 0.000468713493319
66 78 0 8 0.000462334224721
49 65 0 8 0.000450835941592
52 64 0 8 0.000444642442744
47 61 0 8 0.000443476455985
17 30 0 8 0.000442269054474
46 66 0 8 0.000439384690253
49 72 0 8 0.000426970713306
48 66 0 8 0.000419427931774
46 57 0 8 0.000408676685765
18 28 0 8 0.000396486371756
47 64 0 8 0.000389222986996
46 64 0 8 0.000386856991099
50 63 0 8 0.000382983707823
51 61 0 8 0.000376646523364
52 61 0 8 0.000369321613107
9 16 0 8 0.000365278916433
38 70 0 8 0.000363951781765
48 61 0 8 0.000362743041478
20 30 0 8 0.000353137671482
50 62 0 8 0.000338999641826
9 72 0 8 0.000337166187819
16 30 0 8 0.000334406387992
47 69 0 8 0.000331863120664
47 56 0 8 0.000326366076479
52 60 0 8 0.000325951870764
51 69 0 8 0.000321487430483
48 55 0 8 0.000314931181492
48 65 0 8 0.000310161034577
47 57 0 8 0.000303137523588
67 76 0 8 0.000299067556625
48 64 0 8 0.000292844430078
51 63 0 8 0.000290782860247
47 59 0 8 0.000282026274363
19 30 0 8 0.000275981554296
48 59 0 8 0.000274827791145
66 76 0 8 0.000262753368588
46 61 0 8 0.000259907013969
46 63 0 8 0.000254276848864
19 29 0 8 0.000248870637733
47 63 0 8 0.00024773759651
19 72 0 8 0.000246458308538
46 65 0 8 0.000242004301981
19 28 0 8 0.000241985617322
47 66 0 8 0.000233354017837
51 64 0 8 0.000232126869378
66 75 0 8 0.00023107555171
49 64 0 8 0.000231047786656
49 62 0 8 0.000223018359975
46 62 0 8 0.000201740316697
48 63 0 8 0.000184329677722
47 62 0 8 0.000178175789188
46 59 0 8 0.000168891099747
7 16 0 8 0.000168111044331
18 30 0 8 0.000164935641806
49 61 0 8 0.000156442329171
47 60 0 8 0.000147218510392
46 58 0 8 0.000119653333968
48 60 0 8 5.65776208532e-05
