52 53 0 8 0.999997854233
45 46 0 8 0.999997496605
47 48 0 8 0.999996840954
72 73 0 8 0.999995470047
65 66 0 8 0.999995350838
70 71 0 8 0.99999499321
74 75 0 8 0.999994575977
41 42 0 8 0.999994337559
86 87 0 8 0.999993562698
43 44 0 8 0.99999165535
68 69 0 8 0.999991595745
73 74 0 8 0.999990940094
44 45 0 8 0.999990642071
46 47 0 8 0.999988615513
36 37 0 8 0.999987542629
49 50 0 8 0.999986410141
69 70 0 8 0.999986171722
1 2 0 8 0.999984800816
54 55 0 8 0.999983012676
53 54 0 8 0.999982953072
50 51 0 8 0.999982774258
37 38 0 8 0.999982535839
2 3 0 8 0.999980688095
48 49 0 8 0.999980509281
64 65 0 8 0.999978482723
21 22 0 8 0.999976754189
23 24 0 8 0.999970436096
76 77 0 8 0.999969363213
24 25 0 8 0.999967336655
38 39 0 8 0.999966800213
20 21 0 8 0.999963819981
78 79 0 8 0.99996316433
55 56 0 8 0.999962925911
26 27 0 8 0.999961018562
42 43 0 8 0.999959826469
63 64 0 8 0.999957919121
51 52 0 8 0.999956548214
22 23 0 8 0.999951004982
67 68 0 8 0.999950587749
79 80 0 8 0.999948978424
3 4 0 8 0.999948740005
75 76 0 8 0.999946534634
71 72 0 8 0.999944448471
34 35 0 8 0.999939322472
33 34 0 8 0.99993622303
32 33 0 8 0.999935865402
77 78 0 8 0.999934852123
39 40 0 8 0.999929964542
66 67 0 8 0.999926626682
29 30 0 8 0.999925136566
35 36 0 8 0.999919891357
30 31 0 8 0.999902904034
56 57 0 8 0.999901473522
25 26 0 8 0.999887049198
59 60 0 8 0.99986577034
10 11 0 8 0.999822556973
40 41 0 8 0.999821484089
31 32 0 8 0.99981045723
58 59 0 8 0.999784290791
27 28 0 8 0.999766528606
19 20 0 8 0.999762475491
4 5 0 8 0.999733567238
18 19 0 8 0.99972653389
60 61 0 8 0.99971395731
61 62 0 8 0.999697089195
12 13 0 8 0.999695658684
28 29 0 8 0.999683260918
85 86 0 8 0.999675512314
9 10 0 8 0.999666452408
15 16 0 8 0.999618887901
13 14 0 8 0.999604225159
80 81 0 8 0.999576926231
11 12 0 8 0.999564230442
16 17 0 8 0.99952352047
17 18 0 8 0.999487221241
57 58 0 8 0.999467372894
84 85 0 8 0.999358892441
81 82 0 8 0.999320924282
7 8 0 8 0.999123334885
8 9 0 8 0.999090850353
14 15 0 8 0.99904692173
6 7 0 8 0.998547077179
62 63 0 8 0.997833251953
5 6 0 8 0.997467517853
83 84 0 8 0.997050762177
82 83 0 8 0.996800005436
67 69 0 8 0.996459960938
71 73 0 8 0.995596528053
45 47 0 8 0.995561182499
64 66 0 8 0.995294809341
65 67 0 8 0.995294034481
49 51 0 8 0.995098650455
46 48 0 8 0.994978964329
47 49 0 8 0.99483191967
70 72 0 8 0.993465423584
66 68 0 8 0.993340790272
46 49 0 8 0.99101370573
64 67 0 8 0.990907788277
73 75 0 8 0.990341126919
34 36 0 8 0.990225613117
72 74 0 8 0.98984515667
69 71 0 8 0.989412248135
63 65 0 8 0.989157378674
74 76 0 8 0.988936901093
48 51 0 8 0.988536834717
70 73 0 8 0.987520158291
66 69 0 8 0.986814975739
67 70 0 8 0.98663520813
71 74 0 8 0.986460745335
48 50 0 8 0.985717594624
63 66 0 8 0.98524838686
68 70 0 8 0.985150337219
49 52 0 8 0.983967721462
45 48 0 8 0.982212841511
47 50 0 8 0.982164859772
53 55 0 8 0.981461882591
72 75 0 8 0.980862855911
68 71 0 8 0.980327665806
35 37 0 8 0.978262782097
65 68 0 8 0.976803779602
73 76 0 8 0.975904345512
36 38 0 8 0.975903391838
74 77 0 8 0.97363692522
69 72 0 8 0.972481191158
50 53 0 8 0.972021818161
67 71 0 8 0.971643507481
50 52 0 8 0.971538305283
33 35 0 8 0.971451222897
31 33 0 8 0.968233346939
47 51 0 8 0.967725157738
69 73 0 8 0.963847637177
34 37 0 8 0.963327288628
70 74 0 8 0.962235569954
42 44 0 8 0.960607409477
38 40 0 8 0.960023343563
66 70 0 8 0.957492589951
63 67 0 8 0.957244932652
75 77 0 8 0.956340253353
35 38 0 8 0.955673396587
37 39 0 8 0.954574286938
45 49 0 8 0.950341820717
48 52 0 8 0.949036002159
71 75 0 8 0.948281526566
46 50 0 8 0.946815788746
34 38 0 8 0.943506896496
72 76 0 8 0.942426681519
44 49 0 8 0.937740981579
36 39 0 8 0.93725001812
49 53 0 8 0.935191631317
68 72 0 8 0.934184551239
21 23 0 8 0.932347655296
62 66 0 8 0.932080447674
51 53 0 8 0.930005848408
22 24 0 8 0.928600132465
32 34 0 8 0.9208355546
44 48 0 8 0.920731425285
81 83 0 8 0.912768602371
73 77 0 8 0.909914493561
40 42 0 8 0.909256875515
24 31 0 8 0.907344818115
13 15 0 8 0.907213330269
33 36 0 8 0.90598487854
76 78 0 8 0.904441833496
62 67 0 8 0.901963412762
23 25 0 8 0.901615381241
7 9 0 8 0.90104496479
65 69 0 8 0.900540292263
39 41 0 8 0.899861931801
64 68 0 8 0.899151682854
18 20 0 8 0.898207783699
17 22 0 8 0.89761453867
74 79 0 8 0.896580815315
77 79 0 8 0.895933508873
12 14 0 8 0.884364485741
19 21 0 8 0.884127557278
59 61 0 8 0.882186830044
85 87 0 8 0.878811001778
27 29 0 8 0.877770960331
24 26 0 8 0.86820435524
2 4 0 8 0.866189301014
9 11 0 8 0.863795340061
56 59 0 8 0.862017631531
56 58 0 8 0.859546840191
33 37 0 8 0.856475770473
37 40 0 8 0.856230258942
35 39 0 8 0.845825314522
75 78 0 8 0.84571814537
78 80 0 8 0.844649374485
55 59 0 8 0.844501793385
60 62 0 8 0.844375669956
52 54 0 8 0.842308044434
29 31 0 8 0.837816596031
14 16 0 8 0.837466657162
74 78 0 8 0.836194694042
11 13 0 8 0.833854794502
18 21 0 8 0.829065978527
57 59 0 8 0.828507900238
15 17 0 8 0.821634531021
36 40 0 8 0.819835484028
54 56 0 8 0.818551421165
4 6 0 8 0.818104624748
50 55 0 8 0.81516879797
30 32 0 8 0.815159261227
25 27 0 8 0.814629375935
31 34 0 8 0.813678383827
41 43 0 8 0.804636359215
3 5 0 8 0.801651597023
51 54 0 8 0.79529607296
74 80 0 8 0.795115351677
5 7 0 8 0.79001301527
80 82 0 8 0.783319056034
1 3 0 8 0.780296444893
8 10 0 8 0.779581010342
6 8 0 8 0.776953577995
32 35 0 8 0.776798188686
55 57 0 8 0.775730907917
39 42 0 8 0.774440169334
58 60 0 8 0.77336615324
84 86 0 8 0.769887149334
26 28 0 8 0.768075704575
79 81 0 8 0.766188621521
13 16 0 8 0.763287007809
28 30 0 8 0.763038992882
82 84 0 8 0.756963729858
20 22 0 8 0.754204392433
38 42 0 8 0.747338593006
83 85 0 8 0.734476685524
10 12 0 8 0.722963154316
21 30 0 8 0.713762998581
26 53 0 8 0.707403361797
21 33 0 8 0.700422346592
25 31 0 8 0.698552906513
38 41 0 8 0.690025269985
32 36 0 8 0.681790113449
11 25 0 8 0.674513936043
16 22 0 8 0.672864496708
38 44 0 8 0.667298078537
61 63 0 8 0.665239691734
13 17 0 8 0.66515237093
17 19 0 8 0.664512097836
23 63 0 8 0.660304665565
17 21 0 8 0.656829357147
37 41 0 8 0.655545711517
50 56 0 8 0.653211116791
43 45 0 8 0.648367702961
44 46 0 8 0.632354438305
27 61 0 8 0.62388831377
46 61 0 8 0.619162082672
12 15 0 8 0.610181331635
81 84 0 8 0.608194053173
27 31 0 8 0.60723400116
50 60 0 8 0.600655734539
14 17 0 8 0.600233316422
31 35 0 8 0.600200653076
50 54 0 8 0.595511078835
49 55 0 8 0.593799293041
16 18 0 8 0.585546195507
39 43 0 8 0.584520339966
26 52 0 8 0.576132953167
75 79 0 8 0.573746323586
9 25 0 8 0.57055914402
27 42 0 8 0.568139135838
25 53 0 8 0.567714512348
24 61 0 8 0.562519967556
12 25 0 8 0.556986927986
62 64 0 8 0.552865147591
56 60 0 8 0.545985579491
16 55 0 8 0.529617726803
30 34 0 8 0.52909553051
38 49 0 8 0.527923107147
12 16 0 8 0.513937294483
31 77 0 8 0.506098091602
15 18 0 8 0.487704128027
19 65 0 8 0.484711647034
55 60 0 8 0.479532003403
26 31 0 8 0.457855015993
44 52 0 8 0.453255295753
46 70 0 8 0.445151507854
81 85 0 8 0.434997260571
50 61 0 8 0.42539691925
25 55 0 8 0.423974573612
4 7 0 8 0.423974126577
82 85 0 8 0.414566874504
55 61 0 8 0.412334531546
53 67 0 8 0.408317357302
26 29 0 8 0.401834756136
50 59 0 8 0.395392686129
24 34 0 8 0.387811422348
24 42 0 8 0.383925586939
61 66 0 8 0.383090555668
59 62 0 8 0.380584806204
25 34 0 8 0.375664502382
84 87 0 8 0.375325262547
20 33 0 8 0.370445609093
22 62 0 8 0.368801414967
24 37 0 8 0.368671029806
23 34 0 8 0.367552042007
30 33 0 8 0.359657675028
27 59 0 8 0.358362644911
20 32 0 8 0.358170688152
39 44 0 8 0.356246292591
55 62 0 8 0.352374821901
35 46 0 8 0.351334095001
49 70 0 8 0.348714619875
16 59 0 8 0.346481591463
80 83 0 8 0.346114248037
16 23 0 8 0.346099257469
5 8 0 8 0.345446258783
34 46 0 8 0.345126360655
11 24 0 8 0.344527065754
20 65 0 8 0.334926635027
34 62 0 8 0.328836888075
40 43 0 8 0.323790729046
13 22 0 8 0.322729825974
29 33 0 8 0.316336154938
37 42 0 8 0.31585842371
13 24 0 8 0.315205872059
22 63 0 8 0.309221118689
80 84 0 8 0.308471083641
50 57 0 8 0.308054387569
75 80 0 8 0.301212072372
34 49 0 8 0.299316763878
83 86 0 8 0.298931449652
24 27 0 8 0.295598834753
40 44 0 8 0.292992383242
22 61 0 8 0.292617380619
33 77 0 8 0.290973156691
11 23 0 8 0.290644645691
25 62 0 8 0.290237367153
27 30 0 8 0.289358317852
82 86 0 8 0.286929786205
57 60 0 8 0.278601258993
83 87 0 8 0.275416046381
14 18 0 8 0.273954868317
23 30 0 8 0.270856022835
24 33 0 8 0.268072962761
28 31 0 8 0.26767423749
35 62 0 8 0.267672806978
62 70 0 8 0.267429023981
60 63 0 8 0.265573740005
59 70 0 8 0.262392193079
55 66 0 8 0.261887967587
33 66 0 8 0.255723327398
25 60 0 8 0.251195192337
26 70 0 8 0.247149050236
26 32 0 8 0.247003093362
24 53 0 8 0.246642529964
23 66 0 8 0.246342599392
17 20 0 8 0.246119663119
11 16 0 8 0.245677128434
37 49 0 8 0.244789332151
4 8 0 8 0.244277194142
78 81 0 8 0.244037881494
10 24 0 8 0.242477804422
13 23 0 8 0.238699838519
11 61 0 8 0.237588763237
38 46 0 8 0.236872926354
34 67 0 8 0.233681023121
25 30 0 8 0.232959330082
22 34 0 8 0.232783526182
3 6 0 8 0.232467278838
55 58 0 8 0.230868950486
10 16 0 8 0.230699270964
33 73 0 8 0.230569094419
26 30 0 8 0.229630038142
27 62 0 8 0.227840557694
28 34 0 8 0.225591078401
79 83 0 8 0.225570946932
22 66 0 8 0.221753746271
31 44 0 8 0.220475241542
49 61 0 8 0.220160618424
4 9 0 8 0.219214215875
26 61 0 8 0.216927453876
3 7 0 8 0.216621637344
11 15 0 8 0.21500736475
55 67 0 8 0.213604718447
25 38 0 8 0.213430136442
42 48 0 8 0.212923869491
36 66 0 8 0.21288511157
17 53 0 8 0.212307408452
21 42 0 8 0.212156206369
25 29 0 8 0.210339471698
27 60 0 8 0.210044816136
16 21 0 8 0.209248870611
9 12 0 8 0.209145858884
9 59 0 8 0.208321288228
2 6 0 8 0.208178266883
23 62 0 8 0.207137048244
29 32 0 8 0.206573486328
74 81 0 8 0.206561356783
25 59 0 8 0.204472720623
14 23 0 8 0.204011633992
79 82 0 8 0.204001486301
27 34 0 8 0.202201485634
13 61 0 8 0.201381653547
10 62 0 8 0.201291650534
23 61 0 8 0.201019972563
51 55 0 8 0.200360327959
46 60 0 8 0.199476435781
26 34 0 8 0.199173137546
22 60 0 8 0.19606436789
34 63 0 8 0.192332163453
25 61 0 8 0.189778849483
19 68 0 8 0.189627513289
61 64 0 8 0.18913538754
25 66 0 8 0.188995495439
26 60 0 8 0.188462644815
44 79 0 8 0.187835589051
25 33 0 8 0.187693268061
17 23 0 8 0.187281042337
27 46 0 8 0.186529785395
59 63 0 8 0.183678105474
7 10 0 8 0.182377919555
24 62 0 8 0.182310387492
24 43 0 8 0.179714620113
2 5 0 8 0.178520843387
25 63 0 8 0.178107142448
17 59 0 8 0.177481427789
59 67 0 8 0.17685239017
38 43 0 8 0.176524296403
26 62 0 8 0.175767585635
44 66 0 8 0.173809885979
59 66 0 8 0.173468232155
26 59 0 8 0.170766815543
12 26 0 8 0.170724049211
60 67 0 8 0.170674949884
22 64 0 8 0.170018285513
56 62 0 8 0.166154116392
28 32 0 8 0.165506631136
34 74 0 8 0.165389761329
38 70 0 8 0.165370598435
23 38 0 8 0.16508936882
18 71 0 8 0.164436399937
34 60 0 8 0.16417735815
13 66 0 8 0.163243621588
76 79 0 8 0.16221447289
27 32 0 8 0.162167876959
53 66 0 8 0.161843925714
34 53 0 8 0.161386117339
9 60 0 8 0.161178812385
23 59 0 8 0.160811528563
41 44 0 8 0.160331293941
49 62 0 8 0.15943133831
53 70 0 8 0.159128829837
34 61 0 8 0.158616349101
1 5 0 8 0.158193871379
11 62 0 8 0.156779840589
1 4 0 8 0.156142994761
10 25 0 8 0.156083673239
46 62 0 8 0.154627159238
10 13 0 8 0.15354770422
38 66 0 8 0.152318626642
25 28 0 8 0.151836723089
75 81 0 8 0.150448620319
7 11 0 8 0.149831593037
31 42 0 8 0.149579122663
77 82 0 8 0.149457871914
16 20 0 8 0.14904884994
54 57 0 8 0.148056864738
23 35 0 8 0.146628186107
73 78 0 8 0.146328181028
73 79 0 8 0.145712003112
57 61 0 8 0.144174084067
16 19 0 8 0.143443644047
49 67 0 8 0.142856806517
24 63 0 8 0.142856433988
58 62 0 8 0.142380595207
11 60 0 8 0.142254978418
11 14 0 8 0.141697645187
24 38 0 8 0.140802174807
28 60 0 8 0.140243828297
27 33 0 8 0.140029877424
8 11 0 8 0.138500630856
20 63 0 8 0.137950673699
11 63 0 8 0.137698322535
15 23 0 8 0.137042582035
37 73 0 8 0.136580333114
37 48 0 8 0.136110201478
22 74 0 8 0.135834529996
6 9 0 8 0.134079575539
53 59 0 8 0.133973494172
6 83 0 8 0.132166326046
58 61 0 8 0.130919367075
23 64 0 8 0.130781859159
38 79 0 8 0.130620971322
11 22 0 8 0.130434185266
46 59 0 8 0.130101442337
22 55 0 8 0.129899576306
5 9 0 8 0.129208281636
13 21 0 8 0.128993794322
35 49 0 8 0.128989398479
16 25 0 8 0.128459379077
34 55 0 8 0.128414973617
77 80 0 8 0.127743810415
10 64 0 8 0.127354815602
70 79 0 8 0.12734156847
13 58 0 8 0.127004936337
18 30 0 8 0.126149296761
33 69 0 8 0.125293493271
58 64 0 8 0.124987304211
24 30 0 8 0.124782212079
29 34 0 8 0.124544881284
13 25 0 8 0.123991556466
49 59 0 8 0.123950742185
25 79 0 8 0.122265338898
24 79 0 8 0.121960379183
25 70 0 8 0.121919929981
42 49 0 8 0.121668405831
28 61 0 8 0.121236667037
50 58 0 8 0.121053270996
11 21 0 8 0.120688125491
23 55 0 8 0.120499156415
21 63 0 8 0.12018930167
53 61 0 8 0.119668267667
27 37 0 8 0.11903167516
46 71 0 8 0.118793748319
30 59 0 8 0.118656851351
21 69 0 8 0.117813043296
49 60 0 8 0.117561250925
24 59 0 8 0.117005288601
23 60 0 8 0.11653457582
82 87 0 8 0.11611816287
13 55 0 8 0.115884244442
25 49 0 8 0.115518666804
53 60 0 8 0.11459736526
17 73 0 8 0.114533349872
27 79 0 8 0.114363141358
24 49 0 8 0.114355564117
34 66 0 8 0.113795883954
34 70 0 8 0.113191142678
2 7 0 8 0.113087534904
22 70 0 8 0.113042965531
38 61 0 8 0.112150155008
15 69 0 8 0.111992388964
53 56 0 8 0.111701324582
19 22 0 8 0.111638277769
69 77 0 8 0.111132398248
18 23 0 8 0.111132182181
30 42 0 8 0.110801786184
23 73 0 8 0.110395506024
26 33 0 8 0.110364459455
17 62 0 8 0.109986454248
60 66 0 8 0.109753377736
24 66 0 8 0.109742805362
18 65 0 8 0.109408251941
7 52 0 8 0.109347008169
6 10 0 8 0.109071947634
21 70 0 8 0.108040414751
17 79 0 8 0.106478750706
17 55 0 8 0.106197670102
46 79 0 8 0.106027722359
26 55 0 8 0.105212084949
23 44 0 8 0.105153270066
15 19 0 8 0.105139382184
25 71 0 8 0.104310318828
28 33 0 8 0.104246601462
56 61 0 8 0.104095220566
23 74 0 8 0.103655621409
24 60 0 8 0.103650167584
9 13 0 8 0.103086158633
37 44 0 8 0.103027865291
49 66 0 8 0.102916955948
27 66 0 8 0.102786257863
23 79 0 8 0.102675408125
27 80 0 8 0.101443178952
49 63 0 8 0.101114429533
27 49 0 8 0.100863918662
17 70 0 8 0.100761495531
38 53 0 8 0.100558765233
49 74 0 8 0.100505940616
23 70 0 8 0.10049521178
53 58 0 8 0.0998900607228
25 74 0 8 0.0996965691447
38 60 0 8 0.0995513573289
18 22 0 8 0.0995153337717
22 38 0 8 0.0992119312286
33 55 0 8 0.0990519151092
31 61 0 8 0.0986585095525
14 21 0 8 0.097711764276
25 32 0 8 0.0966623350978
45 60 0 8 0.0965377315879
62 65 0 8 0.0965109243989
27 63 0 8 0.096034489572
38 74 0 8 0.0959687307477
27 55 0 8 0.0957122147083
31 37 0 8 0.0953824818134
16 60 0 8 0.0950992703438
4 85 0 8 0.0950001627207
55 63 0 8 0.0946087986231
24 77 0 8 0.0941726341844
31 53 0 8 0.0940543115139
10 61 0 8 0.094042353332
9 26 0 8 0.0939311981201
10 21 0 8 0.0939196869731
13 62 0 8 0.0931969583035
9 23 0 8 0.0926469042897
24 74 0 8 0.0924784839153
25 37 0 8 0.0913521721959
11 78 0 8 0.0909853875637
9 22 0 8 0.0895887687802
10 14 0 8 0.0895860865712
9 61 0 8 0.0893983617425
36 53 0 8 0.0889371037483
18 75 0 8 0.0888872519135
55 73 0 8 0.088840842247
37 74 0 8 0.0886813476682
46 57 0 8 0.0886144340038
16 24 0 8 0.08857280761
13 18 0 8 0.0885104909539
53 74 0 8 0.0883156433702
14 37 0 8 0.0878575220704
17 60 0 8 0.0876720249653
18 76 0 8 0.0875524505973
10 78 0 8 0.0874021947384
9 28 0 8 0.0873782709241
12 24 0 8 0.0873015895486
16 61 0 8 0.0872306227684
44 60 0 8 0.0872113406658
15 22 0 8 0.0870667994022
78 82 0 8 0.0869501903653
4 10 0 8 0.0865893065929
14 24 0 8 0.0865748524666
10 60 0 8 0.0863532498479
17 67 0 8 0.0860958769917
17 25 0 8 0.0860035866499
17 69 0 8 0.0854542627931
13 60 0 8 0.0854217559099
63 74 0 8 0.085087813437
12 23 0 8 0.0847200378776
11 77 0 8 0.0841611623764
46 74 0 8 0.0841128975153
34 79 0 8 0.0839989259839
17 61 0 8 0.0839177295566
25 52 0 8 0.0838837698102
81 86 0 8 0.0838319212198
32 60 0 8 0.0834926813841
22 67 0 8 0.0834754630923
37 70 0 8 0.0833475887775
10 28 0 8 0.083192050457
17 34 0 8 0.0829293355346
10 23 0 8 0.0827341526747
55 70 0 8 0.0827269852161
22 77 0 8 0.0827209800482
23 31 0 8 0.0826288387179
33 38 0 8 0.0825990438461
12 17 0 8 0.0824111700058
11 79 0 8 0.0823003426194
9 27 0 8 0.0821860283613
22 49 0 8 0.0820888802409
42 61 0 8 0.0817024409771
52 55 0 8 0.0816194936633
47 57 0 8 0.0814798548818
26 37 0 8 0.0811917334795
41 84 0 8 0.0811850130558
22 73 0 8 0.0811170637608
27 53 0 8 0.0809641107917
60 64 0 8 0.0809295326471
8 26 0 8 0.080765850842
6 77 0 8 0.0805577114224
21 74 0 8 0.0802131444216
27 64 0 8 0.0800831764936
14 22 0 8 0.0799977853894
26 64 0 8 0.0798973888159
24 70 0 8 0.0798659995198
17 42 0 8 0.0797190740705
33 79 0 8 0.079463429749
39 45 0 8 0.0787989720702
26 46 0 8 0.0786743313074
10 26 0 8 0.0785140022635
30 58 0 8 0.0781709253788
25 46 0 8 0.0781314149499
25 67 0 8 0.0778390094638
50 62 0 8 0.0777725949883
33 74 0 8 0.0776587501168
11 34 0 8 0.0774925649166
23 32 0 8 0.0773280486465
26 44 0 8 0.0772488638759
55 69 0 8 0.0771723687649
24 67 0 8 0.0770751461387
77 81 0 8 0.076990224421
22 79 0 8 0.0769630372524
12 18 0 8 0.0769439712167
38 45 0 8 0.0768212229013
49 56 0 8 0.0766404271126
24 64 0 8 0.076437689364
32 67 0 8 0.0761224552989
27 70 0 8 0.0759602338076
38 62 0 8 0.07594871521
44 70 0 8 0.075920060277
26 79 0 8 0.0758018344641
47 60 0 8 0.0757875740528
26 63 0 8 0.0757567360997
59 64 0 8 0.0756658092141
17 38 0 8 0.0755333974957
29 56 0 8 0.0754519253969
61 67 0 8 0.0754473209381
13 42 0 8 0.0753143653274
53 62 0 8 0.0752058178186
22 53 0 8 0.0750861987472
29 79 0 8 0.0746316611767
10 63 0 8 0.0745137035847
53 71 0 8 0.0742159113288
19 33 0 8 0.0741992294788
27 56 0 8 0.0741786435246
23 77 0 8 0.0738832876086
37 79 0 8 0.0738360732794
23 65 0 8 0.0734309628606
13 56 0 8 0.0733745470643
10 22 0 8 0.0733091980219
31 62 0 8 0.0732137709856
44 61 0 8 0.0729333162308
21 81 0 8 0.0723675489426
13 73 0 8 0.0723400712013
20 73 0 8 0.0722742974758
13 34 0 8 0.0718749463558
27 35 0 8 0.0718621090055
9 62 0 8 0.0716814026237
13 63 0 8 0.0713328719139
12 63 0 8 0.071003831923
56 63 0 8 0.0705222561955
54 58 0 8 0.070480927825
11 28 0 8 0.0703719630837
7 53 0 8 0.0703349411488
10 77 0 8 0.0701513960958
38 73 0 8 0.0699534714222
14 79 0 8 0.0697961971164
33 54 0 8 0.0696394145489
24 32 0 8 0.0695951208472
52 66 0 8 0.069449454546
21 65 0 8 0.0694004371762
9 80 0 8 0.0693934485316
55 74 0 8 0.0692427530885
31 36 0 8 0.0692164823413
13 38 0 8 0.0687920823693
11 31 0 8 0.0685567185283
27 38 0 8 0.0684767588973
21 66 0 8 0.0684598758817
15 71 0 8 0.0682265236974
11 65 0 8 0.0680706948042
25 73 0 8 0.0679001361132
16 62 0 8 0.0678751394153
11 59 0 8 0.0677306056023
44 73 0 8 0.0677296072245
20 80 0 8 0.0676816627383
16 70 0 8 0.0676335543394
16 80 0 8 0.0674964785576
79 84 0 8 0.0673157721758
24 28 0 8 0.0672875344753
49 69 0 8 0.0672768726945
39 46 0 8 0.0672635808587
26 58 0 8 0.0671681165695
9 63 0 8 0.0669337585568
26 38 0 8 0.0668650269508
12 43 0 8 0.0667857974768
13 59 0 8 0.0666219517589
13 79 0 8 0.0665411055088
44 77 0 8 0.0662543848157
76 80 0 8 0.0662336051464
71 81 0 8 0.0661851987243
6 51 0 8 0.0660466328263
31 60 0 8 0.0658403635025
53 73 0 8 0.0656968876719
28 56 0 8 0.0652910321951
22 59 0 8 0.0651931464672
33 62 0 8 0.0650890916586
33 60 0 8 0.0650561377406
40 77 0 8 0.0648937895894
37 53 0 8 0.0648281350732
23 37 0 8 0.064616329968
10 58 0 8 0.0645333454013
61 65 0 8 0.0644057095051
40 45 0 8 0.0643777996302
20 62 0 8 0.0643327385187
9 65 0 8 0.0641866102815
20 78 0 8 0.0641804412007
19 70 0 8 0.0638769865036
29 63 0 8 0.0637910440564
37 66 0 8 0.0637329146266
8 12 0 8 0.0635100677609
49 79 0 8 0.0634963214397
27 41 0 8 0.0634831562638
53 63 0 8 0.0632797703147
25 44 0 8 0.0631113648415
15 21 0 8 0.0630608871579
9 77 0 8 0.0630138888955
26 49 0 8 0.0629893913865
80 85 0 8 0.0627985149622
9 24 0 8 0.0626163855195
75 82 0 8 0.0623622983694
16 52 0 8 0.0623121000826
44 62 0 8 0.0620726197958
28 79 0 8 0.0619780048728
21 55 0 8 0.0619659088552
20 74 0 8 0.0619163252413
26 42 0 8 0.0618922486901
30 60 0 8 0.0613430589437
31 66 0 8 0.0612163804471
59 74 0 8 0.0609233267605
36 59 0 8 0.0608836449683
43 48 0 8 0.0606213659048
9 14 0 8 0.06047225371
11 17 0 8 0.0604575239122
21 59 0 8 0.0603971369565
10 59 0 8 0.0603766515851
22 44 0 8 0.0600193478167
7 12 0 8 0.0597347430885
17 66 0 8 0.0596889071167
9 17 0 8 0.0594382695854
39 49 0 8 0.0593602508307
25 77 0 8 0.0593032054603
31 56 0 8 0.0591458715498
29 60 0 8 0.0589756704867
21 60 0 8 0.0589465424418
33 53 0 8 0.0588264986873
21 64 0 8 0.0587894953787
14 60 0 8 0.0587340332568
33 81 0 8 0.0586865581572
29 57 0 8 0.0586529970169
28 62 0 8 0.0586104243994
61 73 0 8 0.0585838854313
30 79 0 8 0.0582386143506
35 60 0 8 0.0581654012203
44 74 0 8 0.058136254549
66 74 0 8 0.0581014454365
11 80 0 8 0.0579391382635
57 84 0 8 0.0577981173992
44 63 0 8 0.0577711723745
36 46 0 8 0.0577165298164
11 66 0 8 0.0576319545507
27 54 0 8 0.0576277337968
23 49 0 8 0.0576095096767
81 87 0 8 0.0575029812753
44 69 0 8 0.0572050958872
12 22 0 8 0.056739564985
21 34 0 8 0.0567020103335
14 20 0 8 0.056626945734
23 33 0 8 0.0565890669823
46 66 0 8 0.05657120049
42 45 0 8 0.0564497895539
24 55 0 8 0.0562424845994
14 62 0 8 0.0561779402196
27 71 0 8 0.0561012923717
28 37 0 8 0.0560950189829
7 27 0 8 0.0559091456234
10 79 0 8 0.0558590404689
40 69 0 8 0.0558344908059
24 44 0 8 0.0557093247771
50 67 0 8 0.0556409806013
10 55 0 8 0.0555620603263
30 61 0 8 0.0554905571043
21 80 0 8 0.0553107522428
34 59 0 8 0.0551649779081
41 49 0 8 0.0550495609641
34 73 0 8 0.0550430491567
49 71 0 8 0.0548629909754
31 46 0 8 0.0547124370933
38 67 0 8 0.0542821548879
37 61 0 8 0.0542726330459
23 67 0 8 0.0542449206114
35 58 0 8 0.0541727393866
42 67 0 8 0.054063167423
27 74 0 8 0.0537771843374
36 49 0 8 0.0536697693169
49 54 0 8 0.0535037554801
9 78 0 8 0.0534579530358
37 77 0 8 0.0533433891833
26 35 0 8 0.0533402711153
21 62 0 8 0.0530971623957
19 54 0 8 0.0526868365705
20 23 0 8 0.0526639223099
52 59 0 8 0.052630353719
33 71 0 8 0.0525751598179
49 73 0 8 0.0525625534356
46 58 0 8 0.0525618493557
21 61 0 8 0.0525443851948
21 56 0 8 0.0524858534336
10 27 0 8 0.0523383542895
33 61 0 8 0.0522213131189
20 69 0 8 0.0521080121398
30 64 0 8 0.0520151294768
22 25 0 8 0.0519185326993
23 27 0 8 0.0513126291335
52 70 0 8 0.0510273836553
44 53 0 8 0.0510199740529
53 57 0 8 0.0509325899184
25 42 0 8 0.0508641861379
23 53 0 8 0.0507829673588
17 56 0 8 0.0507811829448
18 43 0 8 0.050536416471
17 24 0 8 0.050518296659
31 63 0 8 0.0505104772747
12 61 0 8 0.0504147522151
38 77 0 8 0.0503430441022
10 57 0 8 0.050170969218
43 62 0 8 0.0501673743129
16 41 0 8 0.0500802658498
17 77 0 8 0.0500522479415
14 19 0 8 0.0500414334238
35 61 0 8 0.0499845780432
38 63 0 8 0.0499392226338
26 66 0 8 0.0499005615711
31 64 0 8 0.0498535148799
28 59 0 8 0.0496894866228
31 49 0 8 0.0496504455805
10 15 0 8 0.0494887530804
10 67 0 8 0.0493519306183
29 55 0 8 0.0492091625929
11 64 0 8 0.0491677038372
23 45 0 8 0.049066606909
27 57 0 8 0.0490184053779
31 59 0 8 0.0490059889853
31 79 0 8 0.0489899069071
25 36 0 8 0.0488897748291
11 70 0 8 0.048834130168
25 64 0 8 0.0488313399255
28 49 0 8 0.0488189272583
26 41 0 8 0.048541855067
4 41 0 8 0.0485320687294
33 70 0 8 0.0485149845481
26 77 0 8 0.0483008250594
34 77 0 8 0.0482795573771
57 62 0 8 0.0482438541949
25 35 0 8 0.0482333116233
9 16 0 8 0.0482107587159
38 59 0 8 0.0481369681656
34 44 0 8 0.0480826459825
27 65 0 8 0.0480642616749
24 39 0 8 0.0479628071189
6 76 0 8 0.0477811098099
20 67 0 8 0.0476043336093
29 62 0 8 0.0474337041378
38 50 0 8 0.0473987795413
53 64 0 8 0.047341670841
15 20 0 8 0.0472770482302
13 69 0 8 0.0472582057118
14 25 0 8 0.0470624677837
34 50 0 8 0.0468822829425
30 55 0 8 0.0468592457473
23 42 0 8 0.0468336455524
49 64 0 8 0.0467554144561
52 58 0 8 0.0466896295547
38 55 0 8 0.0466385520995
41 53 0 8 0.0466354750097
45 70 0 8 0.0465639978647
53 65 0 8 0.0464778281748
32 62 0 8 0.046424690634
35 74 0 8 0.0464184395969
8 13 0 8 0.046408046037
46 63 0 8 0.0463872775435
22 37 0 8 0.0463834442198
11 19 0 8 0.0463197082281
11 53 0 8 0.0462398789823
26 74 0 8 0.0461734198034
13 26 0 8 0.0461512804031
16 34 0 8 0.0460861735046
18 60 0 8 0.0460430346429
5 10 0 8 0.0459710396826
22 42 0 8 0.0459048710763
34 39 0 8 0.0458805710077
3 8 0 8 0.045766826719
9 66 0 8 0.0457082502544
34 64 0 8 0.0456315651536
46 67 0 8 0.045467466116
42 66 0 8 0.045447692275
19 23 0 8 0.0453829579055
46 78 0 8 0.0452694557607
21 79 0 8 0.045251775533
13 46 0 8 0.0452284626663
66 71 0 8 0.0452196896076
28 58 0 8 0.0451708175242
18 70 0 8 0.0450764931738
23 80 0 8 0.0450501255691
37 69 0 8 0.0449328199029
26 65 0 8 0.0448048040271
33 59 0 8 0.0447365380824
58 66 0 8 0.0447265058756
42 79 0 8 0.0447039678693
7 77 0 8 0.0446787439287
44 67 0 8 0.0443513989449
35 53 0 8 0.0442120581865
7 29 0 8 0.0441824868321
75 83 0 8 0.0438988246024
16 53 0 8 0.0438334159553
56 66 0 8 0.0435218065977
18 68 0 8 0.0433400124311
24 35 0 8 0.043321903795
37 43 0 8 0.043302603066
29 81 0 8 0.0431163273752
48 77 0 8 0.0431149117649
67 77 0 8 0.0430549196899
15 60 0 8 0.0430480055511
15 73 0 8 0.0428403951228
21 73 0 8 0.0427550524473
20 58 0 8 0.042732398957
29 61 0 8 0.0426815859973
19 73 0 8 0.0426169186831
31 55 0 8 0.0425064228475
1 6 0 8 0.042482227087
33 63 0 8 0.0424193292856
20 77 0 8 0.0422771088779
7 57 0 8 0.0421063676476
17 43 0 8 0.0420361720026
30 77 0 8 0.0419517271221
40 49 0 8 0.0418803356588
76 83 0 8 0.0418775305152
41 61 0 8 0.0418376103044
11 38 0 8 0.0418328233063
22 45 0 8 0.0417633466423
22 41 0 8 0.0417466722429
9 55 0 8 0.0415597520769
42 73 0 8 0.0413850024343
50 66 0 8 0.0412651002407
27 58 0 8 0.0411597564816
14 71 0 8 0.0411343760788
26 56 0 8 0.0411144942045
26 80 0 8 0.0410545952618
42 62 0 8 0.0408442392945
17 52 0 8 0.0407413803041
44 47 0 8 0.0407055579126
14 59 0 8 0.0406536944211
22 35 0 8 0.0406421683729
7 65 0 8 0.0405686423182
8 51 0 8 0.0405395030975
44 71 0 8 0.0404262319207
13 33 0 8 0.0403577759862
14 77 0 8 0.0403374545276
33 56 0 8 0.0403313152492
25 65 0 8 0.0402844101191
10 29 0 8 0.0401985906065
29 71 0 8 0.0401675105095
18 63 0 8 0.0401557162404
36 55 0 8 0.0399558842182
33 80 0 8 0.0399554856122
20 40 0 8 0.0399134606123
26 71 0 8 0.0398966819048
7 26 0 8 0.0397447273135
10 34 0 8 0.0397319197655
11 67 0 8 0.0396035835147
12 60 0 8 0.0395939275622
43 81 0 8 0.0395894050598
13 19 0 8 0.0395482517779
16 58 0 8 0.0395419299603
28 63 0 8 0.0395200587809
54 61 0 8 0.0393923185766
43 49 0 8 0.0393545143306
14 73 0 8 0.039254643023
35 66 0 8 0.039230812341
7 76 0 8 0.0392152145505
11 26 0 8 0.0391967855394
34 75 0 8 0.0390693582594
16 63 0 8 0.039006639272
4 44 0 8 0.0389773510396
9 58 0 8 0.0388762280345
42 46 0 8 0.0387179143727
45 59 0 8 0.0386798977852
19 36 0 8 0.0384314209223
22 69 0 8 0.0382822789252
55 64 0 8 0.0381901562214
34 80 0 8 0.038166038692
35 55 0 8 0.0380418114364
13 77 0 8 0.0378342606127
4 11 0 8 0.0378195419908
17 74 0 8 0.0376561619341
16 46 0 8 0.0376511663198
11 27 0 8 0.0376188382506
17 44 0 8 0.0376156419516
60 70 0 8 0.0374475717545
9 34 0 8 0.0374099053442
16 30 0 8 0.0373446941376
32 53 0 8 0.03711624071
12 66 0 8 0.0370306186378
24 73 0 8 0.0369625464082
7 25 0 8 0.0368005558848
32 80 0 8 0.0367997586727
24 80 0 8 0.0367119722068
9 79 0 8 0.0366879142821
51 56 0 8 0.0366686545312
13 74 0 8 0.0365489833057
46 73 0 8 0.0365396104753
23 83 0 8 0.0364152528346
4 12 0 8 0.0363909006119
21 40 0 8 0.0363612659276
23 69 0 8 0.0363213643432
37 67 0 8 0.0362756699324
42 70 0 8 0.0362470708787
13 31 0 8 0.0361711531878
18 79 0 8 0.0358770154417
13 57 0 8 0.0358606427908
57 63 0 8 0.0358252301812
9 21 0 8 0.0357937514782
29 58 0 8 0.0357829518616
21 78 0 8 0.0356997549534
13 65 0 8 0.0356055758893
8 28 0 8 0.03553956002
13 37 0 8 0.0354831628501
21 37 0 8 0.0354080535471
21 45 0 8 0.0353752821684
8 83 0 8 0.0353359207511
6 29 0 8 0.0352966450155
62 74 0 8 0.0352185554802
15 43 0 8 0.0351077802479
9 64 0 8 0.0350117571652
25 50 0 8 0.0350101292133
7 13 0 8 0.0349350422621
12 21 0 8 0.0349270999432
10 17 0 8 0.0349105782807
25 56 0 8 0.0349016711116
42 74 0 8 0.0348850600421
20 70 0 8 0.0346914045513
28 55 0 8 0.0346653163433
7 28 0 8 0.0346650891006
56 64 0 8 0.0346567854285
37 60 0 8 0.0346428416669
10 76 0 8 0.0345822758973
13 68 0 8 0.0345751382411
45 80 0 8 0.0345684066415
6 65 0 8 0.03445629403
21 53 0 8 0.0344193577766
19 81 0 8 0.0343823321164
42 77 0 8 0.0343773216009
12 62 0 8 0.0343382060528
31 69 0 8 0.034288328141
30 66 0 8 0.0342404358089
22 65 0 8 0.0342072360218
33 50 0 8 0.0342013537884
50 70 0 8 0.0341760888696
41 69 0 8 0.0341140143573
22 54 0 8 0.0340655073524
30 35 0 8 0.034063141793
36 74 0 8 0.0340343117714
38 64 0 8 0.0340198352933
17 46 0 8 0.0339968390763
19 79 0 8 0.0339463278651
80 86 0 8 0.0339046083391
43 46 0 8 0.0338754281402
31 41 0 8 0.0338698811829
24 65 0 8 0.033859834075
35 78 0 8 0.0338447839022
21 72 0 8 0.033718187362
3 9 0 8 0.0335793308914
16 73 0 8 0.03352560848
8 41 0 8 0.0335040278733
41 45 0 8 0.0334396995604
57 64 0 8 0.0333367474377
28 57 0 8 0.033333864063
9 82 0 8 0.0333066247404
46 80 0 8 0.0332096554339
40 63 0 8 0.0331828296185
13 49 0 8 0.0331800915301
23 50 0 8 0.0330833010375
51 57 0 8 0.0329841822386
35 67 0 8 0.0329744592309
20 64 0 8 0.0328346006572
25 80 0 8 0.0328032411635
11 33 0 8 0.0328003838658
10 42 0 8 0.0327876508236
6 85 0 8 0.0326344147325
40 62 0 8 0.0325668118894
44 55 0 8 0.0325281731784
34 52 0 8 0.0325259119272
13 78 0 8 0.0324723869562
29 59 0 8 0.0322980172932
10 33 0 8 0.0322401449084
33 67 0 8 0.0321706049144
46 77 0 8 0.0320482738316
6 11 0 8 0.0320218652487
23 54 0 8 0.0320034697652
27 44 0 8 0.0319805853069
50 63 0 8 0.0319324471056
53 72 0 8 0.0319130830467
38 71 0 8 0.0318666659296
10 38 0 8 0.031860679388
17 37 0 8 0.0318179875612
23 56 0 8 0.0317158065736
30 56 0 8 0.0316288731992
4 45 0 8 0.0315434411168
20 60 0 8 0.0313534103334
58 63 0 8 0.0313130542636
16 38 0 8 0.0310940444469
10 65 0 8 0.031003208831
61 79 0 8 0.0309940129519
9 30 0 8 0.0309183653444
42 63 0 8 0.0308403167874
29 65 0 8 0.0305418428034
27 75 0 8 0.0303538627923
9 53 0 8 0.0303330291063
41 77 0 8 0.0303176548332
28 35 0 8 0.0303056649864
11 55 0 8 0.0303002353758
15 58 0 8 0.0302839446813
14 78 0 8 0.0302677340806
16 49 0 8 0.0302605610341
27 52 0 8 0.030257076025
23 82 0 8 0.0302148256451
24 78 0 8 0.0301463231444
17 30 0 8 0.0301223117858
1 7 0 8 0.03012027964
26 73 0 8 0.0300993211567
21 46 0 8 0.0300425495952
17 35 0 8 0.029986422509
45 84 0 8 0.0299853757024
31 70 0 8 0.0299819149077
53 79 0 8 0.0298978164792
26 82 0 8 0.0297858510166
5 72 0 8 0.0296929422766
24 69 0 8 0.029633095488
57 66 0 8 0.0295260604471
25 69 0 8 0.0295183137059
17 41 0 8 0.0293934866786
49 77 0 8 0.029361365363
70 82 0 8 0.0293231401592
27 73 0 8 0.0292796995491
42 69 0 8 0.0292558297515
52 73 0 8 0.0292117688805
12 65 0 8 0.029197499156
13 84 0 8 0.0291694458574
23 71 0 8 0.029107786715
13 70 0 8 0.0290962383151
28 42 0 8 0.0290926974267
32 37 0 8 0.0290382020175
8 25 0 8 0.0289365816861
14 69 0 8 0.0287871733308
22 33 0 8 0.0287408214062
20 36 0 8 0.0287135206163
9 29 0 8 0.0286987628788
24 46 0 8 0.028681403026
21 67 0 8 0.0286756772548
6 12 0 8 0.0286717992276
14 55 0 8 0.0286013744771
12 78 0 8 0.0284947548062
31 73 0 8 0.0284572970122
35 59 0 8 0.028353780508
41 62 0 8 0.0283514484763
39 72 0 8 0.0283487159759
62 73 0 8 0.0283305570483
34 57 0 8 0.0283267106861
53 69 0 8 0.0282625239342
27 40 0 8 0.0282325241715
52 62 0 8 0.0282197762281
12 68 0 8 0.0281904879957
8 84 0 8 0.0281358100474
41 52 0 8 0.0281092170626
37 71 0 8 0.0280028022826
52 56 0 8 0.0278926659375
35 70 0 8 0.0277669150382
6 41 0 8 0.0277420561761
73 80 0 8 0.0276793725789
55 79 0 8 0.0276483725756
79 85 0 8 0.0276455916464
17 49 0 8 0.0275571364909
37 59 0 8 0.0275468714535
5 77 0 8 0.0275429114699
35 50 0 8 0.0275022126734
13 53 0 8 0.0274898298085
27 69 0 8 0.0274230614305
45 67 0 8 0.0273000504822
41 70 0 8 0.0272144638002
78 83 0 8 0.0271208640188
61 70 0 8 0.0271158758551
41 73 0 8 0.0270559303463
11 29 0 8 0.0269576516002
14 65 0 8 0.026847532019
40 48 0 8 0.0266276914626
8 22 0 8 0.0266220122576
22 46 0 8 0.0265913475305
41 75 0 8 0.0265494473279
26 78 0 8 0.0264928061515
5 85 0 8 0.0264013819396
36 79 0 8 0.0263670906425
37 55 0 8 0.0263622440398
7 21 0 8 0.0262730251998
34 78 0 8 0.0262716524303
27 36 0 8 0.0262508764863
31 74 0 8 0.0262266676873
38 69 0 8 0.0262082125992
22 56 0 8 0.0261998288333
19 66 0 8 0.0261237602681
37 46 0 8 0.0259899348021
23 87 0 8 0.0259228684008
79 87 0 8 0.0259177144617
9 37 0 8 0.0258451402187
18 44 0 8 0.025726499036
59 78 0 8 0.0256546344608
17 76 0 8 0.0254522468895
40 70 0 8 0.0253993906081
18 73 0 8 0.025378068909
52 67 0 8 0.0253054946661
15 66 0 8 0.0252462737262
27 78 0 8 0.0252432227135
38 80 0 8 0.0252256654203
30 53 0 8 0.0251852795482
56 70 0 8 0.0251823067665
5 69 0 8 0.0251627024263
9 56 0 8 0.0250704046339
22 36 0 8 0.0250294413418
42 64 0 8 0.024996869266
40 46 0 8 0.0249683428556
71 80 0 8 0.0249317791313
21 24 0 8 0.0248895604163
54 59 0 8 0.0248828027397
35 80 0 8 0.0248727109283
25 78 0 8 0.0248717963696
37 62 0 8 0.0248426590115
16 74 0 8 0.0248293951154
52 69 0 8 0.0246810689569
13 20 0 8 0.0246443357319
11 69 0 8 0.0244909226894
24 56 0 8 0.0244031529874
55 71 0 8 0.0243703611195
10 74 0 8 0.0243008509278
7 68 0 8 0.0243005845696
40 67 0 8 0.0242482256144
40 79 0 8 0.0242249965668
7 67 0 8 0.0241879783571
14 74 0 8 0.024153098464
19 56 0 8 0.0241406261921
7 18 0 8 0.0241209082305
11 74 0 8 0.024107452482
10 83 0 8 0.0240061935037
19 71 0 8 0.0239911768585
14 81 0 8 0.023990707472
33 52 0 8 0.0239896867424
19 24 0 8 0.0239710193127
72 81 0 8 0.023945402354
33 49 0 8 0.0239432621747
9 40 0 8 0.0239044800401
9 73 0 8 0.0238657258451
36 58 0 8 0.0238308683038
34 56 0 8 0.0237626601011
5 40 0 8 0.0237565711141
34 71 0 8 0.0236970055848
14 70 0 8 0.023532319814
28 46 0 8 0.0235264468938
14 84 0 8 0.0234977416694
26 67 0 8 0.023478385061
26 50 0 8 0.0234624557197
41 46 0 8 0.0234459955245
14 61 0 8 0.0233586560935
13 81 0 8 0.023345997557
20 81 0 8 0.0233283899724
54 60 0 8 0.0233225990087
2 8 0 8 0.0232645049691
16 66 0 8 0.0232550594956
23 26 0 8 0.0232314765453
17 65 0 8 0.0231354832649
16 44 0 8 0.0230482183397
5 11 0 8 0.0230250377208
21 82 0 8 0.0230060555041
20 59 0 8 0.0229555424303
23 46 0 8 0.0229108538479
25 81 0 8 0.0228873435408
15 56 0 8 0.0228811502457
10 70 0 8 0.0228162035346
31 38 0 8 0.022801367566
35 73 0 8 0.0226824879646
42 53 0 8 0.0225936342031
18 72 0 8 0.0225439947098
42 78 0 8 0.0225252527744
26 81 0 8 0.0225006211549
45 79 0 8 0.0224938411266
12 53 0 8 0.0224724672735
10 73 0 8 0.022471357137
38 52 0 8 0.0224530864507
23 84 0 8 0.022415459156
22 50 0 8 0.0223963819444
21 87 0 8 0.0223913248628
39 48 0 8 0.0223827250302
11 73 0 8 0.0223444551229
28 53 0 8 0.0222610346973
22 80 0 8 0.0222485214472
23 86 0 8 0.0221480503678
23 36 0 8 0.022115284577
29 53 0 8 0.0221085511148
42 76 0 8 0.0220680162311
46 69 0 8 0.0220381375402
11 18 0 8 0.021998193115
10 66 0 8 0.0219296123832
27 67 0 8 0.021927524358
21 49 0 8 0.0219086557627
45 50 0 8 0.0218919645995
13 28 0 8 0.0218908060342
22 87 0 8 0.0218637771904
13 83 0 8 0.021850625053
13 41 0 8 0.0218368340284
26 87 0 8 0.0218274164945
30 80 0 8 0.0217611398548
6 78 0 8 0.0217444635928
27 77 0 8 0.0217333510518
30 62 0 8 0.0217226874083
28 70 0 8 0.0217225607485
17 63 0 8 0.0217024404556
69 83 0 8 0.021692905575
7 73 0 8 0.0216352827847
50 71 0 8 0.0216074287891
19 35 0 8 0.0215969178826
8 81 0 8 0.0215861275792
4 77 0 8 0.0215679574758
44 64 0 8 0.0215584300458
8 82 0 8 0.0215138737112
35 40 0 8 0.0214838180691
30 69 0 8 0.0214620269835
33 46 0 8 0.0214549731463
18 69 0 8 0.0213973671198
29 35 0 8 0.0213928222656
50 73 0 8 0.0213365089148
14 46 0 8 0.0213041864336
13 67 0 8 0.0212836470455
17 72 0 8 0.0212657861412
28 80 0 8 0.0212460774928
52 60 0 8 0.0211753752083
43 61 0 8 0.0211734529585
30 70 0 8 0.021167293191
19 80 0 8 0.021165875718
4 40 0 8 0.0211531352252
11 30 0 8 0.0211450848728
9 20 0 8 0.0211307834834
9 38 0 8 0.021104849875
41 66 0 8 0.0210634060204
40 53 0 8 0.0210466682911
55 77 0 8 0.0210401304066
28 64 0 8 0.0210334323347
9 74 0 8 0.0210189074278
71 79 0 8 0.021016959101
21 77 0 8 0.021014360711
45 57 0 8 0.0210021883249
30 57 0 8 0.0209895465523
32 66 0 8 0.0209362581372
24 41 0 8 0.0208710767329
19 59 0 8 0.0208629071712
29 42 0 8 0.0208623576909
77 83 0 8 0.0208425931633
7 78 0 8 0.0208370070904
10 37 0 8 0.0208240933716
8 76 0 8 0.0207806359977
12 27 0 8 0.0207654125988
8 77 0 8 0.0207619071007
12 55 0 8 0.0207593049854
54 70 0 8 0.0207548625767
15 24 0 8 0.0207460243255
12 19 0 8 0.0207242928445
12 59 0 8 0.0207217186689
41 81 0 8 0.0207149554044
33 64 0 8 0.0206953249872
29 80 0 8 0.0206871926785
18 67 0 8 0.0206789113581
28 36 0 8 0.0206279139966
4 13 0 8 0.0206225924194
32 70 0 8 0.0206156913191
35 57 0 8 0.0206022951752
48 70 0 8 0.0205756183714
15 57 0 8 0.0205648951232
26 84 0 8 0.0205583609641
25 82 0 8 0.02054509148
24 71 0 8 0.0205358099192
22 31 0 8 0.0204944405705
18 74 0 8 0.0204930342734
18 45 0 8 0.0204929616302
33 78 0 8 0.0204670727253
19 69 0 8 0.0204413719475
22 58 0 8 0.0204374436289
37 78 0 8 0.020435038954
52 71 0 8 0.0204344280064
8 27 0 8 0.0204193908721
76 82 0 8 0.0204137638211
54 62 0 8 0.0203968118876
36 80 0 8 0.0203716512769
15 62 0 8 0.0203447006643
6 82 0 8 0.0203280001879
14 76 0 8 0.0203062221408
26 36 0 8 0.0202917233109
21 44 0 8 0.0202742870897
35 56 0 8 0.0202587507665
11 41 0 8 0.0202231649309
32 56 0 8 0.0201955363154
33 57 0 8 0.0201796106994
44 78 0 8 0.0201453473419
38 78 0 8 0.0201230607927
10 44 0 8 0.02011677064
2 9 0 8 0.0200704187155
31 67 0 8 0.0200509876013
22 52 0 8 0.020021032542
13 71 0 8 0.0199959222227
59 73 0 8 0.0199911445379
49 57 0 8 0.0199827179313
5 26 0 8 0.0199731644243
63 70 0 8 0.0199721232057
34 65 0 8 0.0199717264622
18 24 0 8 0.0199550502002
24 40 0 8 0.0199363809079
16 79 0 8 0.0199293196201
18 85 0 8 0.0198987480253
23 76 0 8 0.0198410749435
44 76 0 8 0.0198255553842
9 70 0 8 0.0198252703995
7 84 0 8 0.0198151059449
48 73 0 8 0.0198034495115
30 63 0 8 0.0197921507061
8 73 0 8 0.019791373983
26 57 0 8 0.0197670459747
50 74 0 8 0.0197604652494
6 39 0 8 0.0197510309517
27 50 0 8 0.0197481419891
10 80 0 8 0.0197330005467
54 65 0 8 0.0197285544127
80 87 0 8 0.019709598273
41 86 0 8 0.0197065100074
9 15 0 8 0.0196680091321
40 66 0 8 0.0196646470577
34 42 0 8 0.0196529403329
23 41 0 8 0.019648252055
9 35 0 8 0.0196434352547
10 18 0 8 0.0196388531476
44 80 0 8 0.0196355618536
24 81 0 8 0.019620899111
54 66 0 8 0.01961498335
19 82 0 8 0.019614379853
16 45 0 8 0.0195120535791
35 63 0 8 0.0195119027048
36 60 0 8 0.0194803327322
13 39 0 8 0.0194717813283
61 74 0 8 0.0194687694311
41 64 0 8 0.0194567199796
10 41 0 8 0.0194420479238
12 56 0 8 0.0194321237504
5 83 0 8 0.0193925295025
22 81 0 8 0.0193811804056
20 35 0 8 0.0193371549249
24 36 0 8 0.0193282440305
26 45 0 8 0.0193001255393
6 26 0 8 0.0192988961935
32 59 0 8 0.0192783847451
10 39 0 8 0.0192635152489
5 12 0 8 0.0192417223006
24 58 0 8 0.0192343592644
9 33 0 8 0.0192308090627
27 45 0 8 0.0192199982703
17 78 0 8 0.0192078445107
20 79 0 8 0.0191689543426
48 60 0 8 0.019152013585
43 47 0 8 0.0191383138299
26 85 0 8 0.0191232580692
17 33 0 8 0.0191018041223
25 57 0 8 0.0190930943936
5 39 0 8 0.0190768577158
44 57 0 8 0.0190767813474
26 69 0 8 0.0190741848201
11 58 0 8 0.0190300773829
9 81 0 8 0.0190274696797
12 31 0 8 0.019014544785
2 42 0 8 0.0190142914653
37 51 0 8 0.0190021116287
9 41 0 8 0.0189934726804
52 61 0 8 0.0189914237708
20 66 0 8 0.0189676173031
37 52 0 8 0.0189582668245
18 80 0 8 0.0189574062824
24 29 0 8 0.0189441349357
61 69 0 8 0.0189282484353
56 67 0 8 0.0189187712967
46 65 0 8 0.0188975781202
7 64 0 8 0.0188913717866
2 10 0 8 0.0188653487712
11 39 0 8 0.0188500899822
14 43 0 8 0.0188455842435
12 20 0 8 0.0188331305981
6 28 0 8 0.0188136547804
42 65 0 8 0.0188111495227
62 69 0 8 0.018805174157
8 24 0 8 0.0187962241471
22 84 0 8 0.0187926050276
8 68 0 8 0.0187808629125
58 70 0 8 0.0187737680972
54 69 0 8 0.0187615901232
69 74 0 8 0.0187547467649
29 82 0 8 0.0187408272177
9 57 0 8 0.0187319181859
15 53 0 8 0.0187059361488
16 33 0 8 0.0187049191445
29 77 0 8 0.0186974965036
8 29 0 8 0.0186960007995
20 41 0 8 0.0186956934631
21 41 0 8 0.0186839215457
12 77 0 8 0.0186791047454
21 35 0 8 0.0186658147722
26 75 0 8 0.0186525098979
25 58 0 8 0.0186486952007
16 42 0 8 0.0186356846243
8 23 0 8 0.0185972433537
11 20 0 8 0.018586397171
16 37 0 8 0.0185138136148
11 44 0 8 0.018507970497
31 58 0 8 0.0185005143285
55 68 0 8 0.0184800475836
23 52 0 8 0.0184748508036
18 84 0 8 0.0184685569257
11 37 0 8 0.0184640530497
7 14 0 8 0.0184583775699
29 64 0 8 0.01843794249
20 87 0 8 0.0183930266649
47 61 0 8 0.0183829776943
71 87 0 8 0.0183049906045
16 57 0 8 0.0182851534337
16 71 0 8 0.0182652007788
78 84 0 8 0.018260397017
16 77 0 8 0.0182562768459
56 74 0 8 0.0182554274797
17 45 0 8 0.0182216204703
26 83 0 8 0.0181919485331
15 37 0 8 0.0181846171618
21 38 0 8 0.0181770771742
29 78 0 8 0.0181513428688
8 60 0 8 0.0181498099118
37 64 0 8 0.0181444641203
13 76 0 8 0.0181107744575
55 65 0 8 0.0181043539196
49 78 0 8 0.0180948991328
23 78 0 8 0.0180904939771
10 69 0 8 0.0180881526321
14 67 0 8 0.0180871915072
5 71 0 8 0.0180738251656
25 54 0 8 0.0180581938475
13 64 0 8 0.0180565863848
40 73 0 8 0.0180368386209
42 47 0 8 0.0180351231247
6 84 0 8 0.0180322378874
45 61 0 8 0.0180198792368
24 50 0 8 0.0180191285908
5 76 0 8 0.0180102586746
28 38 0 8 0.0179987084121
33 58 0 8 0.0179602131248
6 53 0 8 0.0179310515523
27 87 0 8 0.0179208703339
19 60 0 8 0.017901442945
20 50 0 8 0.0178767126054
8 19 0 8 0.0178744010627
33 87 0 8 0.0178602356464
19 84 0 8 0.0178200472146
28 82 0 8 0.0178023371845
36 73 0 8 0.0177993699908
23 39 0 8 0.0177618954331
18 40 0 8 0.0177358258516
4 76 0 8 0.0177294220775
77 85 0 8 0.0177210196853
29 41 0 8 0.0177015159279
28 77 0 8 0.0176958460361
4 53 0 8 0.0176718253642
37 45 0 8 0.0176673214883
35 75 0 8 0.0176625233144
21 85 0 8 0.0176606792957
53 77 0 8 0.0176424048841
10 46 0 8 0.0176375061274
70 81 0 8 0.0176256541163
11 40 0 8 0.0176125876606
27 76 0 8 0.0176078360528
41 48 0 8 0.0176013391465
8 18 0 8 0.0175997950137
21 26 0 8 0.0175598468632
38 65 0 8 0.0175444539636
44 84 0 8 0.0175311435014
49 58 0 8 0.0175160784274
40 74 0 8 0.0175144802779
32 63 0 8 0.017492249608
71 82 0 8 0.0174738280475
19 40 0 8 0.0174668058753
22 78 0 8 0.0174521133304
8 64 0 8 0.017429087311
52 57 0 8 0.0174190383404
39 57 0 8 0.0174102429301
10 53 0 8 0.0173849388957
35 79 0 8 0.0173769928515
48 62 0 8 0.0173757877201
11 35 0 8 0.0173682402819
39 81 0 8 0.0173624474555
9 69 0 8 0.0173279382288
16 67 0 8 0.0173094216734
15 77 0 8 0.0172652322799
13 82 0 8 0.0172391012311
46 56 0 8 0.0172333829105
16 50 0 8 0.0172235406935
8 14 0 8 0.0171770807356
37 50 0 8 0.0171716958284
6 15 0 8 0.0171249769628
19 67 0 8 0.0171092692763
10 40 0 8 0.0171034559608
6 69 0 8 0.0170976854861
11 71 0 8 0.0170937515795
3 10 0 8 0.0170599594712
52 74 0 8 0.0170319639146
19 37 0 8 0.0170005634427
76 81 0 8 0.0169630870223
18 77 0 8 0.0169379394501
17 40 0 8 0.0169290173799
74 82 0 8 0.0169259160757
5 30 0 8 0.0169199649245
26 54 0 8 0.0169094447047
43 60 0 8 0.0169063359499
27 86 0 8 0.0168993398547
42 80 0 8 0.0168788582087
8 21 0 8 0.0168716255575
8 85 0 8 0.01686950773
46 85 0 8 0.016864605248
14 64 0 8 0.0168098863214
16 65 0 8 0.0168079175055
45 66 0 8 0.016798960045
36 70 0 8 0.0167811848223
14 34 0 8 0.0167795568705
6 68 0 8 0.0167533177882
32 79 0 8 0.0167504120618
19 32 0 8 0.016731755808
7 69 0 8 0.0167261622846
59 80 0 8 0.0166954640299
7 30 0 8 0.0166502557695
39 73 0 8 0.016643807292
19 62 0 8 0.0166421048343
29 69 0 8 0.016628805548
16 78 0 8 0.0166238471866
5 68 0 8 0.0166163574904
21 31 0 8 0.0165897700936
25 87 0 8 0.0165831502527
41 79 0 8 0.0165722761303
2 46 0 8 0.0165692139417
20 71 0 8 0.0165627431124
15 75 0 8 0.0165433138609
12 41 0 8 0.0165301840752
19 74 0 8 0.0165295097977
13 29 0 8 0.0165023710579
9 49 0 8 0.0164700970054
19 87 0 8 0.016459396109
50 69 0 8 0.016458792612
44 59 0 8 0.0164377409965
4 73 0 8 0.016434635967
20 37 0 8 0.0164320152253
24 82 0 8 0.0164282917976
36 50 0 8 0.0164241101593
6 61 0 8 0.016422200948
2 12 0 8 0.0164100881666
19 78 0 8 0.016407456249
6 73 0 8 0.0163879375905
7 24 0 8 0.0163692869246
17 39 0 8 0.0163581185043
8 45 0 8 0.0163573287427
16 69 0 8 0.0163511075079
16 43 0 8 0.0163476318121
4 26 0 8 0.0163461379707
51 59 0 8 0.0163445807993
4 46 0 8 0.0163380429149
7 83 0 8 0.0163366943598
22 82 0 8 0.016313072294
10 49 0 8 0.016299251467
14 66 0 8 0.0162904765457
67 72 0 8 0.0162794236094
65 70 0 8 0.0162768661976
10 20 0 8 0.0162564776838
12 74 0 8 0.0162531994283
20 56 0 8 0.0162442643195
56 69 0 8 0.0162320621312
57 70 0 8 0.0162309277803
40 78 0 8 0.0162156764418
25 41 0 8 0.0161485001445
18 62 0 8 0.0161417070776
20 42 0 8 0.0161370038986
37 63 0 8 0.0161313656718
2 87 0 8 0.016103329137
6 13 0 8 0.0161000490189
14 63 0 8 0.0160899311304
4 52 0 8 0.0160814765841
15 79 0 8 0.0160760842264
8 16 0 8 0.0160698313266
12 64 0 8 0.0160448439419
57 83 0 8 0.0160355344415
39 66 0 8 0.0160145256668
13 44 0 8 0.0159921869636
19 39 0 8 0.0159881506115
45 63 0 8 0.0159672573209
28 65 0 8 0.0159504525363
34 69 0 8 0.0159401800483
41 67 0 8 0.0159361865371
30 78 0 8 0.0159347131848
44 81 0 8 0.0159280076623
46 75 0 8 0.0159245785326
16 26 0 8 0.0159223731607
9 71 0 8 0.0159079656005
58 65 0 8 0.0158999133855
15 25 0 8 0.0158911198378
6 40 0 8 0.0158770233393
15 83 0 8 0.0158652067184
24 87 0 8 0.015859361738
8 59 0 8 0.0158548522741
27 82 0 8 0.0158233512193
13 80 0 8 0.0158179234713
17 31 0 8 0.0158018451184
57 69 0 8 0.0157999694347
19 41 0 8 0.0157952923328
46 64 0 8 0.0157928671688
22 85 0 8 0.0157726388425
45 74 0 8 0.0157624781132
12 40 0 8 0.0157610867172
15 70 0 8 0.0157580412924
11 46 0 8 0.0157462935895
19 72 0 8 0.0157361421734
19 53 0 8 0.0157309807837
19 34 0 8 0.0157195050269
77 84 0 8 0.0157189946622
10 35 0 8 0.0156811401248
23 57 0 8 0.0156775806099
46 82 0 8 0.0156635157764
24 45 0 8 0.015649760142
31 57 0 8 0.0156144658104
3 12 0 8 0.015611124225
53 68 0 8 0.0156019302085
7 82 0 8 0.015599463135
17 50 0 8 0.0155982552096
42 71 0 8 0.0155937606469
36 67 0 8 0.0155851114541
41 83 0 8 0.0155813349411
12 80 0 8 0.015573548153
21 50 0 8 0.0155551666394
24 52 0 8 0.0155537202954
9 67 0 8 0.0155516462401
22 72 0 8 0.0155438734218
16 64 0 8 0.0155363744125
12 29 0 8 0.0155304605141
21 57 0 8 0.0155262183398
40 64 0 8 0.0155030721799
42 60 0 8 0.01550305821
37 80 0 8 0.0154946539551
10 19 0 8 0.0154654048383
28 78 0 8 0.0154499262571
31 54 0 8 0.0154463779181
23 81 0 8 0.0154417231679
6 44 0 8 0.0154289919883
8 42 0 8 0.0154253337532
5 75 0 8 0.0154125783592
5 82 0 8 0.0153950126842
10 31 0 8 0.0153859592974
26 68 0 8 0.0153649589047
3 46 0 8 0.0153609840199
58 69 0 8 0.015359390527
17 64 0 8 0.0153428278863
6 58 0 8 0.0153407743201
7 70 0 8 0.0153391975909
7 41 0 8 0.0153343724087
52 68 0 8 0.0153236342594
20 86 0 8 0.0153208281845
14 33 0 8 0.0153189804405
23 58 0 8 0.0153021579608
45 77 0 8 0.0152653781697
15 64 0 8 0.0152568006888
31 78 0 8 0.0152542153373
7 40 0 8 0.0152392592281
8 17 0 8 0.0152285145596
26 40 0 8 0.01522247307
63 71 0 8 0.0152031639591
8 20 0 8 0.0151997152716
3 42 0 8 0.015178966336
37 65 0 8 0.0151761518791
45 62 0 8 0.0151730151847
12 70 0 8 0.0151727525517
18 53 0 8 0.0151727236807
19 77 0 8 0.0151694668457
8 15 0 8 0.0151557894424
19 86 0 8 0.0151449255645
57 65 0 8 0.0151327317581
13 30 0 8 0.0151274604723
25 39 0 8 0.0151244336739
2 43 0 8 0.0151211172342
34 54 0 8 0.0151049066335
14 80 0 8 0.0150874294341
35 64 0 8 0.0150855742395
9 46 0 8 0.0150851914659
12 67 0 8 0.01507958211
13 27 0 8 0.0150710428134
12 87 0 8 0.0150693859905
4 69 0 8 0.0150571623817
6 48 0 8 0.0150568783283
39 70 0 8 0.01504825335
45 73 0 8 0.0150304120034
45 78 0 8 0.0150206796825
10 30 0 8 0.0150116169825
20 75 0 8 0.0149873048067
64 87 0 8 0.0149819487706
21 25 0 8 0.0149810761213
19 42 0 8 0.0149777270854
14 41 0 8 0.0149745969102
8 62 0 8 0.014945814386
34 45 0 8 0.0149354431778
19 83 0 8 0.0149250486866
28 74 0 8 0.0149226030335
5 73 0 8 0.0149197503924
8 69 0 8 0.0149066150188
11 87 0 8 0.0148793812841
2 69 0 8 0.0148604651913
45 82 0 8 0.014860458672
78 87 0 8 0.0148575343192
16 28 0 8 0.0148357180879
27 85 0 8 0.0148102324456
30 36 0 8 0.0148034226149
4 71 0 8 0.0147874290124
15 81 0 8 0.0147750200704
52 63 0 8 0.0147677892819
52 76 0 8 0.0147399529815
66 73 0 8 0.0147364353761
39 83 0 8 0.0147198764607
19 43 0 8 0.0147094037384
7 15 0 8 0.0147052360699
20 53 0 8 0.014703232795
29 70 0 8 0.0146976243705
1 9 0 8 0.0146854342893
29 83 0 8 0.014679916203
1 8 0 8 0.0146462963894
29 36 0 8 0.0146380951628
12 79 0 8 0.0146372774616
1 87 0 8 0.0146288201213
13 85 0 8 0.0146114267409
4 79 0 8 0.0146080972627
7 74 0 8 0.0145944859833
7 63 0 8 0.0145928123966
51 73 0 8 0.0145921204239
2 73 0 8 0.0145919006318
21 83 0 8 0.0145868072286
60 82 0 8 0.0145860332996
4 42 0 8 0.0145845375955
41 63 0 8 0.0145699139684
36 41 0 8 0.0145456781611
30 37 0 8 0.0145341865718
63 80 0 8 0.0145239727572
48 76 0 8 0.0145127363503
25 48 0 8 0.0145072676241
11 81 0 8 0.0144794592634
5 15 0 8 0.0144757442176
32 55 0 8 0.0144692286849
8 40 0 8 0.0144615806639
28 44 0 8 0.0144401816651
10 56 0 8 0.0144376922399
9 36 0 8 0.0144373457879
9 68 0 8 0.014421206899
15 50 0 8 0.0144183812663
44 82 0 8 0.0144133400172
7 46 0 8 0.0144132655114
26 39 0 8 0.0143856815994
69 87 0 8 0.0143770715222
17 80 0 8 0.0143742607906
8 78 0 8 0.0143546685576
7 50 0 8 0.0143478084356
29 49 0 8 0.0143446065485
8 57 0 8 0.0143408244476
50 65 0 8 0.0143406838179
14 57 0 8 0.0143371913582
28 54 0 8 0.0143147427589
49 80 0 8 0.0142988068983
36 43 0 8 0.0142983635888
38 57 0 8 0.0142880436033
40 85 0 8 0.0142765715718
7 19 0 8 0.0142647987232
30 87 0 8 0.0142427571118
42 81 0 8 0.0142305707559
75 84 0 8 0.0142268454656
61 87 0 8 0.0142181208357
34 58 0 8 0.0142075046897
7 45 0 8 0.0142067037523
20 82 0 8 0.0142030315474
47 85 0 8 0.0142000410706
14 31 0 8 0.0141940880567
7 62 0 8 0.0141817629337
36 52 0 8 0.0141763044521
29 66 0 8 0.0141597604379
32 76 0 8 0.0141540039331
18 87 0 8 0.0141526199877
77 86 0 8 0.0141515685245
17 71 0 8 0.0141477771103
77 87 0 8 0.0141475377604
12 45 0 8 0.0141180660576
39 79 0 8 0.014113121666
43 70 0 8 0.0141015229747
35 44 0 8 0.0140800466761
22 43 0 8 0.0140710137784
16 48 0 8 0.0140655711293
29 74 0 8 0.0140569368377
61 80 0 8 0.0140474904329
32 58 0 8 0.0140446638688
12 85 0 8 0.014022231102
43 69 0 8 0.0140221389011
19 52 0 8 0.0140025671571
40 84 0 8 0.0139979254454
7 23 0 8 0.0139942802489
11 42 0 8 0.0139890965074
5 41 0 8 0.0139837041497
44 50 0 8 0.0139679405838
11 57 0 8 0.0139605868608
10 81 0 8 0.0139522133395
2 45 0 8 0.0139419110492
59 77 0 8 0.0139262992889
73 82 0 8 0.0139129133895
14 40 0 8 0.0139101408422
65 87 0 8 0.0139053398743
9 76 0 8 0.0138947265223
43 79 0 8 0.0138923358172
35 87 0 8 0.0138861965388
29 37 0 8 0.0138807510957
14 87 0 8 0.0138779971749
14 58 0 8 0.0138670392334
3 11 0 8 0.0138663994148
22 71 0 8 0.0138658126816
24 86 0 8 0.0138636874035
10 71 0 8 0.0138599658385
6 27 0 8 0.0138565637171
26 86 0 8 0.0138475485146
11 76 0 8 0.0138451000676
46 84 0 8 0.0138401081786
15 61 0 8 0.0138325216249
9 18 0 8 0.0138296987861
29 76 0 8 0.0138245364651
46 76 0 8 0.0138179454952
1 10 0 8 0.0138154700398
5 21 0 8 0.0138141587377
48 67 0 8 0.0138115407899
6 30 0 8 0.0137786241248
11 82 0 8 0.0137649783865
16 56 0 8 0.01375982631
54 71 0 8 0.0137571021914
10 32 0 8 0.0137447509915
35 77 0 8 0.0137322619557
37 76 0 8 0.0137234162539
36 56 0 8 0.0137191126123
24 76 0 8 0.0137179382145
19 85 0 8 0.0137148285285
20 39 0 8 0.0137100052088
36 78 0 8 0.0137017611414
10 48 0 8 0.013699254021
7 71 0 8 0.0136868124828
7 22 0 8 0.0136807756498
2 11 0 8 0.0136668197811
43 63 0 8 0.0136657794937
23 85 0 8 0.013652603142
59 71 0 8 0.0136502729729
9 87 0 8 0.0136409411207
14 45 0 8 0.0136356046423
51 69 0 8 0.0136297438294
41 71 0 8 0.0136292940006
22 86 0 8 0.0136221358553
20 61 0 8 0.0136174466461
20 68 0 8 0.0136149935424
36 87 0 8 0.0136022763327
13 40 0 8 0.0136019755155
17 58 0 8 0.0135810580105
61 82 0 8 0.01357659325
31 71 0 8 0.0135658439249
31 80 0 8 0.0135622955859
2 41 0 8 0.0135575635359
32 87 0 8 0.0135481795296
12 82 0 8 0.0135354781523
8 46 0 8 0.0135313654318
46 83 0 8 0.0135244615376
18 66 0 8 0.0135197602212
64 81 0 8 0.0135153355077
40 47 0 8 0.0135091254488
57 76 0 8 0.0135069461539
10 47 0 8 0.0134603334591
4 84 0 8 0.0134574081749
5 28 0 8 0.013457053341
65 85 0 8 0.0134549262002
4 74 0 8 0.0134256333113
27 81 0 8 0.0134078152478
11 45 0 8 0.0134001225233
11 75 0 8 0.0133965043351
21 58 0 8 0.0133938007057
57 74 0 8 0.0133934039623
38 75 0 8 0.013390392065
18 42 0 8 0.0133715318516
1 12 0 8 0.013371091336
16 76 0 8 0.0133705884218
8 52 0 8 0.0133625259623
46 81 0 8 0.013327235356
69 84 0 8 0.0133106615394
20 84 0 8 0.0133075239137
13 50 0 8 0.0133002633229
4 86 0 8 0.0132899107412
59 79 0 8 0.0132896034047
18 34 0 8 0.0132890595123
30 74 0 8 0.0132797090337
4 22 0 8 0.0132583323866
29 87 0 8 0.0132539980114
18 78 0 8 0.0132519965991
23 40 0 8 0.0132518587634
4 64 0 8 0.0132457623258
9 85 0 8 0.0131874848157
7 58 0 8 0.013185816817
18 46 0 8 0.013179811649
16 35 0 8 0.0131784528494
14 82 0 8 0.0131746092811
48 82 0 8 0.0131739340723
16 32 0 8 0.0131731210276
19 58 0 8 0.0131718879566
33 85 0 8 0.0131718385965
34 82 0 8 0.0131607046351
30 82 0 8 0.0131570706144
12 71 0 8 0.0131476502866
8 86 0 8 0.0131437042728
42 87 0 8 0.0131282377988
9 50 0 8 0.0130747593939
12 34 0 8 0.0130722671747
8 65 0 8 0.0130688594654
28 52 0 8 0.0130625264719
51 58 0 8 0.0130558889359
36 64 0 8 0.0130543103442
16 29 0 8 0.0130506306887
9 31 0 8 0.0130500467494
3 41 0 8 0.013036432676
15 74 0 8 0.0130307283252
36 42 0 8 0.0130298323929
15 44 0 8 0.0130217159167
25 45 0 8 0.0130212502554
9 42 0 8 0.0130091765895
4 81 0 8 0.0130075421184
36 62 0 8 0.0130021385849
47 77 0 8 0.0129674626514
2 26 0 8 0.0129593722522
54 72 0 8 0.0129420133308
15 33 0 8 0.0129350395873
35 43 0 8 0.0129093853757
37 82 0 8 0.0129092643037
29 73 0 8 0.0129018407315
27 43 0 8 0.0129012521356
40 65 0 8 0.0129010947421
15 46 0 8 0.0129007110372
34 40 0 8 0.0128983436152
43 77 0 8 0.012886589393
27 83 0 8 0.0128830233589
9 45 0 8 0.0128739122301
40 61 0 8 0.0128709739074
7 61 0 8 0.0128683624789
37 81 0 8 0.0128674237058
16 87 0 8 0.0128628760576
14 56 0 8 0.012850549072
8 63 0 8 0.0128488130867
54 63 0 8 0.0128416903317
7 66 0 8 0.0128321126103
7 79 0 8 0.012831768021
10 45 0 8 0.0128290439025
48 53 0 8 0.0128277642652
28 81 0 8 0.0128184147179
5 86 0 8 0.0128145534545
16 40 0 8 0.0127851134166
7 17 0 8 0.0127816954628
64 85 0 8 0.0127545520663
41 68 0 8 0.0127491373569
6 72 0 8 0.0127338534221
12 28 0 8 0.0127291781828
56 73 0 8 0.0127209229395
22 32 0 8 0.0126937283203
10 87 0 8 0.0126785514876
32 57 0 8 0.0126688852906
40 76 0 8 0.0126622673124
6 54 0 8 0.0126512730494
13 54 0 8 0.0126383062452
14 68 0 8 0.0126341897994
43 58 0 8 0.0126301283017
48 66 0 8 0.0126229291782
18 64 0 8 0.0126004712656
72 87 0 8 0.0125990416855
13 43 0 8 0.0125793563202
4 70 0 8 0.0125686526299
52 64 0 8 0.0125616360456
31 39 0 8 0.0125281680375
16 84 0 8 0.0125253368169
42 50 0 8 0.0125149488449
31 87 0 8 0.012510725297
18 33 0 8 0.0125016439706
18 38 0 8 0.0124978004023
14 32 0 8 0.012495229952
12 46 0 8 0.012487705797
22 27 0 8 0.0124819334596
60 65 0 8 0.0124790892005
38 81 0 8 0.012476157397
18 61 0 8 0.0124568082392
4 27 0 8 0.0124515593052
14 49 0 8 0.0124421231449
4 18 0 8 0.0124401077628
29 46 0 8 0.0124369617552
21 43 0 8 0.0124360360205
3 45 0 8 0.0124303577468
56 65 0 8 0.0124262310565
28 69 0 8 0.012413399294
19 44 0 8 0.0124132409692
43 59 0 8 0.0124108688906
21 71 0 8 0.0124004222453
75 87 0 8 0.0123987868428
21 36 0 8 0.0123933348805
4 17 0 8 0.0123908780515
38 48 0 8 0.0123848924413
4 43 0 8 0.0123766595498
28 84 0 8 0.0123759722337
6 79 0 8 0.0123645598069
15 26 0 8 0.0123524069786
73 81 0 8 0.012346864678
18 35 0 8 0.0123332189396
4 50 0 8 0.0123086674139
44 65 0 8 0.0122987814248
26 43 0 8 0.0122847435996
6 14 0 8 0.0122760562226
21 86 0 8 0.0122742988169
6 19 0 8 0.0122493607923
4 14 0 8 0.0122480001301
22 83 0 8 0.0122394189239
8 56 0 8 0.0122275603935
22 39 0 8 0.0122205363587
48 65 0 8 0.0122102368623
48 69 0 8 0.0121926506981
40 71 0 8 0.0121877994388
62 71 0 8 0.0121838683262
32 38 0 8 0.0121825477108
1 46 0 8 0.0121661527082
6 23 0 8 0.0121545996517
3 86 0 8 0.012138475664
4 31 0 8 0.0121275540441
78 85 0 8 0.0121271088719
10 85 0 8 0.0121239153668
15 45 0 8 0.012118707411
20 83 0 8 0.0121149644256
12 52 0 8 0.0121127897874
71 83 0 8 0.0121073424816
43 78 0 8 0.0121061336249
15 31 0 8 0.0120972339064
13 45 0 8 0.012089041993
19 64 0 8 0.0120889786631
12 73 0 8 0.0120847607031
19 63 0 8 0.0120776742697
79 86 0 8 0.0120676206425
12 58 0 8 0.012058022432
11 56 0 8 0.0120558124036
31 50 0 8 0.0120300324634
5 13 0 8 0.0120245311409
9 52 0 8 0.0120171410963
34 83 0 8 0.0120143219829
2 77 0 8 0.0120035950094
4 78 0 8 0.0120030296966
36 44 0 8 0.0120016047731
9 84 0 8 0.0120003214106
30 65 0 8 0.0119869913906
63 79 0 8 0.0119785238057
10 43 0 8 0.0119731687009
28 66 0 8 0.011970394291
20 49 0 8 0.0119506148621
17 54 0 8 0.0119378920645
10 82 0 8 0.0119368517771
41 74 0 8 0.0119350738823
56 80 0 8 0.011911733076
15 87 0 8 0.0118774455041
47 59 0 8 0.0118700833991
35 45 0 8 0.0118691939861
41 76 0 8 0.0118658719584
18 59 0 8 0.0118648381904
41 85 0 8 0.0118601266295
4 23 0 8 0.0118565894663
18 41 0 8 0.0118563156575
2 13 0 8 0.0118277072906
61 85 0 8 0.0118247484788
54 67 0 8 0.0118054132909
17 87 0 8 0.0118034714833
5 64 0 8 0.0118029555306
7 81 0 8 0.0117976451293
15 63 0 8 0.0117971058935
14 53 0 8 0.0117955710739
1 11 0 8 0.0117894364521
62 87 0 8 0.0117691103369
20 44 0 8 0.0117349186912
44 75 0 8 0.0117197930813
21 27 0 8 0.0117182694376
25 75 0 8 0.0117006711662
13 52 0 8 0.0116979982704
24 57 0 8 0.0116930650547
45 71 0 8 0.0116865141317
5 19 0 8 0.0116853360087
76 85 0 8 0.0116755487397
42 52 0 8 0.0116674574092
5 48 0 8 0.0116624496877
18 58 0 8 0.0116529064253
68 87 0 8 0.0116474153474
2 40 0 8 0.0116452975199
3 77 0 8 0.0116443037987
73 87 0 8 0.011643897742
21 52 0 8 0.0116373412311
12 33 0 8 0.0116326259449
20 55 0 8 0.0116232773289
49 65 0 8 0.0116223730147
1 21 0 8 0.0116185061634
4 15 0 8 0.0116158351302
69 81 0 8 0.0115942629054
7 54 0 8 0.0115885650739
9 19 0 8 0.0115860970691
12 38 0 8 0.0115717872977
59 65 0 8 0.011565038003
31 52 0 8 0.0115637350827
3 14 0 8 0.011563080363
42 82 0 8 0.011561631225
17 83 0 8 0.011541698128
72 83 0 8 0.0115369446576
55 78 0 8 0.0115272914991
67 73 0 8 0.01152600348
14 38 0 8 0.0115243028849
70 80 0 8 0.0115241948515
43 82 0 8 0.0115228155628
8 58 0 8 0.0115209734067
28 87 0 8 0.0115010179579
15 40 0 8 0.0114897424355
4 80 0 8 0.011487185955
10 84 0 8 0.0114758862182
6 25 0 8 0.0114728901535
7 42 0 8 0.0114716514945
30 85 0 8 0.0114590805024
6 46 0 8 0.0114544471726
22 57 0 8 0.0114417225122
64 69 0 8 0.0114393662661
59 69 0 8 0.011435710825
57 80 0 8 0.0114264748991
11 49 0 8 0.0114252902567
7 16 0 8 0.0114202341065
36 71 0 8 0.0114091970026
6 24 0 8 0.0114013589919
22 40 0 8 0.0113902548328
30 46 0 8 0.0113893421367
33 41 0 8 0.0113771241158
62 79 0 8 0.0113725010306
62 83 0 8 0.0113646546379
24 54 0 8 0.0113410735503
70 75 0 8 0.0113349268213
3 87 0 8 0.0113311503083
39 69 0 8 0.0113250510767
5 79 0 8 0.0113229425624
46 87 0 8 0.0113030960783
4 61 0 8 0.0112960813567
7 87 0 8 0.0112817743793
64 84 0 8 0.0112792961299
54 84 0 8 0.0112764248624
16 39 0 8 0.0112625472248
39 61 0 8 0.0112588200718
68 86 0 8 0.0112520596012
2 27 0 8 0.0112503618002
47 52 0 8 0.01125015039
30 44 0 8 0.0112501289696
67 87 0 8 0.0112470844761
8 79 0 8 0.0112366639078
30 81 0 8 0.011235604994
15 84 0 8 0.0112304938957
64 70 0 8 0.0112254172564
3 13 0 8 0.0112231886014
57 67 0 8 0.0112196290866
45 76 0 8 0.0112181846052
14 26 0 8 0.0111926132813
17 29 0 8 0.011189525947
71 85 0 8 0.0111751323566
17 51 0 8 0.0111698275432
6 86 0 8 0.0111673371866
4 48 0 8 0.0111625464633
19 31 0 8 0.0111606204882
9 83 0 8 0.0111586526036
45 69 0 8 0.0111518464983
2 53 0 8 0.011123502627
15 65 0 8 0.0111165447161
54 68 0 8 0.0110928602517
5 81 0 8 0.0110859209672
30 84 0 8 0.0110323624685
35 51 0 8 0.0110078640282
19 50 0 8 0.0109947072342
68 82 0 8 0.0109867509454
42 57 0 8 0.0109623679891
5 17 0 8 0.0109565276653
29 86 0 8 0.0109560573474
35 52 0 8 0.0109223527834
31 65 0 8 0.0109221572056
33 82 0 8 0.0108907790855
64 80 0 8 0.010886060074
6 63 0 8 0.0108763296157
44 72 0 8 0.010869698599
46 55 0 8 0.0108691249043
42 59 0 8 0.0108615960926
18 56 0 8 0.0108428876847
67 74 0 8 0.0108208516613
25 40 0 8 0.0108161624521
21 39 0 8 0.0108070038259
29 54 0 8 0.0108009250835
54 64 0 8 0.0107958158478
19 46 0 8 0.010789655149
26 76 0 8 0.0107810432091
34 87 0 8 0.0107691446319
4 87 0 8 0.0107627455145
41 57 0 8 0.0107558481395
5 14 0 8 0.0107424464077
4 33 0 8 0.0107382116839
8 54 0 8 0.0107323527336
4 82 0 8 0.0107258129865
35 71 0 8 0.0107201579958
39 84 0 8 0.0107032861561
41 78 0 8 0.0106875244528
18 37 0 8 0.0106679098681
71 84 0 8 0.0106648653746
67 82 0 8 0.0106634311378
78 86 0 8 0.0106573468074
4 29 0 8 0.0106535814703
71 76 0 8 0.010651204735
4 19 0 8 0.0106462463737
40 51 0 8 0.0106389401481
35 65 0 8 0.0106159681454
40 52 0 8 0.0106158880517
9 39 0 8 0.0106135141104
7 37 0 8 0.0105942636728
17 86 0 8 0.0105760758743
23 43 0 8 0.0105755021796
1 42 0 8 0.0105610471219
8 30 0 8 0.0105600403622
7 39 0 8 0.0105582373217
45 81 0 8 0.0105159943923
4 65 0 8 0.0105152251199
20 45 0 8 0.0104993702844
11 32 0 8 0.0104931201786
20 52 0 8 0.0104691460729
22 26 0 8 0.01046835538
48 78 0 8 0.010465095751
12 81 0 8 0.0104558356106
22 75 0 8 0.0104477088898
1 86 0 8 0.0104280225933
4 38 0 8 0.0104221394286
19 57 0 8 0.0104212779552
27 48 0 8 0.0103891566396
63 87 0 8 0.0103841042146
9 44 0 8 0.0103754885495
8 61 0 8 0.0103579899296
7 34 0 8 0.0103560835123
2 21 0 8 0.0103383874521
10 36 0 8 0.0103336721659
25 76 0 8 0.0103284837678
20 46 0 8 0.0103248627856
4 28 0 8 0.0103226173669
24 83 0 8 0.0103143099695
6 57 0 8 0.010311239399
21 84 0 8 0.0103061888367
58 82 0 8 0.0102988090366
72 85 0 8 0.0102773392573
44 87 0 8 0.0102717382833
7 43 0 8 0.0102641005069
12 30 0 8 0.0102546634153
17 68 0 8 0.0102493809536
36 63 0 8 0.0102464742959
45 55 0 8 0.0102351354435
11 52 0 8 0.0102283069864
41 82 0 8 0.0102108465508
7 60 0 8 0.0102107897401
4 21 0 8 0.0102037219331
2 14 0 8 0.0101945223287
17 75 0 8 0.0101939495653
37 75 0 8 0.0101922899485
12 86 0 8 0.0101641146466
7 38 0 8 0.0101533606648
37 83 0 8 0.0101413344964
24 68 0 8 0.0101395584643
8 70 0 8 0.0101262768731
30 76 0 8 0.0101240351796
8 87 0 8 0.010122382082
15 59 0 8 0.0100945830345
13 87 0 8 0.0100840777159
20 85 0 8 0.0100831827149
2 76 0 8 0.0100829163566
39 60 0 8 0.0100775873289
7 33 0 8 0.0100716995075
3 44 0 8 0.0100639527664
2 52 0 8 0.0100546227768
40 60 0 8 0.0100487582386
4 72 0 8 0.0100395223126
2 86 0 8 0.0100360298529
7 80 0 8 0.0100329797715
39 78 0 8 0.0100180050358
40 87 0 8 0.0100018307567
21 75 0 8 0.0099988989532
3 69 0 8 0.0099774543196
50 64 0 8 0.00997465196997
39 65 0 8 0.00997120141983
74 83 0 8 0.00996266677976
62 77 0 8 0.00995511561632
28 85 0 8 0.0099549787119
19 45 0 8 0.00994911137968
43 84 0 8 0.00994050968438
41 65 0 8 0.00993242673576
6 43 0 8 0.00992976408452
8 31 0 8 0.00992920156568
2 23 0 8 0.00992496497929
28 43 0 8 0.00991656351835
14 44 0 8 0.00990452431142
3 81 0 8 0.00988254323602
39 67 0 8 0.00987035315484
14 52 0 8 0.00986033864319
5 25 0 8 0.00984460208565
4 24 0 8 0.00984371453524
45 53 0 8 0.00982472021133
68 85 0 8 0.00980886351317
23 75 0 8 0.00979485362768
16 31 0 8 0.00979393348098
25 43 0 8 0.00979166291654
29 38 0 8 0.00979061424732
39 77 0 8 0.0097675640136
2 71 0 8 0.00976357515901
11 36 0 8 0.00975560676306
41 87 0 8 0.00974459014833
12 84 0 8 0.00973948929459
2 22 0 8 0.00973312649876
28 67 0 8 0.0097298771143
37 87 0 8 0.00971759017557
3 73 0 8 0.0097102643922
13 35 0 8 0.00968600716442
16 36 0 8 0.00968232937157
3 79 0 8 0.00966652203351
31 83 0 8 0.00966098718345
1 43 0 8 0.00965883396566
43 80 0 8 0.00965868402272
17 57 0 8 0.00965680927038
9 75 0 8 0.0096520036459
8 34 0 8 0.00963985919952
48 68 0 8 0.00963013246655
4 57 0 8 0.00961823295802
6 42 0 8 0.00961757451296
12 37 0 8 0.00960296951234
3 37 0 8 0.00959448795766
17 85 0 8 0.00958415400237
4 83 0 8 0.0095835737884
17 81 0 8 0.0095777194947
2 25 0 8 0.00956393312663
43 52 0 8 0.00954944919795
30 52 0 8 0.00954325962812
61 84 0 8 0.00953056663275
12 44 0 8 0.00952913146466
18 82 0 8 0.00951758492738
60 80 0 8 0.00951230805367
15 27 0 8 0.00950808636844
7 72 0 8 0.00950123649091
57 85 0 8 0.00949954520911
39 87 0 8 0.00947514548898
32 78 0 8 0.00946501456201
2 44 0 8 0.00946357101202
30 73 0 8 0.00945880729705
25 84 0 8 0.00945012550801
66 80 0 8 0.00944251846522
60 87 0 8 0.00943261757493
11 84 0 8 0.00941951945424
41 58 0 8 0.00941596459597
2 24 0 8 0.00941181648523
28 75 0 8 0.00938544142991
3 27 0 8 0.00934335123748
27 39 0 8 0.00934323295951
49 75 0 8 0.00933447573334
8 37 0 8 0.00932726450264
9 43 0 8 0.00931894499809
4 37 0 8 0.00931743532419
32 74 0 8 0.0093078231439
32 73 0 8 0.00930211693048
16 27 0 8 0.00930030271411
10 50 0 8 0.00929144117981
38 76 0 8 0.0092830080539
54 79 0 8 0.00928157009184
44 83 0 8 0.00927640683949
30 49 0 8 0.00926306284964
30 38 0 8 0.00925895478576
1 22 0 8 0.00925879739225
45 64 0 8 0.00924674142152
27 84 0 8 0.00923439115286
25 83 0 8 0.00923310406506
47 80 0 8 0.00923074968159
10 52 0 8 0.00922896992415
28 71 0 8 0.0092146974057
39 63 0 8 0.00921308621764
60 84 0 8 0.00920960493386
5 47 0 8 0.00920211989433
35 42 0 8 0.00917791761458
33 83 0 8 0.00916483718902
52 65 0 8 0.00916359759867
5 45 0 8 0.00916221737862
15 78 0 8 0.00915698520839
38 68 0 8 0.00914365705103
53 87 0 8 0.00910542439669
12 69 0 8 0.00910416804254
62 80 0 8 0.00910406094044
1 13 0 8 0.00909054186195
3 43 0 8 0.00909003522247
12 49 0 8 0.00907710380852
57 73 0 8 0.00905810575932
59 87 0 8 0.00905493833125
47 69 0 8 0.00905375368893
33 39 0 8 0.00904378667474
4 30 0 8 0.00903767347336
34 51 0 8 0.00903603062034
15 55 0 8 0.00903555564582
18 50 0 8 0.00902486685663
32 40 0 8 0.00901353452355
40 50 0 8 0.00899940542877
7 56 0 8 0.00899690948427
34 81 0 8 0.00897954124957
4 39 0 8 0.00895462092012
51 70 0 8 0.00894983578473
60 79 0 8 0.00894706137478
12 83 0 8 0.00894697755575
1 14 0 8 0.00894194282591
14 85 0 8 0.00893969461322
68 73 0 8 0.00892905518413
42 75 0 8 0.00892391707748
72 86 0 8 0.0089187445119
11 43 0 8 0.00891160219908
44 68 0 8 0.00890723243356
33 65 0 8 0.00890218280256
53 78 0 8 0.00889722350985
75 85 0 8 0.00887345243245
24 48 0 8 0.00886250473559
48 79 0 8 0.00883881188929
60 69 0 8 0.00883849430829
5 63 0 8 0.00883616413921
2 80 0 8 0.00883132964373
69 85 0 8 0.00881925411522
61 83 0 8 0.00880596786737
8 38 0 8 0.00880580488592
43 66 0 8 0.00880429055542
15 86 0 8 0.00880140252411
5 27 0 8 0.0087965875864
4 34 0 8 0.0087922392413
13 75 0 8 0.00879003666341
39 53 0 8 0.00878863688558
28 83 0 8 0.00878827180713
7 47 0 8 0.00878506992012
2 33 0 8 0.00878418982029
4 25 0 8 0.00878303963691
62 82 0 8 0.00877855252475
2 50 0 8 0.0087720118463
2 65 0 8 0.00876904372126
34 76 0 8 0.00875363498926
33 84 0 8 0.00875056069344
3 33 0 8 0.00874586869031
3 29 0 8 0.00874532200396
8 44 0 8 0.0087178023532
22 76 0 8 0.0086934491992
20 38 0 8 0.00869257841259
8 66 0 8 0.00868152454495
43 87 0 8 0.00867827888578
15 82 0 8 0.00867574010044
15 42 0 8 0.0086619630456
51 60 0 8 0.00866064801812
30 83 0 8 0.00866040680557
47 82 0 8 0.00865743961185
5 32 0 8 0.00864970777184
15 34 0 8 0.00864886585623
5 44 0 8 0.00864677783102
3 30 0 8 0.00863320939243
67 78 0 8 0.00862568709999
4 68 0 8 0.00858676899225
10 68 0 8 0.00858153682202
31 40 0 8 0.00858152192086
62 81 0 8 0.00854639522731
18 57 0 8 0.00853688921779
7 86 0 8 0.00852623209357
19 49 0 8 0.00851549673826
1 26 0 8 0.0085015585646
76 87 0 8 0.00849873013794
71 86 0 8 0.00849696993828
23 28 0 8 0.00848278868943
38 72 0 8 0.00847885105759
24 84 0 8 0.00847527198493
50 82 0 8 0.00847258325666
39 82 0 8 0.00846826285124
64 86 0 8 0.00846367888153
18 81 0 8 0.00845360103995
15 67 0 8 0.00844306312501
60 74 0 8 0.00844304822385
48 64 0 8 0.00844257231802
11 68 0 8 0.00843666773289
2 30 0 8 0.00843147933483
8 35 0 8 0.00843063741922
33 86 0 8 0.00843009538949
24 85 0 8 0.00842253025621
47 83 0 8 0.0084180822596
28 73 0 8 0.00840446446091
11 50 0 8 0.0083991298452
4 67 0 8 0.00839713588357
48 59 0 8 0.00838810484856
43 64 0 8 0.00838525779545
1 30 0 8 0.00838504359126
39 50 0 8 0.00837305374444
72 77 0 8 0.00835791602731
28 45 0 8 0.00835647806525
2 68 0 8 0.00835380330682
15 49 0 8 0.0083515914157
16 75 0 8 0.0083480104804
18 49 0 8 0.00834036059678
20 43 0 8 0.00832989532501
40 82 0 8 0.00832913164049
1 85 0 8 0.00832691043615
6 17 0 8 0.00832274183631
23 48 0 8 0.00830552913249
75 86 0 8 0.00830485392362
11 85 0 8 0.00830216053873
16 72 0 8 0.0082930335775
42 83 0 8 0.00828560069203
16 85 0 8 0.00827281083912
70 87 0 8 0.00826012529433
42 84 0 8 0.00825996976346
38 56 0 8 0.00824310351163
47 64 0 8 0.00823624618351
12 42 0 8 0.00823579356074
18 39 0 8 0.00823398400098
7 51 0 8 0.00823372229934
47 75 0 8 0.00822183489799
24 75 0 8 0.00822172220796
6 50 0 8 0.00821995362639
60 81 0 8 0.00821568258107
8 80 0 8 0.00821137893945
69 82 0 8 0.00820765923709
65 86 0 8 0.00819855742157
31 75 0 8 0.00819761957973
16 81 0 8 0.00819416996092
6 81 0 8 0.00818901322782
4 51 0 8 0.00818626768887
3 26 0 8 0.00817021727562
61 81 0 8 0.00816438812762
3 40 0 8 0.00815580133349
5 37 0 8 0.00814869441092
14 27 0 8 0.00814196560532
41 80 0 8 0.00813231244683
51 61 0 8 0.0081199137494
6 22 0 8 0.00810932181776
2 72 0 8 0.00809755828232
54 83 0 8 0.00809590145946
22 48 0 8 0.00809184648097
16 82 0 8 0.00808903761208
38 87 0 8 0.00808528531343
12 57 0 8 0.00808245595545
36 45 0 8 0.00807794649154
55 72 0 8 0.00806932803243
2 78 0 8 0.00806908402592
2 61 0 8 0.00805753841996
19 61 0 8 0.00805561430752
11 83 0 8 0.00804779585451
14 50 0 8 0.00804694741964
2 29 0 8 0.00804672949016
53 76 0 8 0.00804584287107
1 27 0 8 0.00804358255118
76 84 0 8 0.00804066471756
36 77 0 8 0.00803865771741
35 76 0 8 0.00802551209927
17 82 0 8 0.00802515540272
36 61 0 8 0.00801214575768
28 50 0 8 0.00800109002739
27 51 0 8 0.00799766648561
52 81 0 8 0.00799605436623
2 28 0 8 0.00799567997456
73 83 0 8 0.00799286644906
15 38 0 8 0.00797695014626
2 79 0 8 0.00797451287508
70 83 0 8 0.00797435082495
37 56 0 8 0.00797334313393
33 75 0 8 0.00796910189092
16 83 0 8 0.00796315167099
2 37 0 8 0.00796282291412
39 62 0 8 0.00796048529446
63 68 0 8 0.00794155523181
66 87 0 8 0.0079255560413
56 71 0 8 0.00792057812214
47 81 0 8 0.00791788473725
1 18 0 8 0.00791549962014
18 83 0 8 0.00790993310511
48 57 0 8 0.00790513679385
19 38 0 8 0.00790004525334
26 48 0 8 0.00788437947631
5 42 0 8 0.00788292847574
11 54 0 8 0.00788237247616
5 18 0 8 0.00788077712059
2 74 0 8 0.00787801481783
15 76 0 8 0.00787214003503
8 39 0 8 0.00786770228297
1 44 0 8 0.00784802809358
30 50 0 8 0.0078454380855
3 76 0 8 0.00781749002635
57 87 0 8 0.00781589187682
10 72 0 8 0.00781485717744
7 31 0 8 0.0078141912818
48 85 0 8 0.00781015213579
14 42 0 8 0.0078007793054
31 81 0 8 0.00780077185482
21 76 0 8 0.00779556203634
38 47 0 8 0.00778396381065
35 54 0 8 0.00776831712574
4 60 0 8 0.00776706356555
5 43 0 8 0.00776252662763
5 20 0 8 0.00776192406192
27 68 0 8 0.00775294285268
32 49 0 8 0.00773768732324
5 22 0 8 0.00773414410651
29 52 0 8 0.00772472657263
1 29 0 8 0.00772299803793
34 84 0 8 0.00769804324955
58 75 0 8 0.00766966957599
61 86 0 8 0.00766634987667
49 68 0 8 0.00766543578357
67 80 0 8 0.00766332866624
35 85 0 8 0.00766187114641
10 75 0 8 0.00764492992312
6 74 0 8 0.00764215597883
9 32 0 8 0.00763834128156
4 75 0 8 0.00763580109924
46 53 0 8 0.00762677332386
39 71 0 8 0.00762636540458
54 74 0 8 0.00762253347784
2 18 0 8 0.0076207453385
15 85 0 8 0.00761551083997
43 74 0 8 0.00759931094944
1 23 0 8 0.00757878320292
1 45 0 8 0.00755490642041
63 78 0 8 0.00754890218377
67 85 0 8 0.00754518806934
36 65 0 8 0.00754293845966
5 78 0 8 0.00752977095544
46 86 0 8 0.00752184307203
7 20 0 8 0.0075176008977
44 85 0 8 0.00749496463686
59 81 0 8 0.00749117042869
18 48 0 8 0.00748931290582
3 31 0 8 0.00748574454337
39 76 0 8 0.00748036848381
37 86 0 8 0.00747379707173
31 85 0 8 0.00747190508991
18 86 0 8 0.00745548633859
14 86 0 8 0.00743965292349
32 61 0 8 0.00743808271363
55 80 0 8 0.00743357092142
56 68 0 8 0.00742133706808
2 19 0 8 0.00741689885035
45 75 0 8 0.00740400562063
1 28 0 8 0.00739623373374
7 85 0 8 0.0073954355903
2 31 0 8 0.00739018339664
1 41 0 8 0.00738118542358
15 72 0 8 0.00737807666883
71 77 0 8 0.00737719330937
39 52 0 8 0.00737642496824
7 35 0 8 0.00737203052267
30 67 0 8 0.00736948754638
53 75 0 8 0.00735961226746
2 20 0 8 0.00735649839044
2 64 0 8 0.00735270371661
40 83 0 8 0.00734926247969
12 48 0 8 0.0073488173075
43 86 0 8 0.00734452251345
58 87 0 8 0.00733919860795
2 55 0 8 0.00733871292323
8 55 0 8 0.00733790639788
7 49 0 8 0.00733582954854
7 44 0 8 0.00733285117894
39 74 0 8 0.00732816010714
61 77 0 8 0.00732634589076
54 73 0 8 0.00732378056273
43 76 0 8 0.00732326041907
43 73 0 8 0.00731589784846
17 26 0 8 0.0073149423115
30 86 0 8 0.00731310341507
35 48 0 8 0.00730771943927
32 51 0 8 0.00729435868561
19 55 0 8 0.00729422038421
3 68 0 8 0.00729239406064
2 39 0 8 0.00729082012549
5 80 0 8 0.00728271761909
4 20 0 8 0.00727668730542
1 53 0 8 0.00726883113384
6 71 0 8 0.00726491305977
3 83 0 8 0.00725531391799
60 71 0 8 0.0072505758144
3 56 0 8 0.0072500272654
12 76 0 8 0.00723680527881
69 86 0 8 0.00723331514746
55 87 0 8 0.00723249325529
29 84 0 8 0.00723147997633
4 35 0 8 0.00722324103117
47 71 0 8 0.00721985381097
16 54 0 8 0.00721523724496
1 20 0 8 0.00720748119056
5 65 0 8 0.00720463925973
34 48 0 8 0.00720295496285
20 76 0 8 0.00720292795449
42 72 0 8 0.00720130791888
15 80 0 8 0.00719894235954
14 72 0 8 0.00719578377903
51 63 0 8 0.00718967895955
13 47 0 8 0.00718353083357
65 84 0 8 0.0071830204688
74 85 0 8 0.00718127330765
26 47 0 8 0.00718037551269
13 48 0 8 0.00717593403533
64 83 0 8 0.00716339563951
30 54 0 8 0.00714850984514
20 24 0 8 0.00714140245691
39 64 0 8 0.00713930046186
37 58 0 8 0.00713482312858
2 85 0 8 0.00712450779974
14 39 0 8 0.00712122302502
2 70 0 8 0.00711767375469
1 50 0 8 0.00711689889431
44 86 0 8 0.00711597222835
47 66 0 8 0.00709082651883
4 36 0 8 0.00708978902549
48 87 0 8 0.00708913104609
39 86 0 8 0.00708408467472
42 85 0 8 0.00708383694291
6 52 0 8 0.00707527622581
3 85 0 8 0.00707367807627
18 36 0 8 0.00706393225119
26 72 0 8 0.00705256313086
10 54 0 8 0.00705000944436
36 84 0 8 0.00702877156436
32 50 0 8 0.00702290935442
9 86 0 8 0.00701868766919
19 76 0 8 0.00701311370358
6 64 0 8 0.00701217027381
15 51 0 8 0.00700834672898
3 21 0 8 0.00700755370781
13 36 0 8 0.00700736790895
30 68 0 8 0.00700060231611
7 75 0 8 0.00698917219415
11 48 0 8 0.00698554608971
13 86 0 8 0.006979836151
4 16 0 8 0.006974959746
3 80 0 8 0.00697222584859
17 27 0 8 0.00697026820853
8 71 0 8 0.00694546569139
8 67 0 8 0.00694493949413
57 86 0 8 0.00694437418133
25 86 0 8 0.00692441919819
6 33 0 8 0.0069210822694
5 46 0 8 0.00691726477817
8 74 0 8 0.00691634789109
14 54 0 8 0.00690585561097
17 84 0 8 0.00690534198657
45 65 0 8 0.00690088281408
6 87 0 8 0.0068875043653
62 85 0 8 0.00687947263941
23 72 0 8 0.00687294686213
6 70 0 8 0.00686914660037
67 84 0 8 0.00686815427616
47 55 0 8 0.00686501618475
47 70 0 8 0.00686228927225
34 41 0 8 0.00685119675472
4 63 0 8 0.00684850104153
2 81 0 8 0.00684667564929
11 86 0 8 0.00683041801676
17 36 0 8 0.00682951882482
3 18 0 8 0.00682199327275
18 52 0 8 0.00682194810361
35 83 0 8 0.00681876344606
41 60 0 8 0.00681626424193
4 55 0 8 0.00679843965918
4 62 0 8 0.00679272692651
13 32 0 8 0.00678945239633
74 87 0 8 0.00678915670142
74 84 0 8 0.00677667371929
3 65 0 8 0.00677440455183
3 71 0 8 0.00677437894046
14 28 0 8 0.00676338328049
14 83 0 8 0.00675188051537
32 46 0 8 0.00675068143755
3 23 0 8 0.00674064969644
64 82 0 8 0.00673986738548
6 21 0 8 0.00673313206062
1 56 0 8 0.00673200329766
18 27 0 8 0.00672992458567
15 41 0 8 0.00672356877476
6 80 0 8 0.00672231428325
4 49 0 8 0.00672168377787
3 15 0 8 0.00671461038291
33 44 0 8 0.00671424157917
1 15 0 8 0.00671385647729
35 84 0 8 0.00671358965337
10 86 0 8 0.0067100035958
2 75 0 8 0.00670668343082
25 85 0 8 0.00670210411772
6 35 0 8 0.00670011434704
72 82 0 8 0.00669378321618
43 67 0 8 0.00667980592698
35 47 0 8 0.00667418632656
56 79 0 8 0.00666661607102
28 39 0 8 0.00666660955176
5 50 0 8 0.00666459230706
56 87 0 8 0.00665380479768
32 52 0 8 0.0066435164772
2 16 0 8 0.00664278957993
28 76 0 8 0.00664098374546
28 86 0 8 0.00663736695424
4 32 0 8 0.00662282621488
40 55 0 8 0.00661717588082
3 28 0 8 0.00661520473659
55 76 0 8 0.00661163032055
45 83 0 8 0.00661063101143
31 86 0 8 0.00660735322163
20 34 0 8 0.00660620816052
48 84 0 8 0.00659853965044
52 82 0 8 0.00659224111587
29 85 0 8 0.00659217266366
65 83 0 8 0.006588535849
53 81 0 8 0.00657609151676
45 87 0 8 0.00656838295981
40 80 0 8 0.00656331609935
15 48 0 8 0.00656004622579
58 67 0 8 0.00655420077965
50 79 0 8 0.00655279448256
14 47 0 8 0.00653876317665
7 55 0 8 0.00653788633645
73 85 0 8 0.00653251819313
1 52 0 8 0.00653082551435
40 57 0 8 0.00649899384007
18 32 0 8 0.00649818684906
6 55 0 8 0.00648702168837
36 69 0 8 0.00648366333917
15 52 0 8 0.00647714547813
6 45 0 8 0.00646342243999
35 41 0 8 0.00644950475544
45 85 0 8 0.00644199876115
47 76 0 8 0.00644190423191
48 61 0 8 0.0064389933832
45 86 0 8 0.00643621757627
51 66 0 8 0.00643435493112
11 72 0 8 0.00642136950046
1 71 0 8 0.00641626073048
25 68 0 8 0.00641349190846
31 43 0 8 0.00641233753413
21 48 0 8 0.00641031749547
6 18 0 8 0.00640925718471
29 40 0 8 0.00640748767182
36 81 0 8 0.00638932548463
12 75 0 8 0.0063798064366
12 54 0 8 0.00636382726952
57 79 0 8 0.00636366708204
2 56 0 8 0.00636258488521
51 62 0 8 0.00635512778535
59 82 0 8 0.00634803203866
2 47 0 8 0.00634353980422
42 68 0 8 0.00633199047297
31 82 0 8 0.00631991121918
59 68 0 8 0.00630865246058
67 86 0 8 0.00630151573569
15 68 0 8 0.0062796426937
16 51 0 8 0.00627960124984
1 64 0 8 0.0062778997235
19 75 0 8 0.00627630250528
21 54 0 8 0.00627591274679
32 71 0 8 0.0062707317993
2 17 0 8 0.00626941816881
35 69 0 8 0.00626650732011
52 79 0 8 0.00626610964537
3 22 0 8 0.00626521045342
5 29 0 8 0.00626058923081
18 54 0 8 0.00626055663452
33 68 0 8 0.0062543861568
39 85 0 8 0.00625432096422
3 50 0 8 0.00623249029741
3 52 0 8 0.0062322630547
8 75 0 8 0.00622110394761
14 35 0 8 0.00621362915263
14 75 0 8 0.00619529141113
3 19 0 8 0.00619310187176
6 16 0 8 0.0061900652945
9 48 0 8 0.00617518974468
44 58 0 8 0.00617390265688
50 77 0 8 0.00617334665731
5 53 0 8 0.00617151288316
8 33 0 8 0.00617133127525
22 47 0 8 0.00616912916303
62 84 0 8 0.00615859031677
48 75 0 8 0.00615353742614
29 48 0 8 0.00615099538118
39 54 0 8 0.00614190706983
30 71 0 8 0.00613527977839
8 50 0 8 0.00612730672583
51 82 0 8 0.00612258119509
2 60 0 8 0.00611943379045
2 15 0 8 0.00611495459452
29 50 0 8 0.00611483585089
3 24 0 8 0.00611474877223
46 51 0 8 0.00609278399497
2 83 0 8 0.00608977349475
53 80 0 8 0.00606136443093
67 79 0 8 0.00605674088001
4 56 0 8 0.00604554777965
57 77 0 8 0.00604481110349
36 85 0 8 0.00604442739859
3 82 0 8 0.00604203296825
9 54 0 8 0.0060414718464
3 64 0 8 0.0060414718464
18 55 0 8 0.00602693157271
3 20 0 8 0.00602654879913
7 59 0 8 0.00602580048144
5 52 0 8 0.00602383026853
7 36 0 8 0.00602360162884
54 82 0 8 0.00600596657023
16 86 0 8 0.006004486233
2 51 0 8 0.00598885957152
47 67 0 8 0.00597144477069
34 68 0 8 0.00595849240199
1 80 0 8 0.00595576735213
6 38 0 8 0.00595481880009
6 60 0 8 0.00594761734828
32 69 0 8 0.00594303803518
4 66 0 8 0.00594122428447
68 83 0 8 0.00594044988975
1 60 0 8 0.00594002194703
1 19 0 8 0.00593649456277
60 83 0 8 0.00593578303233
63 82 0 8 0.00593441864476
63 81 0 8 0.00592944724485
1 40 0 8 0.00592517619953
14 29 0 8 0.00591700896621
56 78 0 8 0.00590898701921
12 36 0 8 0.00590716395527
51 83 0 8 0.00590266054496
47 87 0 8 0.00589550193399
3 72 0 8 0.00589478947222
73 86 0 8 0.0058796191588
12 32 0 8 0.00587041210383
16 47 0 8 0.00586933782324
28 41 0 8 0.00586321717128
33 45 0 8 0.00586001062766
41 50 0 8 0.00585740525275
3 84 0 8 0.00585297867656
50 87 0 8 0.00585107551888
56 86 0 8 0.00584231736138
29 75 0 8 0.00583877321333
55 81 0 8 0.0058386460878
49 76 0 8 0.00583345303312
31 76 0 8 0.00583087885752
4 54 0 8 0.00583055522293
3 53 0 8 0.00582701060921
14 48 0 8 0.00582577288151
43 65 0 8 0.0058249887079
47 62 0 8 0.00582212302834
5 36 0 8 0.00582157401368
2 82 0 8 0.00582108227536
17 48 0 8 0.00582058029249
52 87 0 8 0.00581347104162
32 86 0 8 0.00581165263429
1 16 0 8 0.00580995017663
34 85 0 8 0.0058097075671
15 39 0 8 0.0058023231104
63 85 0 8 0.00580137968063
3 17 0 8 0.00580023555085
43 85 0 8 0.0057932715863
57 82 0 8 0.00578712299466
28 48 0 8 0.00577775016427
19 48 0 8 0.00577142415568
36 82 0 8 0.00577044161037
2 67 0 8 0.00576401641592
22 68 0 8 0.00576311163604
35 86 0 8 0.00575844151899
59 83 0 8 0.00575634278357
52 80 0 8 0.00575429899618
2 35 0 8 0.00574649637565
66 79 0 8 0.00573325762525
2 34 0 8 0.00572902988642
69 76 0 8 0.0057288040407
1 77 0 8 0.00572807621211
3 78 0 8 0.00572549691424
1 55 0 8 0.00572051806375
46 68 0 8 0.00571714760736
3 55 0 8 0.00570027716458
52 77 0 8 0.00569479679689
5 51 0 8 0.00569273717701
2 57 0 8 0.00566418468952
39 80 0 8 0.00566194811836
40 75 0 8 0.00564985908568
3 58 0 8 0.00564326485619
6 67 0 8 0.00564068043604
5 23 0 8 0.00563903851435
48 71 0 8 0.00563652906567
56 85 0 8 0.00563463428989
31 84 0 8 0.00562928523868
43 83 0 8 0.00562644377351
3 57 0 8 0.00561284879223
3 39 0 8 0.0056122741662
22 51 0 8 0.00560909230262
2 36 0 8 0.00560817727819
2 38 0 8 0.00560576887801
49 82 0 8 0.0056020510383
20 48 0 8 0.00559965288267
42 86 0 8 0.00559539301321
8 36 0 8 0.00559329753742
32 85 0 8 0.00558569608256
30 75 0 8 0.00558332121
1 39 0 8 0.0055829398334
41 47 0 8 0.0055798352696
59 84 0 8 0.00557600799948
48 74 0 8 0.0055757490918
34 43 0 8 0.00556578254327
51 84 0 8 0.00555933313444
67 83 0 8 0.00555701646954
52 83 0 8 0.00555258337408
2 58 0 8 0.00555159104988
47 84 0 8 0.00554724084213
8 43 0 8 0.0055460575968
76 86 0 8 0.0055417092517
29 67 0 8 0.00553772691637
36 48 0 8 0.00552925188094
8 53 0 8 0.00551446480677
46 72 0 8 0.00551398936659
43 71 0 8 0.00550785008818
68 80 0 8 0.0054960232228
48 86 0 8 0.00548235187307
6 31 0 8 0.00548185827211
54 87 0 8 0.00547049380839
47 73 0 8 0.00546533335
5 87 0 8 0.00545856030658
58 83 0 8 0.00545524526387
3 16 0 8 0.00544990552589
32 64 0 8 0.00544698024169
2 49 0 8 0.00543733267114
24 72 0 8 0.00542953051627
42 51 0 8 0.00541617022827
32 65 0 8 0.00541462935507
1 84 0 8 0.00540962908417
1 79 0 8 0.00540420040488
33 40 0 8 0.0053888419643
3 32 0 8 0.00538851972669
1 54 0 8 0.00538826640695
60 85 0 8 0.0053857578896
58 73 0 8 0.00536834495142
16 68 0 8 0.00536797335371
1 25 0 8 0.00534588936716
35 81 0 8 0.00534213101491
71 78 0 8 0.00532808480784
54 85 0 8 0.00532769830897
7 32 0 8 0.00532495463267
32 44 0 8 0.00531206419691
66 84 0 8 0.00529263634235
72 84 0 8 0.00529244262725
58 81 0 8 0.00529209151864
8 72 0 8 0.0052882921882
41 59 0 8 0.00528421252966
12 35 0 8 0.00528311030939
1 69 0 8 0.00527826836333
1 65 0 8 0.00527801830322
40 59 0 8 0.00527063338086
34 86 0 8 0.00526438700035
64 79 0 8 0.00526400236413
72 79 0 8 0.00525651453063
49 83 0 8 0.00525314453989
44 56 0 8 0.00525186909363
11 47 0 8 0.00524911982939
38 58 0 8 0.00524828070775
7 48 0 8 0.00524713331833
38 51 0 8 0.00524228718132
2 84 0 8 0.00523588526994
12 50 0 8 0.0052316300571
1 61 0 8 0.0052257492207
38 82 0 8 0.00522367516533
21 68 0 8 0.00522363046184
48 58 0 8 0.00521852402017
8 49 0 8 0.00520922476426
35 82 0 8 0.00520844105631
53 83 0 8 0.00520380353555
5 70 0 8 0.00520213972777
3 51 0 8 0.00519475480542
39 47 0 8 0.00519149797037
32 81 0 8 0.00519126141444
6 37 0 8 0.00518349092454
2 63 0 8 0.0051806489937
47 58 0 8 0.00517820660025
5 57 0 8 0.00517730508
5 16 0 8 0.00517590576783
56 84 0 8 0.0051754959859
40 86 0 8 0.00517493346706
55 75 0 8 0.00516780233011
3 74 0 8 0.00516609102488
70 84 0 8 0.00516541255638
32 77 0 8 0.00516429264098
27 72 0 8 0.00515767280012
21 51 0 8 0.00515290675685
29 39 0 8 0.00515150371939
20 54 0 8 0.00514625711367
2 48 0 8 0.0051427911967
32 54 0 8 0.00514009874314
25 47 0 8 0.00513435713947
33 42 0 8 0.00513269379735
3 25 0 8 0.00512567861006
40 72 0 8 0.00510789547116
3 70 0 8 0.00510455016047
4 59 0 8 0.00510389450938
13 72 0 8 0.00510341953486
33 76 0 8 0.00507324794307
23 47 0 8 0.00505649950355
36 83 0 8 0.00505344429985
36 54 0 8 0.00502229854465
29 68 0 8 0.00501777557656
58 71 0 8 0.00501458160579
29 44 0 8 0.00501332525164
37 84 0 8 0.00501241721213
22 30 0 8 0.00501025561243
44 51 0 8 0.00500860624015
37 85 0 8 0.00500651076436
1 78 0 8 0.00500539690256
68 84 0 8 0.0050022485666
5 54 0 8 0.00500206183642
1 83 0 8 0.00499860709533
1 73 0 8 0.00498378043994
57 71 0 8 0.00497417757288
32 83 0 8 0.00495766289532
53 85 0 8 0.00495528057218
3 60 0 8 0.00495083956048
2 54 0 8 0.00493939360604
26 51 0 8 0.00493854982778
53 84 0 8 0.0049142842181
6 47 0 8 0.0049142842181
1 81 0 8 0.00490144081414
60 68 0 8 0.00489860214293
3 61 0 8 0.00489747524261
6 75 0 8 0.00489551387727
1 17 0 8 0.00489180814475
1 57 0 8 0.00489007169381
60 75 0 8 0.00487773865461
5 74 0 8 0.00487649114802
47 63 0 8 0.00487424526364
52 86 0 8 0.00487117189914
37 68 0 8 0.00485251285136
49 81 0 8 0.00485018314794
73 84 0 8 0.00484394980595
3 47 0 8 0.00483292667195
55 85 0 8 0.00482881162316
56 77 0 8 0.004807529971
45 58 0 8 0.00480088684708
23 68 0 8 0.00479847472161
51 77 0 8 0.00479301251471
3 38 0 8 0.00478957733139
38 83 0 8 0.00478775426745
51 67 0 8 0.00478056212887
58 86 0 8 0.00477040698752
3 54 0 8 0.00475555891171
56 83 0 8 0.00475429743528
6 56 0 8 0.00475356401876
62 68 0 8 0.00474987505004
37 72 0 8 0.00474810553715
1 68 0 8 0.0047428808175
20 29 0 8 0.00474029965699
49 84 0 8 0.00473466329277
36 86 0 8 0.00473441602662
55 82 0 8 0.00473316665739
55 84 0 8 0.00473299622536
5 61 0 8 0.00472208997235
53 86 0 8 0.00472149159759
8 48 0 8 0.00470838556066
20 27 0 8 0.00469793519005
2 66 0 8 0.0046896818094
21 47 0 8 0.00468766549602
48 83 0 8 0.00468551926315
58 85 0 8 0.00467975437641
36 57 0 8 0.00467180553824
5 33 0 8 0.00467151030898
14 36 0 8 0.00466278754175
57 78 0 8 0.00465510552749
39 55 0 8 0.00465087871999
49 72 0 8 0.004650386516
20 57 0 8 0.00464572291821
23 29 0 8 0.00462863268331
47 79 0 8 0.00461746379733
1 47 0 8 0.00460596568882
29 72 0 8 0.00459407502785
12 39 0 8 0.0045925360173
4 47 0 8 0.00459156371653
50 68 0 8 0.00459082284942
8 32 0 8 0.00458415551111
63 73 0 8 0.00458324374631
1 76 0 8 0.00457933824509
48 55 0 8 0.00456594256684
62 86 0 8 0.00456536607817
48 63 0 8 0.00456425454468
45 56 0 8 0.00455783121288
63 86 0 8 0.00455412222072
31 68 0 8 0.00455123512074
40 58 0 8 0.00454694032669
39 68 0 8 0.0045437514782
6 66 0 8 0.0045341248624
62 75 0 8 0.00452893925831
2 32 0 8 0.00451227696612
33 48 0 8 0.0045116962865
25 51 0 8 0.00450973259285
4 58 0 8 0.00450632814318
56 81 0 8 0.00449989642948
2 62 0 8 0.00449479185045
32 84 0 8 0.00449208077043
46 54 0 8 0.00447240145877
17 47 0 8 0.00446937093511
9 47 0 8 0.00446706684306
1 31 0 8 0.00445076869801
38 84 0 8 0.00443719513714
2 59 0 8 0.0044346996583
1 82 0 8 0.00443288544193
54 81 0 8 0.00442877132446
28 40 0 8 0.00442594662309
45 52 0 8 0.00442526349798
5 31 0 8 0.00442380784079
1 35 0 8 0.0044197817333
6 62 0 8 0.00441655796021
32 41 0 8 0.00440895324573
47 74 0 8 0.00440614577383
37 57 0 8 0.00440458999947
39 59 0 8 0.00440239021555
52 78 0 8 0.00439753383398
40 81 0 8 0.00438870768994
57 68 0 8 0.00438756356016
34 72 0 8 0.00438269041479
9 72 0 8 0.00438191648573
30 45 0 8 0.00438097212464
39 56 0 8 0.00437937676907
61 71 0 8 0.00437443563715
58 84 0 8 0.00436725979671
41 56 0 8 0.00436591682956
15 30 0 8 0.00435947952792
32 82 0 8 0.00435520755127
58 78 0 8 0.00435510417446
59 85 0 8 0.00433000130579
32 42 0 8 0.00432988163084
52 85 0 8 0.00432395702228
47 86 0 8 0.00430343393236
39 51 0 8 0.00429753260687
58 79 0 8 0.0042945118621
5 24 0 8 0.00429425900802
70 77 0 8 0.00426008738577
31 51 0 8 0.00422876980156
27 47 0 8 0.00422725360841
39 58 0 8 0.00421612244099
1 75 0 8 0.0042137587443
70 78 0 8 0.00421286886558
1 58 0 8 0.00420355517417
5 84 0 8 0.00420312583447
68 79 0 8 0.00419710483402
41 72 0 8 0.00419538933784
1 33 0 8 0.00419459259138
5 60 0 8 0.00419091526419
1 72 0 8 0.00418294128031
63 84 0 8 0.00417620688677
42 58 0 8 0.00417578872293
36 47 0 8 0.00415713014081
1 51 0 8 0.0041514034383
53 82 0 8 0.00414628488943
5 56 0 8 0.00413996586576
54 80 0 8 0.00413737725466
28 68 0 8 0.00412852037698
6 34 0 8 0.00412747357041
64 73 0 8 0.00412261718884
6 20 0 8 0.00410163309425
70 85 0 8 0.00409559765831
11 51 0 8 0.00408457266167
55 83 0 8 0.00406717183068
68 81 0 8 0.00406371988356
57 81 0 8 0.00406334362924
15 35 0 8 0.00404532114044
3 75 0 8 0.00403112405911
1 70 0 8 0.00401642499492
43 57 0 8 0.00401089526713
54 86 0 8 0.00401008594781
52 84 0 8 0.00400653900579
6 32 0 8 0.00399074656889
3 34 0 8 0.00396326929331
74 86 0 8 0.00396322272718
43 75 0 8 0.00396147044376
51 71 0 8 0.00395979452878
51 81 0 8 0.00395518541336
51 87 0 8 0.00395283056423
61 72 0 8 0.00395179446787
28 72 0 8 0.00394234620035
52 72 0 8 0.00393657758832
21 32 0 8 0.0039120092988
5 35 0 8 0.00390794780105
24 47 0 8 0.00390751706436
63 77 0 8 0.00390448025428
14 30 0 8 0.00389705994166
38 85 0 8 0.00389463733882
5 34 0 8 0.00387439341284
1 32 0 8 0.00387015915476
50 72 0 8 0.00385486730374
45 68 0 8 0.00384928309359
58 80 0 8 0.00384633685462
43 72 0 8 0.00383960269392
36 72 0 8 0.00383281311952
69 80 0 8 0.00382961379364
58 68 0 8 0.00382370268926
12 72 0 8 0.00381903583184
67 81 0 8 0.00379807478748
37 54 0 8 0.00378047092818
65 71 0 8 0.00377202709205
41 55 0 8 0.00376730505377
58 77 0 8 0.0037475884892
43 50 0 8 0.00374148320407
72 80 0 8 0.00373957841657
1 74 0 8 0.00371878384613
3 35 0 8 0.00370804895647
51 64 0 8 0.00370680028573
36 68 0 8 0.00370408943854
48 56 0 8 0.00370064540766
51 85 0 8 0.00369701860473
46 52 0 8 0.00369652663358
5 38 0 8 0.00368810701184
29 43 0 8 0.00368395145051
29 45 0 8 0.00368297169916
37 47 0 8 0.00368062942289
51 74 0 8 0.00367346010171
5 62 0 8 0.00366718950681
6 36 0 8 0.00366404280066
70 86 0 8 0.00363240391016
42 56 0 8 0.00361655442975
64 74 0 8 0.00361512531526
50 78 0 8 0.0036104391329
3 36 0 8 0.00360407028347
30 41 0 8 0.00359763787128
3 48 0 8 0.00359333097003
5 55 0 8 0.00355851138011
1 38 0 8 0.00354850082658
34 47 0 8 0.00353154912591
9 51 0 8 0.00353111955337
72 78 0 8 0.00352894561365
17 28 0 8 0.00352659239434
36 51 0 8 0.00352457375266
1 48 0 8 0.00351875880733
23 51 0 8 0.00350060942583
5 58 0 8 0.00349805573933
50 84 0 8 0.00349717983045
60 78 0 8 0.00348756974563
54 76 0 8 0.00348393572494
49 87 0 8 0.00347724719904
1 36 0 8 0.00347497290932
1 24 0 8 0.00347206951119
13 51 0 8 0.00346748251468
18 51 0 8 0.00346647761762
10 51 0 8 0.00346512231044
32 68 0 8 0.0034583597444
50 86 0 8 0.00345601397566
50 85 0 8 0.00344245741144
56 82 0 8 0.00343839288689
66 85 0 8 0.00343756144866
1 62 0 8 0.00343340821564
15 47 0 8 0.00342577765696
20 72 0 8 0.00342320487835
47 53 0 8 0.00341588258743
68 74 0 8 0.00340632209554
63 69 0 8 0.003384843003
29 47 0 8 0.00337972678244
31 45 0 8 0.00336559046991
50 75 0 8 0.00334192509763
52 75 0 8 0.00334047712386
5 67 0 8 0.00333554670215
17 32 0 8 0.00333531200886
43 68 0 8 0.00333278300241
40 68 0 8 0.00333207682706
20 51 0 8 0.00332593661733
49 86 0 8 0.00331182894297
18 25 0 8 0.00330375181511
31 48 0 8 0.00328976172023
60 86 0 8 0.00328838429414
15 54 0 8 0.00328484806232
58 74 0 8 0.0032814713195
3 63 0 8 0.00325189321302
1 34 0 8 0.00324598350562
62 78 0 8 0.00323964445852
1 37 0 8 0.00323273357935
6 49 0 8 0.00322661618702
32 39 0 8 0.00321504450403
51 79 0 8 0.00319757964462
30 40 0 8 0.00319651141763
47 56 0 8 0.00319448369555
8 47 0 8 0.00317196501419
15 28 0 8 0.00316748279147
14 51 0 8 0.00315710669383
28 51 0 8 0.00314307934605
58 76 0 8 0.00313739245757
36 76 0 8 0.00313078379259
3 62 0 8 0.00312958308496
55 86 0 8 0.00312252482399
3 66 0 8 0.00311977253295
1 63 0 8 0.00310968980193
49 85 0 8 0.00309877772816
3 59 0 8 0.00308901048265
33 72 0 8 0.00307562574744
65 79 0 8 0.00306874257512
61 76 0 8 0.0030655991286
3 49 0 8 0.00306318094954
1 67 0 8 0.0030578256119
54 77 0 8 0.00305771362036
38 86 0 8 0.00305408309214
56 75 0 8 0.00304599688388
32 48 0 8 0.00304239639081
50 76 0 8 0.00303671765141
50 83 0 8 0.00300162332132
15 36 0 8 0.00299948919564
61 68 0 8 0.00296753435396
32 43 0 8 0.00296585028991
31 72 0 8 0.00295112817548
6 59 0 8 0.00294795609079
64 72 0 8 0.00294368015602
39 75 0 8 0.00293906964362
5 59 0 8 0.00293530756608
18 29 0 8 0.00292998552322
51 65 0 8 0.0029227938503
51 68 0 8 0.00289797107689
18 47 0 8 0.00289725745097
30 48 0 8 0.00289033120498
43 55 0 8 0.00288773770444
30 72 0 8 0.00285982945934
30 39 0 8 0.00285821058787
48 80 0 8 0.00285767507739
25 72 0 8 0.00285762501881
43 51 0 8 0.00284824473783
3 67 0 8 0.00283974432386
66 86 0 8 0.00283477990888
50 80 0 8 0.00281931576319
51 76 0 8 0.00280383438803
51 86 0 8 0.00279405643232
42 55 0 8 0.00278843287379
64 71 0 8 0.00277569331229
48 54 0 8 0.00276132416911
5 66 0 8 0.00275389687158
63 83 0 8 0.00274387863465
36 75 0 8 0.00272851856425
50 81 0 8 0.00272651202977
47 78 0 8 0.00272005260922
15 29 0 8 0.00271485629492
20 30 0 8 0.00270921783522
41 54 0 8 0.00270370417275
59 86 0 8 0.00269953766838
1 66 0 8 0.00269795651548
18 28 0 8 0.00268982164562
40 56 0 8 0.00267717102543
1 59 0 8 0.00267089158297
43 56 0 8 0.00266176066361
38 54 0 8 0.00265561696142
32 45 0 8 0.00264108134434
33 51 0 8 0.00264092069119
48 72 0 8 0.00263795186765
19 51 0 8 0.002627519425
69 79 0 8 0.00262711849064
18 31 0 8 0.00261349393986
29 51 0 8 0.00260368944146
24 51 0 8 0.00260358140804
51 72 0 8 0.00260228780098
12 51 0 8 0.00257661519572
68 77 0 8 0.00257565337233
35 68 0 8 0.00256230589002
30 47 0 8 0.0025434314739
66 77 0 8 0.00254148687236
20 31 0 8 0.00253710150719
54 78 0 8 0.00250941561535
44 54 0 8 0.00247597624548
1 49 0 8 0.00246513891034
66 82 0 8 0.00246207136661
20 47 0 8 0.00244139321148
30 51 0 8 0.00241762702353
70 76 0 8 0.00241300626658
30 43 0 8 0.00241205468774
65 73 0 8 0.00240314099938
28 47 0 8 0.00239183218218
60 73 0 8 0.00239076069556
59 72 0 8 0.00236150017008
58 72 0 8 0.00235965731554
66 78 0 8 0.00235667452216
66 83 0 8 0.00234880275093
45 72 0 8 0.00234121596441
32 47 0 8 0.00232157600112
33 43 0 8 0.00231517339125
61 78 0 8 0.00231059524231
56 72 0 8 0.00230587669648
65 82 0 8 0.00223528966308
12 47 0 8 0.00222807796672
43 53 0 8 0.00216652988456
66 81 0 8 0.0021354733035
18 26 0 8 0.00211993581615
47 65 0 8 0.002117972821
48 81 0 8 0.00208286871202
22 28 0 8 0.00208089430816
65 81 0 8 0.00207276595756
69 75 0 8 0.00205366453156
47 68 0 8 0.00203629327007
15 32 0 8 0.00200140452944
57 75 0 8 0.001990982797
41 51 0 8 0.00197199033573
64 78 0 8 0.00194138358347
32 75 0 8 0.00193754839711
5 49 0 8 0.00191996735521
19 30 0 8 0.00185539899394
65 74 0 8 0.00185389572289
33 47 0 8 0.00184627622366
54 75 0 8 0.00183457159437
56 76 0 8 0.0018137547886
67 76 0 8 0.00180295354221
35 72 0 8 0.00179111724719
19 29 0 8 0.00178738182876
59 75 0 8 0.00174511468504
57 72 0 8 0.00174374051858
43 54 0 8 0.00172881095205
19 47 0 8 0.00171936082188
51 78 0 8 0.00167081388645
60 77 0 8 0.00163727323525
69 78 0 8 0.0016344882315
20 28 0 8 0.00163174769841
40 54 0 8 0.00163077935576
61 75 0 8 0.00161661754828
19 26 0 8 0.00160393118858
42 54 0 8 0.00157825532369
20 25 0 8 0.00157486798707
47 72 0 8 0.00154215586372
19 27 0 8 0.00151981576346
59 76 0 8 0.00150887831114
68 76 0 8 0.00149644375779
22 29 0 8 0.00149021670222
66 72 0 8 0.0014678031439
67 75 0 8 0.0014318539761
62 76 0 8 0.00139191595372
31 47 0 8 0.00138917076401
51 75 0 8 0.00138898694422
19 25 0 8 0.00137568067294
65 80 0 8 0.00135922420304
62 72 0 8 0.00131223944481
32 72 0 8 0.00130242540035
51 80 0 8 0.00127150502522
65 77 0 8 0.00118836667389
21 29 0 8 0.0011638890719
19 28 0 8 0.00115977914538
66 75 0 8 0.00114603119437
20 26 0 8 0.00102031894494
65 72 0 8 0.00097574776737
63 72 0 8 0.000960154808126
21 28 0 8 0.000953355105594
65 76 0 8 0.000929772038944
65 78 0 8 0.000883164873812
45 54 0 8 0.000877626705915
66 76 0 8 0.000860570522491
64 75 0 8 0.000837940664496
68 78 0 8 0.0008361787186
64 76 0 8 0.000789490470197
63 75 0 8 0.000785312324297
47 54 0 8 0.000775583554059
64 77 0 8 0.000741876952816
60 76 0 8 0.000729765102733
68 75 0 8 0.000712405948434
65 75 0 8 0.000695098948199
63 76 0 8 0.000637575751171
45 51 0 8 0.000580221938435
60 72 0 8 0.000557393475901
