59 60 0 8 0.9999807477
58 59 0 8 0.999870300293
14 15 0 8 0.999791622162
1 2 0 8 0.999727547169
13 14 0 8 0.999647498131
15 16 0 8 0.999631524086
10 11 0 8 0.999631047249
12 13 0 8 0.999423921108
11 12 0 8 0.999294757843
9 10 0 8 0.999093413353
16 17 0 8 0.999036669731
8 9 0 8 0.999023675919
2 3 0 8 0.99899750948
3 4 0 8 0.998915493488
17 18 0 8 0.998874783516
48 49 0 8 0.998365461826
19 20 0 8 0.997918605804
47 48 0 8 0.997766077518
49 50 0 8 0.996782064438
18 19 0 8 0.996558487415
46 47 0 8 0.996151149273
7 8 0 8 0.995827615261
26 27 0 8 0.995481789112
20 21 0 8 0.99547380209
21 22 0 8 0.9952647686
4 5 0 8 0.995214045048
6 7 0 8 0.995025873184
24 25 0 8 0.994979023933
43 44 0 8 0.994379222393
52 53 0 8 0.994240760803
22 23 0 8 0.994132757187
41 42 0 8 0.993699133396
45 46 0 8 0.993288993835
5 6 0 8 0.99299621582
51 52 0 8 0.991714894772
32 33 0 8 0.991670370102
30 31 0 8 0.991106212139
23 24 0 8 0.990390181541
55 56 0 8 0.98966807127
53 54 0 8 0.989625692368
25 26 0 8 0.98960006237
29 30 0 8 0.9892603755
44 45 0 8 0.988971471786
57 58 0 8 0.988091528416
50 51 0 8 0.985650837421
42 43 0 8 0.985477268696
27 28 0 8 0.983914792538
31 32 0 8 0.982793450356
56 57 0 8 0.982309937477
28 29 0 8 0.981684327126
39 40 0 8 0.979477226734
33 34 0 8 0.978614330292
40 41 0 8 0.978380978107
38 39 0 8 0.971218347549
13 15 0 8 0.966740727425
54 55 0 8 0.966665625572
36 37 0 8 0.963129818439
10 12 0 8 0.960673093796
34 35 0 8 0.945790231228
35 36 0 8 0.941184341908
37 38 0 8 0.938176095486
12 14 0 8 0.936229586601
14 16 0 8 0.931669771671
11 13 0 8 0.930174410343
9 11 0 8 0.91581338644
8 10 0 8 0.88192564249
12 15 0 8 0.857641220093
13 16 0 8 0.844280540943
11 15 0 8 0.833387494087
10 13 0 8 0.827669978142
29 31 0 8 0.813230156898
44 46 0 8 0.809918403625
52 54 0 8 0.805519580841
10 14 0 8 0.800640702248
11 14 0 8 0.800105690956
17 19 0 8 0.796887397766
18 20 0 8 0.793274879456
49 51 0 8 0.786212325096
16 18 0 8 0.784392297268
40 42 0 8 0.783592283726
55 57 0 8 0.775966823101
25 27 0 8 0.775317132473
6 8 0 8 0.774340093136
1 3 0 8 0.772456645966
15 17 0 8 0.771476149559
48 50 0 8 0.762648046017
58 60 0 8 0.755869567394
5 7 0 8 0.754885673523
45 47 0 8 0.738345384598
20 22 0 8 0.738251149654
7 9 0 8 0.717776358128
21 23 0 8 0.711274981499
51 53 0 8 0.707885622978
37 39 0 8 0.705906689167
26 28 0 8 0.705112814903
35 37 0 8 0.70465862751
46 48 0 8 0.700212538242
57 59 0 8 0.697084665298
28 30 0 8 0.69475787878
4 6 0 8 0.690874457359
38 40 0 8 0.685266971588
12 16 0 8 0.684736132622
47 49 0 8 0.6808989048
54 56 0 8 0.680526971817
2 4 0 8 0.678260445595
50 52 0 8 0.672467291355
41 43 0 8 0.671692669392
22 24 0 8 0.671436309814
3 5 0 8 0.670867681503
30 32 0 8 0.670688033104
42 44 0 8 0.662988245487
56 58 0 8 0.660242319107
14 17 0 8 0.657447755337
33 35 0 8 0.646702826023
27 29 0 8 0.641685366631
19 21 0 8 0.636659562588
29 32 0 8 0.636611580849
13 17 0 8 0.631747186184
36 38 0 8 0.612508177757
9 13 0 8 0.59531211853
43 45 0 8 0.588588297367
31 33 0 8 0.587306261063
32 34 0 8 0.576570272446
34 36 0 8 0.57561147213
53 55 0 8 0.569601655006
8 11 0 8 0.524493396282
9 12 0 8 0.510349214077
8 12 0 8 0.503468692303
23 25 0 8 0.489922791719
25 28 0 8 0.462464183569
7 10 0 8 0.453680694103
6 10 0 8 0.438427865505
39 41 0 8 0.408395409584
24 26 0 8 0.392211228609
28 32 0 8 0.386268407106
28 31 0 8 0.382505297661
7 11 0 8 0.351118326187
27 30 0 8 0.291545599699
4 7 0 8 0.263705134392
25 29 0 8 0.260754138231
26 29 0 8 0.2591791749
35 38 0 8 0.257266879082
50 53 0 8 0.249569058418
47 51 0 8 0.246417105198
24 28 0 8 0.246130436659
52 55 0 8 0.243944972754
48 51 0 8 0.23636469245
14 18 0 8 0.234359279275
27 31 0 8 0.234131157398
26 30 0 8 0.224833160639
34 38 0 8 0.208055108786
14 20 0 8 0.204940900207
35 39 0 8 0.203028067946
34 37 0 8 0.199926480651
20 24 0 8 0.195698812604
51 54 0 8 0.192959427834
6 11 0 8 0.18970631063
10 47 0 8 0.189649373293
10 43 0 8 0.186002463102
5 8 0 8 0.185698032379
48 52 0 8 0.183876603842
36 39 0 8 0.182702958584
40 43 0 8 0.180872738361
20 23 0 8 0.178525984287
47 52 0 8 0.178337901831
6 46 0 8 0.174690648913
49 52 0 8 0.17270642519
5 10 0 8 0.171555116773
3 6 0 8 0.170732662082
4 8 0 8 0.168278515339
29 33 0 8 0.164212092757
30 33 0 8 0.163235545158
44 47 0 8 0.161427974701
6 9 0 8 0.160741314292
51 55 0 8 0.159934416413
50 54 0 8 0.15963613987
24 29 0 8 0.155538290739
36 40 0 8 0.153377681971
20 32 0 8 0.151231810451
42 45 0 8 0.150935679674
57 60 0 8 0.150793299079
33 37 0 8 0.150413423777
15 18 0 8 0.147928401828
21 24 0 8 0.145640894771
23 27 0 8 0.144278183579
47 50 0 8 0.14118424058
25 44 0 8 0.138728275895
23 26 0 8 0.138603135943
33 36 0 8 0.136403664947
37 40 0 8 0.135098695755
49 53 0 8 0.134563446045
22 44 0 8 0.134549304843
31 34 0 8 0.134347528219
17 20 0 8 0.133292883635
32 35 0 8 0.129822805524
16 43 0 8 0.128294721246
52 56 0 8 0.128228768706
33 38 0 8 0.128204807639
25 43 0 8 0.128047272563
10 44 0 8 0.127445995808
3 7 0 8 0.127428248525
5 9 0 8 0.127170071006
14 43 0 8 0.125972777605
6 44 0 8 0.123211361468
42 46 0 8 0.122583940625
24 44 0 8 0.120671398938
7 43 0 8 0.119812883437
2 6 0 8 0.117891423404
24 27 0 8 0.11756182462
6 43 0 8 0.117293596268
28 43 0 8 0.117272496223
14 19 0 8 0.115828551352
39 42 0 8 0.115245223045
43 46 0 8 0.115119203925
24 32 0 8 0.112977132201
5 43 0 8 0.112672954798
6 14 0 8 0.112526789308
6 47 0 8 0.112198077142
53 56 0 8 0.111852250993
23 46 0 8 0.110715828836
20 43 0 8 0.110381782055
31 35 0 8 0.110225021839
16 20 0 8 0.11011531204
18 21 0 8 0.108073733747
7 44 0 8 0.107421934605
46 49 0 8 0.106763057411
5 47 0 8 0.106521040201
46 52 0 8 0.106424957514
1 5 0 8 0.105707399547
38 43 0 8 0.105388633907
2 5 0 8 0.104409150779
7 46 0 8 0.104192115366
37 43 0 8 0.103375069797
37 41 0 8 0.102721855044
20 38 0 8 0.10198097676
39 43 0 8 0.101551540196
11 43 0 8 0.101002424955
30 34 0 8 0.100932784379
20 44 0 8 0.0997382625937
46 50 0 8 0.0985566154122
5 44 0 8 0.0983562916517
46 51 0 8 0.0981709584594
14 21 0 8 0.0977012142539
56 60 0 8 0.0975674241781
24 31 0 8 0.0971380770206
24 43 0 8 0.0959603339434
28 33 0 8 0.0958532765508
28 44 0 8 0.0949676111341
8 13 0 8 0.0948876217008
5 46 0 8 0.0947908759117
4 43 0 8 0.0947800129652
41 44 0 8 0.0947753936052
43 47 0 8 0.0945003852248
55 58 0 8 0.094010591507
19 23 0 8 0.0936493650079
25 46 0 8 0.0935659408569
24 47 0 8 0.0930677056313
36 43 0 8 0.0929547771811
19 22 0 8 0.0929177477956
38 42 0 8 0.0924135744572
1 4 0 8 0.0920624509454
25 47 0 8 0.0920454338193
32 44 0 8 0.0916775763035
32 36 0 8 0.0910440310836
40 44 0 8 0.0908377468586
38 41 0 8 0.0902391970158
14 24 0 8 0.0900428518653
10 32 0 8 0.090025626123
20 33 0 8 0.0899536237121
5 45 0 8 0.0893630236387
24 46 0 8 0.0879805907607
4 44 0 8 0.087411262095
9 44 0 8 0.0872109010816
55 59 0 8 0.0865582004189
32 38 0 8 0.0864874050021
22 25 0 8 0.0864258259535
4 46 0 8 0.0859065577388
16 19 0 8 0.0852094814181
21 25 0 8 0.0849190279841
20 40 0 8 0.084812246263
41 45 0 8 0.0845872461796
6 32 0 8 0.0841247066855
35 43 0 8 0.0838011205196
54 58 0 8 0.0835298672318
28 40 0 8 0.0830700322986
21 43 0 8 0.082920819521
19 35 0 8 0.0826061293483
29 43 0 8 0.0816219970584
21 46 0 8 0.0808246731758
22 26 0 8 0.0807275027037
10 24 0 8 0.0805225968361
25 30 0 8 0.0804488509893
33 43 0 8 0.0803567692637
45 48 0 8 0.0800620168447
3 47 0 8 0.0798133313656
29 44 0 8 0.0797600448132
13 43 0 8 0.079657137394
53 57 0 8 0.0789798051119
32 46 0 8 0.0787004977465
17 21 0 8 0.0785191878676
32 43 0 8 0.0783357918262
46 53 0 8 0.078015498817
32 47 0 8 0.0778432190418
10 40 0 8 0.0772157013416
37 42 0 8 0.0768943801522
27 32 0 8 0.0767758563161
7 47 0 8 0.076515302062
23 28 0 8 0.0763202235103
7 42 0 8 0.0759399011731
13 23 0 8 0.0757575556636
13 47 0 8 0.0757314190269
45 49 0 8 0.0755733922124
22 43 0 8 0.0753678977489
20 25 0 8 0.0749397724867
10 28 0 8 0.0748511850834
6 45 0 8 0.0746419206262
3 43 0 8 0.0744881778955
5 38 0 8 0.0743379890919
28 46 0 8 0.0739472582936
14 47 0 8 0.0736647471786
2 46 0 8 0.0735028833151
25 32 0 8 0.0734854489565
36 44 0 8 0.0733336731791
10 42 0 8 0.073037199676
56 59 0 8 0.0730049386621
8 46 0 8 0.0724759176373
18 32 0 8 0.0721350237727
46 54 0 8 0.0718424469233
37 44 0 8 0.0716239735484
7 12 0 8 0.071607157588
23 43 0 8 0.0715055167675
7 40 0 8 0.0713258683681
13 20 0 8 0.0713208541274
27 43 0 8 0.0706580132246
7 45 0 8 0.0706438273191
13 46 0 8 0.0703820288181
45 54 0 8 0.0702176913619
13 51 0 8 0.070021815598
35 40 0 8 0.0699793845415
24 40 0 8 0.0699278786778
18 51 0 8 0.069582991302
14 23 0 8 0.069550588727
34 43 0 8 0.0693122372031
6 42 0 8 0.0690485015512
20 47 0 8 0.068964459002
6 38 0 8 0.0689465925097
26 31 0 8 0.0689408406615
11 44 0 8 0.06865029037
6 24 0 8 0.0684966668487
32 37 0 8 0.0684396922588
4 47 0 8 0.06783785671
15 20 0 8 0.0675865411758
18 23 0 8 0.0675258338451
6 40 0 8 0.06742926687
1 6 0 8 0.0674290880561
10 38 0 8 0.0671007335186
25 45 0 8 0.0669590458274
24 45 0 8 0.0669344589114
20 46 0 8 0.0669129863381
24 42 0 8 0.0665530562401
34 39 0 8 0.0664732977748
14 44 0 8 0.0664616525173
36 46 0 8 0.0662837848067
23 44 0 8 0.0661312714219
1 47 0 8 0.0660652071238
26 46 0 8 0.0660562589765
29 47 0 8 0.0660509392619
19 32 0 8 0.0659835785627
14 32 0 8 0.0654060915112
25 38 0 8 0.0653625652194
35 45 0 8 0.0651325657964
2 40 0 8 0.0649602562189
10 33 0 8 0.0648442655802
20 45 0 8 0.0648223981261
8 43 0 8 0.0646969228983
23 32 0 8 0.0646087303758
18 22 0 8 0.0644341632724
35 46 0 8 0.0644193813205
9 47 0 8 0.0643911883235
10 46 0 8 0.0638471543789
52 57 0 8 0.0632728412747
1 60 0 8 0.0632668808103
3 44 0 8 0.062980055809
20 39 0 8 0.062851421535
33 44 0 8 0.0626762509346
39 44 0 8 0.0625863149762
2 7 0 8 0.0625378489494
10 45 0 8 0.0624828115106
9 42 0 8 0.0624757222831
35 44 0 8 0.0624351240695
29 46 0 8 0.0623391754925
19 43 0 8 0.0621822029352
5 13 0 8 0.0621569119394
18 43 0 8 0.0621439889073
15 19 0 8 0.0620678886771
36 45 0 8 0.0620354041457
32 42 0 8 0.0618579424918
8 40 0 8 0.06185625121
48 53 0 8 0.0617247819901
33 39 0 8 0.0617032758892
6 13 0 8 0.0615302957594
10 29 0 8 0.0613096170127
51 57 0 8 0.0610144548118
15 43 0 8 0.0609084889293
13 52 0 8 0.0606465265155
10 20 0 8 0.0606422051787
7 28 0 8 0.060598846525
5 11 0 8 0.0605325214565
3 33 0 8 0.0605312772095
16 47 0 8 0.0604992695153
4 45 0 8 0.0602980069816
5 14 0 8 0.0602003261447
24 30 0 8 0.0595205873251
7 41 0 8 0.0594171322882
17 32 0 8 0.059340685606
45 52 0 8 0.0587187856436
10 25 0 8 0.0587174408138
14 25 0 8 0.0587116554379
29 34 0 8 0.0584966875613
21 44 0 8 0.0584740824997
34 40 0 8 0.0582873821259
2 43 0 8 0.0582761131227
24 33 0 8 0.0581431724131
23 47 0 8 0.0580355413258
10 15 0 8 0.057797819376
9 43 0 8 0.0577376447618
6 33 0 8 0.0577125512064
25 42 0 8 0.0577093102038
7 32 0 8 0.057628761977
4 42 0 8 0.057456780225
11 47 0 8 0.0572492554784
29 38 0 8 0.0571406297386
6 25 0 8 0.057136259973
2 45 0 8 0.0566709935665
12 43 0 8 0.0565548278391
7 33 0 8 0.0565215572715
7 24 0 8 0.0565186701715
54 57 0 8 0.0563301853836
6 20 0 8 0.05627919361
16 38 0 8 0.0561817064881
23 45 0 8 0.0560105480254
14 28 0 8 0.055923152715
2 48 0 8 0.0558435022831
5 32 0 8 0.0557555742562
3 46 0 8 0.0557020232081
23 31 0 8 0.0555860996246
4 10 0 8 0.055493965745
29 42 0 8 0.0554552786052
26 44 0 8 0.0553214140236
19 38 0 8 0.0552813820541
8 32 0 8 0.0552022829652
28 47 0 8 0.05508056283
3 8 0 8 0.0549726672471
13 18 0 8 0.0549499951303
16 32 0 8 0.0549142472446
33 46 0 8 0.0547991096973
10 41 0 8 0.0547262392938
5 42 0 8 0.0546933040023
9 48 0 8 0.0544425286353
7 25 0 8 0.0542850568891
7 23 0 8 0.054240655154
7 27 0 8 0.0541072487831
8 44 0 8 0.0540962703526
29 41 0 8 0.054081350565
36 41 0 8 0.0539608038962
5 33 0 8 0.0538139939308
2 42 0 8 0.053619030863
9 52 0 8 0.0535679385066
14 33 0 8 0.0534586310387
9 40 0 8 0.0534538626671
28 45 0 8 0.0534138418734
10 31 0 8 0.0532746016979
19 39 0 8 0.0532142929733
33 40 0 8 0.0532126687467
6 48 0 8 0.0532048009336
36 42 0 8 0.0531088858843
21 32 0 8 0.0530525036156
45 57 0 8 0.0528701767325
2 47 0 8 0.05283645913
14 22 0 8 0.0528075806797
2 41 0 8 0.0527492500842
35 42 0 8 0.0527142360806
30 46 0 8 0.0527073889971
25 33 0 8 0.0526743419468
47 53 0 8 0.0525422282517
9 28 0 8 0.0525354966521
7 48 0 8 0.0524867922068
25 41 0 8 0.052459847182
25 40 0 8 0.0523243658245
5 25 0 8 0.0522450469434
6 51 0 8 0.0521063059568
7 38 0 8 0.0519747510552
45 53 0 8 0.0517340265214
34 45 0 8 0.0514993816614
27 46 0 8 0.0513705387712
33 45 0 8 0.0512313880026
13 19 0 8 0.0511558018625
17 39 0 8 0.0510511472821
3 45 0 8 0.0508448667824
8 47 0 8 0.0507848486304
11 45 0 8 0.0506436116993
19 46 0 8 0.0505572631955
19 33 0 8 0.0504944138229
46 55 0 8 0.0504704862833
44 48 0 8 0.0504431463778
38 44 0 8 0.0504321306944
11 32 0 8 0.0503836497664
9 39 0 8 0.0503351464868
1 45 0 8 0.0502732768655
45 55 0 8 0.0502563603222
17 38 0 8 0.0501697845757
20 28 0 8 0.0500779151917
14 27 0 8 0.0500264205039
21 47 0 8 0.0499476492405
13 45 0 8 0.0493642799556
15 47 0 8 0.0493206866086
22 46 0 8 0.0491155982018
38 45 0 8 0.0490745604038
9 51 0 8 0.0489599220455
27 45 0 8 0.048856779933
45 51 0 8 0.0488362014294
27 44 0 8 0.0487829148769
29 45 0 8 0.0486269332469
32 39 0 8 0.0486118383706
44 52 0 8 0.0485234931111
41 46 0 8 0.0484695918858
19 45 0 8 0.0484533123672
7 51 0 8 0.0483622997999
50 55 0 8 0.0483299940825
15 22 0 8 0.0483104363084
3 48 0 8 0.0482713505626
6 41 0 8 0.0480772033334
16 21 0 8 0.0480693019927
19 24 0 8 0.0479504093528
18 33 0 8 0.0479154735804
2 44 0 8 0.0479092076421
21 45 0 8 0.0477931052446
11 28 0 8 0.0477739907801
3 57 0 8 0.0477099865675
16 35 0 8 0.0476760156453
33 47 0 8 0.0476161502302
39 45 0 8 0.0475415252149
3 20 0 8 0.0473638810217
2 16 0 8 0.0472266003489
28 42 0 8 0.0471761003137
40 46 0 8 0.0471171028912
14 35 0 8 0.047040399164
48 54 0 8 0.0470363385975
1 43 0 8 0.0470273457468
52 58 0 8 0.0470008589327
34 44 0 8 0.0469093844295
2 49 0 8 0.0468582995236
19 44 0 8 0.0467522703111
8 42 0 8 0.0467363111675
7 29 0 8 0.0466241240501
26 45 0 8 0.0466106571257
8 33 0 8 0.046435739845
35 41 0 8 0.0464229770005
31 43 0 8 0.0464042797685
6 23 0 8 0.0463386662304
24 41 0 8 0.0462496131659
21 38 0 8 0.046098254621
5 28 0 8 0.0460691079497
47 55 0 8 0.0458323359489
32 41 0 8 0.0458043366671
25 31 0 8 0.0457576848567
14 29 0 8 0.0456144548953
55 60 0 8 0.0455536320806
53 58 0 8 0.0454715415835
20 35 0 8 0.0453700721264
10 27 0 8 0.0453464910388
26 43 0 8 0.0452878437936
5 24 0 8 0.0452183932066
14 42 0 8 0.0452173016965
13 32 0 8 0.0450619831681
23 39 0 8 0.0450297221541
21 40 0 8 0.0450172610581
3 41 0 8 0.04487708956
22 45 0 8 0.0446362383664
40 45 0 8 0.0445690304041
14 45 0 8 0.0445167422295
9 32 0 8 0.0444056652486
4 48 0 8 0.0442808009684
33 41 0 8 0.0442416481674
34 42 0 8 0.0441782288253
49 54 0 8 0.0441198348999
20 51 0 8 0.0439120531082
14 36 0 8 0.0438425913453
34 47 0 8 0.0438059307635
24 48 0 8 0.0438020080328
21 42 0 8 0.043671887368
37 46 0 8 0.0436476618052
11 33 0 8 0.0436361283064
6 12 0 8 0.0436092913151
1 42 0 8 0.0435862839222
7 13 0 8 0.0435695387423
9 55 0 8 0.0435348525643
18 55 0 8 0.0435189381242
9 33 0 8 0.0434532314539
46 56 0 8 0.0433955490589
19 31 0 8 0.0433622188866
48 55 0 8 0.0433222204447
18 39 0 8 0.0430501848459
24 34 0 8 0.0430497229099
20 41 0 8 0.0429940186441
21 41 0 8 0.0429081954062
6 37 0 8 0.0428115837276
11 40 0 8 0.0427097380161
17 35 0 8 0.0424022227526
33 57 0 8 0.042381528765
47 54 0 8 0.042372521013
1 44 0 8 0.0423314794898
20 42 0 8 0.0422371700406
14 38 0 8 0.0421734936535
13 37 0 8 0.0421528220177
5 41 0 8 0.0421207211912
9 45 0 8 0.0420563481748
18 31 0 8 0.0419005826116
31 37 0 8 0.0417953617871
7 52 0 8 0.041778575629
42 47 0 8 0.0417395755649
18 52 0 8 0.0417180880904
10 37 0 8 0.041679751128
28 41 0 8 0.0416505597532
1 46 0 8 0.0416121482849
10 48 0 8 0.0415858402848
29 39 0 8 0.0415827706456
8 45 0 8 0.0415025316179
2 50 0 8 0.0414780117571
6 16 0 8 0.0414723753929
4 40 0 8 0.0414689816535
13 27 0 8 0.0411660410464
44 53 0 8 0.041161544621
3 38 0 8 0.0410998985171
34 41 0 8 0.041017010808
17 23 0 8 0.0410081483424
18 34 0 8 0.0409677289426
12 47 0 8 0.0409603565931
6 35 0 8 0.040825497359
9 59 0 8 0.0408091880381
18 50 0 8 0.0407121777534
4 38 0 8 0.0406934656203
11 29 0 8 0.0405902899802
15 21 0 8 0.0405392795801
51 56 0 8 0.0405228547752
13 21 0 8 0.0403777956963
5 48 0 8 0.0403581038117
2 36 0 8 0.0403448753059
5 51 0 8 0.0402919612825
27 47 0 8 0.040244076401
19 25 0 8 0.0402230098844
16 44 0 8 0.0401763059199
5 40 0 8 0.0399935916066
31 46 0 8 0.0398954302073
37 45 0 8 0.0398148261011
11 42 0 8 0.0397885739803
22 47 0 8 0.0397494509816
20 34 0 8 0.0397347211838
18 35 0 8 0.0397092737257
6 34 0 8 0.0397082753479
15 35 0 8 0.0396565981209
10 36 0 8 0.0396094433963
33 55 0 8 0.0396007746458
14 31 0 8 0.0395931750536
32 40 0 8 0.0395717583597
14 34 0 8 0.0394252277911
5 16 0 8 0.0393920391798
1 48 0 8 0.0393715277314
45 58 0 8 0.0393672920763
38 46 0 8 0.0393398068845
22 28 0 8 0.0393322296441
3 39 0 8 0.0393266752362
34 46 0 8 0.0392516665161
5 37 0 8 0.0392454266548
20 31 0 8 0.0391019359231
1 7 0 8 0.0390112176538
19 40 0 8 0.0389966890216
30 38 0 8 0.0389820635319
19 37 0 8 0.0389524549246
9 49 0 8 0.0389214009047
44 51 0 8 0.0389114208519
6 29 0 8 0.0388519130647
6 36 0 8 0.0387495867908
21 33 0 8 0.0387308523059
16 33 0 8 0.0387249141932
15 32 0 8 0.0387236811221
24 37 0 8 0.0386542230844
26 32 0 8 0.0386036299169
1 41 0 8 0.0385885983706
32 45 0 8 0.0385720022023
29 40 0 8 0.0385329760611
3 51 0 8 0.0384644269943
8 38 0 8 0.0384642519057
8 29 0 8 0.0384492389858
21 39 0 8 0.0383637659252
4 41 0 8 0.0383455269039
19 47 0 8 0.0383257418871
7 36 0 8 0.0382893010974
6 52 0 8 0.0382256992161
24 38 0 8 0.0381974428892
22 34 0 8 0.0381753854454
25 37 0 8 0.0381006263196
18 24 0 8 0.0380801297724
39 57 0 8 0.0379866547883
2 38 0 8 0.0379790216684
16 40 0 8 0.0379767343402
8 28 0 8 0.0379594117403
10 51 0 8 0.0379008501768
14 26 0 8 0.0378957800567
18 37 0 8 0.0378662571311
51 58 0 8 0.0378173999488
25 39 0 8 0.0377652086318
3 42 0 8 0.0377626158297
18 38 0 8 0.0376253202558
44 55 0 8 0.0376210398972
2 51 0 8 0.0376178771257
6 28 0 8 0.0375944972038
22 42 0 8 0.0374966412783
19 51 0 8 0.037412174046
11 20 0 8 0.0373857989907
3 10 0 8 0.0373762659729
15 44 0 8 0.0373595878482
22 40 0 8 0.0371534563601
26 51 0 8 0.0370782613754
17 33 0 8 0.0370668545365
14 37 0 8 0.0370574966073
9 46 0 8 0.0370515324175
16 28 0 8 0.0370223037899
23 42 0 8 0.0369899943471
18 40 0 8 0.0369378589094
17 22 0 8 0.0368881896138
30 45 0 8 0.0368541888893
21 48 0 8 0.0367004275322
8 41 0 8 0.0366694666445
23 51 0 8 0.0365935899317
31 44 0 8 0.0365643911064
19 42 0 8 0.036470297724
23 48 0 8 0.036362092942
23 29 0 8 0.0363489463925
2 39 0 8 0.0363356843591
17 43 0 8 0.0363327711821
11 46 0 8 0.036281183362
4 32 0 8 0.0362811610103
1 39 0 8 0.0362684056163
17 41 0 8 0.036248896271
31 57 0 8 0.0362259298563
5 23 0 8 0.0361794941127
31 38 0 8 0.0361610352993
7 31 0 8 0.0361211523414
6 27 0 8 0.0361157096922
25 48 0 8 0.0360974445939
46 57 0 8 0.0360971651971
4 24 0 8 0.0360625125468
27 42 0 8 0.0359824113548
13 25 0 8 0.035981439054
10 30 0 8 0.0359711013734
6 39 0 8 0.0359331294894
4 11 0 8 0.0358700416982
25 34 0 8 0.0358416140079
17 54 0 8 0.0357953868806
10 52 0 8 0.0356747284532
17 36 0 8 0.0356683731079
5 35 0 8 0.0356678217649
23 35 0 8 0.0356571152806
30 39 0 8 0.0355056338012
45 50 0 8 0.0354895554483
4 51 0 8 0.0354732610285
11 38 0 8 0.0354521162808
18 26 0 8 0.0354415103793
30 43 0 8 0.0354005433619
5 36 0 8 0.0353443063796
12 32 0 8 0.0353213399649
15 37 0 8 0.0353192202747
11 27 0 8 0.0352879650891
16 34 0 8 0.0352309122682
15 25 0 8 0.0351775623858
13 39 0 8 0.0351583883166
17 37 0 8 0.0351270325482
17 52 0 8 0.0351010672748
39 46 0 8 0.0350515544415
4 13 0 8 0.0348717048764
3 32 0 8 0.0348642542958
3 24 0 8 0.034844443202
20 55 0 8 0.0347862839699
17 29 0 8 0.0347464829683
31 39 0 8 0.0346977747977
33 42 0 8 0.0346235781908
17 31 0 8 0.034608323127
2 37 0 8 0.0344901233912
17 34 0 8 0.0344887003303
14 60 0 8 0.0343999415636
35 47 0 8 0.0343803837895
29 37 0 8 0.0343707203865
4 33 0 8 0.0343350209296
9 38 0 8 0.0343035422266
15 23 0 8 0.034243311733
3 35 0 8 0.0342201329768
23 38 0 8 0.0341356694698
4 23 0 8 0.0340552516282
27 33 0 8 0.0340526625514
30 44 0 8 0.0340423472226
21 29 0 8 0.0340077877045
3 40 0 8 0.033986967057
23 55 0 8 0.0339829400182
11 37 0 8 0.0339556224644
13 28 0 8 0.0339425206184
16 31 0 8 0.0338589139283
3 52 0 8 0.0338241457939
48 56 0 8 0.0337464958429
13 38 0 8 0.0337321683764
24 39 0 8 0.0337020605803
17 42 0 8 0.0336772426963
19 55 0 8 0.0336212068796
26 41 0 8 0.0335092954338
13 35 0 8 0.0334689430892
8 51 0 8 0.0334632582963
24 35 0 8 0.0334613546729
13 24 0 8 0.0334515087306
16 29 0 8 0.0333614125848
24 51 0 8 0.0333414338529
13 42 0 8 0.033321570605
52 60 0 8 0.0333046540618
16 42 0 8 0.0333035103977
17 51 0 8 0.0332113169134
28 38 0 8 0.0331953428686
22 38 0 8 0.033123601228
5 29 0 8 0.0330910906196
10 34 0 8 0.0330901741982
19 34 0 8 0.0330150127411
23 33 0 8 0.0329986810684
6 31 0 8 0.0328957103193
20 36 0 8 0.0328803621233
7 37 0 8 0.0328658632934
8 27 0 8 0.0328604057431
13 31 0 8 0.0327920243144
30 42 0 8 0.0327188074589
4 9 0 8 0.0326278395951
18 28 0 8 0.0325962565839
13 22 0 8 0.0325780808926
10 35 0 8 0.0325483977795
29 51 0 8 0.0324744917452
12 44 0 8 0.0323500931263
38 47 0 8 0.0323297977448
28 34 0 8 0.0323288403451
13 44 0 8 0.0321820899844
9 24 0 8 0.032163746655
19 41 0 8 0.032143574208
26 42 0 8 0.0321209654212
30 47 0 8 0.0320611074567
45 56 0 8 0.0320418737829
30 35 0 8 0.0319580473006
44 57 0 8 0.0319408029318
28 39 0 8 0.0319026075304
33 52 0 8 0.0319004394114
6 49 0 8 0.0318316444755
3 16 0 8 0.03181630373
15 24 0 8 0.0318136885762
48 58 0 8 0.0318077579141
41 47 0 8 0.0317951515317
17 44 0 8 0.0317903086543
9 31 0 8 0.0317795611918
5 39 0 8 0.0317163169384
14 46 0 8 0.0316536948085
16 25 0 8 0.0315959267318
13 33 0 8 0.0315439254045
1 40 0 8 0.0315077900887
1 58 0 8 0.0315030813217
14 40 0 8 0.0315008759499
22 32 0 8 0.0314967781305
13 40 0 8 0.0314699374139
32 57 0 8 0.0314228869975
33 54 0 8 0.0313488468528
21 26 0 8 0.0313456058502
5 52 0 8 0.0313290320337
5 27 0 8 0.0312694683671
5 12 0 8 0.0311907604337
46 58 0 8 0.0311891287565
11 25 0 8 0.0311807300895
31 45 0 8 0.0311007723212
52 59 0 8 0.0310507472605
11 31 0 8 0.0310369636863
21 52 0 8 0.0309474598616
44 54 0 8 0.0309449415654
8 37 0 8 0.0308970548213
18 27 0 8 0.0308890398592
7 49 0 8 0.030866863206
14 41 0 8 0.0308324787766
2 17 0 8 0.0307158268988
34 54 0 8 0.0306947287172
26 50 0 8 0.0305968262255
19 28 0 8 0.0305151492357
16 23 0 8 0.0304884817451
11 30 0 8 0.03047824651
19 36 0 8 0.0304160844535
30 40 0 8 0.0304067209363
18 45 0 8 0.030404234305
3 49 0 8 0.0304002407938
10 23 0 8 0.0303934048861
39 51 0 8 0.0303411372006
23 52 0 8 0.0302883349359
5 34 0 8 0.0302102081478
18 47 0 8 0.0301816016436
16 46 0 8 0.0301526673138
1 38 0 8 0.0301524940878
15 36 0 8 0.0300779175013
15 28 0 8 0.0300600193441
19 52 0 8 0.0299956072122
8 30 0 8 0.0298846457154
3 50 0 8 0.029811995104
18 36 0 8 0.0297932717949
7 54 0 8 0.0297640450299
17 40 0 8 0.0297071319073
24 52 0 8 0.0295964330435
16 24 0 8 0.0295619890094
9 29 0 8 0.0295088980347
7 15 0 8 0.0294754244387
28 36 0 8 0.0294420849532
23 41 0 8 0.0294342711568
21 35 0 8 0.02942141518
26 47 0 8 0.0293798036873
8 48 0 8 0.0292960833758
10 39 0 8 0.0292585231364
11 41 0 8 0.0292539000511
16 37 0 8 0.0292503796518
49 58 0 8 0.0292473677546
17 47 0 8 0.029216453433
21 28 0 8 0.0291930120438
18 42 0 8 0.029151443392
26 39 0 8 0.0291450209916
22 41 0 8 0.0291272513568
32 51 0 8 0.0291248764843
6 15 0 8 0.0291235968471
20 37 0 8 0.0289719216526
11 22 0 8 0.0289530213922
26 33 0 8 0.0289048049599
7 35 0 8 0.0287662632763
7 50 0 8 0.0286966301501
7 22 0 8 0.0286743622273
2 23 0 8 0.0286686532199
42 55 0 8 0.0286601353437
32 48 0 8 0.028564825654
23 34 0 8 0.0285501684994
7 34 0 8 0.0285331662744
53 59 0 8 0.0284531246871
43 54 0 8 0.0283924918622
13 55 0 8 0.0283123031259
13 36 0 8 0.028285888955
12 38 0 8 0.0282749347389
18 44 0 8 0.0282535683364
8 16 0 8 0.0282363630831
29 48 0 8 0.0281686279923
3 11 0 8 0.0281581822783
31 36 0 8 0.0280827395618
26 55 0 8 0.0280704367906
1 57 0 8 0.0280586779118
6 55 0 8 0.0280540287495
21 55 0 8 0.0280294660479
50 58 0 8 0.0280150361359
19 27 0 8 0.0279547031969
31 55 0 8 0.0279242116958
54 60 0 8 0.0279195401818
2 20 0 8 0.0278193112463
16 41 0 8 0.0278095360845
29 36 0 8 0.0277726054192
29 35 0 8 0.0277647133917
4 37 0 8 0.0277363136411
19 49 0 8 0.027728671208
23 40 0 8 0.0277090910822
37 47 0 8 0.0276597645134
8 36 0 8 0.0275671500713
28 48 0 8 0.0275515336543
2 32 0 8 0.027531446889
33 48 0 8 0.0275196377188
49 55 0 8 0.0273974463344
6 50 0 8 0.0273646265268
14 39 0 8 0.0272850114852
14 52 0 8 0.0272460971028
4 36 0 8 0.027196329087
10 22 0 8 0.0271646827459
44 58 0 8 0.0271345935762
9 30 0 8 0.0271164346486
5 49 0 8 0.0269829183817
17 25 0 8 0.0269788671285
7 39 0 8 0.0269144531339
20 52 0 8 0.0268469490111
22 35 0 8 0.0267790611833
4 35 0 8 0.0267645306885
4 39 0 8 0.0267577804625
22 29 0 8 0.0267526209354
1 59 0 8 0.0266656335443
16 36 0 8 0.026649557054
15 27 0 8 0.0266148094088
31 42 0 8 0.0265567079186
31 41 0 8 0.0264531057328
18 54 0 8 0.0264166891575
40 47 0 8 0.0264113526791
48 59 0 8 0.0263913255185
27 39 0 8 0.0263732001185
36 47 0 8 0.0263515599072
21 50 0 8 0.0262346211821
9 41 0 8 0.0262273196131
20 54 0 8 0.0262058749795
23 30 0 8 0.0261765476316
9 27 0 8 0.0261274427176
20 48 0 8 0.02608089149
10 21 0 8 0.0259370915592
21 31 0 8 0.0259277094156
8 31 0 8 0.0259216781706
4 12 0 8 0.0258378554136
54 59 0 8 0.0257577225566
50 56 0 8 0.0257523022592
5 20 0 8 0.0257304552943
39 52 0 8 0.0257239528
22 39 0 8 0.0256972983479
1 33 0 8 0.0256948210299
22 33 0 8 0.0256925523281
11 35 0 8 0.0256876256317
18 46 0 8 0.0256462860852
6 30 0 8 0.0255436375737
11 24 0 8 0.0255425646901
10 49 0 8 0.0254826135933
27 41 0 8 0.0254817735404
4 34 0 8 0.0254527200013
31 52 0 8 0.0254271775484
23 50 0 8 0.0254105944186
2 35 0 8 0.0253836009651
31 40 0 8 0.0253551397473
22 51 0 8 0.0253420155495
26 38 0 8 0.0253318827599
15 33 0 8 0.0253130942583
50 57 0 8 0.0252654254436
18 60 0 8 0.0252365302294
34 48 0 8 0.0252295508981
43 55 0 8 0.0251895170659
45 59 0 8 0.025148967281
42 57 0 8 0.0251390039921
27 48 0 8 0.0251375529915
22 27 0 8 0.0251241382211
15 42 0 8 0.025110417977
45 60 0 8 0.0250566955656
16 51 0 8 0.0249342955649
23 37 0 8 0.0248560439795
17 24 0 8 0.0248471014202
18 30 0 8 0.0248061828315
8 55 0 8 0.0248027164489
51 59 0 8 0.0247821714729
8 39 0 8 0.0247735977173
15 46 0 8 0.0246972758323
29 52 0 8 0.0246950481087
16 22 0 8 0.0246527958661
7 30 0 8 0.0245818849653
26 40 0 8 0.0245543848723
9 50 0 8 0.0245394147933
19 54 0 8 0.0244992002845
8 35 0 8 0.0244486089796
13 29 0 8 0.0244206022471
47 57 0 8 0.0244176927954
1 55 0 8 0.0243802815676
1 22 0 8 0.0243392642587
20 26 0 8 0.0240870509297
3 37 0 8 0.0240295752883
41 57 0 8 0.0239773299545
39 47 0 8 0.0239369291812
48 57 0 8 0.0239350125194
4 28 0 8 0.0239032842219
24 36 0 8 0.0238986611366
12 40 0 8 0.0238875672221
32 54 0 8 0.0238842163235
20 49 0 8 0.0238552670926
17 26 0 8 0.0237762983888
11 23 0 8 0.0237739477307
8 23 0 8 0.0237590391189
11 16 0 8 0.0237554684281
36 55 0 8 0.0237440355122
10 55 0 8 0.0236344244331
10 26 0 8 0.0235455594957
1 37 0 8 0.0235213059932
17 50 0 8 0.0234945248812
16 55 0 8 0.0234477873892
14 30 0 8 0.0234280712903
11 21 0 8 0.0233543571085
22 31 0 8 0.0233055520803
29 57 0 8 0.0233026277274
25 36 0 8 0.0232726652175
8 50 0 8 0.0232331138104
3 55 0 8 0.0232128128409
41 59 0 8 0.0231988355517
18 41 0 8 0.0231795664877
25 35 0 8 0.0231715254486
28 35 0 8 0.0231698099524
21 36 0 8 0.0231394171715
30 37 0 8 0.02310555242
22 48 0 8 0.0231020078063
41 60 0 8 0.0230606384575
12 33 0 8 0.0229503661394
8 49 0 8 0.0229453314096
2 55 0 8 0.0229361448437
42 60 0 8 0.0229116026312
38 59 0 8 0.0228923726827
43 51 0 8 0.0228743273765
17 59 0 8 0.0228134542704
25 49 0 8 0.022806674242
31 51 0 8 0.0227734260261
42 54 0 8 0.0227624420077
11 34 0 8 0.0227459967136
9 36 0 8 0.0227423738688
2 34 0 8 0.0227418970317
16 27 0 8 0.0227231308818
30 36 0 8 0.022707702592
39 59 0 8 0.0227008145303
22 49 0 8 0.0226664673537
15 55 0 8 0.0226601678878
22 36 0 8 0.0226456150413
2 60 0 8 0.0226178560406
20 50 0 8 0.0225993841887
2 8 0 8 0.022597078234
9 34 0 8 0.022553358227
44 49 0 8 0.0225406754762
8 24 0 8 0.0224907789379
21 34 0 8 0.0224880799651
12 42 0 8 0.0224871877581
16 45 0 8 0.0224474184215
32 49 0 8 0.0224304851145
13 34 0 8 0.0224051177502
20 27 0 8 0.0223778374493
4 25 0 8 0.0223423279822
34 55 0 8 0.0223302077502
18 29 0 8 0.0222827997059
44 56 0 8 0.0222384836525
17 28 0 8 0.0222298782319
31 48 0 8 0.0222283191979
4 20 0 8 0.0221908073872
31 47 0 8 0.0221327133477
26 52 0 8 0.0221169292927
7 16 0 8 0.0221105571836
4 22 0 8 0.0221083909273
3 28 0 8 0.0220997426659
2 33 0 8 0.0220779608935
18 25 0 8 0.0220595579594
35 55 0 8 0.0220378190279
21 27 0 8 0.0220134183764
22 37 0 8 0.0220132339746
3 23 0 8 0.0220095124096
39 58 0 8 0.0220054183155
15 52 0 8 0.0219983905554
15 29 0 8 0.0219972133636
11 36 0 8 0.0219712853432
9 37 0 8 0.0219595059752
33 51 0 8 0.0219517350197
17 27 0 8 0.0218994002789
2 57 0 8 0.0218735840172
3 36 0 8 0.0218707155436
9 21 0 8 0.0218695998192
38 52 0 8 0.0218525864184
40 58 0 8 0.0218488164246
2 54 0 8 0.0218268148601
1 32 0 8 0.0218018107116
8 25 0 8 0.0218001678586
38 58 0 8 0.0217873491347
2 24 0 8 0.0217857547104
20 30 0 8 0.0217344947159
2 13 0 8 0.0216845180839
17 46 0 8 0.0216768104583
1 52 0 8 0.0216573234648
6 26 0 8 0.0216527003795
44 59 0 8 0.0215808879584
7 55 0 8 0.0215564034879
40 60 0 8 0.0215450581163
38 60 0 8 0.0215330887586
26 48 0 8 0.0215088576078
3 25 0 8 0.021501403302
22 55 0 8 0.0214914530516
4 50 0 8 0.0214912239462
18 53 0 8 0.021486049518
40 59 0 8 0.0214613061398
1 51 0 8 0.021430304274
38 57 0 8 0.0214258711785
12 34 0 8 0.0213945303112
16 30 0 8 0.0213917847723
7 59 0 8 0.021385287866
2 28 0 8 0.021380642429
23 36 0 8 0.0213154647499
9 14 0 8 0.0212837848812
9 25 0 8 0.0212672930211
17 45 0 8 0.0212616417557
8 22 0 8 0.0212479475886
8 34 0 8 0.0212413538247
7 26 0 8 0.0212330576032
40 48 0 8 0.021201454103
16 52 0 8 0.0211770199239
39 60 0 8 0.0211456716061
34 52 0 8 0.0211450587958
10 54 0 8 0.0211361348629
11 55 0 8 0.0211232043803
15 31 0 8 0.0211164820939
4 49 0 8 0.0211109779775
38 55 0 8 0.0211072880775
6 22 0 8 0.0210833940655
37 59 0 8 0.0210798513144
40 57 0 8 0.0210715588182
7 14 0 8 0.0210704170167
11 51 0 8 0.0210689958185
12 29 0 8 0.0210678763688
13 59 0 8 0.0210473202169
32 52 0 8 0.0210457835346
1 21 0 8 0.0210308916867
8 52 0 8 0.020992230624
25 51 0 8 0.0209868159145
6 53 0 8 0.0209864135832
15 34 0 8 0.020978724584
46 60 0 8 0.020970005542
5 26 0 8 0.0209533460438
6 21 0 8 0.020945565775
31 50 0 8 0.0209421142936
33 50 0 8 0.0209298729897
6 54 0 8 0.0209281183779
21 49 0 8 0.0209219492972
41 55 0 8 0.0209080688655
2 10 0 8 0.0208985432982
35 57 0 8 0.0208732690662
2 27 0 8 0.0208428800106
30 41 0 8 0.0208394601941
24 57 0 8 0.0208219923079
1 20 0 8 0.020813850686
43 48 0 8 0.0208112616092
21 51 0 8 0.0207599196583
49 56 0 8 0.020758766681
21 37 0 8 0.0207554902881
11 48 0 8 0.0207458604127
24 50 0 8 0.0207017231733
41 56 0 8 0.0206924770027
27 35 0 8 0.0206799004227
1 34 0 8 0.0206668730825
9 57 0 8 0.0206607654691
47 59 0 8 0.020655984059
42 58 0 8 0.0206478014588
41 58 0 8 0.0206387005746
12 28 0 8 0.0205945186317
33 49 0 8 0.0205782018602
19 50 0 8 0.0205722842366
5 31 0 8 0.0205715913326
36 54 0 8 0.0205196831375
14 51 0 8 0.0205152984709
17 55 0 8 0.020502185449
28 51 0 8 0.0204930771142
1 9 0 8 0.020449379459
26 35 0 8 0.0203933957964
51 60 0 8 0.0203723013401
4 16 0 8 0.020353378728
26 34 0 8 0.0203247368336
13 26 0 8 0.0203185081482
39 55 0 8 0.0203147325665
32 55 0 8 0.0203051175922
4 27 0 8 0.0203021392226
31 54 0 8 0.0203019157052
41 48 0 8 0.0202927738428
27 38 0 8 0.0202589780092
44 60 0 8 0.0202528126538
15 41 0 8 0.0202168561518
12 52 0 8 0.0202002618462
1 8 0 8 0.0201963465661
49 57 0 8 0.0201948881149
2 21 0 8 0.0201882850379
2 15 0 8 0.0201783925295
4 52 0 8 0.0201766062528
41 52 0 8 0.0201760176569
18 49 0 8 0.0201480388641
27 40 0 8 0.0201437473297
19 57 0 8 0.0201370436698
15 38 0 8 0.0201333872974
53 60 0 8 0.0201136786491
15 40 0 8 0.0200978070498
19 26 0 8 0.0200969874859
17 58 0 8 0.020093081519
7 21 0 8 0.0200849976391
14 54 0 8 0.0200841538608
30 48 0 8 0.0200726985931
9 35 0 8 0.0200721174479
15 26 0 8 0.020054994151
38 51 0 8 0.020042322576
25 55 0 8 0.0200353097171
3 19 0 8 0.0200306195766
9 20 0 8 0.0199932269752
4 55 0 8 0.0199868846685
20 29 0 8 0.0199682377279
12 24 0 8 0.0199551116675
47 58 0 8 0.0199349690229
30 52 0 8 0.0198924466968
15 54 0 8 0.0198903605342
13 41 0 8 0.0198733005673
30 51 0 8 0.0198246613145
41 54 0 8 0.0198123473674
24 49 0 8 0.0198035929352
3 21 0 8 0.0197978317738
8 20 0 8 0.0197692308575
1 35 0 8 0.0197559706867
4 29 0 8 0.01975412108
12 46 0 8 0.0197524856776
38 48 0 8 0.019715603441
28 37 0 8 0.0197048559785
2 59 0 8 0.0196942575276
24 55 0 8 0.0196834094822
12 41 0 8 0.0196625068784
16 54 0 8 0.0196587666869
40 52 0 8 0.019652960822
19 58 0 8 0.0196490976959
43 57 0 8 0.0195900984108
9 26 0 8 0.0195837710053
36 60 0 8 0.0195773225278
21 57 0 8 0.0195705965161
1 10 0 8 0.0195684470236
34 57 0 8 0.0195053946227
11 39 0 8 0.0194909200072
10 57 0 8 0.0194897428155
13 30 0 8 0.0194497033954
3 14 0 8 0.0194413475692
8 54 0 8 0.0194212589413
37 55 0 8 0.0193986389786
35 48 0 8 0.0193425808102
22 52 0 8 0.0193357244134
21 54 0 8 0.0193221773952
35 52 0 8 0.0193167831749
4 26 0 8 0.0193166434765
14 55 0 8 0.0192723553628
12 23 0 8 0.0192677490413
18 59 0 8 0.0192533079535
42 56 0 8 0.0192380901426
40 56 0 8 0.0192361790687
5 50 0 8 0.0192359108478
4 14 0 8 0.0192230641842
23 49 0 8 0.0192069094628
46 59 0 8 0.0192036721855
36 48 0 8 0.0192005075514
12 31 0 8 0.0191826056689
16 26 0 8 0.0191369354725
20 57 0 8 0.0190854072571
50 60 0 8 0.0190393663943
2 58 0 8 0.0190187040716
13 56 0 8 0.018983732909
4 31 0 8 0.0189791377634
18 57 0 8 0.0189349465072
2 22 0 8 0.0189061593264
1 19 0 8 0.0188768655062
16 39 0 8 0.0188704580069
7 20 0 8 0.0188570935279
12 22 0 8 0.018855849281
3 34 0 8 0.0188292264938
22 30 0 8 0.0188250523061
2 52 0 8 0.0188159830868
11 52 0 8 0.0187943205237
18 48 0 8 0.0187869407237
1 56 0 8 0.0187816713005
11 54 0 8 0.0187582969666
48 60 0 8 0.0187245495617
35 51 0 8 0.0186824705452
34 51 0 8 0.0186504665762
3 27 0 8 0.018648294732
32 59 0 8 0.0186456311494
1 49 0 8 0.0186370480806
42 51 0 8 0.018632043153
3 31 0 8 0.0186188835651
12 45 0 8 0.0186180453748
12 36 0 8 0.0186107903719
35 49 0 8 0.0186090618372
47 60 0 8 0.0186061486602
19 29 0 8 0.0185953062028
10 16 0 8 0.0185866989195
19 59 0 8 0.0185862462968
8 53 0 8 0.0185802485794
18 56 0 8 0.0185772981495
21 30 0 8 0.0185594242066
17 60 0 8 0.0184966921806
17 48 0 8 0.0184910278767
30 55 0 8 0.0184758100659
10 50 0 8 0.0184743665159
37 57 0 8 0.0184598546475
31 59 0 8 0.0184254869819
40 54 0 8 0.0184249952435
25 52 0 8 0.0184178426862
5 21 0 8 0.0184155330062
34 49 0 8 0.0184119250625
17 57 0 8 0.0184011179954
7 53 0 8 0.0184007864445
15 45 0 8 0.0183604136109
29 49 0 8 0.0183117706329
37 49 0 8 0.0182584226131
43 56 0 8 0.0182561315596
9 22 0 8 0.0182494930923
31 58 0 8 0.0182306133211
47 56 0 8 0.0182204376906
1 14 0 8 0.0182177592069
36 57 0 8 0.0181674715132
34 53 0 8 0.0181479789317
2 19 0 8 0.018101034686
12 37 0 8 0.0180789548904
42 59 0 8 0.0180760882795
1 36 0 8 0.0180665664375
11 26 0 8 0.0180609691888
10 59 0 8 0.0180457476526
2 9 0 8 0.0180390551686
50 59 0 8 0.0180159900337
49 60 0 8 0.0180135183036
29 50 0 8 0.0180086940527
30 54 0 8 0.0180076193064
40 55 0 8 0.0180035717785
43 59 0 8 0.0179985109717
9 58 0 8 0.0179872848094
38 56 0 8 0.0179434418678
35 54 0 8 0.0179260056466
29 55 0 8 0.0179245192558
39 49 0 8 0.0178999174386
31 49 0 8 0.0178959276527
6 59 0 8 0.017882514745
3 29 0 8 0.0178725272417
26 37 0 8 0.0178604032844
12 27 0 8 0.0178238973022
49 59 0 8 0.0178231522441
12 55 0 8 0.0178011376411
16 57 0 8 0.0177939850837
18 58 0 8 0.0177475586534
2 25 0 8 0.0177395883948
1 50 0 8 0.0177367478609
27 55 0 8 0.0176690761
30 49 0 8 0.0176516640931
19 48 0 8 0.017645554617
43 52 0 8 0.0176421329379
8 14 0 8 0.0176410004497
44 50 0 8 0.0176213029772
12 17 0 8 0.0175852831453
33 58 0 8 0.0175766944885
37 51 0 8 0.0175657458603
3 9 0 8 0.0175454411656
28 49 0 8 0.0175348073244
26 54 0 8 0.0175300519913
8 59 0 8 0.01749606058
38 50 0 8 0.0174853168428
10 56 0 8 0.0174822043628
5 55 0 8 0.0174653809518
16 48 0 8 0.0174354594201
32 50 0 8 0.0174345504493
5 22 0 8 0.0174241643399
8 57 0 8 0.0174171682447
36 52 0 8 0.0174112282693
2 31 0 8 0.017399372533
1 16 0 8 0.0173419099301
25 50 0 8 0.0172907914966
7 57 0 8 0.0172560270876
17 49 0 8 0.0172477066517
15 39 0 8 0.017247563228
26 57 0 8 0.0171956848353
30 50 0 8 0.0171363782138
25 59 0 8 0.017127385363
6 60 0 8 0.0171066001058
1 54 0 8 0.0170870888978
11 59 0 8 0.0170815773308
9 54 0 8 0.0170761272311
13 48 0 8 0.0170267112553
42 50 0 8 0.0170117467642
43 60 0 8 0.016990095377
15 51 0 8 0.0169457383454
12 35 0 8 0.0169265586883
15 30 0 8 0.0169130265713
6 57 0 8 0.016890777275
15 57 0 8 0.016886819154
36 58 0 8 0.0168372709304
4 15 0 8 0.0168079249561
22 50 0 8 0.0167704187334
12 39 0 8 0.0167242400348
43 58 0 8 0.016718564555
41 49 0 8 0.0166718158871
35 50 0 8 0.0166705269367
5 30 0 8 0.0166587419808
35 59 0 8 0.016648825258
12 25 0 8 0.0166423246264
8 60 0 8 0.0166312623769
1 25 0 8 0.0166141148657
11 57 0 8 0.0165544264019
26 49 0 8 0.0165364332497
15 58 0 8 0.0165099110454
1 18 0 8 0.0164878107607
9 53 0 8 0.0164760537446
21 59 0 8 0.0164354294538
41 51 0 8 0.0164346434176
40 51 0 8 0.0164255592972
3 22 0 8 0.0164203345776
11 49 0 8 0.0163853019476
2 56 0 8 0.016352487728
28 52 0 8 0.016286931932
43 49 0 8 0.01627943106
19 30 0 8 0.0162521451712
4 54 0 8 0.0162467174232
41 50 0 8 0.0162171833217
35 58 0 8 0.016182217747
2 29 0 8 0.0161388516426
19 60 0 8 0.0161350816488
38 54 0 8 0.016132440418
9 23 0 8 0.0161274299026
37 58 0 8 0.0161228999496
15 59 0 8 0.0160966198891
4 19 0 8 0.0160751566291
15 50 0 8 0.0160119775683
1 23 0 8 0.0159938838333
11 53 0 8 0.0159888099879
39 54 0 8 0.0159765705466
9 56 0 8 0.0159398801625
20 53 0 8 0.015925899148
37 50 0 8 0.0159123428166
37 52 0 8 0.0159005858004
17 30 0 8 0.0158960707486
27 34 0 8 0.0158680137247
42 52 0 8 0.0158603657037
29 59 0 8 0.015836417675
43 53 0 8 0.0158331114799
23 54 0 8 0.0157773848623
16 58 0 8 0.0157674439251
12 20 0 8 0.0157629884779
5 54 0 8 0.0157540328801
4 21 0 8 0.0157533902675
42 48 0 8 0.0157240647823
32 58 0 8 0.015711389482
3 58 0 8 0.0156966261566
1 17 0 8 0.0156935993582
12 26 0 8 0.0156885478646
1 29 0 8 0.0156812295318
31 56 0 8 0.0156435016543
33 56 0 8 0.0156311113387
10 60 0 8 0.0156234921888
21 53 0 8 0.0156062887982
39 53 0 8 0.0156013667583
25 57 0 8 0.015584744513
2 12 0 8 0.0155493319035
29 54 0 8 0.0155249219388
16 59 0 8 0.0155124999583
12 51 0 8 0.0155057013035
31 53 0 8 0.0154541330412
8 26 0 8 0.0154481567442
30 57 0 8 0.0154341077432
6 17 0 8 0.015423017554
42 53 0 8 0.0154119720683
29 56 0 8 0.0153850847855
36 53 0 8 0.0153490817174
3 56 0 8 0.0153046511114
28 50 0 8 0.0152774397284
12 30 0 8 0.0151956835762
35 56 0 8 0.0151725243777
26 36 0 8 0.0151653578505
34 50 0 8 0.0151613987982
38 49 0 8 0.0151612991467
25 58 0 8 0.0151557391509
33 53 0 8 0.0151322986931
13 58 0 8 0.0151271829382
28 54 0 8 0.0151096954942
1 31 0 8 0.0151040758938
11 58 0 8 0.0150655722246
42 49 0 8 0.0150068309158
37 48 0 8 0.0149922827259
13 57 0 8 0.0149879315868
10 53 0 8 0.0149871427566
34 58 0 8 0.0149632776156
20 58 0 8 0.0149191049859
37 56 0 8 0.0149149289355
34 56 0 8 0.0149146141484
39 50 0 8 0.0149073721841
23 59 0 8 0.0149015057832
35 60 0 8 0.0148440496996
2 18 0 8 0.0148412389681
21 58 0 8 0.0148216187954
23 60 0 8 0.0148100722581
37 60 0 8 0.0147763043642
10 58 0 8 0.0147563945502
34 59 0 8 0.0147437620908
1 24 0 8 0.0147364903241
2 53 0 8 0.0147334169596
36 56 0 8 0.0147306006402
8 56 0 8 0.0147295342758
39 48 0 8 0.0146893402562
35 53 0 8 0.0146744754165
1 30 0 8 0.0146715724841
36 51 0 8 0.0146438125521
20 59 0 8 0.0146356746554
23 56 0 8 0.014632133767
36 50 0 8 0.0145763922483
38 53 0 8 0.0145581094548
41 53 0 8 0.0145480567589
1 53 0 8 0.0145368361846
13 54 0 8 0.0145309492946
4 60 0 8 0.0144835552201
14 48 0 8 0.0144490404055
15 56 0 8 0.0144102107733
1 26 0 8 0.0144093921408
4 30 0 8 0.0143961384892
39 56 0 8 0.0143703762442
7 60 0 8 0.0143554238603
15 60 0 8 0.0143239367753
16 56 0 8 0.0142939956859
7 56 0 8 0.0142915500328
15 53 0 8 0.0142891854048
24 59 0 8 0.0142314666882
14 57 0 8 0.0142104839906
21 56 0 8 0.0142104038969
40 53 0 8 0.0141945676878
14 49 0 8 0.0141319707036
15 48 0 8 0.0141250099987
16 50 0 8 0.0141177475452
5 19 0 8 0.0141163608059
8 15 0 8 0.0141142373905
6 58 0 8 0.0141016291454
27 51 0 8 0.0141013571993
33 60 0 8 0.0140997460112
22 54 0 8 0.0140986992046
22 56 0 8 0.0140862707049
27 50 0 8 0.0140477810055
5 59 0 8 0.0140401944518
30 56 0 8 0.0140320649371
33 59 0 8 0.014019779861
26 59 0 8 0.0140094803646
40 49 0 8 0.0140008544549
19 56 0 8 0.0139836845919
40 50 0 8 0.0139642031863
29 58 0 8 0.0139484545216
36 49 0 8 0.0138838523999
16 60 0 8 0.0138444751501
37 54 0 8 0.013838076964
2 26 0 8 0.0138258887455
27 37 0 8 0.0137993292883
22 53 0 8 0.0137164676562
3 13 0 8 0.0136718228459
20 56 0 8 0.0136705935001
24 54 0 8 0.0136656956747
22 57 0 8 0.0136624760926
3 12 0 8 0.0136562827975
25 56 0 8 0.0136260511354
5 57 0 8 0.0136257885024
16 49 0 8 0.0136201307178
2 11 0 8 0.013613476418
1 12 0 8 0.0135632203892
4 59 0 8 0.0135132884607
25 54 0 8 0.0134875746444
26 60 0 8 0.0134554710239
5 15 0 8 0.013430592604
26 56 0 8 0.0134130520746
6 19 0 8 0.0134037919343
11 19 0 8 0.0133979665115
3 54 0 8 0.0133748091757
4 57 0 8 0.0133706508204
26 53 0 8 0.0133401080966
28 55 0 8 0.0133358100429
11 56 0 8 0.0133351199329
29 53 0 8 0.0133315371349
27 49 0 8 0.0132792787626
25 53 0 8 0.013272264041
3 18 0 8 0.0132284471765
1 13 0 8 0.0132019640878
34 60 0 8 0.0131967654452
4 53 0 8 0.0131765622646
20 60 0 8 0.0131697803736
43 50 0 8 0.0131337866187
32 56 0 8 0.0130862640217
11 50 0 8 0.0130713693798
23 58 0 8 0.013061536476
30 53 0 8 0.0130441458896
22 60 0 8 0.0129860360175
12 21 0 8 0.0129638798535
28 57 0 8 0.0129452776164
2 30 0 8 0.0129408864304
36 59 0 8 0.0129155600443
23 57 0 8 0.0129063967615
3 26 0 8 0.0129051683471
3 60 0 8 0.0128893917426
14 58 0 8 0.0128758754581
12 58 0 8 0.012859522365
14 59 0 8 0.0128463217989
12 54 0 8 0.0128335319459
12 57 0 8 0.0128287179396
5 60 0 8 0.0128025915474
12 59 0 8 0.0127999875695
12 18 0 8 0.0127998543903
7 58 0 8 0.0127934524789
22 58 0 8 0.0127925425768
27 36 0 8 0.012759776786
8 19 0 8 0.0127557758242
6 56 0 8 0.0127552356571
5 53 0 8 0.0127315279096
17 53 0 8 0.012688302435
17 56 0 8 0.0125971371308
21 60 0 8 0.0125933298841
8 58 0 8 0.0125844990835
19 53 0 8 0.0125024858862
1 11 0 8 0.0124563621357
30 60 0 8 0.0124202407897
5 56 0 8 0.0124160479754
3 15 0 8 0.0124056152999
13 60 0 8 0.0123763335869
1 28 0 8 0.0123671684414
4 18 0 8 0.012238830328
27 52 0 8 0.0122315697372
1 27 0 8 0.0122193051502
1 15 0 8 0.0122053669766
26 58 0 8 0.0121531682089
32 60 0 8 0.0121335824952
8 21 0 8 0.0120920892805
30 59 0 8 0.0120711056516
27 54 0 8 0.012057681568
32 53 0 8 0.0120130991563
3 30 0 8 0.0119604896754
10 19 0 8 0.0119522940367
12 56 0 8 0.0119366664439
12 48 0 8 0.011868853122
13 50 0 8 0.0118261249736
14 50 0 8 0.011784655042
14 56 0 8 0.0117836603895
15 49 0 8 0.0116704488173
3 59 0 8 0.0116102192551
24 56 0 8 0.0115107642487
4 58 0 8 0.0114902192727
6 18 0 8 0.0114539451897
22 59 0 8 0.0114392740652
24 58 0 8 0.01140088588
4 56 0 8 0.011381640099
9 60 0 8 0.0113624157384
23 53 0 8 0.0112797105685
28 59 0 8 0.0112063745037
13 49 0 8 0.0111840199679
5 58 0 8 0.0110785476863
11 60 0 8 0.0110699729994
37 53 0 8 0.0109786763787
3 17 0 8 0.010944288224
2 14 0 8 0.0108924647793
27 57 0 8 0.010854119435
28 53 0 8 0.0108001045883
30 58 0 8 0.0105649298057
31 60 0 8 0.0102874469012
4 17 0 8 0.0102663924918
12 19 0 8 0.010240053758
16 53 0 8 0.0102167278528
7 18 0 8 0.0100468564779
24 53 0 8 0.0100346421823
7 19 0 8 0.0100210793316
25 60 0 8 0.00992336682975
28 56 0 8 0.00989964790642
12 60 0 8 0.00987116992474
5 17 0 8 0.0098530985415
12 53 0 8 0.00972409918904
29 60 0 8 0.00968332216144
3 53 0 8 0.00956912059337
12 49 0 8 0.00939402356744
27 60 0 8 0.00920820422471
27 59 0 8 0.00912504643202
9 17 0 8 0.00905453693122
27 53 0 8 0.00898197758943
27 56 0 8 0.00897568557411
5 18 0 8 0.00886126514524
24 60 0 8 0.00866234302521
12 50 0 8 0.00862205494195
10 18 0 8 0.00859697163105
27 58 0 8 0.00854983460158
14 53 0 8 0.00850464962423
28 58 0 8 0.00850225798786
8 17 0 8 0.00802950654179
13 53 0 8 0.00794087536633
7 17 0 8 0.00760818412527
28 60 0 8 0.00715529825538
11 17 0 8 0.00678577832878
9 19 0 8 0.00631640246138
9 15 0 8 0.0054477811791
10 17 0 8 0.00527206575498
11 18 0 8 0.00525527074933
8 18 0 8 0.0044776420109
9 16 0 8 0.00398001819849
9 18 0 8 0.00282089668326
