2 3 0 8 0.999996900558
35 36 0 8 0.999978482723
37 38 0 8 0.999976634979
33 34 0 8 0.999969780445
34 35 0 8 0.99996316433
39 40 0 8 0.999953866005
38 39 0 8 0.999950826168
41 42 0 8 0.999935030937
36 37 0 8 0.999932646751
9 10 0 8 0.999932348728
7 8 0 8 0.999929487705
48 49 0 8 0.999921798706
1 2 0 8 0.999918580055
18 19 0 8 0.999916493893
40 41 0 8 0.999915659428
42 43 0 8 0.999912798405
4 5 0 8 0.999903738499
13 14 0 8 0.999903678894
19 20 0 8 0.999890208244
11 12 0 8 0.999888718128
49 50 0 8 0.999887228012
3 4 0 8 0.999884963036
23 24 0 8 0.999876379967
5 6 0 8 0.999865651131
12 13 0 8 0.999862849712
50 51 0 8 0.999836444855
10 11 0 8 0.999801933765
32 33 0 8 0.999798834324
66 67 0 8 0.999798357487
53 54 0 8 0.999796509743
8 9 0 8 0.999794661999
31 32 0 8 0.999785065651
20 21 0 8 0.999758839607
6 7 0 8 0.9997574687
17 18 0 8 0.999716222286
65 66 0 8 0.999709486961
22 23 0 8 0.999690592289
24 25 0 8 0.999654889107
43 44 0 8 0.999567329884
51 52 0 8 0.999514520168
44 45 0 8 0.999424755573
45 46 0 8 0.999413251877
46 47 0 8 0.999413132668
62 63 0 8 0.999391615391
52 53 0 8 0.999196767807
21 22 0 8 0.999189317226
25 26 0 8 0.999042868614
14 15 0 8 0.998996496201
47 48 0 8 0.998857855797
54 55 0 8 0.99882620573
29 30 0 8 0.998703241348
58 59 0 8 0.998701095581
60 61 0 8 0.99856877327
55 56 0 8 0.998503565788
63 64 0 8 0.99838322401
28 29 0 8 0.998266756535
61 62 0 8 0.998243093491
59 60 0 8 0.998230338097
16 17 0 8 0.998203754425
57 58 0 8 0.99813169241
39 41 0 8 0.998041212559
15 16 0 8 0.997774600983
34 36 0 8 0.997526407242
30 31 0 8 0.997338950634
35 37 0 8 0.997260868549
38 40 0 8 0.996573626995
35 38 0 8 0.996440708637
56 57 0 8 0.996323645115
36 38 0 8 0.996182203293
46 48 0 8 0.996017456055
7 9 0 8 0.995827496052
42 44 0 8 0.99557363987
8 10 0 8 0.995410561562
27 28 0 8 0.994858801365
41 43 0 8 0.994609296322
49 51 0 8 0.99456089735
33 35 0 8 0.994479298592
48 50 0 8 0.994098246098
64 65 0 8 0.994007706642
6 8 0 8 0.993980050087
36 39 0 8 0.993842124939
37 39 0 8 0.993663012981
50 53 0 8 0.993283450603
7 10 0 8 0.992891430855
34 37 0 8 0.992743015289
43 45 0 8 0.992690205574
43 46 0 8 0.992657542229
4 6 0 8 0.992643177509
39 42 0 8 0.992585837841
5 7 0 8 0.992268443108
50 52 0 8 0.992196202278
46 49 0 8 0.99198615551
26 27 0 8 0.991891145706
35 39 0 8 0.991652905941
42 46 0 8 0.991537868977
40 42 0 8 0.991229832172
42 45 0 8 0.990346252918
38 41 0 8 0.990324854851
45 47 0 8 0.990196704865
3 5 0 8 0.9886764884
32 35 0 8 0.988374650478
9 11 0 8 0.987984955311
8 11 0 8 0.98797249794
39 43 0 8 0.987851858139
43 47 0 8 0.987759888172
47 49 0 8 0.987717926502
46 50 0 8 0.987501740456
44 47 0 8 0.986859023571
44 46 0 8 0.986508309841
47 50 0 8 0.986495792866
40 43 0 8 0.985461175442
4 8 0 8 0.984863758087
34 38 0 8 0.984498202801
33 36 0 8 0.984255552292
40 44 0 8 0.983360052109
7 11 0 8 0.982993245125
6 9 0 8 0.982768952847
41 44 0 8 0.982684373856
10 12 0 8 0.982684016228
4 7 0 8 0.982600331306
37 40 0 8 0.98221796751
44 48 0 8 0.982209146023
41 45 0 8 0.982084929943
32 34 0 8 0.980963051319
45 48 0 8 0.979794681072
32 36 0 8 0.978684723377
31 34 0 8 0.978474855423
52 54 0 8 0.976655423641
5 9 0 8 0.976543605328
3 7 0 8 0.97637629509
48 51 0 8 0.976136684418
38 42 0 8 0.976100921631
9 12 0 8 0.975874841213
45 49 0 8 0.97583335638
5 8 0 8 0.974784493446
6 10 0 8 0.974694490433
36 40 0 8 0.970894157887
53 55 0 8 0.970202028751
49 53 0 8 0.96965098381
49 52 0 8 0.969476342201
59 61 0 8 0.967098176479
51 53 0 8 0.96613740921
33 37 0 8 0.966005086899
31 35 0 8 0.965256989002
31 33 0 8 0.963539063931
53 56 0 8 0.959010362625
59 62 0 8 0.95896500349
8 12 0 8 0.958248615265
3 6 0 8 0.955517113209
52 55 0 8 0.951338887215
37 41 0 8 0.949176251888
20 22 0 8 0.944859325886
61 63 0 8 0.939826250076
1 3 0 8 0.939558982849
56 58 0 8 0.938247084618
10 13 0 8 0.935408890247
47 51 0 8 0.934377193451
30 34 0 8 0.929902851582
11 13 0 8 0.9276663661
48 52 0 8 0.925643801689
54 56 0 8 0.92484498024
22 24 0 8 0.924310564995
59 63 0 8 0.918980181217
23 25 0 8 0.917804539204
12 14 0 8 0.91510874033
63 65 0 8 0.91484028101
20 23 0 8 0.914037883282
58 60 0 8 0.913121640682
2 4 0 8 0.906060516834
20 24 0 8 0.903845608234
62 64 0 8 0.901433050632
58 62 0 8 0.900383174419
57 59 0 8 0.898660778999
21 23 0 8 0.896656036377
55 57 0 8 0.895163834095
50 54 0 8 0.894116103649
60 62 0 8 0.88977175951
24 26 0 8 0.889265120029
23 26 0 8 0.886578679085
51 54 0 8 0.880540311337
21 25 0 8 0.875857591629
9 13 0 8 0.871634364128
30 35 0 8 0.871505260468
53 57 0 8 0.865551650524
19 21 0 8 0.863334059715
58 61 0 8 0.860250234604
1 5 0 8 0.856215417385
60 63 0 8 0.855457246304
14 16 0 8 0.849650502205
11 14 0 8 0.846388697624
22 25 0 8 0.842181444168
56 59 0 8 0.842043101788
63 66 0 8 0.840574622154
2 5 0 8 0.837960958481
28 30 0 8 0.829103887081
25 27 0 8 0.820612609386
1 4 0 8 0.814887285233
61 64 0 8 0.808082461357
22 26 0 8 0.807877123356
2 6 0 8 0.807716846466
52 56 0 8 0.802800357342
51 55 0 8 0.800934612751
64 66 0 8 0.798244893551
54 57 0 8 0.791556298733
18 20 0 8 0.79073703289
62 65 0 8 0.788163840771
21 24 0 8 0.770259320736
26 28 0 8 0.762035608292
24 27 0 8 0.759453833103
60 64 0 8 0.755605399609
16 18 0 8 0.755364477634
19 22 0 8 0.731625020504
54 58 0 8 0.729916334152
19 23 0 8 0.72958111763
13 15 0 8 0.724806666374
62 66 0 8 0.722881913185
27 29 0 8 0.717758953571
10 14 0 8 0.695583581924
55 58 0 8 0.68260461092
65 67 0 8 0.681362390518
61 65 0 8 0.679370462894
24 28 0 8 0.67789298296
17 19 0 8 0.669807434082
15 17 0 8 0.666038572788
57 61 0 8 0.661948859692
18 22 0 8 0.632467746735
23 27 0 8 0.617366373539
64 67 0 8 0.615665376186
29 31 0 8 0.583359062672
56 60 0 8 0.565932571888
57 60 0 8 0.555344164371
63 67 0 8 0.468684703112
55 59 0 8 0.462628215551
25 28 0 8 0.444036632776
8 38 0 8 0.437744945288
14 17 0 8 0.389050632715
18 21 0 8 0.381409317255
7 20 0 8 0.362381666899
28 35 0 8 0.357185959816
12 15 0 8 0.349078774452
11 42 0 8 0.347211807966
14 18 0 8 0.344879686832
20 38 0 8 0.330476105213
11 38 0 8 0.309932857752
26 29 0 8 0.303320974112
11 46 0 8 0.278248459101
20 42 0 8 0.276367604733
24 30 0 8 0.27472615242
25 29 0 8 0.270243793726
7 49 0 8 0.26462033391
17 21 0 8 0.264554351568
26 30 0 8 0.264328420162
8 46 0 8 0.261232793331
8 42 0 8 0.260759562254
57 62 0 8 0.260256171227
7 50 0 8 0.260169416666
7 28 0 8 0.241825670004
8 24 0 8 0.241622760892
7 30 0 8 0.235236793756
15 18 0 8 0.234984129667
11 18 0 8 0.233206853271
30 38 0 8 0.23025546968
24 35 0 8 0.228445470333
11 15 0 8 0.218898802996
7 38 0 8 0.21409021318
30 32 0 8 0.210740432143
12 16 0 8 0.201547458768
3 63 0 8 0.200394362211
7 53 0 8 0.199669659138
3 57 0 8 0.195831760764
8 53 0 8 0.189761355519
11 17 0 8 0.188809752464
7 24 0 8 0.187614098191
11 24 0 8 0.186429381371
17 20 0 8 0.181948170066
7 59 0 8 0.1815405339
3 59 0 8 0.180590048432
11 45 0 8 0.179862648249
8 30 0 8 0.175754696131
27 30 0 8 0.174531251192
11 56 0 8 0.171901851892
3 42 0 8 0.170830950141
13 16 0 8 0.170254558325
7 46 0 8 0.168145418167
8 20 0 8 0.167640060186
13 17 0 8 0.159987911582
22 46 0 8 0.158812895417
12 18 0 8 0.158328041434
23 28 0 8 0.15357466042
58 63 0 8 0.153209760785
11 20 0 8 0.152254074812
12 17 0 8 0.152227595448
8 49 0 8 0.147958979011
7 23 0 8 0.145051628351
7 42 0 8 0.143783941865
7 56 0 8 0.140873000026
11 19 0 8 0.137230798602
11 16 0 8 0.135543033481
11 23 0 8 0.134557619691
10 23 0 8 0.134394079447
11 53 0 8 0.131630018353
7 45 0 8 0.126641780138
24 38 0 8 0.125834524632
3 53 0 8 0.125329464674
14 19 0 8 0.124451063573
3 58 0 8 0.123715132475
16 19 0 8 0.121282368898
19 42 0 8 0.116091743112
13 18 0 8 0.115520767868
7 39 0 8 0.114128030837
18 23 0 8 0.113648816943
23 38 0 8 0.112844973803
16 20 0 8 0.111645035446
23 30 0 8 0.109642542899
4 58 0 8 0.108370661736
24 29 0 8 0.108311809599
28 31 0 8 0.1072685197
14 45 0 8 0.105851531029
4 38 0 8 0.104277446866
7 52 0 8 0.103316478431
10 17 0 8 0.101903304458
4 30 0 8 0.100264236331
23 42 0 8 0.100161731243
10 38 0 8 0.0991786941886
3 56 0 8 0.0991510897875
10 45 0 8 0.0984153002501
20 41 0 8 0.0962709933519
10 42 0 8 0.0951104313135
53 58 0 8 0.0945831239223
24 42 0 8 0.0938820391893
7 58 0 8 0.0936745256186
11 43 0 8 0.0926053449512
10 49 0 8 0.0915787145495
50 66 0 8 0.0913468673825
27 35 0 8 0.0908380076289
10 59 0 8 0.0904065072536
24 53 0 8 0.0901547297835
43 66 0 8 0.0890426933765
11 41 0 8 0.0889514759183
8 56 0 8 0.0876113399863
15 19 0 8 0.0861760154366
8 50 0 8 0.0859470292926
21 42 0 8 0.0852411165833
8 45 0 8 0.0846135914326
10 57 0 8 0.0844818502665
10 18 0 8 0.0816208720207
18 45 0 8 0.0805891156197
3 46 0 8 0.0803807079792
10 24 0 8 0.0792503431439
29 34 0 8 0.0778482854366
28 34 0 8 0.0775081440806
28 38 0 8 0.0769370272756
17 45 0 8 0.0760497972369
27 31 0 8 0.0753657370806
8 34 0 8 0.0742470398545
26 34 0 8 0.0740200579166
25 34 0 8 0.0737040042877
25 30 0 8 0.0733155161142
8 63 0 8 0.0727844014764
24 39 0 8 0.0727807357907
5 29 0 8 0.0727502182126
4 49 0 8 0.0726257562637
13 19 0 8 0.0723140761256
4 53 0 8 0.0722524821758
4 42 0 8 0.0720930024981
10 46 0 8 0.0719891935587
10 19 0 8 0.0719358846545
7 66 0 8 0.0718332529068
3 50 0 8 0.0712087675929
6 42 0 8 0.0706263259053
9 18 0 8 0.0703840702772
3 28 0 8 0.0703753530979
24 31 0 8 0.0697470158339
12 19 0 8 0.0696775391698
20 39 0 8 0.0696558654308
11 35 0 8 0.0694448947906
11 34 0 8 0.0682353898883
10 20 0 8 0.0680928081274
4 24 0 8 0.0675445869565
26 38 0 8 0.0666547343135
11 39 0 8 0.0665236338973
20 35 0 8 0.0663387849927
12 45 0 8 0.0652345567942
8 62 0 8 0.0650555416942
18 42 0 8 0.0645172446966
23 39 0 8 0.0635699480772
11 22 0 8 0.0634975880384
4 57 0 8 0.0629743337631
8 66 0 8 0.0629112571478
4 62 0 8 0.0619563907385
9 20 0 8 0.0615710169077
6 45 0 8 0.0611151047051
19 38 0 8 0.0611083768308
3 62 0 8 0.06025480479
27 34 0 8 0.0598229542375
29 35 0 8 0.059088293463
3 66 0 8 0.0585852824152
4 28 0 8 0.0577917173505
4 46 0 8 0.0574997514486
8 19 0 8 0.0573109723628
9 14 0 8 0.0570635609329
4 43 0 8 0.0568017400801
19 24 0 8 0.0566686727107
26 35 0 8 0.0558704845607
14 20 0 8 0.0553057193756
1 38 0 8 0.0552389137447
11 26 0 8 0.0551808513701
17 22 0 8 0.0548042133451
11 49 0 8 0.0543805807829
6 27 0 8 0.0542647764087
16 21 0 8 0.0541873015463
7 35 0 8 0.0533991083503
8 23 0 8 0.0533772334456
28 32 0 8 0.0531682893634
5 28 0 8 0.0527604371309
6 38 0 8 0.0526818409562
1 35 0 8 0.0523501783609
8 41 0 8 0.0519081801176
4 50 0 8 0.0517649501562
10 16 0 8 0.0510053001344
3 30 0 8 0.0508515387774
20 63 0 8 0.0506648235023
5 38 0 8 0.050603017211
62 67 0 8 0.0504400618374
60 65 0 8 0.0503823272884
12 20 0 8 0.0501905120909
29 32 0 8 0.0498989783227
7 41 0 8 0.0498767271638
4 66 0 8 0.0498457662761
23 35 0 8 0.0496614128351
4 56 0 8 0.0495101325214
1 63 0 8 0.0493415407836
20 58 0 8 0.0492031015456
8 57 0 8 0.0491596348584
6 28 0 8 0.0485004931688
11 59 0 8 0.0480517335236
2 56 0 8 0.0480476543307
3 34 0 8 0.0479778759181
14 48 0 8 0.047784730792
50 59 0 8 0.0477168746293
21 35 0 8 0.0474737174809
11 30 0 8 0.0470210388303
4 63 0 8 0.0469862446189
8 28 0 8 0.0468523874879
1 30 0 8 0.0467945337296
11 21 0 8 0.0461116097867
6 46 0 8 0.0458592511714
4 59 0 8 0.0456097126007
1 28 0 8 0.0450398921967
11 66 0 8 0.0448503531516
20 43 0 8 0.0448454432189
9 23 0 8 0.0447821058333
14 23 0 8 0.0447432845831
14 42 0 8 0.044219776988
12 21 0 8 0.0431380532682
15 48 0 8 0.0431202910841
10 53 0 8 0.0431085564196
8 18 0 8 0.0430013276637
3 24 0 8 0.0427417308092
20 46 0 8 0.0424528643489
14 46 0 8 0.042254883796
53 59 0 8 0.0416795760393
50 56 0 8 0.0416781008244
50 55 0 8 0.0413702689111
6 24 0 8 0.0411295667291
8 43 0 8 0.0409751310945
3 38 0 8 0.0409655496478
10 15 0 8 0.0406040139496
8 52 0 8 0.0403640791774
20 45 0 8 0.0403389297426
3 35 0 8 0.0401377007365
1 53 0 8 0.040017452091
24 34 0 8 0.039895195514
54 59 0 8 0.0398855693638
8 35 0 8 0.0398232005537
6 30 0 8 0.0394370630383
14 52 0 8 0.0393292233348
6 26 0 8 0.0391182042658
14 22 0 8 0.0386294201016
3 49 0 8 0.0383686423302
39 66 0 8 0.038062248379
15 23 0 8 0.037786681205
3 45 0 8 0.0372356958687
9 45 0 8 0.037114251405
4 35 0 8 0.0370685718954
7 34 0 8 0.0370259098709
27 38 0 8 0.0369155108929
13 56 0 8 0.0366955399513
8 31 0 8 0.0365328602493
4 39 0 8 0.0363605134189
20 66 0 8 0.0362454988062
10 55 0 8 0.0361095182598
1 56 0 8 0.0359290353954
7 43 0 8 0.0358715653419
2 27 0 8 0.0358497388661
24 62 0 8 0.0357187017798
3 54 0 8 0.035460781306
56 62 0 8 0.0352238379419
16 49 0 8 0.0351150743663
7 57 0 8 0.0343425162137
11 63 0 8 0.0341062769294
8 48 0 8 0.0339289009571
5 45 0 8 0.033804859966
19 43 0 8 0.0336761251092
22 42 0 8 0.0334320031106
7 19 0 8 0.0333160720766
55 60 0 8 0.0332536622882
53 62 0 8 0.0331171117723
11 62 0 8 0.0328779220581
12 46 0 8 0.0326311737299
23 34 0 8 0.0326023474336
1 66 0 8 0.0324243716896
20 34 0 8 0.0320835113525
7 63 0 8 0.0320344753563
4 20 0 8 0.031967703253
1 6 0 8 0.031936340034
4 34 0 8 0.031841814518
61 67 0 8 0.0315974354744
3 52 0 8 0.031393520534
7 48 0 8 0.0312352944165
18 44 0 8 0.0311979316175
25 35 0 8 0.0311603676528
12 41 0 8 0.0309843346477
2 45 0 8 0.0308908168226
18 58 0 8 0.0306847207248
10 41 0 8 0.0305030103773
24 66 0 8 0.0303221065551
15 20 0 8 0.0302516017109
6 23 0 8 0.0300616193563
28 66 0 8 0.0300560165197
11 48 0 8 0.0299887601286
3 55 0 8 0.029810981825
24 63 0 8 0.0298087485135
12 23 0 8 0.0297705736011
4 27 0 8 0.0296459458768
20 59 0 8 0.0294697098434
8 39 0 8 0.0293756835163
46 66 0 8 0.0289299916476
19 41 0 8 0.0288872886449
2 46 0 8 0.0288706868887
3 43 0 8 0.028685759753
1 36 0 8 0.0285575501621
2 65 0 8 0.0283403433859
4 54 0 8 0.0283187571913
30 33 0 8 0.0283013787121
14 43 0 8 0.0282253306359
6 53 0 8 0.0280075725168
8 44 0 8 0.0278244167566
2 28 0 8 0.0277238879353
10 22 0 8 0.0275334194303
22 45 0 8 0.0275090355426
38 66 0 8 0.0273574180901
20 30 0 8 0.027343718335
15 22 0 8 0.0273342151195
11 44 0 8 0.0270324181765
2 62 0 8 0.0268815904856
4 55 0 8 0.026697261259
1 29 0 8 0.0266741812229
7 21 0 8 0.0265208575875
6 49 0 8 0.0262915678322
20 53 0 8 0.0262427423149
1 40 0 8 0.0261995475739
56 65 0 8 0.0259431581944
1 62 0 8 0.0256983730942
10 52 0 8 0.0256774351001
10 66 0 8 0.025638686493
4 26 0 8 0.0255548879504
23 53 0 8 0.0255254618824
20 52 0 8 0.0253645200282
2 30 0 8 0.0251711644232
11 50 0 8 0.025084849447
61 66 0 8 0.0249290838838
2 58 0 8 0.0249127410352
26 31 0 8 0.0246790200472
25 31 0 8 0.0245973411947
1 58 0 8 0.0245805066079
12 56 0 8 0.0245716124773
60 67 0 8 0.024541253224
7 55 0 8 0.0245195683092
20 62 0 8 0.0244436282665
23 41 0 8 0.0243689548224
14 38 0 8 0.0242332145572
22 38 0 8 0.0238625481725
19 46 0 8 0.0237720366567
19 45 0 8 0.0234791282564
6 52 0 8 0.0232983585447
20 48 0 8 0.0232900585979
26 33 0 8 0.0231639184058
24 57 0 8 0.0229600984603
10 56 0 8 0.0229464750737
23 29 0 8 0.0228622350842
8 17 0 8 0.0228453781456
2 63 0 8 0.022822227329
18 46 0 8 0.0227278899401
2 64 0 8 0.0226418487728
13 20 0 8 0.0226187240332
2 38 0 8 0.0225103646517
9 66 0 8 0.0223968680948
9 49 0 8 0.0223383978009
14 21 0 8 0.0221717730165
13 52 0 8 0.0220861751586
8 21 0 8 0.0217597745359
35 66 0 8 0.0217328034341
8 59 0 8 0.0217109601945
4 29 0 8 0.0216669533402
57 63 0 8 0.0216241274029
13 22 0 8 0.021556859836
20 49 0 8 0.0215289946645
24 46 0 8 0.0214048102498
58 66 0 8 0.0213578213006
28 41 0 8 0.0212934762239
14 44 0 8 0.0212543047965
29 33 0 8 0.0212497431785
1 54 0 8 0.021249325946
21 39 0 8 0.0212394893169
2 60 0 8 0.0212325621396
11 52 0 8 0.0212220959365
7 54 0 8 0.0212170407176
14 49 0 8 0.0211407914758
4 37 0 8 0.0210954491049
8 58 0 8 0.0210459753871
42 66 0 8 0.0210145805031
12 47 0 8 0.0210043843836
2 57 0 8 0.0209562648088
2 53 0 8 0.0209318511188
1 57 0 8 0.0208213217556
2 61 0 8 0.0207840707153
2 34 0 8 0.0207625385374
15 38 0 8 0.0207213368267
55 64 0 8 0.0207153130323
28 39 0 8 0.0207029115409
17 23 0 8 0.0206808522344
1 31 0 8 0.020656099543
60 66 0 8 0.0206454861909
7 47 0 8 0.0206446778029
6 35 0 8 0.0205732546747
6 44 0 8 0.0204873103648
16 22 0 8 0.0202604252845
7 18 0 8 0.020242638886
2 29 0 8 0.020174825564
4 45 0 8 0.0201704390347
54 60 0 8 0.0200951118022
59 66 0 8 0.0200817044824
20 44 0 8 0.0200815163553
3 27 0 8 0.0199232567102
12 52 0 8 0.0198840275407
9 19 0 8 0.0198828652501
24 41 0 8 0.0198568366468
2 59 0 8 0.019772818312
12 22 0 8 0.0197337027639
7 62 0 8 0.0196145493537
2 35 0 8 0.0195876229554
20 50 0 8 0.0195851325989
22 34 0 8 0.0195519179106
8 25 0 8 0.0195020902902
57 66 0 8 0.0194528084248
49 56 0 8 0.019434645772
8 55 0 8 0.0194299072027
18 38 0 8 0.0194190852344
8 47 0 8 0.0194020494819
5 49 0 8 0.0193727854639
9 26 0 8 0.0193065591156
50 58 0 8 0.019271498546
21 30 0 8 0.0192604605108
3 41 0 8 0.0192474741489
1 42 0 8 0.0191209241748
8 54 0 8 0.0191198512912
11 47 0 8 0.0190550070256
2 7 0 8 0.019048480317
16 48 0 8 0.018962001428
10 50 0 8 0.0189535804093
24 36 0 8 0.0189463198185
13 23 0 8 0.0189351961017
1 59 0 8 0.0189216118306
15 21 0 8 0.0189090874046
22 27 0 8 0.0188312977552
54 61 0 8 0.0188003238291
11 58 0 8 0.0187794473022
20 56 0 8 0.0186835285276
49 66 0 8 0.0186731237918
12 24 0 8 0.0185693241656
3 8 0 8 0.0185516867787
3 61 0 8 0.0185018908232
53 66 0 8 0.0184721760452
24 56 0 8 0.0184213519096
14 24 0 8 0.0184163525701
4 67 0 8 0.0183972083032
21 36 0 8 0.0183655358851
3 48 0 8 0.0183585826308
24 32 0 8 0.0183565262705
16 23 0 8 0.0183312855661
9 24 0 8 0.0182480867952
9 22 0 8 0.0182375535369
20 25 0 8 0.0182034838945
7 44 0 8 0.0181556940079
4 52 0 8 0.0181154068559
18 41 0 8 0.0180151630193
12 53 0 8 0.0179899167269
3 39 0 8 0.0179384015501
13 45 0 8 0.017925016582
7 26 0 8 0.0179127063602
3 29 0 8 0.0179124958813
3 47 0 8 0.0178842488676
4 61 0 8 0.0177670959383
19 35 0 8 0.0177586339414
24 59 0 8 0.0176944117993
4 47 0 8 0.0176782924682
2 55 0 8 0.0176611021161
2 52 0 8 0.0176389086992
21 38 0 8 0.0175889413804
23 31 0 8 0.0175812561065
12 37 0 8 0.0174507498741
4 48 0 8 0.0174401234835
14 39 0 8 0.0174018330872
3 23 0 8 0.0173657201231
8 27 0 8 0.0173608288169
15 41 0 8 0.0171828363091
25 32 0 8 0.0171788986772
13 21 0 8 0.0171706471592
24 65 0 8 0.017130965367
1 43 0 8 0.0171168725938
2 66 0 8 0.0171074885875
12 49 0 8 0.0170927196741
10 47 0 8 0.0170737747103
6 66 0 8 0.017047515139
5 44 0 8 0.0168843567371
1 49 0 8 0.0168801471591
24 43 0 8 0.016854789108
1 46 0 8 0.0167866460979
12 25 0 8 0.0167361795902
57 65 0 8 0.016660977155
10 43 0 8 0.016657250002
29 38 0 8 0.0166297256947
19 39 0 8 0.0165994111449
6 50 0 8 0.0165113192052
9 17 0 8 0.0164364632219
16 45 0 8 0.0164216924459
49 54 0 8 0.0164028387517
21 45 0 8 0.0163741391152
25 38 0 8 0.0162476412952
19 59 0 8 0.0162288341671
1 50 0 8 0.0161956362426
6 29 0 8 0.0161203108728
24 45 0 8 0.0160659663379
10 27 0 8 0.0160240102559
4 60 0 8 0.0160047840327
5 24 0 8 0.0159994289279
21 41 0 8 0.0158780440688
3 60 0 8 0.015834255144
2 50 0 8 0.0157556887716
12 42 0 8 0.0157347247005
28 37 0 8 0.0156726799905
11 28 0 8 0.0156666208059
2 42 0 8 0.0156338196248
10 44 0 8 0.0156225608662
36 66 0 8 0.0156156681478
10 62 0 8 0.0155145041645
20 47 0 8 0.0155039606616
6 41 0 8 0.0154110165313
20 28 0 8 0.0153748383746
9 48 0 8 0.0153714958578
59 65 0 8 0.0153438728303
28 50 0 8 0.0152353812009
4 23 0 8 0.015192666091
5 42 0 8 0.0151822241023
27 32 0 8 0.0151192639023
8 26 0 8 0.0151158776134
2 54 0 8 0.0151056516916
5 31 0 8 0.0150860408321
8 22 0 8 0.0150805730373
22 28 0 8 0.0150610944256
2 33 0 8 0.0150529975072
6 56 0 8 0.0150279551744
15 42 0 8 0.0149826873094
7 29 0 8 0.0149543397129
24 58 0 8 0.0149523308501
54 62 0 8 0.0149140395224
18 49 0 8 0.0149040389806
1 39 0 8 0.0148949827999
59 64 0 8 0.0148553075269
15 49 0 8 0.0148311117664
8 37 0 8 0.0147773176432
56 61 0 8 0.0147757558152
3 67 0 8 0.0147644942626
27 49 0 8 0.0147596392781
14 50 0 8 0.0147350504994
1 55 0 8 0.0147308278829
25 67 0 8 0.0146340383217
1 60 0 8 0.0145188681781
19 49 0 8 0.0144620221108
2 49 0 8 0.0144294770434
30 66 0 8 0.0143979517743
1 34 0 8 0.0143813416362
4 31 0 8 0.0143510801718
2 31 0 8 0.0143434870988
1 26 0 8 0.0142176998779
2 36 0 8 0.0142172118649
10 25 0 8 0.0141694750637
13 49 0 8 0.0141499517485
3 26 0 8 0.0141417393461
3 31 0 8 0.0141332326457
1 27 0 8 0.0141310803592
4 51 0 8 0.0141302431002
22 35 0 8 0.0140551198274
47 65 0 8 0.014032532461
2 39 0 8 0.0140021843836
4 25 0 8 0.0139765599743
27 67 0 8 0.0139144118875
4 41 0 8 0.0138854514807
5 34 0 8 0.0138565050438
5 27 0 8 0.0138120409101
23 66 0 8 0.013800451532
55 61 0 8 0.0137969087809
6 47 0 8 0.0137874195352
10 21 0 8 0.013754857704
9 16 0 8 0.0137474266812
4 36 0 8 0.013736137189
7 22 0 8 0.0137253599241
1 48 0 8 0.0136922141537
3 65 0 8 0.0136828934774
56 63 0 8 0.013656584546
4 65 0 8 0.0135952075943
15 45 0 8 0.0135672027245
10 48 0 8 0.0135439420119
1 61 0 8 0.0134857986122
13 60 0 8 0.013478175737
6 48 0 8 0.0134770087898
22 41 0 8 0.0134747708216
46 63 0 8 0.0134734464809
1 64 0 8 0.0134476367384
17 49 0 8 0.0134466188028
1 65 0 8 0.0134199950844
50 57 0 8 0.0133782960474
9 28 0 8 0.013377327472
1 24 0 8 0.013336581178
6 34 0 8 0.0133019909263
11 55 0 8 0.013250162825
26 37 0 8 0.0132485544309
18 24 0 8 0.0132405087352
6 22 0 8 0.0132204322144
2 26 0 8 0.0132156061009
13 25 0 8 0.0132018644363
4 22 0 8 0.0131982062012
13 53 0 8 0.0131923826411
8 65 0 8 0.0131779508665
1 41 0 8 0.0131702078506
20 61 0 8 0.0131572373211
2 41 0 8 0.0131296468899
12 59 0 8 0.0131062753499
22 30 0 8 0.0130897928029
10 26 0 8 0.0130825759843
56 66 0 8 0.0130790723488
12 51 0 8 0.0130632817745
8 29 0 8 0.0130584202707
9 52 0 8 0.013037272729
12 61 0 8 0.0130266994238
10 28 0 8 0.0130259022117
1 67 0 8 0.0130244977772
3 51 0 8 0.0129889575765
3 44 0 8 0.0129593303427
18 39 0 8 0.0129454303533
1 37 0 8 0.012902867049
1 45 0 8 0.0128874080256
3 64 0 8 0.0128834228963
21 44 0 8 0.0128746749833
26 32 0 8 0.0128673631698
9 46 0 8 0.012861459516
7 51 0 8 0.0128293279558
17 46 0 8 0.0128006683663
11 54 0 8 0.0127943847328
7 65 0 8 0.0127043211833
1 52 0 8 0.0126618556678
1 51 0 8 0.0126120038331
9 38 0 8 0.0126041676849
45 66 0 8 0.0125814182684
52 57 0 8 0.0125674391165
13 24 0 8 0.0125637538731
21 27 0 8 0.0125396465883
11 57 0 8 0.0125198885798
26 49 0 8 0.0123967966065
2 51 0 8 0.0123582901433
20 36 0 8 0.0123155973852
10 51 0 8 0.0123065868393
8 14 0 8 0.0122813712806
6 59 0 8 0.0122772362083
14 41 0 8 0.0122423935682
14 25 0 8 0.0122285056859
14 53 0 8 0.012169408612
10 61 0 8 0.0121556473896
17 42 0 8 0.0121412379667
2 37 0 8 0.012106988579
5 41 0 8 0.0120996106416
6 57 0 8 0.0120855914429
10 58 0 8 0.0120646981522
19 48 0 8 0.0120634939522
50 63 0 8 0.0120516102761
21 26 0 8 0.0120353270322
6 25 0 8 0.0119940526783
5 60 0 8 0.0119802961126
9 15 0 8 0.0119760744274
5 66 0 8 0.0119597343728
20 67 0 8 0.0119571434334
30 36 0 8 0.0119524905458
8 13 0 8 0.0119460783899
5 56 0 8 0.0119230858982
6 54 0 8 0.0118571482599
54 63 0 8 0.0118304835632
27 37 0 8 0.011823172681
27 36 0 8 0.0117982951924
24 55 0 8 0.0117925200611
7 60 0 8 0.0117734419182
31 36 0 8 0.011714309454
25 37 0 8 0.0116729689762
23 36 0 8 0.0116600031033
8 51 0 8 0.0116193983704
10 63 0 8 0.0116145052016
11 61 0 8 0.0115825040266
2 32 0 8 0.0115793114528
4 44 0 8 0.0115714538842
22 44 0 8 0.0115402406082
18 35 0 8 0.0115398876369
22 39 0 8 0.0115249762312
25 36 0 8 0.011522189714
9 53 0 8 0.0115085830912
12 44 0 8 0.0115055078641
53 63 0 8 0.0114793376997
6 20 0 8 0.011468780227
47 66 0 8 0.0114324335009
48 53 0 8 0.0113892620429
23 62 0 8 0.0113830827177
3 32 0 8 0.0113691398874
2 24 0 8 0.0113436728716
5 47 0 8 0.0113274808973
1 32 0 8 0.0113000972196
29 37 0 8 0.011291757226
17 41 0 8 0.0112545527518
6 65 0 8 0.011240192689
5 32 0 8 0.0112265078351
13 42 0 8 0.0112164868042
1 47 0 8 0.0112164234743
5 53 0 8 0.0111801866442
12 34 0 8 0.0111254062504
18 47 0 8 0.0111099043861
19 44 0 8 0.0110647697002
28 33 0 8 0.0110165989026
26 66 0 8 0.0109640695155
5 30 0 8 0.0109552163631
12 55 0 8 0.0109183816239
16 57 0 8 0.0109069151804
19 56 0 8 0.0109009854496
2 48 0 8 0.0108782276511
1 7 0 8 0.0108611099422
8 16 0 8 0.010851636529
32 66 0 8 0.0108249876648
20 31 0 8 0.0108183054253
11 65 0 8 0.0107949245721
2 25 0 8 0.0107448389754
5 23 0 8 0.0107262032107
54 65 0 8 0.0107241440564
12 66 0 8 0.0107041848823
11 25 0 8 0.0106809008867
7 27 0 8 0.0106024239212
6 58 0 8 0.0105972727761
20 65 0 8 0.0105679156259
10 39 0 8 0.0104327378795
28 36 0 8 0.0103570464998
21 34 0 8 0.0102997906506
18 27 0 8 0.0102993967012
20 32 0 8 0.0102747539058
12 38 0 8 0.0102658160031
7 17 0 8 0.010232232511
55 62 0 8 0.0102174943313
20 33 0 8 0.0101778255776
12 39 0 8 0.010172999464
36 67 0 8 0.010157007724
9 42 0 8 0.0101448474452
43 65 0 8 0.0100864106789
5 25 0 8 0.010063868016
18 26 0 8 0.0100606810302
2 47 0 8 0.00998142175376
17 26 0 8 0.00997927319258
12 26 0 8 0.00997768063098
18 48 0 8 0.00993708055466
23 32 0 8 0.00993537344038
18 56 0 8 0.00991230364889
39 63 0 8 0.00990806892514
43 62 0 8 0.0098681775853
20 37 0 8 0.0097966901958
15 52 0 8 0.00978436600417
1 9 0 8 0.00978358089924
6 61 0 8 0.00978139508516
13 46 0 8 0.00975582841784
7 25 0 8 0.00974661950022
33 67 0 8 0.00971039757133
2 67 0 8 0.00970989838243
2 44 0 8 0.00967027526349
39 44 0 8 0.00965922139585
6 39 0 8 0.00965046323836
11 60 0 8 0.00964353885502
10 65 0 8 0.00959875248373
6 63 0 8 0.00957456231117
5 46 0 8 0.00956388376653
26 39 0 8 0.00956118758768
20 64 0 8 0.00954694673419
42 47 0 8 0.00953934714198
25 45 0 8 0.00947196036577
12 64 0 8 0.00947180762887
30 37 0 8 0.00946681667119
46 62 0 8 0.00943881645799
15 24 0 8 0.0094353761524
36 41 0 8 0.00942445080727
6 37 0 8 0.00941341649741
6 55 0 8 0.00941298063844
21 66 0 8 0.00937804486603
18 61 0 8 0.009307959117
11 27 0 8 0.00929532572627
1 23 0 8 0.00928926374763
18 59 0 8 0.00926786009222
13 47 0 8 0.00924368295819
39 62 0 8 0.00922437570989
26 42 0 8 0.00921946950257
4 21 0 8 0.00921278167516
19 58 0 8 0.0091661401093
4 9 0 8 0.00915383640677
23 43 0 8 0.00913221947849
48 66 0 8 0.00910312309861
49 59 0 8 0.00909442547709
17 24 0 8 0.0090931840241
2 43 0 8 0.00908687897027
20 60 0 8 0.00906570162624
58 67 0 8 0.00906168017536
15 26 0 8 0.00904992595315
16 46 0 8 0.00893765036017
16 42 0 8 0.00890424847603
12 50 0 8 0.00890133623034
47 58 0 8 0.00889592431486
5 61 0 8 0.00886484235525
17 47 0 8 0.00883900094777
16 24 0 8 0.00883216410875
41 66 0 8 0.00883068703115
9 47 0 8 0.00881289597601
6 62 0 8 0.00879694055766
54 64 0 8 0.00874000787735
9 63 0 8 0.00873416382819
14 27 0 8 0.00865909364074
27 33 0 8 0.00862669851631
22 66 0 8 0.00855151657015
41 50 0 8 0.00854193605483
14 59 0 8 0.00851232931018
17 38 0 8 0.00851054675877
18 34 0 8 0.00849607400596
2 40 0 8 0.00848734565079
8 40 0 8 0.00847525615245
21 46 0 8 0.00843764469028
19 40 0 8 0.00842180941254
3 22 0 8 0.00842161476612
16 52 0 8 0.00837982725352
5 50 0 8 0.00837108306587
12 57 0 8 0.0082296198234
4 64 0 8 0.00819113664329
39 67 0 8 0.00818352401257
5 52 0 8 0.00817363709211
14 66 0 8 0.00816677883267
4 32 0 8 0.00815536919981
43 63 0 8 0.00813258253038
44 66 0 8 0.0080915633589
38 43 0 8 0.0080896075815
34 66 0 8 0.008062296547
54 66 0 8 0.00804634578526
9 27 0 8 0.00803517457098
6 67 0 8 0.0080265821889
6 51 0 8 0.00800984911621
1 25 0 8 0.008001874201
17 25 0 8 0.00798896979541
40 67 0 8 0.00788966286927
24 67 0 8 0.00788172055036
50 62 0 8 0.0078571010381
21 31 0 8 0.00785225443542
13 64 0 8 0.00784322898835
23 67 0 8 0.0078307017684
39 65 0 8 0.00783027894795
1 44 0 8 0.00780784990638
59 67 0 8 0.00779650639743
2 20 0 8 0.00778310652822
6 43 0 8 0.00777098955587
8 67 0 8 0.00776070123538
46 57 0 8 0.00775037193671
5 43 0 8 0.00773137062788
6 32 0 8 0.00773119507357
30 41 0 8 0.00772533705458
14 47 0 8 0.00770501466468
13 41 0 8 0.00770326470956
4 19 0 8 0.00768031086773
35 63 0 8 0.00764311756939
13 27 0 8 0.00761717557907
26 41 0 8 0.00759772863239
10 60 0 8 0.00757612939924
40 66 0 8 0.00754873035476
16 38 0 8 0.0075405118987
14 26 0 8 0.00753487553447
19 66 0 8 0.00752575229853
5 26 0 8 0.00750014884397
20 26 0 8 0.00747185898945
3 25 0 8 0.0074657369405
23 57 0 8 0.00746044237167
6 31 0 8 0.00738547323272
39 46 0 8 0.0073706805706
12 65 0 8 0.00735580548644
13 26 0 8 0.0073517607525
5 35 0 8 0.00734376162291
58 65 0 8 0.007342426572
24 49 0 8 0.00734143983573
18 66 0 8 0.00733730569482
21 43 0 8 0.00733050191775
44 67 0 8 0.0073209903203
25 33 0 8 0.00729017471895
6 60 0 8 0.00728304544464
5 58 0 8 0.00726111093536
9 25 0 8 0.00725970137864
24 37 0 8 0.00725607667118
18 43 0 8 0.00723672285676
11 67 0 8 0.00719401612878
43 67 0 8 0.00716416863725
30 42 0 8 0.00715354410931
23 46 0 8 0.00712264934555
8 60 0 8 0.00709034921601
51 56 0 8 0.00707654561847
35 65 0 8 0.00704972539097
13 44 0 8 0.00704005872831
12 27 0 8 0.00703666638583
51 66 0 8 0.00703345844522
23 44 0 8 0.00703126424924
3 36 0 8 0.00694604124874
24 33 0 8 0.00692282896489
43 48 0 8 0.00688361097127
23 37 0 8 0.00687765795738
10 54 0 8 0.00685164798051
5 62 0 8 0.0068305246532
19 60 0 8 0.00681455712765
3 33 0 8 0.0067995050922
4 33 0 8 0.00677659315988
13 38 0 8 0.00674108043313
1 33 0 8 0.00673060398549
19 62 0 8 0.00672760466114
12 63 0 8 0.00666333595291
6 18 0 8 0.00665826303884
2 23 0 8 0.00665086181834
11 51 0 8 0.00663779489696
23 52 0 8 0.00657561514527
22 29 0 8 0.00654956372455
35 53 0 8 0.00653218105435
17 48 0 8 0.00651860749349
19 37 0 8 0.00650879135355
17 43 0 8 0.00649598287418
22 49 0 8 0.00647810287774
9 50 0 8 0.00644422089681
13 66 0 8 0.00643717870116
27 39 0 8 0.00643572071567
24 50 0 8 0.00636297045276
16 67 0 8 0.00636245822534
55 63 0 8 0.00635100109503
47 67 0 8 0.00634218752384
9 43 0 8 0.00633561844006
22 67 0 8 0.00632984563708
46 51 0 8 0.00632732408121
21 28 0 8 0.00631227670237
13 58 0 8 0.00626866379753
53 60 0 8 0.0062620700337
7 67 0 8 0.0062604919076
55 66 0 8 0.00622955244035
12 67 0 8 0.00621974468231
12 48 0 8 0.00617747567594
3 37 0 8 0.00617378531024
10 67 0 8 0.00617339042947
9 59 0 8 0.00612789299339
19 30 0 8 0.00611798092723
13 39 0 8 0.00610507419333
21 60 0 8 0.0061010858044
14 67 0 8 0.00607317732647
47 56 0 8 0.0060626748018
21 59 0 8 0.0060478518717
5 54 0 8 0.00601755827665
17 44 0 8 0.006006419193
52 66 0 8 0.00600005453452
16 47 0 8 0.00599671341479
14 65 0 8 0.00597698614001
25 49 0 8 0.00597317423671
22 32 0 8 0.0059538227506
9 21 0 8 0.00594937102869
17 58 0 8 0.00592356780544
9 67 0 8 0.00587848480791
27 46 0 8 0.00584325892851
19 47 0 8 0.00583350844681
8 36 0 8 0.00582911306992
3 20 0 8 0.00579768139869
46 53 0 8 0.0057785147801
2 19 0 8 0.00576234376058
12 43 0 8 0.005754631944
23 40 0 8 0.0057259965688
13 48 0 8 0.00571869825944
43 49 0 8 0.00570116657764
1 21 0 8 0.00569742452353
1 8 0 8 0.00569512369111
23 65 0 8 0.00566624756902
5 59 0 8 0.00564509257674
5 48 0 8 0.00562882935628
12 60 0 8 0.00562816206366
6 11 0 8 0.00562307517976
18 67 0 8 0.00561549980193
49 63 0 8 0.00560016557574
40 65 0 8 0.00559950713068
47 52 0 8 0.00557047966868
19 57 0 8 0.00553499674425
25 65 0 8 0.00550815090537
29 36 0 8 0.00549935270101
21 32 0 8 0.00547646638006
24 52 0 8 0.0054704961367
18 60 0 8 0.00546867027879
11 40 0 8 0.0054497346282
15 44 0 8 0.00540483370423
6 36 0 8 0.00537489773706
28 62 0 8 0.0053319549188
35 67 0 8 0.0053304634057
14 62 0 8 0.00530581921339
15 46 0 8 0.00530400499701
19 65 0 8 0.0052998336032
23 33 0 8 0.00528957694769
13 61 0 8 0.00525979464874
15 60 0 8 0.00525630777702
8 61 0 8 0.00525033241138
12 35 0 8 0.00523980567232
10 30 0 8 0.00523857306689
26 36 0 8 0.00523417955264
5 57 0 8 0.0052243839018
14 61 0 8 0.00521869724616
15 50 0 8 0.00521105807275
20 29 0 8 0.00518992962316
9 41 0 8 0.0051771751605
5 65 0 8 0.00515139801428
42 65 0 8 0.00515042850748
12 31 0 8 0.00514920940623
20 40 0 8 0.0051180976443
13 30 0 8 0.0051043080166
14 40 0 8 0.0051027466543
15 57 0 8 0.00510012544692
16 54 0 8 0.00506465276703
5 40 0 8 0.00505478214473
19 67 0 8 0.00505315652117
14 51 0 8 0.00503503577784
46 56 0 8 0.00502683222294
9 65 0 8 0.00502145988867
16 41 0 8 0.0050062877126
9 58 0 8 0.00500288512558
4 40 0 8 0.00497843232006
13 43 0 8 0.00496761174873
19 27 0 8 0.00495095876977
17 59 0 8 0.00494940159842
22 31 0 8 0.00493232766166
28 55 0 8 0.00492763519287
25 39 0 8 0.00492429547012
6 17 0 8 0.0049134073779
14 63 0 8 0.00491125369444
8 64 0 8 0.0048972889781
38 62 0 8 0.00487219635397
5 37 0 8 0.00485325185582
15 67 0 8 0.00485037174076
10 35 0 8 0.00483662076294
14 60 0 8 0.00478933798149
13 50 0 8 0.00477283913642
20 27 0 8 0.00476409262046
2 22 0 8 0.00475303642452
49 58 0 8 0.00474219629541
6 64 0 8 0.00474209990352
16 27 0 8 0.00471543241292
43 59 0 8 0.00469354027882
50 67 0 8 0.00468669133261
8 32 0 8 0.00467624189332
25 48 0 8 0.00467063905671
4 18 0 8 0.00463357847184
17 66 0 8 0.00460973847657
13 63 0 8 0.00459355814382
9 30 0 8 0.00458943052217
12 58 0 8 0.00458539789543
25 66 0 8 0.00455339858308
24 40 0 8 0.0045518274419
32 67 0 8 0.00454091839492
20 57 0 8 0.00453846622258
49 57 0 8 0.00452323304489
9 62 0 8 0.00451556174085
16 34 0 8 0.00450395653024
9 56 0 8 0.00450281053782
5 63 0 8 0.00448800995946
16 26 0 8 0.00448151025921
22 37 0 8 0.00446529733017
43 56 0 8 0.00445898016915
21 65 0 8 0.0044392789714
9 51 0 8 0.00443644123152
6 19 0 8 0.00443500932306
9 57 0 8 0.00442544231191
13 65 0 8 0.00441628787667
6 21 0 8 0.00441280007362
21 49 0 8 0.00440758327022
18 40 0 8 0.00439624348655
3 40 0 8 0.00438322685659
21 67 0 8 0.00438143173233
20 55 0 8 0.00437422376126
30 53 0 8 0.00437241978943
50 65 0 8 0.00436980463564
18 62 0 8 0.00436855619773
15 66 0 8 0.00435700686648
5 55 0 8 0.00433296849951
12 62 0 8 0.00433246279135
48 56 0 8 0.00432433094829
24 54 0 8 0.00431390758604
35 43 0 8 0.00429960247129
17 39 0 8 0.00429857987911
35 41 0 8 0.00429094955325
29 67 0 8 0.00428608525544
27 65 0 8 0.00426592258736
16 51 0 8 0.00425109127536
15 28 0 8 0.00422818725929
7 61 0 8 0.00421064253896
12 40 0 8 0.00420976895839
12 28 0 8 0.00420797849074
50 60 0 8 0.00420304574072
21 29 0 8 0.00419168546796
18 52 0 8 0.00418891618028
17 34 0 8 0.00418622558936
17 67 0 8 0.0041835824959
27 60 0 8 0.00417734589428
16 66 0 8 0.00415258621797
9 39 0 8 0.00414067553356
12 33 0 8 0.00413621263579
19 34 0 8 0.00411810167134
28 67 0 8 0.00410075299442
21 61 0 8 0.00410052295774
5 22 0 8 0.00406506517902
9 55 0 8 0.0040578879416
14 55 0 8 0.00405766628683
10 64 0 8 0.00404194742441
47 64 0 8 0.00403688522056
55 67 0 8 0.00403074314818
11 29 0 8 0.00402785558254
9 54 0 8 0.00402745371684
23 63 0 8 0.00400485331193
14 35 0 8 0.00400277320296
45 63 0 8 0.00400070380419
17 35 0 8 0.0039787539281
5 51 0 8 0.0039444793947
9 44 0 8 0.00393857108429
30 39 0 8 0.00392496492714
25 41 0 8 0.00392081169412
47 63 0 8 0.00388703658246
7 36 0 8 0.00388324609958
18 57 0 8 0.00385578651913
12 54 0 8 0.00385117414407
46 58 0 8 0.00384710589424
24 64 0 8 0.00382676976733
18 65 0 8 0.00382181233726
30 59 0 8 0.00381895946339
13 62 0 8 0.0038016019389
16 25 0 8 0.00377280847169
35 59 0 8 0.00376905011944
9 61 0 8 0.0037661024835
8 33 0 8 0.00375605956651
53 61 0 8 0.00375551893376
46 65 0 8 0.00375117571093
36 65 0 8 0.00373712414876
19 61 0 8 0.00370309012942
14 56 0 8 0.00370296859182
5 64 0 8 0.0037021311
12 30 0 8 0.00370131526142
15 27 0 8 0.00370030617341
5 33 0 8 0.00369378295727
42 67 0 8 0.00369010842405
53 67 0 8 0.00368403387256
28 63 0 8 0.00368272815831
13 55 0 8 0.00366219971329
26 67 0 8 0.00366198737174
17 61 0 8 0.00366062205285
17 62 0 8 0.00364641309716
22 33 0 8 0.003639126895
17 65 0 8 0.0036354099866
19 36 0 8 0.00363032496534
52 67 0 8 0.00359563855454
16 43 0 8 0.00357288657688
7 40 0 8 0.00356668559834
5 39 0 8 0.00356158311479
22 43 0 8 0.00354935065843
56 67 0 8 0.003545767162
14 34 0 8 0.00354330311529
14 57 0 8 0.00351959490217
7 37 0 8 0.00349633418955
13 51 0 8 0.00348189519718
17 60 0 8 0.00347226089798
42 50 0 8 0.00347104668617
15 25 0 8 0.00346324569546
23 59 0 8 0.0034631320741
19 53 0 8 0.00345216668211
7 31 0 8 0.00343504687771
6 40 0 8 0.00342339696363
5 67 0 8 0.00341884163208
5 20 0 8 0.00340659241192
5 19 0 8 0.00339346448891
19 31 0 8 0.00338750635274
35 42 0 8 0.00338612520136
17 28 0 8 0.0033846902661
41 46 0 8 0.00338044972159
23 56 0 8 0.00336948246695
21 64 0 8 0.00336189451627
14 30 0 8 0.00334868207574
37 67 0 8 0.00334557867609
39 56 0 8 0.00333893415518
25 63 0 8 0.00331164197996
17 55 0 8 0.00330910715275
44 49 0 8 0.00330868735909
16 62 0 8 0.0033053366933
5 36 0 8 0.00330422306433
7 32 0 8 0.00329112075269
18 64 0 8 0.00327587570064
14 54 0 8 0.00326887983829
13 59 0 8 0.00325844367035
19 63 0 8 0.00325653795153
10 40 0 8 0.00325086084194
23 50 0 8 0.00322957290336
42 62 0 8 0.00322525156662
22 40 0 8 0.0032093282789
44 65 0 8 0.00320743280463
14 64 0 8 0.00319890072569
18 37 0 8 0.00318278023042
38 65 0 8 0.00317546329461
21 52 0 8 0.0031652583275
46 59 0 8 0.00316148716956
18 63 0 8 0.00315142120235
38 46 0 8 0.00315016461536
45 65 0 8 0.00314445281401
19 25 0 8 0.00313200592063
22 36 0 8 0.00311872875318
16 44 0 8 0.00311688962393
16 65 0 8 0.00311684352346
21 62 0 8 0.00311666144989
14 28 0 8 0.00310371327214
35 40 0 8 0.00309988856316
26 65 0 8 0.00309107871726
45 50 0 8 0.00308633921668
55 65 0 8 0.00307894777507
18 36 0 8 0.00307625601999
15 65 0 8 0.00305817858316
28 46 0 8 0.00305404537357
11 64 0 8 0.00303897610866
13 67 0 8 0.00303845177405
49 55 0 8 0.00301581667736
23 49 0 8 0.00299462489784
13 54 0 8 0.00299440021627
28 58 0 8 0.00299418065697
48 63 0 8 0.00298714870587
15 40 0 8 0.00298701226711
51 57 0 8 0.00298072095029
21 33 0 8 0.00296917580999
51 67 0 8 0.00296678673476
16 39 0 8 0.00296625657938
10 34 0 8 0.00296159088612
11 32 0 8 0.00295980344526
34 39 0 8 0.0029596851673
2 10 0 8 0.00295301014557
31 66 0 8 0.00294663058594
30 62 0 8 0.002928287955
13 40 0 8 0.00292689190246
20 54 0 8 0.00291488645598
53 65 0 8 0.00289846584201
15 63 0 8 0.00288144266233
23 54 0 8 0.0028570855502
3 11 0 8 0.00284360442311
15 47 0 8 0.00283954711631
18 30 0 8 0.0028306231834
16 61 0 8 0.00282983575016
14 58 0 8 0.00281549524516
51 65 0 8 0.00281524215825
27 66 0 8 0.00281211407855
14 37 0 8 0.00279113370925
38 67 0 8 0.00277008698322
7 64 0 8 0.00276862131432
23 58 0 8 0.00276831444353
54 67 0 8 0.00275427778251
8 15 0 8 0.002747815568
1 22 0 8 0.00274199782871
51 62 0 8 0.00274090538733
15 43 0 8 0.0027338580694
9 35 0 8 0.0027246249374
22 65 0 8 0.00272293598391
18 25 0 8 0.00271942908876
23 64 0 8 0.00271704560146
7 33 0 8 0.00271687889472
49 62 0 8 0.00269353366457
13 37 0 8 0.00269306497648
17 27 0 8 0.00267975311726
22 61 0 8 0.0026770234108
15 39 0 8 0.00267216330394
33 66 0 8 0.00266769272275
15 30 0 8 0.00266019790433
14 29 0 8 0.00265213870443
49 65 0 8 0.00264873146079
15 54 0 8 0.00264668790624
7 16 0 8 0.00262947333977
17 40 0 8 0.00262681231834
28 59 0 8 0.00262402906083
21 63 0 8 0.00262255826965
47 62 0 8 0.00261888001114
17 57 0 8 0.00261672888882
42 63 0 8 0.00260989041999
15 31 0 8 0.00260854046792
17 50 0 8 0.00260141678154
35 62 0 8 0.00259161414579
33 38 0 8 0.00258919433691
30 58 0 8 0.00258590141311
23 61 0 8 0.00258082454093
19 64 0 8 0.00257532019168
52 61 0 8 0.00257076160051
11 37 0 8 0.00256864726543
9 60 0 8 0.00256746122614
16 32 0 8 0.00256741605699
37 66 0 8 0.0025665150024
6 33 0 8 0.00256534852087
22 62 0 8 0.00256469473243
41 67 0 8 0.00255723390728
28 56 0 8 0.00255442108028
10 29 0 8 0.00254596583545
25 54 0 8 0.00252851960249
16 59 0 8 0.00251555955037
26 43 0 8 0.00251436932012
30 56 0 8 0.00250664935447
22 51 0 8 0.00250476971269
41 65 0 8 0.00250323931687
19 28 0 8 0.0024854100775
13 57 0 8 0.00248084589839
24 60 0 8 0.00247730733827
38 63 0 8 0.00246918527409
22 50 0 8 0.0024623638019
3 21 0 8 0.00245775585063
17 56 0 8 0.00245645153336
16 40 0 8 0.00244990177453
21 37 0 8 0.00244834297337
12 29 0 8 0.00244109239429
9 34 0 8 0.00242985971272
21 53 0 8 0.00242599193007
21 40 0 8 0.00240525929257
14 36 0 8 0.00239767413586
25 42 0 8 0.00238325516693
52 65 0 8 0.00238290475681
57 67 0 8 0.0023778770119
35 58 0 8 0.00237772543915
18 53 0 8 0.00236753490753
15 29 0 8 0.0023615451064
46 67 0 8 0.00235230056569
9 37 0 8 0.0023513326887
9 29 0 8 0.00234966445714
19 52 0 8 0.00234695104882
15 61 0 8 0.0023430720903
17 31 0 8 0.00234258850105
47 53 0 8 0.00234249047935
23 55 0 8 0.00232103141025
52 58 0 8 0.00231976551004
51 60 0 8 0.00231971242465
13 35 0 8 0.00229104561731
11 36 0 8 0.0022908616811
16 55 0 8 0.00228909449652
39 59 0 8 0.00225971080363
15 35 0 8 0.00225575244986
32 62 0 8 0.00225482764654
2 21 0 8 0.00225284486078
1 10 0 8 0.00225186347961
22 53 0 8 0.00223367800936
47 61 0 8 0.00223172549158
50 61 0 8 0.00223121372983
16 35 0 8 0.00222387886606
3 19 0 8 0.00221165362746
48 67 0 8 0.00220605335198
17 37 0 8 0.00220374413766
45 67 0 8 0.00219534290954
15 53 0 8 0.00219015032053
17 64 0 8 0.00218706065789
13 28 0 8 0.00218341453001
18 32 0 8 0.00218054605648
58 64 0 8 0.00217925268225
30 63 0 8 0.00217874883674
21 57 0 8 0.00217138137668
9 64 0 8 0.00216363929212
15 34 0 8 0.00214741006494
12 36 0 8 0.00214171595871
29 66 0 8 0.00213295966387
20 51 0 8 0.00213003484532
39 53 0 8 0.0021279186476
47 55 0 8 0.002122445032
14 32 0 8 0.00211757980287
52 60 0 8 0.00210612802766
17 63 0 8 0.00210507703014
42 49 0 8 0.00209756987169
7 12 0 8 0.00208875932731
28 60 0 8 0.00208426872268
18 29 0 8 0.00206871517003
3 18 0 8 0.00206686323509
48 57 0 8 0.0020623607561
38 56 0 8 0.00205934629776
18 55 0 8 0.00205930811353
39 45 0 8 0.0020449385047
25 40 0 8 0.00204443372786
45 56 0 8 0.00203886651434
19 26 0 8 0.00203225156292
42 53 0 8 0.00203080452047
43 50 0 8 0.00202576909214
30 67 0 8 0.00201816367917
32 65 0 8 0.00201452895999
24 48 0 8 0.00200605299324
16 30 0 8 0.00199330737814
16 28 0 8 0.00199118070304
13 34 0 8 0.00198904401623
27 55 0 8 0.00198758509941
18 28 0 8 0.00198352010921
11 31 0 8 0.00197887094691
15 51 0 8 0.001978055574
40 45 0 8 0.00197760551237
16 50 0 8 0.00197536707856
48 65 0 8 0.00197493284941
45 64 0 8 0.00197273842059
49 60 0 8 0.00197064317763
25 46 0 8 0.00196724105626
45 53 0 8 0.00196648063138
24 47 0 8 0.00195361021906
16 60 0 8 0.00194187136367
47 57 0 8 0.00193390122149
15 37 0 8 0.00192577112466
39 58 0 8 0.00192409916781
49 67 0 8 0.00192355632316
52 62 0 8 0.00191728828941
56 64 0 8 0.00191586720757
40 63 0 8 0.00191436230671
43 58 0 8 0.00190291146282
19 29 0 8 0.00190083868802
9 36 0 8 0.00189827661961
23 51 0 8 0.00187812594231
28 65 0 8 0.00186436879449
19 50 0 8 0.00185658887494
42 56 0 8 0.00184092798736
44 62 0 8 0.00183846754953
17 52 0 8 0.00183076318353
5 21 0 8 0.00183072139043
24 61 0 8 0.00182849995326
31 39 0 8 0.00182157836389
42 59 0 8 0.0018158685416
35 56 0 8 0.00181035918649
19 54 0 8 0.00181004125625
28 45 0 8 0.00180538464338
39 49 0 8 0.00180399150122
18 50 0 8 0.00180364190601
15 62 0 8 0.0017948091263
26 40 0 8 0.00178617588244
16 63 0 8 0.00177216459997
17 32 0 8 0.0017703527119
15 59 0 8 0.00176627468318
22 63 0 8 0.00174127786886
19 32 0 8 0.00173848192208
23 60 0 8 0.00173678633291
27 40 0 8 0.00173454813194
16 58 0 8 0.00171605416108
52 64 0 8 0.00170967401937
28 57 0 8 0.0017082846025
23 48 0 8 0.00169957638718
17 30 0 8 0.00169847637881
28 51 0 8 0.00168992369436
9 33 0 8 0.00168979738373
26 50 0 8 0.00168194703292
52 63 0 8 0.00168165797368
30 65 0 8 0.00167361670174
29 65 0 8 0.00166262884159
57 64 0 8 0.0016588459257
30 60 0 8 0.00165818037931
19 55 0 8 0.00165373983327
46 54 0 8 0.00165155262221
28 53 0 8 0.0016505450476
26 64 0 8 0.00162390840705
31 65 0 8 0.00162324134726
39 64 0 8 0.00162234902382
36 64 0 8 0.00161596131511
34 67 0 8 0.00161446724087
13 29 0 8 0.00161175779067
17 36 0 8 0.00160626496654
32 37 0 8 0.00160233303905
2 18 0 8 0.00160097354092
5 10 0 8 0.00159561587498
25 62 0 8 0.00159318919759
13 33 0 8 0.0015893074451
43 57 0 8 0.00158472068142
47 59 0 8 0.00158445956185
44 63 0 8 0.00157918641344
9 31 0 8 0.00157903612126
45 62 0 8 0.00157478847541
39 47 0 8 0.00156835536472
51 58 0 8 0.00156376708765
18 31 0 8 0.00155856565107
27 59 0 8 0.00155431590974
39 57 0 8 0.00155326770619
16 56 0 8 0.00155130191706
5 17 0 8 0.00152799126226
16 36 0 8 0.00152441544924
15 32 0 8 0.00151936360635
15 55 0 8 0.00151777593419
27 62 0 8 0.00151736976113
31 67 0 8 0.00151185179129
51 63 0 8 0.00150657608174
31 38 0 8 0.0015027920017
14 33 0 8 0.00150209804997
16 37 0 8 0.00150041270535
1 20 0 8 0.00149504863657
32 61 0 8 0.00147712696344
21 56 0 8 0.00147693639155
4 17 0 8 0.00147331645712
6 16 0 8 0.0014728436945
45 60 0 8 0.00147194834426
3 10 0 8 0.001464129542
48 59 0 8 0.00146051868796
25 53 0 8 0.00145913485903
25 55 0 8 0.00145755987614
16 31 0 8 0.00145392434206
25 64 0 8 0.00145356997382
21 58 0 8 0.00145051884465
12 32 0 8 0.00144947227091
35 50 0 8 0.00144492159598
29 61 0 8 0.00144168140832
2 8 0 8 0.00143860583194
41 49 0 8 0.00143294117879
1 19 0 8 0.00143105513416
18 54 0 8 0.00142959156074
18 33 0 8 0.00142477010377
35 64 0 8 0.00141935911961
22 64 0 8 0.00141801615246
10 31 0 8 0.00141711975448
31 60 0 8 0.00141625234392
35 46 0 8 0.00141480052844
25 59 0 8 0.00140468112659
25 57 0 8 0.00139744672924
38 49 0 8 0.00139303586911
1 11 0 8 0.00138884398621
22 60 0 8 0.00138851732481
10 36 0 8 0.00138820125721
19 33 0 8 0.00138646259438
42 58 0 8 0.00138466479257
23 45 0 8 0.00137905252632
42 57 0 8 0.00137667881791
26 62 0 8 0.00137358275242
10 37 0 8 0.00137177680153
48 62 0 8 0.00137064512819
37 65 0 8 0.00135874527041
24 44 0 8 0.0013553048484
47 60 0 8 0.00135143217631
22 52 0 8 0.00134764518589
52 59 0 8 0.00134483468719
13 36 0 8 0.00134268274996
39 50 0 8 0.00133519992232
35 60 0 8 0.00132312707137
43 60 0 8 0.00131888897158
23 47 0 8 0.00131778267678
51 61 0 8 0.00131680490449
21 48 0 8 0.00131477473769
26 44 0 8 0.00130794662982
30 49 0 8 0.00130348198581
32 63 0 8 0.00130321260076
38 45 0 8 0.00128071918152
17 33 0 8 0.00127748597879
42 48 0 8 0.00127605954185
25 61 0 8 0.00127244694158
16 29 0 8 0.00127199199051
4 11 0 8 0.00125916581601
50 64 0 8 0.00125771365128
26 46 0 8 0.00125479220878
51 59 0 8 0.00125477195252
36 63 0 8 0.00125225330703
27 42 0 8 0.00124869088177
21 51 0 8 0.00124611146748
26 63 0 8 0.0012389565818
43 53 0 8 0.00123838917352
5 18 0 8 0.00123446865473
29 62 0 8 0.00123082182836
33 65 0 8 0.0012296254281
14 31 0 8 0.0012246404076
15 56 0 8 0.00122451724019
46 55 0 8 0.0012198460754
29 59 0 8 0.00121377571486
44 60 0 8 0.00120854913257
51 64 0 8 0.0012059629662
9 40 0 8 0.0011981894495
32 60 0 8 0.00119072513189
10 33 0 8 0.00117690104526
48 55 0 8 0.00117496715393
26 53 0 8 0.00117471592966
15 58 0 8 0.00115956214722
27 41 0 8 0.00115567503963
25 60 0 8 0.00115041236859
18 51 0 8 0.00115029513836
15 64 0 8 0.00114973413292
38 59 0 8 0.00114829535596
16 33 0 8 0.00113979016896
26 56 0 8 0.00113951053936
35 44 0 8 0.00113785534631
9 32 0 8 0.00113448512275
38 53 0 8 0.00113357813098
36 62 0 8 0.00113163178321
26 59 0 8 0.00112281809561
31 59 0 8 0.001112331287
2 11 0 8 0.00111076468602
27 54 0 8 0.00111056258902
15 36 0 8 0.00110167043749
28 61 0 8 0.00110104877967
3 17 0 8 0.00109734095167
44 53 0 8 0.0010962417582
13 31 0 8 0.00109194405377
47 54 0 8 0.00109054369386
21 50 0 8 0.00108115526382
53 64 0 8 0.00107685406692
21 55 0 8 0.00107509666122
30 57 0 8 0.00107249268331
17 53 0 8 0.00106826459523
44 64 0 8 0.00106473790947
30 48 0 8 0.0010562944226
26 45 0 8 0.00105372280814
25 56 0 8 0.00105312827509
27 52 0 8 0.0010463129729
16 53 0 8 0.00104594021104
26 57 0 8 0.0010432965355
39 48 0 8 0.00104203249793
17 29 0 8 0.0010340178851
30 43 0 8 0.00103125639725
2 9 0 8 0.00102881784551
27 61 0 8 0.00102411804255
16 64 0 8 0.00102038751356
26 61 0 8 0.00102018052712
4 10 0 8 0.000998821575195
1 13 0 8 0.000996256479993
21 54 0 8 0.000995372189209
29 60 0 8 0.000993264024146
46 60 0 8 0.000992213143036
28 49 0 8 0.000985253718682
26 60 0 8 0.000984195386991
29 39 0 8 0.000983825651929
35 57 0 8 0.000978082069196
34 65 0 8 0.000977542251348
22 55 0 8 0.000971109722741
1 12 0 8 0.00096395413857
31 62 0 8 0.00096125685377
41 63 0 8 0.000952591944952
21 47 0 8 0.000947433523834
1 17 0 8 0.00094718078617
22 48 0 8 0.000941955193412
34 42 0 8 0.000940939818975
11 33 0 8 0.000929080822971
22 56 0 8 0.00092798913829
45 59 0 8 0.000923661398701
35 45 0 8 0.000921817380004
45 58 0 8 0.000904596294276
26 58 0 8 0.000900827290025
17 51 0 8 0.00089066446526
27 63 0 8 0.000888649141416
34 60 0 8 0.000882561784238
40 64 0 8 0.000881564978044
19 51 0 8 0.000880850828253
13 32 0 8 0.000880685518496
35 49 0 8 0.000879068684299
27 56 0 8 0.000878451624885
36 44 0 8 0.000875631638337
36 45 0 8 0.000875302939676
3 12 0 8 0.000874671386555
29 63 0 8 0.000872918404639
41 64 0 8 0.000866518297698
25 58 0 8 0.000866220740136
37 42 0 8 0.000862368615344
30 46 0 8 0.00086146191461
28 44 0 8 0.000860063533764
15 33 0 8 0.000856319908053
43 52 0 8 0.000854902144056
48 58 0 8 0.000851723831147
30 50 0 8 0.000849293370266
32 41 0 8 0.000848975381814
30 61 0 8 0.000847162446007
32 64 0 8 0.000832245976198
44 50 0 8 0.000831580488011
1 18 0 8 0.000830552191474
38 57 0 8 0.000828599673696
48 54 0 8 0.000822702597361
49 61 0 8 0.000822118367068
27 58 0 8 0.000817808555439
5 16 0 8 0.000816368497908
43 61 0 8 0.000810144119896
36 60 0 8 0.000809778284747
46 52 0 8 0.000806846364867
44 59 0 8 0.000805847521406
27 45 0 8 0.00080432620598
22 59 0 8 0.000801978923846
27 50 0 8 0.000799855275545
25 52 0 8 0.000798146764282
33 41 0 8 0.000796476786491
22 54 0 8 0.000795840634964
44 55 0 8 0.000782902992796
1 14 0 8 0.000777248234954
42 60 0 8 0.00077433953993
39 60 0 8 0.000773081672378
7 13 0 8 0.000771216815338
46 64 0 8 0.000760256138165
36 59 0 8 0.000758546753787
35 54 0 8 0.000757648842409
4 16 0 8 0.000755458895583
38 58 0 8 0.000749502854887
24 51 0 8 0.000746564823203
31 61 0 8 0.000743818411138
45 61 0 8 0.000743629876524
41 59 0 8 0.00074221676914
38 48 0 8 0.000737218128052
4 13 0 8 0.000731403008103
6 15 0 8 0.000727713282686
38 64 0 8 0.000725913443603
41 62 0 8 0.000720089941751
29 57 0 8 0.000717662042007
3 9 0 8 0.000717366347089
17 54 0 8 0.000716667971574
26 52 0 8 0.000715880596545
39 61 0 8 0.000712717941497
10 32 0 8 0.000704322068486
31 63 0 8 0.000703640398569
36 42 0 8 0.000701220182236
28 52 0 8 0.000696832721587
7 15 0 8 0.000694941263646
25 50 0 8 0.000691791647114
28 42 0 8 0.000688228872605
44 61 0 8 0.000684559461661
48 64 0 8 0.000682812591549
2 17 0 8 0.00067944067996
1 15 0 8 0.000676323485095
27 53 0 8 0.000672005931847
27 48 0 8 0.000664581544697
43 64 0 8 0.000664354185574
4 12 0 8 0.000664322229568
27 57 0 8 0.000661472964566
46 61 0 8 0.00065945496317
1 16 0 8 0.000657553086057
29 64 0 8 0.000654401548672
45 54 0 8 0.000652811839245
29 58 0 8 0.000638513127342
38 52 0 8 0.000635101983789
36 43 0 8 0.000632701616269
22 58 0 8 0.000627536035609
38 44 0 8 0.000627085566521
27 64 0 8 0.000623719883151
36 61 0 8 0.000622929190286
26 55 0 8 0.000621561368462
36 52 0 8 0.000616862555034
40 62 0 8 0.00061291520251
39 55 0 8 0.000612366653513
42 61 0 8 0.000608768023085
26 54 0 8 0.000604043190833
25 44 0 8 0.000603304419201
29 49 0 8 0.00060318200849
6 14 0 8 0.000602645275649
35 61 0 8 0.000599331571721
26 48 0 8 0.000597914622631
34 41 0 8 0.000596396741457
49 64 0 8 0.000594937417191
43 51 0 8 0.000593143107835
44 52 0 8 0.00059155136114
29 40 0 8 0.000591416843235
37 63 0 8 0.000591252290178
38 61 0 8 0.00058996968437
43 54 0 8 0.000587517512031
31 56 0 8 0.000586469366681
45 55 0 8 0.000585631176364
45 51 0 8 0.000585124595091
45 57 0 8 0.000584359921049
2 16 0 8 0.000584196473937
31 64 0 8 0.000579579442274
31 55 0 8 0.000579378393013
7 14 0 8 0.00057927321177
29 52 0 8 0.000579180719797
45 52 0 8 0.000576083257329
5 14 0 8 0.000571486714762
30 54 0 8 0.000570949283428
40 46 0 8 0.000569792988244
30 45 0 8 0.000561640423257
28 64 0 8 0.000561532273423
38 50 0 8 0.000559643958695
25 47 0 8 0.000559544481803
25 43 0 8 0.000557767867576
22 47 0 8 0.000552589539438
27 43 0 8 0.000552114914171
41 60 0 8 0.000548564945348
34 43 0 8 0.000539740605745
22 57 0 8 0.000538528140169
48 61 0 8 0.000534120074008
31 37 0 8 0.000533800164703
39 52 0 8 0.0005335494061
38 47 0 8 0.00053350161761
30 52 0 8 0.000531609694008
42 51 0 8 0.00053151929751
37 45 0 8 0.000527354015503
40 60 0 8 0.000525471637957
39 54 0 8 0.000525203766301
48 60 0 8 0.000525082636159
41 48 0 8 0.00052398594562
28 48 0 8 0.000517398992088
44 56 0 8 0.000506151060108
37 43 0 8 0.00050472212024
29 53 0 8 0.000504267460201
32 42 0 8 0.000502769486047
29 48 0 8 0.000490537204314
30 40 0 8 0.000489632540848
30 55 0 8 0.000488341669552
40 59 0 8 0.000487464305479
25 51 0 8 0.000483282346977
31 57 0 8 0.000482273579109
29 41 0 8 0.000471457635285
26 51 0 8 0.000469136110041
40 49 0 8 0.000468231650302
32 43 0 8 0.000468074111268
42 64 0 8 0.000458365131635
34 64 0 8 0.000458171591163
27 44 0 8 0.000456980604213
28 43 0 8 0.000452920095995
32 38 0 8 0.000452779815532
29 44 0 8 0.000450027000625
37 64 0 8 0.000445995741757
29 56 0 8 0.000444436707767
28 54 0 8 0.000440339208581
44 58 0 8 0.00043878678116
32 40 0 8 0.000436305679614
4 14 0 8 0.000429736392107
35 48 0 8 0.000425100733992
31 58 0 8 0.000424427562393
30 64 0 8 0.000418200826971
27 51 0 8 0.000417198025389
5 11 0 8 0.000414411304519
41 47 0 8 0.000411095737945
6 12 0 8 0.000410845997976
32 59 0 8 0.000409357482567
40 56 0 8 0.000407232553698
34 45 0 8 0.000405725586461
29 46 0 8 0.000405223079724
27 47 0 8 0.00040179194184
29 50 0 8 0.000400464836275
2 13 0 8 0.000397318974137
41 56 0 8 0.000389963184716
38 60 0 8 0.0003890095104
33 61 0 8 0.000381024321541
42 55 0 8 0.000380553829018
35 55 0 8 0.000377423071768
38 55 0 8 0.000375095696654
29 55 0 8 0.000374146766262
42 54 0 8 0.000373323913664
31 42 0 8 0.00036920842831
34 62 0 8 0.000368557142792
29 45 0 8 0.000367882807041
31 54 0 8 0.00036436735536
35 52 0 8 0.000364190054825
42 52 0 8 0.000363214174286
36 50 0 8 0.000362966005923
32 50 0 8 0.000361158221494
33 63 0 8 0.00035941938404
30 44 0 8 0.000359051569831
41 61 0 8 0.000357934331987
40 47 0 8 0.000355185591616
43 55 0 8 0.000350322021404
36 56 0 8 0.000347328896169
5 15 0 8 0.000342440645909
28 47 0 8 0.000340610655257
32 55 0 8 0.000336190569215
26 47 0 8 0.000334891665261
32 56 0 8 0.000333308969857
36 47 0 8 0.000332104275003
31 45 0 8 0.000331522838678
36 53 0 8 0.000331217976054
31 49 0 8 0.000330186099745
40 61 0 8 0.000329487374984
4 15 0 8 0.000328655674821
31 41 0 8 0.000325867382344
3 14 0 8 0.000325835397234
6 13 0 8 0.000324582186295
31 50 0 8 0.000321948085912
34 57 0 8 0.000320059858495
40 48 0 8 0.000316708232276
41 53 0 8 0.000314570497721
32 52 0 8 0.000314307602821
40 54 0 8 0.000313270400511
2 15 0 8 0.000312448391924
38 54 0 8 0.000312358431984
34 61 0 8 0.000311995012453
33 62 0 8 0.000311860902002
29 42 0 8 0.000310056668241
32 39 0 8 0.000309983326588
37 62 0 8 0.000308470393065
34 59 0 8 0.00030798788066
40 58 0 8 0.000306448986521
36 49 0 8 0.00030367958243
30 51 0 8 0.000297696940834
38 51 0 8 0.00029450134025
41 52 0 8 0.000293959397823
36 54 0 8 0.000293473829515
29 54 0 8 0.000291655189358
28 40 0 8 0.000291311996989
41 58 0 8 0.000290359253995
40 55 0 8 0.000289603660349
36 46 0 8 0.000289179908577
44 57 0 8 0.000284000590909
31 40 0 8 0.000280696025584
29 47 0 8 0.000279894302366
30 47 0 8 0.000279224244878
36 48 0 8 0.000277561106486
44 54 0 8 0.000275083642919
40 51 0 8 0.000272059143754
39 51 0 8 0.000270097516477
32 53 0 8 0.000265982933342
29 43 0 8 0.000264478556346
34 44 0 8 0.000263166060904
2 14 0 8 0.000262096349616
33 39 0 8 0.000258659623796
34 63 0 8 0.00025853337138
34 40 0 8 0.000256017636275
32 58 0 8 0.000255498482147
34 58 0 8 0.000253619247815
41 57 0 8 0.000250897661317
33 42 0 8 0.000249858741881
36 57 0 8 0.000249562552199
29 51 0 8 0.000245507078944
31 53 0 8 0.000244263530476
40 50 0 8 0.000243865855737
36 58 0 8 0.000240711015067
34 53 0 8 0.000239431508817
34 52 0 8 0.000237812084379
3 16 0 8 0.00023713283008
32 46 0 8 0.000236758700339
35 51 0 8 0.000234010396525
31 44 0 8 0.000233811908402
35 47 0 8 0.000233333994402
37 46 0 8 0.00023217999842
32 57 0 8 0.000231123805861
37 61 0 8 0.000230982375797
36 55 0 8 0.000228810808039
37 60 0 8 0.000226495481911
32 49 0 8 0.000226022821153
34 49 0 8 0.000225657830015
37 49 0 8 0.000222964794375
32 51 0 8 0.000222517963266
3 13 0 8 0.000220721005462
37 44 0 8 0.000213246312342
31 52 0 8 0.000210967118619
41 55 0 8 0.000206763448659
44 51 0 8 0.00020408713317
37 58 0 8 0.000203525341931
33 64 0 8 0.000202970506507
32 45 0 8 0.000198688634555
37 51 0 8 0.000194320600713
41 51 0 8 0.000189994752873
40 57 0 8 0.000186010322068
32 54 0 8 0.000182615433005
32 44 0 8 0.000181461349712
34 56 0 8 0.000181226365385
2 12 0 8 0.000176907342393
40 53 0 8 0.000174478438566
5 13 0 8 0.000167836202309
5 12 0 8 0.000161013551406
37 53 0 8 0.000159983756021
3 15 0 8 0.000155115572852
33 40 0 8 0.000152576612891
36 51 0 8 0.000152293767314
40 52 0 8 0.000151651227497
33 59 0 8 0.000147555401782
33 52 0 8 0.000145918369526
37 56 0 8 0.000143734796438
31 46 0 8 0.000143465600559
37 48 0 8 0.000137672876008
31 48 0 8 0.000136671354994
32 48 0 8 0.00013438273163
37 55 0 8 0.000133777226438
34 48 0 8 0.00013357939315
41 54 0 8 0.000132708199089
34 50 0 8 0.000132288230816
37 52 0 8 0.000130856482428
33 45 0 8 0.000130668966449
33 60 0 8 0.000128226005472
37 57 0 8 0.000123925448861
31 47 0 8 0.000121548953757
33 54 0 8 0.000120838929433
34 55 0 8 0.000119402124255
34 46 0 8 0.000118137097161
32 47 0 8 0.00011609478679
33 44 0 8 0.000114796464914
31 43 0 8 0.000114471913548
33 56 0 8 0.000110797816887
33 55 0 8 0.000107783649582
37 59 0 8 0.000103240643512
31 51 0 8 0.000102360354504
34 54 0 8 0.000102275465906
33 58 0 8 9.80784534477e-05
37 54 0 8 9.65889776126e-05
37 47 0 8 9.17318757274e-05
34 47 0 8 8.92727766768e-05
37 50 0 8 8.83065367816e-05
33 51 0 8 8.76809062902e-05
33 43 0 8 8.6023210315e-05
33 57 0 8 8.11448771856e-05
34 51 0 8 7.40242685424e-05
33 48 0 8 6.93246183801e-05
33 53 0 8 6.13731463091e-05
33 49 0 8 6.09944836469e-05
33 47 0 8 5.33121747139e-05
33 46 0 8 4.39604191342e-05
33 50 0 8 4.13637899328e-05
