62 63 0 8 0.99999833107
9 10 0 8 0.999996721745
60 61 0 8 0.999994874001
58 59 0 8 0.999994397163
53 54 0 8 0.99999332428
56 57 0 8 0.99999332428
11 12 0 8 0.999993264675
8 9 0 8 0.999992847443
52 53 0 8 0.999991059303
43 44 0 8 0.999990642071
7 8 0 8 0.999990046024
34 35 0 8 0.999989926815
40 41 0 8 0.999989449978
54 55 0 8 0.999989151955
35 36 0 8 0.999988973141
33 34 0 8 0.999988794327
13 14 0 8 0.999988257885
38 39 0 8 0.999988019466
32 33 0 8 0.999987602234
20 21 0 8 0.999987244606
42 43 0 8 0.999986708164
14 15 0 8 0.99998664856
50 51 0 8 0.999986588955
16 17 0 8 0.999985098839
49 50 0 8 0.999985039234
10 11 0 8 0.999983251095
22 23 0 8 0.999982178211
5 6 0 8 0.999982118607
12 13 0 8 0.999980270863
41 42 0 8 0.999980032444
65 66 0 8 0.999979138374
19 20 0 8 0.999977588654
51 52 0 8 0.999976754189
4 5 0 8 0.999976456165
57 58 0 8 0.999975562096
18 19 0 8 0.999974727631
39 40 0 8 0.999973773956
15 16 0 8 0.999972820282
36 37 0 8 0.999972462654
17 18 0 8 0.999968290329
64 65 0 8 0.999957919121
55 56 0 8 0.999954342842
1 2 0 8 0.999952554703
3 4 0 8 0.999952554703
63 64 0 8 0.999946415424
2 3 0 8 0.999944984913
23 24 0 8 0.999935567379
61 62 0 8 0.999933600426
66 67 0 8 0.999930620193
44 45 0 8 0.999918758869
21 22 0 8 0.999910533428
59 60 0 8 0.99990940094
73 74 0 8 0.99990350008
37 38 0 8 0.999899148941
25 26 0 8 0.999882459641
6 7 0 8 0.999873518944
31 32 0 8 0.999828934669
45 46 0 8 0.999796032906
27 28 0 8 0.999786794186
48 49 0 8 0.99978530407
67 68 0 8 0.999755263329
47 48 0 8 0.999736011028
72 73 0 8 0.999703884125
28 29 0 8 0.999647915363
26 27 0 8 0.99964427948
46 47 0 8 0.999490916729
24 25 0 8 0.999479115009
29 30 0 8 0.999435603619
68 69 0 8 0.998982727528
30 31 0 8 0.998578667641
69 70 0 8 0.995455920696
54 56 0 8 0.994328737259
13 15 0 8 0.992838382721
16 18 0 8 0.992221593857
71 72 0 8 0.99205571413
9 11 0 8 0.991551220417
8 10 0 8 0.990822613239
37 39 0 8 0.989706754684
38 40 0 8 0.989207088947
52 54 0 8 0.988804221153
13 16 0 8 0.988505363464
57 59 0 8 0.988370835781
35 37 0 8 0.987598240376
70 71 0 8 0.987324237823
10 12 0 8 0.987207531929
18 20 0 8 0.986788809299
15 17 0 8 0.986458897591
19 21 0 8 0.986030220985
51 54 0 8 0.98588269949
9 12 0 8 0.985676050186
55 59 0 8 0.985645413399
42 44 0 8 0.985596954823
12 14 0 8 0.985335826874
55 57 0 8 0.984892189503
57 60 0 8 0.984876573086
36 39 0 8 0.984718739986
53 55 0 8 0.984421491623
55 58 0 8 0.983699917793
17 19 0 8 0.983326733112
34 36 0 8 0.982433497906
39 41 0 8 0.982314527035
11 13 0 8 0.982030630112
36 38 0 8 0.981958627701
54 57 0 8 0.981376349926
10 13 0 8 0.980896472931
18 21 0 8 0.980886936188
40 42 0 8 0.9805803895
56 59 0 8 0.980575859547
17 20 0 8 0.980515599251
52 55 0 8 0.97993928194
40 43 0 8 0.979091763496
20 22 0 8 0.978648483753
58 60 0 8 0.978561401367
16 19 0 8 0.978178501129
20 23 0 8 0.977913498878
14 16 0 8 0.97782677412
38 41 0 8 0.977642774582
41 43 0 8 0.977330982685
4 6 0 8 0.977075338364
51 53 0 8 0.976536929607
41 44 0 8 0.976375162601
33 35 0 8 0.976320743561
58 61 0 8 0.975954711437
56 58 0 8 0.975016415119
39 42 0 8 0.972909510136
35 38 0 8 0.969654202461
9 13 0 8 0.96953946352
8 11 0 8 0.969166457653
15 18 0 8 0.968811750412
38 42 0 8 0.968552112579
12 15 0 8 0.967420458794
53 56 0 8 0.96420198679
35 39 0 8 0.963035225868
14 17 0 8 0.96151548624
16 20 0 8 0.961031138897
6 8 0 8 0.960885763168
37 41 0 8 0.959918379784
17 21 0 8 0.959206163883
37 40 0 8 0.958869695663
51 55 0 8 0.958455920219
13 17 0 8 0.957351982594
11 14 0 8 0.957093119621
43 45 0 8 0.956670582294
39 43 0 8 0.954598546028
19 22 0 8 0.954288601875
7 9 0 8 0.953671872616
38 63 0 8 0.946660637856
56 60 0 8 0.943966329098
61 63 0 8 0.943868815899
54 58 0 8 0.943701326847
50 54 0 8 0.941573143005
5 7 0 8 0.940231621265
52 56 0 8 0.938795208931
42 45 0 8 0.936998844147
34 37 0 8 0.936370849609
40 44 0 8 0.933830022812
18 22 0 8 0.933669090271
36 40 0 8 0.932380974293
59 61 0 8 0.930344998837
7 10 0 8 0.928384780884
19 23 0 8 0.926428854465
21 23 0 8 0.925932347775
41 58 0 8 0.925688743591
33 36 0 8 0.921033740044
6 10 0 8 0.920572042465
20 26 0 8 0.920529484749
34 38 0 8 0.920367002487
57 61 0 8 0.919914186001
7 11 0 8 0.914523899555
50 55 0 8 0.911356568336
44 46 0 8 0.90922743082
58 63 0 8 0.904869258404
12 16 0 8 0.897694826126
15 19 0 8 0.89568567276
23 25 0 8 0.894437551498
6 9 0 8 0.893233656883
14 18 0 8 0.890423059464
5 8 0 8 0.888853728771
8 12 0 8 0.887684643269
44 47 0 8 0.882003903389
45 47 0 8 0.879373013973
13 57 0 8 0.876487076283
16 61 0 8 0.872067272663
53 57 0 8 0.871280193329
63 65 0 8 0.870583593845
43 46 0 8 0.870250582695
26 28 0 8 0.870148837566
67 69 0 8 0.869356751442
16 63 0 8 0.866982579231
20 24 0 8 0.86457157135
43 47 0 8 0.863998711109
20 25 0 8 0.86342304945
27 29 0 8 0.857071757317
62 64 0 8 0.856789767742
64 66 0 8 0.853937506676
10 14 0 8 0.853785395622
21 24 0 8 0.850770950317
4 7 0 8 0.84863781929
41 45 0 8 0.844978153706
20 61 0 8 0.839580059052
2 4 0 8 0.836327195168
22 24 0 8 0.822180569172
11 15 0 8 0.822167873383
48 50 0 8 0.821357667446
59 62 0 8 0.819260776043
24 26 0 8 0.817347764969
33 37 0 8 0.813747048378
29 31 0 8 0.810768961906
65 67 0 8 0.809446573257
26 63 0 8 0.807810127735
46 48 0 8 0.807635545731
16 38 0 8 0.798251211643
72 74 0 8 0.796468138695
30 32 0 8 0.788868308067
5 9 0 8 0.786911249161
1 3 0 8 0.786863803864
25 27 0 8 0.783919274807
47 49 0 8 0.780401170254
19 25 0 8 0.779130995274
60 62 0 8 0.777869403362
58 62 0 8 0.776431620121
28 30 0 8 0.77567255497
69 71 0 8 0.773095309734
31 33 0 8 0.762341499329
16 26 0 8 0.761974573135
68 70 0 8 0.737533330917
29 32 0 8 0.731249511242
32 34 0 8 0.728710830212
41 54 0 8 0.723464727402
42 46 0 8 0.723081886768
44 48 0 8 0.720264554024
32 36 0 8 0.719651043415
13 61 0 8 0.716297864914
45 48 0 8 0.707660853863
13 34 0 8 0.706535160542
66 68 0 8 0.700998902321
49 51 0 8 0.698006510735
4 8 0 8 0.695861518383
70 72 0 8 0.692091107368
71 73 0 8 0.689083874226
9 34 0 8 0.683218598366
3 5 0 8 0.674974799156
9 41 0 8 0.667680978775
44 49 0 8 0.664037227631
59 65 0 8 0.650505542755
45 55 0 8 0.648669481277
10 57 0 8 0.644259274006
16 34 0 8 0.632983565331
59 63 0 8 0.630753278732
38 58 0 8 0.621289551258
17 61 0 8 0.618970513344
26 61 0 8 0.617494642735
26 38 0 8 0.612370312214
13 41 0 8 0.612045109272
42 65 0 8 0.605918765068
3 7 0 8 0.5979783535
17 57 0 8 0.595618247986
26 37 0 8 0.58631759882
34 63 0 8 0.582210659981
19 34 0 8 0.58082395792
20 62 0 8 0.560731470585
32 37 0 8 0.556331336498
50 58 0 8 0.553479194641
44 54 0 8 0.541033864021
50 52 0 8 0.536861598492
58 64 0 8 0.528966903687
45 50 0 8 0.525467455387
44 50 0 8 0.520842909813
19 37 0 8 0.520569622517
42 58 0 8 0.517055749893
26 34 0 8 0.513381958008
28 38 0 8 0.51258456707
16 58 0 8 0.490238517523
19 61 0 8 0.489558130503
34 61 0 8 0.485544919968
17 34 0 8 0.47910925746
3 8 0 8 0.469727069139
45 49 0 8 0.466219604015
21 25 0 8 0.465859353542
58 65 0 8 0.464691668749
23 61 0 8 0.458804100752
13 60 0 8 0.449323445559
16 37 0 8 0.443236529827
41 65 0 8 0.425529032946
20 63 0 8 0.419996768236
9 61 0 8 0.416338533163
28 34 0 8 0.410884946585
20 27 0 8 0.404088169336
16 41 0 8 0.403239071369
45 58 0 8 0.371704548597
27 30 0 8 0.368629813194
38 61 0 8 0.368492215872
10 34 0 8 0.368090599775
2 5 0 8 0.366351127625
28 32 0 8 0.348428070545
37 58 0 8 0.343308538198
21 26 0 8 0.333929419518
55 65 0 8 0.331753581762
26 29 0 8 0.322832405567
13 54 0 8 0.320669174194
12 32 0 8 0.319834053516
29 37 0 8 0.315860062838
42 54 0 8 0.312354713678
1 4 0 8 0.312112063169
19 41 0 8 0.311533182859
9 57 0 8 0.308721750975
9 37 0 8 0.300401896238
25 61 0 8 0.299926608801
13 37 0 8 0.292658448219
32 35 0 8 0.291857004166
16 54 0 8 0.286323308945
35 65 0 8 0.2845928967
39 50 0 8 0.282778084278
12 33 0 8 0.274290263653
45 54 0 8 0.272559046745
20 34 0 8 0.271547406912
1 5 0 8 0.271134108305
42 59 0 8 0.263545542955
34 58 0 8 0.2587030828
69 72 0 8 0.254633307457
45 59 0 8 0.249368414283
37 61 0 8 0.244268387556
20 36 0 8 0.241791084409
26 32 0 8 0.241523221135
35 63 0 8 0.240708887577
16 57 0 8 0.240465044975
10 35 0 8 0.240353003144
45 65 0 8 0.239302381873
9 58 0 8 0.236428931355
34 65 0 8 0.235390797257
20 57 0 8 0.235223919153
9 65 0 8 0.232594966888
17 27 0 8 0.232074096799
28 31 0 8 0.230799615383
67 71 0 8 0.23066534102
42 50 0 8 0.230044007301
23 37 0 8 0.228660926223
66 69 0 8 0.225248172879
9 54 0 8 0.223104476929
26 35 0 8 0.221789360046
25 34 0 8 0.215159997344
19 57 0 8 0.213889271021
67 70 0 8 0.211943268776
12 54 0 8 0.211463108659
66 72 0 8 0.207941278815
29 34 0 8 0.207409143448
68 72 0 8 0.20709630847
27 32 0 8 0.206798553467
16 42 0 8 0.206756919622
13 38 0 8 0.206387981772
5 61 0 8 0.204054638743
41 50 0 8 0.20164142549
29 33 0 8 0.199066385627
26 30 0 8 0.198691517115
41 63 0 8 0.197980985045
41 57 0 8 0.196857169271
9 35 0 8 0.196673855186
27 31 0 8 0.196348309517
37 63 0 8 0.194474995136
68 71 0 8 0.193716019392
44 51 0 8 0.193239733577
71 74 0 8 0.193231895566
69 73 0 8 0.191397562623
25 28 0 8 0.190801218152
3 6 0 8 0.190213695168
16 62 0 8 0.187980890274
24 27 0 8 0.184859663248
64 72 0 8 0.184486016631
25 29 0 8 0.184147581458
66 70 0 8 0.18364803493
9 42 0 8 0.183606445789
64 74 0 8 0.18339265883
17 32 0 8 0.176568552852
2 8 0 8 0.17645187676
65 73 0 8 0.174769714475
13 58 0 8 0.172952994704
47 50 0 8 0.172732695937
19 38 0 8 0.172459155321
35 64 0 8 0.171674162149
12 63 0 8 0.169400051236
65 69 0 8 0.16896097362
42 63 0 8 0.168599441648
29 35 0 8 0.164769411087
5 63 0 8 0.164011850953
12 41 0 8 0.162019208074
70 73 0 8 0.161903619766
67 72 0 8 0.161559969187
63 66 0 8 0.160339817405
9 50 0 8 0.158940181136
35 58 0 8 0.15700353682
59 64 0 8 0.156855151057
9 38 0 8 0.15647238493
26 31 0 8 0.155996799469
28 33 0 8 0.155810028315
19 24 0 8 0.153683871031
38 62 0 8 0.153085902333
38 50 0 8 0.152755662799
70 74 0 8 0.152538627386
2 6 0 8 0.151886254549
38 65 0 8 0.151487588882
5 49 0 8 0.151151463389
34 57 0 8 0.150544971228
26 54 0 8 0.148889616132
40 54 0 8 0.148343726993
65 72 0 8 0.148209750652
13 46 0 8 0.147415027022
9 16 0 8 0.14709828794
5 64 0 8 0.147059828043
19 58 0 8 0.146714895964
26 62 0 8 0.143872469664
66 71 0 8 0.14380517602
64 73 0 8 0.143757581711
20 38 0 8 0.143694609404
12 49 0 8 0.143249839544
20 32 0 8 0.139705076814
26 41 0 8 0.139268711209
66 73 0 8 0.137823656201
30 33 0 8 0.137353286147
13 63 0 8 0.136834070086
46 49 0 8 0.136243671179
26 57 0 8 0.133492425084
26 42 0 8 0.133156061172
37 65 0 8 0.133037522435
61 64 0 8 0.132938057184
9 63 0 8 0.132004469633
27 34 0 8 0.131575867534
64 67 0 8 0.126960024238
27 36 0 8 0.126657471061
44 55 0 8 0.126306086779
17 28 0 8 0.125675737858
12 38 0 8 0.125490620732
31 34 0 8 0.125249683857
34 64 0 8 0.124722033739
65 74 0 8 0.124550901353
34 62 0 8 0.124267823994
46 50 0 8 0.124098360538
39 49 0 8 0.123412817717
17 31 0 8 0.122532919049
65 68 0 8 0.122376076877
42 55 0 8 0.122176878154
43 48 0 8 0.119967252016
45 51 0 8 0.118970610201
38 67 0 8 0.118517242372
16 28 0 8 0.11801443994
43 50 0 8 0.1179831177
66 74 0 8 0.11778280139
29 36 0 8 0.115785181522
54 65 0 8 0.114833272994
64 68 0 8 0.114335738122
38 54 0 8 0.113843545318
15 65 0 8 0.112841129303
48 51 0 8 0.111873716116
24 34 0 8 0.111500427127
16 50 0 8 0.111227937043
55 63 0 8 0.110972166061
31 36 0 8 0.105750709772
18 53 0 8 0.10545527935
67 73 0 8 0.102736338973
23 57 0 8 0.102481521666
16 65 0 8 0.102302670479
15 41 0 8 0.099878333509
19 54 0 8 0.0986818745732
8 64 0 8 0.0979040339589
42 57 0 8 0.0978543460369
5 34 0 8 0.0970999673009
15 32 0 8 0.0967631861567
13 42 0 8 0.0966922342777
12 57 0 8 0.0963293984532
35 61 0 8 0.095983505249
12 37 0 8 0.0956520438194
46 57 0 8 0.0946869626641
37 57 0 8 0.0946428477764
62 65 0 8 0.0941845402122
42 47 0 8 0.0923681929708
54 64 0 8 0.0918562188745
41 55 0 8 0.0918506234884
30 34 0 8 0.0913688838482
20 37 0 8 0.0889343544841
12 61 0 8 0.0882435142994
20 28 0 8 0.0878840461373
19 53 0 8 0.0878346115351
6 40 0 8 0.0878082439303
67 74 0 8 0.0877892971039
37 64 0 8 0.0862521007657
37 42 0 8 0.0861519277096
10 32 0 8 0.0849057435989
5 57 0 8 0.0839274972677
2 7 0 8 0.0834084674716
1 6 0 8 0.0831650346518
32 63 0 8 0.0828931182623
61 65 0 8 0.0825925022364
5 54 0 8 0.0818678215146
62 66 0 8 0.0817120969296
9 66 0 8 0.0816886648536
5 44 0 8 0.0816707611084
68 73 0 8 0.081657230854
23 38 0 8 0.0809967294335
27 35 0 8 0.0807208865881
34 66 0 8 0.0801955610514
26 33 0 8 0.0800415053964
39 65 0 8 0.0797912403941
30 35 0 8 0.0794598683715
37 54 0 8 0.0789204239845
39 66 0 8 0.0789046213031
23 26 0 8 0.0783925130963
27 63 0 8 0.0781034454703
20 41 0 8 0.0780807584524
6 35 0 8 0.0778624787927
39 57 0 8 0.0774762332439
24 35 0 8 0.0770465433598
20 35 0 8 0.0769881084561
9 64 0 8 0.0769848376513
32 40 0 8 0.07685238868
10 53 0 8 0.0768487900496
65 71 0 8 0.07648691535
21 27 0 8 0.0763953402638
9 62 0 8 0.0761138796806
63 67 0 8 0.0754759982228
28 61 0 8 0.0753119215369
42 48 0 8 0.0747252702713
69 74 0 8 0.0746189728379
23 41 0 8 0.0741666778922
49 54 0 8 0.074136197567
31 35 0 8 0.0738159865141
39 67 0 8 0.0735417976975
10 60 0 8 0.0734928548336
65 70 0 8 0.0734488889575
33 63 0 8 0.0730292275548
28 35 0 8 0.0727236866951
12 40 0 8 0.0725710988045
5 53 0 8 0.0721164643764
35 66 0 8 0.0713719427586
24 28 0 8 0.071250833571
13 35 0 8 0.0710496306419
12 35 0 8 0.0708906948566
36 65 0 8 0.0706832483411
42 66 0 8 0.0706308335066
30 36 0 8 0.0703589394689
25 31 0 8 0.0702634677291
13 51 0 8 0.0696841999888
41 61 0 8 0.0687215551734
5 65 0 8 0.0682073161006
12 34 0 8 0.0681417509913
23 50 0 8 0.0674224942923
38 64 0 8 0.0671436563134
22 25 0 8 0.067036524415
19 35 0 8 0.0666106566787
50 53 0 8 0.0662506744266
58 66 0 8 0.0662417188287
23 34 0 8 0.0658789649606
19 42 0 8 0.0655866414309
19 55 0 8 0.0652633160353
25 30 0 8 0.0651352703571
25 37 0 8 0.0649773925543
39 58 0 8 0.0648952051997
63 73 0 8 0.0647936090827
28 37 0 8 0.0646945908666
28 63 0 8 0.0643871203065
36 63 0 8 0.0642064064741
57 63 0 8 0.0640011876822
25 36 0 8 0.0640002414584
5 67 0 8 0.0637929216027
16 46 0 8 0.0637788549066
19 62 0 8 0.0636468157172
1 8 0 8 0.0635605081916
23 42 0 8 0.0632995441556
50 57 0 8 0.0629174858332
19 26 0 8 0.0627000778913
5 62 0 8 0.0626796111465
64 71 0 8 0.0624726377428
33 65 0 8 0.0619837753475
59 66 0 8 0.0619194731116
30 40 0 8 0.0615523084998
30 39 0 8 0.0614996254444
25 54 0 8 0.0614475496113
5 60 0 8 0.061377402395
13 65 0 8 0.060838252306
57 65 0 8 0.060778439045
27 33 0 8 0.0605565942824
9 67 0 8 0.0604710653424
27 37 0 8 0.0604161061347
41 46 0 8 0.0600497946143
38 55 0 8 0.0600216202438
12 58 0 8 0.0596374087036
54 59 0 8 0.0593888126314
26 36 0 8 0.0593677982688
39 51 0 8 0.059238396585
35 54 0 8 0.05908203125
34 54 0 8 0.0588819161057
42 51 0 8 0.0588196218014
25 65 0 8 0.0586621724069
35 67 0 8 0.0581279657781
12 65 0 8 0.0581262297928
43 49 0 8 0.0573067888618
68 74 0 8 0.0572231113911
55 66 0 8 0.0569829456508
25 33 0 8 0.056932400912
5 66 0 8 0.0565761141479
19 50 0 8 0.0564231909811
28 36 0 8 0.0562341697514
23 62 0 8 0.0562125369906
12 64 0 8 0.0560840368271
16 32 0 8 0.0558304563165
17 29 0 8 0.0552423968911
33 64 0 8 0.0550556257367
24 29 0 8 0.054983381182
29 40 0 8 0.054917562753
46 51 0 8 0.0548880957067
26 58 0 8 0.0547559335828
63 74 0 8 0.0543841123581
15 34 0 8 0.0538141615689
19 40 0 8 0.0537231601775
16 35 0 8 0.0535844154656
24 37 0 8 0.0535145401955
15 53 0 8 0.0533725097775
62 74 0 8 0.0533539354801
37 62 0 8 0.052908655256
63 72 0 8 0.0528551861644
36 66 0 8 0.0524572432041
14 34 0 8 0.0516520068049
26 40 0 8 0.0515011139214
9 17 0 8 0.0513344295323
1 7 0 8 0.051231469959
35 69 0 8 0.0509664975107
25 57 0 8 0.0507712326944
57 62 0 8 0.050342053175
55 67 0 8 0.0501987561584
39 54 0 8 0.0501107424498
54 66 0 8 0.0499878637493
5 10 0 8 0.0499326065183
6 67 0 8 0.0496784523129
5 50 0 8 0.049486219883
9 40 0 8 0.0489065051079
9 60 0 8 0.048450332135
64 70 0 8 0.0484194010496
25 41 0 8 0.0482378341258
34 67 0 8 0.0478281229734
26 65 0 8 0.0477168224752
23 40 0 8 0.0475819073617
23 32 0 8 0.0475742593408
25 63 0 8 0.0468456372619
13 36 0 8 0.0467481650412
13 62 0 8 0.0464633665979
12 67 0 8 0.046294555068
19 63 0 8 0.0457991696894
23 44 0 8 0.0457345619798
36 61 0 8 0.0453650727868
20 54 0 8 0.0453324131668
29 63 0 8 0.0452474690974
6 45 0 8 0.045113556087
15 50 0 8 0.0449589267373
23 67 0 8 0.0449570938945
6 51 0 8 0.0445502698421
13 64 0 8 0.0445495583117
10 54 0 8 0.0444804914296
21 32 0 8 0.0444366149604
6 66 0 8 0.0443684831262
38 66 0 8 0.0438666120172
8 67 0 8 0.0437079481781
64 69 0 8 0.0435360632837
24 30 0 8 0.0434328280389
42 67 0 8 0.0433035865426
25 67 0 8 0.0432830378413
5 39 0 8 0.0430930964649
17 41 0 8 0.0430230163038
36 50 0 8 0.0428754761815
40 66 0 8 0.0422305874527
47 51 0 8 0.0422259643674
36 54 0 8 0.0420568957925
39 55 0 8 0.0417116433382
13 32 0 8 0.0415454730392
31 40 0 8 0.0413521938026
15 57 0 8 0.0413383021951
21 33 0 8 0.0413285307586
25 35 0 8 0.0412344783545
25 64 0 8 0.0411942191422
33 67 0 8 0.0411817617714
40 50 0 8 0.0411595292389
20 29 0 8 0.0410202667117
19 67 0 8 0.0407619960606
41 64 0 8 0.0404020994902
27 40 0 8 0.0401954613626
20 42 0 8 0.0400729365647
16 39 0 8 0.0400522910058
30 37 0 8 0.040030553937
19 27 0 8 0.0399142205715
35 62 0 8 0.0399036034942
25 40 0 8 0.0398271977901
13 53 0 8 0.0398249067366
23 63 0 8 0.0397222675383
12 60 0 8 0.0395285859704
10 63 0 8 0.0395236611366
24 64 0 8 0.0394533984363
6 63 0 8 0.0394135713577
5 40 0 8 0.0393320508301
9 32 0 8 0.0389550253749
8 44 0 8 0.038846489042
9 39 0 8 0.0384189896286
36 69 0 8 0.0383388027549
24 31 0 8 0.0382591970265
39 48 0 8 0.0382559709251
42 64 0 8 0.0381727926433
3 49 0 8 0.0380986779928
12 50 0 8 0.037861391902
25 66 0 8 0.037801772356
10 33 0 8 0.0376112386584
19 59 0 8 0.0374505370855
16 64 0 8 0.0373981036246
41 66 0 8 0.037370570004
14 57 0 8 0.0373043455184
25 32 0 8 0.037289749831
13 40 0 8 0.0370231568813
3 11 0 8 0.0370023623109
40 58 0 8 0.0370017588139
40 67 0 8 0.0369445085526
61 66 0 8 0.0368602313101
21 28 0 8 0.0366662815213
13 50 0 8 0.0366055630147
5 43 0 8 0.0366044193506
5 48 0 8 0.0362125858665
4 9 0 8 0.035719409585
10 64 0 8 0.0356277115643
17 50 0 8 0.0354219973087
13 39 0 8 0.0353807359934
45 57 0 8 0.0351118929684
10 45 0 8 0.0350560694933
28 62 0 8 0.0349119305611
25 50 0 8 0.0348982512951
23 58 0 8 0.0347806662321
23 27 0 8 0.0346993021667
23 54 0 8 0.0344177111983
6 33 0 8 0.0343398675323
36 67 0 8 0.0342549569905
57 66 0 8 0.0341985188425
17 37 0 8 0.0341156199574
22 27 0 8 0.0340017750859
23 33 0 8 0.0339219085872
26 67 0 8 0.0338311195374
23 36 0 8 0.0338287129998
43 54 0 8 0.0337780192494
26 44 0 8 0.033676777035
20 60 0 8 0.0336700864136
19 44 0 8 0.0336110442877
6 31 0 8 0.0336032472551
15 61 0 8 0.0333480276167
9 44 0 8 0.0332495905459
9 49 0 8 0.0330865122378
17 58 0 8 0.0330652222037
37 50 0 8 0.0329515971243
36 58 0 8 0.032840885222
24 32 0 8 0.0323407202959
39 69 0 8 0.0323404893279
23 60 0 8 0.0319338589907
49 52 0 8 0.0319111533463
17 42 0 8 0.0316414572299
15 42 0 8 0.0315747484565
23 64 0 8 0.031475815922
19 64 0 8 0.0314092859626
22 34 0 8 0.0313936211169
23 31 0 8 0.0312490928918
23 28 0 8 0.0312237776816
8 43 0 8 0.0309720076621
26 66 0 8 0.0309067741036
17 49 0 8 0.0307746399194
22 32 0 8 0.0305187031627
37 66 0 8 0.0302127432078
20 64 0 8 0.0301196370274
6 11 0 8 0.030072055757
8 39 0 8 0.0300536956638
18 48 0 8 0.0299243349582
17 47 0 8 0.0298309940845
22 36 0 8 0.0297710131854
15 45 0 8 0.0297510921955
27 64 0 8 0.0297391805798
23 39 0 8 0.0296602565795
63 71 0 8 0.0293688122183
8 61 0 8 0.029244415462
44 57 0 8 0.0291655231267
38 57 0 8 0.0289068128914
6 64 0 8 0.028402723372
5 46 0 8 0.0281962696463
20 58 0 8 0.028123518452
16 40 0 8 0.0279202386737
20 31 0 8 0.0277996696532
12 69 0 8 0.0277515184134
19 66 0 8 0.0277298782021
19 32 0 8 0.0277294609696
27 61 0 8 0.0276895910501
10 42 0 8 0.0276868771762
6 49 0 8 0.0276556424797
6 42 0 8 0.0274352580309
17 60 0 8 0.0273855105042
17 64 0 8 0.027261596173
16 60 0 8 0.0272027142346
32 54 0 8 0.0270117521286
26 39 0 8 0.0269529614598
2 64 0 8 0.0268231127411
1 64 0 8 0.0266684442759
22 60 0 8 0.0266184099019
26 45 0 8 0.026529379189
9 53 0 8 0.0264712609351
5 51 0 8 0.0262647736818
19 39 0 8 0.026164310053
7 49 0 8 0.0261125303805
24 38 0 8 0.0260528735816
43 55 0 8 0.0260206665844
3 64 0 8 0.025881331414
41 47 0 8 0.0258633419871
23 66 0 8 0.0258377753198
32 64 0 8 0.0257676914334
27 54 0 8 0.0256725978106
19 36 0 8 0.0253695845604
23 35 0 8 0.0253584627062
31 37 0 8 0.0253549441695
1 66 0 8 0.0252416096628
9 36 0 8 0.0250989925116
15 58 0 8 0.0250916182995
23 53 0 8 0.0249808840454
23 65 0 8 0.0249747876078
33 66 0 8 0.0249503385276
20 55 0 8 0.0249325204641
14 30 0 8 0.0246370248497
12 42 0 8 0.0246052462608
47 54 0 8 0.0245828740299
12 44 0 8 0.0245743002743
9 19 0 8 0.0243987590075
45 66 0 8 0.0241942442954
33 68 0 8 0.0241741575301
60 63 0 8 0.0241620000452
6 44 0 8 0.0240954644978
35 57 0 8 0.0237284321338
19 29 0 8 0.0237239859998
41 67 0 8 0.0235796943307
12 66 0 8 0.0235715508461
50 65 0 8 0.023564171046
60 65 0 8 0.0235129110515
54 67 0 8 0.0234677046537
24 66 0 8 0.0232612453401
15 31 0 8 0.0232438836247
25 42 0 8 0.0231609363109
33 69 0 8 0.0231273639947
36 55 0 8 0.0230957604945
12 62 0 8 0.0230652857572
28 64 0 8 0.0229735914618
26 60 0 8 0.0229606609792
37 55 0 8 0.0229141041636
62 67 0 8 0.0228341817856
25 62 0 8 0.0228320285678
24 33 0 8 0.0226899739355
3 63 0 8 0.0226611979306
6 53 0 8 0.0225459299982
27 41 0 8 0.022404210642
22 26 0 8 0.0223486572504
58 67 0 8 0.0223293099552
23 55 0 8 0.02229340747
6 38 0 8 0.0222590845078
29 62 0 8 0.0222338587046
44 53 0 8 0.0222333725542
21 31 0 8 0.0221184194088
15 67 0 8 0.0220704749227
15 46 0 8 0.0220480617136
23 51 0 8 0.0220213234425
18 61 0 8 0.0219628848135
25 68 0 8 0.0218444149941
42 69 0 8 0.0218252278864
50 64 0 8 0.0218206308782
22 30 0 8 0.0216461829841
32 67 0 8 0.0216306205839
5 35 0 8 0.0215990915895
25 38 0 8 0.0215624496341
15 37 0 8 0.0214716289192
19 28 0 8 0.0214670803398
1 49 0 8 0.021396862343
33 61 0 8 0.0213820450008
42 61 0 8 0.021348843351
2 49 0 8 0.0213469415903
27 39 0 8 0.0213387385011
21 34 0 8 0.0212412290275
6 34 0 8 0.0212331134826
39 47 0 8 0.0211397744715
16 29 0 8 0.0211143326014
46 55 0 8 0.0210859533399
19 65 0 8 0.0210687164217
22 45 0 8 0.0210077483207
36 59 0 8 0.020905457437
16 55 0 8 0.0208953730762
35 40 0 8 0.0208817776293
25 53 0 8 0.0208804961294
48 54 0 8 0.0208781957626
35 55 0 8 0.0208508428186
7 63 0 8 0.0207676235586
32 62 0 8 0.0207348279655
26 64 0 8 0.0207159817219
16 27 0 8 0.0206631720066
33 62 0 8 0.0206309296191
42 68 0 8 0.0206122901291
15 64 0 8 0.020601414144
48 52 0 8 0.0205816812813
61 67 0 8 0.0205765739083
19 51 0 8 0.0205441880971
13 66 0 8 0.0205203015357
7 33 0 8 0.0205193143338
9 55 0 8 0.0205081421882
3 9 0 8 0.0204996280372
14 64 0 8 0.0204410534352
42 49 0 8 0.0204389374703
16 66 0 8 0.0204352531582
32 66 0 8 0.020346596837
63 68 0 8 0.0202993452549
10 37 0 8 0.0202966798097
28 39 0 8 0.0202242899686
44 64 0 8 0.0202088858932
60 64 0 8 0.0201262626797
19 45 0 8 0.0201065205038
29 65 0 8 0.0200934801251
44 67 0 8 0.0200918223709
24 41 0 8 0.020078016445
15 54 0 8 0.0200501922518
10 38 0 8 0.0200254395604
13 31 0 8 0.0199763383716
56 64 0 8 0.0199540667236
29 64 0 8 0.0199305303395
25 60 0 8 0.0198957063258
33 72 0 8 0.0198750756681
17 39 0 8 0.0198291428387
10 46 0 8 0.0198166351765
15 66 0 8 0.0198158938438
9 69 0 8 0.0197941679507
63 69 0 8 0.0197938941419
20 33 0 8 0.0197922158986
8 65 0 8 0.0197046622634
6 54 0 8 0.0196532942355
22 29 0 8 0.0196364335716
12 47 0 8 0.0196153782308
5 38 0 8 0.0195987280458
9 45 0 8 0.0195657201111
16 36 0 8 0.0195120312274
46 53 0 8 0.0195036996156
23 29 0 8 0.0194859150797
25 58 0 8 0.0194834563881
41 51 0 8 0.0194436255842
13 45 0 8 0.0194293707609
49 53 0 8 0.0194055642933
28 40 0 8 0.0193616561592
1 10 0 8 0.0192786473781
62 72 0 8 0.0192674510181
9 51 0 8 0.0191532056779
47 55 0 8 0.0191085655242
10 65 0 8 0.0190263073891
5 59 0 8 0.0190228987485
49 55 0 8 0.0190192386508
6 68 0 8 0.0190110895783
6 48 0 8 0.0189866628498
9 47 0 8 0.0189578011632
62 73 0 8 0.0189060010016
16 44 0 8 0.0188573058695
17 22 0 8 0.0188313238323
33 38 0 8 0.0187816452235
15 38 0 8 0.018755659461
13 55 0 8 0.0186366178095
21 30 0 8 0.0185548160225
7 64 0 8 0.0184748601168
3 50 0 8 0.0184433776885
9 23 0 8 0.0184173732996
30 64 0 8 0.018354691565
40 68 0 8 0.0183111988008
23 68 0 8 0.018305869773
16 33 0 8 0.0182083398104
8 69 0 8 0.0181921627373
32 69 0 8 0.0181615389884
21 29 0 8 0.0181129798293
1 65 0 8 0.0180899873376
20 65 0 8 0.0180124472827
13 19 0 8 0.0180118903518
49 57 0 8 0.0179995857179
1 9 0 8 0.0179984606802
24 36 0 8 0.0179979130626
19 60 0 8 0.0179967079312
5 55 0 8 0.0179644096643
27 66 0 8 0.0179488621652
50 66 0 8 0.0179257784039
60 72 0 8 0.0179020892829
29 39 0 8 0.0178992468864
9 59 0 8 0.0178451370448
6 50 0 8 0.0178416855633
40 55 0 8 0.0178168006241
5 45 0 8 0.0178075674921
32 65 0 8 0.0177878867835
5 47 0 8 0.0177829619497
8 66 0 8 0.0177395883948
44 66 0 8 0.0177198164165
5 58 0 8 0.0177055709064
39 68 0 8 0.0176931601018
63 70 0 8 0.0176702439785
13 67 0 8 0.0176213700324
46 54 0 8 0.0175453331321
43 51 0 8 0.0175235737115
37 67 0 8 0.0175004862249
27 57 0 8 0.0174938626587
38 69 0 8 0.0174098256975
34 42 0 8 0.017386039719
11 64 0 8 0.0173682328314
20 30 0 8 0.0173631217331
21 61 0 8 0.0173525251448
24 62 0 8 0.0172869823873
18 46 0 8 0.017283404246
11 40 0 8 0.017277110368
9 33 0 8 0.0172279477119
23 30 0 8 0.017174737528
18 34 0 8 0.017164895311
18 41 0 8 0.0170134771615
22 41 0 8 0.0169994626194
33 71 0 8 0.0169983878732
10 51 0 8 0.0169153735042
6 65 0 8 0.0168403182179
48 53 0 8 0.0168397817761
42 52 0 8 0.0168175641447
4 40 0 8 0.0167684536427
5 42 0 8 0.0167526826262
8 63 0 8 0.0167352855206
40 65 0 8 0.0167115740478
13 44 0 8 0.0167054012418
40 61 0 8 0.016692833975
24 40 0 8 0.016665905714
33 58 0 8 0.0166258811951
44 65 0 8 0.0165711417794
45 53 0 8 0.0165571980178
32 61 0 8 0.016532657668
36 72 0 8 0.0164976343513
45 69 0 8 0.0163694471121
2 48 0 8 0.0163683015853
1 67 0 8 0.0163408182561
17 38 0 8 0.0163175277412
5 68 0 8 0.016316011548
27 65 0 8 0.0162631571293
45 68 0 8 0.0162005387247
13 49 0 8 0.0161931216717
12 39 0 8 0.01618010737
36 68 0 8 0.0161780733615
34 69 0 8 0.0161262806505
57 67 0 8 0.0161241404712
8 50 0 8 0.0161179155111
54 63 0 8 0.0161010231823
24 63 0 8 0.0160834100097
45 52 0 8 0.0160199068487
17 65 0 8 0.0159997902811
32 57 0 8 0.0159801710397
1 63 0 8 0.0159678328782
13 33 0 8 0.0159577671438
36 41 0 8 0.015951409936
4 63 0 8 0.0159413907677
26 43 0 8 0.0159376300871
16 45 0 8 0.0159175172448
30 63 0 8 0.0159062054008
46 52 0 8 0.0158761460334
17 35 0 8 0.0158542431891
15 35 0 8 0.0158456731588
17 30 0 8 0.0158147606999
17 67 0 8 0.0157718602568
10 67 0 8 0.0157657116652
33 54 0 8 0.0157508607954
31 69 0 8 0.0157438032329
6 39 0 8 0.0157410334796
39 61 0 8 0.0157215036452
34 60 0 8 0.0157149899751
1 50 0 8 0.0156789049506
8 72 0 8 0.0156039660797
60 74 0 8 0.0155995227396
13 30 0 8 0.0155878616497
5 41 0 8 0.0155654065311
6 36 0 8 0.0155431153253
41 68 0 8 0.0155273415148
2 9 0 8 0.0155166164041
47 53 0 8 0.0155095448717
47 52 0 8 0.0154546108097
20 40 0 8 0.0154534000903
8 58 0 8 0.0154214026406
61 73 0 8 0.0153856482357
18 23 0 8 0.015347619541
57 64 0 8 0.0153318168595
16 31 0 8 0.015331399627
1 51 0 8 0.0153201883659
3 48 0 8 0.0153071302921
17 62 0 8 0.0152485566214
17 55 0 8 0.0152089549229
26 50 0 8 0.0151809910312
55 68 0 8 0.0151808196679
17 66 0 8 0.0151650728658
56 67 0 8 0.0151244904846
30 66 0 8 0.0151046868414
29 38 0 8 0.0150984451175
22 57 0 8 0.0150730386376
9 43 0 8 0.0150669375435
31 65 0 8 0.0150539306924
31 62 0 8 0.0150432083756
12 45 0 8 0.0150035666302
28 58 0 8 0.0150033701211
30 67 0 8 0.0149628063664
40 69 0 8 0.0149596296251
19 33 0 8 0.0149592710659
25 69 0 8 0.014948265627
45 63 0 8 0.014936087653
4 49 0 8 0.01493317727
16 43 0 8 0.0148976063356
1 72 0 8 0.0148918693885
56 66 0 8 0.0148872463033
23 52 0 8 0.0148531999439
9 15 0 8 0.0147957326844
8 49 0 8 0.0147891379893
6 57 0 8 0.0147668737918
24 65 0 8 0.0147620243952
1 47 0 8 0.014740257524
13 23 0 8 0.0147400563583
25 44 0 8 0.0147051811218
51 67 0 8 0.0146905966103
36 73 0 8 0.0146755930036
1 74 0 8 0.014656946063
1 48 0 8 0.0146265178919
7 39 0 8 0.014625149779
7 40 0 8 0.0146025447175
22 67 0 8 0.0145975174382
15 55 0 8 0.0145891029388
8 41 0 8 0.0145853674039
16 67 0 8 0.0145815573633
6 47 0 8 0.0145582258701
22 50 0 8 0.014552924782
20 39 0 8 0.0145481936634
11 65 0 8 0.0145451249555
32 38 0 8 0.0145250642672
14 31 0 8 0.0145227639005
1 62 0 8 0.014502543956
32 58 0 8 0.0144913988188
28 65 0 8 0.0144856795669
8 70 0 8 0.0144855091348
18 67 0 8 0.0144783565775
14 67 0 8 0.0144732203335
10 47 0 8 0.0144713027403
19 31 0 8 0.0144653739408
23 49 0 8 0.0144553370774
55 69 0 8 0.0144437449053
4 64 0 8 0.0144071029499
39 59 0 8 0.0144023299217
3 10 0 8 0.0143715655431
33 73 0 8 0.0143604921177
18 28 0 8 0.0143387280405
22 39 0 8 0.0142805576324
29 66 0 8 0.0142582636327
5 36 0 8 0.0142465736717
12 55 0 8 0.0142387738451
28 69 0 8 0.0142384059727
15 63 0 8 0.0142250265926
39 63 0 8 0.0142119266093
9 14 0 8 0.0142108378932
31 66 0 8 0.0141968103126
9 46 0 8 0.0141771836206
36 62 0 8 0.0141732385382
10 49 0 8 0.0141654387116
60 66 0 8 0.0141552882269
61 74 0 8 0.0141550358385
2 47 0 8 0.0141427498311
35 59 0 8 0.0141404969618
35 42 0 8 0.0141085591167
38 51 0 8 0.0140638258308
15 40 0 8 0.0140343541279
27 67 0 8 0.0140089206398
49 72 0 8 0.0140077089891
11 49 0 8 0.0139963068068
28 68 0 8 0.013990174979
26 69 0 8 0.0139892864972
8 73 0 8 0.0139739373699
3 47 0 8 0.0139725245535
32 72 0 8 0.0139690898359
23 45 0 8 0.0139416484162
15 36 0 8 0.0139406658709
17 54 0 8 0.0139142423868
24 42 0 8 0.0139017188922
1 68 0 8 0.0138781480491
17 46 0 8 0.0138668622822
50 61 0 8 0.0138642797247
29 61 0 8 0.013842554763
18 50 0 8 0.0138252126053
50 56 0 8 0.0138129107654
55 64 0 8 0.0138008408248
36 74 0 8 0.0137765118852
32 68 0 8 0.0137567073107
33 70 0 8 0.0137234618887
33 74 0 8 0.0136711541563
1 71 0 8 0.013665759936
1 69 0 8 0.0136596048251
59 67 0 8 0.0136581715196
15 27 0 8 0.013656642288
57 69 0 8 0.0136319231242
39 44 0 8 0.0136279743165
8 35 0 8 0.0136272693053
8 62 0 8 0.0136251477525
1 46 0 8 0.0136076062918
1 60 0 8 0.0135949067771
8 59 0 8 0.0135935386643
13 20 0 8 0.0135884061456
48 72 0 8 0.0135181015357
3 12 0 8 0.0135121187195
6 59 0 8 0.0135087762028
2 68 0 8 0.0135009242222
2 11 0 8 0.0134782521054
4 50 0 8 0.0134757533669
5 69 0 8 0.0134700816125
24 58 0 8 0.0134503440931
30 69 0 8 0.0134328538552
45 64 0 8 0.0134216994047
10 58 0 8 0.013401767239
1 73 0 8 0.0133824441582
56 65 0 8 0.0133714191616
22 53 0 8 0.0133481258526
2 40 0 8 0.0133374035358
30 65 0 8 0.0133187482134
22 33 0 8 0.0132834212855
17 40 0 8 0.0132805779576
2 66 0 8 0.0132781602442
60 73 0 8 0.0132018709555
15 44 0 8 0.0131884533912
17 45 0 8 0.0131703140214
8 68 0 8 0.0131482072175
41 62 0 8 0.0131416507065
15 49 0 8 0.0131390905008
1 39 0 8 0.0131127964705
14 46 0 8 0.0130736455321
2 51 0 8 0.013047886081
24 54 0 8 0.0130238980055
12 19 0 8 0.0130192702636
32 59 0 8 0.0129887610674
2 65 0 8 0.0129768829793
22 37 0 8 0.0129711618647
39 72 0 8 0.0129637829959
8 40 0 8 0.0129607021809
18 69 0 8 0.012917900458
39 60 0 8 0.0128847872838
59 72 0 8 0.0128841269761
10 40 0 8 0.0128790521994
12 53 0 8 0.0128643168136
18 57 0 8 0.0128517998382
13 59 0 8 0.0128394896165
8 37 0 8 0.0128305722028
6 62 0 8 0.0128228859976
43 68 0 8 0.0128153609112
22 44 0 8 0.0128147220239
1 45 0 8 0.0127680562437
4 60 0 8 0.0127586703748
7 67 0 8 0.0127367377281
49 74 0 8 0.0127283101901
3 65 0 8 0.0127209834754
10 50 0 8 0.012718767859
3 66 0 8 0.0126522975042
59 69 0 8 0.0126518681645
7 12 0 8 0.0126440795138
32 73 0 8 0.0126407947391
12 46 0 8 0.0126405917108
9 48 0 8 0.0125865554437
36 70 0 8 0.0125676225871
21 45 0 8 0.0125500485301
17 44 0 8 0.0125415008515
15 20 0 8 0.0125335017219
31 64 0 8 0.0125326104462
27 43 0 8 0.0125167705119
17 26 0 8 0.0124860135838
28 66 0 8 0.0124592538923
59 71 0 8 0.0124502694234
22 66 0 8 0.0124481469393
14 45 0 8 0.012440986
10 36 0 8 0.0124109499156
59 73 0 8 0.0124043123797
6 61 0 8 0.0123534603044
1 61 0 8 0.0123422946781
28 60 0 8 0.0123368669301
4 46 0 8 0.0123368669301
46 65 0 8 0.0123363379389
17 43 0 8 0.0123151801527
15 69 0 8 0.0122818332165
6 69 0 8 0.0122447125614
19 30 0 8 0.0122428322211
15 33 0 8 0.0122369630262
40 57 0 8 0.0122335748747
18 45 0 8 0.0122216586024
14 47 0 8 0.0122105134651
24 39 0 8 0.0122011769563
6 60 0 8 0.0121922669932
6 32 0 8 0.0121906753629
38 59 0 8 0.0121883843094
22 61 0 8 0.0121457511559
62 71 0 8 0.012139945291
2 61 0 8 0.0121286455542
3 57 0 8 0.0121126351878
5 33 0 8 0.0121008483693
37 59 0 8 0.0120597090572
46 68 0 8 0.0120530752465
2 46 0 8 0.0120520424098
14 19 0 8 0.0120400562882
48 57 0 8 0.0119941998273
26 55 0 8 0.0119415028021
16 24 0 8 0.0119052352384
9 27 0 8 0.0118939662352
8 36 0 8 0.0118810664862
9 20 0 8 0.0118721742183
3 60 0 8 0.011870876886
9 30 0 8 0.0118551924825
59 74 0 8 0.0118395173922
11 45 0 8 0.0118314642459
4 34 0 8 0.0117989294231
24 67 0 8 0.0117365056649
23 59 0 8 0.011736064218
36 52 0 8 0.0117337638512
11 61 0 8 0.0117324199528
34 59 0 8 0.0117228254676
29 60 0 8 0.0117100598291
48 55 0 8 0.0116971768439
40 64 0 8 0.0116724455729
6 46 0 8 0.0116596957669
47 58 0 8 0.0116564324126
11 67 0 8 0.0116544440389
31 57 0 8 0.0116520933807
31 63 0 8 0.0116517310962
4 58 0 8 0.0116497594863
3 62 0 8 0.0116461701691
49 73 0 8 0.0116203688085
2 44 0 8 0.0116105694324
16 59 0 8 0.0116004785523
2 50 0 8 0.011594186537
42 53 0 8 0.0115900719538
39 52 0 8 0.0115872872993
32 74 0 8 0.0115728238598
33 51 0 8 0.0115552246571
3 61 0 8 0.0115416543558
16 21 0 8 0.0115406000987
60 70 0 8 0.0114696016535
11 35 0 8 0.0114503279328
15 26 0 8 0.0114483106881
2 63 0 8 0.0114399967715
5 32 0 8 0.011412344873
49 69 0 8 0.0114093478769
17 33 0 8 0.0113952709362
22 28 0 8 0.0113922683522
18 32 0 8 0.011379558593
2 43 0 8 0.0113727208227
5 52 0 8 0.0113160470501
49 66 0 8 0.0112267620862
53 65 0 8 0.0112022487447
10 69 0 8 0.011187274009
59 70 0 8 0.0111715709791
49 71 0 8 0.0111602721736
1 43 0 8 0.0111583257094
49 67 0 8 0.0111488169059
37 60 0 8 0.0111276833341
61 72 0 8 0.0111221969128
62 68 0 8 0.0111205708236
1 12 0 8 0.0111038973555
62 69 0 8 0.0111004943028
17 69 0 8 0.0110883424059
48 73 0 8 0.0110871652141
6 43 0 8 0.0110779628158
10 41 0 8 0.0110169313848
4 57 0 8 0.0110143395141
61 68 0 8 0.0110046975315
43 64 0 8 0.0110026327893
3 44 0 8 0.0109742190689
39 73 0 8 0.0109546324238
31 67 0 8 0.0109494561329
11 34 0 8 0.0109473960474
18 37 0 8 0.0109375696629
12 48 0 8 0.0109281241894
4 48 0 8 0.0109166977927
12 17 0 8 0.0108950175345
12 43 0 8 0.0108740571886
48 74 0 8 0.0108229862526
8 71 0 8 0.0108175203204
47 57 0 8 0.0108169633895
8 54 0 8 0.0107919815928
2 60 0 8 0.0107914116234
60 67 0 8 0.0107865668833
2 45 0 8 0.0107833109796
8 38 0 8 0.0107578737661
25 49 0 8 0.0107578476891
30 41 0 8 0.0107454983518
25 51 0 8 0.0106949489564
11 69 0 8 0.010691084899
16 51 0 8 0.0106572862715
40 72 0 8 0.010652018711
27 69 0 8 0.010643790476
18 66 0 8 0.0106117865071
18 29 0 8 0.0106077771634
4 65 0 8 0.010583457537
9 31 0 8 0.0105542587116
36 71 0 8 0.0105485925451
26 74 0 8 0.0105350641534
3 43 0 8 0.0105241043493
8 34 0 8 0.0105092488229
9 26 0 8 0.0104905515909
8 74 0 8 0.0104900514707
2 67 0 8 0.0104609439149
18 44 0 8 0.0104535324499
15 62 0 8 0.0104514900595
25 59 0 8 0.010447028093
15 60 0 8 0.0104445982724
41 49 0 8 0.0103995511308
60 71 0 8 0.0103966705501
5 12 0 8 0.0103934528306
41 69 0 8 0.010384099558
39 64 0 8 0.0103528192267
46 66 0 8 0.0103336619213
2 57 0 8 0.0103331394494
34 68 0 8 0.0103264562786
43 57 0 8 0.0103186136112
40 45 0 8 0.0102966120467
7 65 0 8 0.0102839516476
27 74 0 8 0.0102225104347
6 58 0 8 0.0101949414238
2 39 0 8 0.0101903416216
34 50 0 8 0.0101737966761
61 71 0 8 0.0101698925719
47 72 0 8 0.0101525029168
39 74 0 8 0.0101158954203
2 34 0 8 0.0100713670254
5 37 0 8 0.0100594889373
2 10 0 8 0.0100465808064
7 35 0 8 0.0100461598486
10 66 0 8 0.010021421127
18 68 0 8 0.0100132310763
30 62 0 8 0.0100130978972
34 55 0 8 0.0100004989654
1 59 0 8 0.00999141577631
3 46 0 8 0.0099905570969
45 67 0 8 0.00999053381383
47 73 0 8 0.0099846823141
32 45 0 8 0.00996547006071
18 70 0 8 0.00992790330201
18 27 0 8 0.00992629583925
10 30 0 8 0.0099160335958
29 69 0 8 0.00990775600076
2 62 0 8 0.00988247711211
40 59 0 8 0.0098349256441
4 39 0 8 0.00983478594571
37 51 0 8 0.00982814840972
12 68 0 8 0.00981668755412
10 31 0 8 0.00978408381343
40 51 0 8 0.00977417919785
10 39 0 8 0.00976343266666
2 71 0 8 0.00974487047642
32 60 0 8 0.00973609555513
39 70 0 8 0.00973339192569
18 26 0 8 0.00972577463835
27 68 0 8 0.00972469057888
39 62 0 8 0.00969683472067
3 40 0 8 0.00967135839164
47 74 0 8 0.00965148862451
17 51 0 8 0.00961930863559
14 60 0 8 0.0096133556217
10 16 0 8 0.00960720144212
21 40 0 8 0.00958866719157
20 50 0 8 0.00958391837776
23 43 0 8 0.00957466196269
10 61 0 8 0.00956285372376
22 35 0 8 0.00954010058194
32 43 0 8 0.00952866207808
1 40 0 8 0.00952473003417
61 69 0 8 0.00951738655567
7 53 0 8 0.00951054785401
22 69 0 8 0.0095098959282
1 26 0 8 0.00950027629733
1 70 0 8 0.00949813146144
36 43 0 8 0.00949716661125
22 40 0 8 0.00948364753276
53 67 0 8 0.00941613782197
2 69 0 8 0.00940681993961
40 70 0 8 0.00939691718668
2 70 0 8 0.00939202681184
23 74 0 8 0.0093679940328
8 45 0 8 0.00936374254525
3 45 0 8 0.00936358328909
7 69 0 8 0.00934981554747
51 69 0 8 0.00934758037329
26 68 0 8 0.00933640636504
35 60 0 8 0.00933420658112
51 74 0 8 0.00932751130313
17 72 0 8 0.00932550709695
16 30 0 8 0.00931477267295
2 12 0 8 0.00929947663099
4 61 0 8 0.00929082650691
22 64 0 8 0.00928793009371
7 66 0 8 0.00927678309381
20 45 0 8 0.00926618371159
43 67 0 8 0.00926153548062
42 62 0 8 0.00925958435982
14 40 0 8 0.00924067571759
20 67 0 8 0.00922902673483
14 69 0 8 0.00922568235546
15 68 0 8 0.00920471549034
33 59 0 8 0.00919175706804
18 31 0 8 0.00918407738209
28 67 0 8 0.00917839072645
51 65 0 8 0.00917756650597
14 65 0 8 0.00917424634099
3 69 0 8 0.00916548166424
10 55 0 8 0.0091546671465
6 41 0 8 0.00913776084781
3 51 0 8 0.00913632847369
27 62 0 8 0.00913341064006
40 74 0 8 0.00911703053862
62 70 0 8 0.00908939167857
27 58 0 8 0.0090591032058
60 69 0 8 0.00904603581876
22 65 0 8 0.00902405660599
41 60 0 8 0.0090220272541
11 36 0 8 0.00902101304382
11 51 0 8 0.00901437364519
24 68 0 8 0.00899221654981
4 59 0 8 0.00897923111916
24 53 0 8 0.00897769536823
1 11 0 8 0.00897424761206
2 74 0 8 0.00897228345275
6 55 0 8 0.00897135958076
24 61 0 8 0.00896409153938
18 35 0 8 0.0089497892186
18 72 0 8 0.00894004665315
15 72 0 8 0.00893749017268
11 47 0 8 0.00892922002822
11 70 0 8 0.0089248791337
19 47 0 8 0.00891879480332
4 10 0 8 0.00891109276563
22 42 0 8 0.00890642870218
2 73 0 8 0.00889851897955
12 36 0 8 0.00888253934681
34 41 0 8 0.00887961871922
15 70 0 8 0.00886745657772
43 65 0 8 0.00885210651904
43 58 0 8 0.0088456152007
34 39 0 8 0.00883789360523
1 34 0 8 0.00879917293787
23 69 0 8 0.0087934602052
52 67 0 8 0.00877987686545
22 68 0 8 0.00875600613654
17 63 0 8 0.00873397476971
16 49 0 8 0.008699035272
40 48 0 8 0.00868625286967
41 59 0 8 0.00867226626724
1 44 0 8 0.00867098011076
8 42 0 8 0.00867054145783
1 35 0 8 0.00866598449647
27 73 0 8 0.00865462049842
27 38 0 8 0.00864296872169
10 68 0 8 0.00863001029938
25 39 0 8 0.00862539745867
32 39 0 8 0.00862249080092
35 51 0 8 0.00859751179814
34 70 0 8 0.00859524775296
7 68 0 8 0.00857297331095
7 61 0 8 0.00857253186405
11 68 0 8 0.00856841914356
11 72 0 8 0.00856736954302
51 56 0 8 0.00856664124876
44 52 0 8 0.00855926889926
29 41 0 8 0.00854361243546
2 33 0 8 0.00853716023266
39 71 0 8 0.00852130912244
32 55 0 8 0.0084961457178
14 54 0 8 0.00849153939635
51 73 0 8 0.00846125092357
13 18 0 8 0.00845799501985
40 73 0 8 0.0084140682593
44 69 0 8 0.00841084960848
5 70 0 8 0.0084085399285
18 42 0 8 0.00840793084353
13 27 0 8 0.0083899255842
15 47 0 8 0.00836720876396
4 47 0 8 0.00835084915161
1 57 0 8 0.00834108889103
20 44 0 8 0.00832261517644
43 52 0 8 0.00831992458552
40 52 0 8 0.00831610057503
45 56 0 8 0.00831166654825
18 71 0 8 0.00828077085316
2 31 0 8 0.00827891565859
25 72 0 8 0.00824113190174
28 50 0 8 0.00824111234397
49 68 0 8 0.00821291189641
57 74 0 8 0.00820453930646
14 72 0 8 0.00816790666431
3 39 0 8 0.00816430337727
13 43 0 8 0.00814827531576
31 74 0 8 0.00814560521394
17 23 0 8 0.00813096668571
4 12 0 8 0.00812885258347
37 69 0 8 0.00811724271625
4 43 0 8 0.00810657255352
8 60 0 8 0.00808831863105
36 53 0 8 0.00807226356119
29 67 0 8 0.00807206146419
42 56 0 8 0.00805797800422
17 56 0 8 0.00803412310779
3 34 0 8 0.00797733105719
40 46 0 8 0.00797446444631
10 15 0 8 0.00795536115766
24 69 0 8 0.00794489122927
18 65 0 8 0.00793810281903
10 70 0 8 0.00791302043945
41 48 0 8 0.00791100692004
59 68 0 8 0.00790876615793
52 69 0 8 0.00790668558329
5 29 0 8 0.00790246389806
2 26 0 8 0.00789380352944
18 43 0 8 0.00787882693112
4 68 0 8 0.00785099994391
2 30 0 8 0.00784719362855
25 74 0 8 0.00782405771315
3 59 0 8 0.00782262906432
12 59 0 8 0.00780658004805
6 25 0 8 0.0077827014029
14 66 0 8 0.00777452718467
50 74 0 8 0.00777193438262
8 51 0 8 0.00776060577482
5 73 0 8 0.00775729492307
24 57 0 8 0.00775355193764
3 67 0 8 0.00775115331635
17 70 0 8 0.00775070209056
57 72 0 8 0.0077357981354
22 70 0 8 0.00773191591725
51 68 0 8 0.00770543795079
17 68 0 8 0.00770341418684
30 60 0 8 0.00769697269425
31 73 0 8 0.00769500667229
42 60 0 8 0.00767276948318
15 39 0 8 0.00767219951376
14 70 0 8 0.00766912568361
11 46 0 8 0.00766725698486
43 66 0 8 0.00765404431149
3 33 0 8 0.00761912576854
5 23 0 8 0.00761385634542
10 44 0 8 0.00760260224342
2 36 0 8 0.00759464455768
15 74 0 8 0.00759285502136
1 36 0 8 0.00758900074288
3 68 0 8 0.007575197611
27 60 0 8 0.00755588617176
22 31 0 8 0.00754811940715
23 47 0 8 0.00753294304013
5 74 0 8 0.00751276407391
5 11 0 8 0.00749841332436
28 54 0 8 0.00748077966273
41 53 0 8 0.00747262267396
18 59 0 8 0.0074522444047
32 41 0 8 0.00745114078745
31 68 0 8 0.00743704102933
15 29 0 8 0.00743423588574
8 46 0 8 0.00742984609678
7 70 0 8 0.00742681557313
35 68 0 8 0.00742590148002
18 33 0 8 0.00740881543607
3 35 0 8 0.0073918341659
57 73 0 8 0.00739117013291
2 72 0 8 0.00737675325945
2 59 0 8 0.00737561145797
20 66 0 8 0.00735652260482
7 60 0 8 0.00735070975497
43 69 0 8 0.00735022267327
14 68 0 8 0.00734535371885
13 29 0 8 0.007341300603
47 71 0 8 0.00733879953623
4 44 0 8 0.00732258427888
14 32 0 8 0.00731810368598
8 13 0 8 0.0073177786544
1 30 0 8 0.00731185404584
31 39 0 8 0.00730888871476
52 70 0 8 0.00730753969401
11 37 0 8 0.00729998201132
15 73 0 8 0.00729078240693
14 49 0 8 0.00728737330064
10 72 0 8 0.00728044658899
3 36 0 8 0.00728035345674
15 43 0 8 0.00728010525927
48 71 0 8 0.00727061368525
35 70 0 8 0.00724242581055
1 31 0 8 0.00723622273654
27 53 0 8 0.00723533565179
22 56 0 8 0.00720418570563
57 70 0 8 0.00719306245446
2 53 0 8 0.00718674156815
1 53 0 8 0.00718657160178
44 58 0 8 0.00716988602653
33 41 0 8 0.00715709384531
2 58 0 8 0.00715405866504
10 73 0 8 0.0071539808996
11 66 0 8 0.00715106539428
2 27 0 8 0.0071436483413
7 59 0 8 0.00711374916136
1 27 0 8 0.00710983294994
49 70 0 8 0.00710655190051
4 51 0 8 0.00710286851972
41 52 0 8 0.00709871668369
60 68 0 8 0.00709503050894
22 54 0 8 0.00709407683462
32 70 0 8 0.00707468995824
38 68 0 8 0.00707284780219
23 73 0 8 0.00706453435123
27 42 0 8 0.00706274807453
53 69 0 8 0.0070422058925
52 57 0 8 0.00703697977588
20 46 0 8 0.0070239440538
14 39 0 8 0.00702059920877
2 32 0 8 0.00701612932608
23 46 0 8 0.00701499963179
40 71 0 8 0.00701189180836
27 72 0 8 0.00701115094125
19 46 0 8 0.00700953509659
11 39 0 8 0.00700765009969
30 61 0 8 0.00699826935306
3 42 0 8 0.00698537100106
32 71 0 8 0.00696869706735
7 72 0 8 0.00696597527713
22 74 0 8 0.00694840634242
11 42 0 8 0.00694198021665
18 73 0 8 0.00693273963407
10 62 0 8 0.00692697428167
28 41 0 8 0.00692679686472
53 73 0 8 0.00691662589088
46 58 0 8 0.0069011868909
22 58 0 8 0.00688075926155
14 74 0 8 0.00686975149438
48 66 0 8 0.00686316657811
5 31 0 8 0.00686149299145
48 70 0 8 0.00684185279533
34 71 0 8 0.00683546904474
33 57 0 8 0.00682844826952
14 48 0 8 0.00682652415708
55 60 0 8 0.00682219071314
5 72 0 8 0.00681939302012
3 74 0 8 0.00681501207873
25 73 0 8 0.00678839487955
28 59 0 8 0.00678043952212
17 71 0 8 0.006779180374
2 42 0 8 0.00677123852074
55 74 0 8 0.00676875375211
30 74 0 8 0.00676626665518
22 72 0 8 0.00676410412416
4 69 0 8 0.00675786612555
21 50 0 8 0.00675548240542
6 70 0 8 0.00675177806988
25 45 0 8 0.00674705952406
56 74 0 8 0.00674473680556
22 55 0 8 0.00674072932452
51 70 0 8 0.00673594232649
16 53 0 8 0.00671520503238
52 68 0 8 0.00670059351251
25 71 0 8 0.0066965832375
14 41 0 8 0.00667769927531
1 42 0 8 0.00666561210528
17 73 0 8 0.00665548210964
2 35 0 8 0.00665058149025
56 72 0 8 0.00665017543361
21 35 0 8 0.00664126360789
10 74 0 8 0.00663736369461
53 68 0 8 0.00662017334253
46 72 0 8 0.00661646109074
43 53 0 8 0.00661185244098
29 58 0 8 0.00661101937294
47 64 0 8 0.00661090388894
5 30 0 8 0.00660250708461
17 59 0 8 0.00659037427977
15 71 0 8 0.00658985879272
24 74 0 8 0.00658215628937
44 68 0 8 0.00655885320157
4 62 0 8 0.00654329359531
21 69 0 8 0.00653720507398
57 68 0 8 0.00651900283992
20 53 0 8 0.00651501072571
49 64 0 8 0.00650421716273
4 45 0 8 0.0065008723177
61 70 0 8 0.00649795308709
10 19 0 8 0.00649421708658
18 74 0 8 0.00649361684918
1 32 0 8 0.00648610899225
55 73 0 8 0.00647202041
4 42 0 8 0.00645955000073
1 52 0 8 0.00645594624802
1 54 0 8 0.00645098090172
6 72 0 8 0.00644375989214
55 72 0 8 0.00642499979585
12 51 0 8 0.00641415407881
16 25 0 8 0.0063927443698
12 70 0 8 0.00639140885323
35 74 0 8 0.00638973759487
21 37 0 8 0.00638223718852
15 30 0 8 0.00637067481875
53 74 0 8 0.00636235857382
23 72 0 8 0.00635637156665
43 70 0 8 0.0063562784344
52 72 0 8 0.00634894613177
46 73 0 8 0.00634635984898
27 70 0 8 0.00634616101161
40 49 0 8 0.00634239474311
8 56 0 8 0.00633594300598
21 67 0 8 0.00632259203121
56 73 0 8 0.00631316797808
7 73 0 8 0.00630943896249
36 64 0 8 0.00630363589153
12 72 0 8 0.00629935413599
11 50 0 8 0.00627061864361
3 55 0 8 0.00626443233341
11 71 0 8 0.0062620905228
38 60 0 8 0.00625747255981
30 68 0 8 0.00622533261776
3 70 0 8 0.00621063541621
38 43 0 8 0.00620092218742
18 49 0 8 0.00619378872216
4 66 0 8 0.0061886892654
40 63 0 8 0.00617238692939
28 51 0 8 0.00616471609101
40 62 0 8 0.0061563285999
1 55 0 8 0.00613939855248
6 73 0 8 0.00613577431068
39 53 0 8 0.00613390188664
12 73 0 8 0.00612844806165
10 56 0 8 0.00611564703286
3 32 0 8 0.00610888330266
35 72 0 8 0.00609030714259
31 70 0 8 0.00607255566865
3 14 0 8 0.00607133843005
1 58 0 8 0.00606619007885
14 73 0 8 0.0060566435568
7 74 0 8 0.00604906165972
51 72 0 8 0.00603104103357
26 72 0 8 0.00602906569839
6 30 0 8 0.00602534599602
47 67 0 8 0.0060183708556
22 71 0 8 0.00601072842255
35 73 0 8 0.0060105570592
10 43 0 8 0.00600888533518
45 61 0 8 0.00600302638486
11 74 0 8 0.0059873694554
8 48 0 8 0.00598194310442
56 69 0 8 0.00597858708352
7 37 0 8 0.00597177259624
36 60 0 8 0.00597142754123
14 58 0 8 0.00596003746614
23 70 0 8 0.00595834525302
40 53 0 8 0.00595657201484
20 43 0 8 0.00595632893965
1 33 0 8 0.00595631543547
13 47 0 8 0.00593836884946
8 14 0 8 0.00592545466498
14 35 0 8 0.0059249009937
53 70 0 8 0.00592282088473
15 48 0 8 0.00591285666451
26 52 0 8 0.00584643147886
25 48 0 8 0.00584439467639
4 67 0 8 0.00584183260798
50 68 0 8 0.00583741161972
14 61 0 8 0.00581168849021
15 51 0 8 0.00581015413627
6 74 0 8 0.00580941839144
45 72 0 8 0.00580633478239
52 73 0 8 0.00580506352708
27 71 0 8 0.00579843483865
27 52 0 8 0.00579065503553
24 50 0 8 0.00578815210611
14 42 0 8 0.00578774046153
35 41 0 8 0.00577970640734
17 74 0 8 0.00577757554129
10 71 0 8 0.00577330635861
53 72 0 8 0.00577131705359
18 58 0 8 0.00576805649325
46 67 0 8 0.00575121445581
29 54 0 8 0.00574968755245
12 74 0 8 0.00574915856123
9 56 0 8 0.00574562745169
53 66 0 8 0.00572815770283
2 22 0 8 0.00572290271521
28 57 0 8 0.00572263076901
46 69 0 8 0.00571985635906
11 73 0 8 0.00571047514677
45 73 0 8 0.00570140499622
43 73 0 8 0.00567920086905
12 28 0 8 0.0056653721258
26 73 0 8 0.00566200958565
45 74 0 8 0.00565845938399
13 68 0 8 0.0056429784745
14 33 0 8 0.00564185995609
22 38 0 8 0.00563113251701
50 60 0 8 0.00563044101
52 66 0 8 0.00562950968742
36 51 0 8 0.00562660349533
34 74 0 8 0.00562070030719
46 74 0 8 0.00562018016353
24 44 0 8 0.00561573682353
17 53 0 8 0.00560848042369
24 60 0 8 0.00557434512302
22 73 0 8 0.00557357585058
57 71 0 8 0.00557068036869
29 57 0 8 0.00556902680546
6 52 0 8 0.00556732947007
50 73 0 8 0.00556231569499
3 73 0 8 0.00555998459458
28 73 0 8 0.0055554411374
14 37 0 8 0.0055318553932
18 54 0 8 0.00552718294784
43 74 0 8 0.00552464928478
3 72 0 8 0.00550789711997
52 71 0 8 0.00550560187548
49 58 0 8 0.00549158127978
11 54 0 8 0.00549019360915
31 54 0 8 0.00548936799169
7 58 0 8 0.00548191508278
13 48 0 8 0.00548044405878
34 72 0 8 0.00546956760809
26 71 0 8 0.0054617295973
13 69 0 8 0.00546104600653
18 39 0 8 0.0054555349052
7 45 0 8 0.00545179471374
24 71 0 8 0.0054372609593
51 71 0 8 0.00543692847714
31 72 0 8 0.00543356686831
28 72 0 8 0.00543171493337
44 72 0 8 0.00540409563109
3 15 0 8 0.00538511946797
14 71 0 8 0.00538376811892
44 74 0 8 0.00538144307211
3 30 0 8 0.00535950250924
16 23 0 8 0.00535751739517
8 55 0 8 0.00534822000191
27 59 0 8 0.00534634618089
56 70 0 8 0.00533945579082
3 41 0 8 0.00533526903018
56 68 0 8 0.00533436052501
24 72 0 8 0.00532959634438
14 38 0 8 0.00532530574128
55 70 0 8 0.00532490154728
41 56 0 8 0.00532480003312
14 50 0 8 0.00531454849988
19 43 0 8 0.00530970655382
9 68 0 8 0.00529250316322
44 56 0 8 0.00529126543552
20 59 0 8 0.00527606112882
31 60 0 8 0.00527601363137
21 41 0 8 0.00527157075703
27 44 0 8 0.00525812571868
11 16 0 8 0.00524392863736
23 48 0 8 0.00522342231125
49 60 0 8 0.00521998712793
31 61 0 8 0.00520418584347
17 48 0 8 0.00519843492657
44 73 0 8 0.00519812945276
18 40 0 8 0.00518277799711
44 70 0 8 0.00516822654754
1 29 0 8 0.00516741257161
18 63 0 8 0.00516640255228
28 45 0 8 0.00516355782747
5 71 0 8 0.00516053615138
45 70 0 8 0.00515157682821
18 38 0 8 0.00514082284644
2 55 0 8 0.00513634970412
4 74 0 8 0.00513562420383
21 72 0 8 0.00512611679733
3 23 0 8 0.00511124078184
24 73 0 8 0.00510533992201
8 31 0 8 0.00509448396042
50 67 0 8 0.00508653372526
7 43 0 8 0.00508329644799
18 30 0 8 0.00507912831381
21 42 0 8 0.00507850944996
9 28 0 8 0.00505399517715
38 44 0 8 0.00505350390449
26 70 0 8 0.00504545494914
31 71 0 8 0.00504405703396
55 71 0 8 0.00503531564027
24 55 0 8 0.00503053236753
24 51 0 8 0.00501801865175
30 70 0 8 0.00500968517736
7 44 0 8 0.00497889751568
14 51 0 8 0.00496628694236
34 51 0 8 0.00496302219108
19 68 0 8 0.0049551888369
16 56 0 8 0.00490642292425
3 58 0 8 0.00490433257073
6 26 0 8 0.00488937599584
47 66 0 8 0.00487898429856
30 71 0 8 0.00487750023603
21 70 0 8 0.00487433979288
1 38 0 8 0.00485923187807
24 45 0 8 0.00485180364922
7 71 0 8 0.00483689596877
50 69 0 8 0.004832287319
3 26 0 8 0.00483036134392
25 46 0 8 0.00481449114159
3 53 0 8 0.00479888636619
33 55 0 8 0.00479640765116
14 44 0 8 0.00479207793251
4 41 0 8 0.00478737941012
1 25 0 8 0.00478517636657
10 48 0 8 0.00478291744366
24 46 0 8 0.00477526569739
34 73 0 8 0.0047687231563
12 71 0 8 0.00475769443437
19 48 0 8 0.00474950717762
5 28 0 8 0.00474936328828
36 57 0 8 0.00474804919213
21 51 0 8 0.0047470331192
52 74 0 8 0.00472849281505
37 53 0 8 0.00472645321861
2 41 0 8 0.00471589295194
47 65 0 8 0.00471150875092
14 55 0 8 0.00470656715333
3 38 0 8 0.00470537040383
40 60 0 8 0.00470085488632
3 31 0 8 0.00470072310418
21 60 0 8 0.00469009345397
54 68 0 8 0.0046889828518
16 47 0 8 0.00468293577433
43 72 0 8 0.00467948336154
22 46 0 8 0.00467833504081
11 33 0 8 0.0046742935665
28 74 0 8 0.0046553243883
3 71 0 8 0.0046519250609
21 39 0 8 0.00465170666575
32 52 0 8 0.00464850617573
32 42 0 8 0.00464717624709
29 68 0 8 0.00463207205757
3 56 0 8 0.0046248184517
12 23 0 8 0.00462236488238
7 46 0 8 0.00461347727105
18 51 0 8 0.00459406618029
13 52 0 8 0.00458631431684
24 70 0 8 0.00456357235089
25 70 0 8 0.00456187641248
19 69 0 8 0.00455770362169
13 28 0 8 0.00455690734088
1 56 0 8 0.00455595133826
7 42 0 8 0.00454955035821
56 71 0 8 0.00454797642305
47 70 0 8 0.00453646713868
1 41 0 8 0.00453478377312
50 72 0 8 0.00452995160595
22 63 0 8 0.00451930519193
30 72 0 8 0.00451709888875
26 46 0 8 0.00448412122205
28 42 0 8 0.00448334217072
23 71 0 8 0.00447793956846
26 49 0 8 0.00447522196919
5 56 0 8 0.00447322288528
10 27 0 8 0.00447256723419
46 70 0 8 0.00447007268667
25 55 0 8 0.0044534127228
2 56 0 8 0.00444372370839
2 54 0 8 0.00442539574578
33 40 0 8 0.00441809743643
24 43 0 8 0.00441520800814
7 54 0 8 0.00440837582573
19 49 0 8 0.00438401196152
3 52 0 8 0.0043753599748
10 17 0 8 0.00436064880341
4 71 0 8 0.00436047883704
2 25 0 8 0.00435451325029
15 28 0 8 0.00433846050873
4 36 0 8 0.00433272356167
11 41 0 8 0.00432321615517
58 68 0 8 0.00429686391726
6 71 0 8 0.00429524620995
14 63 0 8 0.00428912043571
47 69 0 8 0.00428559072316
4 73 0 8 0.00428157579154
11 60 0 8 0.0042756376788
50 70 0 8 0.00426977267489
11 58 0 8 0.00426880596206
22 62 0 8 0.00424932595342
30 73 0 8 0.00424034893513
31 38 0 8 0.00423688115552
26 59 0 8 0.00423369975761
50 71 0 8 0.00422304449603
4 70 0 8 0.00422289222479
21 68 0 8 0.00422163354233
23 56 0 8 0.00422018021345
7 31 0 8 0.00421984959394
51 66 0 8 0.00421867985278
49 65 0 8 0.00420076353475
27 50 0 8 0.00419922219589
27 45 0 8 0.00419778283685
44 60 0 8 0.00418345537037
4 23 0 8 0.00418118340895
27 55 0 8 0.00416881917045
18 60 0 8 0.00416159583256
26 53 0 8 0.00413343589753
8 33 0 8 0.00412543350831
11 55 0 8 0.00412513548508
26 51 0 8 0.00412483792752
20 69 0 8 0.00412453850731
56 63 0 8 0.00409873994067
48 68 0 8 0.00408117612824
46 61 0 8 0.00407664338127
3 29 0 8 0.00406984426081
4 55 0 8 0.00404930207878
11 48 0 8 0.00404684944078
49 59 0 8 0.00403451593593
27 51 0 8 0.00403104024008
8 53 0 8 0.00402712123469
31 41 0 8 0.00401802361012
58 74 0 8 0.00400470709428
2 13 0 8 0.00399836711586
26 47 0 8 0.00399395078421
2 29 0 8 0.00399377243593
4 72 0 8 0.00398514932021
7 50 0 8 0.00398092344403
3 27 0 8 0.00395621499047
35 71 0 8 0.00392193859443
2 38 0 8 0.00391011638567
47 68 0 8 0.00390992313623
45 71 0 8 0.00390719249845
12 52 0 8 0.00389459682629
4 11 0 8 0.00389042403549
8 47 0 8 0.0038881811779
14 56 0 8 0.00388331804425
56 62 0 8 0.00387792638503
4 35 0 8 0.00387169094756
31 58 0 8 0.00386952701956
54 62 0 8 0.0038579814136
27 47 0 8 0.00384958111681
22 49 0 8 0.00382911879569
35 46 0 8 0.00382849317975
18 36 0 8 0.00382560119033
48 67 0 8 0.00382297951728
2 20 0 8 0.0038072639145
53 71 0 8 0.003785189474
2 28 0 8 0.00377950468101
11 63 0 8 0.00376358791254
28 70 0 8 0.00376203097403
24 52 0 8 0.00375753734261
21 66 0 8 0.00375130563043
18 64 0 8 0.00374843226746
1 22 0 8 0.00374095910229
40 47 0 8 0.00373963359743
2 52 0 8 0.00373858376406
1 20 0 8 0.00372420228086
29 53 0 8 0.00371212558821
24 49 0 8 0.00371161615476
20 47 0 8 0.00370474415831
20 68 0 8 0.00370450993069
12 31 0 8 0.00370306358673
30 54 0 8 0.00369939045049
2 23 0 8 0.00369682721794
9 29 0 8 0.00368786347099
17 36 0 8 0.00368575099856
1 24 0 8 0.00368450465612
12 20 0 8 0.00368312560022
44 71 0 8 0.00368297658861
21 71 0 8 0.00368243083358
43 71 0 8 0.00367782218382
20 49 0 8 0.00367434695363
28 55 0 8 0.00367124262266
37 49 0 8 0.00366411590949
8 57 0 8 0.00366214220412
54 69 0 8 0.00365820387378
16 48 0 8 0.00365103106014
9 72 0 8 0.00365062360652
16 68 0 8 0.00364064867608
48 58 0 8 0.00363802071661
29 59 0 8 0.00362872472033
3 28 0 8 0.00362616917118
56 61 0 8 0.00362444645725
19 52 0 8 0.00361035531387
21 73 0 8 0.00360868149437
18 47 0 8 0.00360602489673
48 56 0 8 0.0036009689793
7 38 0 8 0.00358523055911
33 43 0 8 0.00356263085268
21 46 0 8 0.0035612413194
21 65 0 8 0.00355331599712
3 22 0 8 0.0035519960802
11 59 0 8 0.003519912716
12 56 0 8 0.00351619836874
58 69 0 8 0.00351137155667
21 74 0 8 0.00349650997669
46 64 0 8 0.00349230575375
37 68 0 8 0.00347936456092
34 52 0 8 0.00347486231476
50 59 0 8 0.00345498602837
14 36 0 8 0.00345037388615
29 55 0 8 0.00344564695843
39 56 0 8 0.00344184553251
31 59 0 8 0.00343825574964
15 52 0 8 0.00343329738826
14 27 0 8 0.00343110668473
1 23 0 8 0.00343080190942
51 58 0 8 0.00342882820405
45 62 0 8 0.00342391757295
4 56 0 8 0.00342327496037
29 42 0 8 0.00341153191403
4 33 0 8 0.0034094217699
22 51 0 8 0.00340840779245
16 69 0 8 0.00339724030346
11 44 0 8 0.00339326448739
34 40 0 8 0.00337889650837
20 51 0 8 0.00337702315301
9 52 0 8 0.00337001564912
24 59 0 8 0.00336949992925
17 25 0 8 0.00336574530229
6 29 0 8 0.00335484463722
15 59 0 8 0.00334822526202
44 63 0 8 0.00334622897208
11 30 0 8 0.00334271299653
17 52 0 8 0.00334206968546
21 36 0 8 0.00334161077626
27 56 0 8 0.00333575741388
12 26 0 8 0.00332794617862
3 54 0 8 0.00332061713561
32 51 0 8 0.00331409485079
13 26 0 8 0.00330505846068
15 56 0 8 0.00327397510409
29 72 0 8 0.00327222514898
46 71 0 8 0.00326564232819
9 70 0 8 0.00325268623419
8 29 0 8 0.00324194715358
29 43 0 8 0.00323735107668
18 55 0 8 0.00322275864892
13 70 0 8 0.00322240311652
29 74 0 8 0.00321789435111
28 71 0 8 0.00321577349678
2 18 0 8 0.0032104938291
14 59 0 8 0.00319884903729
30 38 0 8 0.00319730467163
53 58 0 8 0.00319238007069
4 53 0 8 0.00316726602614
13 56 0 8 0.003165632952
48 69 0 8 0.00316504901275
18 52 0 8 0.0031601996161
13 74 0 8 0.00316005852073
25 43 0 8 0.00315574742854
4 54 0 8 0.00314901489764
32 56 0 8 0.00313791725785
3 13 0 8 0.00313785788603
13 73 0 8 0.00313785322942
43 61 0 8 0.00312902685255
31 51 0 8 0.00309219281189
1 13 0 8 0.00309141678736
27 46 0 8 0.00308702443726
21 57 0 8 0.00308440602385
1 28 0 8 0.00306117790751
32 53 0 8 0.00305653200485
58 70 0 8 0.00305314245634
28 44 0 8 0.00304714683443
26 48 0 8 0.00304141873494
21 38 0 8 0.00303590344265
4 32 0 8 0.00302951666526
37 56 0 8 0.00302886008285
46 56 0 8 0.00301816593856
30 51 0 8 0.00301349652
33 50 0 8 0.00301039079204
44 61 0 8 0.00300594605505
10 59 0 8 0.00299669988453
12 30 0 8 0.00299076363444
7 48 0 8 0.00299022346735
35 56 0 8 0.00297287222929
20 72 0 8 0.00296610686928
29 73 0 8 0.00295582646504
7 18 0 8 0.00295381620526
5 14 0 8 0.0029473984614
1 17 0 8 0.00294663337991
5 19 0 8 0.0029410070274
11 53 0 8 0.00293627916835
2 21 0 8 0.0029359983746
21 64 0 8 0.00291858776473
54 73 0 8 0.00290302257054
25 52 0 8 0.00290204398334
7 41 0 8 0.00289354752749
47 56 0 8 0.00289283203892
11 38 0 8 0.00288268271834
45 60 0 8 0.00287460885011
27 49 0 8 0.00287226587534
2 15 0 8 0.00286376615986
55 61 0 8 0.00284405099228
28 43 0 8 0.00284202978946
18 56 0 8 0.00283036497422
30 58 0 8 0.00282953865826
6 12 0 8 0.00281971390359
2 17 0 8 0.00281928363256
8 30 0 8 0.00281886802986
18 25 0 8 0.00281583773904
5 15 0 8 0.00278734322637
7 55 0 8 0.00278568430804
5 27 0 8 0.00278227287345
37 74 0 8 0.0027822079137
32 46 0 8 0.00278128846548
1 18 0 8 0.0027787424624
21 54 0 8 0.00276941526681
12 29 0 8 0.0027583159972
22 43 0 8 0.00275461329147
40 56 0 8 0.0027515955735
39 45 0 8 0.00275153666735
37 44 0 8 0.00273920223117
35 53 0 8 0.00273168645799
10 20 0 8 0.00272649666294
3 18 0 8 0.0027244889643
18 24 0 8 0.00271801208146
30 59 0 8 0.00270424038172
6 14 0 8 0.00270252139308
46 60 0 8 0.00269439467229
22 47 0 8 0.00267959618941
29 71 0 8 0.00266319140792
9 73 0 8 0.00265447422862
13 72 0 8 0.00265241484158
58 73 0 8 0.00265107932501
54 72 0 8 0.0026490224991
20 73 0 8 0.00264824554324
28 47 0 8 0.00264402967878
5 13 0 8 0.00262946588919
21 53 0 8 0.00262797204778
15 23 0 8 0.00261217309162
33 60 0 8 0.00260767596774
9 18 0 8 0.0025907822419
35 44 0 8 0.00258873752318
11 22 0 8 0.00258356193081
14 29 0 8 0.00257515115663
41 73 0 8 0.00256986683235
49 56 0 8 0.00256702536717
11 57 0 8 0.00256593408994
18 62 0 8 0.00256565841846
36 56 0 8 0.00256211357191
42 74 0 8 0.00255533494055
34 53 0 8 0.00255246344022
7 57 0 8 0.00254318350926
54 74 0 8 0.00254104821943
8 32 0 8 0.00253931921907
36 42 0 8 0.00253121601418
8 52 0 8 0.00252731959336
42 73 0 8 0.00252617779188
10 52 0 8 0.00252275797538
32 44 0 8 0.00251854630187
47 59 0 8 0.002512461273
2 14 0 8 0.00251141795889
13 22 0 8 0.00249763415195
22 59 0 8 0.00249684066512
33 53 0 8 0.00249107414857
6 56 0 8 0.00249069626443
19 70 0 8 0.00248728459701
33 39 0 8 0.0024720786605
1 21 0 8 0.00246117659844
58 72 0 8 0.00246021687053
6 37 0 8 0.00245625176467
31 50 0 8 0.00244460278191
19 73 0 8 0.00244238297455
54 61 0 8 0.00243813195266
7 51 0 8 0.00242807925679
37 72 0 8 0.00242001120932
37 73 0 8 0.00241555110551
11 32 0 8 0.00241485587321
41 74 0 8 0.00241334713064
4 31 0 8 0.00240739388391
38 52 0 8 0.00239829788916
21 44 0 8 0.00239489134401
20 74 0 8 0.0023943092674
14 20 0 8 0.00238359416835
43 56 0 8 0.00237727188505
21 63 0 8 0.00237368419766
19 74 0 8 0.00237202714197
21 47 0 8 0.00237055169418
7 62 0 8 0.0023695086129
24 48 0 8 0.00236261938699
50 63 0 8 0.00235650059767
1 19 0 8 0.00235197949223
9 71 0 8 0.00233861221932
6 13 0 8 0.00233447854407
26 56 0 8 0.00233243918046
12 22 0 8 0.0023269164376
37 52 0 8 0.00232459977269
43 63 0 8 0.00232322118245
9 74 0 8 0.00231317966245
15 25 0 8 0.00231037754565
43 59 0 8 0.00230245664716
19 72 0 8 0.00230060820468
4 38 0 8 0.00228860904463
21 58 0 8 0.00228531309403
6 15 0 8 0.00228458945639
29 70 0 8 0.00228105089627
6 27 0 8 0.00227366713807
12 18 0 8 0.00227310904302
22 48 0 8 0.002268825192
4 22 0 8 0.00225259293802
33 56 0 8 0.00225054705516
3 17 0 8 0.00224066758528
36 44 0 8 0.00223578326404
9 25 0 8 0.00223052594811
38 45 0 8 0.00222848518752
46 63 0 8 0.00222024950199
16 70 0 8 0.0022172704339
38 73 0 8 0.0022167977877
28 46 0 8 0.00221503316425
31 49 0 8 0.00220916210674
16 74 0 8 0.00220272853039
28 56 0 8 0.00219843140803
1 15 0 8 0.00219737854786
24 47 0 8 0.0021941231098
20 70 0 8 0.00218473002315
5 25 0 8 0.00218447647057
38 74 0 8 0.00218327925541
7 47 0 8 0.00217825337313
7 34 0 8 0.00217726151459
58 71 0 8 0.00216718460433
29 47 0 8 0.00216193008237
38 53 0 8 0.0021582597401
11 43 0 8 0.00215552584268
41 72 0 8 0.00215346342884
14 53 0 8 0.00214541750029
14 43 0 8 0.00214505800977
8 15 0 8 0.00213789474219
29 49 0 8 0.00213320949115
38 49 0 8 0.0021296790801
46 59 0 8 0.00212841900066
48 59 0 8 0.00212765252218
30 49 0 8 0.00211856234819
29 52 0 8 0.00211758795194
11 62 0 8 0.00210631755181
4 27 0 8 0.00210483884439
31 55 0 8 0.0020995750092
50 62 0 8 0.0020984755829
37 43 0 8 0.00209345901385
7 36 0 8 0.00208816397935
42 72 0 8 0.00208517233841
14 62 0 8 0.00207164278254
16 73 0 8 0.00207146629691
5 22 0 8 0.0020680280868
4 14 0 8 0.00206586439162
14 28 0 8 0.00205790996552
16 72 0 8 0.00204875553027
29 44 0 8 0.00204454758205
10 28 0 8 0.00204121787101
30 55 0 8 0.00202504219487
2 37 0 8 0.00202447362244
5 24 0 8 0.00202100654133
34 56 0 8 0.00201482628472
2 16 0 8 0.00200987327844
28 52 0 8 0.00200709188357
39 46 0 8 0.0020056348294
30 56 0 8 0.00200241920538
44 59 0 8 0.00199265195988
42 70 0 8 0.00199114554562
29 50 0 8 0.00199110317044
29 51 0 8 0.0019854910206
35 52 0 8 0.00197904417291
25 56 0 8 0.00197381642647
4 15 0 8 0.00197094911709
41 70 0 8 0.00195885612629
2 19 0 8 0.00195763446391
13 71 0 8 0.00195158738643
35 43 0 8 0.00194253597874
7 56 0 8 0.00193940917961
2 24 0 8 0.00193465687335
4 13 0 8 0.00193054194096
1 37 0 8 0.00192297971807
4 28 0 8 0.00192178937141
17 24 0 8 0.00192118121777
21 49 0 8 0.00191153469495
34 45 0 8 0.00190844025929
19 56 0 8 0.00189799838699
28 49 0 8 0.00188518199138
44 62 0 8 0.00188268232159
54 70 0 8 0.00187356909737
15 22 0 8 0.00187053263653
25 47 0 8 0.00185644137673
32 50 0 8 0.00185634673107
38 72 0 8 0.0018523989711
6 28 0 8 0.00184087711386
55 62 0 8 0.00183944613673
46 62 0 8 0.00183377449866
21 43 0 8 0.00182906305417
31 53 0 8 0.00182739843149
37 48 0 8 0.00182724441402
43 60 0 8 0.00182698015124
6 17 0 8 0.00181850406807
1 14 0 8 0.00180912576616
8 23 0 8 0.0017927250592
8 18 0 8 0.00179164414294
5 20 0 8 0.00178294978105
53 64 0 8 0.00177960575093
42 71 0 8 0.0017717841547
20 71 0 8 0.00175858358853
4 52 0 8 0.00174379535019
33 52 0 8 0.00173736352008
10 29 0 8 0.00173101376276
38 56 0 8 0.00172797671985
1 16 0 8 0.00172713468783
11 31 0 8 0.00171879527625
22 52 0 8 0.00171372352634
8 28 0 8 0.00170357862953
7 15 0 8 0.00170009431895
19 71 0 8 0.00169538834598
24 56 0 8 0.00169039273169
3 21 0 8 0.00167650647927
16 52 0 8 0.00167192146182
38 70 0 8 0.00166928104591
54 71 0 8 0.00166413176339
10 26 0 8 0.00165573111735
31 52 0 8 0.00165183015633
34 44 0 8 0.00164499995299
21 48 0 8 0.00164381007198
38 48 0 8 0.00163585983682
37 45 0 8 0.00163455912843
33 49 0 8 0.00163370720111
5 26 0 8 0.00162622227799
47 60 0 8 0.00162621063646
51 57 0 8 0.00162418594118
29 48 0 8 0.00161973596551
4 30 0 8 0.00161943223793
21 59 0 8 0.00161481229588
48 64 0 8 0.00161228433717
28 53 0 8 0.0016085752286
3 24 0 8 0.00159302004613
6 23 0 8 0.00158992572688
32 49 0 8 0.00157955265604
3 19 0 8 0.00157739745919
51 59 0 8 0.00157158437651
10 18 0 8 0.00155219214503
9 24 0 8 0.00154894473962
27 48 0 8 0.00154282350559
37 70 0 8 0.0015395868104
48 65 0 8 0.00153077929281
41 71 0 8 0.0015306728892
38 71 0 8 0.00152797449846
4 26 0 8 0.00152054976206
10 21 0 8 0.00151452107821
10 23 0 8 0.00150886818301
7 52 0 8 0.00149741955101
31 56 0 8 0.00149335549213
31 44 0 8 0.0014828608837
4 29 0 8 0.0014671421377
37 71 0 8 0.00146490486804
30 57 0 8 0.0014642062597
31 42 0 8 0.00144674931653
33 44 0 8 0.00144230679143
21 62 0 8 0.00144164415542
16 71 0 8 0.0014354159357
3 25 0 8 0.00143522792496
11 19 0 8 0.00142773718107
3 20 0 8 0.00141712720506
5 16 0 8 0.00140228122473
20 48 0 8 0.00140225258656
31 48 0 8 0.00139399606269
14 22 0 8 0.00139242236037
6 20 0 8 0.00139167206362
43 62 0 8 0.00139122945257
21 55 0 8 0.00138457107823
30 48 0 8 0.00138181739021
6 16 0 8 0.00137874786742
21 56 0 8 0.0013763490133
35 50 0 8 0.00135353242513
32 48 0 8 0.00135098060127
36 46 0 8 0.00135017407592
14 23 0 8 0.00134920678101
47 62 0 8 0.00133817375172
14 52 0 8 0.00132204440888
29 56 0 8 0.00131593656261
3 37 0 8 0.00131103140302
8 19 0 8 0.00130939856172
13 24 0 8 0.00128640281036
8 16 0 8 0.00128225958906
16 22 0 8 0.00127808959223
36 45 0 8 0.00127274403349
28 48 0 8 0.00127243658062
33 47 0 8 0.00126903085038
12 21 0 8 0.00126737169921
15 21 0 8 0.00126707181334
12 27 0 8 0.00126539904159
35 45 0 8 0.00126486644149
7 30 0 8 0.00125379057135
52 65 0 8 0.00124403019436
5 18 0 8 0.00123200600501
11 56 0 8 0.00123041681945
4 24 0 8 0.00122333457693
38 46 0 8 0.00122299371287
37 47 0 8 0.0012114829151
33 42 0 8 0.00121143274009
8 22 0 8 0.00121141434647
29 45 0 8 0.00118732743431
4 18 0 8 0.00118534255307
31 46 0 8 0.00118336267769
13 21 0 8 0.00118179572746
34 43 0 8 0.00117284990847
7 32 0 8 0.0011538490653
38 47 0 8 0.00115232344251
51 60 0 8 0.00114832282998
30 52 0 8 0.00112090201583
53 59 0 8 0.00111776287667
11 29 0 8 0.00110053236131
7 16 0 8 0.00108453887515
51 63 0 8 0.00108379370067
14 26 0 8 0.00107386324089
5 21 0 8 0.0010664438596
20 56 0 8 0.00105881353375
29 46 0 8 0.00105789443478
34 49 0 8 0.00105047540274
54 60 0 8 0.00101963197812
31 43 0 8 0.00101420993451
33 45 0 8 0.00100535503589
15 24 0 8 0.00100352347363
7 17 0 8 0.000998569303192
4 25 0 8 0.000996274407953
6 24 0 8 0.000981790944934
47 63 0 8 0.000980653217994
32 47 0 8 0.000979332020506
4 37 0 8 0.000979006988928
5 17 0 8 0.000975478207693
10 24 0 8 0.000966787454672
11 18 0 8 0.000953534501605
11 17 0 8 0.00095155328745
53 60 0 8 0.000945240783039
51 64 0 8 0.000943925406318
30 43 0 8 0.000934463867452
53 61 0 8 0.000929627625737
7 29 0 8 0.000925581087358
13 25 0 8 0.00092406506883
4 20 0 8 0.000923265935853
30 45 0 8 0.000905541004613
20 52 0 8 0.000904091808479
52 60 0 8 0.000903968175407
8 26 0 8 0.000900264421944
6 22 0 8 0.000894547032658
33 48 0 8 0.000888096808922
7 22 0 8 0.000888070149813
51 61 0 8 0.000861912674736
3 16 0 8 0.000860047934111
51 62 0 8 0.000859512132592
53 63 0 8 0.000851889024489
37 46 0 8 0.000839419488329
48 62 0 8 0.000835305138025
7 14 0 8 0.000825228809845
7 13 0 8 0.000817085674498
52 64 0 8 0.00081197230611
31 45 0 8 0.000787365424912
8 27 0 8 0.000786751916166
47 61 0 8 0.000784345669672
48 60 0 8 0.00078390922863
12 25 0 8 0.000779843772762
49 62 0 8 0.000778307381552
31 47 0 8 0.000757906236686
8 17 0 8 0.0007571663009
30 47 0 8 0.000752912543248
36 49 0 8 0.000729681632947
9 21 0 8 0.000726931437384
9 22 0 8 0.0007246354362
11 52 0 8 0.000717659306247
11 28 0 8 0.000712824927177
49 61 0 8 0.000712366250809
11 20 0 8 0.000708896433935
10 25 0 8 0.000705875980202
6 18 0 8 0.000702462217305
6 21 0 8 0.000701551733073
52 58 0 8 0.00069415231701
30 42 0 8 0.000692941772286
30 44 0 8 0.000692241766956
11 26 0 8 0.000681309087668
35 49 0 8 0.000676565628964
33 46 0 8 0.000672637368552
36 47 0 8 0.000670958368573
7 28 0 8 0.00066868896829
48 63 0 8 0.000660025223624
14 25 0 8 0.000648117798846
12 24 0 8 0.00064683239907
4 19 0 8 0.000635783886537
7 19 0 8 0.000629876565654
49 63 0 8 0.000629707588814
11 27 0 8 0.000627058092505
8 24 0 8 0.000626896100584
11 23 0 8 0.000622982624918
7 27 0 8 0.00061992375413
4 16 0 8 0.000612230098341
6 19 0 8 0.000596887781285
30 53 0 8 0.00059370987583
8 25 0 8 0.000587287941016
4 17 0 8 0.000585664412938
4 21 0 8 0.000576474063564
30 50 0 8 0.000564958958421
7 23 0 8 0.000557051971555
52 63 0 8 0.0005532601499
21 52 0 8 0.000518456683494
8 21 0 8 0.000518251850735
36 48 0 8 0.000507941993419
8 20 0 8 0.000494346604683
14 21 0 8 0.000472311599879
34 48 0 8 0.000454898370663
30 46 0 8 0.000444553443231
52 59 0 8 0.000439497991465
34 46 0 8 0.000428536121035
7 26 0 8 0.000400541204726
34 47 0 8 0.000397005846025
14 24 0 8 0.000389038090361
10 22 0 8 0.000374707917217
52 61 0 8 0.000372924318071
7 25 0 8 0.000368246663129
53 62 0 8 0.000358633173164
35 48 0 8 0.000340718805091
48 61 0 8 0.000332404568326
11 21 0 8 0.000329008355038
52 62 0 8 0.000319971994031
7 20 0 8 0.000312450778438
35 47 0 8 0.000305238325382
11 25 0 8 0.000214557294385
7 24 0 8 0.00019534828607
7 21 0 8 0.000179288821528
11 24 0 8 0.000172343323356
