76 77 0 8 0.999998271465
72 73 0 8 0.99999755621
78 79 0 8 0.99999755621
80 81 0 8 0.999996721745
26 27 0 8 0.999995529652
82 83 0 8 0.999995529652
79 80 0 8 0.999995291233
17 18 0 8 0.999994635582
24 25 0 8 0.999994039536
83 84 0 8 0.999993383884
87 88 0 8 0.999993026257
27 28 0 8 0.999992012978
25 26 0 8 0.999990880489
22 23 0 8 0.999990105629
75 76 0 8 0.999986052513
21 22 0 8 0.999985635281
77 78 0 8 0.999985516071
58 59 0 8 0.999982774258
74 75 0 8 0.999982476234
86 87 0 8 0.999982178211
18 19 0 8 0.999981641769
23 24 0 8 0.999980509281
71 72 0 8 0.99997895956
49 50 0 8 0.999978840351
50 51 0 8 0.999977827072
16 17 0 8 0.999976277351
7 8 0 8 0.999976158142
3 4 0 8 0.999975681305
28 29 0 8 0.999974429607
47 48 0 8 0.999974012375
70 71 0 8 0.999973475933
52 53 0 8 0.999972820282
29 30 0 8 0.999972581863
20 21 0 8 0.999972462654
73 74 0 8 0.999972224236
19 20 0 8 0.999970734119
2 3 0 8 0.999967396259
84 85 0 8 0.99996638298
4 5 0 8 0.99996471405
30 31 0 8 0.999964237213
15 16 0 8 0.999963581562
81 82 0 8 0.99996137619
57 58 0 8 0.999961316586
55 56 0 8 0.999954342842
85 86 0 8 0.999951779842
56 57 0 8 0.999944627285
8 9 0 8 0.999944210052
14 15 0 8 0.999943256378
6 7 0 8 0.99994301796
53 54 0 8 0.999937295914
1 2 0 8 0.999922156334
45 46 0 8 0.999917209148
66 67 0 8 0.999916911125
31 32 0 8 0.999914765358
48 49 0 8 0.999914169312
54 55 0 8 0.999914109707
46 47 0 8 0.999909818172
51 52 0 8 0.99990683794
13 14 0 8 0.999903261662
69 70 0 8 0.999902963638
5 6 0 8 0.999899685383
34 35 0 8 0.999898910522
35 36 0 8 0.999889969826
59 60 0 8 0.999886095524
12 13 0 8 0.999882876873
9 10 0 8 0.999881982803
65 66 0 8 0.999852538109
36 37 0 8 0.999841749668
67 68 0 8 0.999800622463
32 33 0 8 0.99974745512
11 12 0 8 0.999703228474
60 61 0 8 0.999694347382
44 45 0 8 0.999671757221
10 11 0 8 0.999659061432
64 65 0 8 0.999623477459
37 38 0 8 0.999567329884
61 62 0 8 0.999425768852
38 39 0 8 0.999384939671
43 44 0 8 0.999323189259
62 63 0 8 0.999309897423
33 34 0 8 0.999157726765
68 69 0 8 0.999042868614
41 42 0 8 0.998763978481
63 64 0 8 0.998642385006
39 40 0 8 0.998385548592
40 41 0 8 0.997972548008
77 79 0 8 0.997149944305
19 21 0 8 0.997084736824
42 43 0 8 0.996924817562
76 78 0 8 0.996890842915
18 20 0 8 0.996522843838
19 22 0 8 0.996022820473
26 28 0 8 0.995960950851
75 77 0 8 0.995766460896
73 75 0 8 0.9955919981
79 81 0 8 0.995481848717
72 74 0 8 0.995446741581
73 76 0 8 0.994990825653
22 24 0 8 0.994719564915
80 82 0 8 0.994101941586
23 26 0 8 0.993577122688
77 80 0 8 0.992859244347
21 23 0 8 0.992759525776
20 22 0 8 0.992477238178
76 79 0 8 0.992256999016
78 80 0 8 0.992147982121
22 26 0 8 0.991582870483
25 27 0 8 0.99070584774
24 26 0 8 0.990157306194
23 25 0 8 0.989750266075
17 19 0 8 0.989571809769
74 76 0 8 0.988921582699
18 21 0 8 0.988314270973
74 77 0 8 0.988234758377
80 83 0 8 0.988119363785
71 73 0 8 0.987738609314
73 77 0 8 0.987584412098
23 27 0 8 0.986628770828
20 23 0 8 0.985045015812
26 29 0 8 0.984836697578
75 78 0 8 0.98437333107
81 83 0 8 0.984203755856
15 17 0 8 0.983961045742
21 24 0 8 0.983319163322
25 28 0 8 0.983274042606
24 27 0 8 0.98256534338
48 50 0 8 0.981993794441
26 30 0 8 0.981115937233
72 76 0 8 0.980916917324
83 85 0 8 0.980788946152
19 23 0 8 0.980630934238
78 81 0 8 0.97987729311
72 75 0 8 0.979797065258
82 84 0 8 0.979322075844
16 18 0 8 0.977708816528
76 80 0 8 0.977457821369
79 82 0 8 0.97743922472
27 30 0 8 0.977428913116
16 19 0 8 0.977264761925
22 25 0 8 0.977248132229
5 7 0 8 0.97348177433
81 84 0 8 0.967972636223
17 20 0 8 0.966328084469
18 22 0 8 0.966147840023
69 71 0 8 0.966055572033
70 72 0 8 0.96403157711
6 8 0 8 0.962354183197
71 74 0 8 0.96112716198
77 81 0 8 0.959504902363
15 18 0 8 0.959192037582
24 28 0 8 0.958265781403
49 59 0 8 0.957188665867
16 20 0 8 0.956251263618
79 83 0 8 0.949657142162
75 79 0 8 0.94853913784
27 29 0 8 0.948258042336
80 84 0 8 0.945373833179
71 75 0 8 0.944825947285
74 78 0 8 0.944457054138
82 85 0 8 0.944375514984
20 24 0 8 0.942789375782
17 21 0 8 0.942407429218
15 19 0 8 0.942350506783
78 82 0 8 0.936574399471
50 56 0 8 0.935451447964
49 56 0 8 0.935335993767
52 57 0 8 0.932153940201
84 86 0 8 0.931100785732
69 72 0 8 0.929380834103
5 34 0 8 0.928825378418
7 9 0 8 0.928460478783
70 73 0 8 0.928227543831
50 57 0 8 0.924142062664
4 6 0 8 0.923730611801
51 56 0 8 0.915290176868
83 86 0 8 0.915224134922
70 74 0 8 0.914858698845
46 48 0 8 0.912535250187
84 87 0 8 0.911473333836
48 59 0 8 0.911396980286
21 25 0 8 0.910708367825
3 5 0 8 0.910514295101
49 57 0 8 0.906235039234
55 57 0 8 0.906059682369
47 59 0 8 0.901606380939
7 36 0 8 0.901320695877
6 36 0 8 0.900090098381
35 37 0 8 0.898855745792
25 29 0 8 0.8980717659
85 87 0 8 0.897665500641
5 52 0 8 0.887906372547
28 30 0 8 0.887661457062
47 61 0 8 0.885014295578
47 49 0 8 0.881678104401
49 51 0 8 0.879842877388
56 58 0 8 0.878896534443
81 85 0 8 0.877997994423
49 58 0 8 0.872959673405
47 60 0 8 0.872402131557
30 32 0 8 0.871336698532
11 13 0 8 0.870471596718
53 55 0 8 0.868244290352
69 73 0 8 0.867992341518
44 46 0 8 0.867441356182
48 58 0 8 0.866392791271
34 36 0 8 0.864772439003
31 33 0 8 0.864609718323
52 55 0 8 0.863807320595
51 57 0 8 0.861509203911
50 52 0 8 0.860564291477
10 13 0 8 0.857386410236
36 38 0 8 0.856373012066
6 51 0 8 0.856289625168
42 44 0 8 0.855736970901
13 15 0 8 0.851202130318
54 56 0 8 0.848222613335
5 33 0 8 0.84390771389
52 54 0 8 0.84304690361
6 34 0 8 0.841444730759
63 65 0 8 0.841255247593
68 72 0 8 0.841098845005
58 60 0 8 0.84072548151
10 12 0 8 0.829435229301
8 10 0 8 0.826345920563
1 3 0 8 0.825607001781
57 59 0 8 0.818738102913
38 40 0 8 0.818461000919
52 80 0 8 0.815846323967
30 33 0 8 0.812608599663
37 39 0 8 0.80655258894
86 88 0 8 0.805266261101
8 51 0 8 0.805176913738
51 55 0 8 0.802627384663
12 14 0 8 0.798417031765
2 4 0 8 0.794197618961
83 87 0 8 0.793770074844
82 86 0 8 0.790438294411
62 64 0 8 0.789266467094
51 53 0 8 0.783845961094
48 60 0 8 0.782326579094
4 37 0 8 0.779949188232
6 35 0 8 0.774624288082
65 67 0 8 0.77422773838
6 37 0 8 0.77012860775
66 68 0 8 0.755507230759
61 63 0 8 0.743301331997
5 35 0 8 0.74216157198
40 42 0 8 0.740363299847
7 50 0 8 0.738237679005
67 72 0 8 0.734437525272
45 47 0 8 0.730690300465
50 59 0 8 0.730172336102
33 35 0 8 0.725352525711
26 34 0 8 0.72269231081
14 18 0 8 0.718653917313
59 61 0 8 0.711317539215
41 43 0 8 0.705429017544
10 46 0 8 0.693509757519
60 62 0 8 0.685896039009
39 41 0 8 0.68130338192
50 58 0 8 0.678191304207
5 80 0 8 0.669730722904
51 54 0 8 0.651522099972
9 48 0 8 0.649182677269
34 51 0 8 0.648810684681
50 80 0 8 0.646765470505
32 34 0 8 0.646201312542
34 52 0 8 0.646172165871
64 66 0 8 0.643561601639
46 60 0 8 0.643500447273
67 69 0 8 0.640626788139
9 11 0 8 0.639604270458
4 39 0 8 0.639402508736
68 73 0 8 0.637836396694
48 67 0 8 0.629651427269
43 45 0 8 0.624447822571
52 79 0 8 0.624165177345
37 48 0 8 0.622299492359
68 70 0 8 0.619118750095
29 31 0 8 0.617196500301
5 36 0 8 0.614687621593
36 50 0 8 0.613759994507
85 88 0 8 0.613462567329
10 14 0 8 0.612389028072
8 48 0 8 0.604134321213
14 19 0 8 0.604069471359
29 77 0 8 0.598208427429
35 51 0 8 0.589480102062
48 61 0 8 0.586532175541
8 37 0 8 0.582433760166
7 37 0 8 0.580876469612
34 50 0 8 0.577668428421
26 50 0 8 0.574811577797
10 48 0 8 0.572442829609
84 88 0 8 0.570482373238
14 16 0 8 0.569971680641
8 38 0 8 0.568929433823
27 34 0 8 0.568432092667
46 61 0 8 0.568083405495
28 31 0 8 0.562971234322
58 67 0 8 0.555843949318
47 58 0 8 0.554665327072
27 31 0 8 0.550763964653
18 66 0 8 0.549708485603
8 49 0 8 0.547014772892
5 26 0 8 0.535967051983
4 33 0 8 0.517168819904
47 62 0 8 0.516704380512
49 60 0 8 0.51038569212
13 19 0 8 0.508970737457
12 45 0 8 0.502716302872
52 83 0 8 0.48300281167
8 47 0 8 0.482728362083
50 76 0 8 0.479049056768
45 61 0 8 0.479033410549
23 34 0 8 0.477087199688
68 71 0 8 0.476387560368
61 64 0 8 0.474488139153
9 13 0 8 0.472455590963
52 56 0 8 0.469929665327
33 53 0 8 0.464402347803
58 65 0 8 0.456315755844
7 49 0 8 0.456233978271
30 34 0 8 0.455267071724
60 65 0 8 0.450606226921
13 46 0 8 0.450355052948
5 51 0 8 0.445341616869
33 52 0 8 0.44280320406
11 14 0 8 0.437394797802
7 19 0 8 0.430790454149
67 73 0 8 0.418096363544
26 76 0 8 0.415613591671
59 65 0 8 0.414702951908
5 50 0 8 0.412378966808
41 44 0 8 0.408630639315
33 47 0 8 0.405654162169
35 52 0 8 0.40478092432
22 69 0 8 0.398758113384
36 49 0 8 0.394224137068
44 61 0 8 0.393215924501
8 36 0 8 0.392233759165
9 16 0 8 0.381945222616
10 15 0 8 0.380457997322
60 66 0 8 0.379118204117
11 45 0 8 0.378402113914
23 36 0 8 0.377029448748
6 50 0 8 0.376590073109
37 51 0 8 0.373233377934
31 34 0 8 0.366568922997
6 41 0 8 0.361366629601
26 77 0 8 0.360546380281
61 65 0 8 0.360498011112
3 59 0 8 0.355381399393
7 80 0 8 0.351748675108
22 56 0 8 0.350688099861
36 48 0 8 0.340731173754
38 48 0 8 0.34044238925
34 77 0 8 0.336540073156
46 59 0 8 0.336425900459
56 80 0 8 0.33533641696
9 38 0 8 0.332102388144
26 80 0 8 0.330273598433
6 53 0 8 0.329242885113
7 48 0 8 0.325650662184
9 57 0 8 0.325269699097
48 80 0 8 0.325202018023
45 64 0 8 0.324193924665
60 63 0 8 0.320090681314
6 49 0 8 0.31884637475
40 46 0 8 0.31848102808
4 59 0 8 0.318453520536
27 33 0 8 0.317822188139
4 52 0 8 0.316691279411
5 83 0 8 0.313768237829
37 49 0 8 0.310938894749
45 62 0 8 0.309459030628
13 18 0 8 0.308775931597
48 66 0 8 0.303869903088
33 50 0 8 0.303417354822
29 73 0 8 0.297613561153
12 44 0 8 0.294002085924
35 50 0 8 0.290888905525
40 44 0 8 0.289857506752
6 52 0 8 0.289399325848
47 67 0 8 0.286836266518
9 37 0 8 0.286393046379
6 33 0 8 0.286340713501
8 50 0 8 0.282994896173
61 66 0 8 0.280302137136
5 57 0 8 0.277202785015
26 33 0 8 0.276192247868
7 58 0 8 0.276180356741
45 60 0 8 0.27477568388
25 73 0 8 0.27177631855
5 59 0 8 0.267637759447
5 76 0 8 0.266452819109
5 58 0 8 0.266123056412
30 73 0 8 0.265602558851
9 66 0 8 0.265506267548
46 62 0 8 0.264646083117
44 62 0 8 0.264542609453
7 76 0 8 0.263281524181
23 35 0 8 0.262749314308
43 47 0 8 0.258230954409
59 67 0 8 0.257171154022
6 54 0 8 0.256741255522
5 30 0 8 0.255099117756
62 65 0 8 0.25435385108
7 34 0 8 0.252883136272
9 49 0 8 0.252511650324
65 71 0 8 0.251075088978
3 52 0 8 0.250642418861
9 14 0 8 0.249168053269
41 47 0 8 0.248121872544
38 46 0 8 0.247255459428
23 33 0 8 0.246671631932
44 60 0 8 0.246614307165
33 51 0 8 0.246162891388
39 47 0 8 0.24605922401
22 52 0 8 0.245051026344
60 64 0 8 0.244892135262
51 83 0 8 0.244167178869
22 68 0 8 0.244043216109
34 73 0 8 0.243277356029
14 45 0 8 0.242525309324
53 83 0 8 0.242036789656
65 68 0 8 0.242028355598
40 43 0 8 0.240171998739
57 76 0 8 0.239326298237
6 38 0 8 0.239072859287
29 70 0 8 0.236616000533
12 15 0 8 0.235402211547
19 48 0 8 0.23517267406
36 51 0 8 0.234489455819
42 45 0 8 0.233711332083
29 60 0 8 0.232544869184
19 40 0 8 0.232486993074
7 51 0 8 0.230687513947
66 72 0 8 0.230193853378
4 35 0 8 0.229725286365
3 33 0 8 0.229247108102
59 66 0 8 0.228551208973
37 47 0 8 0.228392079473
15 60 0 8 0.228121325374
30 77 0 8 0.22617661953
6 59 0 8 0.22428072989
5 53 0 8 0.223273783922
21 73 0 8 0.223202034831
7 52 0 8 0.222391739488
7 56 0 8 0.221945047379
9 47 0 8 0.221748590469
9 36 0 8 0.220273956656
39 45 0 8 0.219474807382
60 67 0 8 0.218758672476
30 80 0 8 0.21796528995
40 45 0 8 0.217938691378
3 60 0 8 0.217517122626
22 48 0 8 0.215187340975
13 16 0 8 0.214809760451
41 46 0 8 0.214017510414
9 46 0 8 0.212878450751
4 57 0 8 0.212387487292
11 15 0 8 0.211188495159
53 79 0 8 0.208433404565
38 47 0 8 0.206999540329
40 47 0 8 0.206108301878
45 63 0 8 0.20503140986
52 76 0 8 0.204252049327
41 45 0 8 0.202662989497
4 60 0 8 0.201749593019
7 67 0 8 0.201219320297
6 39 0 8 0.200654625893
7 57 0 8 0.200651198626
45 59 0 8 0.198489516973
44 47 0 8 0.197880372405
39 46 0 8 0.19141690433
32 53 0 8 0.191176638007
58 76 0 8 0.190053597093
8 58 0 8 0.190041944385
57 67 0 8 0.189257740974
11 40 0 8 0.184645056725
13 66 0 8 0.184525772929
60 68 0 8 0.183498755097
5 56 0 8 0.182840585709
42 46 0 8 0.182811900973
9 15 0 8 0.182013109326
9 50 0 8 0.181080088019
27 36 0 8 0.18084448576
9 65 0 8 0.180669426918
14 17 0 8 0.180574864149
15 66 0 8 0.180400639772
9 76 0 8 0.180010795593
12 42 0 8 0.179954260588
10 19 0 8 0.179522499442
11 46 0 8 0.179480493069
48 57 0 8 0.179098442197
7 26 0 8 0.178904414177
30 52 0 8 0.178826913238
11 48 0 8 0.174872770905
66 73 0 8 0.174403548241
9 67 0 8 0.173439458013
4 49 0 8 0.17321459949
45 66 0 8 0.172866210341
10 18 0 8 0.17256975174
2 33 0 8 0.172331109643
11 47 0 8 0.170342966914
67 71 0 8 0.168974027038
48 73 0 8 0.168313220143
27 35 0 8 0.168068066239
7 22 0 8 0.167931094766
58 66 0 8 0.167919382453
7 77 0 8 0.16661272943
4 51 0 8 0.166492894292
10 47 0 8 0.166209548712
6 62 0 8 0.164995357394
46 65 0 8 0.164887607098
40 48 0 8 0.16481590271
48 76 0 8 0.164403945208
35 54 0 8 0.164049014449
56 59 0 8 0.164047420025
18 65 0 8 0.163165912032
6 58 0 8 0.161404013634
26 56 0 8 0.161198168993
25 66 0 8 0.161164596677
3 57 0 8 0.158974826336
25 77 0 8 0.158404007554
30 36 0 8 0.15688277781
36 57 0 8 0.155826091766
5 79 0 8 0.155428975821
41 49 0 8 0.155194848776
9 19 0 8 0.153777346015
57 66 0 8 0.153000414371
8 57 0 8 0.15299718082
26 48 0 8 0.152506724
47 57 0 8 0.151793897152
39 49 0 8 0.15174973011
26 73 0 8 0.151472076774
15 65 0 8 0.150785952806
9 52 0 8 0.150003060699
50 73 0 8 0.149768993258
14 22 0 8 0.149380400777
4 50 0 8 0.149112865329
10 67 0 8 0.148966878653
23 37 0 8 0.147820085287
32 52 0 8 0.147532969713
8 59 0 8 0.147151768208
9 60 0 8 0.146930813789
39 48 0 8 0.146518930793
5 54 0 8 0.145364150405
7 59 0 8 0.143985882401
47 66 0 8 0.143873289227
9 80 0 8 0.14348974824
10 57 0 8 0.142735809088
10 66 0 8 0.142600014806
9 18 0 8 0.142068341374
19 38 0 8 0.141571775079
22 58 0 8 0.141268774867
6 32 0 8 0.140510037541
9 58 0 8 0.140448972583
39 44 0 8 0.140311539173
44 63 0 8 0.139582425356
49 61 0 8 0.138644233346
3 32 0 8 0.137547269464
4 34 0 8 0.13692060113
19 37 0 8 0.136817708611
5 60 0 8 0.136814296246
13 67 0 8 0.136655345559
46 66 0 8 0.136041492224
31 52 0 8 0.13474996388
8 76 0 8 0.134522423148
33 54 0 8 0.134105235338
40 66 0 8 0.133695349097
22 73 0 8 0.133361116052
50 77 0 8 0.133234277368
8 34 0 8 0.133055269718
34 59 0 8 0.132881417871
4 54 0 8 0.132674708962
22 57 0 8 0.13263694942
10 76 0 8 0.130655840039
59 62 0 8 0.130590096116
35 53 0 8 0.130319014192
4 61 0 8 0.130111664534
34 80 0 8 0.13001088798
11 66 0 8 0.129729896784
50 66 0 8 0.129510551691
30 83 0 8 0.128791153431
22 50 0 8 0.128313913941
8 66 0 8 0.128273785114
26 36 0 8 0.128266245127
42 66 0 8 0.127523452044
8 80 0 8 0.127282842994
32 35 0 8 0.127086058259
9 56 0 8 0.126732885838
10 65 0 8 0.125970363617
12 18 0 8 0.125417530537
27 32 0 8 0.125102490187
30 50 0 8 0.125027552247
8 56 0 8 0.124973021448
10 80 0 8 0.124743394554
3 61 0 8 0.124220453203
3 80 0 8 0.123142704368
53 56 0 8 0.123134247959
43 62 0 8 0.121412009001
7 73 0 8 0.121255397797
67 76 0 8 0.120911963284
61 67 0 8 0.119404524565
38 49 0 8 0.119269259274
46 58 0 8 0.119255654514
30 58 0 8 0.118951424956
38 50 0 8 0.118500806391
34 76 0 8 0.117753386497
12 48 0 8 0.1176629439
30 76 0 8 0.117607116699
59 63 0 8 0.116788782179
11 42 0 8 0.116387307644
8 67 0 8 0.116330929101
9 59 0 8 0.116188012064
43 46 0 8 0.115927606821
41 72 0 8 0.114924959838
32 51 0 8 0.114489980042
39 42 0 8 0.114388301969
5 48 0 8 0.114241413772
59 73 0 8 0.114168867469
4 32 0 8 0.11325661093
12 46 0 8 0.113221853971
8 35 0 8 0.111990503967
15 73 0 8 0.111820854247
64 68 0 8 0.111767083406
55 79 0 8 0.111130416393
15 46 0 8 0.110828362405
11 19 0 8 0.110578201711
46 64 0 8 0.110410064459
22 76 0 8 0.110332161188
45 65 0 8 0.110308356583
11 39 0 8 0.109922803938
39 43 0 8 0.109637916088
37 50 0 8 0.109562315047
3 83 0 8 0.109227895737
63 66 0 8 0.108847856522
6 48 0 8 0.108723193407
37 40 0 8 0.108456961811
10 38 0 8 0.108048483729
1 33 0 8 0.108042143285
7 10 0 8 0.108017146587
51 58 0 8 0.107564046979
9 26 0 8 0.107105202973
26 31 0 8 0.106467209756
7 35 0 8 0.106095686555
7 79 0 8 0.105917327106
62 66 0 8 0.105450466275
22 80 0 8 0.105256937444
30 56 0 8 0.104936890304
19 50 0 8 0.104722127318
3 34 0 8 0.104234166443
12 41 0 8 0.104221187532
35 56 0 8 0.104199662805
36 66 0 8 0.103718653321
3 50 0 8 0.103601559997
36 77 0 8 0.103091053665
36 47 0 8 0.102853938937
37 46 0 8 0.101978741586
30 48 0 8 0.101890221238
33 62 0 8 0.101632557809
4 55 0 8 0.101447351277
36 39 0 8 0.101274549961
48 83 0 8 0.101122036576
9 12 0 8 0.100992120802
26 66 0 8 0.100775778294
50 79 0 8 0.100756399333
38 41 0 8 0.100573472679
42 47 0 8 0.100468017161
11 49 0 8 0.0998792797327
58 68 0 8 0.0998057201505
30 51 0 8 0.0998020768166
3 62 0 8 0.0989239290357
34 61 0 8 0.0985115915537
60 73 0 8 0.0984554588795
36 76 0 8 0.0983073115349
43 65 0 8 0.0981545597315
48 84 0 8 0.0980779752135
64 67 0 8 0.0979625284672
8 22 0 8 0.0975879877806
26 83 0 8 0.0975105166435
36 73 0 8 0.0970348566771
7 38 0 8 0.0970291718841
6 60 0 8 0.0969515517354
10 56 0 8 0.0969217345119
58 72 0 8 0.0966619178653
15 67 0 8 0.0963477268815
8 26 0 8 0.0962957218289
22 36 0 8 0.0961061343551
30 35 0 8 0.0959154218435
8 41 0 8 0.0957770571113
34 48 0 8 0.0954322367907
8 14 0 8 0.0954192504287
2 60 0 8 0.0953965261579
8 16 0 8 0.0950296372175
7 66 0 8 0.0946754515171
10 50 0 8 0.093949764967
3 35 0 8 0.0933439284563
13 17 0 8 0.093149356544
7 72 0 8 0.0931295454502
26 58 0 8 0.0931125506759
37 56 0 8 0.0930989608169
10 68 0 8 0.0927929207683
50 83 0 8 0.0926440805197
33 55 0 8 0.09242233634
17 66 0 8 0.0924078151584
38 45 0 8 0.0921901911497
56 76 0 8 0.0917347893119
67 70 0 8 0.0916798785329
4 58 0 8 0.0916275158525
31 51 0 8 0.0915850624442
22 67 0 8 0.0908781960607
14 42 0 8 0.090196006
48 79 0 8 0.089933514595
34 47 0 8 0.0898963734508
4 53 0 8 0.089519508183
41 66 0 8 0.089240051806
7 46 0 8 0.0892069414258
26 79 0 8 0.0891356766224
5 66 0 8 0.0888123437762
59 80 0 8 0.0887123718858
4 48 0 8 0.0887072831392
35 58 0 8 0.0885912179947
53 75 0 8 0.0877838730812
10 45 0 8 0.0872472897172
12 66 0 8 0.0868712812662
13 42 0 8 0.086635068059
29 80 0 8 0.086495898664
10 49 0 8 0.0863088518381
4 56 0 8 0.0862665101886
22 79 0 8 0.0860884487629
9 39 0 8 0.0856823995709
8 43 0 8 0.0856621935964
18 68 0 8 0.0855937600136
66 69 0 8 0.0855611786246
22 84 0 8 0.0854698717594
19 47 0 8 0.0854060128331
12 40 0 8 0.0853749141097
49 62 0 8 0.0851874426007
37 58 0 8 0.0850867182016
4 36 0 8 0.085056617856
32 59 0 8 0.0847317576408
34 58 0 8 0.0845069587231
3 58 0 8 0.0844942852855
4 47 0 8 0.0843347981572
11 38 0 8 0.0840573683381
22 59 0 8 0.0840434804559
45 58 0 8 0.0839904844761
38 42 0 8 0.0839698687196
7 53 0 8 0.0835322067142
7 47 0 8 0.083278618753
5 22 0 8 0.0832148045301
15 42 0 8 0.0827830582857
38 57 0 8 0.0825690701604
22 83 0 8 0.0825067162514
7 83 0 8 0.0822437033057
19 80 0 8 0.0817903056741
14 46 0 8 0.0817304700613
33 60 0 8 0.0815748050809
39 60 0 8 0.0813992992043
26 57 0 8 0.0812906771898
13 65 0 8 0.0809644907713
16 46 0 8 0.0807952582836
7 54 0 8 0.0804879292846
9 43 0 8 0.080146253109
13 45 0 8 0.0798675939441
44 66 0 8 0.0791864395142
62 68 0 8 0.0791609287262
46 67 0 8 0.078977547586
13 44 0 8 0.0788430422544
47 65 0 8 0.0786947757006
10 73 0 8 0.0786721110344
8 52 0 8 0.0785185545683
33 61 0 8 0.0784054324031
29 66 0 8 0.0783620476723
59 68 0 8 0.0782993733883
8 60 0 8 0.0778850242496
6 57 0 8 0.0778193324804
33 48 0 8 0.0775680020452
63 67 0 8 0.0772188380361
33 57 0 8 0.0772138461471
11 58 0 8 0.076901897788
30 61 0 8 0.0768149346113
7 23 0 8 0.0767898932099
31 53 0 8 0.0764975622296
5 61 0 8 0.0763000398874
13 47 0 8 0.07620921731
10 39 0 8 0.0761278644204
44 67 0 8 0.0760699138045
3 56 0 8 0.0758537724614
9 51 0 8 0.0758511945605
5 38 0 8 0.0754727572203
36 80 0 8 0.0753569304943
59 76 0 8 0.075329311192
50 84 0 8 0.0753256082535
35 49 0 8 0.0750246420503
33 59 0 8 0.0748846828938
36 67 0 8 0.0744348615408
58 63 0 8 0.0743492767215
13 48 0 8 0.0741382017732
58 73 0 8 0.0738942623138
52 58 0 8 0.0737360417843
59 64 0 8 0.0736867040396
10 22 0 8 0.0736699700356
11 50 0 8 0.0732384100556
3 53 0 8 0.072956033051
34 55 0 8 0.0729203224182
30 66 0 8 0.0727881044149
34 56 0 8 0.07270912081
15 59 0 8 0.0726878419518
3 84 0 8 0.0726643353701
39 66 0 8 0.0725592747331
5 77 0 8 0.0725281834602
8 44 0 8 0.0722612515092
1 4 0 8 0.0722027271986
31 54 0 8 0.0720500126481
41 48 0 8 0.0719494149089
3 54 0 8 0.0719477385283
9 22 0 8 0.0719093233347
57 80 0 8 0.0718426480889
10 58 0 8 0.0715784430504
11 67 0 8 0.0712897479534
57 79 0 8 0.0712655261159
3 48 0 8 0.0712346956134
4 38 0 8 0.071045935154
35 57 0 8 0.0708773285151
16 65 0 8 0.0707283839583
2 59 0 8 0.0705005154014
57 84 0 8 0.0703545436263
5 49 0 8 0.0703382641077
17 67 0 8 0.0701323598623
30 57 0 8 0.0700889155269
46 63 0 8 0.0699985772371
66 76 0 8 0.0697837024927
18 73 0 8 0.0695486888289
11 22 0 8 0.069465726614
51 80 0 8 0.069231890142
19 76 0 8 0.0688781663775
19 65 0 8 0.0682761594653
9 55 0 8 0.0682474672794
37 76 0 8 0.0680707246065
36 58 0 8 0.0680689066648
15 68 0 8 0.0677180066705
11 18 0 8 0.0676969513297
31 57 0 8 0.0673803761601
12 17 0 8 0.0673710182309
5 67 0 8 0.0673204138875
46 76 0 8 0.066806524992
4 46 0 8 0.0667646229267
11 65 0 8 0.0665880218148
16 41 0 8 0.0665179491043
65 69 0 8 0.0663979277015
8 46 0 8 0.0661213025451
34 54 0 8 0.0658774152398
12 16 0 8 0.0658451393247
2 61 0 8 0.0657717064023
5 37 0 8 0.0657650828362
26 81 0 8 0.0655882656574
5 84 0 8 0.0655463710427
44 64 0 8 0.0654645487666
12 49 0 8 0.0653755813837
22 37 0 8 0.0653605535626
10 79 0 8 0.0651805251837
22 49 0 8 0.0651423409581
34 53 0 8 0.0650908574462
37 80 0 8 0.0646341070533
27 52 0 8 0.0646124556661
9 45 0 8 0.064580604434
6 66 0 8 0.0644382685423
48 77 0 8 0.0643662586808
47 63 0 8 0.0642968565226
34 83 0 8 0.0642792880535
9 40 0 8 0.0640614628792
20 72 0 8 0.0638439431787
59 72 0 8 0.0638328790665
32 54 0 8 0.0638144016266
7 30 0 8 0.0637520104647
16 40 0 8 0.063496209681
36 46 0 8 0.0634259432554
9 77 0 8 0.0633017793298
3 22 0 8 0.0632555782795
28 33 0 8 0.0631034001708
57 70 0 8 0.0630009099841
23 84 0 8 0.0629618614912
22 77 0 8 0.0628503635526
1 61 0 8 0.0626053661108
34 57 0 8 0.0625669062138
30 81 0 8 0.0625397264957
6 80 0 8 0.0622841902077
30 47 0 8 0.0616082921624
26 52 0 8 0.06153665483
9 73 0 8 0.0614125654101
7 60 0 8 0.0613299570978
38 51 0 8 0.0612800940871
32 56 0 8 0.0612591952085
18 71 0 8 0.0609389059246
7 68 0 8 0.0609311573207
2 54 0 8 0.0606297813356
8 12 0 8 0.0605418905616
10 59 0 8 0.0601172074676
30 79 0 8 0.0601116456091
50 55 0 8 0.0600098222494
58 80 0 8 0.0597948841751
9 61 0 8 0.0595974810421
41 62 0 8 0.0595367401838
3 67 0 8 0.0595247000456
2 34 0 8 0.0595059767365
37 79 0 8 0.0593595467508
11 16 0 8 0.0591506622732
44 65 0 8 0.0590947568417
8 15 0 8 0.0590157844126
40 67 0 8 0.0587789937854
34 72 0 8 0.0587023943663
33 56 0 8 0.0586970746517
10 40 0 8 0.0586437545717
35 59 0 8 0.0585224851966
28 32 0 8 0.0585083775222
8 39 0 8 0.0584770217538
44 72 0 8 0.058428209275
12 65 0 8 0.0584111064672
9 83 0 8 0.0581329800189
36 52 0 8 0.0581174865365
9 79 0 8 0.0579772777855
9 68 0 8 0.0577497221529
33 83 0 8 0.0576320625842
65 73 0 8 0.0575993619859
11 80 0 8 0.0575489476323
58 61 0 8 0.0575395859778
35 48 0 8 0.0573503524065
15 44 0 8 0.0573077537119
52 84 0 8 0.0572820492089
20 37 0 8 0.0570927374065
8 55 0 8 0.0569825991988
61 68 0 8 0.0569144152105
19 58 0 8 0.0568788871169
65 72 0 8 0.0568586215377
15 76 0 8 0.0566669516265
35 47 0 8 0.0564835555851
83 88 0 8 0.0562798678875
9 54 0 8 0.0558861047029
3 49 0 8 0.0558442808688
15 45 0 8 0.0558355711401
3 36 0 8 0.0558303296566
13 43 0 8 0.0557524859905
7 18 0 8 0.0556734018028
29 68 0 8 0.0556236244738
9 42 0 8 0.055356092751
57 68 0 8 0.0552367269993
4 66 0 8 0.0552149042487
38 52 0 8 0.0551650524139
22 66 0 8 0.0551010631025
3 47 0 8 0.0549841746688
5 65 0 8 0.0549452751875
38 66 0 8 0.0547395460308
10 60 0 8 0.0544358156621
23 80 0 8 0.0543819926679
46 49 0 8 0.0543727837503
9 23 0 8 0.0541796311736
19 67 0 8 0.054029148072
8 54 0 8 0.0539980717003
2 83 0 8 0.0537972301245
10 77 0 8 0.0537932105362
19 36 0 8 0.053413297981
36 84 0 8 0.0531089119613
44 59 0 8 0.0528348274529
11 68 0 8 0.0528000444174
19 46 0 8 0.0527833290398
8 19 0 8 0.0527425780892
23 41 0 8 0.0525866001844
2 52 0 8 0.0524787530303
22 38 0 8 0.0523805953562
12 39 0 8 0.0523517504334
25 70 0 8 0.052263841033
13 76 0 8 0.0518156811595
45 48 0 8 0.0517901852727
2 53 0 8 0.0517241582274
10 55 0 8 0.0516412518919
50 67 0 8 0.051620785147
19 59 0 8 0.0515103638172
23 83 0 8 0.0514611713588
57 83 0 8 0.0514522008598
5 62 0 8 0.0513690076768
47 76 0 8 0.0513621978462
6 47 0 8 0.0512931719422
14 44 0 8 0.0511717610061
16 42 0 8 0.0511367022991
20 56 0 8 0.0510970577598
26 59 0 8 0.050923589617
58 69 0 8 0.0508734211326
56 67 0 8 0.0508080124855
5 32 0 8 0.0506426729262
11 56 0 8 0.050547812134
3 66 0 8 0.0505360625684
7 55 0 8 0.0504054874182
18 67 0 8 0.0502680726349
38 43 0 8 0.0502391122282
10 42 0 8 0.0502128712833
64 69 0 8 0.0501692853868
8 83 0 8 0.0501668304205
36 56 0 8 0.0500694923103
43 63 0 8 0.0499092675745
26 35 0 8 0.0498651377857
19 52 0 8 0.0498031936586
36 40 0 8 0.0497155450284
7 15 0 8 0.049472335726
8 73 0 8 0.0493520647287
33 69 0 8 0.0493469201028
32 63 0 8 0.0492101088166
65 76 0 8 0.0491336770356
62 67 0 8 0.0489487983286
12 68 0 8 0.0484711900353
12 67 0 8 0.0484279245138
8 65 0 8 0.0483377277851
33 58 0 8 0.0483008995652
30 53 0 8 0.0480979196727
33 36 0 8 0.0480142608285
6 55 0 8 0.0477805659175
58 83 0 8 0.0477516539395
3 65 0 8 0.0477390550077
38 44 0 8 0.0477105267346
6 56 0 8 0.0476882942021
11 41 0 8 0.0474509112537
29 51 0 8 0.0473362095654
36 83 0 8 0.0472794100642
14 48 0 8 0.04689739272
8 68 0 8 0.0467525981367
12 63 0 8 0.0467392764986
10 72 0 8 0.0467085316777
54 79 0 8 0.0466999039054
2 32 0 8 0.0466214306653
8 45 0 8 0.0464996285737
46 73 0 8 0.0462753027678
13 22 0 8 0.0461471527815
2 62 0 8 0.0459676608443
4 41 0 8 0.0458455495536
2 49 0 8 0.0458407588303
8 11 0 8 0.0454249866307
34 37 0 8 0.045296933502
31 35 0 8 0.0452620759606
10 16 0 8 0.0452456995845
67 75 0 8 0.0451968945563
8 77 0 8 0.045163191855
1 46 0 8 0.0451497659087
49 83 0 8 0.0451272577047
13 40 0 8 0.0450411625206
14 40 0 8 0.0450252704322
49 80 0 8 0.0447987318039
30 59 0 8 0.0447208546102
39 50 0 8 0.0446688942611
57 73 0 8 0.0446684062481
47 64 0 8 0.0446282066405
63 68 0 8 0.0446041300893
43 66 0 8 0.0445759221911
11 60 0 8 0.0444742813706
4 42 0 8 0.0444425567985
9 17 0 8 0.0442904569209
3 51 0 8 0.0442804470658
3 77 0 8 0.0440897084773
42 65 0 8 0.0440557673573
9 72 0 8 0.0439901053905
9 44 0 8 0.0438962727785
8 13 0 8 0.0438824817538
7 84 0 8 0.0436689294875
45 49 0 8 0.043636392802
2 58 0 8 0.0435731299222
37 57 0 8 0.043542444706
29 81 0 8 0.043477203697
2 35 0 8 0.0434226058424
35 60 0 8 0.0431233011186
4 44 0 8 0.0430538803339
3 29 0 8 0.043002307415
58 62 0 8 0.0429580435157
6 67 0 8 0.0429389104247
1 60 0 8 0.0427960529923
4 62 0 8 0.0427402183414
18 70 0 8 0.0425761789083
19 39 0 8 0.0425539761782
66 71 0 8 0.0424512438476
4 63 0 8 0.0421776734293
34 49 0 8 0.0421052649617
41 65 0 8 0.0420744381845
34 66 0 8 0.0419780574739
31 61 0 8 0.0418747104704
2 40 0 8 0.0417484045029
13 50 0 8 0.0415660776198
44 48 0 8 0.0414289347827
15 38 0 8 0.0413631573319
36 59 0 8 0.0413500927389
51 79 0 8 0.0413261912763
57 72 0 8 0.0412513911724
4 30 0 8 0.0412365682423
47 68 0 8 0.041152767837
11 44 0 8 0.0410404056311
18 76 0 8 0.0409838594496
30 84 0 8 0.0409820452332
23 50 0 8 0.0409162864089
13 59 0 8 0.0409114770591
26 84 0 8 0.0408247224987
7 42 0 8 0.0407801941037
18 40 0 8 0.0407683923841
29 33 0 8 0.0403378792107
56 66 0 8 0.0403292775154
29 72 0 8 0.0402431637049
10 44 0 8 0.0401049107313
8 18 0 8 0.0399392880499
29 76 0 8 0.039909068495
1 62 0 8 0.0398446135223
10 69 0 8 0.0397958643734
51 84 0 8 0.0396025665104
2 45 0 8 0.039345216006
14 62 0 8 0.0391789004207
51 76 0 8 0.0390865579247
35 55 0 8 0.0390573479235
5 46 0 8 0.0390358306468
22 34 0 8 0.039034768939
15 77 0 8 0.0390009731054
6 65 0 8 0.0388630330563
11 57 0 8 0.0388285219669
23 67 0 8 0.0388266183436
29 36 0 8 0.0387017019093
52 77 0 8 0.0385362878442
30 54 0 8 0.0385315865278
29 83 0 8 0.0384757965803
36 70 0 8 0.0384257361293
48 65 0 8 0.0383543483913
36 79 0 8 0.0383411161602
10 52 0 8 0.038328140974
3 87 0 8 0.0382841490209
34 79 0 8 0.038279235363
37 41 0 8 0.0382752977312
38 80 0 8 0.0382092930377
4 84 0 8 0.0381156913936
68 76 0 8 0.038082357496
47 73 0 8 0.0380147174001
30 65 0 8 0.0379898808897
14 58 0 8 0.0379786901176
25 84 0 8 0.0379245467484
35 79 0 8 0.0377954207361
48 62 0 8 0.0376780927181
19 56 0 8 0.0376222543418
37 59 0 8 0.0373296290636
10 83 0 8 0.0372682958841
4 80 0 8 0.0371477752924
7 33 0 8 0.0370927415788
3 46 0 8 0.0370325669646
3 79 0 8 0.0368734337389
13 68 0 8 0.0368301272392
40 49 0 8 0.036815918982
50 69 0 8 0.0367965884507
26 72 0 8 0.0366564393044
15 51 0 8 0.0365659147501
4 45 0 8 0.0365606881678
4 83 0 8 0.0365330353379
14 66 0 8 0.03647878021
1 52 0 8 0.0363276079297
46 80 0 8 0.036315664649
5 27 0 8 0.0362344160676
2 38 0 8 0.0361946560442
4 87 0 8 0.0361890681088
13 69 0 8 0.0361545458436
19 60 0 8 0.0361160822213
8 79 0 8 0.0361111201346
4 65 0 8 0.0359728522599
46 83 0 8 0.0359543114901
41 61 0 8 0.0359502732754
6 46 0 8 0.0359269790351
2 48 0 8 0.0359019823372
8 33 0 8 0.0359003730118
19 83 0 8 0.0358701720834
20 84 0 8 0.0357374437153
3 45 0 8 0.0356803126633
59 79 0 8 0.0355980359018
39 65 0 8 0.0355430729687
33 49 0 8 0.0354732833803
12 58 0 8 0.0354262553155
9 35 0 8 0.0353081561625
40 51 0 8 0.0349835827947
9 41 0 8 0.0348519235849
42 64 0 8 0.0347988717258
39 51 0 8 0.0345563739538
6 61 0 8 0.0344713516533
26 32 0 8 0.0344441123307
7 13 0 8 0.0344067364931
55 83 0 8 0.0343566797674
11 76 0 8 0.0343364030123
27 50 0 8 0.0342760682106
57 69 0 8 0.0342377722263
5 55 0 8 0.034106630832
50 54 0 8 0.0341001339257
8 40 0 8 0.034072753042
40 72 0 8 0.0340466499329
57 65 0 8 0.0338421650231
31 59 0 8 0.0337864160538
63 69 0 8 0.0337789468467
56 72 0 8 0.0337507724762
1 59 0 8 0.0337405987084
7 61 0 8 0.0337360724807
4 79 0 8 0.0337119586766
1 32 0 8 0.0337084382772
20 36 0 8 0.0337019227445
12 47 0 8 0.0336705073714
37 54 0 8 0.0336702205241
11 59 0 8 0.0336120165884
15 52 0 8 0.0335952267051
13 72 0 8 0.0335124060512
29 78 0 8 0.0333486497402
33 77 0 8 0.0332640036941
47 80 0 8 0.0332375317812
27 56 0 8 0.0331319049001
7 39 0 8 0.0330943390727
26 67 0 8 0.033092841506
14 59 0 8 0.0330174490809
58 77 0 8 0.0329838879406
11 37 0 8 0.0327618569136
23 76 0 8 0.0327413678169
30 72 0 8 0.032535508275
53 57 0 8 0.0325175411999
8 53 0 8 0.0325105749071
18 58 0 8 0.0322668291628
5 87 0 8 0.0322030819952
2 46 0 8 0.0321280434728
35 72 0 8 0.0320923887193
15 48 0 8 0.031973965466
15 70 0 8 0.0319543331861
11 17 0 8 0.0319011062384
10 36 0 8 0.0318543091416
30 67 0 8 0.0318258032203
13 73 0 8 0.0317271277308
13 61 0 8 0.03168034181
48 56 0 8 0.0316544398665
27 38 0 8 0.031583532691
15 57 0 8 0.0315094292164
11 20 0 8 0.0314851291478
6 30 0 8 0.0313660241663
37 72 0 8 0.0313441976905
41 63 0 8 0.0312513001263
36 53 0 8 0.0312128867954
34 67 0 8 0.0311231408268
42 48 0 8 0.0311101656407
10 43 0 8 0.0310597643256
23 49 0 8 0.031030209735
2 39 0 8 0.0310035105795
9 34 0 8 0.0310031790286
10 17 0 8 0.0309782475233
54 83 0 8 0.0309719089419
5 68 0 8 0.0309609044343
8 84 0 8 0.0308989062905
33 80 0 8 0.030870096758
56 69 0 8 0.0308557618409
61 72 0 8 0.0307904742658
22 87 0 8 0.0306529458612
34 60 0 8 0.0306333489716
66 70 0 8 0.0305458456278
37 52 0 8 0.030535120517
18 87 0 8 0.0304920785129
12 69 0 8 0.0304693281651
10 41 0 8 0.0303880013525
26 75 0 8 0.0303307231516
25 65 0 8 0.0301599893719
38 76 0 8 0.0300766248256
53 82 0 8 0.0299866851419
58 71 0 8 0.0299413297325
12 19 0 8 0.0299128554761
32 61 0 8 0.029890358448
16 60 0 8 0.0298146661371
19 79 0 8 0.0297983866185
56 79 0 8 0.0297845639288
3 40 0 8 0.0297595430166
5 47 0 8 0.0297590345144
1 53 0 8 0.0297452956438
18 50 0 8 0.0297101419419
33 81 0 8 0.0296664889902
1 40 0 8 0.0294369142503
14 41 0 8 0.0293942075223
38 56 0 8 0.0293756294996
4 68 0 8 0.029274225235
27 54 0 8 0.0291518624872
3 30 0 8 0.0291222818196
7 65 0 8 0.0289641898125
6 45 0 8 0.0289370380342
13 62 0 8 0.0287540555
27 51 0 8 0.0286595448852
7 45 0 8 0.0286180637777
1 47 0 8 0.0285483431071
11 64 0 8 0.0285175591707
13 60 0 8 0.0285137630999
31 60 0 8 0.028375396505
67 80 0 8 0.0282112602144
29 84 0 8 0.0280707944185
18 38 0 8 0.028065668419
37 45 0 8 0.0279855970293
16 39 0 8 0.0279812198132
56 84 0 8 0.0279249697924
19 49 0 8 0.0278573278338
23 38 0 8 0.0278045665473
12 38 0 8 0.0277998168021
35 80 0 8 0.0277526043355
23 56 0 8 0.0277356132865
43 48 0 8 0.0276341270655
5 23 0 8 0.0275668706745
58 79 0 8 0.0275403838605
18 46 0 8 0.0275115612894
57 77 0 8 0.0274888128042
22 71 0 8 0.0272328294814
3 6 0 8 0.02719976753
49 84 0 8 0.0271735303104
12 64 0 8 0.0271227825433
14 67 0 8 0.0271084494889
35 38 0 8 0.0270840935409
54 57 0 8 0.0270613301545
2 67 0 8 0.0270608402789
4 43 0 8 0.0270559191704
2 47 0 8 0.0268770251423
34 38 0 8 0.0268702413887
14 76 0 8 0.0267827827483
59 69 0 8 0.0267019253224
10 26 0 8 0.0266606844962
9 84 0 8 0.0266406387091
27 80 0 8 0.0265983231366
13 41 0 8 0.0264831408858
33 76 0 8 0.0263890232891
18 84 0 8 0.0263761803508
37 67 0 8 0.0262917391956
31 58 0 8 0.0262721907347
30 55 0 8 0.0262550022453
5 73 0 8 0.0261340811849
30 78 0 8 0.0260884258896
13 56 0 8 0.0260561276227
2 66 0 8 0.0260386485606
3 38 0 8 0.0260040555149
39 79 0 8 0.0259023401886
48 72 0 8 0.0259021129459
43 67 0 8 0.0258598197252
3 64 0 8 0.0258555877954
19 66 0 8 0.025839433074
21 87 0 8 0.0258268807083
36 81 0 8 0.0255834069103
23 48 0 8 0.0255443379283
52 87 0 8 0.0254497341812
29 79 0 8 0.0254452861845
5 39 0 8 0.0253087878227
4 76 0 8 0.0252751335502
34 84 0 8 0.0251367185265
2 65 0 8 0.0251261238009
56 83 0 8 0.0250676609576
44 49 0 8 0.025057291612
3 31 0 8 0.0250016469508
37 55 0 8 0.0249009858817
60 72 0 8 0.0248262546957
8 87 0 8 0.0247931163758
11 83 0 8 0.0246211942285
40 87 0 8 0.0245926324278
10 84 0 8 0.0245141126215
81 86 0 8 0.0244559906423
6 84 0 8 0.0244402978569
2 30 0 8 0.0244348179549
10 37 0 8 0.0244062244892
2 5 0 8 0.0243567302823
6 26 0 8 0.0243374928832
5 44 0 8 0.0243272352964
23 46 0 8 0.0241783987731
12 61 0 8 0.0241529960185
11 23 0 8 0.0241330601275
17 22 0 8 0.0240764264017
23 58 0 8 0.0240151267499
17 76 0 8 0.0239883679897
2 50 0 8 0.023944677785
13 80 0 8 0.0237294714898
48 87 0 8 0.0236675348133
3 82 0 8 0.023656418547
41 68 0 8 0.0236504357308
36 72 0 8 0.0236448030919
50 87 0 8 0.0236423816532
8 72 0 8 0.0235844720155
15 63 0 8 0.0235837418586
31 56 0 8 0.0235555544496
47 87 0 8 0.0235479716212
2 56 0 8 0.0234925411642
38 67 0 8 0.0234763715416
19 87 0 8 0.0234443377703
37 73 0 8 0.0233769211918
4 67 0 8 0.0232876725495
2 84 0 8 0.0232612974942
16 66 0 8 0.0232394356281
1 54 0 8 0.023237939924
16 63 0 8 0.023227294907
14 68 0 8 0.0231959670782
5 72 0 8 0.0231676399708
37 66 0 8 0.0231667384505
9 64 0 8 0.0231566037983
18 59 0 8 0.0231416318566
11 69 0 8 0.0231392607093
10 51 0 8 0.0231258571148
11 55 0 8 0.0231185145676
29 56 0 8 0.0231145042926
25 36 0 8 0.0230326876044
29 52 0 8 0.0230301879346
6 44 0 8 0.0229799281806
31 80 0 8 0.0229253713042
10 87 0 8 0.0228487309068
6 76 0 8 0.022822227329
13 57 0 8 0.0227409843355
42 62 0 8 0.0227268412709
15 58 0 8 0.0227242577821
3 26 0 8 0.0227214843035
23 59 0 8 0.022712584585
9 87 0 8 0.0226841680706
26 46 0 8 0.0226818174124
14 65 0 8 0.0226275920868
1 56 0 8 0.0225778650492
37 84 0 8 0.0225736238062
47 84 0 8 0.0225466527045
16 67 0 8 0.022532062605
6 87 0 8 0.0224984642118
13 63 0 8 0.0224935989827
9 75 0 8 0.0224857684225
35 39 0 8 0.0224773902446
29 32 0 8 0.022458633408
40 56 0 8 0.0224555023015
34 62 0 8 0.0224459506571
26 51 0 8 0.0224347244948
52 81 0 8 0.0223608724773
12 70 0 8 0.0223091691732
29 67 0 8 0.0223004650325
13 87 0 8 0.0222713779658
39 67 0 8 0.0222489777952
52 72 0 8 0.0222406610847
10 54 0 8 0.0222299452871
38 59 0 8 0.0221960227937
19 84 0 8 0.0221547670662
13 38 0 8 0.0221243854612
12 57 0 8 0.0220926553011
15 61 0 8 0.022053135559
2 36 0 8 0.0219481717795
51 87 0 8 0.0219388902187
30 87 0 8 0.0218936298043
29 34 0 8 0.0218745972961
5 40 0 8 0.0218743383884
15 83 0 8 0.0218650456518
15 64 0 8 0.0218644756824
50 72 0 8 0.0218128561974
37 83 0 8 0.0218010824174
12 87 0 8 0.0217598974705
38 58 0 8 0.0217409953475
38 72 0 8 0.0217325277627
22 47 0 8 0.0217181574553
42 61 0 8 0.0217027030885
5 69 0 8 0.0216825548559
36 55 0 8 0.0216638315469
25 87 0 8 0.0215491186827
63 72 0 8 0.021526709199
19 57 0 8 0.021521396935
6 83 0 8 0.0215080715716
32 60 0 8 0.0214467272162
10 64 0 8 0.0214174240828
41 67 0 8 0.0213799588382
22 72 0 8 0.0213263556361
49 55 0 8 0.0213138628751
14 73 0 8 0.0212997831404
57 75 0 8 0.021269287914
33 87 0 8 0.0212372839451
46 68 0 8 0.0212366394699
13 77 0 8 0.0212319269776
13 64 0 8 0.0211807284504
36 87 0 8 0.0211642403156
15 41 0 8 0.0211506728083
1 66 0 8 0.0211383905262
8 61 0 8 0.0211335495114
59 83 0 8 0.0210603866726
47 83 0 8 0.0210562497377
19 73 0 8 0.0210455227643
45 67 0 8 0.0210421551019
38 64 0 8 0.0210010036826
48 69 0 8 0.0209073908627
11 63 0 8 0.0209002699703
2 87 0 8 0.0208752863109
14 37 0 8 0.0208709985018
19 77 0 8 0.0208432935178
5 19 0 8 0.020833151415
57 81 0 8 0.0207784492522
15 79 0 8 0.0207589119673
23 39 0 8 0.0207456704229
9 33 0 8 0.020716432482
13 58 0 8 0.0206878166646
52 73 0 8 0.020660508424
11 87 0 8 0.0206286124885
16 69 0 8 0.0205917656422
18 83 0 8 0.0205821227282
1 51 0 8 0.020578134805
1 5 0 8 0.020564109087
23 52 0 8 0.0205562822521
47 72 0 8 0.0205377098173
22 75 0 8 0.0205178093165
7 20 0 8 0.0205013733357
18 48 0 8 0.0204549822956
9 53 0 8 0.0204306673259
41 79 0 8 0.0204095058143
2 51 0 8 0.0203909482807
1 34 0 8 0.0203771088272
17 50 0 8 0.0203684158623
20 87 0 8 0.0203603710979
14 47 0 8 0.0203254166991
13 21 0 8 0.0203192364424
52 65 0 8 0.0202910490334
82 87 0 8 0.0202838275582
15 47 0 8 0.0202771630138
3 81 0 8 0.0202698931098
10 75 0 8 0.0202614665031
16 38 0 8 0.0202211346477
13 70 0 8 0.0202202647924
15 80 0 8 0.0202086642385
29 87 0 8 0.0201968550682
11 73 0 8 0.020196152851
1 30 0 8 0.0201949551702
13 79 0 8 0.0201791897416
42 67 0 8 0.0201748758554
30 49 0 8 0.0201068017632
10 61 0 8 0.0200907979161
5 81 0 8 0.0200567971915
23 51 0 8 0.0200032219291
10 23 0 8 0.0199416037649
60 76 0 8 0.0199380982667
40 50 0 8 0.0199374295771
53 80 0 8 0.0199345462024
23 73 0 8 0.0199039243162
9 30 0 8 0.0198207758367
43 87 0 8 0.0197861995548
6 19 0 8 0.0197857636958
23 66 0 8 0.0197762977332
31 84 0 8 0.0197549890727
43 64 0 8 0.0197475291789
38 84 0 8 0.0197314471006
17 65 0 8 0.0197088196874
25 83 0 8 0.0196875091642
15 56 0 8 0.0196778476238
4 22 0 8 0.0196663923562
27 84 0 8 0.0196512192488
35 83 0 8 0.0196339283139
49 79 0 8 0.0196125674993
56 68 0 8 0.019601335749
36 54 0 8 0.0195641424507
1 45 0 8 0.0195540525019
47 51 0 8 0.0195275396109
2 57 0 8 0.0194982290268
9 70 0 8 0.0194802228361
3 76 0 8 0.0194750186056
56 73 0 8 0.0194490943104
18 56 0 8 0.0194049030542
17 87 0 8 0.0193785037845
35 84 0 8 0.0193057339638
7 87 0 8 0.0192905049771
16 68 0 8 0.0192639343441
37 87 0 8 0.0192588753998
36 45 0 8 0.0192251317203
37 60 0 8 0.0192194990814
17 77 0 8 0.0192187614739
40 57 0 8 0.0192122589797
60 69 0 8 0.0192014947534
37 53 0 8 0.0191664528102
47 69 0 8 0.0190827995539
60 70 0 8 0.0190211590379
31 50 0 8 0.0189932193607
81 87 0 8 0.0189903490245
15 62 0 8 0.0189844556153
17 45 0 8 0.0189707856625
52 69 0 8 0.018959030509
20 38 0 8 0.018927725032
2 41 0 8 0.0189195685089
66 75 0 8 0.0189054384828
11 36 0 8 0.0189046375453
35 61 0 8 0.0188632700592
29 58 0 8 0.0188594684005
30 60 0 8 0.0188546404243
2 76 0 8 0.0188115462661
39 61 0 8 0.0187660232186
39 72 0 8 0.0187431760132
3 39 0 8 0.0187282375991
26 49 0 8 0.0187043659389
59 77 0 8 0.0187029950321
14 60 0 8 0.0186606887728
55 73 0 8 0.0186420511454
1 67 0 8 0.0186250302941
22 65 0 8 0.0185932759196
48 51 0 8 0.0185278747231
18 72 0 8 0.018498532474
23 55 0 8 0.0184904392809
5 18 0 8 0.018461054191
60 77 0 8 0.0184601731598
10 34 0 8 0.0184558723122
35 86 0 8 0.018422935158
27 37 0 8 0.0184196569026
67 74 0 8 0.018413990736
6 14 0 8 0.0183700602502
29 86 0 8 0.0183692518622
10 53 0 8 0.0183609500527
16 51 0 8 0.0183443501592
50 60 0 8 0.0183229520917
43 49 0 8 0.0182666722685
1 87 0 8 0.0182619970292
33 84 0 8 0.0182544533163
32 57 0 8 0.0182454306632
16 87 0 8 0.0181885976344
22 74 0 8 0.0181716866791
4 40 0 8 0.0181612242013
37 42 0 8 0.0181544627994
34 75 0 8 0.0181541740894
48 63 0 8 0.0181308016181
51 73 0 8 0.0180877875537
65 75 0 8 0.0180559270084
9 27 0 8 0.0180414263159
21 84 0 8 0.0180398747325
13 83 0 8 0.0179968830198
2 42 0 8 0.0179827734828
43 69 0 8 0.0179700627923
31 79 0 8 0.0179616250098
12 76 0 8 0.0179398711771
36 69 0 8 0.017936989665
26 87 0 8 0.0179286338389
32 83 0 8 0.0179260652512
18 47 0 8 0.0179215166718
52 66 0 8 0.0179048553109
15 69 0 8 0.0179036986083
23 57 0 8 0.0178943686187
58 84 0 8 0.0178930852562
2 44 0 8 0.0178842321038
42 70 0 8 0.0178499594331
14 79 0 8 0.017848437652
3 41 0 8 0.0178230702877
3 42 0 8 0.0178164690733
52 82 0 8 0.0178105700761
10 62 0 8 0.0177563223988
41 87 0 8 0.017725892365
61 69 0 8 0.0177117846906
38 79 0 8 0.0176903270185
42 49 0 8 0.0176823418587
33 79 0 8 0.0176426786929
58 70 0 8 0.0176416710019
13 49 0 8 0.0176239516586
12 52 0 8 0.0176158715039
52 75 0 8 0.0175646934658
14 43 0 8 0.0175576265901
7 17 0 8 0.0175313986838
12 62 0 8 0.0174845885485
3 72 0 8 0.0174819175154
35 76 0 8 0.0174525734037
4 71 0 8 0.0174379330128
34 81 0 8 0.0174339395016
10 35 0 8 0.0174312032759
14 57 0 8 0.0174006018788
11 54 0 8 0.0173766575754
15 49 0 8 0.0173648316413
15 84 0 8 0.017351264134
13 75 0 8 0.0173330884427
7 40 0 8 0.0173126086593
41 51 0 8 0.0173007529229
44 87 0 8 0.0172739699483
14 50 0 8 0.0172600131482
14 87 0 8 0.0172549989074
12 84 0 8 0.0172447804362
35 87 0 8 0.017243957147
9 71 0 8 0.0172375906259
2 6 0 8 0.0171820223331
21 83 0 8 0.0171785671264
26 68 0 8 0.0171664878726
21 86 0 8 0.0171490702778
40 65 0 8 0.0171464197338
29 59 0 8 0.0171365216374
1 39 0 8 0.0171268954873
62 69 0 8 0.0171187669039
10 71 0 8 0.0171017814428
3 55 0 8 0.0170889124274
31 36 0 8 0.0170440226793
6 68 0 8 0.017035452649
16 48 0 8 0.0170041564852
2 69 0 8 0.0170015674084
14 71 0 8 0.0169716048986
42 60 0 8 0.0169594697654
32 87 0 8 0.0169493220747
53 81 0 8 0.0169404894114
11 84 0 8 0.0169402752072
59 75 0 8 0.0169364940375
43 61 0 8 0.0169273987412
38 83 0 8 0.0169004797935
16 44 0 8 0.016898682341
12 60 0 8 0.0168935488909
14 69 0 8 0.0168873425573
60 80 0 8 0.0168665256351
13 84 0 8 0.0168534684926
27 73 0 8 0.0168109666556
39 56 0 8 0.0167937707156
79 84 0 8 0.016792960465
31 49 0 8 0.0167918018997
34 46 0 8 0.0167802181095
10 81 0 8 0.016758652404
35 73 0 8 0.016752673313
22 46 0 8 0.0167091991752
40 60 0 8 0.0166977271438
36 65 0 8 0.0166862290353
11 72 0 8 0.0166453123093
1 84 0 8 0.0166335012764
18 79 0 8 0.0166289769113
12 59 0 8 0.016612727195
50 75 0 8 0.0166119560599
30 75 0 8 0.0165733471513
49 53 0 8 0.0165544655174
59 71 0 8 0.016553433612
55 58 0 8 0.0165530052036
33 86 0 8 0.0165481548756
7 11 0 8 0.0165254492313
13 71 0 8 0.0165125187486
25 56 0 8 0.0164989177138
17 83 0 8 0.016484092921
49 76 0 8 0.0164817199111
1 44 0 8 0.016429040581
23 87 0 8 0.0164206363261
8 42 0 8 0.0164187960327
4 88 0 8 0.0163990650326
46 84 0 8 0.0163593608886
4 86 0 8 0.0163425132632
9 63 0 8 0.0163364559412
2 64 0 8 0.0163098983467
21 48 0 8 0.0162917524576
65 70 0 8 0.0162751935422
21 37 0 8 0.0162390321493
44 83 0 8 0.0162362195551
5 86 0 8 0.016226567328
16 76 0 8 0.0162069313228
11 61 0 8 0.0161846242845
9 69 0 8 0.0161835998297
15 50 0 8 0.0161732472479
57 60 0 8 0.01616579853
44 73 0 8 0.0161641612649
40 62 0 8 0.0161488410085
49 69 0 8 0.0161297377199
1 55 0 8 0.0161125790328
53 71 0 8 0.0161098204553
42 68 0 8 0.0161061380059
57 71 0 8 0.0160751417279
37 77 0 8 0.0160745605826
2 77 0 8 0.0160611718893
12 51 0 8 0.0160521771759
5 29 0 8 0.0160514619201
46 57 0 8 0.01604154706
40 61 0 8 0.0160311032087
1 41 0 8 0.0160234775394
18 52 0 8 0.0160098299384
77 82 0 8 0.0159603133798
49 86 0 8 0.0159568078816
6 42 0 8 0.0159543678164
37 43 0 8 0.0159375015646
13 54 0 8 0.0159272383898
29 74 0 8 0.0159168001264
33 72 0 8 0.0158856101334
57 61 0 8 0.0158855207264
47 86 0 8 0.015876473859
39 84 0 8 0.0158627033234
22 82 0 8 0.0158515106887
63 70 0 8 0.0158155616373
12 43 0 8 0.0158085729927
15 20 0 8 0.0157692413777
18 80 0 8 0.015766043216
46 77 0 8 0.0157553423196
31 55 0 8 0.0157490950078
19 35 0 8 0.0157352630049
16 70 0 8 0.0157331749797
12 56 0 8 0.0157029274851
13 51 0 8 0.0156996920705
3 88 0 8 0.0156729370356
2 80 0 8 0.0156685914844
20 74 0 8 0.0156674869359
40 80 0 8 0.0156657807529
3 73 0 8 0.0156298652291
5 63 0 8 0.015625493601
41 84 0 8 0.0156243490055
2 55 0 8 0.015621136874
28 51 0 8 0.0156106846407
8 86 0 8 0.0155880227685
7 81 0 8 0.0155836977065
2 29 0 8 0.0155736794695
7 14 0 8 0.0155683364719
1 64 0 8 0.0155643979087
13 55 0 8 0.0155556704849
25 30 0 8 0.0155359879136
6 16 0 8 0.0155310956761
37 65 0 8 0.0155245643109
30 70 0 8 0.0155015811324
37 44 0 8 0.0154991354793
23 40 0 8 0.0154661731794
53 87 0 8 0.0154569335282
40 79 0 8 0.0154132163152
39 68 0 8 0.0153835033998
56 77 0 8 0.0153473960236
18 69 0 8 0.0153403924778
7 75 0 8 0.0153165636584
10 70 0 8 0.0153125720099
13 39 0 8 0.0153048308566
13 37 0 8 0.0153036592528
1 65 0 8 0.0153022445738
3 86 0 8 0.0152993127704
58 87 0 8 0.0152969863266
55 80 0 8 0.0152931576595
58 75 0 8 0.0152743272483
11 43 0 8 0.0152524746954
77 84 0 8 0.0152484634891
16 45 0 8 0.0152427367866
21 66 0 8 0.0152222365141
15 87 0 8 0.015183871612
1 83 0 8 0.0151489302516
12 72 0 8 0.0151314316317
11 86 0 8 0.0151064032689
37 61 0 8 0.0150936385617
49 87 0 8 0.0150901377201
32 84 0 8 0.0150830587372
11 79 0 8 0.0150750139728
58 82 0 8 0.0150263383985
32 80 0 8 0.015005829744
21 70 0 8 0.0149988746271
17 40 0 8 0.0149788036942
48 85 0 8 0.01496936474
38 65 0 8 0.0148843927309
66 77 0 8 0.0148789966479
20 39 0 8 0.0148687539622
22 81 0 8 0.0148652335629
34 87 0 8 0.0148614924401
2 63 0 8 0.014796747826
69 74 0 8 0.0147726815194
29 50 0 8 0.0147593282163
4 69 0 8 0.0147488331422
22 35 0 8 0.0147457709536
5 42 0 8 0.0147411925718
8 23 0 8 0.0147355906665
46 72 0 8 0.0147287938744
33 71 0 8 0.0147189917043
45 84 0 8 0.0147172696888
19 61 0 8 0.0146989161149
29 57 0 8 0.0146974530071
16 52 0 8 0.014692123048
5 45 0 8 0.0146809713915
3 27 0 8 0.0146763306111
26 74 0 8 0.0146701876074
3 68 0 8 0.014662806876
57 64 0 8 0.0146464128047
2 68 0 8 0.0146462963894
7 41 0 8 0.0146338874474
10 63 0 8 0.0146213434637
46 87 0 8 0.0146169811487
24 29 0 8 0.0145663199946
6 79 0 8 0.014549491927
3 85 0 8 0.0145407300442
39 52 0 8 0.0145373959094
44 84 0 8 0.0145025579259
18 36 0 8 0.0144823780283
6 77 0 8 0.0144813498482
18 37 0 8 0.0144736077636
4 72 0 8 0.0144726764411
12 86 0 8 0.0144638987258
13 52 0 8 0.0144616486505
25 86 0 8 0.0144455712289
1 35 0 8 0.0144335599616
45 50 0 8 0.014432169497
51 86 0 8 0.0144316414371
37 75 0 8 0.0144019173458
4 77 0 8 0.0143871493638
15 39 0 8 0.0143671147525
29 75 0 8 0.014361653477
4 81 0 8 0.014325148426
16 37 0 8 0.0143147232011
11 71 0 8 0.0142846060917
46 50 0 8 0.0142660597339
60 79 0 8 0.0142492521554
11 62 0 8 0.0142354881391
16 71 0 8 0.0142309190705
3 23 0 8 0.0142308855429
26 37 0 8 0.0142128691077
50 82 0 8 0.0142092276365
52 68 0 8 0.0141861904413
1 29 0 8 0.0141808893532
17 48 0 8 0.0141799962148
48 81 0 8 0.0141683025286
17 58 0 8 0.014156864956
49 82 0 8 0.0141387023032
15 43 0 8 0.014135424979
62 72 0 8 0.0141256740317
1 63 0 8 0.014124863781
42 79 0 8 0.0141143966466
15 37 0 8 0.0140750696883
61 71 0 8 0.0140740834177
9 20 0 8 0.0140554504469
23 79 0 8 0.0140494583175
45 87 0 8 0.0140470350161
16 58 0 8 0.0140359504148
36 68 0 8 0.0140080517158
23 81 0 8 0.0139977280051
7 27 0 8 0.0139916222543
27 55 0 8 0.0139819160104
3 71 0 8 0.0139808906242
12 71 0 8 0.0139746535569
27 77 0 8 0.0139703769237
38 87 0 8 0.0139627000317
50 81 0 8 0.0139476880431
1 81 0 8 0.0139428284019
40 68 0 8 0.0139314858243
2 79 0 8 0.0139301028103
25 60 0 8 0.0139031112194
8 27 0 8 0.0138860782608
27 58 0 8 0.0138764576986
41 80 0 8 0.0138547336683
29 82 0 8 0.0138536579907
49 77 0 8 0.0138360084966
40 83 0 8 0.0138307912275
12 54 0 8 0.0138149308041
12 73 0 8 0.0138120595366
6 86 0 8 0.0138045921922
35 67 0 8 0.0137832835317
1 31 0 8 0.0137567790225
58 64 0 8 0.0137447444722
60 71 0 8 0.0137392254546
1 38 0 8 0.0137357236817
68 74 0 8 0.0137327006087
46 69 0 8 0.0137250889093
16 84 0 8 0.0137129845098
7 71 0 8 0.0136909782887
5 85 0 8 0.0136785116047
30 86 0 8 0.013671237044
3 44 0 8 0.0136589165777
39 62 0 8 0.0136538557708
29 35 0 8 0.0136459460482
7 74 0 8 0.0136249559
14 80 0 8 0.013618696481
64 72 0 8 0.0135977407917
1 50 0 8 0.0135944085196
32 47 0 8 0.013574089855
40 86 0 8 0.0135604711249
6 40 0 8 0.0135604143143
33 74 0 8 0.0135337151587
17 84 0 8 0.0135067617521
39 71 0 8 0.0135042145848
39 87 0 8 0.0134959900752
49 67 0 8 0.0134951276705
32 81 0 8 0.0134882917628
55 69 0 8 0.0134823415428
32 50 0 8 0.013458294794
40 76 0 8 0.0134473200887
62 71 0 8 0.0134409135208
2 86 0 8 0.0134339788929
19 42 0 8 0.0134315649047
8 62 0 8 0.0134249702096
1 77 0 8 0.0134128686041
4 23 0 8 0.013410679996
11 51 0 8 0.0134062767029
1 23 0 8 0.0134020829573
25 68 0 8 0.0133977271616
41 83 0 8 0.0133965536952
64 71 0 8 0.0133963087574
36 60 0 8 0.0133800525218
25 74 0 8 0.0133798699826
19 41 0 8 0.0133773712441
4 26 0 8 0.0133622251451
14 84 0 8 0.0133480615914
47 50 0 8 0.013310209848
22 53 0 8 0.0133042875677
9 74 0 8 0.0132873598486
15 40 0 8 0.0132650844753
17 59 0 8 0.0132587952539
48 68 0 8 0.0132318343967
51 67 0 8 0.0132147977129
4 73 0 8 0.0131894890219
2 88 0 8 0.0131838619709
47 88 0 8 0.0131713673472
25 72 0 8 0.0131684923545
16 73 0 8 0.0131629100069
11 77 0 8 0.0131548717618
7 44 0 8 0.0131514621899
6 63 0 8 0.0131320562214
38 60 0 8 0.0131188202649
45 68 0 8 0.0130967805162
10 21 0 8 0.0130776688457
1 86 0 8 0.0130718424916
26 55 0 8 0.0130587331951
39 63 0 8 0.0130579350516
56 71 0 8 0.0130481794477
22 41 0 8 0.0130376340821
24 87 0 8 0.0129935918376
2 71 0 8 0.0129828331992
63 75 0 8 0.0129726817831
33 37 0 8 0.0129471421242
32 36 0 8 0.0129414340481
40 84 0 8 0.0129394177347
66 74 0 8 0.01293786522
31 76 0 8 0.0129378344864
40 70 0 8 0.0129288136959
29 69 0 8 0.0129208071157
57 87 0 8 0.0129027152434
27 46 0 8 0.0128901805729
2 73 0 8 0.0128889242187
14 39 0 8 0.0128861833364
48 82 0 8 0.0128860250115
2 72 0 8 0.0128817679361
52 71 0 8 0.0128745362163
20 42 0 8 0.0128680597991
61 73 0 8 0.0128388609737
38 53 0 8 0.0128375748172
7 70 0 8 0.0128326984122
23 45 0 8 0.012819361873
42 87 0 8 0.0128144267946
6 15 0 8 0.0128072015941
14 72 0 8 0.0128055019304
61 76 0 8 0.0127838440239
1 26 0 8 0.0127723729238
17 69 0 8 0.0127656217664
23 47 0 8 0.0127652073279
41 52 0 8 0.0127625092864
59 70 0 8 0.0127446716651
17 80 0 8 0.0127446418628
5 8 0 8 0.0127441566437
3 37 0 8 0.0127173187211
14 38 0 8 0.0127167683095
22 44 0 8 0.0127054098994
3 69 0 8 0.0126631734893
52 86 0 8 0.0126564204693
1 88 0 8 0.0126475747675
18 64 0 8 0.012645627372
36 61 0 8 0.0126381339505
18 62 0 8 0.0126262456179
41 76 0 8 0.0126132387668
51 77 0 8 0.0125936036929
27 76 0 8 0.0125729255378
29 55 0 8 0.012571494095
22 60 0 8 0.0125409159809
12 83 0 8 0.012536293827
36 86 0 8 0.0124869532883
21 72 0 8 0.0124699957669
68 75 0 8 0.0124561041594
22 86 0 8 0.0124233458191
41 50 0 8 0.0124147906899
18 57 0 8 0.0124102374539
14 83 0 8 0.0124073913321
41 64 0 8 0.01240612939
22 27 0 8 0.0124006913975
46 70 0 8 0.0123920105398
1 69 0 8 0.0123675884679
29 65 0 8 0.0123626450077
15 75 0 8 0.0123606417328
36 44 0 8 0.0123402550817
29 88 0 8 0.0123394243419
10 86 0 8 0.0123338410631
53 67 0 8 0.0123098334298
13 53 0 8 0.0123049933463
3 63 0 8 0.0123044950888
13 86 0 8 0.012299656868
61 70 0 8 0.0122989965603
54 84 0 8 0.0122928405181
2 70 0 8 0.0122790047899
55 68 0 8 0.0122697548941
23 71 0 8 0.0122666005045
2 82 0 8 0.0122048379853
6 13 0 8 0.0122003033757
16 79 0 8 0.0121905952692
22 54 0 8 0.0121757322922
24 35 0 8 0.0121525842696
1 79 0 8 0.0121491672471
27 48 0 8 0.0121408030391
28 34 0 8 0.0121303759515
6 22 0 8 0.0121100684628
22 51 0 8 0.0121023869142
31 62 0 8 0.0120806274936
35 46 0 8 0.0120729934424
37 69 0 8 0.0120727261528
29 61 0 8 0.0120679158717
47 79 0 8 0.0120633803308
27 87 0 8 0.0120402388275
5 88 0 8 0.0120334224775
39 55 0 8 0.0120284622535
1 58 0 8 0.0120226498693
54 69 0 8 0.0120204929262
32 65 0 8 0.0120165972039
47 56 0 8 0.012012985535
2 23 0 8 0.0120107224211
17 44 0 8 0.0119944764301
12 21 0 8 0.0119787547737
49 64 0 8 0.011977000162
11 52 0 8 0.0119684264064
30 85 0 8 0.01194728259
14 49 0 8 0.0119429556653
15 22 0 8 0.0119170602411
49 71 0 8 0.0119115812704
16 83 0 8 0.0118995653465
7 16 0 8 0.0118721975014
20 40 0 8 0.0118671199307
2 26 0 8 0.0118579808623
31 83 0 8 0.0118541987613
1 57 0 8 0.0118487207219
32 86 0 8 0.0118455439806
14 21 0 8 0.0118234949186
5 82 0 8 0.0118140829727
24 34 0 8 0.0118049569428
1 68 0 8 0.0117895137519
1 27 0 8 0.0117826163769
47 85 0 8 0.0117762833834
41 88 0 8 0.0117596918717
18 75 0 8 0.0117544783279
50 53 0 8 0.0117473341525
16 77 0 8 0.0117421438918
70 75 0 8 0.011722670868
53 84 0 8 0.0117163201794
36 75 0 8 0.0117113841698
26 60 0 8 0.0117046758533
54 80 0 8 0.0117034399882
31 87 0 8 0.011686867103
16 47 0 8 0.0116776349023
15 72 0 8 0.0116712627932
8 17 0 8 0.0116674797609
1 48 0 8 0.0116483708844
8 69 0 8 0.0116453627124
46 79 0 8 0.0116436565295
35 64 0 8 0.0116430306807
5 70 0 8 0.0116121890023
26 61 0 8 0.0115791149437
1 70 0 8 0.0115732876584
36 41 0 8 0.011563221924
2 25 0 8 0.0115625793114
32 79 0 8 0.011558922939
21 60 0 8 0.0115513140336
66 79 0 8 0.0115460297093
16 59 0 8 0.0115237710997
41 56 0 8 0.0115119628608
32 58 0 8 0.0115095051005
42 76 0 8 0.0114830015227
21 26 0 8 0.0114751672372
16 53 0 8 0.0114737395197
14 77 0 8 0.0114583196118
21 56 0 8 0.0114398188889
54 87 0 8 0.0114360991865
5 15 0 8 0.0114324549213
18 45 0 8 0.0114213107154
38 77 0 8 0.0114137977362
20 48 0 8 0.0114010311663
29 85 0 8 0.0113890357316
55 87 0 8 0.0113802561536
18 39 0 8 0.0113612590358
4 64 0 8 0.0113535169512
53 73 0 8 0.0113470954821
37 68 0 8 0.0113259432837
9 62 0 8 0.0113211385906
4 70 0 8 0.0112908203155
16 72 0 8 0.0112876379862
24 36 0 8 0.01127363462
4 85 0 8 0.0112712578848
40 64 0 8 0.0112708173692
15 74 0 8 0.0112486807629
23 54 0 8 0.0112472539768
19 34 0 8 0.0112307639793
40 75 0 8 0.0112284030765
18 77 0 8 0.0112161645666
45 69 0 8 0.0112157566473
2 85 0 8 0.0112091172487
26 54 0 8 0.0112024908885
5 64 0 8 0.011186150834
40 73 0 8 0.0111646410078
25 58 0 8 0.0111570730805
19 51 0 8 0.011157031171
16 54 0 8 0.0111449649557
7 21 0 8 0.0111400783062
27 53 0 8 0.0111381933093
52 67 0 8 0.0111266598105
55 67 0 8 0.0111245196313
30 62 0 8 0.0111244777218
38 73 0 8 0.0110708810389
48 86 0 8 0.0110528375953
38 75 0 8 0.0110481418669
42 84 0 8 0.0110448235646
8 75 0 8 0.0110411895439
21 79 0 8 0.0110262511298
6 72 0 8 0.0110195139423
26 82 0 8 0.0110027519986
5 78 0 8 0.010985346511
33 88 0 8 0.0109787797555
17 46 0 8 0.0109761292115
19 72 0 8 0.0109691172838
20 77 0 8 0.01094197575
34 86 0 8 0.0109363580123
29 53 0 8 0.0109349293634
5 71 0 8 0.0109321596101
2 81 0 8 0.0109249446541
55 71 0 8 0.0108756572008
36 43 0 8 0.0108435731381
39 83 0 8 0.0108385412022
30 46 0 8 0.0108227971941
12 79 0 8 0.010811551474
6 43 0 8 0.0108066070825
33 67 0 8 0.0108021069318
30 68 0 8 0.0108001912013
17 73 0 8 0.0108000282198
30 37 0 8 0.0107935545966
9 81 0 8 0.0107919760048
7 69 0 8 0.0107908565551
17 42 0 8 0.0107893962413
22 39 0 8 0.010780274868
46 75 0 8 0.0107754142955
11 53 0 8 0.0107747241855
20 76 0 8 0.010772603564
43 60 0 8 0.0107647869736
39 58 0 8 0.0107429232448
1 42 0 8 0.0107295131311
45 83 0 8 0.010723314248
49 54 0 8 0.0107134953141
22 61 0 8 0.0106890518218
53 86 0 8 0.0106880180538
23 60 0 8 0.0106788314879
5 75 0 8 0.0106786191463
12 50 0 8 0.0106489239261
3 43 0 8 0.010643966496
16 36 0 8 0.010618487373
1 80 0 8 0.0106085781008
45 51 0 8 0.0106060011312
2 22 0 8 0.0105800330639
15 71 0 8 0.0105670979246
7 82 0 8 0.0105668883771
14 54 0 8 0.0105618843809
30 71 0 8 0.0105561902747
30 82 0 8 0.0105441799387
29 54 0 8 0.0105386087671
1 25 0 8 0.010514956899
35 41 0 8 0.01049859263
19 75 0 8 0.0104827731848
19 44 0 8 0.0104530388489
8 70 0 8 0.0104529401287
11 88 0 8 0.0104389414191
35 75 0 8 0.0104342633858
23 30 0 8 0.0104315308854
38 69 0 8 0.0104169910774
64 70 0 8 0.0103968726471
17 62 0 8 0.0103947967291
19 45 0 8 0.0103786028922
10 25 0 8 0.0103767914698
53 69 0 8 0.0103704566136
33 46 0 8 0.0103638330474
3 70 0 8 0.0103633729741
41 59 0 8 0.010361040011
41 85 0 8 0.0103456983343
2 31 0 8 0.0103380568326
50 61 0 8 0.0103268409148
41 86 0 8 0.0103180194274
36 71 0 8 0.0103162275627
3 75 0 8 0.010314270854
26 65 0 8 0.0103020602837
39 70 0 8 0.010288329795
37 86 0 8 0.010268044658
6 88 0 8 0.0102655831724
44 70 0 8 0.0102367587388
25 67 0 8 0.0102363238111
56 65 0 8 0.0102329915389
24 33 0 8 0.0101777156815
32 55 0 8 0.010177494958
18 42 0 8 0.010163304396
21 85 0 8 0.0101599423215
12 22 0 8 0.0101591274142
14 64 0 8 0.0101483492181
53 76 0 8 0.0101480139419
14 61 0 8 0.0101305646822
62 73 0 8 0.010105682537
3 7 0 8 0.0101049197838
8 63 0 8 0.0100699607283
41 73 0 8 0.0100511582568
12 37 0 8 0.0100441770628
40 63 0 8 0.010037641041
18 41 0 8 0.0100325671956
37 71 0 8 0.0100256502628
26 86 0 8 0.0100134480745
7 43 0 8 0.0100061707199
38 71 0 8 0.00998324993998
14 86 0 8 0.0099779823795
14 75 0 8 0.00995879154652
6 9 0 8 0.00992832053453
11 85 0 8 0.00991602893919
13 36 0 8 0.00986739993095
40 55 0 8 0.00986651517451
18 54 0 8 0.00982740614563
2 37 0 8 0.00982381030917
1 49 0 8 0.00979346688837
20 46 0 8 0.00979151017964
14 56 0 8 0.00977753102779
55 72 0 8 0.00971884280443
43 84 0 8 0.00971115380526
12 88 0 8 0.00970196444541
56 70 0 8 0.00969022884965
56 75 0 8 0.00968301575631
31 81 0 8 0.00968276429921
53 77 0 8 0.00968210585415
1 36 0 8 0.00962590333074
33 75 0 8 0.00962349027395
63 71 0 8 0.00961182545871
17 72 0 8 0.00961102265865
1 73 0 8 0.00960840843618
58 74 0 8 0.00957576092333
38 54 0 8 0.00957536697388
20 41 0 8 0.0095634451136
10 82 0 8 0.00956063624471
30 74 0 8 0.00955445691943
32 62 0 8 0.00954940449446
9 86 0 8 0.00954284518957
48 75 0 8 0.00954277720302
48 52 0 8 0.00953927636147
5 16 0 8 0.0095306430012
6 64 0 8 0.00952877476811
56 87 0 8 0.00952620059252
3 19 0 8 0.0095089673996
62 70 0 8 0.00948606338352
17 57 0 8 0.00947834644467
59 87 0 8 0.00947767496109
16 43 0 8 0.00947570055723
25 82 0 8 0.00945852138102
42 51 0 8 0.00944298226386
51 88 0 8 0.00944048911333
30 64 0 8 0.00943517498672
38 55 0 8 0.00941888336092
18 86 0 8 0.00941855367273
31 74 0 8 0.00939967762679
52 85 0 8 0.00937928073108
54 76 0 8 0.00937852263451
21 88 0 8 0.00937714055181
12 55 0 8 0.00937466043979
2 43 0 8 0.00936977379024
12 80 0 8 0.0093648750335
54 72 0 8 0.00936418958008
22 70 0 8 0.00936003681272
18 44 0 8 0.0093598421663
31 67 0 8 0.0093581750989
39 85 0 8 0.00928569212556
49 81 0 8 0.00928298197687
46 74 0 8 0.00928162690252
32 88 0 8 0.00927745737135
15 81 0 8 0.00923310872167
6 73 0 8 0.00922912638634
44 51 0 8 0.00922290701419
45 77 0 8 0.00921502802521
18 61 0 8 0.0091470181942
1 72 0 8 0.00914586894214
35 66 0 8 0.00910946540534
27 79 0 8 0.00909932143986
21 69 0 8 0.00908824056387
31 63 0 8 0.00908223818988
14 52 0 8 0.00907369423658
5 41 0 8 0.00905917584896
61 80 0 8 0.00904130470008
4 7 0 8 0.0090339044109
31 86 0 8 0.00902969576418
40 52 0 8 0.00902056973428
20 86 0 8 0.00901877041906
5 31 0 8 0.00901312567294
80 85 0 8 0.00899782776833
55 84 0 8 0.00897683016956
1 85 0 8 0.00896102562547
5 43 0 8 0.00893498584628
47 77 0 8 0.00892512407154
17 86 0 8 0.00888583995402
6 71 0 8 0.0088817588985
62 75 0 8 0.00884183309972
42 69 0 8 0.00882373657078
8 88 0 8 0.0088137248531
54 70 0 8 0.00880691222847
21 77 0 8 0.00880636647344
21 65 0 8 0.00880163162947
1 37 0 8 0.00878915656358
10 78 0 8 0.00878739450127
1 76 0 8 0.00878056976944
47 81 0 8 0.00877909176052
25 33 0 8 0.0087781753391
1 43 0 8 0.00877024140209
73 78 0 8 0.00876523181796
10 85 0 8 0.0087556457147
39 86 0 8 0.00874442979693
45 73 0 8 0.0087419366464
8 85 0 8 0.00872286874801
42 77 0 8 0.00872272346169
8 64 0 8 0.0087177855894
18 63 0 8 0.00871432945132
39 80 0 8 0.00867164414376
28 84 0 8 0.0086592361331
4 31 0 8 0.00864925421774
33 65 0 8 0.00863295979798
27 47 0 8 0.00863021425903
42 80 0 8 0.00858874525875
10 74 0 8 0.0085744606331
27 57 0 8 0.00855980347842
39 69 0 8 0.00854750629514
6 10 0 8 0.00854315888137
8 71 0 8 0.00853256788105
33 73 0 8 0.00853114761412
21 36 0 8 0.00852839741856
29 49 0 8 0.00851580314338
57 82 0 8 0.00851290486753
24 84 0 8 0.00851237773895
4 27 0 8 0.0084960097447
44 69 0 8 0.00847058091313
18 78 0 8 0.00844756048173
34 68 0 8 0.00844597071409
9 21 0 8 0.00844295602292
31 72 0 8 0.00843850616366
35 88 0 8 0.00843742489815
51 85 0 8 0.00840333290398
59 84 0 8 0.00838762056082
44 58 0 8 0.0083657419309
27 83 0 8 0.00835806597024
49 52 0 8 0.00835766736418
17 79 0 8 0.00833936594427
35 85 0 8 0.00832667015493
17 41 0 8 0.00832239538431
21 44 0 8 0.00832232832909
38 68 0 8 0.00831545609981
39 73 0 8 0.0082893949002
21 40 0 8 0.00828100275248
19 68 0 8 0.00828088074923
7 86 0 8 0.00826893374324
33 85 0 8 0.00825505703688
14 55 0 8 0.00822777114809
43 76 0 8 0.00822315737605
43 59 0 8 0.00821102876216
2 27 0 8 0.00820023659617
56 61 0 8 0.00818921159953
31 85 0 8 0.00818875432014
62 79 0 8 0.00818337313831
21 67 0 8 0.00818047020584
53 70 0 8 0.00817738380283
56 85 0 8 0.00817552767694
58 86 0 8 0.00816922355443
17 75 0 8 0.0081684011966
8 30 0 8 0.00816729292274
33 70 0 8 0.0081528397277
48 71 0 8 0.00814044754952
41 69 0 8 0.00813972018659
49 72 0 8 0.00813214760274
18 60 0 8 0.00812819879502
21 76 0 8 0.00812333356589
9 88 0 8 0.00811616797
53 68 0 8 0.0081120301038
39 57 0 8 0.00811195373535
55 66 0 8 0.00808645971119
2 75 0 8 0.00807971972972
55 59 0 8 0.00807001534849
1 82 0 8 0.00806043576449
8 20 0 8 0.00805845763534
42 63 0 8 0.00804628804326
40 85 0 8 0.00804410409182
56 62 0 8 0.00804000347853
22 85 0 8 0.00803520623595
40 78 0 8 0.00803499575704
64 75 0 8 0.00803298689425
15 55 0 8 0.00802454072982
20 83 0 8 0.00802386086434
23 44 0 8 0.00802136398852
44 71 0 8 0.00801311153919
53 72 0 8 0.00800378527492
16 50 0 8 0.00798661541194
25 81 0 8 0.00796658359468
16 57 0 8 0.00796372070909
31 47 0 8 0.00794857554138
30 88 0 8 0.00793681573123
32 66 0 8 0.00787773542106
39 64 0 8 0.00787466485053
44 50 0 8 0.00786164775491
17 63 0 8 0.00785551778972
34 85 0 8 0.00785295665264
48 70 0 8 0.00785125140101
11 75 0 8 0.00784636568278
50 86 0 8 0.00784137099981
54 75 0 8 0.00784136727452
45 88 0 8 0.00784132629633
11 70 0 8 0.00783950928599
51 81 0 8 0.00782804936171
49 85 0 8 0.00782359205186
52 78 0 8 0.00782275106758
1 6 0 8 0.00781170791015
26 78 0 8 0.00778618920594
55 70 0 8 0.00777600612491
47 70 0 8 0.00776309985667
42 86 0 8 0.00772264739498
40 58 0 8 0.0077218436636
35 44 0 8 0.00771291507408
3 78 0 8 0.00771007267758
27 40 0 8 0.00770592223853
16 62 0 8 0.00770240463316
28 36 0 8 0.00769243994728
44 76 0 8 0.00767871178687
25 76 0 8 0.00766491377726
38 86 0 8 0.00765829719603
2 78 0 8 0.0076520415023
42 75 0 8 0.00763882929459
27 49 0 8 0.00763571774587
13 81 0 8 0.00762186292559
35 81 0 8 0.00761708943173
59 82 0 8 0.00761361513287
29 48 0 8 0.00761097855866
20 67 0 8 0.00760986562818
39 54 0 8 0.00759322149679
10 88 0 8 0.00758951110765
41 75 0 8 0.00758102489635
23 53 0 8 0.00756985833868
53 88 0 8 0.00756465131417
44 88 0 8 0.00756384572014
12 75 0 8 0.00756126549095
5 9 0 8 0.00756049994379
5 25 0 8 0.00755667267367
43 68 0 8 0.00755252921954
51 71 0 8 0.00754810217768
1 71 0 8 0.00754796946421
51 72 0 8 0.00754503067583
1 22 0 8 0.00754490215331
43 88 0 8 0.00753571698442
16 86 0 8 0.00753389811143
13 74 0 8 0.00753385946155
54 77 0 8 0.00750553561375
16 80 0 8 0.00748466374353
19 69 0 8 0.00748392706737
4 29 0 8 0.00746535882354
35 71 0 8 0.00746318278834
46 82 0 8 0.00745335174724
3 21 0 8 0.00744370324537
8 81 0 8 0.00744050508365
31 82 0 8 0.00744023360312
31 75 0 8 0.00743667129427
35 69 0 8 0.00741971842945
24 81 0 8 0.00741321034729
6 70 0 8 0.00740981800482
42 72 0 8 0.00739811733365
51 59 0 8 0.00738685391843
23 77 0 8 0.00738503970206
7 62 0 8 0.00738327484578
21 80 0 8 0.00736008910462
43 86 0 8 0.00735727138817
4 8 0 8 0.00734913721681
21 58 0 8 0.00734113762155
36 64 0 8 0.00733497925103
44 68 0 8 0.00732675520703
16 56 0 8 0.00732247671112
39 53 0 8 0.00731849577278
18 88 0 8 0.00731319701299
25 80 0 8 0.00729564996436
55 81 0 8 0.00729438615963
25 88 0 8 0.00728943664581
44 86 0 8 0.00727506866679
16 49 0 8 0.00727432500571
44 80 0 8 0.00726320408285
46 81 0 8 0.00725974934176
40 88 0 8 0.00725926179439
36 82 0 8 0.00725685339421
20 34 0 8 0.00723341433331
23 86 0 8 0.00722793443128
17 39 0 8 0.00722085824236
28 52 0 8 0.00720481015742
56 60 0 8 0.0071998317726
34 71 0 8 0.00719469413161
61 79 0 8 0.00719112530351
7 25 0 8 0.00718775903806
4 82 0 8 0.0071800625883
20 66 0 8 0.0071380934678
17 71 0 8 0.00712716951966
52 88 0 8 0.00712476437911
34 70 0 8 0.00712278112769
51 75 0 8 0.00711909588426
15 23 0 8 0.00711807794869
19 62 0 8 0.00711769750342
57 86 0 8 0.00708912778646
46 86 0 8 0.0070873927325
50 78 0 8 0.00707669276744
20 73 0 8 0.00707227829844
71 76 0 8 0.00706531712785
14 51 0 8 0.00705998344347
12 85 0 8 0.00704882433638
26 53 0 8 0.0070387320593
38 85 0 8 0.00703589990735
52 74 0 8 0.00700848922133
6 69 0 8 0.00699841510504
13 85 0 8 0.00699623161927
28 35 0 8 0.00698215002194
18 49 0 8 0.00697086239234
27 66 0 8 0.00696886191145
5 74 0 8 0.0069566834718
36 85 0 8 0.00695630768314
32 85 0 8 0.00695130275562
9 78 0 8 0.00695079891011
30 69 0 8 0.00694672204554
40 77 0 8 0.00693784328178
53 85 0 8 0.00693429913372
19 54 0 8 0.00693259527907
53 58 0 8 0.00693170865998
25 55 0 8 0.00690320366994
41 58 0 8 0.0068992851302
6 23 0 8 0.0068975831382
4 75 0 8 0.00689733214676
35 70 0 8 0.006885394454
6 29 0 8 0.00686231860891
21 39 0 8 0.00685861799866
20 88 0 8 0.00684812199324
45 86 0 8 0.00684762233868
20 44 0 8 0.0068387882784
57 85 0 8 0.00683442689478
82 88 0 8 0.00681211752817
14 63 0 8 0.00680963695049
21 81 0 8 0.00679857470095
43 81 0 8 0.00679609598592
31 48 0 8 0.00679491180927
50 68 0 8 0.00677739875391
44 79 0 8 0.0067772991024
50 70 0 8 0.00676149316132
49 73 0 8 0.00675873365253
34 40 0 8 0.00674357730895
40 69 0 8 0.00673712277785
11 81 0 8 0.00671780388802
35 65 0 8 0.00671330001205
37 82 0 8 0.00670666107908
7 24 0 8 0.00670072017238
77 83 0 8 0.00669335154817
72 77 0 8 0.00668968167156
6 85 0 8 0.0066855289042
14 20 0 8 0.00666799303144
50 74 0 8 0.00666754785925
64 73 0 8 0.00666109891608
42 50 0 8 0.00665443204343
22 40 0 8 0.00665147323161
36 42 0 8 0.00664685945958
10 20 0 8 0.00664442591369
63 77 0 8 0.00664412695915
42 83 0 8 0.00661618541926
40 81 0 8 0.00661185896024
5 21 0 8 0.00659834872931
17 68 0 8 0.00659463088959
42 85 0 8 0.00658635096624
48 78 0 8 0.00658619217575
27 59 0 8 0.00656747771427
42 88 0 8 0.00655501428992
19 74 0 8 0.00655348645523
3 25 0 8 0.00655129505321
20 81 0 8 0.00655087316409
23 72 0 8 0.00654412386939
23 85 0 8 0.00654103420675
15 86 0 8 0.00653475616127
24 37 0 8 0.006519342307
31 88 0 8 0.00651309126988
25 57 0 8 0.00649905204773
6 75 0 8 0.0064973467961
58 81 0 8 0.00648967735469
25 79 0 8 0.00648708641529
37 81 0 8 0.00647815875709
22 55 0 8 0.0064461142756
24 38 0 8 0.00644260924309
13 20 0 8 0.00644124206156
32 71 0 8 0.00642977468669
9 85 0 8 0.00642636697739
65 74 0 8 0.00641876272857
39 88 0 8 0.00641086744145
24 77 0 8 0.0064011127688
61 75 0 8 0.00634999293834
23 65 0 8 0.00633742939681
63 79 0 8 0.00633083563298
2 74 0 8 0.00632952479646
55 75 0 8 0.00632945867255
34 88 0 8 0.00632878718898
20 85 0 8 0.00631805183366
25 34 0 8 0.0063080159016
46 56 0 8 0.00629082601517
38 81 0 8 0.00628576939926
19 81 0 8 0.00628475099802
6 17 0 8 0.00628074677661
46 71 0 8 0.00626556063071
19 64 0 8 0.00625739526004
57 78 0 8 0.00625276239589
15 34 0 8 0.00625219382346
31 77 0 8 0.00624911626801
8 21 0 8 0.00624775700271
54 86 0 8 0.00624065287411
10 30 0 8 0.00623171962798
1 24 0 8 0.00622878223658
42 73 0 8 0.00622240360826
31 73 0 8 0.0061974436976
45 70 0 8 0.00619160523638
1 21 0 8 0.00617962749675
33 66 0 8 0.00617681443691
51 82 0 8 0.0061628324911
6 27 0 8 0.00613172492012
27 60 0 8 0.00611295830458
46 51 0 8 0.00610121851787
20 75 0 8 0.00609972700477
6 81 0 8 0.00607942976058
50 85 0 8 0.00606291601434
54 58 0 8 0.00604593148455
12 53 0 8 0.00602369615808
38 88 0 8 0.00600772630423
26 47 0 8 0.00599148869514
39 76 0 8 0.00597981968895
52 70 0 8 0.00597849907354
31 66 0 8 0.00597401754931
54 85 0 8 0.00595741905272
18 85 0 8 0.00595523416996
17 56 0 8 0.00595263764262
20 57 0 8 0.005952028092
11 78 0 8 0.00594933750108
35 77 0 8 0.00594756100327
37 85 0 8 0.00593979656696
47 82 0 8 0.00592696061358
59 74 0 8 0.00592502765357
41 71 0 8 0.00590882217512
22 78 0 8 0.00590772740543
26 44 0 8 0.00590746337548
21 68 0 8 0.00590236950666
9 25 0 8 0.00589094310999
24 42 0 8 0.00588233117014
60 75 0 8 0.00587722286582
21 59 0 8 0.00586843909696
25 52 0 8 0.00585565110669
41 77 0 8 0.00585478497669
63 73 0 8 0.00585089810193
28 54 0 8 0.00583895295858
29 62 0 8 0.00580616109073
37 88 0 8 0.00580135453492
59 81 0 8 0.00579804414883
20 79 0 8 0.0057980385609
6 18 0 8 0.0057929889299
26 85 0 8 0.00577402906492
23 32 0 8 0.00575309572741
29 71 0 8 0.00574825704098
43 72 0 8 0.00574552966282
64 76 0 8 0.0057298662141
5 20 0 8 0.00572354579344
47 71 0 8 0.00570761458948
7 78 0 8 0.00570743344724
54 73 0 8 0.00568433804438
11 82 0 8 0.0056829075329
45 85 0 8 0.00567133538425
26 38 0 8 0.00566819077358
44 85 0 8 0.00566430855542
32 70 0 8 0.0056642331183
25 75 0 8 0.00566008035094
21 46 0 8 0.00565483048558
38 62 0 8 0.00565347634256
16 64 0 8 0.00565218226984
17 88 0 8 0.00564755545929
1 75 0 8 0.00564499897882
25 59 0 8 0.0056365178898
32 76 0 8 0.00562948873267
63 76 0 8 0.00562642747536
7 85 0 8 0.00562384026125
41 54 0 8 0.00562072405592
12 77 0 8 0.00561343412846
27 86 0 8 0.00561243109405
13 88 0 8 0.00558305904269
15 54 0 8 0.00557829812169
20 58 0 8 0.00555640272796
33 78 0 8 0.00554456887767
12 20 0 8 0.00554352300242
3 74 0 8 0.00553773716092
52 59 0 8 0.00553715694696
20 52 0 8 0.00553547730669
27 75 0 8 0.00553264515474
1 78 0 8 0.00552958482876
17 70 0 8 0.00552876386791
54 88 0 8 0.0055273771286
14 70 0 8 0.00552059011534
2 24 0 8 0.00551478145644
34 78 0 8 0.00550693646073
46 88 0 8 0.00550334667787
41 70 0 8 0.00549089396372
1 19 0 8 0.0054902327247
21 71 0 8 0.00548696098849
44 81 0 8 0.00548530882224
37 70 0 8 0.00547911878675
46 85 0 8 0.00547544611618
50 65 0 8 0.00547529291362
17 52 0 8 0.0054742177017
24 83 0 8 0.00547300325707
22 42 0 8 0.00546083599329
27 81 0 8 0.00545502500609
14 88 0 8 0.00545264827088
62 76 0 8 0.00543975736946
32 78 0 8 0.00542059773579
21 75 0 8 0.00541822053492
29 63 0 8 0.0054084234871
12 35 0 8 0.00539083313197
15 53 0 8 0.00539052393287
61 77 0 8 0.00538751808926
51 70 0 8 0.00538310455158
27 61 0 8 0.00538164190948
22 63 0 8 0.00537842418998
57 74 0 8 0.00537470867857
76 81 0 8 0.00537253497168
36 88 0 8 0.00536438962445
43 70 0 8 0.00535898888484
17 49 0 8 0.00534996343777
22 33 0 8 0.0053424295038
11 21 0 8 0.00533863529563
12 30 0 8 0.0053236335516
24 66 0 8 0.0053195701912
39 75 0 8 0.00531797576696
19 53 0 8 0.00531751383096
25 37 0 8 0.00531579181552
75 80 0 8 0.00531557248905
23 61 0 8 0.00531518924981
13 78 0 8 0.00530824111775
19 63 0 8 0.00530349696055
15 36 0 8 0.00529777258635
47 75 0 8 0.00528870383278
67 77 0 8 0.00528141623363
35 63 0 8 0.00527639640495
20 59 0 8 0.00527583574876
26 71 0 8 0.00527104316279
18 51 0 8 0.00525968708098
14 53 0 8 0.00525925774127
9 82 0 8 0.00525553990155
39 77 0 8 0.00524814613163
51 78 0 8 0.00521873915568
16 61 0 8 0.00521216588095
44 75 0 8 0.00521209929138
55 86 0 8 0.00520196231082
21 50 0 8 0.00519931036979
49 75 0 8 0.00518343690783
64 79 0 8 0.00516917277128
36 78 0 8 0.00516342325136
38 61 0 8 0.00515951029956
39 59 0 8 0.00515154236928
34 69 0 8 0.00514439446852
17 60 0 8 0.00514352088794
45 80 0 8 0.00514120841399
80 87 0 8 0.00514019886032
16 88 0 8 0.00513889919966
32 49 0 8 0.00513653736562
40 71 0 8 0.00512757804245
33 82 0 8 0.00511980755255
36 74 0 8 0.00511451764032
26 69 0 8 0.00511249247938
45 79 0 8 0.00511058140546
8 74 0 8 0.00507156318054
17 85 0 8 0.00506383832544
32 75 0 8 0.00503635266796
17 43 0 8 0.00503411190584
8 78 0 8 0.00502937054262
32 77 0 8 0.00502439541742
1 74 0 8 0.00501463143155
15 85 0 8 0.00501114036888
4 15 0 8 0.00497505115345
2 20 0 8 0.00497195962816
19 86 0 8 0.0049648261629
51 60 0 8 0.00496359216049
40 53 0 8 0.00495914323255
31 71 0 8 0.00495876185596
20 65 0 8 0.00492668384686
45 76 0 8 0.00492619769648
44 74 0 8 0.00491361273453
19 85 0 8 0.00489644799381
24 86 0 8 0.00489519350231
25 31 0 8 0.0048926435411
55 82 0 8 0.00488630542532
78 83 0 8 0.00488175591454
41 78 0 8 0.00486074015498
22 30 0 8 0.00484612025321
18 43 0 8 0.00484022079036
12 81 0 8 0.00483324797824
58 85 0 8 0.00482883024961
25 85 0 8 0.00482817739248
24 67 0 8 0.00482148956507
25 42 0 8 0.0047990437597
56 86 0 8 0.00479710381478
49 88 0 8 0.00479547400028
20 68 0 8 0.00478203687817
7 63 0 8 0.00477230921388
17 61 0 8 0.00476296897978
43 83 0 8 0.00475787231699
37 78 0 8 0.00475593097508
78 84 0 8 0.00475427927449
27 39 0 8 0.00475267739967
54 81 0 8 0.00473284581676
13 82 0 8 0.00473119318485
37 74 0 8 0.00472552934662
22 64 0 8 0.00472430279478
16 75 0 8 0.00472221989185
41 60 0 8 0.00471576815471
48 88 0 8 0.00470958603546
51 69 0 8 0.00468905409798
29 37 0 8 0.00468879612163
15 78 0 8 0.00465610669926
60 83 0 8 0.00465306872502
35 62 0 8 0.00464318552986
43 85 0 8 0.00463197566569
19 43 0 8 0.00462453067303
27 67 0 8 0.00461987080052
1 20 0 8 0.00461158342659
50 71 0 8 0.00461143860593
4 24 0 8 0.004609211348
3 24 0 8 0.00460458640009
43 71 0 8 0.00460237311199
55 65 0 8 0.00459944223985
20 47 0 8 0.00458845729008
2 21 0 8 0.00458008423448
25 35 0 8 0.00457858201116
55 85 0 8 0.00454814033583
16 55 0 8 0.00454599503428
45 71 0 8 0.00453318702057
53 78 0 8 0.00453291367739
26 70 0 8 0.00453118421137
17 78 0 8 0.00451698061079
8 82 0 8 0.00451444461942
15 82 0 8 0.00450727809221
73 87 0 8 0.00448777945712
21 52 0 8 0.00447138445452
64 77 0 8 0.00446511665359
17 37 0 8 0.00445663370192
20 63 0 8 0.00444928137586
25 61 0 8 0.00443819817156
17 81 0 8 0.00443482212722
49 65 0 8 0.00443282863125
23 75 0 8 0.00443226052448
55 76 0 8 0.00442820601165
54 67 0 8 0.00441726064309
16 34 0 8 0.00441274559125
32 45 0 8 0.0044081308879
20 54 0 8 0.00440747849643
4 17 0 8 0.00439781602472
21 61 0 8 0.0043519786559
13 35 0 8 0.00432993099093
14 85 0 8 0.00431934278458
54 71 0 8 0.00431870296597
21 47 0 8 0.00431134784594
4 16 0 8 0.00430785724893
20 53 0 8 0.00430534454063
55 88 0 8 0.00429490534589
17 38 0 8 0.00429167877883
40 82 0 8 0.00429090065882
17 64 0 8 0.00427889311686
11 33 0 8 0.00426165899262
4 25 0 8 0.00425805244595
31 69 0 8 0.00424673594534
15 26 0 8 0.0042458102107
24 85 0 8 0.00424437737092
21 49 0 8 0.00423745485023
17 51 0 8 0.00423420639709
23 42 0 8 0.00423173187301
22 62 0 8 0.00423057889566
4 78 0 8 0.00421653082594
54 68 0 8 0.00421038875356
11 34 0 8 0.00420416565612
25 50 0 8 0.00420359289274
24 73 0 8 0.00419767294079
51 65 0 8 0.00419590529054
6 82 0 8 0.0041831554845
32 67 0 8 0.00417036144063
21 57 0 8 0.00415989477187
20 50 0 8 0.0041517210193
29 64 0 8 0.00414594821632
35 68 0 8 0.00414556451142
31 78 0 8 0.00414053769782
18 81 0 8 0.00412975344807
7 29 0 8 0.0041097109206
20 62 0 8 0.00410651927814
56 81 0 8 0.00410551112145
35 45 0 8 0.00410116417333
11 74 0 8 0.00409746496007
40 74 0 8 0.00409026769921
19 78 0 8 0.00406942656264
25 64 0 8 0.00406897440553
21 42 0 8 0.00406636483967
20 80 0 8 0.0040625911206
73 80 0 8 0.00405402574688
40 59 0 8 0.00403608940542
12 74 0 8 0.00403558509424
42 71 0 8 0.00403194362298
20 49 0 8 0.00402817502618
65 77 0 8 0.00402126135305
34 82 0 8 0.00402055867016
54 82 0 8 0.0040156445466
59 78 0 8 0.00401480589062
60 74 0 8 0.00400037690997
57 62 0 8 0.00399819435552
34 63 0 8 0.00397455738857
25 53 0 8 0.00396645395085
55 77 0 8 0.00394320581108
10 33 0 8 0.00394147913903
18 53 0 8 0.00394060509279
21 38 0 8 0.00393436243758
58 88 0 8 0.00391685822979
42 52 0 8 0.00391654437408
20 51 0 8 0.00391576113179
3 28 0 8 0.00391314318404
32 73 0 8 0.00390871474519
61 78 0 8 0.00390726653859
19 88 0 8 0.00390597712249
43 79 0 8 0.00390450982377
4 19 0 8 0.00388979772106
15 88 0 8 0.00387526769191
31 64 0 8 0.0038743307814
25 48 0 8 0.00386921456084
11 35 0 8 0.00386812118813
6 31 0 8 0.00386250670999
48 74 0 8 0.00385951553471
33 38 0 8 0.00385805824772
31 44 0 8 0.00383956264704
7 88 0 8 0.00383355957456
23 74 0 8 0.00383095652796
32 72 0 8 0.0038274533581
41 81 0 8 0.00381542183459
1 28 0 8 0.00380140147172
43 75 0 8 0.00379674555734
27 82 0 8 0.00379129382782
42 78 0 8 0.00377958547324
81 88 0 8 0.00376782938838
43 51 0 8 0.00376356998459
19 71 0 8 0.00376101769507
16 21 0 8 0.00376096786931
37 63 0 8 0.00374630675651
54 78 0 8 0.00374516262673
27 85 0 8 0.00374419311993
72 79 0 8 0.00374319893308
16 85 0 8 0.00372920371592
48 55 0 8 0.00372403254732
4 18 0 8 0.00372400064953
12 36 0 8 0.00372251146473
29 46 0 8 0.00370802800171
28 87 0 8 0.0037060782779
27 72 0 8 0.00369998975657
4 74 0 8 0.00369848543778
43 52 0 8 0.00369351822883
7 64 0 8 0.00369226699695
51 61 0 8 0.00365845579654
61 74 0 8 0.00365600921214
57 63 0 8 0.00364790158346
32 82 0 8 0.00364267639816
38 70 0 8 0.00363360019401
26 62 0 8 0.00363230030052
60 87 0 8 0.0036313876044
24 61 0 8 0.00362783530727
28 53 0 8 0.00362601387314
1 18 0 8 0.00360714201815
14 74 0 8 0.00358558655716
1 16 0 8 0.00358414067887
23 82 0 8 0.00357786729001
18 82 0 8 0.00357228564098
42 58 0 8 0.0035671396181
77 87 0 8 0.0035635503009
22 88 0 8 0.00356250908226
22 45 0 8 0.00355995213613
23 68 0 8 0.00355557398871
20 61 0 8 0.00354388891719
12 78 0 8 0.00354323396459
35 40 0 8 0.00351357623003
6 25 0 8 0.00350071443245
30 63 0 8 0.00348860397935
53 74 0 8 0.00348020135425
21 54 0 8 0.00347732822411
17 54 0 8 0.00346866599284
25 51 0 8 0.00346834119409
1 17 0 8 0.00346513860859
50 64 0 8 0.00346196233295
19 26 0 8 0.00345565751195
77 86 0 8 0.00345186144114
38 74 0 8 0.0034459924791
27 63 0 8 0.003444861155
12 82 0 8 0.00343432859518
24 59 0 8 0.00341995782219
49 78 0 8 0.0034166732803
27 62 0 8 0.00341359805316
7 12 0 8 0.00339921028353
56 82 0 8 0.00339647009969
20 69 0 8 0.00339583586901
31 43 0 8 0.00339138973504
10 29 0 8 0.00338487210684
14 78 0 8 0.0033828697633
19 33 0 8 0.00337723991834
17 36 0 8 0.00336837768555
20 78 0 8 0.00336336623877
2 16 0 8 0.00335455476306
31 68 0 8 0.00331020355225
55 61 0 8 0.00330929434858
69 76 0 8 0.00330431573093
45 72 0 8 0.00330139743164
41 57 0 8 0.0032969804015
39 74 0 8 0.00328397541307
43 73 0 8 0.00328179565258
19 82 0 8 0.00326684233733
42 81 0 8 0.00326054589823
5 24 0 8 0.00325903086923
17 74 0 8 0.00325374375097
33 64 0 8 0.00325227202848
19 55 0 8 0.00325027550571
58 78 0 8 0.0032485674601
56 74 0 8 0.00324654369615
55 74 0 8 0.00324359466322
80 86 0 8 0.00323908543214
44 77 0 8 0.00323345279321
28 37 0 8 0.00322839431465
20 60 0 8 0.00322576379403
38 63 0 8 0.003213618882
31 65 0 8 0.00321029406041
45 57 0 8 0.00319466297515
23 62 0 8 0.00319345900789
25 54 0 8 0.00317780673504
4 28 0 8 0.00316887744702
57 88 0 8 0.00316518172622
45 52 0 8 0.00315604428761
18 74 0 8 0.00315367220901
28 83 0 8 0.00315235904418
49 63 0 8 0.00315068289638
35 82 0 8 0.00314974994399
64 78 0 8 0.00312339328229
39 82 0 8 0.00311948638409
43 74 0 8 0.00311199389398
34 44 0 8 0.00311084580608
44 82 0 8 0.00310100568458
8 25 0 8 0.00309880124405
47 55 0 8 0.00309296743944
28 88 0 8 0.00308569078334
25 69 0 8 0.00306442915462
28 77 0 8 0.00306406198069
42 82 0 8 0.00306340074167
19 70 0 8 0.00304827978835
74 79 0 8 0.00304166600108
26 39 0 8 0.003023307072
37 62 0 8 0.00302231987007
2 18 0 8 0.00301730958745
14 81 0 8 0.00301722064614
24 60 0 8 0.00301301502623
43 78 0 8 0.00300996145234
1 12 0 8 0.0030081118457
34 74 0 8 0.00300660636276
51 74 0 8 0.00299981306307
24 58 0 8 0.00299402559176
31 41 0 8 0.00298695988022
23 88 0 8 0.00298623694107
35 74 0 8 0.00298401620239
21 78 0 8 0.00298299198039
17 55 0 8 0.00298028043471
65 83 0 8 0.00297599309124
14 36 0 8 0.00295781414025
28 85 0 8 0.00295241223648
28 86 0 8 0.00295136822388
48 64 0 8 0.00294496654533
24 88 0 8 0.00294208806008
56 88 0 8 0.00291917612776
78 87 0 8 0.00290110474452
54 74 0 8 0.00289997644722
3 17 0 8 0.00289677246474
60 84 0 8 0.00289316079579
26 88 0 8 0.00288581219502
34 45 0 8 0.00288105499931
2 28 0 8 0.00287890643813
43 50 0 8 0.00287345401011
62 74 0 8 0.0028683966957
16 81 0 8 0.0028654250782
43 80 0 8 0.00286542368121
31 37 0 8 0.00285563780926
24 76 0 8 0.00284998817369
27 65 0 8 0.00284415367059
23 69 0 8 0.00284207588993
21 74 0 8 0.00284054502845
23 43 0 8 0.00282772956416
25 78 0 8 0.00281990831718
30 38 0 8 0.00281818723306
14 82 0 8 0.00281673483551
60 78 0 8 0.00280845398083
35 43 0 8 0.00279850000516
41 82 0 8 0.00279692769982
25 46 0 8 0.00278673996218
39 81 0 8 0.00277190376073
29 42 0 8 0.00275433552451
2 19 0 8 0.00274470215663
47 74 0 8 0.00274061993696
27 88 0 8 0.00273185269907
27 45 0 8 0.00272123492323
43 77 0 8 0.0027115624398
25 40 0 8 0.0026877427008
24 56 0 8 0.0026836656034
1 15 0 8 0.00268025510013
21 55 0 8 0.00265851337463
17 47 0 8 0.0026561638806
49 66 0 8 0.00264604110271
38 82 0 8 0.00263787154108
48 54 0 8 0.00263513438404
79 87 0 8 0.00263506430201
63 74 0 8 0.00263220863417
4 21 0 8 0.00262915459462
49 74 0 8 0.00262804049999
33 63 0 8 0.00262261438183
23 70 0 8 0.00261397496797
25 32 0 8 0.0026133286301
6 74 0 8 0.00260992767289
20 71 0 8 0.00260125705972
3 20 0 8 0.0026006186381
21 82 0 8 0.00259662303142
60 81 0 8 0.00259606493637
52 62 0 8 0.00259500090033
24 39 0 8 0.00258667604066
12 23 0 8 0.00258173653856
38 78 0 8 0.00257733091712
25 38 0 8 0.0025754342787
28 79 0 8 0.00257014436647
27 74 0 8 0.00255515147001
21 29 0 8 0.00255484040827
13 23 0 8 0.00254846503958
3 8 0 8 0.00254711159505
20 25 0 8 0.00254628807306
3 18 0 8 0.00253548519686
55 60 0 8 0.00252741691656
24 32 0 8 0.00252235261723
18 55 0 8 0.0025219458621
6 20 0 8 0.00251880381256
61 84 0 8 0.00251644966193
21 43 0 8 0.00251470156945
3 15 0 8 0.00250480673276
26 41 0 8 0.00249429093674
21 53 0 8 0.00249284156598
40 54 0 8 0.00248526106589
51 68 0 8 0.00248326174915
21 63 0 8 0.00248216814362
28 70 0 8 0.00247072335333
42 74 0 8 0.00247023440897
5 13 0 8 0.00246972334571
6 78 0 8 0.00246690446511
54 66 0 8 0.00246396195143
46 78 0 8 0.00245538610034
24 70 0 8 0.00245061493479
11 26 0 8 0.00244391919114
32 64 0 8 0.00244357879274
65 79 0 8 0.00244207959622
76 83 0 8 0.00243752798997
1 11 0 8 0.00243662018329
2 15 0 8 0.00243627955206
62 77 0 8 0.00243483134545
18 23 0 8 0.00243355985731
45 75 0 8 0.00242611998692
42 57 0 8 0.00242161867209
32 74 0 8 0.00241559930146
56 64 0 8 0.00241550407372
34 64 0 8 0.00241198134609
20 45 0 8 0.00240488280542
53 62 0 8 0.00240080803633
59 86 0 8 0.002393882256
42 56 0 8 0.00238764309324
34 65 0 8 0.00238530896604
35 78 0 8 0.00238426425494
29 47 0 8 0.00238279486075
50 88 0 8 0.00237225741148
43 54 0 8 0.0023719673045
19 30 0 8 0.00237083365209
36 62 0 8 0.0023704727646
31 70 0 8 0.00236283731647
21 51 0 8 0.00236226292327
62 87 0 8 0.00235744914971
47 52 0 8 0.00235584843904
28 58 0 8 0.00235522422008
32 69 0 8 0.00235254806466
32 37 0 8 0.00234851450659
23 64 0 8 0.00234694313258
16 22 0 8 0.00234443810768
52 63 0 8 0.00233391090296
53 59 0 8 0.00233060237952
28 60 0 8 0.00232859654352
22 43 0 8 0.00232416624203
55 78 0 8 0.00231880880892
56 63 0 8 0.00231565046124
13 34 0 8 0.00231136241928
4 12 0 8 0.00231075123884
26 40 0 8 0.0023104280699
28 55 0 8 0.00230869534425
23 78 0 8 0.00230828579515
24 52 0 8 0.00230514281429
32 48 0 8 0.00230420636944
24 54 0 8 0.00228754431009
28 56 0 8 0.00228304648772
22 29 0 8 0.00228232191876
24 51 0 8 0.00227861362509
54 59 0 8 0.00227593025193
27 44 0 8 0.00227338820696
24 80 0 8 0.0022680577822
65 78 0 8 0.00225840252824
27 64 0 8 0.00225650263019
28 67 0 8 0.0022543920204
24 74 0 8 0.00225081155077
56 78 0 8 0.0022416273132
24 57 0 8 0.00224041705951
28 38 0 8 0.00223978399299
64 74 0 8 0.00223750155419
15 21 0 8 0.00223545334302
6 11 0 8 0.00223075086251
28 74 0 8 0.00222738808952
9 29 0 8 0.00222254195251
28 46 0 8 0.00221819267608
14 23 0 8 0.00221253465861
28 59 0 8 0.00221116119064
45 82 0 8 0.00220801262185
5 14 0 8 0.00220432830974
16 82 0 8 0.0022020903416
26 63 0 8 0.00219087372534
45 81 0 8 0.00217964453623
35 42 0 8 0.00216566002928
68 77 0 8 0.00216402648948
49 68 0 8 0.00216357852332
23 63 0 8 0.00215380336158
21 35 0 8 0.00215176609345
27 41 0 8 0.0021499383729
26 42 0 8 0.00214793509804
25 62 0 8 0.00213927566074
76 87 0 8 0.00213902350515
33 44 0 8 0.00212787813507
61 87 0 8 0.00212729093619
20 26 0 8 0.00212219473906
63 87 0 8 0.00212172302417
45 56 0 8 0.00211540050805
20 55 0 8 0.00211396161467
29 38 0 8 0.00211077928543
24 48 0 8 0.00210862304084
17 82 0 8 0.00209491676651
21 64 0 8 0.00208854768425
27 42 0 8 0.00208582123742
41 74 0 8 0.00208027567714
63 80 0 8 0.00207242975011
32 68 0 8 0.00207225512713
27 69 0 8 0.00206897803582
26 45 0 8 0.00206564227119
27 78 0 8 0.00205342797562
30 42 0 8 0.00205166009255
16 78 0 8 0.00204466027208
6 24 0 8 0.00204036710784
1 10 0 8 0.00203795474954
33 43 0 8 0.00203580968082
4 14 0 8 0.00202546524815
6 21 0 8 0.00202055182308
17 53 0 8 0.00201594945975
66 84 0 8 0.00201466609724
4 20 0 8 0.00200832658447
20 64 0 8 0.00200134934857
16 74 0 8 0.0019846954383
39 78 0 8 0.00198228308
24 50 0 8 0.00198163883761
41 55 0 8 0.00196636654437
28 57 0 8 0.001964075258
69 87 0 8 0.00195670686662
45 74 0 8 0.00195037270896
65 84 0 8 0.00194352539256
51 66 0 8 0.00194333761465
1 8 0 8 0.00193332706112
43 53 0 8 0.00193111447152
24 53 0 8 0.0019228963647
71 79 0 8 0.00191580608953
28 66 0 8 0.00191302446183
20 35 0 8 0.00191265123431
65 87 0 8 0.00191015505698
53 66 0 8 0.00190995424055
21 62 0 8 0.00190247222781
24 79 0 8 0.00187871779781
30 44 0 8 0.00187407212798
25 71 0 8 0.00187386083417
33 68 0 8 0.00187306990847
12 34 0 8 0.00186174770351
44 78 0 8 0.00185955234338
59 88 0 8 0.00185370421968
21 41 0 8 0.00185303296894
25 49 0 8 0.00184648891445
64 87 0 8 0.0018327065045
25 44 0 8 0.00182554323692
47 78 0 8 0.001824078965
67 79 0 8 0.00182314403355
23 31 0 8 0.00181844003964
20 43 0 8 0.00181746389717
28 81 0 8 0.00181503209751
66 87 0 8 0.00180940388236
20 82 0 8 0.00180704053491
27 71 0 8 0.00180304027162
11 30 0 8 0.00179877481423
42 59 0 8 0.00179261062294
28 50 0 8 0.00177164841443
24 75 0 8 0.00175658403896
60 88 0 8 0.00175496516749
52 64 0 8 0.00175351731014
43 58 0 8 0.00174657069147
25 63 0 8 0.00174552260432
65 80 0 8 0.00174292724114
4 13 0 8 0.00174205971416
30 40 0 8 0.00173739320599
28 62 0 8 0.00173613650259
8 24 0 8 0.00173509563319
28 44 0 8 0.00173182971776
31 38 0 8 0.00172636867501
18 25 0 8 0.0017232716782
63 78 0 8 0.00172231043689
62 80 0 8 0.00172058155295
41 53 0 8 0.00171455834061
28 61 0 8 0.00171280524228
3 14 0 8 0.00171056133695
62 78 0 8 0.00170597014949
37 64 0 8 0.00169852259569
3 13 0 8 0.00169321708381
44 52 0 8 0.00168767664582
18 34 0 8 0.00168535730336
24 72 0 8 0.00168143946212
76 84 0 8 0.00167505943682
2 7 0 8 0.00167472846806
10 27 0 8 0.00166536797769
68 79 0 8 0.00166117481422
24 82 0 8 0.00164678401779
60 82 0 8 0.00164212146774
6 12 0 8 0.00163921515923
60 86 0 8 0.00163629685994
72 80 0 8 0.001635534456
72 87 0 8 0.00163530476857
61 86 0 8 0.00163334643003
34 43 0 8 0.00162769004237
50 62 0 8 0.00161778635811
42 53 0 8 0.00160954345483
8 32 0 8 0.0016022605123
34 41 0 8 0.00160220102407
74 87 0 8 0.0015998656163
24 65 0 8 0.001594199799
75 87 0 8 0.00159271596931
69 75 0 8 0.00158506690059
69 77 0 8 0.00158299005125
44 54 0 8 0.00157172803301
2 17 0 8 0.00157144584227
24 40 0 8 0.00156859052368
16 35 0 8 0.00156828598119
53 64 0 8 0.00156515534036
5 17 0 8 0.00156200432684
36 63 0 8 0.00156086101197
3 16 0 8 0.00156009790953
78 86 0 8 0.00155305408407
23 28 0 8 0.00155206571799
21 30 0 8 0.00155003729742
32 43 0 8 0.00153073936235
16 30 0 8 0.0015290210722
50 63 0 8 0.00152749591507
46 53 0 8 0.00152273767162
59 85 0 8 0.00152082263958
62 81 0 8 0.00151218147948
28 48 0 8 0.00151072861627
31 46 0 8 0.00150447583292
11 24 0 8 0.00150245928671
28 49 0 8 0.00150182144716
49 70 0 8 0.00149696192238
33 45 0 8 0.00149037281517
79 86 0 8 0.00148473086301
21 45 0 8 0.00148108834401
1 9 0 8 0.00148028880358
43 56 0 8 0.00147913419642
55 63 0 8 0.00147663673852
61 82 0 8 0.00147481344175
51 63 0 8 0.00147415138781
13 33 0 8 0.00144653581083
42 54 0 8 0.00142879260238
67 78 0 8 0.00142827501986
73 79 0 8 0.00141902861651
29 40 0 8 0.00141765910666
52 61 0 8 0.00141671160236
7 31 0 8 0.00141577026807
14 35 0 8 0.00140717823524
25 41 0 8 0.00140671932604
8 31 0 8 0.00140572362579
3 12 0 8 0.00140472326893
1 7 0 8 0.00140307075344
65 86 0 8 0.00139088032302
14 34 0 8 0.0013846680522
45 54 0 8 0.00138018047437
34 42 0 8 0.00137319695204
33 39 0 8 0.0013674357906
66 86 0 8 0.00135868636426
24 47 0 8 0.00135563523509
8 29 0 8 0.0013532245066
28 80 0 8 0.00134859397076
20 30 0 8 0.00134522537701
19 24 0 8 0.00134515948594
28 68 0 8 0.00134204165079
27 43 0 8 0.00134050298948
53 60 0 8 0.00134046026506
61 81 0 8 0.00133770611137
11 31 0 8 0.00133578106761
73 83 0 8 0.00132190529257
54 65 0 8 0.00132128340192
46 52 0 8 0.00132048642263
24 46 0 8 0.00131611770485
26 64 0 8 0.00130809913389
53 63 0 8 0.00130453519523
15 33 0 8 0.00130065879785
71 87 0 8 0.00130041362718
31 45 0 8 0.00129584269598
32 44 0 8 0.00129459309392
9 24 0 8 0.00129391998053
29 39 0 8 0.00129047152586
18 30 0 8 0.00128969736397
5 28 0 8 0.00128968816716
8 28 0 8 0.00128558825236
2 12 0 8 0.00128182978369
24 55 0 8 0.00127107580192
53 65 0 8 0.00127059104852
5 10 0 8 0.00126293185167
63 86 0 8 0.00126005359925
74 84 0 8 0.00124882766977
29 45 0 8 0.00124666164629
24 44 0 8 0.00124319735914
15 29 0 8 0.00124246405903
73 84 0 8 0.00123508425895
30 45 0 8 0.00123504188377
55 64 0 8 0.00123295804951
69 79 0 8 0.00123192439787
20 29 0 8 0.0012271712767
15 30 0 8 0.00122365739662
16 33 0 8 0.00122363644186
13 30 0 8 0.00122312712483
70 78 0 8 0.00122051557992
30 41 0 8 0.00121846888214
24 30 0 8 0.00121809355915
31 40 0 8 0.00121320702601
25 47 0 8 0.00120666332077
19 27 0 8 0.00120506901294
6 28 0 8 0.00120504200459
51 62 0 8 0.0012025446631
23 29 0 8 0.00119852740318
66 80 0 8 0.00119347660802
55 62 0 8 0.00119287753478
18 35 0 8 0.00119173969142
43 57 0 8 0.00118813745212
15 25 0 8 0.0011859992519
54 64 0 8 0.00117445189971
47 53 0 8 0.00116914883256
20 70 0 8 0.00116465264
52 60 0 8 0.00115856411867
25 39 0 8 0.00115723942872
24 69 0 8 0.00115379900672
44 53 0 8 0.00115360948257
24 63 0 8 0.00115349260159
33 40 0 8 0.00115183123853
28 75 0 8 0.00115011702292
2 8 0 8 0.00114705681335
12 31 0 8 0.00114557822235
33 42 0 8 0.00114247342572
67 87 0 8 0.00114203558769
15 35 0 8 0.0011393163586
64 84 0 8 0.00113929575309
43 82 0 8 0.00113759748638
42 55 0 8 0.00112637481652
48 53 0 8 0.0011263062479
67 83 0 8 0.00112287746742
7 32 0 8 0.00111032661516
17 35 0 8 0.00110870378558
70 87 0 8 0.00110730843153
1 13 0 8 0.00110465032049
45 55 0 8 0.00110189453699
54 63 0 8 0.00110162061173
66 83 0 8 0.00109497783706
75 84 0 8 0.00109329551924
67 86 0 8 0.00109132623766
4 9 0 8 0.00108674587682
13 25 0 8 0.00108607322909
21 34 0 8 0.00108169973828
28 65 0 8 0.00108027923852
31 42 0 8 0.00107554439455
24 49 0 8 0.00107420794666
28 72 0 8 0.00107322959229
80 88 0 8 0.00107302214019
24 71 0 8 0.00106975343078
27 68 0 8 0.00105799082667
28 39 0 8 0.00105516787153
27 70 0 8 0.00105296971742
3 9 0 8 0.0010474199662
9 31 0 8 0.00104415020905
28 82 0 8 0.00104408047628
18 26 0 8 0.0010433467105
17 34 0 8 0.00103970477358
62 86 0 8 0.00103824469261
61 83 0 8 0.00103721406776
64 80 0 8 0.00103152962402
64 83 0 8 0.00102326902561
28 76 0 8 0.00101706199348
54 62 0 8 0.00101366860326
20 33 0 8 0.00101091130637
34 39 0 8 0.00100917054806
24 78 0 8 0.00100876530632
54 60 0 8 0.0010083776433
24 43 0 8 0.0010028812103
29 41 0 8 0.00100076314993
63 84 0 8 0.000996636576019
30 43 0 8 0.000995474634692
30 39 0 8 0.000993168912828
45 78 0 8 0.00098963722121
63 83 0 8 0.000982306431979
65 88 0 8 0.000967386353295
24 68 0 8 0.000962574791629
68 87 0 8 0.000954122864641
44 57 0 8 0.00094997981796
77 88 0 8 0.000946742366068
9 32 0 8 0.000946697196923
53 61 0 8 0.000942422018852
74 83 0 8 0.000942339887843
24 62 0 8 0.000942079524975
54 61 0 8 0.000941812060773
12 25 0 8 0.000941191334277
33 41 0 8 0.000939737481531
45 53 0 8 0.000935354619287
24 41 0 8 0.000927873305045
28 73 0 8 0.000927532557398
29 44 0 8 0.000925454543903
32 46 0 8 0.000922191131394
63 88 0 8 0.000917124270927
44 55 0 8 0.000910021422897
10 31 0 8 0.000909846683498
32 39 0 8 0.000909577996936
70 76 0 8 0.000909484457225
16 23 0 8 0.000909173337277
60 85 0 8 0.000905734777916
28 47 0 8 0.000903375796042
64 88 0 8 0.000902140978724
24 64 0 8 0.000899446429685
46 55 0 8 0.000898306898307
24 31 0 8 0.000896179059055
11 29 0 8 0.000881328945979
17 25 0 8 0.000880118459463
2 11 0 8 0.000871217867825
28 78 0 8 0.000864688539878
21 33 0 8 0.000860216736328
74 88 0 8 0.000852435070556
5 11 0 8 0.000847574614454
14 25 0 8 0.000845056958497
11 25 0 8 0.000837487634271
61 88 0 8 0.000836147286464
2 13 0 8 0.000833935628179
22 31 0 8 0.000829158874694
62 84 0 8 0.000828668766189
69 84 0 8 0.000827818352263
26 43 0 8 0.000822844100185
2 14 0 8 0.000819327600766
21 32 0 8 0.000807216274552
10 24 0 8 0.000799970817752
18 33 0 8 0.000796576205175
20 31 0 8 0.000788728764746
20 27 0 8 0.000787328288425
62 88 0 8 0.000785877462476
73 81 0 8 0.000782971212175
17 26 0 8 0.00077935680747
64 86 0 8 0.000775010965299
51 64 0 8 0.000774941931013
10 32 0 8 0.000769646081608
68 78 0 8 0.000767327495851
28 45 0 8 0.000754115695599
28 63 0 8 0.000747814832721
24 45 0 8 0.000747307261918
79 88 0 8 0.000747122452594
32 40 0 8 0.000746129255276
32 42 0 8 0.000744115095586
16 25 0 8 0.000742334872484
74 80 0 8 0.000741326075513
67 84 0 8 0.000733495573513
75 83 0 8 0.000730149040464
2 9 0 8 0.000724587531295
73 82 0 8 0.000720277370419
21 27 0 8 0.000712107634172
25 45 0 8 0.000707911443897
62 83 0 8 0.000683434598614
11 32 0 8 0.000674180220813
70 79 0 8 0.00067416386446
22 32 0 8 0.000674045935739
19 25 0 8 0.000666397390887
46 54 0 8 0.000655421405099
28 42 0 8 0.000653264054563
13 26 0 8 0.000652507063933
21 31 0 8 0.000644678657409
68 86 0 8 0.000643431965727
65 81 0 8 0.000642063794658
64 81 0 8 0.000641433522105
68 84 0 8 0.000641416700091
74 86 0 8 0.000637871737126
2 10 0 8 0.00063432828756
70 84 0 8 0.000632043520454
68 83 0 8 0.000628023699392
16 27 0 8 0.000623005500529
74 81 0 8 0.000622777850367
28 40 0 8 0.000618689227849
79 85 0 8 0.000616409641225
31 39 0 8 0.000605679582804
78 88 0 8 0.000605597044341
17 24 0 8 0.000603277701885
18 29 0 8 0.00059847481316
72 86 0 8 0.000596616999246
65 82 0 8 0.000594722223468
11 27 0 8 0.000592089723796
64 82 0 8 0.000589461880736
75 86 0 8 0.000589028000832
47 54 0 8 0.000583075336181
72 84 0 8 0.000579712796025
74 85 0 8 0.000578912207857
17 23 0 8 0.000577674538363
28 64 0 8 0.00057601055596
3 10 0 8 0.000575043202844
19 29 0 8 0.000573922588956
73 88 0 8 0.000572064658627
61 85 0 8 0.000567221315578
28 71 0 8 0.000562969304156
28 41 0 8 0.000561992987059
69 80 0 8 0.00055896746926
14 33 0 8 0.000558548315894
73 86 0 8 0.000556106620934
16 26 0 8 0.000548316922504
3 11 0 8 0.00054816150805
4 10 0 8 0.000543390633538
25 43 0 8 0.000543162052054
76 86 0 8 0.000541714369319
7 28 0 8 0.000540716922842
71 86 0 8 0.000538171269
12 33 0 8 0.000533009588253
69 86 0 8 0.00052949716337
68 80 0 8 0.000528634293005
32 41 0 8 0.000526762392838
1 14 0 8 0.000523647177033
67 82 0 8 0.000523445545696
32 38 0 8 0.000520106113981
67 85 0 8 0.000517442123964
14 30 0 8 0.000513960199896
13 29 0 8 0.000512116297614
72 83 0 8 0.000510541547555
15 24 0 8 0.000505194300786
69 78 0 8 0.000503031013068
29 43 0 8 0.000501578615513
44 56 0 8 0.000494576641358
76 82 0 8 0.000487523095217
69 88 0 8 0.000486894510686
28 69 0 8 0.000484910095111
70 88 0 8 0.000484342832351
75 88 0 8 0.00048337149201
5 12 0 8 0.000483078998514
12 26 0 8 0.000482481002109
18 27 0 8 0.000472531130072
62 85 0 8 0.00046893718536
71 77 0 8 0.000467383739306
65 85 0 8 0.00046564405784
14 24 0 8 0.000465253193397
77 85 0 8 0.000460138107883
72 78 0 8 0.000457145943074
13 24 0 8 0.000456500798464
66 82 0 8 0.000452667823993
70 86 0 8 0.00044832500862
66 85 0 8 0.000444540084573
71 78 0 8 0.000443222234026
66 88 0 8 0.0004426271189
16 32 0 8 0.000437529786723
70 77 0 8 0.000433853332652
16 24 0 8 0.000430839136243
75 82 0 8 0.000423927558586
71 88 0 8 0.000423804536695
69 83 0 8 0.000421216362156
13 27 0 8 0.000419958436396
64 85 0 8 0.000418248295318
43 55 0 8 0.000416168652009
67 88 0 8 0.000415841088397
71 80 0 8 0.000410574080888
63 81 0 8 0.000408319407143
75 81 0 8 0.000406580860727
71 84 0 8 0.000404497492127
67 81 0 8 0.000402459903853
70 83 0 8 0.000384837418096
78 85 0 8 0.000382984610042
62 82 0 8 0.000378609052859
16 31 0 8 0.00037330223131
14 28 0 8 0.000364388339221
74 82 0 8 0.000361405516742
12 32 0 8 0.000359535537427
63 82 0 8 0.000358684628736
66 78 0 8 0.000350265065208
14 32 0 8 0.000348183442838
15 31 0 8 0.000347646942828
4 11 0 8 0.000343242427334
17 29 0 8 0.000335941644153
19 31 0 8 0.000335376826115
14 29 0 8 0.000333360425429
72 88 0 8 0.000325466244249
14 26 0 8 0.000313944910886
13 31 0 8 0.000313549477141
72 81 0 8 0.000313049182296
19 32 0 8 0.000307338428684
14 31 0 8 0.000304579909425
28 43 0 8 0.000303724169498
73 85 0 8 0.000296039506793
63 85 0 8 0.000295231700875
12 29 0 8 0.000294955156278
22 28 0 8 0.000292858923785
13 32 0 8 0.000291622389341
76 88 0 8 0.000290489406325
68 88 0 8 0.000289311137749
17 33 0 8 0.000285997171886
17 30 0 8 0.00028433490661
21 28 0 8 0.000275864207651
76 85 0 8 0.000272121920716
70 80 0 8 0.000267432071269
69 82 0 8 0.000249922828516
12 27 0 8 0.000247890711762
15 27 0 8 0.00024776783539
71 83 0 8 0.000246580544626
18 24 0 8 0.000246409908868
20 32 0 8 0.000245989038376
66 81 0 8 0.000242610971327
68 81 0 8 0.00024013473012
14 27 0 8 0.000237283442402
19 28 0 8 0.000229597324505
68 82 0 8 0.000228440243518
71 82 0 8 0.000226624222705
20 28 0 8 0.000225496958592
71 81 0 8 0.000224332077778
15 32 0 8 0.000217423526919
10 28 0 8 0.000207411081647
70 81 0 8 0.000204967800528
17 27 0 8 0.000200759779545
72 82 0 8 0.000197334171389
12 24 0 8 0.00019660416001
69 85 0 8 0.000192082763533
75 85 0 8 0.000189424783457
18 32 0 8 0.000187759636901
72 85 0 8 0.000180372153409
71 85 0 8 0.00017850229051
69 81 0 8 0.00017191428924
70 85 0 8 0.000171610983671
9 28 0 8 0.000166500467458
16 29 0 8 0.000158827824634
17 28 0 8 0.000151520420332
11 28 0 8 0.000143981989822
18 31 0 8 0.000142968652654
68 85 0 8 0.000133849185659
17 31 0 8 0.000130375730805
18 28 0 8 0.000122843499412
12 28 0 8 0.000103990176285
17 32 0 8 0.000102550860902
70 82 0 8 8.11767604318e-05
13 28 0 8 8.01792411949e-05
15 28 0 8 5.37329469807e-05
16 28 0 8 3.61117199645e-05
