62 63 0 8 0.999999403954
25 26 0 8 0.999998986721
85 86 0 8 0.99999833107
60 61 0 8 0.999998211861
5 6 0 8 0.999998033047
3 4 0 8 0.999997198582
63 64 0 8 0.999997198582
66 67 0 8 0.999996483326
27 28 0 8 0.999995827675
61 62 0 8 0.999995291233
4 5 0 8 0.999994516373
64 65 0 8 0.99999320507
39 40 0 8 0.999992251396
22 23 0 8 0.999992132187
9 10 0 8 0.999990701675
86 87 0 8 0.99998986721
6 7 0 8 0.999989151955
65 66 0 8 0.999988853931
68 69 0 8 0.999988377094
24 25 0 8 0.999987781048
72 73 0 8 0.999986827374
67 68 0 8 0.999985635281
26 27 0 8 0.999985575676
29 30 0 8 0.999981820583
18 19 0 8 0.999981164932
30 31 0 8 0.999978423119
8 9 0 8 0.999977946281
12 13 0 8 0.999977827072
70 71 0 8 0.99997729063
43 44 0 8 0.99997729063
7 8 0 8 0.999975979328
50 51 0 8 0.999975442886
20 21 0 8 0.999974727631
40 41 0 8 0.99996984005
21 22 0 8 0.999969363213
54 55 0 8 0.999959468842
19 20 0 8 0.999957323074
28 29 0 8 0.999956786633
77 78 0 8 0.999956309795
11 12 0 8 0.999952614307
47 48 0 8 0.999951243401
84 85 0 8 0.999950289726
46 47 0 8 0.99994969368
56 57 0 8 0.999949336052
32 33 0 8 0.999948978424
23 24 0 8 0.999948322773
42 43 0 8 0.999946475029
59 60 0 8 0.999946296215
10 11 0 8 0.999943554401
49 50 0 8 0.999942958355
83 84 0 8 0.999940812588
14 15 0 8 0.999940335751
78 79 0 8 0.999935865402
16 17 0 8 0.999932348728
33 34 0 8 0.999928116798
69 70 0 8 0.999920725822
41 42 0 8 0.999920487404
17 18 0 8 0.999917864799
80 81 0 8 0.999917030334
2 3 0 8 0.999916315079
48 49 0 8 0.999907672405
82 83 0 8 0.999900341034
58 59 0 8 0.999893844128
73 74 0 8 0.99988591671
37 38 0 8 0.999864578247
57 58 0 8 0.99985909462
13 14 0 8 0.99985820055
53 54 0 8 0.999835431576
76 77 0 8 0.999825417995
36 37 0 8 0.999822616577
75 76 0 8 0.999821662903
52 53 0 8 0.999805271626
71 72 0 8 0.999802529812
74 75 0 8 0.999800920486
45 46 0 8 0.999793589115
31 32 0 8 0.999785661697
51 52 0 8 0.999778032303
34 35 0 8 0.99977773428
1 2 0 8 0.999777257442
35 36 0 8 0.999759376049
44 45 0 8 0.999739646912
15 16 0 8 0.999733328819
55 56 0 8 0.999710261822
81 82 0 8 0.999575912952
38 39 0 8 0.999480783939
79 80 0 8 0.999418437481
46 48 0 8 0.997851610184
42 44 0 8 0.996483027935
68 81 0 8 0.995070278645
21 23 0 8 0.993409872055
22 24 0 8 0.993129909039
18 20 0 8 0.991173088551
19 21 0 8 0.991006791592
69 82 0 8 0.990105390549
19 22 0 8 0.989344537258
20 22 0 8 0.987236738205
47 49 0 8 0.986779272556
44 46 0 8 0.986311376095
20 23 0 8 0.984344959259
22 25 0 8 0.982613325119
18 21 0 8 0.980928778648
26 28 0 8 0.980876147747
43 81 0 8 0.980591118336
23 26 0 8 0.980415582657
47 68 0 8 0.979517400265
21 24 0 8 0.979246079922
60 69 0 8 0.978932440281
63 66 0 8 0.978345632553
23 25 0 8 0.97787553072
69 71 0 8 0.974792420864
45 47 0 8 0.973739862442
43 45 0 8 0.973112523556
61 68 0 8 0.971011579037
62 67 0 8 0.970140695572
44 78 0 8 0.970015227795
47 61 0 8 0.968772888184
48 50 0 8 0.968482494354
66 68 0 8 0.968065321445
46 49 0 8 0.967600345612
68 70 0 8 0.966971755028
48 51 0 8 0.962400794029
22 26 0 8 0.958386480808
20 24 0 8 0.957731842995
7 9 0 8 0.957035422325
60 67 0 8 0.956893742085
19 23 0 8 0.955185949802
82 84 0 8 0.954825282097
81 83 0 8 0.954488635063
43 46 0 8 0.952476263046
58 70 0 8 0.9518019557
57 72 0 8 0.951555967331
57 71 0 8 0.95102339983
3 13 0 8 0.950553238392
47 50 0 8 0.950266063213
44 47 0 8 0.948314070702
21 25 0 8 0.948071956635
44 48 0 8 0.947263598442
45 48 0 8 0.946840405464
56 73 0 8 0.946050405502
47 51 0 8 0.945879399776
47 81 0 8 0.944880008698
46 50 0 8 0.944831311703
42 45 0 8 0.943654060364
66 83 0 8 0.939994871616
5 11 0 8 0.938478827477
17 22 0 8 0.937525629997
43 68 0 8 0.937459170818
51 53 0 8 0.937394499779
12 80 0 8 0.93579107523
58 71 0 8 0.93401914835
47 70 0 8 0.932995080948
68 83 0 8 0.931750833988
63 68 0 8 0.929723322392
44 77 0 8 0.929500699043
43 47 0 8 0.928527653217
59 70 0 8 0.928162455559
23 28 0 8 0.927969932556
15 17 0 8 0.926198720932
64 66 0 8 0.926040291786
15 78 0 8 0.925831139088
49 51 0 8 0.925335884094
4 6 0 8 0.923650741577
12 71 0 8 0.923558533192
68 82 0 8 0.922425985336
11 13 0 8 0.921505451202
67 69 0 8 0.920324146748
69 81 0 8 0.912691056728
71 80 0 8 0.911297023296
12 82 0 8 0.910471260548
18 22 0 8 0.910204946995
55 78 0 8 0.910149812698
57 73 0 8 0.906458854675
55 73 0 8 0.905826330185
60 62 0 8 0.902810275555
13 83 0 8 0.89833265543
10 82 0 8 0.898150861263
6 10 0 8 0.897099256516
25 27 0 8 0.894341766834
80 82 0 8 0.891998767853
55 70 0 8 0.886509656906
30 32 0 8 0.885624289513
63 65 0 8 0.885108411312
50 52 0 8 0.884808182716
69 84 0 8 0.883998394012
70 81 0 8 0.883916556835
48 78 0 8 0.882965385914
14 80 0 8 0.8826597929
10 12 0 8 0.882241666317
61 63 0 8 0.882022440434
15 81 0 8 0.881339430809
11 26 0 8 0.880547583103
66 85 0 8 0.880428612232
56 58 0 8 0.879957258701
6 9 0 8 0.87936103344
6 12 0 8 0.878528833389
45 49 0 8 0.877606987953
67 84 0 8 0.876479685307
4 12 0 8 0.873801708221
71 82 0 8 0.8709846735
58 60 0 8 0.865632891655
73 76 0 8 0.862965166569
46 63 0 8 0.860700249672
70 78 0 8 0.860599040985
42 46 0 8 0.860187709332
72 79 0 8 0.859218001366
13 15 0 8 0.857560396194
40 42 0 8 0.85506528616
49 52 0 8 0.853230059147
1 3 0 8 0.852281153202
61 67 0 8 0.84923428297
34 36 0 8 0.848390042782
78 80 0 8 0.847156405449
56 70 0 8 0.846328854561
57 70 0 8 0.843150675297
71 73 0 8 0.841949164867
74 76 0 8 0.841330528259
24 26 0 8 0.838168382645
73 75 0 8 0.836291074753
13 22 0 8 0.835950732231
50 63 0 8 0.833909332752
13 81 0 8 0.82513576746
14 16 0 8 0.824960172176
22 43 0 8 0.823637723923
31 33 0 8 0.823497533798
7 10 0 8 0.823249518871
3 5 0 8 0.820425033569
24 27 0 8 0.818224787712
57 59 0 8 0.814969480038
78 81 0 8 0.814708471298
3 11 0 8 0.813369393349
54 76 0 8 0.809807002544
55 59 0 8 0.808844268322
48 54 0 8 0.808831512928
15 80 0 8 0.806417524815
8 10 0 8 0.806094348431
83 85 0 8 0.803997218609
15 44 0 8 0.793724536896
33 35 0 8 0.792929053307
37 39 0 8 0.792879343033
84 86 0 8 0.790168464184
40 49 0 8 0.788774728775
28 30 0 8 0.787337183952
62 66 0 8 0.785836815834
72 80 0 8 0.783546864986
35 37 0 8 0.783374249935
39 41 0 8 0.781452476978
47 78 0 8 0.779873788357
12 14 0 8 0.777956545353
59 61 0 8 0.771753549576
77 79 0 8 0.770695328712
2 4 0 8 0.766824007034
36 38 0 8 0.765284180641
32 34 0 8 0.765257537365
5 7 0 8 0.763649523258
70 80 0 8 0.763267159462
85 87 0 8 0.760615408421
2 14 0 8 0.760405302048
29 31 0 8 0.758690237999
10 84 0 8 0.753216385841
75 77 0 8 0.75231552124
79 81 0 8 0.748842418194
55 57 0 8 0.74780613184
19 40 0 8 0.74401640892
73 78 0 8 0.737693071365
60 68 0 8 0.736505270004
6 8 0 8 0.731077253819
23 29 0 8 0.730918288231
22 83 0 8 0.728866815567
53 55 0 8 0.722588539124
51 54 0 8 0.719597578049
52 54 0 8 0.719484865665
23 27 0 8 0.716922342777
48 52 0 8 0.715657949448
73 77 0 8 0.71367919445
9 11 0 8 0.713450491428
70 72 0 8 0.710716247559
76 78 0 8 0.700856566429
61 70 0 8 0.699398338795
17 21 0 8 0.698671042919
36 63 0 8 0.698656976223
60 70 0 8 0.69712048769
73 79 0 8 0.692493677139
6 11 0 8 0.691768050194
38 40 0 8 0.688567221165
51 61 0 8 0.682545244694
27 29 0 8 0.678108513355
6 82 0 8 0.676577448845
72 74 0 8 0.675534069538
17 43 0 8 0.674898505211
19 43 0 8 0.674544811249
22 28 0 8 0.666989922523
65 85 0 8 0.661989927292
19 37 0 8 0.657977461815
3 12 0 8 0.657422304153
2 13 0 8 0.656333088875
62 64 0 8 0.654331862926
13 43 0 8 0.654232800007
33 36 0 8 0.654030740261
53 59 0 8 0.651503741741
74 77 0 8 0.648779511452
72 78 0 8 0.643490552902
71 78 0 8 0.64152354002
5 9 0 8 0.638097286224
55 58 0 8 0.636707305908
23 30 0 8 0.633723199368
43 78 0 8 0.629776000977
17 19 0 8 0.629075527191
70 79 0 8 0.618620872498
62 68 0 8 0.616456210613
9 85 0 8 0.614333987236
28 66 0 8 0.613487958908
3 14 0 8 0.612611532211
29 32 0 8 0.612332761288
26 66 0 8 0.609863698483
44 81 0 8 0.608497917652
15 77 0 8 0.608423531055
71 81 0 8 0.6050735116
2 15 0 8 0.604794561863
19 46 0 8 0.597603321075
59 69 0 8 0.594248771667
54 56 0 8 0.584526896477
28 32 0 8 0.58393740654
15 42 0 8 0.581937670708
33 37 0 8 0.580811142921
71 79 0 8 0.578958809376
3 17 0 8 0.578114569187
61 69 0 8 0.575161159039
58 69 0 8 0.572353959084
14 79 0 8 0.566958129406
56 59 0 8 0.565336346626
41 45 0 8 0.565295934677
55 77 0 8 0.564936101437
3 25 0 8 0.560965657234
30 33 0 8 0.549734830856
32 36 0 8 0.53954654932
54 73 0 8 0.538671195507
74 79 0 8 0.537818431854
4 11 0 8 0.535161674023
45 78 0 8 0.531934142113
19 33 0 8 0.531567871571
4 13 0 8 0.523824155331
67 86 0 8 0.513586878777
68 85 0 8 0.509060204029
58 72 0 8 0.507022559643
67 83 0 8 0.502817451954
20 41 0 8 0.497795760632
1 15 0 8 0.492189317942
40 46 0 8 0.487843900919
40 45 0 8 0.478438585997
15 43 0 8 0.46703055501
13 26 0 8 0.459015309811
69 80 0 8 0.457892864943
49 53 0 8 0.455831974745
66 84 0 8 0.448871940374
72 77 0 8 0.44833779335
1 14 0 8 0.443358838558
68 84 0 8 0.432093173265
41 77 0 8 0.426605314016
6 71 0 8 0.418026596308
62 65 0 8 0.416514337063
16 77 0 8 0.41242441535
50 53 0 8 0.411991655827
55 61 0 8 0.399594157934
19 66 0 8 0.399110496044
14 81 0 8 0.397452056408
66 86 0 8 0.394314318895
69 83 0 8 0.393267124891
49 54 0 8 0.392809003592
1 16 0 8 0.389680653811
15 76 0 8 0.389354765415
67 85 0 8 0.383050173521
19 42 0 8 0.379449546337
40 79 0 8 0.377159506083
40 78 0 8 0.372683316469
40 81 0 8 0.37034252286
19 30 0 8 0.370246052742
18 41 0 8 0.367692917585
16 18 0 8 0.364184886217
5 10 0 8 0.360088557005
33 40 0 8 0.358747005463
48 77 0 8 0.346476048231
18 42 0 8 0.343085825443
46 68 0 8 0.341416090727
15 79 0 8 0.340680092573
2 86 0 8 0.340297728777
50 61 0 8 0.332476466894
32 35 0 8 0.329172492027
26 83 0 8 0.328954696655
49 76 0 8 0.324961930513
34 37 0 8 0.323014587164
36 39 0 8 0.321087270975
41 43 0 8 0.316646277905
47 59 0 8 0.311347842216
46 61 0 8 0.308265954256
51 73 0 8 0.305107533932
51 55 0 8 0.304247528315
48 53 0 8 0.30213496089
31 34 0 8 0.301873594522
5 12 0 8 0.301549762487
16 79 0 8 0.298655599356
19 41 0 8 0.298038184643
46 54 0 8 0.297602236271
65 67 0 8 0.288720279932
48 55 0 8 0.288421362638
24 28 0 8 0.288310497999
11 82 0 8 0.286023765802
70 82 0 8 0.28533667326
28 33 0 8 0.278310447931
50 68 0 8 0.273106724024
72 76 0 8 0.268647938967
23 37 0 8 0.268076956272
29 33 0 8 0.26348605752
36 50 0 8 0.262473553419
6 69 0 8 0.260879158974
57 74 0 8 0.260461956263
11 78 0 8 0.259492903948
14 78 0 8 0.255154699087
65 86 0 8 0.247517749667
12 81 0 8 0.246711358428
31 35 0 8 0.242194190621
17 42 0 8 0.242019951344
1 13 0 8 0.240893512964
50 54 0 8 0.238984555006
11 71 0 8 0.23770737648
74 78 0 8 0.236848071218
45 54 0 8 0.235926225781
2 12 0 8 0.233941406012
15 45 0 8 0.231109395623
2 85 0 8 0.226675748825
54 58 0 8 0.22520583868
54 59 0 8 0.222891002893
13 70 0 8 0.21980856359
16 48 0 8 0.218397572637
10 71 0 8 0.218354701996
12 70 0 8 0.214589774609
45 77 0 8 0.213773474097
16 42 0 8 0.213596150279
7 84 0 8 0.21230314672
6 79 0 8 0.211367577314
54 61 0 8 0.208620712161
37 40 0 8 0.205332428217
45 55 0 8 0.205320194364
6 72 0 8 0.204550683498
36 82 0 8 0.203926041722
4 14 0 8 0.201895877719
35 38 0 8 0.200672790408
28 31 0 8 0.200269296765
44 76 0 8 0.200254365802
15 73 0 8 0.194370239973
13 68 0 8 0.194218873978
14 68 0 8 0.193548128009
19 39 0 8 0.193244814873
16 54 0 8 0.192912444472
15 22 0 8 0.188778221607
32 39 0 8 0.184758856893
16 80 0 8 0.182653978467
63 85 0 8 0.181617662311
22 81 0 8 0.180676117539
44 70 0 8 0.180070236325
2 43 0 8 0.178952991962
11 42 0 8 0.178213790059
19 38 0 8 0.177481546998
63 67 0 8 0.176389738917
32 37 0 8 0.17524369061
70 83 0 8 0.173470050097
17 25 0 8 0.172676622868
32 40 0 8 0.171548143029
9 78 0 8 0.170220240951
32 65 0 8 0.170147925615
36 40 0 8 0.168883144855
14 77 0 8 0.168213427067
5 86 0 8 0.16657140851
46 55 0 8 0.165976300836
23 41 0 8 0.165017798543
51 60 0 8 0.164900228381
66 87 0 8 0.164658114314
56 71 0 8 0.163915216923
63 83 0 8 0.16347964108
5 8 0 8 0.1632155478
11 70 0 8 0.16283620894
52 55 0 8 0.1628126055
30 63 0 8 0.161738604307
25 28 0 8 0.161698505282
11 83 0 8 0.160542652011
60 71 0 8 0.159564301372
15 66 0 8 0.158921152353
8 85 0 8 0.158484265208
70 73 0 8 0.158099874854
18 36 0 8 0.158069208264
28 68 0 8 0.155645057559
12 68 0 8 0.152614504099
42 81 0 8 0.152010515332
2 73 0 8 0.151717051864
3 81 0 8 0.150813177228
13 17 0 8 0.150713652372
16 78 0 8 0.149765014648
30 34 0 8 0.148716449738
19 53 0 8 0.147917255759
11 85 0 8 0.147057041526
33 39 0 8 0.146999612451
34 38 0 8 0.145173743367
23 33 0 8 0.14266230166
2 84 0 8 0.142121955752
17 73 0 8 0.141566500068
2 17 0 8 0.141497567296
13 78 0 8 0.140912547708
13 82 0 8 0.140394806862
33 38 0 8 0.138288870454
13 80 0 8 0.138060152531
15 18 0 8 0.137529075146
3 22 0 8 0.136854857206
32 38 0 8 0.136812463403
30 41 0 8 0.13653665781
13 42 0 8 0.136397436261
49 78 0 8 0.135730326176
43 61 0 8 0.13545833528
3 85 0 8 0.135257229209
71 77 0 8 0.135114565492
13 40 0 8 0.134522870183
47 54 0 8 0.133590072393
69 79 0 8 0.132794350386
38 41 0 8 0.131937712431
59 85 0 8 0.131728112698
54 70 0 8 0.130670532584
12 83 0 8 0.129025071859
13 66 0 8 0.127497524023
15 68 0 8 0.127132117748
4 80 0 8 0.126795843244
12 69 0 8 0.126549676061
55 60 0 8 0.126287966967
48 73 0 8 0.124476604164
20 37 0 8 0.12382696569
5 25 0 8 0.123752936721
19 36 0 8 0.123493745923
41 44 0 8 0.12339155376
14 17 0 8 0.123124234378
5 85 0 8 0.122924365103
13 69 0 8 0.122497662902
9 71 0 8 0.122478157282
84 87 0 8 0.121916584671
47 55 0 8 0.121016964316
3 83 0 8 0.121010445058
15 67 0 8 0.120667122304
15 70 0 8 0.120267130435
49 55 0 8 0.119492724538
10 85 0 8 0.117613941431
19 50 0 8 0.117348976433
48 76 0 8 0.117276251316
40 44 0 8 0.117148578167
35 39 0 8 0.116544768214
23 36 0 8 0.116158343852
50 55 0 8 0.116098813713
39 77 0 8 0.115989848971
1 85 0 8 0.115229927003
5 77 0 8 0.114521771669
54 77 0 8 0.11435893923
41 46 0 8 0.114152111113
9 84 0 8 0.113506264985
75 78 0 8 0.113420709968
19 45 0 8 0.113298259676
62 69 0 8 0.113115489483
2 69 0 8 0.112697578967
36 49 0 8 0.112581185997
3 26 0 8 0.112204931676
73 81 0 8 0.111721299589
25 54 0 8 0.111211128533
6 80 0 8 0.111145630479
17 81 0 8 0.111103929579
1 18 0 8 0.110447190702
1 87 0 8 0.110161058605
13 25 0 8 0.109956771135
12 79 0 8 0.108872324228
68 86 0 8 0.108799226582
4 10 0 8 0.107746109366
44 79 0 8 0.107322707772
3 84 0 8 0.106878094375
16 44 0 8 0.105888523161
2 71 0 8 0.10579957068
5 61 0 8 0.10512047261
69 86 0 8 0.104793608189
2 83 0 8 0.104658007622
15 19 0 8 0.104119434953
59 73 0 8 0.103627443314
2 16 0 8 0.102789975703
10 78 0 8 0.10227009654
14 82 0 8 0.10123436898
4 83 0 8 0.101200729609
22 51 0 8 0.101176187396
42 80 0 8 0.10113196075
42 78 0 8 0.0987977236509
26 45 0 8 0.0982652679086
40 61 0 8 0.0982136502862
6 83 0 8 0.0979716256261
59 71 0 8 0.0977930575609
12 66 0 8 0.097434990108
26 48 0 8 0.0970171838999
43 83 0 8 0.0965630784631
63 86 0 8 0.0962053611875
11 62 0 8 0.0960419625044
53 61 0 8 0.0958309397101
54 57 0 8 0.0957606434822
4 81 0 8 0.095574632287
11 68 0 8 0.0952216237783
2 72 0 8 0.0946255251765
22 46 0 8 0.0945898294449
58 73 0 8 0.0945766791701
22 42 0 8 0.094389334321
1 17 0 8 0.0942351520061
48 68 0 8 0.0942128300667
2 87 0 8 0.0937262326479
22 70 0 8 0.0934067666531
11 80 0 8 0.0931358709931
62 86 0 8 0.0926888212562
28 42 0 8 0.0924915969372
3 15 0 8 0.0918138772249
23 39 0 8 0.0917606800795
13 47 0 8 0.0915725827217
11 86 0 8 0.0913932695985
64 85 0 8 0.0910027250648
72 75 0 8 0.0906394422054
32 42 0 8 0.0903227254748
11 81 0 8 0.0900473892689
17 78 0 8 0.0898931771517
13 61 0 8 0.0893311873078
32 41 0 8 0.0887648910284
4 82 0 8 0.088683411479
29 62 0 8 0.0885238647461
12 78 0 8 0.0878585353494
15 46 0 8 0.0872341915965
53 56 0 8 0.0870924070477
28 40 0 8 0.0869806557894
1 86 0 8 0.0868488252163
4 84 0 8 0.086827673018
38 80 0 8 0.0857352539897
65 84 0 8 0.0856891199946
6 66 0 8 0.0853965729475
13 63 0 8 0.085257075727
28 85 0 8 0.0850791856647
12 61 0 8 0.0839430987835
65 83 0 8 0.0837683454156
33 66 0 8 0.0835741609335
3 82 0 8 0.0835244655609
45 81 0 8 0.0834628939629
18 54 0 8 0.0832371413708
4 70 0 8 0.082874327898
2 42 0 8 0.0827733203769
11 25 0 8 0.0826557353139
46 78 0 8 0.0824415385723
3 68 0 8 0.0824205055833
17 41 0 8 0.0823629721999
44 55 0 8 0.0818939656019
41 68 0 8 0.0816581696272
9 63 0 8 0.0815099403262
50 62 0 8 0.0814517810941
42 61 0 8 0.0814305245876
3 66 0 8 0.0813331156969
32 66 0 8 0.081140100956
76 79 0 8 0.0811027362943
28 41 0 8 0.0803433731198
15 58 0 8 0.0802799388766
42 68 0 8 0.0800616443157
15 82 0 8 0.0799564272165
1 84 0 8 0.0795318707824
11 69 0 8 0.0793181359768
18 68 0 8 0.0791444927454
5 26 0 8 0.0789702013135
42 77 0 8 0.0789460614324
5 83 0 8 0.0788604691625
69 85 0 8 0.0788031965494
28 64 0 8 0.0786025896668
7 11 0 8 0.0785637274384
19 78 0 8 0.0785132721066
15 69 0 8 0.0785022899508
10 70 0 8 0.0778257474303
16 41 0 8 0.0776317939162
3 70 0 8 0.0773872360587
4 67 0 8 0.0773734077811
42 70 0 8 0.0771261826158
55 76 0 8 0.076806396246
31 36 0 8 0.0767311528325
73 80 0 8 0.0765856131911
13 39 0 8 0.0761301964521
54 60 0 8 0.0761227160692
37 41 0 8 0.0751276686788
40 70 0 8 0.0751049891114
5 62 0 8 0.07507712394
15 39 0 8 0.0749862864614
16 68 0 8 0.0749202296138
11 63 0 8 0.0748702213168
10 86 0 8 0.0747877880931
12 48 0 8 0.0745216310024
12 57 0 8 0.0744987279177
9 72 0 8 0.0744429752231
43 55 0 8 0.0742790475488
11 43 0 8 0.074171461165
7 77 0 8 0.0731992274523
72 81 0 8 0.0731350705028
48 81 0 8 0.0730232968926
1 72 0 8 0.0726666599512
26 68 0 8 0.0722268968821
14 70 0 8 0.0721672251821
51 59 0 8 0.0720641985536
15 59 0 8 0.0720494911075
29 39 0 8 0.0720434486866
18 46 0 8 0.0718429684639
13 85 0 8 0.0712554827332
26 76 0 8 0.0706966593862
16 21 0 8 0.0705495774746
17 77 0 8 0.0704380124807
20 30 0 8 0.0703687518835
23 38 0 8 0.0703509896994
9 82 0 8 0.0701090618968
28 39 0 8 0.0695295259356
45 68 0 8 0.0694089233875
3 86 0 8 0.0692909061909
50 66 0 8 0.0691228210926
68 80 0 8 0.0688906013966
44 68 0 8 0.068435497582
64 84 0 8 0.0680372938514
61 86 0 8 0.0678796172142
48 83 0 8 0.0675745233893
43 70 0 8 0.067457921803
39 60 0 8 0.0672662034631
20 39 0 8 0.0669916272163
14 40 0 8 0.0669035241008
10 68 0 8 0.0666059106588
15 57 0 8 0.0666055306792
17 51 0 8 0.0665783584118
44 54 0 8 0.0663910806179
15 26 0 8 0.0660971477628
59 72 0 8 0.0659281238914
13 77 0 8 0.0659231841564
27 30 0 8 0.0658112242818
46 83 0 8 0.065787576139
17 20 0 8 0.0657651200891
14 66 0 8 0.0656221881509
67 87 0 8 0.0656036958098
11 66 0 8 0.0653133541346
18 55 0 8 0.0652423202991
7 62 0 8 0.0651765391231
17 59 0 8 0.0649082884192
17 68 0 8 0.0648106634617
31 42 0 8 0.0647568032146
41 78 0 8 0.0646027550101
10 42 0 8 0.0645169839263
5 70 0 8 0.0644025057554
70 77 0 8 0.06410767138
13 79 0 8 0.0641056671739
47 84 0 8 0.0638728365302
61 71 0 8 0.0638037621975
6 74 0 8 0.0637431517243
1 73 0 8 0.063724398613
51 63 0 8 0.0636373981833
31 41 0 8 0.0635843425989
18 39 0 8 0.063286177814
17 54 0 8 0.0632836446166
21 42 0 8 0.0632758140564
14 49 0 8 0.0629822909832
64 86 0 8 0.062832057476
4 85 0 8 0.0628262460232
24 30 0 8 0.062777467072
16 38 0 8 0.0626297593117
12 60 0 8 0.0626213103533
65 87 0 8 0.0625680238008
11 60 0 8 0.0623731166124
6 81 0 8 0.0622257180512
31 37 0 8 0.0620790868998
3 78 0 8 0.0617704056203
34 39 0 8 0.0617552101612
16 39 0 8 0.0616704709828
63 84 0 8 0.0615650638938
5 13 0 8 0.0613781586289
18 43 0 8 0.0612023733556
14 25 0 8 0.0610626488924
26 29 0 8 0.0608688145876
4 68 0 8 0.0606559403241
59 86 0 8 0.060641810298
11 55 0 8 0.0605031438172
19 47 0 8 0.0603746399283
15 48 0 8 0.0601845607162
9 73 0 8 0.0600929930806
15 61 0 8 0.0599707961082
11 33 0 8 0.0599641986191
13 50 0 8 0.0597063191235
57 60 0 8 0.0596414990723
75 79 0 8 0.0595819838345
3 40 0 8 0.0595082305372
2 39 0 8 0.0594990774989
26 40 0 8 0.0592178218067
28 46 0 8 0.05913997069
17 44 0 8 0.0591158717871
37 63 0 8 0.0590502433479
36 66 0 8 0.058935508132
5 80 0 8 0.0588187240064
5 84 0 8 0.05876012519
19 70 0 8 0.0587586462498
6 68 0 8 0.0585285536945
15 41 0 8 0.0584142804146
43 86 0 8 0.0583366081119
19 54 0 8 0.0581833906472
26 82 0 8 0.0580469854176
21 41 0 8 0.0580051541328
6 78 0 8 0.0580008924007
46 51 0 8 0.0579796247184
40 68 0 8 0.0578258447349
42 69 0 8 0.0577665381134
19 55 0 8 0.0577663145959
36 85 0 8 0.0574101321399
13 60 0 8 0.0573351718485
33 46 0 8 0.0571854114532
26 78 0 8 0.0571414418519
60 86 0 8 0.057130292058
16 59 0 8 0.0569624900818
36 71 0 8 0.0569390803576
2 66 0 8 0.0569287128747
51 58 0 8 0.0566524788737
2 77 0 8 0.0562190748751
46 81 0 8 0.056201569736
61 83 0 8 0.0561484135687
10 77 0 8 0.0559735372663
5 78 0 8 0.0558632649481
3 69 0 8 0.05578225106
3 42 0 8 0.0557417273521
13 45 0 8 0.0556369125843
14 75 0 8 0.055573835969
36 41 0 8 0.0554862208664
13 19 0 8 0.0553927794099
41 61 0 8 0.0553489625454
13 71 0 8 0.0553055331111
9 86 0 8 0.0550536774099
42 58 0 8 0.0549322403967
38 86 0 8 0.0548392124474
56 75 0 8 0.0548249185085
68 87 0 8 0.0547538809478
1 43 0 8 0.054685562849
12 40 0 8 0.0546107962728
16 61 0 8 0.0544708631933
9 62 0 8 0.054365221411
6 65 0 8 0.0543104112148
2 55 0 8 0.0540605485439
53 57 0 8 0.0540579520166
26 32 0 8 0.0539733767509
1 19 0 8 0.0539082959294
13 48 0 8 0.053792193532
20 38 0 8 0.0536406897008
1 71 0 8 0.0533106029034
22 48 0 8 0.0532363243401
51 57 0 8 0.0531459003687
5 68 0 8 0.053057666868
13 46 0 8 0.0529847852886
16 40 0 8 0.052805852145
44 58 0 8 0.0528044551611
60 83 0 8 0.0527482368052
11 28 0 8 0.0526471547782
20 32 0 8 0.0523737296462
14 69 0 8 0.0523282773793
14 18 0 8 0.052094284445
47 53 0 8 0.052082888782
64 67 0 8 0.0519265718758
33 41 0 8 0.0517731197178
6 67 0 8 0.0517208352685
12 46 0 8 0.051680136472
29 34 0 8 0.0515449121594
48 59 0 8 0.0514956898987
21 76 0 8 0.0514212921262
15 55 0 8 0.0514097549021
10 48 0 8 0.051328510046
23 40 0 8 0.0513039119542
18 40 0 8 0.0512966625392
14 83 0 8 0.0512601844966
9 44 0 8 0.0512334518135
11 77 0 8 0.051148314029
33 42 0 8 0.0510526970029
15 83 0 8 0.0509752929211
11 79 0 8 0.0507393479347
13 41 0 8 0.0507001429796
26 50 0 8 0.0506837926805
28 36 0 8 0.0506780482829
54 78 0 8 0.0505594275892
2 67 0 8 0.0504942685366
22 47 0 8 0.0503965988755
40 69 0 8 0.050124656409
17 47 0 8 0.0497083440423
11 73 0 8 0.0496371798217
23 32 0 8 0.0496142208576
26 42 0 8 0.0495251268148
63 69 0 8 0.0494725368917
12 84 0 8 0.0494039133191
26 47 0 8 0.0493139103055
55 71 0 8 0.0492010936141
28 34 0 8 0.0491162538528
13 73 0 8 0.0490238629282
19 51 0 8 0.0489846393466
23 47 0 8 0.0489640273154
12 43 0 8 0.0488470755517
57 85 0 8 0.0488450601697
41 60 0 8 0.0488422363997
24 29 0 8 0.0487928390503
1 4 0 8 0.0487764887512
39 79 0 8 0.048755761236
10 69 0 8 0.048534873873
9 64 0 8 0.0483732521534
27 31 0 8 0.0482584945858
2 68 0 8 0.0482254885137
10 83 0 8 0.048219665885
16 51 0 8 0.048153411597
49 66 0 8 0.0480415560305
15 47 0 8 0.047991219908
25 66 0 8 0.0479263924062
1 42 0 8 0.0478351376951
35 40 0 8 0.0477263331413
71 83 0 8 0.0473623983562
30 40 0 8 0.0473483279347
17 70 0 8 0.0472493059933
41 76 0 8 0.0472246594727
6 70 0 8 0.0471526756883
59 87 0 8 0.0470902211964
40 54 0 8 0.0470480024815
3 79 0 8 0.0469787828624
4 86 0 8 0.0468488447368
39 76 0 8 0.0468302890658
14 39 0 8 0.0466413460672
19 63 0 8 0.0465938337147
15 60 0 8 0.0465141274035
56 60 0 8 0.046459890902
66 82 0 8 0.0463494062424
4 66 0 8 0.0463467724621
19 32 0 8 0.0463007837534
47 83 0 8 0.0462630055845
61 85 0 8 0.0462555773556
26 70 0 8 0.0462211854756
44 83 0 8 0.0462074801326
16 19 0 8 0.046195011586
18 37 0 8 0.0460432842374
20 40 0 8 0.0459482185543
2 40 0 8 0.0458652824163
3 16 0 8 0.0457848012447
6 84 0 8 0.0456481687725
16 53 0 8 0.0455502234399
5 69 0 8 0.0453769899905
7 37 0 8 0.0452818013728
5 81 0 8 0.0452742874622
39 85 0 8 0.0451613590121
39 86 0 8 0.0450296364725
8 65 0 8 0.0449119620025
42 83 0 8 0.0448669530451
41 57 0 8 0.0448148027062
51 68 0 8 0.0447969287634
29 40 0 8 0.0447727032006
42 79 0 8 0.0447467081249
2 74 0 8 0.0445896722376
7 85 0 8 0.0445304140449
5 66 0 8 0.044392414391
31 39 0 8 0.0443630628288
56 72 0 8 0.0443076044321
5 43 0 8 0.0443053729832
9 70 0 8 0.0442478880286
3 50 0 8 0.0441557429731
2 70 0 8 0.0440374165773
16 66 0 8 0.0439882092178
12 42 0 8 0.0439530014992
19 68 0 8 0.0439430736005
8 79 0 8 0.0438825339079
41 59 0 8 0.043820425868
48 70 0 8 0.0436912812293
11 22 0 8 0.0435624755919
26 41 0 8 0.0435309186578
2 21 0 8 0.0434705913067
16 60 0 8 0.0433023422956
14 19 0 8 0.0432994216681
15 21 0 8 0.0432894080877
2 18 0 8 0.0432514734566
11 50 0 8 0.0429782755673
1 83 0 8 0.0429671853781
13 86 0 8 0.0429118312895
22 78 0 8 0.0428688265383
17 61 0 8 0.0426482111216
36 81 0 8 0.0425597839057
11 38 0 8 0.0424467921257
30 42 0 8 0.0422366410494
21 50 0 8 0.0421711057425
18 53 0 8 0.0421156585217
38 87 0 8 0.041982408613
17 84 0 8 0.0418093129992
40 80 0 8 0.0417153015733
74 81 0 8 0.0417053736746
16 81 0 8 0.0416761487722
5 71 0 8 0.0416519492865
40 43 0 8 0.0416264906526
40 77 0 8 0.0416244380176
15 74 0 8 0.0415743254125
3 61 0 8 0.0415256544948
10 79 0 8 0.0415095053613
14 21 0 8 0.0415040031075
28 83 0 8 0.0413335040212
41 79 0 8 0.0413321405649
21 74 0 8 0.0413222424686
1 20 0 8 0.0412202365696
4 69 0 8 0.0411989949644
18 76 0 8 0.0411622710526
28 35 0 8 0.0410965904593
19 52 0 8 0.0409017875791
15 40 0 8 0.0408867225051
42 60 0 8 0.0408434271812
19 34 0 8 0.0408367104828
10 80 0 8 0.0406501702964
52 57 0 8 0.0405386425555
47 63 0 8 0.040462102741
15 84 0 8 0.040402110666
11 72 0 8 0.0403437949717
36 72 0 8 0.0402854159474
23 49 0 8 0.0400273837149
34 42 0 8 0.0398760028183
6 86 0 8 0.0397889725864
34 40 0 8 0.0397744476795
22 68 0 8 0.0397552773356
2 41 0 8 0.0397540926933
36 84 0 8 0.0396881140769
11 45 0 8 0.0395570546389
77 80 0 8 0.0394673869014
2 79 0 8 0.0394276753068
22 66 0 8 0.0393319800496
25 51 0 8 0.0391629487276
57 75 0 8 0.039130885154
25 40 0 8 0.0391209572554
6 85 0 8 0.0390567407012
12 63 0 8 0.0390456989408
3 6 0 8 0.0389741584659
51 56 0 8 0.0389417819679
20 36 0 8 0.0389066152275
12 47 0 8 0.0387678742409
51 75 0 8 0.0387514866889
72 82 0 8 0.0387185662985
70 84 0 8 0.0386603698134
24 31 0 8 0.0386452227831
50 58 0 8 0.0386193320155
30 36 0 8 0.0384948700666
50 57 0 8 0.0384935550392
1 74 0 8 0.0384802669287
62 84 0 8 0.0384459085763
5 79 0 8 0.0383993498981
43 77 0 8 0.0382953584194
29 36 0 8 0.0382176041603
22 50 0 8 0.0381805449724
30 66 0 8 0.0381668247283
37 85 0 8 0.0381612591445
10 87 0 8 0.0380782447755
60 84 0 8 0.0380428135395
10 73 0 8 0.0379836410284
58 61 0 8 0.0379149802029
55 86 0 8 0.0379121825099
17 45 0 8 0.037872787565
14 63 0 8 0.0378425419331
17 26 0 8 0.0378073900938
11 58 0 8 0.0377551168203
58 85 0 8 0.0377400033176
11 84 0 8 0.0374600253999
30 35 0 8 0.0374055989087
42 82 0 8 0.0373659990728
77 81 0 8 0.0373029746115
16 58 0 8 0.0370965749025
1 44 0 8 0.0369914881885
22 44 0 8 0.0369842946529
46 66 0 8 0.0368911735713
45 82 0 8 0.0368015952408
26 43 0 8 0.036634683609
26 30 0 8 0.0365705266595
54 72 0 8 0.0364075563848
17 55 0 8 0.0363926328719
18 78 0 8 0.0363770760596
45 71 0 8 0.0363576002419
31 38 0 8 0.0363511927426
17 65 0 8 0.0361822918057
45 70 0 8 0.0361271128058
28 45 0 8 0.0361142419279
30 83 0 8 0.0360744148493
1 21 0 8 0.0360325612128
37 86 0 8 0.0360255986452
13 44 0 8 0.0359808504581
29 42 0 8 0.0359436459839
56 61 0 8 0.0359424464405
42 85 0 8 0.0358660109341
29 37 0 8 0.0358451642096
12 39 0 8 0.0357824787498
39 69 0 8 0.0356528423727
11 54 0 8 0.035611577332
71 74 0 8 0.0355411544442
53 58 0 8 0.0355361737311
18 44 0 8 0.0354742892087
16 20 0 8 0.0353864207864
2 81 0 8 0.0351768583059
44 86 0 8 0.0351611636579
4 61 0 8 0.0351552516222
16 45 0 8 0.0351255685091
36 68 0 8 0.0349867865443
39 70 0 8 0.0349446237087
47 58 0 8 0.034908361733
30 39 0 8 0.0348474420607
28 43 0 8 0.0348293073475
2 76 0 8 0.0346896648407
31 40 0 8 0.0345774739981
28 50 0 8 0.0345250740647
16 67 0 8 0.0344435870647
30 46 0 8 0.0343226455152
22 40 0 8 0.0342496782541
15 63 0 8 0.0342423990369
32 47 0 8 0.0342153981328
2 64 0 8 0.0342006310821
39 42 0 8 0.0341395959258
9 74 0 8 0.0341203324497
64 87 0 8 0.0341093540192
11 40 0 8 0.0340140238404
37 84 0 8 0.0339861176908
36 73 0 8 0.0339305363595
20 42 0 8 0.0339193232358
26 36 0 8 0.0339052714407
46 70 0 8 0.0338766351342
28 65 0 8 0.0337211228907
38 74 0 8 0.0335602015257
18 45 0 8 0.0335034579039
42 59 0 8 0.0334817096591
17 46 0 8 0.0333971455693
21 78 0 8 0.0333961583674
13 67 0 8 0.0333607420325
28 37 0 8 0.0332960039377
23 35 0 8 0.0332165397704
28 44 0 8 0.033182837069
5 82 0 8 0.0331585370004
13 84 0 8 0.0330905094743
1 12 0 8 0.033080868423
25 43 0 8 0.0329247042537
32 50 0 8 0.0328485034406
3 63 0 8 0.0328281410038
67 81 0 8 0.0327474698424
10 63 0 8 0.0327153280377
6 43 0 8 0.0326705276966
11 39 0 8 0.0326664932072
11 48 0 8 0.0324925817549
3 21 0 8 0.0323086827993
31 43 0 8 0.0323055274785
27 32 0 8 0.0321630649269
7 59 0 8 0.032159190625
50 70 0 8 0.0320905894041
1 67 0 8 0.032077267766
44 61 0 8 0.0320296287537
2 63 0 8 0.0320074334741
11 46 0 8 0.0319042764604
8 86 0 8 0.0318644158542
40 83 0 8 0.0317880697548
10 46 0 8 0.0317864120007
35 85 0 8 0.0317662283778
67 82 0 8 0.0316706039011
32 43 0 8 0.0315432921052
27 53 0 8 0.031541172415
36 86 0 8 0.0314277373254
13 51 0 8 0.0313130281866
47 66 0 8 0.0312531478703
26 31 0 8 0.031078401953
23 50 0 8 0.0308602750301
71 84 0 8 0.0308093316853
62 85 0 8 0.0308092348278
14 42 0 8 0.0307862684131
74 80 0 8 0.0307686720043
17 66 0 8 0.0306852739304
25 47 0 8 0.0306323524565
39 78 0 8 0.0306269433349
19 81 0 8 0.0305437911302
27 35 0 8 0.0305072013289
27 39 0 8 0.030505804345
12 86 0 8 0.0304685682058
6 63 0 8 0.0304330494255
23 34 0 8 0.0303381066769
26 63 0 8 0.0303274914622
7 67 0 8 0.0302794706076
9 87 0 8 0.0302591137588
71 76 0 8 0.0302405375987
17 40 0 8 0.0301804859191
28 51 0 8 0.0301463101059
7 78 0 8 0.029996348545
14 86 0 8 0.0299944132566
19 77 0 8 0.0298182647675
12 73 0 8 0.0298175886273
48 61 0 8 0.0298077147454
13 72 0 8 0.0298008136451
36 64 0 8 0.0297969747335
12 41 0 8 0.0296966526657
38 79 0 8 0.0295860953629
7 12 0 8 0.0295810308307
29 35 0 8 0.0295644644648
14 67 0 8 0.029551608488
20 49 0 8 0.0295307934284
58 86 0 8 0.0294595528394
14 22 0 8 0.0294061284512
25 42 0 8 0.0293992552906
57 61 0 8 0.0293953306973
2 82 0 8 0.0293737687171
3 43 0 8 0.0293546710163
30 37 0 8 0.0292746163905
7 86 0 8 0.0291975531727
28 78 0 8 0.0291803106666
52 56 0 8 0.02915023081
8 11 0 8 0.0290914159268
22 77 0 8 0.0290147587657
1 70 0 8 0.0290100295097
21 39 0 8 0.0289741829038
9 65 0 8 0.0289381705225
28 47 0 8 0.0287170708179
29 63 0 8 0.0286742951721
9 81 0 8 0.0286628436297
17 83 0 8 0.0286221150309
48 63 0 8 0.0286019761115
42 47 0 8 0.0285515040159
40 71 0 8 0.0285066124052
15 51 0 8 0.0284234955907
11 41 0 8 0.0283939652145
42 66 0 8 0.0283844899386
53 62 0 8 0.0283409822732
15 64 0 8 0.0282223932445
24 33 0 8 0.0279626417905
15 65 0 8 0.0278849489987
43 82 0 8 0.0277835447341
2 11 0 8 0.02776629664
42 67 0 8 0.0277427695692
52 63 0 8 0.0277380552143
1 66 0 8 0.0277235675603
83 86 0 8 0.0276512056589
39 68 0 8 0.027635525912
4 72 0 8 0.0275641866028
15 71 0 8 0.0275424085557
44 66 0 8 0.0274244975299
20 33 0 8 0.0273421779275
39 74 0 8 0.0273397937417
15 54 0 8 0.0273328777403
16 22 0 8 0.0272790137678
31 44 0 8 0.0272262748331
56 74 0 8 0.0271578729153
25 50 0 8 0.0271274335682
3 73 0 8 0.027111178264
24 35 0 8 0.0270032752305
40 59 0 8 0.0269699748605
41 80 0 8 0.0269580520689
26 49 0 8 0.026936866343
34 66 0 8 0.026892343536
63 81 0 8 0.0268814079463
1 22 0 8 0.02679868415
16 70 0 8 0.0267949104309
10 72 0 8 0.0267530996352
61 66 0 8 0.0267480965704
58 75 0 8 0.0266807693988
18 32 0 8 0.0266179405153
36 80 0 8 0.0265127550811
6 13 0 8 0.026445068419
29 38 0 8 0.026403715834
9 12 0 8 0.0263830572367
40 60 0 8 0.0263811592013
11 67 0 8 0.0263090915978
41 49 0 8 0.0263033211231
42 54 0 8 0.0262741353363
6 61 0 8 0.0261993836612
26 39 0 8 0.0261781159788
11 87 0 8 0.0261749364436
9 32 0 8 0.0261744521558
2 78 0 8 0.0261722877622
26 37 0 8 0.0261446107179
24 36 0 8 0.0260651260614
15 36 0 8 0.0260467212647
12 85 0 8 0.026019519195
25 32 0 8 0.0258887130767
1 41 0 8 0.0258632209152
7 74 0 8 0.0257913693786
2 19 0 8 0.0257592014968
53 74 0 8 0.0255559626967
3 71 0 8 0.0254927948117
15 37 0 8 0.0254899263382
5 67 0 8 0.0254812706262
25 46 0 8 0.0253404136747
9 83 0 8 0.0252550523728
4 15 0 8 0.0251696500927
26 86 0 8 0.0250937305391
61 84 0 8 0.0250094011426
54 75 0 8 0.0250000078231
1 32 0 8 0.0249277446419
3 67 0 8 0.0248176902533
2 54 0 8 0.0248093381524
12 21 0 8 0.0247779879719
40 66 0 8 0.0247519277036
8 87 0 8 0.0247208662331
41 70 0 8 0.0246858727187
11 75 0 8 0.0246521085501
4 63 0 8 0.0245510842651
25 86 0 8 0.0244882572442
22 30 0 8 0.0244280546904
7 65 0 8 0.0244271922857
59 74 0 8 0.0244151148945
1 64 0 8 0.0243800729513
38 78 0 8 0.0243676286191
26 85 0 8 0.0242535863072
9 77 0 8 0.024226129055
12 77 0 8 0.0241665653884
51 70 0 8 0.0240712575614
8 78 0 8 0.0240554884076
4 78 0 8 0.0240244101733
4 8 0 8 0.0239966548979
3 80 0 8 0.0237909071147
11 47 0 8 0.0237777214497
23 63 0 8 0.0237586349249
23 43 0 8 0.0237455591559
2 38 0 8 0.0237112734467
10 62 0 8 0.023617528379
55 81 0 8 0.0235704481602
8 66 0 8 0.0235636495054
11 51 0 8 0.0235472805798
30 44 0 8 0.023546250537
4 79 0 8 0.0235161185265
8 77 0 8 0.0234217941761
1 63 0 8 0.0234172567725
17 39 0 8 0.0234018582851
27 36 0 8 0.0232858285308
3 10 0 8 0.0232837125659
2 44 0 8 0.0232259426266
26 81 0 8 0.0232255794108
19 48 0 8 0.0230947695673
1 65 0 8 0.0230054855347
29 66 0 8 0.022962430492
5 63 0 8 0.02292798087
19 44 0 8 0.0229235123843
6 59 0 8 0.0229225829244
56 86 0 8 0.0228710770607
55 72 0 8 0.0228590127081
17 53 0 8 0.0228036344051
47 52 0 8 0.0227830726653
15 56 0 8 0.022780938074
50 59 0 8 0.0227788370103
41 81 0 8 0.0227777231485
43 63 0 8 0.0227369535714
17 33 0 8 0.0226881802082
33 63 0 8 0.0226832814515
26 35 0 8 0.022668460384
22 49 0 8 0.0225568283349
26 54 0 8 0.02248471044
1 78 0 8 0.0224737394601
33 47 0 8 0.0223970152438
26 33 0 8 0.0223092641681
20 53 0 8 0.0222432781011
7 35 0 8 0.0222132820636
42 86 0 8 0.0221818033606
10 45 0 8 0.0221441406757
18 60 0 8 0.0220877211541
9 79 0 8 0.0220208782703
57 76 0 8 0.0220026150346
1 82 0 8 0.0219934359193
1 28 0 8 0.0219745766371
1 77 0 8 0.0219228826463
28 86 0 8 0.0218673199415
29 67 0 8 0.0218374263495
12 55 0 8 0.0218290966004
9 46 0 8 0.0217913854867
10 36 0 8 0.0217566341162
17 48 0 8 0.02175572142
11 32 0 8 0.0217082202435
42 55 0 8 0.0216564536095
28 63 0 8 0.0216461513191
29 41 0 8 0.0216181874275
58 84 0 8 0.0216180644929
10 81 0 8 0.0216142144054
2 48 0 8 0.0216028019786
29 74 0 8 0.0215710923076
1 76 0 8 0.0215703435242
1 69 0 8 0.0215684957802
16 74 0 8 0.0215392168611
20 31 0 8 0.0214989595115
39 82 0 8 0.0214906204492
16 65 0 8 0.0214116480201
62 87 0 8 0.0213534366339
21 32 0 8 0.021350024268
7 79 0 8 0.0213372204453
63 87 0 8 0.021312372759
17 36 0 8 0.0212979186326
40 86 0 8 0.0212808456272
25 33 0 8 0.0212191194296
9 80 0 8 0.0212096627802
3 60 0 8 0.0212049372494
2 65 0 8 0.0212028250098
25 36 0 8 0.0212000031024
37 64 0 8 0.0211805999279
14 61 0 8 0.0211762096733
36 87 0 8 0.0211212784052
19 31 0 8 0.0210965070873
17 52 0 8 0.0210656765848
2 61 0 8 0.021057182923
55 74 0 8 0.0210203044116
6 77 0 8 0.0209915246814
26 44 0 8 0.0209674164653
26 46 0 8 0.0209356378764
25 78 0 8 0.0209299996495
3 41 0 8 0.0209102667868
64 68 0 8 0.0209019351751
2 80 0 8 0.0208886191249
2 22 0 8 0.0208695810288
8 38 0 8 0.0208412259817
61 81 0 8 0.0208241846412
35 63 0 8 0.0208091195673
33 68 0 8 0.0207939427346
15 72 0 8 0.020741680637
19 57 0 8 0.0207102503628
1 29 0 8 0.0206839051098
4 71 0 8 0.0206689238548
14 41 0 8 0.0206667482853
57 87 0 8 0.0206505414099
43 84 0 8 0.0206221248955
13 55 0 8 0.0206138920039
28 81 0 8 0.0206076558679
37 87 0 8 0.0205923579633
5 41 0 8 0.0205839741975
34 41 0 8 0.0205618515611
41 58 0 8 0.020555216819
13 54 0 8 0.0205377805978
45 58 0 8 0.0205302331597
30 68 0 8 0.020503455773
43 66 0 8 0.0205007400364
20 55 0 8 0.020495519042
40 82 0 8 0.0204237978905
61 87 0 8 0.0203926060349
12 25 0 8 0.0202881284058
11 61 0 8 0.020258480683
18 50 0 8 0.0201556943357
16 55 0 8 0.020110828802
10 43 0 8 0.0200888216496
13 28 0 8 0.0200733505189
57 86 0 8 0.0200415439904
22 36 0 8 0.0200391486287
9 43 0 8 0.0200190525502
38 85 0 8 0.0200153682381
7 66 0 8 0.0200068783015
48 57 0 8 0.0199933163822
54 86 0 8 0.0199866499752
40 84 0 8 0.0199558380991
15 86 0 8 0.0199537314475
17 76 0 8 0.0199179779738
17 50 0 8 0.0198942739516
55 85 0 8 0.019861523062
10 67 0 8 0.0198535677046
47 56 0 8 0.0198315996677
7 81 0 8 0.0198282059282
15 85 0 8 0.0198207385838
56 85 0 8 0.0197957549244
14 20 0 8 0.0197936054319
49 61 0 8 0.0197483003139
1 54 0 8 0.0197059046477
39 45 0 8 0.0196904502809
1 50 0 8 0.0196711681783
17 71 0 8 0.0196537487209
39 84 0 8 0.0196123141795
51 78 0 8 0.019611325115
41 85 0 8 0.0196084920317
1 36 0 8 0.0196080897003
52 76 0 8 0.0196077227592
1 51 0 8 0.0195517838001
16 52 0 8 0.0194955542684
9 42 0 8 0.0194623842835
4 62 0 8 0.019439952448
27 34 0 8 0.0193259324878
40 85 0 8 0.0193096902221
18 81 0 8 0.0193080175668
17 57 0 8 0.0192926302552
2 5 0 8 0.0192487742752
12 26 0 8 0.0192431211472
6 62 0 8 0.019240250811
17 38 0 8 0.019228188321
29 64 0 8 0.019187791273
6 58 0 8 0.0191476009786
12 59 0 8 0.0191435646266
4 41 0 8 0.0191422700882
24 32 0 8 0.0191367119551
1 75 0 8 0.0191338863224
19 35 0 8 0.0191083773971
39 87 0 8 0.0190965551883
18 33 0 8 0.0190819166601
71 75 0 8 0.0190285798162
42 84 0 8 0.019006004557
38 69 0 8 0.0189860016108
19 73 0 8 0.0189450662583
30 43 0 8 0.0189390014857
10 74 0 8 0.0189102068543
38 84 0 8 0.0189019851387
14 46 0 8 0.0189007781446
18 77 0 8 0.0188847444952
17 86 0 8 0.0188602469862
37 50 0 8 0.0188569482416
17 67 0 8 0.0188430715352
23 31 0 8 0.0188101194799
7 64 0 8 0.0188018009067
18 51 0 8 0.0187791325152
44 80 0 8 0.0187768265605
16 73 0 8 0.0187416765839
3 18 0 8 0.0187198352069
28 38 0 8 0.0187191795558
26 34 0 8 0.0187094155699
14 43 0 8 0.0187056791037
14 48 0 8 0.0186991523951
8 69 0 8 0.0186523478478
2 47 0 8 0.0186356697232
2 50 0 8 0.0186246372759
10 55 0 8 0.0186120700091
39 43 0 8 0.0186048299074
1 38 0 8 0.0185834709555
11 36 0 8 0.018579211086
20 76 0 8 0.0185782499611
17 58 0 8 0.0185696147382
26 51 0 8 0.0185579676181
5 60 0 8 0.0185556281358
12 32 0 8 0.018525891006
8 81 0 8 0.0185233950615
16 36 0 8 0.0185146927834
35 86 0 8 0.0185100883245
34 65 0 8 0.0184996221215
15 52 0 8 0.018475541845
48 66 0 8 0.018436640501
5 33 0 8 0.0184224974364
39 80 0 8 0.0183946415782
32 44 0 8 0.0183932799846
11 19 0 8 0.0183929633349
25 63 0 8 0.0183778163046
37 72 0 8 0.0183668788522
38 72 0 8 0.0183587465435
4 40 0 8 0.0183474980295
18 58 0 8 0.0183359235525
1 68 0 8 0.0183200314641
37 66 0 8 0.018294069916
41 66 0 8 0.0182905457914
10 61 0 8 0.0182848311961
35 87 0 8 0.0182736683637
5 59 0 8 0.0182677078992
22 29 0 8 0.0182670578361
3 34 0 8 0.0182580128312
36 42 0 8 0.018251940608
29 85 0 8 0.0182390939444
13 21 0 8 0.0182189755142
12 72 0 8 0.0182027518749
41 86 0 8 0.0181962754577
22 80 0 8 0.0181788038462
5 14 0 8 0.0181743446738
25 29 0 8 0.0181672498584
29 86 0 8 0.0181649364531
43 80 0 8 0.0181579012424
6 73 0 8 0.0180954933167
11 37 0 8 0.0180921088904
38 73 0 8 0.0180887579918
45 86 0 8 0.0180848222226
48 58 0 8 0.0180798154324
14 58 0 8 0.018038764596
9 66 0 8 0.0180048905313
10 33 0 8 0.018004335463
33 70 0 8 0.0179618019611
21 86 0 8 0.0179214235395
43 76 0 8 0.0179154314101
1 80 0 8 0.0179094262421
32 63 0 8 0.017904477194
1 37 0 8 0.0179016198963
41 83 0 8 0.0178480204195
34 49 0 8 0.0178417507559
2 28 0 8 0.017819788307
14 36 0 8 0.0178120117635
69 78 0 8 0.0177952870727
33 43 0 8 0.0177511833608
27 33 0 8 0.0177184212953
14 72 0 8 0.0176990218461
42 76 0 8 0.0176735296845
11 44 0 8 0.0176723133773
40 63 0 8 0.0176590643823
43 54 0 8 0.0176390167326
7 69 0 8 0.0176216587424
56 62 0 8 0.0175878945738
14 85 0 8 0.017572183162
1 79 0 8 0.0175493359566
4 77 0 8 0.0175247713923
50 56 0 8 0.0175163336098
35 49 0 8 0.0174895115197
25 44 0 8 0.0174744576216
42 87 0 8 0.017468156293
20 50 0 8 0.0174458343536
8 36 0 8 0.0174187850207
14 59 0 8 0.0173879861832
52 59 0 8 0.0173742156476
3 77 0 8 0.0173460058868
18 38 0 8 0.0173448268324
41 87 0 8 0.017314741388
18 80 0 8 0.0172969419509
58 87 0 8 0.0172754768282
1 62 0 8 0.0172580070794
1 55 0 8 0.0172549504787
8 74 0 8 0.0172524526715
43 85 0 8 0.0172395948321
2 62 0 8 0.0172239523381
10 37 0 8 0.0172166898847
39 66 0 8 0.0171928405762
23 86 0 8 0.0171871054918
51 76 0 8 0.0171711221337
27 40 0 8 0.0171647202224
13 32 0 8 0.0171474162489
13 16 0 8 0.0171237010509
5 73 0 8 0.0171167124063
32 49 0 8 0.0171088837087
16 86 0 8 0.0170935597271
8 80 0 8 0.0170566402376
13 37 0 8 0.0170476101339
67 80 0 8 0.0170369464904
24 50 0 8 0.0170253552496
30 48 0 8 0.0170113239437
4 87 0 8 0.0170063320547
26 53 0 8 0.0169683843851
3 72 0 8 0.0169423539191
38 63 0 8 0.0169032141566
19 49 0 8 0.0169025082141
59 77 0 8 0.0168767292053
52 61 0 8 0.0168487690389
18 70 0 8 0.0168346446007
45 66 0 8 0.0168284252286
8 35 0 8 0.0168268866837
1 5 0 8 0.0168225951493
57 62 0 8 0.0168160516769
54 68 0 8 0.0168132763356
37 62 0 8 0.0167857576162
41 69 0 8 0.0167741775513
12 54 0 8 0.0167695451528
22 45 0 8 0.0167575273663
37 83 0 8 0.0167388562113
9 69 0 8 0.0167268607765
22 41 0 8 0.0167145915329
2 53 0 8 0.0166950263083
60 85 0 8 0.0166844446212
35 73 0 8 0.0166748017073
22 86 0 8 0.0166593194008
39 81 0 8 0.0166592728347
2 75 0 8 0.0166254993528
17 63 0 8 0.0166221801192
14 76 0 8 0.0166149009019
40 48 0 8 0.0166125167161
35 41 0 8 0.0166046041995
5 75 0 8 0.0165921896696
9 67 0 8 0.0165806636214
2 29 0 8 0.0165748950094
44 57 0 8 0.0165687166154
17 85 0 8 0.0165671948344
56 87 0 8 0.0165643580258
70 85 0 8 0.0165533721447
16 63 0 8 0.0165533088148
42 63 0 8 0.0165338050574
29 80 0 8 0.0165173131973
2 60 0 8 0.0164930168539
13 62 0 8 0.0164836216718
21 40 0 8 0.0164831187576
7 76 0 8 0.0164824929088
83 87 0 8 0.0164728499949
35 84 0 8 0.0164659433067
21 66 0 8 0.0164473522455
68 78 0 8 0.0164180640131
28 70 0 8 0.0164160020649
16 46 0 8 0.0164106506854
24 45 0 8 0.0163854621351
30 38 0 8 0.0163746457547
1 25 0 8 0.0163693614304
50 86 0 8 0.0163532532752
35 42 0 8 0.016292700544
1 31 0 8 0.0162897277623
20 52 0 8 0.0162796974182
37 81 0 8 0.0162605792284
1 49 0 8 0.0162428785115
7 72 0 8 0.0162416212261
1 53 0 8 0.0162212681025
7 36 0 8 0.0161860287189
68 79 0 8 0.0161635000259
25 45 0 8 0.0161626972258
52 58 0 8 0.0161581411958
5 42 0 8 0.0161524862051
26 75 0 8 0.0161359757185
9 38 0 8 0.0161305479705
12 51 0 8 0.0161301475018
9 39 0 8 0.0161265302449
10 32 0 8 0.0160967186093
26 77 0 8 0.0160818323493
17 56 0 8 0.0160759557039
44 73 0 8 0.016068905592
4 49 0 8 0.0160622950643
21 85 0 8 0.0160511750728
26 84 0 8 0.0160393696278
16 76 0 8 0.0160280205309
43 57 0 8 0.0160194933414
49 86 0 8 0.0160104017705
18 61 0 8 0.0160054750741
30 61 0 8 0.0159985888749
70 76 0 8 0.0159939434379
28 73 0 8 0.0159892160445
1 30 0 8 0.0159671287984
59 84 0 8 0.0159668233246
15 50 0 8 0.015935625881
22 63 0 8 0.0159075260162
15 75 0 8 0.0159004591405
3 38 0 8 0.0158986672759
53 68 0 8 0.0158975943923
14 45 0 8 0.0158849395812
36 65 0 8 0.015874909237
38 64 0 8 0.0158612895757
9 58 0 8 0.015853498131
37 74 0 8 0.0158299617469
25 77 0 8 0.0158253330737
32 78 0 8 0.0158148668706
45 61 0 8 0.0157999172807
25 85 0 8 0.015799228102
33 52 0 8 0.0157826058567
6 42 0 8 0.015771061182
49 57 0 8 0.0157546680421
27 42 0 8 0.0157492123544
3 87 0 8 0.0157402344048
16 69 0 8 0.0157301239669
37 42 0 8 0.0157043114305
42 71 0 8 0.0157008208334
43 59 0 8 0.0156871620566
22 53 0 8 0.0156796555966
25 35 0 8 0.0156728550792
60 87 0 8 0.0156695172191
10 26 0 8 0.0156665313989
14 60 0 8 0.0156599376351
21 26 0 8 0.015646064654
7 80 0 8 0.0156439710408
2 30 0 8 0.0156246433035
8 64 0 8 0.0156169151887
19 83 0 8 0.0155807072297
1 33 0 8 0.0155722396448
25 61 0 8 0.0155714862049
50 78 0 8 0.0155610674992
1 61 0 8 0.0155601976439
79 82 0 8 0.0155528597534
32 77 0 8 0.0155513994396
50 64 0 8 0.0155449397862
18 34 0 8 0.0155446045101
1 45 0 8 0.0155419399962
66 81 0 8 0.0155397877097
10 54 0 8 0.0155205493793
21 44 0 8 0.0154939703643
51 86 0 8 0.0154444789514
2 25 0 8 0.0154398242012
1 57 0 8 0.0154202505946
45 80 0 8 0.0154033051804
34 86 0 8 0.0153735456988
53 73 0 8 0.0153727158904
6 33 0 8 0.0153701612726
38 83 0 8 0.0153557201847
11 14 0 8 0.0153403356671
40 73 0 8 0.0153160747141
15 53 0 8 0.015288002789
32 45 0 8 0.0152855338529
5 50 0 8 0.0152744278312
3 39 0 8 0.0152675360441
28 48 0 8 0.0152463801205
7 56 0 8 0.0152313681319
5 51 0 8 0.0151988090947
8 84 0 8 0.0151958977804
7 58 0 8 0.0151890134439
59 76 0 8 0.0151878856122
14 37 0 8 0.015183721669
37 71 0 8 0.0151457078755
2 32 0 8 0.0151386177167
33 84 0 8 0.0151333510876
1 39 0 8 0.0151270693168
7 87 0 8 0.0151200238615
5 87 0 8 0.0151139395311
39 72 0 8 0.015111554414
4 73 0 8 0.015109134838
53 60 0 8 0.0151067227125
51 62 0 8 0.015105147846
25 83 0 8 0.0150777539238
9 28 0 8 0.0150543963537
70 86 0 8 0.0150519367307
50 83 0 8 0.0150442123413
34 81 0 8 0.0150382500142
45 69 0 8 0.0150289861485
34 85 0 8 0.015017314814
47 71 0 8 0.0150074083358
28 49 0 8 0.0149998469278
28 76 0 8 0.0149728944525
71 86 0 8 0.0149557590485
19 86 0 8 0.0149497045204
15 31 0 8 0.0149388452992
1 47 0 8 0.0149325318635
7 68 0 8 0.0149078760296
56 76 0 8 0.0148837715387
31 65 0 8 0.0148751745
9 36 0 8 0.0148736648262
34 63 0 8 0.0148583082482
35 72 0 8 0.0148547561839
70 74 0 8 0.0148542262614
25 70 0 8 0.014837265946
32 68 0 8 0.0148300668225
14 71 0 8 0.0148176783696
11 76 0 8 0.0148169826716
15 38 0 8 0.0148164955899
25 87 0 8 0.0148002235219
28 84 0 8 0.0147889088839
25 48 0 8 0.0147874085233
33 74 0 8 0.0147682605311
35 47 0 8 0.014764258638
17 80 0 8 0.0147427646443
26 38 0 8 0.0147364214063
29 83 0 8 0.0147363804281
37 68 0 8 0.0147259645164
25 30 0 8 0.0147239789367
3 64 0 8 0.0147217931226
38 70 0 8 0.0147199183702
3 28 0 8 0.0147109720856
13 49 0 8 0.0147101627663
38 42 0 8 0.0147053608671
6 36 0 8 0.0146958986297
43 69 0 8 0.014676399529
16 47 0 8 0.0146510656923
29 43 0 8 0.014649214223
36 70 0 8 0.0146441897377
50 74 0 8 0.014634209685
34 87 0 8 0.0146310403943
51 66 0 8 0.0146126691252
45 56 0 8 0.0146021610126
19 56 0 8 0.0145913725719
8 73 0 8 0.0145903714001
3 74 0 8 0.0145884519443
34 64 0 8 0.0145803652704
2 49 0 8 0.0145329153165
37 49 0 8 0.0145211406052
20 34 0 8 0.0145180765539
32 46 0 8 0.0145136704668
13 38 0 8 0.0145030822605
6 46 0 8 0.0145025029778
19 61 0 8 0.0144996950403
50 84 0 8 0.0144856926054
53 86 0 8 0.0144811263308
45 57 0 8 0.0144791388884
49 58 0 8 0.0144597524777
1 26 0 8 0.0144364777952
18 47 0 8 0.0144269345328
82 85 0 8 0.0144148375839
14 32 0 8 0.0143902320415
4 59 0 8 0.0143744628876
21 36 0 8 0.014368398115
35 74 0 8 0.014351464808
73 82 0 8 0.0143431164324
12 36 0 8 0.0143165932968
36 43 0 8 0.014304230921
22 55 0 8 0.0143018579111
20 45 0 8 0.0142977042124
9 55 0 8 0.014289601706
2 59 0 8 0.0142822284251
2 51 0 8 0.0142805241048
54 83 0 8 0.0142675749958
22 39 0 8 0.0142636187375
2 33 0 8 0.0142610380426
54 82 0 8 0.0142589267343
17 87 0 8 0.014253988862
3 44 0 8 0.0142503501847
18 66 0 8 0.0142466397956
1 48 0 8 0.0142259765416
15 32 0 8 0.0142109245062
21 53 0 8 0.0142095889896
16 64 0 8 0.0142063032836
60 73 0 8 0.0142042068765
22 61 0 8 0.0141926202923
41 73 0 8 0.0141829568893
7 73 0 8 0.0141772301868
10 66 0 8 0.0141546558589
16 83 0 8 0.0141546092927
14 65 0 8 0.0141505440697
17 72 0 8 0.0141363693401
25 31 0 8 0.0141314389184
9 68 0 8 0.014131273143
8 37 0 8 0.0141286030412
18 57 0 8 0.0141196325421
35 50 0 8 0.0140989907086
21 77 0 8 0.014097539708
37 82 0 8 0.0140887740999
7 43 0 8 0.0140882106498
63 82 0 8 0.0140868928283
26 73 0 8 0.0140778962523
33 86 0 8 0.0140676209703
16 87 0 8 0.0140496436507
22 54 0 8 0.0140479663387
28 87 0 8 0.0140472128987
65 82 0 8 0.0140434755012
18 86 0 8 0.014039343223
62 83 0 8 0.0140265496448
12 50 0 8 0.0140207158402
1 60 0 8 0.0140190143138
37 67 0 8 0.0140183093026
27 38 0 8 0.0140157137066
6 47 0 8 0.0140113448724
76 80 0 8 0.0139993140474
49 59 0 8 0.0139843160287
6 55 0 8 0.0139809492975
2 34 0 8 0.0139679340646
45 79 0 8 0.0139670539647
1 59 0 8 0.0139643279836
1 40 0 8 0.0139473015442
42 73 0 8 0.0139381289482
48 60 0 8 0.0139356059954
15 62 0 8 0.0139172263443
6 50 0 8 0.0139055242762
5 74 0 8 0.0138868819922
21 49 0 8 0.0138689298183
1 56 0 8 0.0138529157266
8 75 0 8 0.013845289126
10 64 0 8 0.0138124953955
43 62 0 8 0.0138014508411
1 35 0 8 0.013778151013
5 39 0 8 0.0137393148616
35 65 0 8 0.013737228699
25 41 0 8 0.0137325515971
12 87 0 8 0.0137201836333
10 51 0 8 0.0137176355347
45 84 0 8 0.013705550693
9 51 0 8 0.0136783309281
3 47 0 8 0.0136756030843
33 81 0 8 0.0136558786035
35 71 0 8 0.0136447008699
17 75 0 8 0.0136333853006
8 67 0 8 0.0136274741963
42 62 0 8 0.0136166010052
24 41 0 8 0.0135843986645
8 62 0 8 0.0135761648417
43 79 0 8 0.0135578373447
22 37 0 8 0.0135529339314
22 33 0 8 0.0135392667726
32 85 0 8 0.0135373119265
38 71 0 8 0.0135166896507
56 84 0 8 0.0135149285197
32 86 0 8 0.0135105364025
13 58 0 8 0.0134831853211
20 35 0 8 0.0134769706056
16 71 0 8 0.0134586486965
12 67 0 8 0.013450326398
39 83 0 8 0.0134483771399
24 43 0 8 0.0134355463088
44 63 0 8 0.0134142879397
3 19 0 8 0.0134011497721
41 82 0 8 0.013395187445
19 65 0 8 0.0133825261146
64 83 0 8 0.0133533254266
21 33 0 8 0.0133425127715
3 62 0 8 0.0133390408009
44 84 0 8 0.0133378617465
20 44 0 8 0.0133277745917
34 77 0 8 0.0133239002898
33 85 0 8 0.0133124897256
29 44 0 8 0.0133059648797
50 60 0 8 0.0133054256439
15 49 0 8 0.0132950516418
43 71 0 8 0.0132882781327
51 81 0 8 0.0132859591395
32 69 0 8 0.013254522346
9 75 0 8 0.0132502065971
36 83 0 8 0.0132110053673
33 65 0 8 0.013204343617
37 73 0 8 0.0131945488974
72 83 0 8 0.0131866792217
1 81 0 8 0.0131822489202
4 76 0 8 0.0131469573826
55 84 0 8 0.013143543154
5 28 0 8 0.0131345782429
11 74 0 8 0.0131307216361
12 62 0 8 0.0131272859871
35 66 0 8 0.0131146851927
30 51 0 8 0.0131119322032
33 87 0 8 0.0131078856066
10 65 0 8 0.0131053747609
39 71 0 8 0.0131048876792
59 78 0 8 0.0130892200395
21 38 0 8 0.0130805931985
14 55 0 8 0.0130691118538
36 67 0 8 0.0130581129342
2 37 0 8 0.0130539350212
69 87 0 8 0.0130535177886
27 63 0 8 0.0130467619747
29 65 0 8 0.0130303902552
38 66 0 8 0.0130303595215
55 69 0 8 0.0130244372413
55 87 0 8 0.0130002349615
9 35 0 8 0.0129953045398
26 71 0 8 0.01299009379
9 41 0 8 0.0129812201485
6 87 0 8 0.0129761137068
15 25 0 8 0.0129740918055
10 52 0 8 0.0129570672289
39 73 0 8 0.0129370484501
6 44 0 8 0.0129168853164
16 43 0 8 0.0129135232419
5 29 0 8 0.0129117183387
43 60 0 8 0.0129063352942
39 63 0 8 0.0129054123536
1 52 0 8 0.0129001950845
12 22 0 8 0.0128939002752
17 49 0 8 0.0128883663565
40 76 0 8 0.0128849940374
48 86 0 8 0.0128842480481
22 32 0 8 0.0128812585026
39 64 0 8 0.0128500824794
18 59 0 8 0.0128377182409
1 34 0 8 0.0128251612186
27 37 0 8 0.0127947712317
16 82 0 8 0.0127833196893
42 72 0 8 0.0127759445459
4 9 0 8 0.012760755606
18 67 0 8 0.0127593446523
55 62 0 8 0.0127542633563
34 68 0 8 0.0127511229366
10 40 0 8 0.0127441566437
44 82 0 8 0.0127331465483
11 53 0 8 0.0127301672474
37 80 0 8 0.0127231869847
14 31 0 8 0.0127124758437
2 6 0 8 0.0127111421898
9 33 0 8 0.0127098439261
40 87 0 8 0.0126955443993
19 67 0 8 0.0126885296777
4 74 0 8 0.0126811843365
21 51 0 8 0.0126792499796
5 65 0 8 0.0126632386819
8 58 0 8 0.012652862817
4 21 0 8 0.012628396973
11 31 0 8 0.0126056987792
43 58 0 8 0.0126055860892
26 61 0 8 0.0126054789871
16 49 0 8 0.0126004712656
5 72 0 8 0.0125924535096
32 76 0 8 0.0125902118161
25 80 0 8 0.0125832781196
26 87 0 8 0.0125643862411
2 20 0 8 0.0125224236399
3 54 0 8 0.0125217335299
17 32 0 8 0.012513352558
19 59 0 8 0.0125045171008
36 69 0 8 0.0125014493242
46 57 0 8 0.0124818040058
21 43 0 8 0.0124717988074
4 60 0 8 0.0124594774097
9 37 0 8 0.0124441199005
9 59 0 8 0.0124309249222
12 44 0 8 0.0124201467261
51 84 0 8 0.0124129550532
40 72 0 8 0.0124018527567
13 36 0 8 0.0124003468081
43 87 0 8 0.0123909013346
21 45 0 8 0.0123893553391
4 17 0 8 0.0123886493966
2 52 0 8 0.0123763913289
51 85 0 8 0.0123638315126
34 84 0 8 0.0123622771353
5 55 0 8 0.0123536586761
32 74 0 8 0.0123356357217
37 69 0 8 0.0123209860176
8 12 0 8 0.0122943576425
3 76 0 8 0.012293709442
25 37 0 8 0.0122921401635
1 58 0 8 0.0122878681868
5 40 0 8 0.0122842919081
19 71 0 8 0.0122692938894
24 86 0 8 0.0122569389641
4 65 0 8 0.0122396722436
17 69 0 8 0.0122293001041
32 84 0 8 0.0122255627066
33 82 0 8 0.0122202085331
6 26 0 8 0.0122193675488
36 74 0 8 0.0122162029147
10 38 0 8 0.0122149139643
7 42 0 8 0.0121801840141
71 85 0 8 0.0121771031991
6 57 0 8 0.0121695175767
6 54 0 8 0.0121617121622
32 67 0 8 0.0121555496007
62 70 0 8 0.0121537409723
8 63 0 8 0.0121368924156
28 67 0 8 0.012134491466
28 52 0 8 0.0121318167076
6 64 0 8 0.0121276853606
57 77 0 8 0.0121153406799
14 50 0 8 0.0121098458767
44 51 0 8 0.0120934741572
49 56 0 8 0.0120885586366
1 46 0 8 0.0120865087956
38 60 0 8 0.0120824668556
65 68 0 8 0.0120799168944
16 32 0 8 0.0120711112395
31 50 0 8 0.0120691945776
3 30 0 8 0.0120598571375
3 32 0 8 0.0120473867282
5 58 0 8 0.0120454356074
5 76 0 8 0.012041753158
19 69 0 8 0.0120373349637
61 78 0 8 0.0120278280228
30 85 0 8 0.0120210470632
20 25 0 8 0.0120008187369
75 80 0 8 0.0119955902919
54 81 0 8 0.0119912959635
52 62 0 8 0.0119766732678
41 62 0 8 0.0119672873989
37 65 0 8 0.0119670052081
6 60 0 8 0.0119641190395
10 13 0 8 0.0119641190395
52 68 0 8 0.0119573902339
39 61 0 8 0.0119465617463
19 28 0 8 0.0119408220053
13 31 0 8 0.0119381174445
32 70 0 8 0.0118971383199
16 34 0 8 0.0118905259296
17 34 0 8 0.0118847619742
29 53 0 8 0.0118831554428
45 76 0 8 0.0118823489174
50 81 0 8 0.0118704522029
16 37 0 8 0.0118646482006
24 34 0 8 0.0118559692055
3 49 0 8 0.0118404161185
53 77 0 8 0.0118203917518
48 56 0 8 0.0118186380714
10 50 0 8 0.0118033662438
21 68 0 8 0.0117898313329
41 84 0 8 0.0117820119485
47 76 0 8 0.0117794182152
44 85 0 8 0.0117648458108
29 76 0 8 0.0117555027828
51 77 0 8 0.0117482263595
49 77 0 8 0.0117390891537
36 51 0 8 0.0117366006598
3 53 0 8 0.011720311828
52 78 0 8 0.0117172915488
16 35 0 8 0.0117164859548
2 26 0 8 0.0117089068517
29 46 0 8 0.0117078693584
33 83 0 8 0.0116984993219
40 47 0 8 0.0116877648979
3 48 0 8 0.0116586526856
69 72 0 8 0.0116555653512
39 67 0 8 0.0116448579356
25 68 0 8 0.0116418404505
25 39 0 8 0.0116284824908
16 30 0 8 0.011622521095
41 63 0 8 0.0116196125746
39 59 0 8 0.011604661122
37 70 0 8 0.0115939732641
38 81 0 8 0.0115720489994
18 87 0 8 0.0115697905421
7 61 0 8 0.0115667004138
18 52 0 8 0.0115516623482
27 41 0 8 0.0115515487269
7 63 0 8 0.0115507533774
22 73 0 8 0.0115405339748
36 75 0 8 0.0115404687822
16 84 0 8 0.0115277962759
44 87 0 8 0.0115057304502
12 28 0 8 0.0114898616448
54 62 0 8 0.0114800417796
47 86 0 8 0.0114735495299
18 71 0 8 0.0114407092333
17 74 0 8 0.0114363571629
19 58 0 8 0.0114035084844
18 83 0 8 0.0114031545818
24 40 0 8 0.0113942287862
32 80 0 8 0.0113704269752
15 87 0 8 0.0113636692986
21 48 0 8 0.0113516543061
23 46 0 8 0.0113515090197
11 64 0 8 0.0113493967801
44 69 0 8 0.0113410903141
7 71 0 8 0.0113379471004
11 29 0 8 0.0113259907812
32 62 0 8 0.0113249225542
40 67 0 8 0.0113234650344
46 58 0 8 0.0113207539544
1 27 0 8 0.0113150291145
5 32 0 8 0.0113071743399
17 79 0 8 0.011297817342
20 78 0 8 0.0112772062421
39 62 0 8 0.0112668061629
53 63 0 8 0.0112620592117
31 77 0 8 0.0112507333979
29 84 0 8 0.0112431189045
2 31 0 8 0.0112364469096
16 24 0 8 0.0112281804904
52 86 0 8 0.0112223476171
31 63 0 8 0.0112214433029
23 68 0 8 0.011219702661
3 51 0 8 0.0112196290866
13 18 0 8 0.0112194698304
14 87 0 8 0.011175901629
13 87 0 8 0.0111623937264
41 72 0 8 0.0111441398039
14 28 0 8 0.0111222118139
2 36 0 8 0.0111172627658
31 78 0 8 0.0111156217754
29 56 0 8 0.0111081339419
37 43 0 8 0.0110971191898
29 87 0 8 0.0110948849469
2 46 0 8 0.011079294607
22 84 0 8 0.0110750580207
28 61 0 8 0.01106207259
11 23 0 8 0.0110538387671
3 65 0 8 0.0110536664724
3 55 0 8 0.011047991924
4 54 0 8 0.0110470848158
32 73 0 8 0.0110381487757
2 56 0 8 0.0110182203352
14 73 0 8 0.0110161313787
9 40 0 8 0.0110124796629
10 28 0 8 0.0110060581937
16 72 0 8 0.0109924152493
15 35 0 8 0.0109875025228
8 72 0 8 0.0109556959942
28 77 0 8 0.0109482426196
31 49 0 8 0.0109440246597
32 64 0 8 0.0109226312488
47 60 0 8 0.0109148351476
53 87 0 8 0.0108773447573
21 30 0 8 0.0108745498583
38 68 0 8 0.0108694471419
4 64 0 8 0.0108470823616
52 77 0 8 0.0108421565965
36 76 0 8 0.0108180306852
36 62 0 8 0.0108103482053
14 54 0 8 0.0108100930229
47 79 0 8 0.0107965841889
4 7 0 8 0.0107923680916
7 70 0 8 0.0107758771628
14 44 0 8 0.0107715576887
36 78 0 8 0.0107245789841
53 85 0 8 0.0107081299648
25 38 0 8 0.010698011145
50 80 0 8 0.0106945550069
32 79 0 8 0.0106944534928
23 78 0 8 0.0106863547117
7 83 0 8 0.0106780454516
40 56 0 8 0.0106655238196
61 73 0 8 0.0106521844864
41 67 0 8 0.0106448996812
4 47 0 8 0.0106373252347
9 57 0 8 0.0106370234862
6 37 0 8 0.010630030185
9 54 0 8 0.0106224706396
21 80 0 8 0.0106065906584
63 80 0 8 0.0105999726802
16 57 0 8 0.0105950431898
2 58 0 8 0.01059271954
10 75 0 8 0.0105781517923
35 67 0 8 0.010562886484
33 67 0 8 0.0105301942676
19 62 0 8 0.0105274068192
17 37 0 8 0.0105226803571
21 55 0 8 0.0105155073106
46 73 0 8 0.0105092730373
18 73 0 8 0.0105088120326
29 50 0 8 0.010483648628
54 87 0 8 0.0104755796492
45 83 0 8 0.0104669127613
4 42 0 8 0.0104647893459
47 57 0 8 0.0104641970247
34 52 0 8 0.0104520032182
38 62 0 8 0.0104428343475
54 66 0 8 0.0104348193854
18 56 0 8 0.0104338601232
6 40 0 8 0.0104250553995
18 85 0 8 0.010407326743
31 76 0 8 0.0104055050761
36 77 0 8 0.0103953611106
14 38 0 8 0.0103792594746
40 55 0 8 0.0103658623993
24 53 0 8 0.0103599103168
29 77 0 8 0.010329942219
55 83 0 8 0.0103282891214
8 71 0 8 0.010323561728
59 62 0 8 0.0103129614145
46 69 0 8 0.0103011559695
22 38 0 8 0.0102809583768
53 75 0 8 0.0102808503434
21 87 0 8 0.0102765476331
50 69 0 8 0.0102665517479
12 58 0 8 0.0102659268305
56 77 0 8 0.0102539472282
12 45 0 8 0.0102501595393
10 35 0 8 0.0102457106113
9 56 0 8 0.0102300159633
30 78 0 8 0.0102111697197
6 75 0 8 0.0101906210184
14 47 0 8 0.0101787336171
2 57 0 8 0.0101759042591
17 62 0 8 0.0101741664112
27 87 0 8 0.0101677905768
25 55 0 8 0.0101603213698
14 33 0 8 0.0101505480707
31 87 0 8 0.0101255932823
24 42 0 8 0.0100826071575
31 85 0 8 0.0100774690509
10 47 0 8 0.0100667802617
32 75 0 8 0.0100535834208
6 48 0 8 0.0100467707962
21 47 0 8 0.0100408541039
35 83 0 8 0.0100158452988
37 51 0 8 0.0100135700777
4 57 0 8 0.010000650771
27 66 0 8 0.00999849755317
40 74 0 8 0.00999304279685
20 86 0 8 0.0099677471444
62 82 0 8 0.00994523242116
49 72 0 8 0.00993705168366
33 80 0 8 0.00992306787521
25 73 0 8 0.00989426486194
8 59 0 8 0.00989344809204
14 84 0 8 0.0098864864558
32 82 0 8 0.00985817983747
38 50 0 8 0.00985520146787
35 76 0 8 0.00985006056726
31 84 0 8 0.00983853451908
46 82 0 8 0.00983193516731
46 86 0 8 0.00982382427901
19 85 0 8 0.00981381069869
4 75 0 8 0.00980987213552
30 71 0 8 0.00980318617076
6 28 0 8 0.00979458075017
21 52 0 8 0.00979288853705
52 60 0 8 0.0097873872146
8 68 0 8 0.00978017598391
27 65 0 8 0.00976227968931
16 85 0 8 0.00976111833006
30 84 0 8 0.00972373597324
54 79 0 8 0.00969395041466
6 56 0 8 0.00968755222857
23 42 0 8 0.0096538271755
32 71 0 8 0.00965119246393
30 70 0 8 0.00963873509318
46 85 0 8 0.00963412597775
5 54 0 8 0.00961729791015
6 76 0 8 0.00961474049836
35 64 0 8 0.00960236601532
13 65 0 8 0.00959966890514
53 78 0 8 0.00958599988371
34 83 0 8 0.00958587322384
10 76 0 8 0.00958520360291
29 78 0 8 0.00956415943801
21 31 0 8 0.00956162065268
51 74 0 8 0.00954229943454
45 50 0 8 0.00953612662852
24 39 0 8 0.00951571483165
40 58 0 8 0.00949314422905
25 81 0 8 0.00949256122112
30 87 0 8 0.00948166847229
8 82 0 8 0.00945671647787
33 45 0 8 0.00942100491375
10 41 0 8 0.00941471010447
27 73 0 8 0.00941322091967
18 63 0 8 0.00940609164536
54 71 0 8 0.00938548054546
4 16 0 8 0.00935859978199
10 58 0 8 0.00935626123101
33 53 0 8 0.00932193454355
29 45 0 8 0.00931186508387
49 60 0 8 0.00930712837726
26 55 0 8 0.00930609926581
47 73 0 8 0.00928807910532
4 33 0 8 0.00927382148802
21 54 0 8 0.00924657937139
49 62 0 8 0.00922796688974
50 76 0 8 0.009223068133
37 79 0 8 0.00921282917261
13 57 0 8 0.00920259393752
13 23 0 8 0.00917473156005
1 11 0 8 0.00916067231447
3 37 0 8 0.00912014115602
51 64 0 8 0.00910670217127
46 77 0 8 0.00908602029085
60 72 0 8 0.00907701812685
58 76 0 8 0.00907474104315
33 78 0 8 0.00906184315681
34 74 0 8 0.0090592103079
64 69 0 8 0.00905110593885
26 64 0 8 0.00904823280871
42 74 0 8 0.00904455687851
59 83 0 8 0.00902825873345
33 50 0 8 0.00902810785919
24 37 0 8 0.00901731383055
18 79 0 8 0.00901262741536
25 64 0 8 0.00899675209075
23 76 0 8 0.00899275671691
32 61 0 8 0.00898844841868
55 66 0 8 0.00898530613631
14 57 0 8 0.00898068305105
8 76 0 8 0.00897805579007
3 46 0 8 0.00897181313485
6 51 0 8 0.00895591173321
20 51 0 8 0.00893683545291
46 79 0 8 0.00890330970287
32 83 0 8 0.00888814590871
6 38 0 8 0.00887603126466
37 78 0 8 0.00885010696948
7 38 0 8 0.00884960126132
1 24 0 8 0.00883719976991
38 82 0 8 0.00883179716766
5 64 0 8 0.00882474612445
2 45 0 8 0.00880812015384
56 80 0 8 0.00880781933665
34 45 0 8 0.00879702344537
54 74 0 8 0.00878576748073
1 23 0 8 0.00877862330526
33 64 0 8 0.00876993965358
32 72 0 8 0.00876674428582
23 81 0 8 0.00876646209508
17 64 0 8 0.00875308457762
25 49 0 8 0.00875304732472
23 66 0 8 0.00874106120318
45 63 0 8 0.0087380670011
17 30 0 8 0.00873584859073
34 67 0 8 0.00872341170907
17 60 0 8 0.0087223239243
3 23 0 8 0.00871857255697
55 75 0 8 0.00871818140149
10 44 0 8 0.00871726684272
3 29 0 8 0.00871441140771
43 73 0 8 0.00870940834284
45 87 0 8 0.00870126020163
42 75 0 8 0.00868837628514
25 34 0 8 0.00867592357099
38 67 0 8 0.00866145920008
35 62 0 8 0.00865444820374
44 56 0 8 0.00865252595395
53 71 0 8 0.00864059478045
18 84 0 8 0.00863471534103
19 87 0 8 0.00863131973892
58 74 0 8 0.00862266682088
3 33 0 8 0.00860513187945
10 57 0 8 0.00859796721488
6 41 0 8 0.00859038624913
10 29 0 8 0.00857704784721
19 82 0 8 0.00857300125062
41 55 0 8 0.00856339745224
27 51 0 8 0.0085535813123
13 53 0 8 0.0085383746773
44 60 0 8 0.00852614454925
21 37 0 8 0.0085137821734
53 80 0 8 0.00850493926555
7 39 0 8 0.00850473064929
32 81 0 8 0.00849629100412
33 44 0 8 0.00847887434065
44 72 0 8 0.00846545211971
54 84 0 8 0.00846520811319
18 48 0 8 0.00846421532333
34 79 0 8 0.0084608271718
21 58 0 8 0.00845751166344
35 68 0 8 0.00843000411987
16 50 0 8 0.00842892378569
13 24 0 8 0.00841858424246
15 33 0 8 0.00841761287302
27 44 0 8 0.00841533299536
30 86 0 8 0.00840680673718
82 86 0 8 0.0083952313289
4 28 0 8 0.00839163176715
4 32 0 8 0.00837820768356
14 35 0 8 0.008360655047
28 56 0 8 0.00832522939891
47 69 0 8 0.00832177326083
45 67 0 8 0.00830566696823
50 85 0 8 0.00830101408064
12 74 0 8 0.00829331949353
34 43 0 8 0.00829301029444
78 82 0 8 0.0082850297913
12 53 0 8 0.00827792193741
15 20 0 8 0.00827765930444
13 75 0 8 0.00827486906201
7 55 0 8 0.00827081594616
8 83 0 8 0.00823048315942
58 62 0 8 0.00821681786329
29 48 0 8 0.00821216683835
28 53 0 8 0.00820644851774
22 67 0 8 0.00819761585444
17 31 0 8 0.00819452200085
10 53 0 8 0.00819098483771
5 46 0 8 0.0081885214895
32 60 0 8 0.00817377306521
68 71 0 8 0.00817337445915
53 72 0 8 0.00815646909177
9 76 0 8 0.00814513582736
14 51 0 8 0.00814189203084
3 75 0 8 0.00814016349614
47 77 0 8 0.00812852103263
12 38 0 8 0.0081231566146
46 56 0 8 0.00809550657868
12 29 0 8 0.00808449368924
35 75 0 8 0.00807578396052
8 70 0 8 0.00807516183704
3 52 0 8 0.00806747283787
4 39 0 8 0.00806633941829
30 64 0 8 0.008061488159
4 43 0 8 0.00805707741529
49 68 0 8 0.00805188901722
60 63 0 8 0.00805017910898
32 48 0 8 0.00804909039289
12 33 0 8 0.00804905965924
10 39 0 8 0.00804451480508
17 35 0 8 0.00803835317492
22 31 0 8 0.00803267490119
29 57 0 8 0.00803131144494
45 60 0 8 0.0080271596089
43 67 0 8 0.00802596006542
10 49 0 8 0.00801265705377
38 77 0 8 0.00801142212003
26 69 0 8 0.00799653120339
31 66 0 8 0.00798084866256
19 25 0 8 0.00796577706933
46 84 0 8 0.0079655284062
37 76 0 8 0.00794451218098
28 79 0 8 0.00794420018792
40 62 0 8 0.00793466065079
43 48 0 8 0.00792491063476
21 46 0 8 0.00790794659406
33 77 0 8 0.00790030695498
26 65 0 8 0.00789811369032
3 7 0 8 0.00789308641106
36 79 0 8 0.00787030346692
57 69 0 8 0.00786934699863
7 32 0 8 0.00786736980081
44 75 0 8 0.00783971231431
20 43 0 8 0.00782914552838
8 32 0 8 0.00782048609108
80 83 0 8 0.0078026955016
2 35 0 8 0.00779446028173
5 16 0 8 0.00779336458072
16 25 0 8 0.00778296636418
17 82 0 8 0.00777797494084
32 87 0 8 0.00777446106076
32 57 0 8 0.00776511617005
31 75 0 8 0.00776435947046
25 56 0 8 0.00776201952249
23 45 0 8 0.0077610029839
57 78 0 8 0.0077484943904
20 63 0 8 0.007735197898
42 65 0 8 0.00770626170561
54 85 0 8 0.00768852047622
45 85 0 8 0.00767000345513
23 48 0 8 0.00765619939193
36 45 0 8 0.00763821462169
26 80 0 8 0.00762060796842
7 75 0 8 0.00761569803581
24 49 0 8 0.00760490493849
9 60 0 8 0.0076036057435
26 62 0 8 0.00760317454115
31 59 0 8 0.00759700592607
18 74 0 8 0.00759091880172
19 72 0 8 0.00759045872837
8 56 0 8 0.0075900061056
11 57 0 8 0.00757402228191
6 32 0 8 0.00756539590657
5 36 0 8 0.00756468018517
66 69 0 8 0.00755890784785
46 76 0 8 0.00755696557462
25 84 0 8 0.00755640817806
22 34 0 8 0.00754494825378
9 50 0 8 0.00754415569827
20 87 0 8 0.0075307469815
35 70 0 8 0.00751141645014
32 59 0 8 0.00748392380774
24 52 0 8 0.00746008567512
31 86 0 8 0.00745985610411
30 54 0 8 0.00745653081685
56 79 0 8 0.00745567725971
28 71 0 8 0.00743441516533
14 64 0 8 0.00743323331699
32 54 0 8 0.00742836948484
7 34 0 8 0.00742585258558
31 64 0 8 0.00740557257086
28 72 0 8 0.00739926937968
49 70 0 8 0.0073862108402
9 45 0 8 0.00737837003544
21 73 0 8 0.00737699028105
3 36 0 8 0.00736814457923
25 57 0 8 0.00736635550857
19 76 0 8 0.00736431963742
50 87 0 8 0.00736267492175
51 83 0 8 0.00735204247758
27 86 0 8 0.00734993070364
13 33 0 8 0.00734220072627
25 74 0 8 0.00730910990387
18 62 0 8 0.00730734225363
23 85 0 8 0.00730463117361
34 76 0 8 0.00729595730081
31 61 0 8 0.00729567417875
35 78 0 8 0.00729340920225
38 49 0 8 0.00729134120047
51 69 0 8 0.00726253725588
24 51 0 8 0.00726029230282
44 59 0 8 0.00725632393733
44 67 0 8 0.00725568830967
9 53 0 8 0.00724965985864
7 31 0 8 0.00723649328575
39 75 0 8 0.00722671253607
4 36 0 8 0.00720670307055
79 83 0 8 0.00720489164814
30 75 0 8 0.00718874949962
23 83 0 8 0.0071840272285
31 45 0 8 0.00717587629333
9 26 0 8 0.00717577757314
35 69 0 8 0.00717139011249
8 55 0 8 0.007170365192
20 54 0 8 0.00716717122123
34 58 0 8 0.00716229714453
64 80 0 8 0.00714598875493
52 73 0 8 0.00714052747935
4 58 0 8 0.00713941501454
31 71 0 8 0.00713720172644
30 77 0 8 0.00712799653411
31 68 0 8 0.00711985118687
16 33 0 8 0.00709641864523
33 49 0 8 0.00708562461659
53 81 0 8 0.0070842592977
7 82 0 8 0.00708353472874
33 79 0 8 0.00707620102912
19 84 0 8 0.00705244624987
11 30 0 8 0.00705059338361
28 82 0 8 0.00703265937045
44 74 0 8 0.0070310649462
48 82 0 8 0.00702429655939
46 59 0 8 0.00702225463465
35 77 0 8 0.00702172936872
55 68 0 8 0.00700101349503
14 62 0 8 0.0069872001186
35 79 0 8 0.00698638660833
28 80 0 8 0.00697885127738
18 35 0 8 0.0069767832756
26 74 0 8 0.00697018532082
28 69 0 8 0.00696859508753
27 77 0 8 0.00695673236623
19 79 0 8 0.00694862380624
31 83 0 8 0.0069465348497
29 55 0 8 0.00694354530424
13 59 0 8 0.00694304890931
33 48 0 8 0.0069420626387
16 56 0 8 0.00694145774469
24 85 0 8 0.00694049475715
24 87 0 8 0.00693307444453
5 57 0 8 0.00690188352019
25 60 0 8 0.00689793657511
22 58 0 8 0.00686556566507
48 84 0 8 0.00686175981537
47 82 0 8 0.00686170719564
14 30 0 8 0.00686036236584
28 62 0 8 0.00685699097812
35 82 0 8 0.00685639632866
37 61 0 8 0.00684813503176
10 59 0 8 0.00684063788503
4 55 0 8 0.00683676777408
51 82 0 8 0.00681333057582
33 59 0 8 0.00680205971003
7 57 0 8 0.00679783383384
8 57 0 8 0.00678851036355
52 87 0 8 0.00678672967479
20 77 0 8 0.00678302161396
33 72 0 8 0.00677188951522
38 65 0 8 0.00675933249295
68 77 0 8 0.00675636529922
55 63 0 8 0.00675624981523
26 79 0 8 0.00675053754821
8 28 0 8 0.0067460918799
18 75 0 8 0.00671957619488
49 85 0 8 0.00671466113999
41 71 0 8 0.00671277847141
49 63 0 8 0.00670966692269
33 61 0 8 0.00670941872522
61 65 0 8 0.00670729624107
22 79 0 8 0.00670412648469
30 73 0 8 0.00669972365722
50 77 0 8 0.00669064186513
21 84 0 8 0.00667525175959
8 39 0 8 0.00667018210515
11 59 0 8 0.00666696345434
22 85 0 8 0.00666427984834
24 54 0 8 0.00666426075622
3 59 0 8 0.00665914919227
24 46 0 8 0.00665267044678
21 70 0 8 0.00662957783788
5 37 0 8 0.00662146229297
3 58 0 8 0.00661833863705
33 73 0 8 0.00661716656759
23 77 0 8 0.00661188689992
32 58 0 8 0.00659702066332
54 63 0 8 0.0065964772366
31 67 0 8 0.00659106113017
55 80 0 8 0.00658626388758
22 57 0 8 0.00657800771296
5 56 0 8 0.00656922301278
21 29 0 8 0.00654453318566
47 85 0 8 0.00654162280262
11 56 0 8 0.00654145563021
19 60 0 8 0.00651896884665
29 72 0 8 0.00651541166008
29 68 0 8 0.0065104230307
30 76 0 8 0.00650258734822
12 65 0 8 0.00647053029388
6 39 0 8 0.00646423734725
29 58 0 8 0.00645840261132
56 69 0 8 0.0064540989697
25 82 0 8 0.00644548516721
17 28 0 8 0.00643902365118
11 49 0 8 0.00642009824514
30 49 0 8 0.00641605397686
28 74 0 8 0.00641564372927
63 70 0 8 0.0064055537805
34 48 0 8 0.00638323789462
7 50 0 8 0.00637724064291
49 79 0 8 0.00637202756479
22 27 0 8 0.00636671017855
31 79 0 8 0.00635182857513
30 50 0 8 0.00634640781209
5 47 0 8 0.00633556488901
33 69 0 8 0.0063335117884
7 46 0 8 0.00632941396907
37 44 0 8 0.00632808217779
53 79 0 8 0.00632119877264
1 6 0 8 0.00629638181999
26 67 0 8 0.00628113094717
19 26 0 8 0.00626741349697
42 53 0 8 0.00626320345327
34 50 0 8 0.0062606073916
31 74 0 8 0.00624401587993
28 59 0 8 0.00622810656205
30 45 0 8 0.0061942874454
9 49 0 8 0.00618516514078
6 53 0 8 0.00618231948465
44 71 0 8 0.00617494108155
5 15 0 8 0.00615621497855
26 72 0 8 0.00615436863154
25 76 0 8 0.00615312624723
33 76 0 8 0.00615122541785
20 28 0 8 0.00614839559421
21 34 0 8 0.00614372640848
31 69 0 8 0.00614317599684
29 61 0 8 0.00613324483857
29 82 0 8 0.0061201560311
45 59 0 8 0.00611759535968
31 81 0 8 0.00611649081111
2 27 0 8 0.00611527636647
8 42 0 8 0.00611088145524
31 60 0 8 0.00610487209633
25 53 0 8 0.00610067835078
41 47 0 8 0.00608777068555
34 62 0 8 0.00607029395178
31 62 0 8 0.00603802502155
43 72 0 8 0.00603727577254
62 81 0 8 0.00602429546416
62 71 0 8 0.00601802859455
59 67 0 8 0.00600072834641
48 69 0 8 0.00599665381014
20 66 0 8 0.00598497781903
49 87 0 8 0.00597873143852
39 65 0 8 0.00596991041675
29 47 0 8 0.00596839701757
10 56 0 8 0.00595640251413
37 77 0 8 0.00595176592469
21 60 0 8 0.00594977196306
4 53 0 8 0.00594949815422
30 74 0 8 0.00594692397863
31 70 0 8 0.00594583014026
13 30 0 8 0.00593735836446
9 52 0 8 0.00593733321875
21 59 0 8 0.00593372946605
3 31 0 8 0.00593307148665
31 46 0 8 0.00593262678012
34 75 0 8 0.00592909893021
11 65 0 8 0.00592781463638
16 75 0 8 0.00592090887949
24 38 0 8 0.00591629371047
24 66 0 8 0.00589352380484
21 83 0 8 0.00588628137484
32 56 0 8 0.00587657606229
34 80 0 8 0.0058735460043
10 60 0 8 0.00586673710495
37 47 0 8 0.00585401104763
56 82 0 8 0.00584790296853
7 33 0 8 0.00584413157776
49 84 0 8 0.00584192108363
9 61 0 8 0.00584041746333
73 83 0 8 0.0058389143087
27 85 0 8 0.00583586469293
22 71 0 8 0.00582494447008
19 64 0 8 0.00582459103316
35 43 0 8 0.00581991253421
8 29 0 8 0.00581738911569
7 60 0 8 0.00581631064415
37 75 0 8 0.005812572781
21 35 0 8 0.00580642884597
3 45 0 8 0.00579923717305
34 44 0 8 0.00579512631521
40 53 0 8 0.00579358497635
18 65 0 8 0.00578794907779
38 61 0 8 0.00578660191968
69 77 0 8 0.00578324776143
39 49 0 8 0.00578324496746
52 80 0 8 0.00576620548964
12 37 0 8 0.00576433632523
27 78 0 8 0.00575998984277
45 73 0 8 0.00575492624193
31 80 0 8 0.00574922421947
34 61 0 8 0.00573628861457
46 80 0 8 0.00571471406147
41 64 0 8 0.00570320524275
66 80 0 8 0.0056983535178
4 51 0 8 0.00568659184501
33 58 0 8 0.00568195618689
28 55 0 8 0.0056660301052
35 80 0 8 0.00566600309685
18 72 0 8 0.00565227353945
67 70 0 8 0.00564375473186
12 34 0 8 0.0056417346932
34 72 0 8 0.00563824502751
23 64 0 8 0.00563735980541
34 78 0 8 0.00562408845872
11 35 0 8 0.00559956254438
16 23 0 8 0.00559331616387
55 82 0 8 0.00558163179085
12 15 0 8 0.00556680886075
31 54 0 8 0.00555477989838
19 80 0 8 0.00555319711566
35 45 0 8 0.00554692558944
6 14 0 8 0.00552359875292
51 87 0 8 0.00551828928292
49 64 0 8 0.0055093546398
21 67 0 8 0.00548611255363
55 79 0 8 0.00548354303464
23 55 0 8 0.00547465169802
30 81 0 8 0.00547085981816
45 62 0 8 0.00546356895939
47 62 0 8 0.00546326301992
23 54 0 8 0.00546131748706
7 40 0 8 0.0054581691511
31 72 0 8 0.00545323034748
22 87 0 8 0.00545235862955
3 57 0 8 0.00542477704585
21 28 0 8 0.00541864195839
11 21 0 8 0.00540706655011
7 29 0 8 0.00540293194354
31 48 0 8 0.0054028192535
29 49 0 8 0.00539283035323
26 52 0 8 0.00538075389341
38 76 0 8 0.00537704210728
20 70 0 8 0.00535878539085
58 78 0 8 0.00534673919901
30 59 0 8 0.00533449742943
12 16 0 8 0.0053273444064
23 52 0 8 0.00532408850268
34 47 0 8 0.00531748123467
25 65 0 8 0.00531085720286
72 84 0 8 0.00530718592927
29 71 0 8 0.00528660975397
29 75 0 8 0.00526740914211
35 44 0 8 0.00526241958141
60 82 0 8 0.00526238977909
20 59 0 8 0.00525844004005
22 74 0 8 0.00525679625571
18 64 0 8 0.00525122135878
14 56 0 8 0.00524110114202
53 83 0 8 0.0052359495312
32 51 0 8 0.00523591507226
65 81 0 8 0.00522945960984
28 54 0 8 0.00522644398734
15 24 0 8 0.00521948421374
28 60 0 8 0.00521865766495
22 76 0 8 0.00519805494696
30 47 0 8 0.00519558275118
29 79 0 8 0.00519531406462
21 63 0 8 0.00517574092373
29 70 0 8 0.00517354207113
52 74 0 8 0.00516787078232
70 87 0 8 0.00514863524586
31 73 0 8 0.00514528574422
16 31 0 8 0.00512979226187
21 69 0 8 0.00512757059187
22 52 0 8 0.00512745650485
51 80 0 8 0.00512592680752
29 52 0 8 0.00512375310063
76 81 0 8 0.00511642964557
23 51 0 8 0.0051089739427
6 49 0 8 0.00510233268142
12 19 0 8 0.00509453192353
47 67 0 8 0.00508342450485
7 54 0 8 0.00507976673543
27 50 0 8 0.0050796540454
31 82 0 8 0.00507890200242
22 59 0 8 0.00507205165923
29 73 0 8 0.00506478967145
21 81 0 8 0.00506334844977
4 48 0 8 0.00504558393732
36 57 0 8 0.00504303537309
37 52 0 8 0.00504273176193
23 87 0 8 0.00503594428301
27 58 0 8 0.00503058033064
34 82 0 8 0.00502844015136
34 73 0 8 0.00500417407602
41 52 0 8 0.00499521940947
4 29 0 8 0.00499071367085
5 31 0 8 0.00498722447082
33 60 0 8 0.00497596198693
34 59 0 8 0.00497276661918
59 68 0 8 0.00496230879799
53 84 0 8 0.00496203545481
27 76 0 8 0.00494232634082
24 77 0 8 0.00490159215406
53 66 0 8 0.00490148086101
16 62 0 8 0.00489543285221
22 82 0 8 0.0048793819733
7 41 0 8 0.00487446924672
46 53 0 8 0.00486451061442
34 70 0 8 0.00486017717049
36 56 0 8 0.00485817110166
25 52 0 8 0.00485604861751
6 25 0 8 0.00484926719218
33 62 0 8 0.00484787020832
14 53 0 8 0.00484320055693
36 59 0 8 0.00484301894903
33 75 0 8 0.00483933649957
34 71 0 8 0.00483701564372
11 20 0 8 0.00480728130788
4 26 0 8 0.00480683427304
3 9 0 8 0.00479400437325
5 52 0 8 0.00477415928617
46 87 0 8 0.00477384030819
12 35 0 8 0.00477096810937
20 73 0 8 0.00477060396224
5 48 0 8 0.00476574804634
47 80 0 8 0.00474925292656
7 49 0 8 0.0047442112118
33 57 0 8 0.00474228477105
52 66 0 8 0.0047385878861
8 53 0 8 0.0047238250263
15 23 0 8 0.00472059333697
8 45 0 8 0.0047152354382
27 74 0 8 0.00469555426389
41 65 0 8 0.00467883935198
4 25 0 8 0.00466723321006
9 34 0 8 0.00465905573219
34 53 0 8 0.00463592773303
57 83 0 8 0.00462153367698
10 34 0 8 0.00462135765702
13 74 0 8 0.00461940374225
8 54 0 8 0.00460536638275
8 52 0 8 0.00459505431354
10 21 0 8 0.00459122192115
29 59 0 8 0.0045781196095
18 69 0 8 0.00457298289984
28 75 0 8 0.00456795608625
58 83 0 8 0.00456723477691
31 58 0 8 0.00455193128437
24 76 0 8 0.00453626271337
50 73 0 8 0.0045055965893
6 30 0 8 0.00450244080275
53 76 0 8 0.00449914252385
14 26 0 8 0.00449875555933
15 34 0 8 0.0044958605431
24 84 0 8 0.00449445471168
31 47 0 8 0.0044854558073
7 51 0 8 0.00448480434716
33 56 0 8 0.00448439782485
40 64 0 8 0.00448427861556
5 53 0 8 0.0044827228412
27 84 0 8 0.00448125693947
22 72 0 8 0.00447180913761
65 80 0 8 0.00446788780391
22 69 0 8 0.00446772063151
22 56 0 8 0.00446062115952
35 55 0 8 0.00445324368775
5 34 0 8 0.00444885483012
38 55 0 8 0.00444846833125
45 74 0 8 0.00444826576859
44 62 0 8 0.00442712102085
32 55 0 8 0.00441926158965
18 31 0 8 0.00441333651543
7 28 0 8 0.00441254489124
53 82 0 8 0.00440610153601
40 50 0 8 0.00439800973982
58 77 0 8 0.00438122125342
50 67 0 8 0.00437814649194
33 71 0 8 0.00437572970986
21 71 0 8 0.00436965981498
11 52 0 8 0.00436548143625
1 10 0 8 0.00436146883294
23 84 0 8 0.00435957452282
57 84 0 8 0.00435306597501
13 56 0 8 0.00434716325253
43 74 0 8 0.00433187233284
9 31 0 8 0.00431516114622
61 82 0 8 0.00431142607704
12 31 0 8 0.00431066239253
30 58 0 8 0.00430738693103
4 38 0 8 0.00430670613423
81 85 0 8 0.00429876707494
18 26 0 8 0.00429713726044
27 48 0 8 0.00429592328146
20 58 0 8 0.00429439404979
49 75 0 8 0.00428446941078
39 46 0 8 0.00428217556328
7 25 0 8 0.00427703838795
30 79 0 8 0.00427542859688
7 44 0 8 0.0042752684094
8 49 0 8 0.00427327957004
27 83 0 8 0.00426821177825
45 75 0 8 0.00426766462624
48 87 0 8 0.00426601991057
3 56 0 8 0.00426413631067
18 49 0 8 0.00425588991493
52 85 0 8 0.00425528176129
46 52 0 8 0.00425293715671
27 59 0 8 0.00424676202238
40 52 0 8 0.00423748651519
42 48 0 8 0.00423457613215
21 79 0 8 0.00423445366323
31 53 0 8 0.00423107715324
27 49 0 8 0.00422892626375
24 78 0 8 0.00421943096444
21 61 0 8 0.00421545747668
52 81 0 8 0.00421236269176
35 53 0 8 0.00419501261786
18 30 0 8 0.00418829731643
50 82 0 8 0.00418672664091
12 64 0 8 0.00417898222804
14 52 0 8 0.00417844252661
2 23 0 8 0.00417750421911
34 69 0 8 0.00417714286596
33 54 0 8 0.00417239358649
41 74 0 8 0.00416095554829
47 87 0 8 0.00414938339964
29 60 0 8 0.00414594449103
20 82 0 8 0.00414087576792
54 80 0 8 0.00412531383336
10 31 0 8 0.00411979155615
37 54 0 8 0.00411154376343
24 44 0 8 0.00410705525428
31 57 0 8 0.00409200508147
29 81 0 8 0.00409077480435
56 83 0 8 0.00408968934789
39 47 0 8 0.00408062385395
4 31 0 8 0.00407815910876
54 69 0 8 0.00407388713211
35 81 0 8 0.00407071178779
9 47 0 8 0.00406961422414
38 75 0 8 0.0040616998449
52 84 0 8 0.00406004721299
30 72 0 8 0.0040599219501
42 56 0 8 0.00405524484813
20 79 0 8 0.00404847320169
8 50 0 8 0.00404712418094
8 43 0 8 0.00404549622908
6 19 0 8 0.00404490111396
64 82 0 8 0.00404103379697
49 83 0 8 0.00402260059491
9 29 0 8 0.00401960825548
46 62 0 8 0.00401927391067
49 65 0 8 0.00401576282457
21 56 0 8 0.00401378236711
40 51 0 8 0.00401239097118
7 53 0 8 0.00401214882731
36 54 0 8 0.00400799140334
18 82 0 8 0.00400463491678
22 35 0 8 0.00399792101234
27 64 0 8 0.00399562437087
5 27 0 8 0.00399361550808
22 60 0 8 0.00397253362462
19 74 0 8 0.00396808981895
42 64 0 8 0.00396510353312
6 29 0 8 0.00396266160533
24 55 0 8 0.00395499961451
59 82 0 8 0.0039540361613
36 61 0 8 0.00395160680637
48 72 0 8 0.00395067036152
7 26 0 8 0.00394751364365
29 51 0 8 0.00394462561235
20 81 0 8 0.00394087284803
4 37 0 8 0.00393459387124
18 23 0 8 0.00392839312553
46 67 0 8 0.00392666552216
36 44 0 8 0.00392408529297
39 58 0 8 0.00391758233309
23 44 0 8 0.00391723029315
30 65 0 8 0.00391527917236
4 50 0 8 0.0039073410444
48 71 0 8 0.00390710728243
33 55 0 8 0.00390418549068
21 62 0 8 0.00390411284752
46 71 0 8 0.00389930955134
57 80 0 8 0.00389512022957
35 61 0 8 0.00388219486922
9 48 0 8 0.00387785653584
4 56 0 8 0.00387473753653
20 29 0 8 0.00387296569534
13 52 0 8 0.003872086294
20 68 0 8 0.00387078803033
26 57 0 8 0.00386900501326
11 15 0 8 0.00386876240373
7 52 0 8 0.00386595190503
12 49 0 8 0.00386292859912
13 76 0 8 0.00385966408066
26 58 0 8 0.00382988667116
61 64 0 8 0.00382525403984
8 61 0 8 0.00382513948716
4 34 0 8 0.00381698622368
46 60 0 8 0.00381269888021
25 62 0 8 0.00380132207647
48 85 0 8 0.00378257245757
23 53 0 8 0.00378035590984
67 71 0 8 0.00377788743936
30 80 0 8 0.00377563061193
35 59 0 8 0.00377207552083
75 81 0 8 0.00376371503808
27 45 0 8 0.003762322478
38 58 0 8 0.00376231875271
57 81 0 8 0.00375278154388
35 60 0 8 0.00374968443066
17 23 0 8 0.00374705600552
32 53 0 8 0.00373685616069
27 43 0 8 0.00373652763665
5 38 0 8 0.00373239419423
72 85 0 8 0.00372689799406
22 65 0 8 0.00372452801093
28 58 0 8 0.00371449673548
14 74 0 8 0.00371053721756
37 60 0 8 0.0037087413948
8 51 0 8 0.00370835023932
57 67 0 8 0.00369650218636
63 79 0 8 0.0036855742801
36 60 0 8 0.00368463248014
35 54 0 8 0.00364669901319
23 82 0 8 0.00364520750009
34 60 0 8 0.00364328036085
58 82 0 8 0.00363517832011
38 45 0 8 0.0036345878616
20 46 0 8 0.00362932146527
6 45 0 8 0.00362865254283
24 83 0 8 0.00361700984649
26 56 0 8 0.00361681054346
36 46 0 8 0.00360364932567
12 75 0 8 0.00359563319944
12 52 0 8 0.00358971185051
34 57 0 8 0.00357740186155
27 72 0 8 0.00355165172368
15 30 0 8 0.00354530708864
24 48 0 8 0.00352131621912
27 81 0 8 0.00351347611286
3 20 0 8 0.003512641415
20 83 0 8 0.00350679107942
43 51 0 8 0.00350292911753
23 79 0 8 0.00349638052285
12 20 0 8 0.00348079507239
8 33 0 8 0.00348000926897
42 50 0 8 0.00347447092645
5 35 0 8 0.00344489212148
57 68 0 8 0.00343916751444
13 64 0 8 0.003438816173
43 64 0 8 0.00343188946135
25 75 0 8 0.00342954369262
2 10 0 8 0.00342333503067
4 44 0 8 0.00341192586347
61 72 0 8 0.00341010722332
35 58 0 8 0.00339640723541
61 79 0 8 0.00339428544976
23 60 0 8 0.00338902440853
6 34 0 8 0.00338563625701
25 71 0 8 0.00338241504505
36 53 0 8 0.00335864140652
11 18 0 8 0.00335692614317
20 60 0 8 0.00334372022189
26 59 0 8 0.00333513296209
58 81 0 8 0.00332973059267
21 72 0 8 0.00332969264127
8 60 0 8 0.0033194841817
45 53 0 8 0.00331013440154
6 35 0 8 0.00330991577357
53 64 0 8 0.00330953509547
30 55 0 8 0.00330699561164
25 58 0 8 0.00329333473928
30 62 0 8 0.00328504783101
27 54 0 8 0.00328112835996
21 57 0 8 0.00327006238513
24 63 0 8 0.00325966603123
48 64 0 8 0.00325453560799
40 65 0 8 0.00325232138857
35 57 0 8 0.00325097376481
48 79 0 8 0.00324575067498
59 79 0 8 0.00323796621524
20 47 0 8 0.00323783722706
38 53 0 8 0.00323623395525
51 72 0 8 0.00323507748544
59 63 0 8 0.00323078269139
3 35 0 8 0.00322407460772
35 52 0 8 0.00322302966379
20 57 0 8 0.00320930685848
21 65 0 8 0.00320452358574
37 56 0 8 0.00319278193638
20 61 0 8 0.003190794494
40 75 0 8 0.00318449013866
29 69 0 8 0.00318152317777
37 55 0 8 0.00318104238249
6 52 0 8 0.00316892378032
72 86 0 8 0.00316870701499
52 75 0 8 0.00316219800152
6 31 0 8 0.0031569970306
35 51 0 8 0.00315400352702
50 79 0 8 0.0031420562882
25 72 0 8 0.00313495076261
27 62 0 8 0.0031325747259
3 27 0 8 0.00311033893377
51 79 0 8 0.00311014358886
34 55 0 8 0.00310477428138
49 81 0 8 0.0031002422329
21 82 0 8 0.00309675140306
7 13 0 8 0.00309628620744
39 55 0 8 0.00309518561698
20 85 0 8 0.00308834388852
53 69 0 8 0.00308368913829
27 46 0 8 0.00308283325285
67 79 0 8 0.00308059924282
9 30 0 8 0.00307553936727
46 64 0 8 0.00307144992985
7 30 0 8 0.0030635362491
61 80 0 8 0.00306345336139
13 29 0 8 0.00305686634965
5 49 0 8 0.00304401665926
6 27 0 8 0.00302928476594
48 62 0 8 0.00301495101303
43 50 0 8 0.00301376148127
8 40 0 8 0.00299545237795
20 48 0 8 0.00299285165966
13 20 0 8 0.00298411259428
27 47 0 8 0.00297974608839
23 58 0 8 0.00297742383555
20 65 0 8 0.00297512160614
43 75 0 8 0.00296304724179
74 86 0 8 0.00295638013631
8 34 0 8 0.00295597105287
31 55 0 8 0.00294690788724
9 27 0 8 0.00294139701873
44 53 0 8 0.00293607660569
24 68 0 8 0.00293258600868
30 82 0 8 0.00293108890764
25 69 0 8 0.00292791076936
71 87 0 8 0.00292263831943
37 45 0 8 0.0029172655195
13 35 0 8 0.00291597726755
35 46 0 8 0.00291222264059
47 74 0 8 0.00290907430463
4 19 0 8 0.00290735973977
8 44 0 8 0.00289778644219
51 67 0 8 0.00289104180411
29 54 0 8 0.00287710712291
26 60 0 8 0.00286610634066
21 75 0 8 0.00286251632497
49 82 0 8 0.00285988813266
34 46 0 8 0.00285003031604
34 54 0 8 0.0028448055964
49 73 0 8 0.00283828517422
62 80 0 8 0.0028362008743
12 18 0 8 0.00283232238144
30 53 0 8 0.00283061363734
9 13 0 8 0.00282979034819
23 70 0 8 0.00281837349758
9 25 0 8 0.00281691434793
48 67 0 8 0.00281017180532
28 57 0 8 0.00280792242847
44 64 0 8 0.00279103941284
67 78 0 8 0.00279073417187
14 34 0 8 0.00278330082074
30 69 0 8 0.00277470354922
24 56 0 8 0.00277008023113
60 66 0 8 0.0027399151586
4 45 0 8 0.00272709690034
45 51 0 8 0.00272120907903
20 84 0 8 0.00271283788607
41 75 0 8 0.00271227047779
74 82 0 8 0.00270731165074
82 87 0 8 0.00269654812291
8 25 0 8 0.0026880633086
24 74 0 8 0.00268469308503
65 69 0 8 0.00267197261564
39 50 0 8 0.00266127451323
81 84 0 8 0.00265427608974
31 51 0 8 0.00264633679762
45 65 0 8 0.00264364108443
24 81 0 8 0.00263985455967
25 79 0 8 0.00263741007075
27 61 0 8 0.00263276300393
36 48 0 8 0.00262679602019
63 73 0 8 0.00262650870718
38 51 0 8 0.00262274523266
12 76 0 8 0.00261045061052
8 31 0 8 0.00260465033352
33 51 0 8 0.00259297271259
9 22 0 8 0.00259275711142
27 69 0 8 0.00259090680629
27 80 0 8 0.00258446019143
27 70 0 8 0.00258377683349
39 48 0 8 0.00258109951392
49 80 0 8 0.00255210278556
27 79 0 8 0.00255017983727
48 80 0 8 0.00254369643517
52 67 0 8 0.00253551290371
40 57 0 8 0.0025286024902
58 68 0 8 0.00252775358967
56 78 0 8 0.00251163565554
27 55 0 8 0.00249316403642
23 57 0 8 0.00249002245255
44 50 0 8 0.00248743221164
19 24 0 8 0.00248152483255
78 83 0 8 0.00247850012966
50 72 0 8 0.00247169774957
27 75 0 8 0.00247124163434
39 54 0 8 0.00246852776036
21 64 0 8 0.00246456591412
27 68 0 8 0.0024453937076
4 46 0 8 0.00244262581691
51 71 0 8 0.00243751518428
42 51 0 8 0.00243592727929
44 49 0 8 0.00243435311131
35 56 0 8 0.00243361084722
23 73 0 8 0.00242908182554
19 29 0 8 0.00241763633676
12 30 0 8 0.00241297972389
18 28 0 8 0.00241163140163
4 30 0 8 0.00241149705835
50 71 0 8 0.00240382598713
36 47 0 8 0.00239668996073
5 30 0 8 0.00239333463833
24 72 0 8 0.00238890759647
6 22 0 8 0.00238436413929
4 35 0 8 0.00238240137696
31 56 0 8 0.00237948051654
42 49 0 8 0.00237155985087
20 67 0 8 0.00237152166665
17 29 0 8 0.00236847763881
36 55 0 8 0.00236822967418
38 57 0 8 0.00235908501782
50 65 0 8 0.00235508405603
4 52 0 8 0.00234544975683
24 65 0 8 0.00234408117831
52 83 0 8 0.00233904179186
11 34 0 8 0.00232769711874
30 67 0 8 0.0023226167541
27 71 0 8 0.00232183001935
27 82 0 8 0.00231984374113
52 64 0 8 0.00231978087686
10 25 0 8 0.00230571301654
46 74 0 8 0.00230231066234
30 60 0 8 0.00228638225235
42 57 0 8 0.00228191050701
23 56 0 8 0.00227802642621
4 27 0 8 0.00226897839457
5 44 0 8 0.00226379744709
23 69 0 8 0.00225052866153
52 65 0 8 0.00224805995822
52 69 0 8 0.00224742479622
32 52 0 8 0.00224597658962
37 57 0 8 0.00224542617798
30 56 0 8 0.00224237935618
73 84 0 8 0.00224059424363
25 67 0 8 0.00223604170606
7 27 0 8 0.00223186146468
8 41 0 8 0.00222722906619
24 47 0 8 0.00222092890181
57 79 0 8 0.00221121474169
20 56 0 8 0.00220976886339
64 81 0 8 0.00220668851398
22 62 0 8 0.00219793268479
80 84 0 8 0.00219669681974
24 79 0 8 0.00217698211782
60 81 0 8 0.00216858531348
54 64 0 8 0.00216770218685
10 30 0 8 0.00215442059562
3 8 0 8 0.00212584412657
70 75 0 8 0.00211501400918
36 52 0 8 0.00211393530481
12 56 0 8 0.00211209757254
41 48 0 8 0.00211067288183
54 67 0 8 0.00209998898208
60 64 0 8 0.00209835357964
49 69 0 8 0.00209657009691
55 64 0 8 0.00209100870416
47 64 0 8 0.0020839869976
47 72 0 8 0.00208256719634
19 75 0 8 0.00207745237276
36 58 0 8 0.00207665166818
13 34 0 8 0.00207251426764
38 46 0 8 0.00206816988066
23 65 0 8 0.00206423993222
14 23 0 8 0.00206162175164
41 50 0 8 0.00205520307645
41 56 0 8 0.00203397753648
11 27 0 8 0.00203234446235
38 43 0 8 0.00202422239818
12 27 0 8 0.00202397094108
11 17 0 8 0.00201790267602
53 65 0 8 0.0020145252347
23 80 0 8 0.00200293096714
25 59 0 8 0.00198607519269
52 79 0 8 0.0019759950228
24 62 0 8 0.00197103619576
37 59 0 8 0.00196384917945
38 59 0 8 0.0019593895413
14 29 0 8 0.00195148971397
24 70 0 8 0.00195059843827
11 24 0 8 0.00193268852308
20 64 0 8 0.00191907584667
1 7 0 8 0.00191160105169
73 86 0 8 0.00190724723507
27 52 0 8 0.00190583174117
52 72 0 8 0.00189914135262
45 72 0 8 0.00189442723058
7 45 0 8 0.00189433258492
4 24 0 8 0.00188604102004
23 71 0 8 0.00188585161231
43 49 0 8 0.00188343774062
41 53 0 8 0.00186566566117
5 45 0 8 0.00185816688463
9 21 0 8 0.00184744095895
60 80 0 8 0.00184563570656
37 58 0 8 0.0018445836613
45 64 0 8 0.00183841329999
49 71 0 8 0.00183828466106
2 24 0 8 0.00183450349141
49 74 0 8 0.0018339289818
66 70 0 8 0.00183052103966
6 21 0 8 0.00182191317435
24 57 0 8 0.0018088837387
53 67 0 8 0.0018023957964
66 79 0 8 0.00179416593164
12 17 0 8 0.00178626261186
49 67 0 8 0.00178242707625
64 79 0 8 0.00177769665606
37 48 0 8 0.0017752192216
17 24 0 8 0.00177253503352
8 27 0 8 0.00177111045923
23 72 0 8 0.00175249925815
27 67 0 8 0.0017478390364
51 65 0 8 0.00174372468609
24 75 0 8 0.00174341432285
39 57 0 8 0.0017386978725
37 46 0 8 0.00173564406577
24 73 0 8 0.00173488177825
53 70 0 8 0.0017315230798
55 67 0 8 0.00172308459878
24 82 0 8 0.00172216387
23 67 0 8 0.00171813194174
13 27 0 8 0.00169874005951
39 44 0 8 0.0016835097922
24 58 0 8 0.00168117613066
6 15 0 8 0.00167777435854
30 57 0 8 0.00167502439581
54 65 0 8 0.00166834052652
69 74 0 8 0.00166825880297
64 78 0 8 0.00166739011183
8 30 0 8 0.00166442804039
4 23 0 8 0.00165488803759
52 70 0 8 0.00165269069839
38 54 0 8 0.00164901826065
44 52 0 8 0.00164834561292
20 80 0 8 0.00164626038168
69 73 0 8 0.00163137714844
12 23 0 8 0.00162700912915
8 26 0 8 0.00161695631687
27 56 0 8 0.00161276408471
46 75 0 8 0.00160627858713
44 65 0 8 0.0015991567634
24 80 0 8 0.00159682729281
23 74 0 8 0.001596804359
61 77 0 8 0.00159378547687
62 72 0 8 0.00158696970902
20 62 0 8 0.00157066062093
52 82 0 8 0.00156432262156
58 80 0 8 0.00156246102415
63 78 0 8 0.00156134855933
81 86 0 8 0.00156005937606
41 54 0 8 0.00155153614469
20 75 0 8 0.00155142461881
55 65 0 8 0.00154697836842
57 82 0 8 0.00153890973888
74 85 0 8 0.00153248931747
8 48 0 8 0.00152144487947
59 80 0 8 0.00151354214177
37 53 0 8 0.00150380830746
23 61 0 8 0.00150283344556
56 81 0 8 0.00149975775275
20 74 0 8 0.00149131694343
67 77 0 8 0.00148248451296
7 48 0 8 0.00147886865307
72 87 0 8 0.00147824559826
14 24 0 8 0.00147743010893
24 67 0 8 0.00146977591794
43 65 0 8 0.00146602420136
7 47 0 8 0.00145482947119
22 75 0 8 0.00144592637662
6 18 0 8 0.00143757869955
8 13 0 8 0.00143746985123
39 56 0 8 0.0014254914131
69 76 0 8 0.00141962070484
46 72 0 8 0.00141224684194
50 75 0 8 0.00140708847903
5 18 0 8 0.00140495004598
10 24 0 8 0.00140140752774
4 20 0 8 0.00139567244332
34 56 0 8 0.00139364821371
38 52 0 8 0.00138440623414
27 57 0 8 0.00138007011265
48 65 0 8 0.00137907231692
41 51 0 8 0.00137423560955
23 75 0 8 0.00137159973383
24 64 0 8 0.00136249279603
16 26 0 8 0.00135920988396
16 28 0 8 0.00135073927231
20 69 0 8 0.00135030073579
2 7 0 8 0.0013402143959
8 24 0 8 0.00133961148094
23 59 0 8 0.0013285871828
46 65 0 8 0.00131356751081
65 79 0 8 0.00131185585633
35 48 0 8 0.00130428047851
6 17 0 8 0.00129943550564
38 56 0 8 0.00129602162633
9 23 0 8 0.00129183707759
60 65 0 8 0.00128830643371
59 81 0 8 0.00128632562701
14 27 0 8 0.00128001440316
20 72 0 8 0.00127859483473
15 28 0 8 0.00127576838713
79 84 0 8 0.0012691130396
8 46 0 8 0.00124019861687
34 51 0 8 0.00123678951059
73 87 0 8 0.00123582861852
62 73 0 8 0.00123480963521
66 78 0 8 0.00123156304471
23 62 0 8 0.00123077677563
18 24 0 8 0.00121623335872
2 9 0 8 0.00120933912694
4 22 0 8 0.00120802083984
60 79 0 8 0.00120286422316
31 52 0 8 0.00119799142703
58 67 0 8 0.00118087406736
74 83 0 8 0.00117990828585
22 64 0 8 0.00117413082626
12 24 0 8 0.00116805802099
39 53 0 8 0.00115989078768
65 78 0 8 0.00115034379996
4 18 0 8 0.00114667275921
56 68 0 8 0.0011450627353
56 64 0 8 0.00113763916306
66 77 0 8 0.0011339065386
27 60 0 8 0.00112414045725
20 26 0 8 0.0011207339121
38 48 0 8 0.00112069479655
10 22 0 8 0.00111083884258
43 56 0 8 0.00110982975457
74 87 0 8 0.00110808771569
77 82 0 8 0.00109976250678
5 19 0 8 0.00109917542432
62 78 0 8 0.00109220098238
67 73 0 8 0.00108501012437
61 76 0 8 0.00107199780177
57 64 0 8 0.00106905761641
75 86 0 8 0.00105464528315
39 51 0 8 0.00105236202944
5 17 0 8 0.00104626407847
3 24 0 8 0.00104499002919
1 9 0 8 0.00103910220787
5 21 0 8 0.00103642535396
20 71 0 8 0.00103222613689
66 71 0 8 0.00101596186869
21 27 0 8 0.00101595942397
66 76 0 8 0.00100829650182
10 14 0 8 0.00100192567334
62 79 0 8 0.000997756724246
75 87 0 8 0.00099453702569
65 77 0 8 0.000994270434603
52 71 0 8 0.000991629669443
60 76 0 8 0.000989369000308
18 29 0 8 0.00098081480246
8 21 0 8 0.000962315243669
30 52 0 8 0.000960452656727
57 63 0 8 0.000953812967055
56 63 0 8 0.000951992173214
9 24 0 8 0.000947472814005
10 27 0 8 0.000944685249124
42 52 0 8 0.000942331796978
68 72 0 8 0.000926290871575
24 59 0 8 0.000923435785808
24 69 0 8 0.000919229118153
63 77 0 8 0.000916942954063
47 65 0 8 0.000915000680834
73 85 0 8 0.000910824222956
7 14 0 8 0.000905345601495
60 78 0 8 0.000893942953553
56 66 0 8 0.000892455223948
1 8 0 8 0.000879102211911
60 74 0 8 0.000868674309459
5 23 0 8 0.000859071617015
8 47 0 8 0.000855001970194
47 75 0 8 0.000849768170156
77 83 0 8 0.000847723626066
6 20 0 8 0.000835517654195
48 75 0 8 0.000833503494505
15 29 0 8 0.000828392046969
24 61 0 8 0.000820330227725
74 84 0 8 0.000811287085526
38 44 0 8 0.000805893156212
77 86 0 8 0.00079711608123
24 71 0 8 0.000792871112935
76 87 0 8 0.000779019319452
63 74 0 8 0.000778535089921
63 76 0 8 0.000772439176217
58 79 0 8 0.000767506309785
16 29 0 8 0.000762223091442
10 19 0 8 0.000756897905376
62 77 0 8 0.000739259005059
7 21 0 8 0.000728366838302
7 23 0 8 0.000699051655829
62 74 0 8 0.000689827487804
60 77 0 8 0.000689173990395
10 23 0 8 0.000684339611325
75 82 0 8 0.000681691919453
6 16 0 8 0.000678395037539
58 63 0 8 0.000671475252602
59 75 0 8 0.000670416920912
9 14 0 8 0.000658150820527
5 20 0 8 0.00065740046557
48 74 0 8 0.000653050490655
79 86 0 8 0.000649429275654
67 72 0 8 0.000639128382318
45 52 0 8 0.00063906412106
2 8 0 8 0.000629450485576
11 16 0 8 0.000628174864687
7 24 0 8 0.000624633103143
63 71 0 8 0.000624273670837
64 76 0 8 0.00062164402334
43 53 0 8 0.000612760719378
10 16 0 8 0.000606649322435
67 76 0 8 0.000594670069404
62 75 0 8 0.000581979635172
9 19 0 8 0.000568627379835
75 85 0 8 0.000568593794014
6 24 0 8 0.000562081113458
56 67 0 8 0.000554360449314
8 20 0 8 0.000548475072719
38 47 0 8 0.000534982129466
18 25 0 8 0.000528015894815
58 65 0 8 0.000527833239175
68 76 0 8 0.000525086361449
56 65 0 8 0.000521005422343
58 66 0 8 0.000514651124831
61 74 0 8 0.000513605365995
7 19 0 8 0.00051024282584
69 75 0 8 0.000502727343701
9 20 0 8 0.000497782079037
76 86 0 8 0.000496195279993
10 20 0 8 0.000496179447509
5 22 0 8 0.00049501779722
8 19 0 8 0.000489056983497
24 60 0 8 0.000487874349346
8 22 0 8 0.000480559392599
77 85 0 8 0.000480249145767
81 87 0 8 0.000478543312056
76 82 0 8 0.000456158915767
64 70 0 8 0.00044857658213
6 23 0 8 0.000434237677837
8 14 0 8 0.000431740365457
10 17 0 8 0.000430929096183
77 87 0 8 0.000430808548117
57 66 0 8 0.000430466578109
79 87 0 8 0.00042636267608
65 75 0 8 0.000424880767241
59 66 0 8 0.000424606027082
58 64 0 8 0.000424009427661
64 74 0 8 0.000418599694967
19 27 0 8 0.000417669391027
16 27 0 8 0.000403309852118
5 24 0 8 0.000394711067202
7 22 0 8 0.000393738824641
17 27 0 8 0.000392738467781
60 75 0 8 0.000391571724322
68 73 0 8 0.00038707148633
80 86 0 8 0.000384015409509
7 17 0 8 0.000381854479201
65 70 0 8 0.000378881115466
8 18 0 8 0.000378696044208
75 83 0 8 0.000377622258384
10 15 0 8 0.000369270012015
64 73 0 8 0.00036078208359
78 87 0 8 0.000348214787664
15 27 0 8 0.000347111286828
7 20 0 8 0.000343894847902
8 23 0 8 0.000343466788763
75 84 0 8 0.000342598214047
61 75 0 8 0.000341398525052
10 18 0 8 0.000338300829753
78 86 0 8 0.000322859443258
59 64 0 8 0.000318296195474
62 76 0 8 0.000317963480484
7 18 0 8 0.000315744080581
80 85 0 8 0.000314433767926
39 52 0 8 0.000305057677906
79 85 0 8 0.000303813401842
65 76 0 8 0.00030200384208
65 73 0 8 0.000297817314276
9 15 0 8 0.000284607463982
64 77 0 8 0.000281306827674
78 85 0 8 0.000280675129034
80 87 0 8 0.00027712850715
64 75 0 8 0.000268960167887
78 84 0 8 0.000266114046099
20 27 0 8 0.00026200042339
43 52 0 8 0.00025370970252
67 74 0 8 0.00024508984643
7 16 0 8 0.000244985159952
68 74 0 8 0.000243706410402
67 75 0 8 0.000237262414885
76 83 0 8 0.000234431121498
7 15 0 8 0.000227514261496
59 65 0 8 0.000224747200264
8 15 0 8 0.000223817842198
63 72 0 8 0.000200307375053
76 84 0 8 0.000198811423616
64 71 0 8 0.000194290943909
77 84 0 8 0.000192776322365
76 85 0 8 0.00018846814055
18 27 0 8 0.00018537203141
66 73 0 8 0.000183877826203
63 75 0 8 0.000183154435945
66 72 0 8 0.000183123003808
9 18 0 8 0.000168243830558
65 74 0 8 0.000166187048308
65 71 0 8 0.000150144769577
8 17 0 8 0.000147244209074
8 16 0 8 0.000144912264659
64 72 0 8 0.000144013029058
66 74 0 8 0.000141508076922
66 75 0 8 0.000121241275338
68 75 0 8 0.000117250267067
65 72 0 8 0.000111753637611
9 17 0 8 0.000110694534669
57 65 0 8 0.00010570861923
9 16 0 8 8.69705909281e-05
