71 72 0 8 0.999993443489
61 62 0 8 0.999963343143
63 64 0 8 0.999960362911
70 71 0 8 0.999958276749
64 65 0 8 0.99994212389
41 42 0 8 0.999938964844
57 58 0 8 0.999937057495
60 61 0 8 0.999918341637
43 44 0 8 0.999912261963
59 60 0 8 0.999910414219
17 18 0 8 0.999875664711
40 41 0 8 0.999872028828
62 63 0 8 0.999870717525
66 67 0 8 0.99987000227
39 40 0 8 0.999864637852
16 17 0 8 0.999853372574
65 66 0 8 0.9998498559
58 59 0 8 0.999833703041
15 16 0 8 0.999807476997
42 43 0 8 0.999802589417
33 34 0 8 0.999799072742
2 3 0 8 0.999791681767
1 2 0 8 0.999781608582
31 32 0 8 0.999772071838
8 9 0 8 0.999766230583
3 4 0 8 0.999766170979
32 33 0 8 0.999765098095
10 11 0 8 0.999750733376
14 15 0 8 0.999737203121
45 46 0 8 0.999725282192
69 70 0 8 0.999711215496
67 68 0 8 0.999657571316
7 8 0 8 0.999657094479
22 23 0 8 0.999571144581
9 10 0 8 0.99954867363
56 57 0 8 0.999474167824
18 19 0 8 0.999474048615
44 45 0 8 0.999384462833
23 24 0 8 0.99933975935
20 21 0 8 0.999289870262
30 31 0 8 0.999287307262
24 25 0 8 0.999249696732
35 36 0 8 0.999147891998
49 50 0 8 0.999040603638
50 51 0 8 0.998957455158
25 26 0 8 0.998933672905
6 7 0 8 0.998891830444
36 37 0 8 0.998878836632
19 20 0 8 0.998846888542
34 35 0 8 0.998831927776
26 27 0 8 0.998798191547
28 29 0 8 0.998727560043
21 22 0 8 0.998711168766
68 69 0 8 0.998692631721
48 49 0 8 0.998658180237
54 55 0 8 0.998617291451
5 6 0 8 0.998453617096
29 30 0 8 0.998406946659
52 53 0 8 0.998210787773
53 54 0 8 0.998109817505
51 52 0 8 0.997899651527
55 56 0 8 0.99783629179
12 13 0 8 0.997756958008
11 12 0 8 0.997417211533
46 47 0 8 0.997162818909
13 14 0 8 0.996695399284
4 5 0 8 0.996614038944
47 48 0 8 0.996496677399
38 39 0 8 0.99643099308
27 28 0 8 0.995833992958
37 38 0 8 0.994637072086
59 61 0 8 0.990068078041
63 65 0 8 0.989831089973
60 62 0 8 0.988013029099
62 64 0 8 0.9860470891
58 60 0 8 0.984810888767
61 63 0 8 0.977135181427
59 63 0 8 0.976770102978
59 62 0 8 0.972259402275
64 66 0 8 0.9718054533
57 59 0 8 0.971354424953
63 66 0 8 0.968850195408
60 64 0 8 0.959818005562
65 67 0 8 0.959464550018
60 63 0 8 0.959164202213
58 61 0 8 0.950639367104
58 62 0 8 0.942551374435
61 64 0 8 0.940800666809
56 58 0 8 0.935202300549
57 61 0 8 0.931517064571
66 68 0 8 0.915841042995
34 36 0 8 0.914985239506
42 44 0 8 0.910387158394
57 60 0 8 0.909118175507
41 43 0 8 0.908274769783
16 18 0 8 0.9055377841
25 27 0 8 0.900211274624
64 67 0 8 0.895573437214
22 24 0 8 0.893706321716
32 34 0 8 0.89327865839
40 42 0 8 0.889650225639
31 52 0 8 0.88954615593
53 55 0 8 0.888838469982
38 40 0 8 0.88556843996
67 69 0 8 0.874239385128
8 10 0 8 0.873690366745
13 15 0 8 0.87222546339
41 44 0 8 0.869971215725
28 30 0 8 0.865936696529
62 65 0 8 0.86419481039
39 41 0 8 0.858531415462
56 60 0 8 0.851631224155
61 65 0 8 0.850311458111
44 46 0 8 0.846445143223
55 57 0 8 0.842667758465
19 21 0 8 0.839883208275
6 8 0 8 0.836220562458
43 45 0 8 0.830593824387
68 70 0 8 0.829310417175
69 71 0 8 0.828570306301
70 72 0 8 0.827127695084
62 66 0 8 0.826569318771
36 38 0 8 0.824974834919
35 37 0 8 0.820410907269
33 35 0 8 0.818824350834
27 29 0 8 0.815879225731
5 7 0 8 0.810127019882
15 17 0 8 0.808033883572
23 25 0 8 0.807117521763
20 22 0 8 0.801408350468
51 53 0 8 0.796978294849
31 33 0 8 0.796234369278
12 14 0 8 0.794348061085
63 67 0 8 0.793899893761
10 12 0 8 0.792566895485
4 6 0 8 0.791398406029
46 48 0 8 0.788080394268
9 11 0 8 0.787507176399
48 50 0 8 0.785558819771
56 59 0 8 0.785454034805
50 52 0 8 0.783786177635
1 3 0 8 0.781593263149
65 68 0 8 0.78046900034
64 68 0 8 0.77813076973
17 19 0 8 0.776664197445
26 28 0 8 0.775126695633
37 39 0 8 0.771964251995
54 56 0 8 0.771699488163
29 31 0 8 0.770838022232
30 32 0 8 0.769835472107
45 47 0 8 0.769814014435
14 16 0 8 0.767931163311
11 13 0 8 0.767854094505
47 49 0 8 0.767242670059
24 26 0 8 0.754732728004
66 69 0 8 0.753103911877
41 59 0 8 0.752668261528
21 23 0 8 0.749863803387
49 51 0 8 0.748649775982
2 4 0 8 0.743172883987
67 70 0 8 0.740187525749
7 9 0 8 0.721146762371
18 20 0 8 0.716381132603
52 54 0 8 0.711063027382
41 45 0 8 0.709623277187
55 59 0 8 0.698107302189
27 44 0 8 0.696408808231
41 63 0 8 0.68651932478
55 58 0 8 0.68439412117
27 46 0 8 0.680304288864
3 5 0 8 0.680254936218
65 69 0 8 0.667504429817
18 50 0 8 0.659976959229
28 31 0 8 0.658716201782
38 41 0 8 0.652177453041
41 46 0 8 0.638577401638
66 70 0 8 0.60521697998
42 45 0 8 0.603994250298
31 54 0 8 0.595037162304
39 42 0 8 0.592360973358
40 44 0 8 0.581601858139
38 42 0 8 0.561445295811
28 47 0 8 0.547304034233
54 58 0 8 0.546133816242
25 28 0 8 0.542950332165
67 71 0 8 0.541210472584
12 15 0 8 0.534410953522
40 43 0 8 0.52445089817
35 42 0 8 0.522084951401
26 29 0 8 0.500009596348
18 22 0 8 0.490312218666
68 71 0 8 0.488652259111
35 38 0 8 0.475279897451
27 31 0 8 0.438099950552
27 30 0 8 0.434738069773
47 50 0 8 0.427514344454
19 22 0 8 0.424380928278
54 57 0 8 0.423979461193
40 62 0 8 0.423518210649
22 25 0 8 0.423297762871
46 49 0 8 0.415123611689
24 28 0 8 0.414170593023
37 50 0 8 0.410590469837
37 41 0 8 0.407983750105
37 40 0 8 0.406619131565
50 62 0 8 0.405208677053
46 50 0 8 0.40179091692
36 39 0 8 0.394967287779
26 47 0 8 0.391879677773
53 56 0 8 0.390287011862
24 27 0 8 0.3870010674
14 17 0 8 0.383830696344
34 62 0 8 0.381993710995
32 58 0 8 0.379848897457
5 8 0 8 0.377325952053
39 43 0 8 0.373455524445
41 47 0 8 0.371835112572
32 59 0 8 0.367616266012
36 40 0 8 0.365417033434
53 57 0 8 0.361510574818
15 22 0 8 0.360807806253
31 45 0 8 0.359910815954
69 72 0 8 0.359123706818
27 45 0 8 0.357141107321
3 8 0 8 0.353846997023
13 16 0 8 0.353614121675
16 20 0 8 0.349941074848
49 52 0 8 0.347640186548
34 59 0 8 0.33776345849
34 63 0 8 0.333787858486
23 26 0 8 0.330894351006
48 52 0 8 0.330378770828
15 34 0 8 0.327843844891
41 66 0 8 0.32503721118
10 63 0 8 0.32444909215
32 63 0 8 0.321217298508
22 26 0 8 0.313775032759
18 34 0 8 0.310754090548
25 29 0 8 0.309914648533
22 33 0 8 0.309538096189
28 44 0 8 0.30808287859
33 36 0 8 0.307969748974
16 63 0 8 0.299541682005
32 36 0 8 0.298027545214
12 16 0 8 0.295752644539
50 53 0 8 0.295504182577
4 8 0 8 0.295444428921
11 15 0 8 0.293933212757
16 19 0 8 0.291980624199
24 32 0 8 0.291976124048
16 34 0 8 0.290287673473
52 56 0 8 0.290163964033
45 49 0 8 0.28704893589
41 50 0 8 0.283747285604
42 46 0 8 0.277892023325
33 63 0 8 0.277848750353
26 30 0 8 0.27730435133
10 13 0 8 0.276784747839
34 54 0 8 0.274640142918
31 47 0 8 0.271746426821
10 15 0 8 0.27134168148
68 72 0 8 0.271298199892
31 35 0 8 0.269526839256
10 41 0 8 0.26915833354
50 63 0 8 0.269117474556
18 24 0 8 0.2673792243
32 62 0 8 0.266637206078
4 7 0 8 0.264970451593
38 64 0 8 0.262201100588
16 41 0 8 0.260424137115
34 38 0 8 0.257613420486
48 51 0 8 0.253085583448
45 48 0 8 0.252954006195
34 39 0 8 0.251583099365
47 51 0 8 0.249598547816
30 57 0 8 0.248014643788
15 18 0 8 0.247714176774
11 14 0 8 0.245155692101
10 59 0 8 0.244461134076
28 46 0 8 0.243344739079
10 14 0 8 0.243237808347
44 47 0 8 0.241128996015
15 63 0 8 0.239715576172
33 37 0 8 0.239478334785
21 25 0 8 0.238521188498
41 48 0 8 0.238026320934
47 53 0 8 0.235589131713
18 41 0 8 0.235474005342
41 60 0 8 0.23214623332
15 50 0 8 0.231789261103
50 54 0 8 0.231124967337
29 43 0 8 0.230843365192
41 53 0 8 0.23023532331
17 20 0 8 0.229204237461
33 45 0 8 0.228840529919
32 56 0 8 0.228402584791
31 34 0 8 0.22825320065
53 58 0 8 0.227484196424
3 7 0 8 0.226902291179
34 37 0 8 0.226803809404
33 59 0 8 0.226392686367
3 6 0 8 0.225701510906
41 58 0 8 0.223733976483
14 24 0 8 0.223047688603
29 44 0 8 0.222646266222
22 36 0 8 0.222257331014
33 62 0 8 0.221724376082
16 22 0 8 0.220930680633
24 34 0 8 0.218561351299
32 53 0 8 0.218364715576
32 54 0 8 0.216304317117
50 59 0 8 0.216097667813
33 53 0 8 0.215239539742
18 32 0 8 0.214770033956
10 50 0 8 0.214474648237
29 32 0 8 0.21378518641
18 33 0 8 0.21298918128
12 50 0 8 0.212568610907
13 24 0 8 0.211635842919
32 44 0 8 0.210832670331
18 63 0 8 0.208651408553
13 17 0 8 0.207626894116
66 71 0 8 0.207287833095
28 32 0 8 0.206568747759
45 50 0 8 0.206330537796
32 50 0 8 0.205994293094
30 54 0 8 0.205798536539
36 62 0 8 0.204695105553
16 51 0 8 0.204680934548
38 50 0 8 0.204138070345
1 4 0 8 0.202806144953
25 46 0 8 0.202439785004
52 55 0 8 0.200415223837
16 33 0 8 0.200026586652
33 57 0 8 0.19953802228
50 66 0 8 0.199200421572
50 58 0 8 0.198657989502
35 39 0 8 0.198613867164
10 34 0 8 0.198296412826
21 24 0 8 0.197889283299
41 62 0 8 0.197552680969
24 33 0 8 0.196276009083
16 24 0 8 0.196190774441
18 21 0 8 0.195109188557
36 41 0 8 0.194744944572
15 19 0 8 0.194601014256
32 35 0 8 0.194260448217
33 54 0 8 0.194172784686
40 46 0 8 0.194039896131
10 31 0 8 0.192969024181
46 51 0 8 0.192675516009
24 47 0 8 0.192294627428
2 6 0 8 0.190371602774
28 57 0 8 0.190085247159
10 16 0 8 0.189978316426
18 59 0 8 0.189674586058
16 59 0 8 0.187712714076
34 53 0 8 0.187217578292
18 51 0 8 0.184892550111
16 25 0 8 0.184812635183
16 32 0 8 0.184724763036
28 60 0 8 0.183910161257
14 22 0 8 0.183562338352
26 46 0 8 0.182643741369
36 63 0 8 0.18229675293
53 59 0 8 0.181519493461
35 62 0 8 0.181072309613
33 50 0 8 0.180550798774
40 45 0 8 0.180500477552
51 55 0 8 0.177675336599
50 56 0 8 0.177210971713
31 44 0 8 0.176296979189
30 58 0 8 0.176141411066
8 11 0 8 0.176050037146
25 49 0 8 0.175464525819
20 23 0 8 0.175214320421
50 55 0 8 0.174544915557
25 34 0 8 0.174342572689
46 55 0 8 0.172861024737
46 52 0 8 0.171664685011
18 36 0 8 0.171171158552
32 66 0 8 0.171144202352
23 27 0 8 0.171097591519
19 23 0 8 0.170808970928
35 40 0 8 0.170179650187
43 46 0 8 0.168193072081
10 18 0 8 0.166735187173
12 32 0 8 0.166693747044
49 53 0 8 0.166325077415
32 55 0 8 0.166228711605
15 25 0 8 0.165152445436
25 31 0 8 0.165063530207
17 36 0 8 0.16486081481
34 66 0 8 0.164638772607
16 21 0 8 0.164235666394
46 53 0 8 0.16413089633
33 66 0 8 0.163829520345
30 33 0 8 0.163418024778
10 66 0 8 0.163335263729
24 29 0 8 0.162244185805
20 24 0 8 0.161988407373
14 18 0 8 0.161169618368
44 48 0 8 0.160633102059
67 72 0 8 0.160169452429
8 12 0 8 0.15972687304
36 59 0 8 0.159483119845
15 32 0 8 0.159359589219
45 55 0 8 0.158961027861
10 32 0 8 0.158818185329
34 50 0 8 0.158752724528
10 46 0 8 0.158223479986
16 53 0 8 0.157789036632
31 59 0 8 0.157306283712
11 16 0 8 0.156609132886
34 41 0 8 0.156422227621
37 57 0 8 0.155816331506
46 54 0 8 0.155655160546
41 49 0 8 0.155438289046
40 50 0 8 0.155062362552
28 33 0 8 0.154622837901
31 50 0 8 0.154328092933
33 56 0 8 0.154246091843
8 33 0 8 0.153889730573
25 48 0 8 0.153199210763
54 59 0 8 0.152215138078
17 22 0 8 0.151993572712
2 5 0 8 0.151868417859
8 32 0 8 0.151383057237
22 32 0 8 0.151276543736
15 24 0 8 0.150839030743
18 38 0 8 0.150335878134
36 50 0 8 0.14962618053
17 35 0 8 0.149373367429
51 54 0 8 0.14850474894
18 58 0 8 0.148320361972
40 58 0 8 0.14800325036
31 58 0 8 0.146564632654
38 56 0 8 0.145870044827
15 62 0 8 0.145825579762
47 52 0 8 0.145259708166
44 59 0 8 0.145015448332
34 58 0 8 0.144831582904
34 56 0 8 0.144507214427
35 60 0 8 0.144279688597
31 55 0 8 0.141146212816
46 59 0 8 0.141133323312
16 46 0 8 0.140961915255
16 66 0 8 0.140731930733
26 32 0 8 0.140022948384
8 65 0 8 0.139779731631
1 5 0 8 0.139318540692
27 32 0 8 0.139100566506
32 60 0 8 0.138970196247
10 33 0 8 0.138903304935
35 59 0 8 0.138830542564
15 33 0 8 0.138815879822
8 63 0 8 0.138755470514
24 46 0 8 0.138592466712
47 54 0 8 0.138186916709
17 37 0 8 0.137720704079
31 46 0 8 0.137438744307
48 53 0 8 0.137244105339
34 61 0 8 0.137162342668
19 25 0 8 0.1370511204
6 9 0 8 0.136573985219
36 58 0 8 0.136478811502
15 35 0 8 0.135986953974
35 52 0 8 0.135885447264
25 33 0 8 0.135862290859
45 52 0 8 0.135620191693
16 50 0 8 0.135032683611
10 62 0 8 0.134558677673
5 9 0 8 0.133749604225
45 53 0 8 0.133157625794
30 52 0 8 0.132795572281
18 46 0 8 0.132382571697
36 66 0 8 0.132197111845
32 57 0 8 0.132117733359
46 63 0 8 0.132068708539
16 23 0 8 0.131925463676
34 51 0 8 0.131379425526
8 66 0 8 0.131246313453
19 51 0 8 0.131227150559
16 36 0 8 0.130353420973
22 50 0 8 0.130340903997
16 35 0 8 0.130324289203
24 58 0 8 0.130287125707
35 63 0 8 0.130260974169
28 56 0 8 0.129946380854
31 53 0 8 0.129841968417
18 62 0 8 0.129546836019
38 63 0 8 0.127407327294
34 52 0 8 0.12733912468
27 62 0 8 0.127167567611
18 52 0 8 0.126028224826
15 20 0 8 0.126017943025
35 55 0 8 0.125781342387
18 66 0 8 0.125440523028
33 51 0 8 0.125237241387
3 10 0 8 0.125129058957
49 55 0 8 0.124933838844
31 62 0 8 0.12442612648
46 66 0 8 0.123946845531
40 48 0 8 0.123939275742
52 57 0 8 0.123881049454
16 38 0 8 0.123871706426
40 64 0 8 0.123847804964
22 34 0 8 0.123813420534
45 51 0 8 0.123683013022
21 51 0 8 0.123569451272
31 63 0 8 0.123471461236
8 31 0 8 0.123334363103
46 58 0 8 0.123134627938
44 56 0 8 0.122940920293
17 21 0 8 0.122578948736
22 62 0 8 0.121921733022
19 52 0 8 0.121886998415
18 23 0 8 0.12183649838
22 59 0 8 0.121504239738
32 45 0 8 0.121310733259
32 64 0 8 0.121046364307
38 62 0 8 0.120919466019
41 51 0 8 0.120794042945
24 36 0 8 0.12052064389
17 23 0 8 0.120507963002
15 27 0 8 0.120354548097
18 53 0 8 0.120059728622
12 17 0 8 0.119788385928
40 63 0 8 0.119430460036
20 33 0 8 0.119425967336
30 50 0 8 0.119283303618
31 66 0 8 0.118700742722
25 32 0 8 0.118142046034
21 36 0 8 0.117592349648
18 37 0 8 0.117388613522
27 33 0 8 0.117226272821
35 41 0 8 0.117084138095
33 41 0 8 0.116645254195
28 63 0 8 0.116382211447
15 41 0 8 0.115950502455
20 51 0 8 0.115739859641
35 51 0 8 0.115639857948
34 55 0 8 0.115630462766
32 61 0 8 0.115576662123
9 12 0 8 0.115400999784
28 45 0 8 0.115197531879
8 46 0 8 0.115005359054
20 44 0 8 0.114976942539
12 36 0 8 0.114948369563
15 51 0 8 0.114745281637
41 65 0 8 0.114601746202
19 41 0 8 0.114113137126
10 27 0 8 0.114055857062
22 63 0 8 0.11399577558
35 57 0 8 0.113983556628
36 61 0 8 0.11395586282
28 62 0 8 0.113021910191
18 31 0 8 0.112486086786
18 54 0 8 0.112467095256
38 59 0 8 0.112453430891
37 60 0 8 0.112411394715
16 31 0 8 0.112312093377
8 34 0 8 0.112187094986
35 58 0 8 0.112132184207
36 53 0 8 0.112088285387
37 62 0 8 0.111972913146
13 63 0 8 0.111947789788
8 41 0 8 0.111903704703
11 25 0 8 0.111832171679
5 31 0 8 0.111661806703
31 56 0 8 0.111512474716
13 23 0 8 0.111232295632
22 41 0 8 0.110854282975
24 48 0 8 0.110790796578
10 30 0 8 0.110667198896
24 50 0 8 0.110504992306
24 30 0 8 0.110317602754
15 59 0 8 0.110293716192
41 56 0 8 0.110162556171
31 60 0 8 0.110159024596
10 60 0 8 0.109900742769
9 13 0 8 0.109882079065
22 27 0 8 0.109842374921
41 52 0 8 0.109175756574
11 31 0 8 0.109169267118
34 64 0 8 0.109108276665
15 66 0 8 0.108671501279
15 38 0 8 0.108126118779
26 33 0 8 0.108087137341
36 54 0 8 0.107901334763
33 58 0 8 0.107895985246
17 57 0 8 0.107599817216
12 31 0 8 0.1073711887
15 36 0 8 0.107318878174
36 60 0 8 0.107222318649
32 52 0 8 0.107187315822
18 25 0 8 0.107159227133
18 45 0 8 0.107118174434
24 57 0 8 0.106984511018
35 61 0 8 0.106762513518
42 47 0 8 0.106635957956
3 18 0 8 0.10650511086
40 56 0 8 0.105690479279
33 64 0 8 0.10563261807
44 58 0 8 0.105569928885
14 32 0 8 0.105341956019
25 57 0 8 0.10482814908
22 56 0 8 0.104536809027
39 47 0 8 0.104469850659
18 40 0 8 0.104437179863
13 33 0 8 0.10428468138
37 59 0 8 0.104241244495
16 49 0 8 0.104017361999
44 53 0 8 0.10341770947
15 21 0 8 0.103243261576
32 51 0 8 0.103114776313
43 47 0 8 0.102972947061
41 57 0 8 0.102944277227
37 53 0 8 0.10291929543
20 28 0 8 0.102745480835
66 72 0 8 0.102548509836
13 34 0 8 0.102360159159
10 35 0 8 0.102209284902
19 34 0 8 0.102126002312
22 46 0 8 0.102085649967
41 55 0 8 0.101905226707
18 49 0 8 0.101853832603
19 49 0 8 0.101754724979
15 56 0 8 0.101556092501
37 63 0 8 0.101318694651
48 54 0 8 0.101209491491
27 43 0 8 0.100923672318
11 32 0 8 0.100884266198
37 58 0 8 0.100871033967
36 57 0 8 0.100781053305
38 48 0 8 0.100454635918
18 56 0 8 0.100204370916
18 55 0 8 0.100193239748
17 33 0 8 0.100181244314
36 56 0 8 0.100149013102
15 26 0 8 0.0999031588435
8 27 0 8 0.0997571647167
25 47 0 8 0.0995307117701
21 33 0 8 0.0995220765471
16 45 0 8 0.0994499698281
33 65 0 8 0.0992939472198
10 36 0 8 0.0992386490107
33 42 0 8 0.099194034934
33 52 0 8 0.098943464458
11 63 0 8 0.0987101197243
25 59 0 8 0.0986057072878
33 49 0 8 0.0985258892179
45 54 0 8 0.0982863157988
47 55 0 8 0.0980932861567
12 63 0 8 0.0980546921492
14 34 0 8 0.0979011431336
38 58 0 8 0.0977346152067
35 50 0 8 0.0976901575923
55 60 0 8 0.0976030826569
19 53 0 8 0.0974686816335
44 52 0 8 0.0974611788988
22 60 0 8 0.097327709198
49 54 0 8 0.0972978249192
19 24 0 8 0.0971848666668
36 51 0 8 0.0969866737723
17 32 0 8 0.096980266273
8 62 0 8 0.0969749167562
24 66 0 8 0.0968155264854
15 55 0 8 0.0967609137297
15 37 0 8 0.0966125279665
22 40 0 8 0.0965187698603
9 31 0 8 0.0963588580489
14 27 0 8 0.0962562039495
50 61 0 8 0.0961533784866
16 37 0 8 0.0961217284203
22 28 0 8 0.0960628911853
18 35 0 8 0.0960442647338
18 57 0 8 0.0960159674287
24 59 0 8 0.0956694707274
42 58 0 8 0.0954422727227
17 50 0 8 0.095166400075
40 66 0 8 0.0951558724046
32 65 0 8 0.0949507653713
45 59 0 8 0.0948433429003
22 57 0 8 0.0948022305965
12 22 0 8 0.094744361937
8 15 0 8 0.0944031774998
16 40 0 8 0.0943959653378
32 41 0 8 0.0942744314671
34 60 0 8 0.0940399542451
10 25 0 8 0.0938258394599
19 38 0 8 0.0937713012099
10 64 0 8 0.0936506390572
52 58 0 8 0.0933870822191
13 35 0 8 0.0932215899229
16 62 0 8 0.0931593552232
11 33 0 8 0.0928792357445
47 56 0 8 0.0927734300494
38 54 0 8 0.0927250161767
22 31 0 8 0.0926340594888
29 60 0 8 0.0926098152995
31 61 0 8 0.0925714299083
29 33 0 8 0.0925356522202
19 46 0 8 0.0922980606556
8 59 0 8 0.0919232815504
10 53 0 8 0.0918799266219
18 64 0 8 0.0918372422457
24 63 0 8 0.0917584896088
30 56 0 8 0.0917501226068
5 32 0 8 0.0916967988014
22 58 0 8 0.0916820988059
15 57 0 8 0.0916493833065
15 40 0 8 0.0916188210249
12 24 0 8 0.0913413912058
27 47 0 8 0.0912954360247
17 34 0 8 0.091225259006
20 25 0 8 0.0911706238985
4 10 0 8 0.0911332517862
25 30 0 8 0.0909982696176
16 28 0 8 0.0907301232219
6 10 0 8 0.0906560719013
28 58 0 8 0.0905474200845
36 47 0 8 0.0904136672616
10 26 0 8 0.0899909809232
50 57 0 8 0.089911006391
46 57 0 8 0.0899004265666
10 22 0 8 0.0898212790489
30 55 0 8 0.0897637009621
11 19 0 8 0.0895504280925
34 57 0 8 0.0893557220697
13 18 0 8 0.0893485322595
23 34 0 8 0.0889463499188
11 49 0 8 0.0888596624136
16 56 0 8 0.0888467878103
12 18 0 8 0.0885615944862
10 67 0 8 0.088544562459
19 55 0 8 0.0884291753173
19 32 0 8 0.0882977694273
19 33 0 8 0.0882847234607
19 31 0 8 0.0882068276405
21 53 0 8 0.0881458073854
18 61 0 8 0.0879052057862
12 33 0 8 0.0878117531538
31 57 0 8 0.087707400322
10 49 0 8 0.0875063091516
21 27 0 8 0.0873771905899
7 10 0 8 0.0872271880507
15 58 0 8 0.0871246010065
16 54 0 8 0.0870447084308
65 70 0 8 0.087011821568
20 34 0 8 0.0868925377727
36 64 0 8 0.0868646577001
8 30 0 8 0.0868475213647
4 9 0 8 0.0867655202746
35 66 0 8 0.0866500884295
25 63 0 8 0.0864741057158
17 38 0 8 0.0864658728242
14 31 0 8 0.0863699391484
13 31 0 8 0.0862504318357
24 56 0 8 0.0862124487758
10 29 0 8 0.0861475393176
24 35 0 8 0.0861216187477
8 35 0 8 0.086059845984
7 11 0 8 0.086053095758
51 63 0 8 0.0859393849969
10 24 0 8 0.0859281420708
45 56 0 8 0.0858551710844
15 54 0 8 0.0857928469777
24 40 0 8 0.0854373425245
24 49 0 8 0.0854051783681
12 34 0 8 0.0853167399764
30 34 0 8 0.085305981338
9 46 0 8 0.0851872265339
37 52 0 8 0.0851422548294
37 55 0 8 0.085126131773
3 66 0 8 0.0851229056716
24 62 0 8 0.0845227837563
32 38 0 8 0.0844006463885
33 55 0 8 0.0843964591622
24 51 0 8 0.0843272656202
16 58 0 8 0.0842879116535
15 52 0 8 0.0841505154967
42 63 0 8 0.0841184258461
16 39 0 8 0.0840265527368
37 51 0 8 0.0839820057154
17 31 0 8 0.0839335471392
28 64 0 8 0.0838392749429
24 64 0 8 0.0837155282497
33 61 0 8 0.0835846811533
42 56 0 8 0.0834991931915
10 45 0 8 0.0834921523929
22 51 0 8 0.0834864452481
41 64 0 8 0.0834823772311
15 23 0 8 0.0833822414279
3 63 0 8 0.0831892862916
17 24 0 8 0.0830882266164
19 45 0 8 0.0828899517655
15 31 0 8 0.0824984312057
10 51 0 8 0.0824284926057
44 55 0 8 0.0821248143911
15 53 0 8 0.08200430125
48 66 0 8 0.0819223001599
8 57 0 8 0.0819003880024
41 61 0 8 0.0818373933434
37 42 0 8 0.0817470401525
40 61 0 8 0.0817191451788
26 36 0 8 0.0816715657711
34 67 0 8 0.0815122425556
22 49 0 8 0.0814395919442
10 57 0 8 0.0814279615879
8 18 0 8 0.0813478827477
45 63 0 8 0.0813113152981
21 34 0 8 0.0812763422728
38 60 0 8 0.0811919122934
14 35 0 8 0.0811261758208
33 60 0 8 0.0810201019049
44 54 0 8 0.0808054059744
32 46 0 8 0.0807335525751
39 51 0 8 0.0806187465787
8 13 0 8 0.0805931761861
15 61 0 8 0.0805689767003
16 52 0 8 0.0805375948548
13 50 0 8 0.0805334821343
6 33 0 8 0.0802938193083
30 40 0 8 0.0802811384201
38 49 0 8 0.0802531540394
18 39 0 8 0.0802366659045
40 52 0 8 0.0801537483931
3 62 0 8 0.0800074413419
21 31 0 8 0.0798978209496
33 67 0 8 0.0798154547811
16 55 0 8 0.0796930640936
8 16 0 8 0.0796803086996
27 63 0 8 0.0796029195189
51 59 0 8 0.0795270204544
19 57 0 8 0.0794391706586
13 22 0 8 0.0793902352452
51 66 0 8 0.0793344527483
15 49 0 8 0.0792630165815
42 53 0 8 0.0792009308934
8 45 0 8 0.0789832919836
37 54 0 8 0.0788927227259
28 59 0 8 0.0788898915052
16 57 0 8 0.0787683725357
51 56 0 8 0.0786570161581
11 46 0 8 0.0784788876772
15 28 0 8 0.0783957690001
9 41 0 8 0.078289359808
20 50 0 8 0.0782078877091
46 56 0 8 0.0780348926783
8 61 0 8 0.077949821949
35 56 0 8 0.0778924375772
28 61 0 8 0.0778750926256
16 44 0 8 0.0778288766742
18 44 0 8 0.0777167975903
42 50 0 8 0.0777131617069
28 38 0 8 0.0775659680367
8 28 0 8 0.077525652945
27 57 0 8 0.0774584487081
17 46 0 8 0.0773305296898
17 26 0 8 0.0772522464395
39 48 0 8 0.0772002711892
14 26 0 8 0.0770383700728
19 35 0 8 0.0769145414233
27 55 0 8 0.0767567381263
33 38 0 8 0.0766088813543
8 58 0 8 0.0765509083867
43 48 0 8 0.0764214321971
14 33 0 8 0.0763365775347
8 29 0 8 0.0762317627668
18 30 0 8 0.0760752111673
13 32 0 8 0.0758886933327
16 27 0 8 0.0758727565408
29 57 0 8 0.0758563429117
16 26 0 8 0.0757739171386
25 41 0 8 0.0757577568293
11 34 0 8 0.0756898373365
17 25 0 8 0.0755348131061
11 30 0 8 0.0753946825862
8 60 0 8 0.0753423795104
28 50 0 8 0.0753375142813
39 45 0 8 0.0753078386188
38 57 0 8 0.0751385316253
40 49 0 8 0.0751383081079
5 10 0 8 0.0751136541367
12 62 0 8 0.0750247389078
35 53 0 8 0.0750005990267
17 56 0 8 0.0749812349677
47 57 0 8 0.0749037489295
34 65 0 8 0.0748469233513
20 45 0 8 0.0748269706964
25 62 0 8 0.0747158974409
8 52 0 8 0.0746840909123
22 66 0 8 0.0746344923973
10 38 0 8 0.0746146216989
15 60 0 8 0.0746043846011
36 55 0 8 0.0745745524764
41 54 0 8 0.0744898542762
25 51 0 8 0.0744491517544
15 39 0 8 0.0744232460856
10 55 0 8 0.0741333812475
21 56 0 8 0.0740873813629
10 20 0 8 0.0740841254592
10 52 0 8 0.0740654543042
21 50 0 8 0.073927231133
19 59 0 8 0.0739152953029
22 38 0 8 0.0735770538449
28 52 0 8 0.0734746456146
10 54 0 8 0.073442466557
14 25 0 8 0.073282815516
43 53 0 8 0.0732652023435
14 66 0 8 0.0732060372829
7 45 0 8 0.0730787888169
28 55 0 8 0.0730413347483
47 62 0 8 0.072987511754
15 46 0 8 0.0728356838226
21 45 0 8 0.0727779492736
17 51 0 8 0.0727602392435
14 23 0 8 0.0723786652088
8 26 0 8 0.0722986459732
10 37 0 8 0.072131074965
25 52 0 8 0.0720422640443
22 35 0 8 0.0719287991524
45 58 0 8 0.0718409195542
14 36 0 8 0.0717367753386
39 50 0 8 0.0715767964721
10 58 0 8 0.0715691745281
12 38 0 8 0.0714910179377
56 61 0 8 0.0712864771485
19 56 0 8 0.0712773874402
18 67 0 8 0.0712105184793
16 47 0 8 0.0711488351226
29 58 0 8 0.0710633769631
16 60 0 8 0.0709986388683
25 50 0 8 0.0709269419312
10 21 0 8 0.0709187760949
19 37 0 8 0.0708982795477
21 38 0 8 0.0707394629717
26 31 0 8 0.0705363973975
11 62 0 8 0.0705137625337
25 58 0 8 0.0705063194036
39 55 0 8 0.0703856423497
40 47 0 8 0.0702615827322
16 67 0 8 0.0700845643878
37 56 0 8 0.0699781402946
24 60 0 8 0.0699225515127
29 56 0 8 0.0698800757527
53 66 0 8 0.0697754547
24 55 0 8 0.06974504143
3 33 0 8 0.0697348564863
8 53 0 8 0.0696498155594
3 50 0 8 0.0695789903402
53 62 0 8 0.0695767700672
53 60 0 8 0.0695713683963
17 53 0 8 0.0695541799068
19 36 0 8 0.0695475712419
24 44 0 8 0.0695142745972
9 33 0 8 0.0693604499102
39 54 0 8 0.0692525804043
21 41 0 8 0.0692106559873
13 62 0 8 0.0691465735435
21 35 0 8 0.0691247284412
12 37 0 8 0.0691072791815
38 66 0 8 0.0690331161022
43 58 0 8 0.0688302367926
37 66 0 8 0.0688055232167
19 63 0 8 0.0687981173396
23 56 0 8 0.0687738358974
5 30 0 8 0.0686728209257
16 30 0 8 0.0686658844352
30 53 0 8 0.0686123222113
11 38 0 8 0.0685892626643
20 41 0 8 0.0685122013092
17 55 0 8 0.0682639554143
52 59 0 8 0.0682621523738
36 45 0 8 0.0682163536549
51 57 0 8 0.0680707544088
2 8 0 8 0.0680311396718
65 71 0 8 0.0679800957441
30 43 0 8 0.067953556776
20 56 0 8 0.0679096281528
11 37 0 8 0.0678938627243
1 6 0 8 0.0678830072284
28 34 0 8 0.0677591562271
21 54 0 8 0.0676875337958
14 19 0 8 0.067603006959
21 37 0 8 0.0675777122378
17 60 0 8 0.0675554871559
40 59 0 8 0.0675291866064
27 59 0 8 0.0674565881491
22 39 0 8 0.067434810102
24 61 0 8 0.0673993602395
37 49 0 8 0.0669336915016
9 15 0 8 0.0668759122491
27 51 0 8 0.0668119937181
17 54 0 8 0.0667358413339
14 50 0 8 0.0666752830148
30 66 0 8 0.0666445791721
21 55 0 8 0.0666406601667
23 35 0 8 0.0665861591697
12 25 0 8 0.0665205568075
17 58 0 8 0.0664273425937
44 50 0 8 0.0664050504565
8 44 0 8 0.0663925483823
30 63 0 8 0.0663464292884
34 40 0 8 0.0663306564093
29 55 0 8 0.0662493109703
33 46 0 8 0.0661815628409
9 16 0 8 0.0660730600357
31 65 0 8 0.0660523474216
37 48 0 8 0.0660516023636
25 35 0 8 0.0659923106432
9 34 0 8 0.0658493340015
10 56 0 8 0.0658149048686
13 37 0 8 0.0658020526171
28 51 0 8 0.0657854527235
13 66 0 8 0.0657593309879
39 64 0 8 0.0656758472323
29 62 0 8 0.0656216517091
18 47 0 8 0.0655258521438
26 58 0 8 0.0655160471797
44 49 0 8 0.0652629882097
20 55 0 8 0.0651944279671
17 41 0 8 0.0651863664389
9 63 0 8 0.065180324018
9 62 0 8 0.0651300773025
34 46 0 8 0.0651046037674
39 62 0 8 0.064918808639
22 30 0 8 0.0649025589228
42 57 0 8 0.064895555377
3 9 0 8 0.0648603141308
16 48 0 8 0.0646745339036
18 48 0 8 0.0645315051079
31 64 0 8 0.0644806325436
10 28 0 8 0.0644381567836
3 11 0 8 0.0643397271633
35 54 0 8 0.0642974302173
39 49 0 8 0.0642102733254
20 36 0 8 0.0641942694783
18 43 0 8 0.064080260694
9 28 0 8 0.0637911185622
35 49 0 8 0.0636770576239
46 62 0 8 0.0636574029922
48 56 0 8 0.0636239275336
36 67 0 8 0.0636234730482
3 36 0 8 0.0635661706328
32 37 0 8 0.0635140091181
18 28 0 8 0.0635075941682
8 67 0 8 0.0632787197828
3 32 0 8 0.0632050484419
10 61 0 8 0.0631899237633
40 57 0 8 0.0631343945861
9 25 0 8 0.0630973801017
40 51 0 8 0.0630846992135
36 42 0 8 0.0630811303854
9 27 0 8 0.0630745366216
36 52 0 8 0.0630693361163
24 41 0 8 0.0630691275001
12 66 0 8 0.0630681142211
9 32 0 8 0.0629293620586
48 63 0 8 0.0628560781479
42 48 0 8 0.0627382472157
31 51 0 8 0.0627218708396
3 61 0 8 0.0626656636596
37 61 0 8 0.0625495910645
5 11 0 8 0.0624181292951
47 58 0 8 0.0623734667897
3 65 0 8 0.0623204894364
21 52 0 8 0.0621777921915
14 40 0 8 0.0621725618839
19 66 0 8 0.0621488541365
11 21 0 8 0.0620953291655
14 54 0 8 0.0620503127575
12 53 0 8 0.0618912801147
14 63 0 8 0.0618348121643
17 52 0 8 0.0617756135762
20 53 0 8 0.0617645308375
3 12 0 8 0.0616539828479
46 65 0 8 0.061647541821
11 36 0 8 0.0616364665329
15 45 0 8 0.0615431219339
37 47 0 8 0.0614619217813
3 58 0 8 0.0613673552871
11 53 0 8 0.0613213889301
35 46 0 8 0.0612977482378
9 30 0 8 0.061031408608
11 35 0 8 0.0609770081937
19 50 0 8 0.0606876909733
17 28 0 8 0.0604045502841
27 58 0 8 0.0603160187602
39 66 0 8 0.0602859593928
8 50 0 8 0.0602189563215
38 51 0 8 0.0601363405585
9 53 0 8 0.0599995665252
10 23 0 8 0.0599255971611
23 46 0 8 0.0598796494305
49 66 0 8 0.0598295256495
15 67 0 8 0.0596421696246
6 11 0 8 0.0596409402788
14 55 0 8 0.0595904439688
21 39 0 8 0.0595883540809
25 45 0 8 0.0595783516765
25 56 0 8 0.0595620311797
17 30 0 8 0.0594906359911
13 36 0 8 0.0594468936324
23 40 0 8 0.0593894124031
11 27 0 8 0.0593712590635
8 54 0 8 0.0593392588198
42 55 0 8 0.0593135021627
31 38 0 8 0.0592519938946
26 34 0 8 0.0591761097312
24 67 0 8 0.0590911544859
44 62 0 8 0.0590054988861
15 30 0 8 0.0588383935392
21 26 0 8 0.0586442165077
45 66 0 8 0.0586140565574
52 66 0 8 0.0585574619472
22 64 0 8 0.0585243105888
14 37 0 8 0.0585175715387
11 26 0 8 0.0584834292531
32 47 0 8 0.0584211796522
22 53 0 8 0.0583790279925
9 51 0 8 0.0582879818976
50 67 0 8 0.0582042969763
23 28 0 8 0.0581092648208
28 65 0 8 0.057927377522
36 65 0 8 0.0579124540091
18 27 0 8 0.0579005293548
27 50 0 8 0.0578625388443
51 58 0 8 0.0578521415591
36 49 0 8 0.057847019285
24 31 0 8 0.0578413307667
12 35 0 8 0.0578102990985
12 19 0 8 0.0577349960804
11 51 0 8 0.0575969517231
20 31 0 8 0.0575282722712
34 49 0 8 0.0575162135065
30 62 0 8 0.0573755428195
40 53 0 8 0.0571717359126
40 60 0 8 0.0570637658238
8 14 0 8 0.0569448024035
42 54 0 8 0.0569220557809
27 54 0 8 0.0568461567163
26 62 0 8 0.0567962750793
17 27 0 8 0.0567955970764
49 56 0 8 0.0567753948271
13 27 0 8 0.0566547811031
38 46 0 8 0.0566520579159
44 63 0 8 0.0565912947059
50 64 0 8 0.0565537437797
3 60 0 8 0.056526362896
32 39 0 8 0.0565060228109
39 44 0 8 0.0564662739635
42 51 0 8 0.0564635060728
23 33 0 8 0.0564418174326
22 52 0 8 0.0564181022346
25 64 0 8 0.0563200190663
44 66 0 8 0.0563106462359
14 28 0 8 0.0562775209546
2 7 0 8 0.0562545694411
3 64 0 8 0.0562293864787
3 34 0 8 0.0561962723732
16 64 0 8 0.0561703816056
30 59 0 8 0.0561164580286
27 34 0 8 0.0560323484242
12 51 0 8 0.056010928005
8 51 0 8 0.056007925421
24 45 0 8 0.056000187993
8 19 0 8 0.0559787675738
7 46 0 8 0.0559474267066
17 45 0 8 0.0559295080602
19 40 0 8 0.0559247024357
6 31 0 8 0.0558680221438
3 30 0 8 0.0557811334729
41 67 0 8 0.0557661689818
21 40 0 8 0.055722668767
11 18 0 8 0.0555471740663
8 36 0 8 0.0554911531508
17 39 0 8 0.0554907768965
9 14 0 8 0.055341295898
8 40 0 8 0.0552934110165
20 38 0 8 0.0552909709513
27 53 0 8 0.0552908703685
3 37 0 8 0.0552683584392
25 66 0 8 0.0552469044924
40 55 0 8 0.0551637597382
12 49 0 8 0.0550750270486
38 52 0 8 0.0550327450037
8 48 0 8 0.0549275763333
10 44 0 8 0.0549222156405
9 66 0 8 0.0549084916711
38 47 0 8 0.0548800937831
20 29 0 8 0.0548683330417
38 61 0 8 0.0548640303314
11 28 0 8 0.0548128709197
27 66 0 8 0.0548085346818
43 59 0 8 0.0547813810408
29 63 0 8 0.0547552630305
38 43 0 8 0.0547128580511
16 42 0 8 0.0547073073685
22 54 0 8 0.0547038540244
10 48 0 8 0.054557017982
28 41 0 8 0.0545325502753
34 48 0 8 0.0545253716409
8 25 0 8 0.0545019768178
39 63 0 8 0.0544426776469
25 61 0 8 0.0542858615518
11 45 0 8 0.054229427129
10 39 0 8 0.0541670620441
39 57 0 8 0.0541523918509
10 19 0 8 0.0541510358453
11 50 0 8 0.0541087761521
3 31 0 8 0.0541063845158
37 64 0 8 0.0540148317814
30 51 0 8 0.0540137961507
8 17 0 8 0.0539968907833
8 47 0 8 0.0539691522717
12 27 0 8 0.0539240837097
28 54 0 8 0.0539131872356
9 59 0 8 0.0538972578943
12 46 0 8 0.0538917891681
42 52 0 8 0.05375225842
11 17 0 8 0.053645811975
32 40 0 8 0.0536400042474
29 45 0 8 0.0536307319999
13 58 0 8 0.0536227487028
47 63 0 8 0.0534797944129
33 40 0 8 0.0534391850233
10 17 0 8 0.0533452890813
17 40 0 8 0.0532889477909
39 53 0 8 0.0531992651522
33 48 0 8 0.0531689152122
17 48 0 8 0.053151179105
20 39 0 8 0.0529879555106
54 62 0 8 0.0525928251445
40 54 0 8 0.0525713115931
28 53 0 8 0.0524264499545
47 66 0 8 0.052314221859
8 24 0 8 0.0522303879261
23 41 0 8 0.0521961711347
17 64 0 8 0.0521633177996
20 49 0 8 0.0521000623703
18 60 0 8 0.0519804246724
11 59 0 8 0.0519500188529
23 51 0 8 0.0519435927272
18 65 0 8 0.0519245043397
14 20 0 8 0.0518204495311
43 63 0 8 0.0517056845129
5 58 0 8 0.0516901016235
64 70 0 8 0.0516633950174
22 37 0 8 0.0515994429588
45 62 0 8 0.0515445284545
48 55 0 8 0.0514919050038
10 47 0 8 0.0514888390899
38 55 0 8 0.0514514297247
25 38 0 8 0.0514145120978
14 41 0 8 0.0514051504433
31 36 0 8 0.0513946190476
24 65 0 8 0.0513109005988
63 68 0 8 0.0512905605137
24 54 0 8 0.0511766150594
13 25 0 8 0.0510048419237
14 51 0 8 0.0509644784033
24 53 0 8 0.0509434267879
19 54 0 8 0.0508877076209
12 59 0 8 0.0508690103889
40 65 0 8 0.0508488938212
21 46 0 8 0.0508300699294
21 59 0 8 0.0508053824306
12 28 0 8 0.0507897473872
20 26 0 8 0.0507721975446
17 29 0 8 0.0506500340998
36 46 0 8 0.0505875200033
50 65 0 8 0.050580855459
38 53 0 8 0.0505205988884
11 29 0 8 0.0504295825958
20 35 0 8 0.0504257120192
16 29 0 8 0.0503174066544
20 59 0 8 0.050255201757
27 56 0 8 0.0501753650606
35 64 0 8 0.0500572696328
20 37 0 8 0.0500092878938
19 58 0 8 0.0499534755945
6 30 0 8 0.0498812459409
47 59 0 8 0.0498383715749
17 66 0 8 0.0497498624027
11 41 0 8 0.0497396551073
39 59 0 8 0.0497157014906
23 32 0 8 0.0496693141758
20 54 0 8 0.0495831109583
44 51 0 8 0.049468178302
21 57 0 8 0.0494245514274
9 49 0 8 0.049416847527
10 65 0 8 0.0490673594177
45 57 0 8 0.0489678047597
25 55 0 8 0.0489175543189
8 39 0 8 0.0488694794476
32 42 0 8 0.0488589331508
29 38 0 8 0.0488185919821
10 40 0 8 0.0487813539803
20 62 0 8 0.0487457737327
36 48 0 8 0.0486606992781
21 49 0 8 0.048639588058
13 38 0 8 0.0486228354275
9 57 0 8 0.0484767742455
19 44 0 8 0.0484709702432
18 26 0 8 0.0484420247376
8 55 0 8 0.0482030250132
3 59 0 8 0.0481485053897
35 65 0 8 0.0481446795166
12 52 0 8 0.0481429435313
54 60 0 8 0.0480918698013
3 39 0 8 0.0480090528727
35 45 0 8 0.0478910505772
1 10 0 8 0.0478377118707
43 52 0 8 0.047793649137
11 55 0 8 0.0477368272841
22 55 0 8 0.0477194041014
17 44 0 8 0.0476532243192
8 22 0 8 0.0476456098258
9 19 0 8 0.047619368881
23 49 0 8 0.0476073473692
8 20 0 8 0.0475073382258
12 29 0 8 0.0474685318768
44 65 0 8 0.0474568903446
3 57 0 8 0.0473881363869
36 44 0 8 0.0471765473485
5 29 0 8 0.0470786355436
21 28 0 8 0.0470554195344
29 54 0 8 0.0468686595559
12 26 0 8 0.0468591302633
19 39 0 8 0.0467294491827
31 41 0 8 0.0467098392546
5 66 0 8 0.0465833507478
4 31 0 8 0.046439435333
21 29 0 8 0.0464153699577
19 67 0 8 0.0463701076806
28 66 0 8 0.0462980791926
17 49 0 8 0.0462250672281
19 62 0 8 0.0461142025888
9 52 0 8 0.0460361652076
26 35 0 8 0.0460238829255
61 66 0 8 0.0460027828813
24 38 0 8 0.0459929071367
34 47 0 8 0.045905970037
7 12 0 8 0.0456346198916
30 65 0 8 0.0455504618585
3 67 0 8 0.0455148071051
16 61 0 8 0.0455102361739
19 28 0 8 0.0454662032425
42 59 0 8 0.0454457588494
3 16 0 8 0.0453939698637
30 35 0 8 0.045110784471
9 45 0 8 0.0450993552804
15 64 0 8 0.0450041741133
12 55 0 8 0.0449487417936
15 29 0 8 0.0449106320739
64 69 0 8 0.0448988117278
1 9 0 8 0.0448894277215
12 30 0 8 0.0448893047869
32 48 0 8 0.0448839068413
25 60 0 8 0.0446572676301
7 21 0 8 0.0446377806365
4 30 0 8 0.0445544943213
13 28 0 8 0.044540669769
21 44 0 8 0.0445252619684
43 66 0 8 0.0443575941026
23 36 0 8 0.0442833825946
23 38 0 8 0.0442527681589
30 64 0 8 0.044232621789
9 35 0 8 0.044153034687
12 41 0 8 0.0441463962197
3 35 0 8 0.0440875478089
5 33 0 8 0.0440255627036
21 43 0 8 0.0436960123479
8 64 0 8 0.0436366833746
53 63 0 8 0.0436163879931
4 62 0 8 0.0435698665679
22 45 0 8 0.0434514060616
26 51 0 8 0.0434252433479
14 39 0 8 0.04341057688
14 29 0 8 0.0432833433151
8 21 0 8 0.0431994237006
5 15 0 8 0.0431791879237
12 23 0 8 0.0431461632252
6 65 0 8 0.0430908761919
20 40 0 8 0.0430654138327
12 39 0 8 0.0430208966136
39 58 0 8 0.0429011099041
35 67 0 8 0.042883194983
11 22 0 8 0.0428751632571
20 58 0 8 0.0428557954729
19 48 0 8 0.0428044907749
13 39 0 8 0.042749594897
23 37 0 8 0.0427476540208
27 64 0 8 0.0427175946534
49 63 0 8 0.0426888242364
25 36 0 8 0.0426740832627
3 24 0 8 0.0426667295396
13 67 0 8 0.0426271632314
3 15 0 8 0.0425950661302
13 19 0 8 0.0425359383225
13 40 0 8 0.0425289310515
4 11 0 8 0.0425288788974
12 20 0 8 0.0424973294139
49 57 0 8 0.0424866117537
7 52 0 8 0.0423899665475
7 34 0 8 0.0423898920417
12 45 0 8 0.0423839204013
8 23 0 8 0.0423838123679
19 60 0 8 0.0422717034817
11 58 0 8 0.0422495864332
22 61 0 8 0.042244695127
5 12 0 8 0.0422166585922
34 45 0 8 0.0422052852809
13 30 0 8 0.0421525612473
8 49 0 8 0.0421498455107
31 43 0 8 0.042071506381
21 63 0 8 0.0420333258808
26 63 0 8 0.0420033559203
23 31 0 8 0.0419548004866
15 48 0 8 0.0418391898274
37 46 0 8 0.0417583175004
37 44 0 8 0.0417257137597
2 11 0 8 0.0417188890278
13 41 0 8 0.0415982715786
12 40 0 8 0.0415771529078
3 28 0 8 0.0415527075529
3 27 0 8 0.0415217727423
18 29 0 8 0.0415034368634
42 66 0 8 0.0414513759315
27 61 0 8 0.0414185002446
13 53 0 8 0.0414182543755
19 27 0 8 0.0413643121719
34 42 0 8 0.041358102113
3 13 0 8 0.041352853179
1 8 0 8 0.0413407571614
9 29 0 8 0.0413169749081
21 58 0 8 0.0412303470075
12 64 0 8 0.0412143096328
9 24 0 8 0.0410711765289
6 48 0 8 0.041028238833
6 66 0 8 0.0409651324153
6 49 0 8 0.0409250371158
12 56 0 8 0.0408776812255
9 61 0 8 0.0408757403493
25 54 0 8 0.040780082345
29 59 0 8 0.0407589934766
26 57 0 8 0.0407274328172
49 59 0 8 0.0407007522881
3 14 0 8 0.040692768991
58 63 0 8 0.0406383574009
15 47 0 8 0.0405814163387
18 42 0 8 0.0405794493854
21 66 0 8 0.0405549779534
14 38 0 8 0.0404568761587
62 67 0 8 0.040432062
8 56 0 8 0.0402461774647
11 24 0 8 0.0402029305696
11 20 0 8 0.0401200689375
32 49 0 8 0.0400818921626
23 55 0 8 0.0400667376816
24 37 0 8 0.040045555681
11 44 0 8 0.0400006510317
7 33 0 8 0.0400005690753
7 27 0 8 0.039932616055
7 31 0 8 0.0399321429431
17 59 0 8 0.0398247875273
19 47 0 8 0.0398186445236
49 58 0 8 0.0398127362132
33 47 0 8 0.0397902242839
9 47 0 8 0.0397786274552
39 52 0 8 0.0397683568299
11 39 0 8 0.0396797172725
20 27 0 8 0.0396519936621
24 52 0 8 0.0395659841597
25 37 0 8 0.0395479351282
11 23 0 8 0.0395202040672
29 66 0 8 0.0394342280924
30 38 0 8 0.0394229777157
22 42 0 8 0.0393877364695
17 63 0 8 0.0393850840628
27 39 0 8 0.0392785668373
12 21 0 8 0.0392580330372
7 66 0 8 0.0390912815928
8 38 0 8 0.039075113833
7 13 0 8 0.0390231795609
17 47 0 8 0.0389647036791
42 49 0 8 0.0388574190438
1 11 0 8 0.0388290546834
16 43 0 8 0.0388120487332
23 29 0 8 0.0386849343777
15 42 0 8 0.0383995808661
11 67 0 8 0.0383487194777
21 62 0 8 0.038312856108
9 36 0 8 0.0383064858615
6 32 0 8 0.0382208749652
9 55 0 8 0.0381927490234
31 49 0 8 0.0381558313966
3 29 0 8 0.0381130501628
29 64 0 8 0.0381084010005
31 48 0 8 0.0381078235805
32 67 0 8 0.0380646921694
22 65 0 8 0.0380229875445
12 57 0 8 0.0379590801895
7 53 0 8 0.0379196666181
39 46 0 8 0.0378080159426
20 57 0 8 0.037727355957
5 65 0 8 0.0376713871956
9 48 0 8 0.0376659780741
3 22 0 8 0.0375761501491
7 30 0 8 0.0375387221575
44 57 0 8 0.0375265851617
20 63 0 8 0.0375244952738
24 39 0 8 0.0374495759606
30 44 0 8 0.0373857058585
30 49 0 8 0.0373795852065
1 7 0 8 0.0372671149671
4 12 0 8 0.0372600331903
12 47 0 8 0.0372518487275
43 56 0 8 0.0372354798019
12 54 0 8 0.0370992161334
23 52 0 8 0.0370595194399
9 58 0 8 0.0370489545166
43 55 0 8 0.0370436795056
53 61 0 8 0.0370064899325
22 29 0 8 0.0369383171201
9 26 0 8 0.0368863940239
3 46 0 8 0.0368782542646
19 29 0 8 0.0367227755487
13 51 0 8 0.0365634337068
5 49 0 8 0.0365334711969
14 58 0 8 0.0365191102028
12 42 0 8 0.03649777174
22 67 0 8 0.0362772196531
48 59 0 8 0.0362684056163
3 40 0 8 0.0362651571631
4 13 0 8 0.0362096764147
9 65 0 8 0.0361675433815
25 53 0 8 0.0359551459551
8 37 0 8 0.0358644351363
23 30 0 8 0.0358382984996
39 56 0 8 0.0357070975006
14 45 0 8 0.035639654845
5 51 0 8 0.0355728268623
27 52 0 8 0.0355406701565
14 30 0 8 0.0355353988707
1 13 0 8 0.0355047956109
7 61 0 8 0.0354931950569
3 56 0 8 0.0354742705822
5 14 0 8 0.0354250669479
4 16 0 8 0.0353614836931
36 70 0 8 0.0353408902884
9 54 0 8 0.0352139808238
43 54 0 8 0.0351746454835
9 21 0 8 0.035138361156
11 57 0 8 0.0351215936244
38 45 0 8 0.0350455418229
16 65 0 8 0.0350390411913
36 69 0 8 0.0348157249391
11 66 0 8 0.034772310406
14 21 0 8 0.0347567126155
38 65 0 8 0.034752599895
1 12 0 8 0.034732028842
43 62 0 8 0.0347033627331
12 60 0 8 0.0346535146236
30 61 0 8 0.0346472486854
4 66 0 8 0.0346275009215
20 66 0 8 0.03457275033
46 64 0 8 0.0345557071269
40 67 0 8 0.0344763100147
17 62 0 8 0.0344464369118
45 65 0 8 0.0344069041312
29 53 0 8 0.0343772992492
31 67 0 8 0.0343668758869
13 57 0 8 0.0342428982258
7 58 0 8 0.0342126339674
19 30 0 8 0.0342063158751
20 48 0 8 0.0341765396297
7 62 0 8 0.034157667309
27 60 0 8 0.0340599678457
6 51 0 8 0.0339911654592
9 60 0 8 0.0339872799814
13 56 0 8 0.0339766591787
5 62 0 8 0.033969014883
19 26 0 8 0.033935200423
21 32 0 8 0.0338784530759
46 60 0 8 0.0338492207229
45 61 0 8 0.0337926186621
6 12 0 8 0.0337826870382
23 64 0 8 0.0337578989565
37 45 0 8 0.0337177477777
30 46 0 8 0.0336944870651
25 67 0 8 0.0336775667965
3 38 0 8 0.0336460247636
13 54 0 8 0.033564016223
12 67 0 8 0.0335254520178
7 65 0 8 0.0333825200796
14 56 0 8 0.0333758927882
30 67 0 8 0.0333046168089
27 41 0 8 0.033182553947
15 44 0 8 0.0331457816064
9 20 0 8 0.0331449024379
13 52 0 8 0.0331161357462
46 67 0 8 0.0330947041512
47 64 0 8 0.0330483205616
57 62 0 8 0.0330463312566
23 45 0 8 0.0330279991031
29 50 0 8 0.0330129563808
11 47 0 8 0.0329837091267
20 30 0 8 0.0329407863319
9 18 0 8 0.0329193770885
45 60 0 8 0.0329013615847
24 69 0 8 0.0328873321414
52 67 0 8 0.0328294150531
44 60 0 8 0.032783087343
21 48 0 8 0.0327565036714
12 58 0 8 0.0327274762094
27 67 0 8 0.0326900854707
11 52 0 8 0.0326620489359
7 32 0 8 0.0326088666916
2 10 0 8 0.0325190573931
13 26 0 8 0.0323899649084
7 51 0 8 0.0323789454997
29 61 0 8 0.0321795754135
35 47 0 8 0.0321569368243
44 61 0 8 0.0321489460766
2 9 0 8 0.0320552177727
6 46 0 8 0.0318747349083
13 21 0 8 0.0318665280938
49 62 0 8 0.0318308807909
26 38 0 8 0.0316196233034
6 60 0 8 0.0315666086972
14 52 0 8 0.0315408967435
4 61 0 8 0.031407635659
53 67 0 8 0.0312302522361
7 28 0 8 0.0312219392508
37 65 0 8 0.0312008727342
20 32 0 8 0.0311936326325
9 37 0 8 0.0311879254878
9 39 0 8 0.0311414264143
23 50 0 8 0.0309424195439
14 62 0 8 0.0309290830046
50 60 0 8 0.0309113431722
26 55 0 8 0.0309075023979
28 37 0 8 0.030903596431
14 67 0 8 0.0308746285737
11 54 0 8 0.0308381859213
5 16 0 8 0.0308042578399
9 17 0 8 0.0307208094746
7 19 0 8 0.0306870210916
26 48 0 8 0.030668174848
43 49 0 8 0.0306493267417
11 40 0 8 0.0305530335754
51 65 0 8 0.0303767118603
3 55 0 8 0.0302727594972
27 38 0 8 0.0301982164383
37 43 0 8 0.0301925744861
7 57 0 8 0.0300957858562
4 32 0 8 0.0300910044461
3 54 0 8 0.0300587695092
27 65 0 8 0.030057227239
20 46 0 8 0.0300088599324
49 67 0 8 0.0299564357847
45 64 0 8 0.0299522671849
7 17 0 8 0.0298925563693
7 49 0 8 0.0298893339932
35 48 0 8 0.0298524405807
21 60 0 8 0.0298046525568
38 44 0 8 0.0298034604639
14 46 0 8 0.0297922194004
55 63 0 8 0.0297589022666
14 47 0 8 0.0297034755349
43 57 0 8 0.0296887177974
29 65 0 8 0.0296053420752
46 61 0 8 0.0295205824077
42 65 0 8 0.029458494857
6 15 0 8 0.0293755754828
33 70 0 8 0.0292839966714
48 67 0 8 0.0291977226734
26 56 0 8 0.0291795283556
54 66 0 8 0.0291421879083
26 50 0 8 0.0291263014078
15 65 0 8 0.0290377121419
13 61 0 8 0.0290307570249
51 67 0 8 0.0288916230202
9 44 0 8 0.0288833286613
14 59 0 8 0.0288763139397
3 17 0 8 0.0288212150335
11 48 0 8 0.0288120452315
43 64 0 8 0.0287603624165
51 62 0 8 0.0287204552442
33 39 0 8 0.028715794906
10 42 0 8 0.0287034362555
47 65 0 8 0.028697129339
20 47 0 8 0.02869473584
7 36 0 8 0.0286804996431
9 56 0 8 0.0286579262465
33 69 0 8 0.0286524631083
13 20 0 8 0.0285756774247
11 61 0 8 0.0285464450717
3 47 0 8 0.0285026375204
1 17 0 8 0.0283841229975
6 57 0 8 0.0283248201013
30 39 0 8 0.0281802415848
7 14 0 8 0.0281282868236
1 16 0 8 0.0281206574291
23 53 0 8 0.0281044561416
30 45 0 8 0.0279803201556
3 20 0 8 0.0278801210225
6 16 0 8 0.0278685316443
3 26 0 8 0.0277822110802
29 51 0 8 0.027765924111
21 67 0 8 0.0277154445648
3 25 0 8 0.0276682246476
26 49 0 8 0.0276514627039
27 49 0 8 0.0275910776109
37 67 0 8 0.0275447126478
4 14 0 8 0.0274662338197
2 46 0 8 0.0274302978069
7 29 0 8 0.0274117123336
2 12 0 8 0.0274102576077
17 67 0 8 0.0273920465261
9 22 0 8 0.0273822546005
14 57 0 8 0.0273663401604
3 21 0 8 0.027345854789
42 64 0 8 0.027336249128
43 50 0 8 0.0270860102028
19 43 0 8 0.0270651448518
19 65 0 8 0.0270224865526
21 42 0 8 0.0269292294979
20 43 0 8 0.0269292034209
6 18 0 8 0.026863316074
30 41 0 8 0.0268612522632
3 23 0 8 0.0268452595919
6 52 0 8 0.026801276952
21 47 0 8 0.0267729647458
28 67 0 8 0.0266945045441
4 33 0 8 0.0266220569611
6 29 0 8 0.0266187638044
6 13 0 8 0.0265796687454
9 40 0 8 0.0265145320445
6 28 0 8 0.026431536302
37 69 0 8 0.0263263937086
6 62 0 8 0.0262496210635
5 34 0 8 0.0262249689549
6 34 0 8 0.0261863525957
20 42 0 8 0.0261470451951
29 34 0 8 0.0261182058603
14 49 0 8 0.0260778646916
37 70 0 8 0.0260334983468
19 61 0 8 0.026015676558
30 48 0 8 0.0259854625911
7 16 0 8 0.0259489174932
4 15 0 8 0.0259355735034
3 41 0 8 0.0259132683277
6 61 0 8 0.0258082132787
1 15 0 8 0.0257361829281
23 47 0 8 0.0256327949464
7 54 0 8 0.0256018731743
41 69 0 8 0.0255937092006
48 62 0 8 0.0254818797112
5 27 0 8 0.0254733022302
10 43 0 8 0.0254035331309
6 58 0 8 0.0253241192549
13 29 0 8 0.0252959337085
23 39 0 8 0.0252604596317
6 59 0 8 0.0252501051873
14 53 0 8 0.0252414047718
3 69 0 8 0.0251976568252
44 67 0 8 0.0251353289932
35 44 0 8 0.0251104999334
8 42 0 8 0.0250793285668
4 37 0 8 0.0250742211938
11 56 0 8 0.0248885937035
36 71 0 8 0.0248313117772
28 43 0 8 0.0247806254774
5 20 0 8 0.0247338265181
7 47 0 8 0.0247197579592
26 61 0 8 0.0246999412775
39 61 0 8 0.0245428290218
3 52 0 8 0.0245097912848
13 59 0 8 0.0244529657066
7 18 0 8 0.0244236923754
22 48 0 8 0.0244057253003
27 37 0 8 0.024404771626
39 60 0 8 0.0243446044624
9 23 0 8 0.0243237279356
9 67 0 8 0.0243107620627
34 69 0 8 0.0242911353707
21 30 0 8 0.0242644846439
25 65 0 8 0.0242278371006
12 48 0 8 0.0242248214781
42 67 0 8 0.0242156870663
48 57 0 8 0.024180514738
23 66 0 8 0.0241677798331
43 51 0 8 0.0240455400199
14 48 0 8 0.0240189787
4 46 0 8 0.0240075401962
23 54 0 8 0.0239820182323
6 25 0 8 0.0239786803722
32 43 0 8 0.0239532142878
5 36 0 8 0.0236844308674
6 54 0 8 0.0235787294805
51 60 0 8 0.0234940983355
5 52 0 8 0.0234564188868
5 22 0 8 0.023418026045
1 70 0 8 0.0234169512987
5 13 0 8 0.023380998522
14 60 0 8 0.0233698952943
25 39 0 8 0.0233632419258
6 17 0 8 0.0233316477388
36 72 0 8 0.0233197603375
5 35 0 8 0.0233113653958
48 58 0 8 0.0232778917998
48 65 0 8 0.0232648476958
22 47 0 8 0.0232592783868
6 24 0 8 0.0232042241842
4 58 0 8 0.0231740791351
7 56 0 8 0.0231376383454
4 21 0 8 0.0230909567326
30 47 0 8 0.0230348166078
38 67 0 8 0.0230327993631
4 36 0 8 0.0228435471654
1 14 0 8 0.0228115990758
15 43 0 8 0.0227955915034
21 61 0 8 0.022794354707
6 56 0 8 0.0227530319244
26 53 0 8 0.0227405298501
5 26 0 8 0.0226452890784
6 45 0 8 0.0224847253412
5 39 0 8 0.0224715452641
9 50 0 8 0.0224169753492
28 49 0 8 0.0224145203829
39 65 0 8 0.0223675295711
5 50 0 8 0.0223249942064
3 70 0 8 0.0223234333098
6 19 0 8 0.0223193112761
28 48 0 8 0.0223051123321
4 64 0 8 0.0222550984472
27 35 0 8 0.0222269780934
4 39 0 8 0.0222104750574
7 15 0 8 0.0220651403069
14 61 0 8 0.0220481175929
5 18 0 8 0.0219920184463
2 14 0 8 0.0219865906984
13 45 0 8 0.0219629574567
59 66 0 8 0.0219455007464
29 41 0 8 0.0219446495175
7 22 0 8 0.0219197273254
24 70 0 8 0.0219174232334
5 42 0 8 0.0218955297023
5 28 0 8 0.0218570325524
24 42 0 8 0.0218534842134
7 67 0 8 0.021838221699
28 35 0 8 0.0218322314322
21 65 0 8 0.021818600595
2 17 0 8 0.0218123532832
53 65 0 8 0.0217909682542
28 36 0 8 0.0217691604048
12 61 0 8 0.0217407308519
4 63 0 8 0.0217255037278
3 45 0 8 0.0216874107718
17 43 0 8 0.0216823779047
2 66 0 8 0.0216631088406
29 67 0 8 0.0216558780521
33 68 0 8 0.0215919502079
4 67 0 8 0.0215658340603
7 23 0 8 0.0215409621596
4 65 0 8 0.0214830525219
1 47 0 8 0.0214819386601
1 63 0 8 0.0214735921472
13 55 0 8 0.0214511193335
23 58 0 8 0.0214097909629
6 22 0 8 0.0213806070387
23 62 0 8 0.0213576424867
18 69 0 8 0.0213405322284
1 61 0 8 0.0212889071554
35 70 0 8 0.021284038201
20 52 0 8 0.021264763549
5 37 0 8 0.0212606247514
19 42 0 8 0.021260112524
1 62 0 8 0.0212600231171
5 64 0 8 0.0212541073561
1 18 0 8 0.0212527867407
12 43 0 8 0.0212367232889
5 17 0 8 0.0212273802608
1 67 0 8 0.0211716592312
5 25 0 8 0.021148417145
47 60 0 8 0.0210922583938
23 63 0 8 0.0210886597633
20 64 0 8 0.0210525486618
28 39 0 8 0.0210406072438
11 60 0 8 0.0210379790515
7 20 0 8 0.0210075564682
17 42 0 8 0.020974656567
6 36 0 8 0.0209696926177
35 69 0 8 0.0209610313177
4 28 0 8 0.0209370646626
4 18 0 8 0.0209276843816
14 44 0 8 0.020900124684
13 46 0 8 0.0208753254265
7 25 0 8 0.0208673365414
34 70 0 8 0.0208639204502
7 24 0 8 0.0208387747407
29 37 0 8 0.020837828517
43 67 0 8 0.020822532475
13 49 0 8 0.0207607783377
4 20 0 8 0.0207532420754
19 64 0 8 0.0207505971193
30 60 0 8 0.0207439474761
14 64 0 8 0.0207220222801
6 27 0 8 0.0207158308476
5 47 0 8 0.0206889566034
3 68 0 8 0.0206417478621
6 37 0 8 0.0206069760025
43 65 0 8 0.0205930024385
6 39 0 8 0.020580239594
11 43 0 8 0.0205768868327
52 63 0 8 0.0204818043858
42 62 0 8 0.0204075295478
21 64 0 8 0.0204006619751
30 37 0 8 0.0203975923359
4 17 0 8 0.0203950293362
5 21 0 8 0.0203653816134
13 60 0 8 0.0203575324267
7 35 0 8 0.0203334558755
34 43 0 8 0.0203159190714
26 67 0 8 0.0203099120408
2 67 0 8 0.0203048735857
6 14 0 8 0.0202951934189
1 66 0 8 0.0202700216323
11 64 0 8 0.0202253498137
41 70 0 8 0.0201968178153
47 61 0 8 0.0201936587691
5 24 0 8 0.0201661791652
27 36 0 8 0.0201359651983
6 53 0 8 0.0201331041753
43 60 0 8 0.0200969111174
25 40 0 8 0.0200866740197
31 40 0 8 0.0200632847846
4 27 0 8 0.0200608745217
4 24 0 8 0.0200430639088
27 48 0 8 0.0200251117349
4 60 0 8 0.0200231410563
1 30 0 8 0.0200134124607
30 70 0 8 0.0200108271092
3 42 0 8 0.0199972074479
2 37 0 8 0.0199723336846
17 61 0 8 0.0199597980827
33 44 0 8 0.0199400987476
4 38 0 8 0.0199398174882
40 69 0 8 0.01993550919
12 44 0 8 0.0199354961514
1 36 0 8 0.0198924671859
5 61 0 8 0.0198897514492
2 13 0 8 0.019857974723
6 35 0 8 0.019841760397
4 22 0 8 0.0197906978428
49 60 0 8 0.0197669025511
44 64 0 8 0.019742032513
7 48 0 8 0.0196970961988
20 60 0 8 0.0196934845299
9 38 0 8 0.0196647364646
15 69 0 8 0.0196612812579
27 69 0 8 0.0196531508118
4 57 0 8 0.0196287073195
32 69 0 8 0.019623696804
23 48 0 8 0.0195979308337
2 47 0 8 0.0195756834
7 40 0 8 0.0195738449693
11 65 0 8 0.0195431448519
52 64 0 8 0.0195381343365
39 67 0 8 0.0195239949971
5 54 0 8 0.019474549219
4 35 0 8 0.0194616243243
5 38 0 8 0.0194602645934
1 37 0 8 0.0194601416588
7 44 0 8 0.0194223448634
38 69 0 8 0.019420588389
18 70 0 8 0.0193975232542
20 67 0 8 0.0193803254515
42 69 0 8 0.019356040284
6 21 0 8 0.0193050354719
4 34 0 8 0.0192707199603
1 46 0 8 0.0192671865225
2 61 0 8 0.0192660856992
5 19 0 8 0.0192641057074
26 60 0 8 0.0192525275052
42 60 0 8 0.0192468836904
9 42 0 8 0.0192312765867
41 68 0 8 0.0192198678851
26 59 0 8 0.0192189831287
3 48 0 8 0.0192076303065
36 43 0 8 0.0192048046738
30 36 0 8 0.0191806182265
7 37 0 8 0.0191747955978
28 42 0 8 0.0191311035305
33 72 0 8 0.0191296730191
26 66 0 8 0.0191026609391
3 53 0 8 0.019098142162
5 23 0 8 0.0190954357386
4 19 0 8 0.0190527886152
5 59 0 8 0.0190416797996
28 70 0 8 0.0190284270793
4 50 0 8 0.0190250445157
40 70 0 8 0.0189857091755
20 61 0 8 0.0189829673618
7 50 0 8 0.0189659036696
28 40 0 8 0.0189070049673
4 29 0 8 0.0189056862146
1 31 0 8 0.0188983548433
8 43 0 8 0.0188869889826
6 63 0 8 0.0188656654209
31 39 0 8 0.0188053995371
47 67 0 8 0.0187896154821
1 25 0 8 0.0187729988247
4 48 0 8 0.0187212284654
23 59 0 8 0.0186935495585
30 72 0 8 0.0186812039465
26 42 0 8 0.0186465792358
23 57 0 8 0.0186380594969
22 69 0 8 0.0186375323683
1 69 0 8 0.0186245217919
5 57 0 8 0.018591048196
42 61 0 8 0.0185909736902
1 35 0 8 0.0185373406857
27 70 0 8 0.0184984710068
2 69 0 8 0.0184888821095
26 64 0 8 0.0184833779931
1 72 0 8 0.0184790194035
3 19 0 8 0.018383288756
9 43 0 8 0.0183385591954
1 29 0 8 0.0183291230351
2 62 0 8 0.0183073356748
7 26 0 8 0.0182900838554
1 22 0 8 0.0182847157121
1 23 0 8 0.0182693563402
24 68 0 8 0.0182508509606
5 63 0 8 0.0182464849204
46 69 0 8 0.0182457733899
2 23 0 8 0.0182354655117
2 35 0 8 0.0181958246976
31 69 0 8 0.0181825105101
35 71 0 8 0.0181793961674
14 42 0 8 0.0181729029864
7 41 0 8 0.0181624498218
17 70 0 8 0.0181397814304
5 67 0 8 0.01813611947
2 48 0 8 0.0181249696761
35 72 0 8 0.018101433292
31 70 0 8 0.0180907789618
26 41 0 8 0.0180887337774
34 44 0 8 0.0179726872593
2 65 0 8 0.0179465580732
31 37 0 8 0.0179417859763
20 65 0 8 0.0179287008941
54 61 0 8 0.0179277006537
4 25 0 8 0.0178923159838
9 64 0 8 0.0178865604103
2 70 0 8 0.0178720485419
4 45 0 8 0.0178106203675
6 47 0 8 0.0177831295878
14 65 0 8 0.0177810471505
1 64 0 8 0.0177751947194
30 69 0 8 0.0177663378417
32 70 0 8 0.0177656058222
21 70 0 8 0.0177651569247
1 71 0 8 0.0177598334849
13 42 0 8 0.017756074667
2 16 0 8 0.0177396964282
4 51 0 8 0.0177337992936
4 26 0 8 0.0177072975785
12 65 0 8 0.0177037138492
55 62 0 8 0.0176903363317
2 15 0 8 0.0176896639168
2 24 0 8 0.017687857151
33 43 0 8 0.0176261421293
23 67 0 8 0.017614858225
6 23 0 8 0.0175981633365
10 69 0 8 0.0175952389836
1 20 0 8 0.0175861828029
15 70 0 8 0.0175795909017
1 19 0 8 0.0175688061863
59 64 0 8 0.0175524204969
6 64 0 8 0.0175492297858
1 28 0 8 0.0174981988966
6 20 0 8 0.0174881778657
3 49 0 8 0.0174873638898
37 71 0 8 0.0174621175975
2 21 0 8 0.0174515824765
7 42 0 8 0.0174122564495
11 42 0 8 0.0174106489867
36 68 0 8 0.0174054373056
2 18 0 8 0.0173947252333
5 40 0 8 0.0173871796578
64 71 0 8 0.0173723101616
45 67 0 8 0.017348183319
15 68 0 8 0.0173330400139
4 56 0 8 0.017305219546
10 70 0 8 0.0173045620322
2 36 0 8 0.0172813460231
17 65 0 8 0.0172384642065
8 70 0 8 0.0172256715596
2 32 0 8 0.017221281305
4 70 0 8 0.0172171574086
23 65 0 8 0.0172164551914
18 68 0 8 0.0172020103782
5 43 0 8 0.0171895455569
31 42 0 8 0.0171625316143
17 69 0 8 0.0171448606998
38 70 0 8 0.0171143375337
1 33 0 8 0.0170681010932
37 72 0 8 0.0170624796301
34 68 0 8 0.0170450303704
31 68 0 8 0.017044197768
7 38 0 8 0.0170432869345
21 69 0 8 0.0170341283083
52 60 0 8 0.0170241426677
2 33 0 8 0.0169896502048
42 68 0 8 0.0169780030847
3 51 0 8 0.0169561542571
1 21 0 8 0.016869103536
49 65 0 8 0.0168393235654
7 64 0 8 0.016823021695
1 38 0 8 0.0168142374605
13 65 0 8 0.0167923532426
24 43 0 8 0.0167823508382
4 47 0 8 0.0167807694525
7 39 0 8 0.0167784485966
3 44 0 8 0.0167711172253
8 69 0 8 0.0167693030089
7 63 0 8 0.0167615357786
44 69 0 8 0.0167610943317
2 27 0 8 0.0167561080307
2 40 0 8 0.0167547482997
14 43 0 8 0.016724711284
22 43 0 8 0.0167145449668
4 54 0 8 0.0167062617838
33 71 0 8 0.0166995022446
29 39 0 8 0.0166681353003
5 56 0 8 0.0166661180556
5 45 0 8 0.0166579149663
1 32 0 8 0.0165705271065
1 65 0 8 0.0164479129016
47 70 0 8 0.0164294559509
51 64 0 8 0.0164176411927
13 48 0 8 0.0164119824767
22 44 0 8 0.0164061710238
29 46 0 8 0.0163912270218
34 71 0 8 0.0163873750716
32 68 0 8 0.0163632910699
13 44 0 8 0.0163615252823
5 60 0 8 0.0163550339639
3 43 0 8 0.0163096766919
4 40 0 8 0.0163034182042
26 52 0 8 0.0162685904652
6 40 0 8 0.0162675231695
2 28 0 8 0.016236256808
7 55 0 8 0.0162284839898
1 68 0 8 0.0162169318646
50 69 0 8 0.0162019375712
29 35 0 8 0.0161975827068
34 72 0 8 0.016115533188
27 72 0 8 0.0160954948515
2 34 0 8 0.0160839539021
6 42 0 8 0.0160803608596
6 67 0 8 0.0160237122327
46 70 0 8 0.0160192158073
6 50 0 8 0.0159488432109
52 61 0 8 0.0159271173179
2 56 0 8 0.0159049592912
1 60 0 8 0.0158963184804
22 70 0 8 0.0158873982728
2 58 0 8 0.0158762708306
3 71 0 8 0.0158655531704
60 65 0 8 0.0158620625734
2 29 0 8 0.0158591382205
29 70 0 8 0.0158476289362
14 69 0 8 0.0158207602799
1 48 0 8 0.0157343037426
6 44 0 8 0.0157254952937
2 19 0 8 0.0157172773033
2 31 0 8 0.0157165527344
39 69 0 8 0.0156919192523
1 34 0 8 0.0156733933836
2 54 0 8 0.0156598985195
49 64 0 8 0.0156440101564
6 26 0 8 0.0156172811985
28 69 0 8 0.0155980857089
43 68 0 8 0.0155686363578
49 61 0 8 0.0155557347462
1 26 0 8 0.0155427865684
2 57 0 8 0.0155422613025
2 30 0 8 0.0155089395121
20 70 0 8 0.0155051471666
39 70 0 8 0.0155037855729
64 72 0 8 0.0155018214136
63 70 0 8 0.0155008323491
24 71 0 8 0.0154625736177
1 57 0 8 0.0154310707003
26 45 0 8 0.0153617132455
65 72 0 8 0.015356852673
4 23 0 8 0.0153453778476
1 27 0 8 0.0153421219438
6 38 0 8 0.0153417252004
43 61 0 8 0.0153393847868
13 47 0 8 0.0153010953218
50 68 0 8 0.0153010366485
14 70 0 8 0.0152967553586
2 49 0 8 0.0152827706188
2 64 0 8 0.0152785666287
1 55 0 8 0.0151884071529
31 72 0 8 0.0151785099879
54 63 0 8 0.0151678575203
4 69 0 8 0.0151386391371
2 26 0 8 0.0151344742626
4 52 0 8 0.0151292933151
1 58 0 8 0.0150970835239
4 42 0 8 0.0150961410254
27 71 0 8 0.015092660673
1 24 0 8 0.0150648932904
21 68 0 8 0.0150604434311
17 72 0 8 0.015026345849
23 70 0 8 0.0149855660275
30 42 0 8 0.014958976768
1 56 0 8 0.0149493115023
2 72 0 8 0.0149404946715
18 72 0 8 0.0149315008894
51 61 0 8 0.0148996012285
6 41 0 8 0.0148943113163
35 68 0 8 0.0148942274973
5 46 0 8 0.0148768369108
16 70 0 8 0.0148347495124
1 59 0 8 0.014833948575
10 68 0 8 0.0148318083957
47 68 0 8 0.0148131614551
30 71 0 8 0.0148114915937
12 70 0 8 0.0148062529042
50 70 0 8 0.0148021290079
2 71 0 8 0.0147962132469
11 70 0 8 0.0147737013176
30 68 0 8 0.0147148845717
2 20 0 8 0.0146952290088
2 42 0 8 0.0146361002699
5 55 0 8 0.0146216396242
2 68 0 8 0.0146088935435
38 71 0 8 0.0146037805825
2 45 0 8 0.0146013647318
48 61 0 8 0.0145558593795
17 71 0 8 0.0145363919437
25 44 0 8 0.0145181100816
13 43 0 8 0.0145172439516
46 68 0 8 0.0145119037479
1 42 0 8 0.0145083777606
27 68 0 8 0.0144929504022
13 64 0 8 0.0144561249763
52 62 0 8 0.0144258635119
58 66 0 8 0.0144063849002
4 53 0 8 0.0144046992064
2 39 0 8 0.0143954213709
23 69 0 8 0.0143933650106
1 53 0 8 0.0143837481737
29 69 0 8 0.0143728358671
1 39 0 8 0.0143679725006
40 71 0 8 0.0143378730863
26 54 0 8 0.0142885008827
35 43 0 8 0.0142703047022
40 68 0 8 0.0142333470285
5 68 0 8 0.014200180769
1 45 0 8 0.0141978375614
16 69 0 8 0.0141920326278
2 38 0 8 0.0141244791448
29 72 0 8 0.0141181461513
29 52 0 8 0.0140815628693
48 60 0 8 0.0140531184152
26 37 0 8 0.0140325725079
31 71 0 8 0.0140314837918
29 49 0 8 0.0140210716054
23 61 0 8 0.014015423134
1 51 0 8 0.01401126571
29 42 0 8 0.0140057401732
1 44 0 8 0.0139967147261
14 68 0 8 0.0139844994992
19 70 0 8 0.0139320418239
6 55 0 8 0.0139215784147
7 43 0 8 0.0139034055173
55 67 0 8 0.0139019861817
5 70 0 8 0.0138831082731
3 72 0 8 0.0138674098998
37 68 0 8 0.0138541078195
32 71 0 8 0.0138387288898
4 41 0 8 0.0138240028173
2 60 0 8 0.0138037232682
28 71 0 8 0.0137648293748
8 68 0 8 0.0137213710696
4 55 0 8 0.0137192998081
5 41 0 8 0.0137104047462
23 60 0 8 0.0136754242703
38 68 0 8 0.0136693594977
48 64 0 8 0.0136663960293
22 68 0 8 0.0136432573199
4 71 0 8 0.0136388232931
26 65 0 8 0.0136336609721
2 22 0 8 0.0136067224666
12 69 0 8 0.0135703813285
19 69 0 8 0.0135175930336
6 43 0 8 0.0135063361377
11 69 0 8 0.0134847080335
17 68 0 8 0.0134426914155
1 54 0 8 0.0134382834658
1 41 0 8 0.013416396454
2 25 0 8 0.0134122697636
1 49 0 8 0.0133937941864
43 70 0 8 0.0133529864252
39 72 0 8 0.0133337955922
15 71 0 8 0.01333323773
1 52 0 8 0.0133297564462
16 68 0 8 0.0133139677346
29 47 0 8 0.0133107742295
9 70 0 8 0.0132729327306
8 71 0 8 0.0132455695421
2 63 0 8 0.0132391015068
13 69 0 8 0.0132113350555
45 69 0 8 0.0131966844201
18 71 0 8 0.0131568908691
48 70 0 8 0.0131561793387
21 71 0 8 0.0131554109976
25 43 0 8 0.0131477061659
2 55 0 8 0.0131462644786
53 64 0 8 0.01312767528
13 70 0 8 0.0131273297593
12 71 0 8 0.0131152467802
39 71 0 8 0.0130969164893
32 72 0 8 0.0130891213194
20 69 0 8 0.0130809014663
44 70 0 8 0.0130514232442
7 60 0 8 0.0130475908518
6 72 0 8 0.0130397947505
10 71 0 8 0.013019987382
29 71 0 8 0.0130125936121
27 40 0 8 0.0130113260821
44 68 0 8 0.013008993119
38 72 0 8 0.0130035029724
63 69 0 8 0.0130015630275
26 39 0 8 0.0129068819806
26 72 0 8 0.0129035720602
5 53 0 8 0.0128884091973
29 36 0 8 0.0128640141338
6 70 0 8 0.0128639955074
47 69 0 8 0.0128579176962
60 66 0 8 0.0128204422072
5 48 0 8 0.0128182210028
39 68 0 8 0.012816760689
4 49 0 8 0.0128046823665
4 68 0 8 0.012802856043
28 72 0 8 0.0127770686522
10 72 0 8 0.0127598308027
23 68 0 8 0.0127579504624
2 44 0 8 0.012703711167
26 70 0 8 0.0126987369731
1 43 0 8 0.0126986345276
2 52 0 8 0.0126870544627
11 71 0 8 0.0126789873466
21 72 0 8 0.0126555496827
2 51 0 8 0.0126147838309
29 40 0 8 0.0125474547967
12 68 0 8 0.0124778021127
6 68 0 8 0.0124751292169
29 68 0 8 0.0123717179522
25 70 0 8 0.0123353330418
43 69 0 8 0.0122952898964
8 72 0 8 0.0122906463221
28 68 0 8 0.0122803878039
2 43 0 8 0.0122565058991
55 61 0 8 0.0122554320842
24 72 0 8 0.0122154718265
45 70 0 8 0.0121969534084
42 70 0 8 0.0121730249375
4 44 0 8 0.0121707897633
26 44 0 8 0.0121502038091
49 70 0 8 0.0121327256784
15 72 0 8 0.0121168978512
4 59 0 8 0.0121034411713
2 53 0 8 0.0120929721743
6 69 0 8 0.0120247183368
48 69 0 8 0.0120181031525
11 68 0 8 0.012001497671
20 71 0 8 0.011955216527
19 68 0 8 0.0119500756264
7 70 0 8 0.0119209624827
47 71 0 8 0.011887001805
25 69 0 8 0.0118745472282
5 71 0 8 0.0118548180908
11 72 0 8 0.011820865795
9 69 0 8 0.0117749515921
48 71 0 8 0.0117562785745
26 40 0 8 0.0117506347597
56 62 0 8 0.0117354830727
20 72 0 8 0.0117294350639
12 72 0 8 0.0117286769673
7 71 0 8 0.0116700585932
26 69 0 8 0.0116379288957
49 69 0 8 0.0116246351972
4 43 0 8 0.0115837762132
20 68 0 8 0.0115682967007
52 65 0 8 0.0114746531472
7 72 0 8 0.0114378565922
19 72 0 8 0.0114223603159
40 72 0 8 0.0114077562466
51 70 0 8 0.0113284196705
1 40 0 8 0.0113231614232
6 71 0 8 0.0112685281783
14 72 0 8 0.0111943073571
5 69 0 8 0.0111640403047
13 72 0 8 0.011070384644
46 71 0 8 0.0110249975696
13 68 0 8 0.0110188070685
48 68 0 8 0.0109697170556
19 71 0 8 0.0109694488347
62 68 0 8 0.0109536554664
7 59 0 8 0.0109260622412
9 71 0 8 0.010889978148
49 68 0 8 0.0108093591407
23 72 0 8 0.0108009651303
63 71 0 8 0.0107996659353
23 71 0 8 0.0107703125104
51 69 0 8 0.0107676004991
23 42 0 8 0.0107580758631
25 68 0 8 0.0107381613925
27 42 0 8 0.0105998730287
41 71 0 8 0.0105793643743
14 71 0 8 0.0105756167322
25 42 0 8 0.0105536058545
9 72 0 8 0.0105308545753
5 72 0 8 0.0104772597551
26 71 0 8 0.010476058349
5 44 0 8 0.0104516381398
4 72 0 8 0.0104493154213
22 71 0 8 0.0104287499562
13 71 0 8 0.0104280170053
16 72 0 8 0.0103160180151
45 68 0 8 0.0102866506204
16 71 0 8 0.0101382751018
1 50 0 8 0.0101015381515
7 69 0 8 0.0100780436769
2 50 0 8 0.00990835949779
29 48 0 8 0.00989129021764
42 71 0 8 0.00981922354549
23 44 0 8 0.00981597509235
2 41 0 8 0.00969210546464
7 68 0 8 0.00962787680328
41 72 0 8 0.00944643560797
22 72 0 8 0.00943669117987
52 70 0 8 0.00907832663506
25 72 0 8 0.00899897515774
50 71 0 8 0.00895801559091
59 65 0 8 0.00886343885213
9 68 0 8 0.00881767459214
23 43 0 8 0.00870605744421
47 72 0 8 0.00863653142005
44 71 0 8 0.0086076464504
55 66 0 8 0.00852030515671
48 72 0 8 0.00849566794932
56 63 0 8 0.00839008763433
42 72 0 8 0.00833597499877
26 68 0 8 0.008271089755
57 63 0 8 0.00809228699654
25 71 0 8 0.00801805220544
61 67 0 8 0.00795291177928
51 68 0 8 0.00794429704547
44 72 0 8 0.00793876405805
55 64 0 8 0.00790154840797
45 71 0 8 0.00784080382437
61 70 0 8 0.00776766985655
46 72 0 8 0.0077207069844
43 71 0 8 0.00718980142847
2 59 0 8 0.00709873344749
52 69 0 8 0.00689403712749
63 72 0 8 0.00687534920871
56 66 0 8 0.00678967451677
43 72 0 8 0.00661288620904
62 70 0 8 0.0065766335465
49 72 0 8 0.00655834702775
26 43 0 8 0.00639550434425
54 64 0 8 0.00634094048291
56 70 0 8 0.00622024340555
57 66 0 8 0.00608109496534
45 72 0 8 0.00591046968475
58 64 0 8 0.00584539491683
54 65 0 8 0.00583014404401
49 71 0 8 0.00580479390919
50 72 0 8 0.00550406659022
60 67 0 8 0.00545750884339
54 70 0 8 0.00531167397276
54 67 0 8 0.00527750281617
52 68 0 8 0.00526571040973
60 70 0 8 0.0052094371058
62 71 0 8 0.00510334968567
52 71 0 8 0.00477290898561
51 71 0 8 0.0047723907046
62 72 0 8 0.00464881770313
60 71 0 8 0.00463506067172
56 64 0 8 0.00457554683089
62 69 0 8 0.00439357711002
56 71 0 8 0.00432832585648
61 68 0 8 0.00429923273623
55 70 0 8 0.0042679910548
58 65 0 8 0.00410396745428
51 72 0 8 0.00405868748203
59 70 0 8 0.00399144226685
61 69 0 8 0.00383410765789
60 69 0 8 0.00376201490872
58 67 0 8 0.00376053736545
57 71 0 8 0.00371337262914
58 70 0 8 0.00368969282135
56 67 0 8 0.00364719610661
57 67 0 8 0.00349008128978
57 70 0 8 0.00347897596657
59 67 0 8 0.00345078716055
56 72 0 8 0.00342978490517
55 65 0 8 0.00341735198162
54 69 0 8 0.00336554879323
56 65 0 8 0.00335354241543
57 64 0 8 0.00333994370885
54 71 0 8 0.00333227147348
60 72 0 8 0.00333049031906
54 68 0 8 0.00332943978719
61 72 0 8 0.00330556742847
53 68 0 8 0.00323008117266
53 70 0 8 0.00317488983274
57 65 0 8 0.0031629812438
61 71 0 8 0.00315397046506
55 69 0 8 0.00305527099408
55 71 0 8 0.00295681459829
53 69 0 8 0.00291092530824
57 68 0 8 0.00285204173997
57 72 0 8 0.00262226653285
56 69 0 8 0.00257829087786
58 71 0 8 0.00245148479007
52 72 0 8 0.0023947104346
58 69 0 8 0.00236838520505
57 69 0 8 0.00230876659043
54 72 0 8 0.00229431805201
53 71 0 8 0.00216235080734
59 68 0 8 0.00207180459984
58 72 0 8 0.00206352607347
58 68 0 8 0.00204667332582
60 68 0 8 0.00199382053688
55 68 0 8 0.00191117613576
55 72 0 8 0.00190996320453
56 68 0 8 0.00144728471059
59 71 0 8 0.00140279287007
59 69 0 8 0.00137935532257
53 72 0 8 0.00131711026188
59 72 0 8 0.000914744392503
