68 69 0 8 0.999992609024
56 57 0 8 0.999991953373
6 7 0 8 0.999990940094
8 9 0 8 0.999988377094
7 8 0 8 0.999987721443
1 2 0 8 0.999987363815
54 55 0 8 0.999986052513
55 56 0 8 0.999974191189
38 39 0 8 0.999969124794
2 3 0 8 0.999966681004
58 59 0 8 0.999961078167
11 12 0 8 0.999953091145
3 4 0 8 0.999951064587
53 54 0 8 0.999949812889
67 68 0 8 0.999943137169
10 11 0 8 0.999938368797
13 14 0 8 0.999927818775
51 52 0 8 0.999911189079
5 6 0 8 0.999907255173
57 58 0 8 0.999906122684
37 38 0 8 0.999905228615
9 10 0 8 0.999904096127
59 60 0 8 0.999903321266
40 41 0 8 0.999894857407
60 61 0 8 0.999893128872
12 13 0 8 0.999872088432
32 33 0 8 0.99986833334
52 53 0 8 0.999865055084
50 51 0 8 0.999850451946
39 40 0 8 0.999845981598
15 16 0 8 0.999845445156
36 37 0 8 0.999829232693
27 28 0 8 0.999802827835
31 32 0 8 0.999793887138
26 27 0 8 0.999748826027
33 34 0 8 0.999740540981
48 49 0 8 0.999740302563
28 29 0 8 0.99973064661
29 30 0 8 0.999704360962
49 50 0 8 0.99965518713
16 17 0 8 0.999571740627
66 67 0 8 0.999569118023
63 64 0 8 0.999486327171
23 24 0 8 0.999485194683
25 26 0 8 0.999479830265
30 31 0 8 0.999468505383
20 21 0 8 0.999467134476
64 65 0 8 0.999453663826
17 18 0 8 0.999444305897
61 62 0 8 0.9994186759
34 35 0 8 0.99941277504
14 15 0 8 0.999362170696
35 36 0 8 0.999313831329
4 5 0 8 0.999208688736
47 48 0 8 0.999012470245
65 66 0 8 0.998915791512
62 63 0 8 0.998897314072
24 25 0 8 0.998696982861
18 19 0 8 0.998693168163
22 23 0 8 0.99838924408
41 42 0 8 0.998347580433
21 22 0 8 0.998189210892
52 54 0 8 0.99796640873
45 46 0 8 0.997385084629
19 20 0 8 0.997216284275
53 55 0 8 0.997178196907
46 47 0 8 0.99647217989
42 43 0 8 0.995436370373
51 53 0 8 0.995298504829
43 44 0 8 0.99526655674
50 52 0 8 0.994456171989
52 55 0 8 0.992857396603
53 56 0 8 0.990942776203
55 57 0 8 0.990030229092
54 57 0 8 0.989101946354
51 54 0 8 0.988279163837
54 56 0 8 0.987119674683
44 45 0 8 0.986143052578
50 53 0 8 0.985269844532
55 58 0 8 0.982638120651
9 11 0 8 0.979079186916
52 56 0 8 0.973434925079
51 55 0 8 0.969783961773
56 58 0 8 0.968040168285
53 57 0 8 0.967714250088
8 10 0 8 0.961125791073
8 11 0 8 0.959276497364
7 9 0 8 0.958882033825
10 12 0 8 0.957557618618
50 54 0 8 0.957380652428
54 58 0 8 0.955857753754
9 12 0 8 0.947335958481
60 62 0 8 0.942229986191
12 14 0 8 0.938799679279
57 59 0 8 0.938378810883
25 27 0 8 0.932489275932
11 13 0 8 0.932337701321
49 51 0 8 0.931098520756
23 25 0 8 0.930596649647
56 59 0 8 0.928990840912
49 52 0 8 0.9249304533
10 13 0 8 0.918366909027
39 41 0 8 0.914059817791
49 53 0 8 0.910284221172
22 24 0 8 0.907398462296
41 43 0 8 0.902502477169
8 12 0 8 0.899029314518
16 18 0 8 0.891296267509
55 59 0 8 0.889934182167
38 40 0 8 0.880152404308
47 49 0 8 0.878506362438
24 26 0 8 0.877839505672
11 14 0 8 0.876242041588
9 13 0 8 0.875283062458
29 31 0 8 0.868917286396
46 48 0 8 0.866364359856
45 47 0 8 0.866286873817
43 45 0 8 0.865456581116
63 65 0 8 0.858234405518
44 46 0 8 0.856204926968
34 36 0 8 0.853409528732
48 50 0 8 0.844702839851
8 56 0 8 0.84038567543
3 5 0 8 0.835014164448
65 67 0 8 0.832727193832
48 52 0 8 0.82340914011
31 33 0 8 0.82100379467
26 28 0 8 0.817313075066
42 44 0 8 0.815855979919
59 61 0 8 0.807117819786
14 16 0 8 0.80397361517
15 17 0 8 0.803098499775
35 37 0 8 0.80016708374
36 38 0 8 0.799256980419
32 34 0 8 0.798692882061
67 69 0 8 0.797946631908
1 3 0 8 0.797280669212
58 60 0 8 0.793497502804
62 64 0 8 0.786638736725
20 22 0 8 0.786179244518
66 68 0 8 0.785458803177
7 10 0 8 0.782326281071
27 29 0 8 0.782222807407
2 4 0 8 0.780789017677
4 6 0 8 0.779350757599
6 8 0 8 0.778967678547
40 42 0 8 0.778405070305
19 21 0 8 0.777924776077
7 11 0 8 0.773302614689
18 20 0 8 0.762892842293
21 23 0 8 0.751872181892
61 63 0 8 0.749762475491
33 35 0 8 0.749351084232
10 14 0 8 0.74550151825
64 66 0 8 0.742795109749
56 60 0 8 0.735743284225
30 32 0 8 0.733474671841
28 30 0 8 0.72593152523
5 7 0 8 0.722004294395
37 39 0 8 0.720595002174
15 18 0 8 0.704296946526
13 15 0 8 0.700405418873
28 31 0 8 0.688774168491
17 19 0 8 0.683242559433
3 6 0 8 0.677530884743
33 39 0 8 0.662415385246
24 46 0 8 0.65926617384
48 51 0 8 0.658422827721
6 10 0 8 0.658262968063
57 60 0 8 0.645334303379
32 38 0 8 0.642003238201
31 39 0 8 0.635112226009
6 11 0 8 0.621427893639
33 37 0 8 0.617651760578
64 67 0 8 0.614224851131
59 62 0 8 0.607649207115
33 38 0 8 0.601125657558
12 53 0 8 0.597375154495
16 19 0 8 0.587572097778
25 45 0 8 0.586602449417
21 50 0 8 0.586356937885
23 47 0 8 0.568036496639
25 39 0 8 0.557928144932
23 48 0 8 0.553998708725
33 36 0 8 0.552759647369
56 64 0 8 0.536038219929
22 48 0 8 0.504831969738
32 39 0 8 0.503770589828
12 56 0 8 0.50142788887
22 49 0 8 0.493338167667
26 33 0 8 0.48842215538
23 46 0 8 0.48556548357
66 69 0 8 0.484684258699
28 39 0 8 0.469473361969
24 47 0 8 0.462584674358
60 63 0 8 0.462075531483
14 18 0 8 0.458861559629
24 44 0 8 0.444799780846
29 41 0 8 0.443744748831
53 64 0 8 0.443331122398
19 22 0 8 0.439558804035
26 39 0 8 0.435063004494
31 38 0 8 0.432197540998
27 39 0 8 0.430886924267
6 25 0 8 0.43039482832
26 43 0 8 0.424908071756
34 37 0 8 0.424325048923
26 41 0 8 0.402292430401
11 18 0 8 0.402043312788
25 41 0 8 0.400102376938
19 48 0 8 0.395792603493
24 41 0 8 0.392341196537
8 25 0 8 0.386075139046
30 38 0 8 0.384392261505
27 40 0 8 0.383705109358
15 19 0 8 0.382264196873
22 50 0 8 0.380632817745
11 56 0 8 0.38041099906
30 40 0 8 0.37553486228
62 65 0 8 0.375356554985
18 21 0 8 0.374616473913
22 47 0 8 0.370696872473
12 15 0 8 0.368331462145
8 64 0 8 0.366997301579
11 53 0 8 0.364886432886
26 42 0 8 0.363824605942
23 50 0 8 0.361334621906
25 46 0 8 0.360970437527
27 31 0 8 0.35948073864
20 50 0 8 0.359244138002
56 62 0 8 0.35807672143
23 49 0 8 0.358074903488
30 39 0 8 0.352807164192
27 43 0 8 0.34786438942
23 53 0 8 0.347631245852
25 42 0 8 0.346481323242
29 40 0 8 0.346036583185
6 39 0 8 0.345589846373
27 33 0 8 0.343673110008
28 38 0 8 0.340777218342
60 64 0 8 0.338556736708
30 41 0 8 0.337661802769
56 63 0 8 0.335137039423
21 49 0 8 0.329812794924
63 66 0 8 0.326104521751
14 19 0 8 0.322488486767
11 23 0 8 0.320592790842
22 25 0 8 0.315838187933
26 44 0 8 0.314880788326
24 52 0 8 0.31188622117
47 52 0 8 0.309688717127
22 52 0 8 0.308964133263
20 49 0 8 0.307242661715
32 36 0 8 0.306903749704
65 68 0 8 0.306267887354
25 43 0 8 0.303588420153
21 52 0 8 0.303354144096
27 38 0 8 0.298960626125
61 64 0 8 0.29290792346
62 66 0 8 0.291218787432
23 39 0 8 0.288793712854
25 36 0 8 0.28077223897
25 56 0 8 0.279811233282
24 43 0 8 0.279591798782
23 44 0 8 0.278534412384
13 51 0 8 0.278018563986
22 46 0 8 0.277475595474
19 49 0 8 0.276676476002
11 15 0 8 0.275241047144
11 24 0 8 0.271510660648
24 39 0 8 0.266299337149
26 32 0 8 0.264975637197
27 41 0 8 0.264746725559
21 46 0 8 0.264267444611
20 52 0 8 0.260620474815
20 23 0 8 0.259720802307
29 39 0 8 0.257033258677
25 53 0 8 0.254849880934
47 51 0 8 0.252827703953
56 61 0 8 0.252146154642
52 64 0 8 0.251486629248
59 63 0 8 0.250441730022
26 38 0 8 0.250048696995
12 52 0 8 0.248223558068
65 69 0 8 0.244377687573
18 50 0 8 0.244206055999
26 64 0 8 0.24305807054
28 41 0 8 0.242008328438
6 50 0 8 0.240979790688
28 40 0 8 0.240666553378
11 64 0 8 0.24061909318
11 52 0 8 0.240309610963
11 25 0 8 0.237177431583
21 44 0 8 0.23703558743
25 32 0 8 0.236091986299
16 20 0 8 0.235603883862
23 52 0 8 0.233532637358
11 19 0 8 0.233008652925
28 49 0 8 0.232673153281
31 40 0 8 0.232471212745
19 50 0 8 0.232359007001
25 44 0 8 0.232203647494
8 24 0 8 0.231720849872
27 56 0 8 0.231532916427
27 42 0 8 0.229972660542
23 41 0 8 0.229613631964
2 5 0 8 0.228984192014
28 43 0 8 0.226488143206
31 41 0 8 0.225647777319
25 40 0 8 0.224116817117
21 48 0 8 0.223861411214
28 32 0 8 0.223787397146
2 6 0 8 0.222688823938
57 61 0 8 0.221887454391
23 45 0 8 0.220652490854
22 64 0 8 0.2204066962
8 52 0 8 0.21732956171
12 49 0 8 0.21564348042
20 46 0 8 0.214101850986
24 45 0 8 0.213833168149
21 64 0 8 0.213828921318
8 60 0 8 0.213815122843
26 45 0 8 0.21249717474
24 49 0 8 0.212318837643
20 48 0 8 0.211682662368
26 56 0 8 0.210607036948
63 67 0 8 0.210378527641
14 22 0 8 0.208948656917
28 56 0 8 0.204580485821
26 40 0 8 0.204437345266
4 29 0 8 0.203583970666
25 33 0 8 0.203504666686
21 47 0 8 0.202802568674
20 47 0 8 0.200618192554
28 33 0 8 0.198928952217
32 35 0 8 0.198917090893
18 49 0 8 0.19760401547
22 51 0 8 0.197492048144
24 42 0 8 0.197123616934
9 64 0 8 0.19654661417
21 24 0 8 0.194978028536
32 37 0 8 0.193194463849
27 30 0 8 0.192959532142
12 19 0 8 0.191468596458
12 18 0 8 0.189100667834
11 22 0 8 0.18860898912
43 46 0 8 0.18802548945
8 23 0 8 0.185815468431
29 32 0 8 0.184586718678
1 4 0 8 0.182879447937
53 62 0 8 0.182271927595
24 35 0 8 0.181800454855
19 53 0 8 0.181256279349
6 56 0 8 0.181124165654
12 57 0 8 0.180879876018
12 16 0 8 0.180698350072
17 20 0 8 0.180028349161
8 26 0 8 0.179211735725
8 33 0 8 0.17893576622
17 50 0 8 0.177070096135
11 39 0 8 0.177016943693
25 52 0 8 0.174878582358
29 42 0 8 0.174386292696
8 39 0 8 0.173521533608
12 48 0 8 0.171437442303
29 38 0 8 0.171215429902
27 44 0 8 0.171051338315
55 64 0 8 0.170583859086
24 40 0 8 0.170346990228
11 63 0 8 0.169834405184
19 41 0 8 0.16788084805
27 32 0 8 0.166450828314
21 51 0 8 0.165688380599
18 22 0 8 0.164101004601
64 68 0 8 0.163878560066
23 64 0 8 0.16382792592
8 22 0 8 0.163746163249
6 14 0 8 0.163406863809
8 27 0 8 0.163000270724
19 23 0 8 0.162020459771
12 26 0 8 0.161991387606
25 35 0 8 0.16155320406
9 56 0 8 0.161046698689
16 21 0 8 0.160749942064
3 7 0 8 0.160344928503
8 63 0 8 0.159861341119
22 41 0 8 0.158746108413
61 65 0 8 0.158302336931
8 49 0 8 0.157817065716
11 49 0 8 0.154896318913
18 48 0 8 0.154016435146
21 41 0 8 0.152538403869
47 50 0 8 0.152203336358
18 52 0 8 0.151846647263
25 48 0 8 0.151682108641
4 7 0 8 0.151360288262
57 62 0 8 0.151023179293
12 22 0 8 0.150972247124
41 44 0 8 0.150344714522
22 53 0 8 0.149461448193
35 38 0 8 0.147885799408
24 48 0 8 0.147473365068
6 22 0 8 0.146258622408
23 56 0 8 0.144773498178
55 60 0 8 0.144402220845
25 64 0 8 0.143840864301
41 45 0 8 0.143696978688
26 65 0 8 0.142967402935
22 56 0 8 0.141588315368
16 50 0 8 0.141343131661
27 68 0 8 0.140132158995
20 64 0 8 0.139511495829
6 26 0 8 0.139270156622
20 41 0 8 0.136631131172
57 64 0 8 0.135918214917
24 53 0 8 0.135633945465
12 64 0 8 0.13499943912
24 56 0 8 0.134690448642
16 22 0 8 0.134035378695
24 37 0 8 0.133627831936
56 67 0 8 0.133438766003
11 16 0 8 0.133127480745
11 21 0 8 0.130413740873
21 39 0 8 0.129765734076
19 47 0 8 0.129353955388
26 63 0 8 0.128113910556
24 67 0 8 0.12718886137
16 41 0 8 0.126746162772
49 67 0 8 0.126134857535
36 50 0 8 0.126037687063
14 52 0 8 0.125633135438
26 37 0 8 0.124621577561
12 25 0 8 0.123890817165
8 53 0 8 0.123823530972
25 47 0 8 0.12321524322
24 38 0 8 0.122078120708
7 63 0 8 0.121955566108
39 53 0 8 0.121002435684
14 56 0 8 0.120445154607
17 21 0 8 0.120006121695
27 64 0 8 0.119527451694
1 5 0 8 0.119036361575
30 37 0 8 0.118780173361
6 9 0 8 0.118306532502
8 55 0 8 0.117475055158
27 52 0 8 0.116996183991
58 61 0 8 0.116744562984
23 51 0 8 0.116643100977
55 63 0 8 0.115338727832
6 52 0 8 0.115264773369
26 67 0 8 0.114945426583
7 56 0 8 0.114533372223
11 67 0 8 0.11351326853
24 64 0 8 0.112765781581
38 64 0 8 0.110641643405
14 17 0 8 0.109575368464
27 53 0 8 0.108304813504
11 60 0 8 0.107403457165
23 43 0 8 0.106939509511
52 63 0 8 0.106928311288
27 67 0 8 0.106611587107
23 55 0 8 0.105909518898
25 67 0 8 0.105634041131
27 49 0 8 0.105611138046
26 52 0 8 0.104174204171
26 46 0 8 0.104169040918
48 53 0 8 0.10321046412
52 67 0 8 0.102908395231
6 23 0 8 0.102880582213
26 49 0 8 0.102512292564
47 67 0 8 0.102395132184
8 28 0 8 0.10225404799
8 31 0 8 0.102219603956
21 43 0 8 0.10185071826
28 42 0 8 0.10184571892
23 67 0 8 0.101669788361
21 56 0 8 0.100845739245
9 33 0 8 0.100594393909
25 34 0 8 0.100375875831
20 56 0 8 0.100288197398
26 35 0 8 0.0990441739559
14 53 0 8 0.0990234166384
20 67 0 8 0.0982634723186
11 20 0 8 0.0976959168911
55 67 0 8 0.0974992439151
12 24 0 8 0.0973787680268
11 26 0 8 0.0969644635916
20 51 0 8 0.0968025997281
6 21 0 8 0.0964607521892
14 55 0 8 0.0964101627469
19 56 0 8 0.0962441563606
8 32 0 8 0.0955127552152
22 44 0 8 0.0954753607512
59 64 0 8 0.0952476710081
25 49 0 8 0.0950873717666
12 23 0 8 0.0950056537986
28 44 0 8 0.0944749340415
6 53 0 8 0.0942502096295
6 46 0 8 0.0942272022367
18 67 0 8 0.0938744172454
16 49 0 8 0.0932134017348
7 64 0 8 0.092782355845
8 67 0 8 0.092489272356
8 59 0 8 0.0922953188419
12 60 0 8 0.092078357935
53 67 0 8 0.0920271649957
8 57 0 8 0.0918302088976
12 20 0 8 0.0907260999084
9 60 0 8 0.0904204323888
18 51 0 8 0.0903854742646
26 47 0 8 0.0903057828546
15 22 0 8 0.0901369601488
21 45 0 8 0.0899974480271
34 38 0 8 0.0896989107132
39 52 0 8 0.0896603167057
57 63 0 8 0.0894650295377
11 55 0 8 0.0892232134938
9 61 0 8 0.0890028849244
22 67 0 8 0.0888067707419
19 52 0 8 0.0884708166122
24 32 0 8 0.0883947461843
47 55 0 8 0.0879170149565
22 45 0 8 0.0876567140222
14 64 0 8 0.0876504182816
20 24 0 8 0.0875634402037
23 42 0 8 0.0872022658587
18 56 0 8 0.0870799794793
26 30 0 8 0.0869270041585
13 54 0 8 0.0869036987424
23 26 0 8 0.0868397206068
5 38 0 8 0.0866050347686
14 20 0 8 0.0865554884076
48 67 0 8 0.0863693356514
18 43 0 8 0.086210757494
5 9 0 8 0.0860460996628
5 10 0 8 0.085158444941
15 21 0 8 0.0850332602859
8 21 0 8 0.0841319039464
47 53 0 8 0.0840256735682
27 60 0 8 0.0839687883854
24 36 0 8 0.0833509191871
21 40 0 8 0.0831759423018
25 37 0 8 0.0826647207141
32 40 0 8 0.0824669674039
22 39 0 8 0.082090780139
12 67 0 8 0.0817296877503
9 63 0 8 0.0814581215382
14 50 0 8 0.0813112482429
6 33 0 8 0.0812475755811
30 33 0 8 0.0812436640263
25 38 0 8 0.0811229124665
33 52 0 8 0.0807589888573
11 41 0 8 0.080515474081
15 20 0 8 0.0804899558425
50 67 0 8 0.0804768130183
13 64 0 8 0.0803358182311
27 34 0 8 0.0801601409912
30 42 0 8 0.0797232538462
12 39 0 8 0.0796808972955
31 35 0 8 0.0794434994459
26 53 0 8 0.0789576768875
24 63 0 8 0.0788710266352
19 51 0 8 0.0785653367639
19 46 0 8 0.0783023908734
36 39 0 8 0.0782097578049
11 33 0 8 0.0778807103634
14 21 0 8 0.0777209177613
8 38 0 8 0.0776660442352
19 67 0 8 0.0774756893516
40 44 0 8 0.0772335231304
8 47 0 8 0.076983705163
8 50 0 8 0.0763396397233
19 55 0 8 0.0762560963631
20 43 0 8 0.0759335234761
26 55 0 8 0.07572491467
60 65 0 8 0.0755749121308
14 51 0 8 0.0755547955632
39 64 0 8 0.0755027830601
18 53 0 8 0.0752800405025
11 46 0 8 0.0752757042646
25 60 0 8 0.0752524062991
46 50 0 8 0.075216807425
42 45 0 8 0.0750997439027
54 60 0 8 0.0748252496123
28 64 0 8 0.0742307156324
6 67 0 8 0.0741604045033
28 37 0 8 0.0740677714348
22 26 0 8 0.0738666430116
16 23 0 8 0.073756583035
20 60 0 8 0.0737359896302
23 40 0 8 0.0733247324824
16 53 0 8 0.0729112997651
12 55 0 8 0.0723287463188
13 16 0 8 0.0721700116992
34 39 0 8 0.0719933509827
13 63 0 8 0.0717011913657
33 56 0 8 0.071680136025
20 53 0 8 0.0714659541845
53 63 0 8 0.0713522359729
11 17 0 8 0.0712975636125
6 24 0 8 0.0712660476565
13 56 0 8 0.0710183307528
6 27 0 8 0.070179566741
10 64 0 8 0.0700957253575
14 47 0 8 0.0699586570263
46 49 0 8 0.069952622056
1 6 0 8 0.0699296966195
18 23 0 8 0.0697097480297
11 58 0 8 0.0695543810725
12 41 0 8 0.0692364349961
6 49 0 8 0.0690715834498
13 18 0 8 0.0690467730165
7 52 0 8 0.068806797266
29 43 0 8 0.0686966851354
3 8 0 8 0.0684773996472
12 21 0 8 0.0684430599213
25 55 0 8 0.0682507157326
22 43 0 8 0.0682055875659
11 50 0 8 0.068020619452
21 53 0 8 0.0679395571351
6 60 0 8 0.0677734464407
13 19 0 8 0.0677596256137
31 37 0 8 0.0675256624818
26 31 0 8 0.0674878358841
27 37 0 8 0.0671282559633
12 17 0 8 0.0669025704265
39 56 0 8 0.0669011250138
28 67 0 8 0.0666179433465
10 21 0 8 0.0665810108185
26 61 0 8 0.0665787532926
56 65 0 8 0.0665589496493
8 46 0 8 0.0665395781398
6 55 0 8 0.0664319619536
8 48 0 8 0.0664051100612
31 36 0 8 0.0661871060729
14 49 0 8 0.0661857575178
3 27 0 8 0.0661628395319
11 44 0 8 0.0661122351885
19 64 0 8 0.0660684257746
24 50 0 8 0.065720833838
27 36 0 8 0.0656902343035
62 67 0 8 0.0655625537038
19 42 0 8 0.0650698393583
14 67 0 8 0.0648976191878
9 23 0 8 0.0647955462337
16 43 0 8 0.0645519569516
6 41 0 8 0.0645151436329
11 48 0 8 0.0645014718175
24 55 0 8 0.0643954351544
5 63 0 8 0.0642446354032
4 8 0 8 0.0639898180962
10 58 0 8 0.0635889694095
7 60 0 8 0.0632642284036
8 36 0 8 0.063216611743
26 34 0 8 0.0629527643323
26 48 0 8 0.0624473132193
8 19 0 8 0.0624120682478
8 29 0 8 0.0621407665312
10 56 0 8 0.0621054433286
17 22 0 8 0.0619036704302
21 67 0 8 0.0618076846004
5 40 0 8 0.061735264957
8 41 0 8 0.0614576041698
32 41 0 8 0.0611860491335
25 50 0 8 0.0607622042298
50 64 0 8 0.06060712412
58 62 0 8 0.0605471655726
27 45 0 8 0.0605203211308
26 36 0 8 0.0605078674853
8 37 0 8 0.0604578182101
29 33 0 8 0.0604319982231
24 34 0 8 0.0601031631231
21 60 0 8 0.0599282681942
14 46 0 8 0.0598091743886
4 67 0 8 0.0596399642527
20 55 0 8 0.0595383942127
12 44 0 8 0.0593015812337
3 11 0 8 0.0592234395444
2 7 0 8 0.0592087097466
8 18 0 8 0.0587130002677
12 47 0 8 0.0585192106664
14 48 0 8 0.0583181269467
20 65 0 8 0.0581750646234
7 51 0 8 0.0580143742263
18 47 0 8 0.0578999295831
28 52 0 8 0.0577109456062
55 62 0 8 0.0576708912849
21 66 0 8 0.0576622523367
9 57 0 8 0.0575003437698
16 60 0 8 0.0571877621114
14 23 0 8 0.0568376965821
5 8 0 8 0.0567731596529
24 60 0 8 0.0565309524536
17 49 0 8 0.0565130785108
6 64 0 8 0.0564100034535
30 43 0 8 0.0560901463032
33 53 0 8 0.0559836663306
27 57 0 8 0.0554800964892
18 60 0 8 0.0554779618979
29 56 0 8 0.0554506070912
4 9 0 8 0.0550350137055
28 53 0 8 0.0550091080368
12 46 0 8 0.0546135269105
55 61 0 8 0.0542760454118
8 44 0 8 0.0542640686035
26 51 0 8 0.0540548786521
14 58 0 8 0.0540432594717
57 67 0 8 0.0539531596005
31 34 0 8 0.0538225881755
24 33 0 8 0.0535421147943
30 34 0 8 0.053429223597
5 39 0 8 0.053257253021
2 27 0 8 0.0532273501158
9 25 0 8 0.0531892850995
13 17 0 8 0.0531317442656
35 39 0 8 0.0530520267785
51 67 0 8 0.0528806820512
7 33 0 8 0.0526709854603
8 20 0 8 0.0526553951204
27 65 0 8 0.0525872521102
6 28 0 8 0.0525847934186
3 49 0 8 0.0525573976338
11 47 0 8 0.0520882084966
20 66 0 8 0.0520092993975
26 60 0 8 0.0519352667034
27 46 0 8 0.0519289299846
39 44 0 8 0.0516746900976
39 43 0 8 0.05144168064
7 28 0 8 0.0512274727225
7 27 0 8 0.0510535314679
7 25 0 8 0.051020860672
3 28 0 8 0.0509268976748
20 45 0 8 0.0506558343768
32 64 0 8 0.0505119971931
25 63 0 8 0.0503572374582
21 63 0 8 0.0501702725887
41 64 0 8 0.0501590184867
15 51 0 8 0.0501588918269
8 61 0 8 0.0501296147704
7 29 0 8 0.0498651601374
20 44 0 8 0.0497784800828
22 66 0 8 0.0496818423271
11 65 0 8 0.0496532917023
28 63 0 8 0.0496224500239
20 63 0 8 0.0496042072773
22 55 0 8 0.0495375841856
16 52 0 8 0.0493801236153
28 57 0 8 0.0493490435183
21 25 0 8 0.0491934791207
23 38 0 8 0.0491363704205
16 51 0 8 0.0488801747561
23 66 0 8 0.0485135540366
9 14 0 8 0.0484413988888
53 65 0 8 0.0484269037843
26 29 0 8 0.0478812418878
5 33 0 8 0.0477538555861
19 60 0 8 0.0476318076253
10 67 0 8 0.0474632717669
49 68 0 8 0.0473759770393
14 43 0 8 0.0473630093038
28 60 0 8 0.0470913313329
14 60 0 8 0.0467225797474
6 31 0 8 0.0466271974146
40 43 0 8 0.0465826168656
27 59 0 8 0.0463458225131
4 27 0 8 0.0463382899761
44 47 0 8 0.0460300408304
3 29 0 8 0.0459368601441
14 41 0 8 0.0457719378173
27 63 0 8 0.0455284193158
14 39 0 8 0.0454939082265
5 29 0 8 0.0454524308443
22 63 0 8 0.0453295893967
17 51 0 8 0.0453256256878
7 61 0 8 0.0452796369791
5 65 0 8 0.0451664477587
28 34 0 8 0.0451443679631
18 46 0 8 0.0451011918485
29 59 0 8 0.0450542271137
37 50 0 8 0.0450382195413
22 60 0 8 0.0449633300304
5 35 0 8 0.0449575148523
7 49 0 8 0.0449236743152
13 59 0 8 0.0447719283402
22 40 0 8 0.0446727201343
61 66 0 8 0.0445853471756
16 58 0 8 0.0445549078286
48 68 0 8 0.0445391796529
6 12 0 8 0.0445008650422
18 64 0 8 0.0444667227566
29 49 0 8 0.0444168373942
16 47 0 8 0.0443379916251
53 68 0 8 0.0440313853323
1 69 0 8 0.0440096892416
24 68 0 8 0.0438476838171
27 55 0 8 0.0436876341701
9 46 0 8 0.0436763614416
27 35 0 8 0.0436051897705
16 55 0 8 0.0435024574399
7 67 0 8 0.0434947013855
14 25 0 8 0.043315205723
3 51 0 8 0.0433085672557
6 19 0 8 0.0432789325714
28 55 0 8 0.043258305639
58 63 0 8 0.0430649332702
29 64 0 8 0.0430302023888
33 46 0 8 0.0427997894585
6 45 0 8 0.0427505299449
6 63 0 8 0.0426833592355
4 68 0 8 0.0426111593843
8 62 0 8 0.0422803238034
12 59 0 8 0.042162515223
33 40 0 8 0.0421442650259
7 26 0 8 0.0421132557094
52 68 0 8 0.0421077460051
28 66 0 8 0.0420960523188
11 51 0 8 0.0419168584049
2 29 0 8 0.0418989919126
10 60 0 8 0.0417810752988
16 56 0 8 0.0416387319565
2 69 0 8 0.0416321195662
9 28 0 8 0.0415557138622
19 44 0 8 0.0415317714214
10 16 0 8 0.0414782315493
28 45 0 8 0.0414487458766
26 50 0 8 0.0413450300694
18 45 0 8 0.0411497764289
8 65 0 8 0.0410516299307
33 64 0 8 0.0409447290003
6 20 0 8 0.0409161932766
21 68 0 8 0.0408923327923
25 31 0 8 0.0408826358616
6 48 0 8 0.0407056957483
6 29 0 8 0.0404990538955
21 55 0 8 0.0404100194573
18 66 0 8 0.0402212440968
12 33 0 8 0.0401711314917
25 65 0 8 0.0401496812701
19 68 0 8 0.0401045270264
28 46 0 8 0.0400905124843
14 44 0 8 0.0399213396013
6 32 0 8 0.0396886393428
16 57 0 8 0.0394839309156
24 66 0 8 0.039436288178
19 66 0 8 0.0392555221915
46 68 0 8 0.0392037257552
10 15 0 8 0.0391698032618
7 39 0 8 0.0391030423343
12 50 0 8 0.038986235857
45 68 0 8 0.038827162236
2 8 0 8 0.0387671291828
35 49 0 8 0.038720857352
17 43 0 8 0.0386681780219
33 51 0 8 0.0385449193418
10 18 0 8 0.0384450592101
29 67 0 8 0.0384089872241
47 68 0 8 0.0383764952421
52 65 0 8 0.0383614003658
42 46 0 8 0.0383375361562
4 28 0 8 0.0383162274957
20 68 0 8 0.0382592342794
27 66 0 8 0.0382398478687
53 66 0 8 0.0382066853344
47 64 0 8 0.0381888076663
16 59 0 8 0.0381844900548
14 65 0 8 0.0381197817624
10 22 0 8 0.0380471125245
19 63 0 8 0.0377669669688
7 22 0 8 0.0377040207386
6 65 0 8 0.0376861356199
5 36 0 8 0.0376201681793
25 59 0 8 0.037399571389
7 24 0 8 0.0373790711164
14 68 0 8 0.0373664870858
17 67 0 8 0.0373490303755
20 42 0 8 0.0373131409287
13 60 0 8 0.0371843501925
22 38 0 8 0.0371029041708
16 46 0 8 0.0370646938682
3 56 0 8 0.0369901321828
31 56 0 8 0.0368064008653
16 42 0 8 0.0366945564747
13 68 0 8 0.0365816988051
2 30 0 8 0.0365636870265
14 24 0 8 0.036461673677
36 51 0 8 0.0364176295698
29 37 0 8 0.036304268986
6 38 0 8 0.0361954458058
38 41 0 8 0.0361824221909
27 47 0 8 0.0361767448485
5 42 0 8 0.0360830500722
9 49 0 8 0.0360298380256
8 34 0 8 0.0359787419438
22 65 0 8 0.0358739420772
13 67 0 8 0.0357147678733
11 27 0 8 0.0357030630112
7 37 0 8 0.0356684811413
9 18 0 8 0.0356022827327
4 60 0 8 0.0355840586126
22 68 0 8 0.0355164557695
15 23 0 8 0.0354159735143
2 28 0 8 0.0354080908
15 52 0 8 0.0353965237737
28 59 0 8 0.0353956669569
23 36 0 8 0.0353545248508
29 44 0 8 0.0352989733219
7 38 0 8 0.0352793224156
15 50 0 8 0.0352739207447
2 68 0 8 0.0352404676378
3 26 0 8 0.0352227911353
19 65 0 8 0.0351825170219
7 31 0 8 0.0351062305272
56 66 0 8 0.0350936092436
30 57 0 8 0.0349822640419
7 55 0 8 0.0349639877677
35 50 0 8 0.0348620451987
20 54 0 8 0.0348102934659
10 23 0 8 0.0347682461143
21 54 0 8 0.0347660370171
16 68 0 8 0.0347233898938
9 51 0 8 0.0346947722137
21 62 0 8 0.0346217788756
5 59 0 8 0.0345333181322
46 67 0 8 0.0343922674656
36 48 0 8 0.0343536399305
20 69 0 8 0.0341981016099
10 62 0 8 0.0341688580811
8 40 0 8 0.0341032072902
8 45 0 8 0.0339075364172
19 45 0 8 0.0338671803474
4 32 0 8 0.0338474735618
12 27 0 8 0.0338445343077
21 36 0 8 0.0338359586895
11 45 0 8 0.0337866023183
28 36 0 8 0.033639870584
14 59 0 8 0.0336268506944
43 47 0 8 0.0336133502424
3 31 0 8 0.0335673391819
15 43 0 8 0.0335594788194
45 69 0 8 0.0334624573588
7 30 0 8 0.033342987299
21 42 0 8 0.0332981683314
6 44 0 8 0.0332116037607
54 64 0 8 0.0331853851676
19 24 0 8 0.0331535227597
10 63 0 8 0.033136960119
28 68 0 8 0.0330307073891
1 68 0 8 0.0329309552908
23 60 0 8 0.0329309254885
29 69 0 8 0.032892614603
12 68 0 8 0.032766725868
32 52 0 8 0.0326961539686
2 38 0 8 0.0326513499022
64 69 0 8 0.0326483733952
17 52 0 8 0.0324960574508
25 51 0 8 0.03216746822
14 57 0 8 0.0321515351534
8 51 0 8 0.0320856943727
16 67 0 8 0.0320792905986
17 63 0 8 0.0319010019302
18 68 0 8 0.0317657068372
45 67 0 8 0.0316697210073
6 58 0 8 0.0316072367132
16 45 0 8 0.0315954424441
23 65 0 8 0.0315771698952
8 35 0 8 0.0315277762711
7 32 0 8 0.031510066241
9 50 0 8 0.0313945785165
24 65 0 8 0.0313244871795
60 66 0 8 0.0313170477748
5 60 0 8 0.0311050992459
29 34 0 8 0.031065152958
3 25 0 8 0.0310538876802
7 66 0 8 0.0309275966138
16 48 0 8 0.0308117810637
3 9 0 8 0.0308097973466
25 66 0 8 0.0306646358222
4 10 0 8 0.0306234806776
31 42 0 8 0.0305273868144
5 32 0 8 0.0305078849196
16 39 0 8 0.0304811988026
9 67 0 8 0.0304688345641
3 10 0 8 0.0304006468505
9 20 0 8 0.0302889384329
55 66 0 8 0.0299642402679
5 68 0 8 0.0298934206367
56 68 0 8 0.0298674479127
12 63 0 8 0.0298626255244
4 33 0 8 0.0298329796642
5 64 0 8 0.0296901483089
29 57 0 8 0.0296690538526
11 43 0 8 0.0294528771192
15 44 0 8 0.0293667595834
48 69 0 8 0.0293526630849
12 43 0 8 0.0292026139796
44 52 0 8 0.0291655305773
7 23 0 8 0.0289665572345
2 10 0 8 0.0289603751153
61 67 0 8 0.0288817323744
29 52 0 8 0.0288715008646
3 48 0 8 0.0288130287081
50 68 0 8 0.028796967119
18 63 0 8 0.0287131685764
5 51 0 8 0.0286052692682
36 57 0 8 0.0285266432911
10 24 0 8 0.0284828431904
9 55 0 8 0.028400471434
5 45 0 8 0.0283564664423
15 49 0 8 0.0283544957638
54 68 0 8 0.0282758511603
30 44 0 8 0.0282570775598
4 35 0 8 0.0282463878393
2 31 0 8 0.0282326284796
10 33 0 8 0.0280659813434
39 42 0 8 0.0280591137707
18 55 0 8 0.0280524957925
51 64 0 8 0.0280308946967
4 31 0 8 0.0279825944453
30 36 0 8 0.0279784183949
25 68 0 8 0.0279314368963
33 60 0 8 0.0278998836875
16 65 0 8 0.0275576468557
36 49 0 8 0.027515873313
17 64 0 8 0.0275152176619
17 68 0 8 0.0274377092719
2 26 0 8 0.0274252239615
5 67 0 8 0.0273539237678
51 69 0 8 0.0272990688682
3 32 0 8 0.0272507369518
23 68 0 8 0.0271565932781
7 36 0 8 0.0270669981837
6 51 0 8 0.027034137398
5 34 0 8 0.0270142201334
2 49 0 8 0.0268776919693
7 12 0 8 0.0268710255623
4 64 0 8 0.0267757177353
7 35 0 8 0.0267315674573
17 48 0 8 0.0266659874469
6 43 0 8 0.026598688215
15 56 0 8 0.0264378022403
8 13 0 8 0.0262697692961
60 67 0 8 0.0261864308268
49 66 0 8 0.0261764321476
14 26 0 8 0.0260251499712
5 61 0 8 0.0260227341205
17 47 0 8 0.0259871575981
13 21 0 8 0.0258979145437
8 43 0 8 0.0256602838635
1 28 0 8 0.0255136024207
29 60 0 8 0.0254214610904
20 38 0 8 0.0254117269069
10 25 0 8 0.0254067629576
59 67 0 8 0.025405857712
5 28 0 8 0.0254047717899
63 68 0 8 0.0253044478595
3 50 0 8 0.0252999253571
28 48 0 8 0.0252206046134
51 66 0 8 0.0252034310251
16 63 0 8 0.0251289959997
29 53 0 8 0.025121929124
24 51 0 8 0.0251017175615
12 28 0 8 0.0250654052943
1 30 0 8 0.0250176973641
38 52 0 8 0.0250153541565
8 68 0 8 0.0249842517078
14 42 0 8 0.0249279309064
33 50 0 8 0.0248980671167
6 47 0 8 0.0248950365931
4 30 0 8 0.0248778983951
12 37 0 8 0.0248586386442
1 29 0 8 0.0248180944473
5 31 0 8 0.0246081780642
29 61 0 8 0.0245677623898
6 35 0 8 0.0245122592896
57 68 0 8 0.0244868397713
26 68 0 8 0.0244387630373
12 65 0 8 0.0244033411145
6 59 0 8 0.0243582315743
2 66 0 8 0.0243430174887
28 51 0 8 0.0243165194988
20 57 0 8 0.0242913216352
11 68 0 8 0.0242826435715
8 58 0 8 0.0242106504738
57 66 0 8 0.0241727288812
3 24 0 8 0.024057880044
6 37 0 8 0.0240578632802
6 57 0 8 0.0240432694554
34 50 0 8 0.0240129083395
50 65 0 8 0.024000082165
17 41 0 8 0.0239671207964
12 54 0 8 0.0239640269428
3 30 0 8 0.0239494685084
16 64 0 8 0.0239127092063
21 65 0 8 0.0238770134747
29 36 0 8 0.0238097850233
6 34 0 8 0.0238015241921
9 52 0 8 0.0237198527902
13 69 0 8 0.0236715618521
8 30 0 8 0.0235400665551
2 32 0 8 0.0235137436539
28 47 0 8 0.023497518152
52 62 0 8 0.0234240461141
17 69 0 8 0.0233985558152
14 54 0 8 0.0233484599739
14 63 0 8 0.0232956949621
7 68 0 8 0.0232873670757
5 11 0 8 0.0232770293951
4 69 0 8 0.0232383087277
23 37 0 8 0.0231076944619
3 52 0 8 0.0230173952878
4 11 0 8 0.0229880623519
5 66 0 8 0.0229149907827
13 42 0 8 0.0229008160532
9 22 0 8 0.0228969864547
15 60 0 8 0.022863086313
8 66 0 8 0.0228595491499
19 69 0 8 0.0228463467211
2 40 0 8 0.0227808635682
7 59 0 8 0.0227657798678
49 54 0 8 0.0227316394448
45 48 0 8 0.0227215532213
2 67 0 8 0.0227146353573
9 68 0 8 0.0226767845452
3 46 0 8 0.0226378329098
4 51 0 8 0.0226010177284
23 35 0 8 0.0225633904338
21 69 0 8 0.0225621592253
28 35 0 8 0.0225296784192
33 57 0 8 0.0225203875452
13 50 0 8 0.0225037727505
46 69 0 8 0.0224961619824
7 58 0 8 0.0224115364254
15 67 0 8 0.0223751105368
5 41 0 8 0.022374400869
3 60 0 8 0.0223602242768
49 65 0 8 0.0223232880235
3 47 0 8 0.022268332541
7 34 0 8 0.0221870262176
4 50 0 8 0.0221113599837
2 48 0 8 0.0221023373306
11 28 0 8 0.022100713104
4 59 0 8 0.0220923982561
18 69 0 8 0.0220790095627
23 63 0 8 0.0220703333616
5 37 0 8 0.0220192708075
26 57 0 8 0.0220079272985
27 61 0 8 0.0219883490354
29 63 0 8 0.0219417084008
3 33 0 8 0.0218603853136
1 66 0 8 0.0218343697488
1 67 0 8 0.0218196175992
14 66 0 8 0.0217934269458
28 65 0 8 0.0217490084469
1 7 0 8 0.0217384286225
30 63 0 8 0.0217136405408
58 64 0 8 0.021703209728
28 61 0 8 0.0216995701194
1 9 0 8 0.0216505993158
59 66 0 8 0.0216349959373
46 55 0 8 0.0216196402907
15 64 0 8 0.021618520841
44 67 0 8 0.0216152723879
11 57 0 8 0.0216107554734
7 53 0 8 0.0216045957059
49 69 0 8 0.0214324314147
2 11 0 8 0.0214176885784
29 65 0 8 0.0214133672416
1 27 0 8 0.021408027038
8 14 0 8 0.0213997922838
12 66 0 8 0.0213809460402
29 66 0 8 0.0213466621935
14 61 0 8 0.0213245488703
10 51 0 8 0.0213217120618
12 45 0 8 0.0213145446032
25 62 0 8 0.0213101990521
25 57 0 8 0.0213064942509
5 23 0 8 0.0212472882122
10 46 0 8 0.0212316755205
1 10 0 8 0.0212048534304
17 46 0 8 0.0211768131703
13 52 0 8 0.0211649220437
30 35 0 8 0.0211498811841
29 35 0 8 0.0211482718587
26 66 0 8 0.0211102087051
3 55 0 8 0.0211021807045
41 67 0 8 0.0210758969188
18 65 0 8 0.0210732165724
17 66 0 8 0.0210725814104
13 44 0 8 0.0210260804743
10 17 0 8 0.0209962539375
35 47 0 8 0.0209926329553
15 47 0 8 0.0209841616452
7 47 0 8 0.0209606848657
5 50 0 8 0.0209519565105
3 44 0 8 0.0209465585649
2 33 0 8 0.0209337286651
3 42 0 8 0.0209315586835
13 65 0 8 0.0209239665419
11 66 0 8 0.0209224801511
5 30 0 8 0.0209217388183
47 69 0 8 0.0208277478814
9 32 0 8 0.0208159070462
9 38 0 8 0.0207946617156
16 69 0 8 0.0207841340452
29 68 0 8 0.0207545906305
14 45 0 8 0.0207477975637
3 21 0 8 0.0207347702235
37 51 0 8 0.0207297373563
51 65 0 8 0.0207207221538
7 48 0 8 0.0207038205117
9 39 0 8 0.0206643063575
26 59 0 8 0.0206193849444
13 66 0 8 0.0205977875739
18 59 0 8 0.0205840598792
34 40 0 8 0.020560786128
8 16 0 8 0.0205420218408
18 41 0 8 0.0204757750034
9 15 0 8 0.0204221811146
4 52 0 8 0.0203717891127
15 46 0 8 0.0203660223633
39 67 0 8 0.0203560777009
11 59 0 8 0.020353583619
5 47 0 8 0.0202954914421
22 42 0 8 0.02026739344
10 28 0 8 0.0202315188944
57 65 0 8 0.0202083420008
7 50 0 8 0.0201768856496
4 26 0 8 0.0201731994748
2 57 0 8 0.0201720949262
8 54 0 8 0.0200804434717
3 68 0 8 0.0200680606067
27 51 0 8 0.0200259014964
51 68 0 8 0.0200230516493
21 38 0 8 0.0200209729373
30 68 0 8 0.0200092364103
6 30 0 8 0.0199986267835
10 20 0 8 0.0199741218239
33 41 0 8 0.0199458170682
4 63 0 8 0.0199244208634
20 62 0 8 0.0199166983366
2 52 0 8 0.0199101287872
28 50 0 8 0.0198517590761
10 55 0 8 0.0198418851942
3 67 0 8 0.0197569318116
5 49 0 8 0.0197343975306
10 52 0 8 0.0197314471006
37 40 0 8 0.0197002328932
44 48 0 8 0.0196530558169
7 21 0 8 0.0196445416659
3 69 0 8 0.0196422468871
4 34 0 8 0.0196234267205
17 62 0 8 0.0195558033884
4 36 0 8 0.0195527859032
4 66 0 8 0.0195472743362
8 42 0 8 0.019539412111
1 33 0 8 0.0194988045841
2 39 0 8 0.019498474896
6 66 0 8 0.0194966606796
27 48 0 8 0.0194562841207
1 47 0 8 0.0194177404046
7 65 0 8 0.0193803198636
9 27 0 8 0.0193797629327
13 55 0 8 0.0193520970643
2 42 0 8 0.0193072073162
2 51 0 8 0.01928765513
9 19 0 8 0.0192762203515
9 24 0 8 0.0192408114672
2 9 0 8 0.0192165412009
48 66 0 8 0.0192019715905
9 30 0 8 0.0191983599216
19 62 0 8 0.0191949699074
10 57 0 8 0.0191714819521
32 50 0 8 0.0191538631916
9 21 0 8 0.0191379915923
12 51 0 8 0.0190494954586
31 63 0 8 0.0190460700542
18 44 0 8 0.0190412141383
4 61 0 8 0.019035520032
3 43 0 8 0.0190271399915
9 65 0 8 0.0190264489502
5 62 0 8 0.0190241616219
23 69 0 8 0.018911883235
1 48 0 8 0.0188433844596
15 68 0 8 0.018837351352
29 58 0 8 0.0188276935369
63 69 0 8 0.018796581775
17 60 0 8 0.0187833979726
10 59 0 8 0.0187789294869
17 57 0 8 0.0187710579485
7 46 0 8 0.0187702495605
7 18 0 8 0.0187688730657
21 57 0 8 0.0187544170767
2 47 0 8 0.0187490712851
22 33 0 8 0.0187208708376
59 65 0 8 0.0187108870596
4 56 0 8 0.0186743866652
22 69 0 8 0.0186732895672
10 50 0 8 0.0186495557427
1 8 0 8 0.0186367612332
54 63 0 8 0.0186115391552
15 48 0 8 0.018596155569
2 43 0 8 0.0185480974615
10 49 0 8 0.0185074396431
28 62 0 8 0.0185065511614
1 34 0 8 0.0184847190976
24 62 0 8 0.0184805411845
4 37 0 8 0.0184498392045
19 39 0 8 0.0184243340045
29 47 0 8 0.0184212997556
3 41 0 8 0.018407844007
25 28 0 8 0.0183784235269
10 68 0 8 0.0183719173074
6 54 0 8 0.0183461755514
15 58 0 8 0.0183182042092
12 58 0 8 0.0183047372848
34 52 0 8 0.0182932782918
5 46 0 8 0.0182930156589
35 48 0 8 0.0182864051312
10 19 0 8 0.0182720087469
30 60 0 8 0.0182104147971
11 34 0 8 0.0182089600712
3 64 0 8 0.0181344393641
2 56 0 8 0.0181236770004
29 62 0 8 0.0181182902306
14 69 0 8 0.0180981960148
43 67 0 8 0.0180721376091
5 56 0 8 0.0180505551398
29 55 0 8 0.0180407706648
12 42 0 8 0.0180309489369
37 49 0 8 0.0180089809
39 46 0 8 0.0179724711925
2 44 0 8 0.0179436262697
2 46 0 8 0.0179417021573
1 38 0 8 0.0179197788239
3 57 0 8 0.0179074462503
55 65 0 8 0.0178991463035
10 65 0 8 0.0178857650608
19 43 0 8 0.0178729780018
3 38 0 8 0.0178601443768
2 34 0 8 0.0178500749171
1 57 0 8 0.0178287867457
2 54 0 8 0.0178283620626
35 40 0 8 0.0178244058043
18 24 0 8 0.0178000871092
19 57 0 8 0.0177763011307
3 39 0 8 0.0177427809685
16 61 0 8 0.0177309401333
4 49 0 8 0.0176959875971
45 49 0 8 0.0176375303417
9 26 0 8 0.0175927579403
9 16 0 8 0.0175721738487
13 23 0 8 0.017567705363
29 48 0 8 0.0175597649068
44 68 0 8 0.0175333209336
38 42 0 8 0.0175284352154
2 55 0 8 0.0175071377307
55 68 0 8 0.0175060965121
3 45 0 8 0.0174978803843
39 65 0 8 0.0174886845052
18 54 0 8 0.0174815505743
37 41 0 8 0.017469195649
5 48 0 8 0.017465595156
13 47 0 8 0.0174643993378
10 44 0 8 0.0174581836909
4 65 0 8 0.017447732389
44 64 0 8 0.017444299534
17 39 0 8 0.0174428857863
1 32 0 8 0.0174296926707
16 44 0 8 0.0174214784056
1 60 0 8 0.0174132362008
13 46 0 8 0.0173604544252
19 25 0 8 0.0173401068896
16 25 0 8 0.0173158459365
6 68 0 8 0.017303686589
30 56 0 8 0.0172740928829
31 46 0 8 0.0172691866755
31 43 0 8 0.0172560270876
36 40 0 8 0.0172044057399
1 35 0 8 0.0172008927912
54 67 0 8 0.0171844065189
9 47 0 8 0.0170888658613
11 54 0 8 0.0170603916049
21 58 0 8 0.0170597918332
58 67 0 8 0.0170496087521
2 45 0 8 0.0170410033315
4 39 0 8 0.016958039254
2 60 0 8 0.0169456917793
6 18 0 8 0.016922486946
6 36 0 8 0.0168759450316
28 58 0 8 0.0168370120227
17 53 0 8 0.0168110840023
10 34 0 8 0.0167741216719
17 23 0 8 0.0167461391538
22 62 0 8 0.0167452134192
46 52 0 8 0.0167355909944
16 40 0 8 0.0167286712676
15 53 0 8 0.0166831314564
14 27 0 8 0.0166516508907
54 65 0 8 0.0166293438524
7 62 0 8 0.0166070722044
11 42 0 8 0.0165851041675
1 26 0 8 0.0165804065764
38 67 0 8 0.0165317729115
5 55 0 8 0.0165044832975
26 62 0 8 0.0165024008602
15 55 0 8 0.0164486542344
27 50 0 8 0.0164449606091
3 53 0 8 0.0164262373
6 62 0 8 0.0164177715778
23 62 0 8 0.0164044480771
14 62 0 8 0.0164042171091
2 58 0 8 0.0163579639047
5 44 0 8 0.0163357760757
1 31 0 8 0.0163335390389
32 42 0 8 0.0163180250674
19 59 0 8 0.0162786282599
13 53 0 8 0.0162417814136
2 37 0 8 0.0162400659174
5 69 0 8 0.0162205081433
13 58 0 8 0.0161539111286
9 58 0 8 0.0161441378295
44 69 0 8 0.0161429103464
16 62 0 8 0.0161169394851
2 50 0 8 0.0161063801497
33 63 0 8 0.0160507615656
16 38 0 8 0.0160497594625
17 65 0 8 0.0160460546613
2 41 0 8 0.0160377081484
38 50 0 8 0.0160010289401
31 49 0 8 0.0159955788404
12 31 0 8 0.0159929525107
47 56 0 8 0.0159814301878
3 22 0 8 0.015960296616
1 36 0 8 0.0159411821514
9 66 0 8 0.0158921256661
45 52 0 8 0.0158814359456
6 69 0 8 0.0158754009753
33 48 0 8 0.0158691126853
12 40 0 8 0.0158427674323
15 59 0 8 0.0158339142799
33 47 0 8 0.0158265437931
61 68 0 8 0.0158170256764
2 59 0 8 0.0158112142235
1 42 0 8 0.0158087145537
13 62 0 8 0.0157818943262
13 25 0 8 0.0157771408558
2 36 0 8 0.0157610960305
4 48 0 8 0.0157210100442
42 67 0 8 0.0156930629164
33 67 0 8 0.0156735312194
57 69 0 8 0.0156599506736
34 48 0 8 0.0156261902303
25 54 0 8 0.0156009793282
3 54 0 8 0.0155834266916
54 61 0 8 0.0155660202727
22 36 0 8 0.015565071255
18 57 0 8 0.015555231832
49 64 0 8 0.0155126601458
4 55 0 8 0.0155024239793
3 36 0 8 0.0154877537861
30 64 0 8 0.015485287644
4 62 0 8 0.015467973426
9 69 0 8 0.0154263628647
19 54 0 8 0.0154144819826
4 38 0 8 0.0154073834419
17 40 0 8 0.0154024232179
17 56 0 8 0.0153857497498
1 39 0 8 0.0153702907264
24 27 0 8 0.0153336813673
13 20 0 8 0.0153255267069
1 37 0 8 0.0153225483373
18 42 0 8 0.015308461152
3 58 0 8 0.0152947660536
17 59 0 8 0.0152777628973
46 51 0 8 0.0152666326612
10 53 0 8 0.0152597241104
2 65 0 8 0.0152268195525
3 14 0 8 0.0152166346088
2 64 0 8 0.0152156194672
14 33 0 8 0.0152042629197
31 44 0 8 0.0151910316199
33 55 0 8 0.0151874730363
20 59 0 8 0.0151648167521
32 47 0 8 0.015162310563
7 69 0 8 0.0151265794411
10 66 0 8 0.0151259256527
41 52 0 8 0.0150820538402
30 48 0 8 0.0150645887479
2 63 0 8 0.0150444880128
5 27 0 8 0.0150347398594
32 46 0 8 0.0150043144822
52 69 0 8 0.0150013975799
30 46 0 8 0.0149936629459
37 52 0 8 0.0149440672249
1 64 0 8 0.0149422073737
15 63 0 8 0.0149189373478
1 58 0 8 0.0148791223764
6 61 0 8 0.0148765994236
50 66 0 8 0.0148399360478
15 66 0 8 0.0148254977539
21 35 0 8 0.0148202199489
41 69 0 8 0.0148025043309
40 68 0 8 0.0147994942963
21 61 0 8 0.0147727504373
24 61 0 8 0.0147706065327
1 40 0 8 0.014764521271
60 68 0 8 0.0147608527914
1 46 0 8 0.0147156175226
12 62 0 8 0.0146945249289
16 66 0 8 0.0146879535168
23 59 0 8 0.0146778747439
1 44 0 8 0.0146724488586
13 57 0 8 0.014670284465
3 66 0 8 0.014655072242
59 68 0 8 0.0146411489695
17 45 0 8 0.0146229239181
3 23 0 8 0.0146193169057
17 44 0 8 0.0145821264014
1 65 0 8 0.0145661430433
5 58 0 8 0.014562131837
15 57 0 8 0.0145600382239
1 41 0 8 0.0145437642932
3 35 0 8 0.0145372999832
58 66 0 8 0.0145336398855
4 57 0 8 0.0145140588284
41 65 0 8 0.0145044652745
2 35 0 8 0.0144886812195
27 62 0 8 0.014457966201
3 37 0 8 0.0144337639213
2 13 0 8 0.0144165577367
20 39 0 8 0.0143963005394
12 34 0 8 0.0143596353009
50 69 0 8 0.0143455499783
3 12 0 8 0.014327195473
2 53 0 8 0.0142815979198
9 29 0 8 0.0142737533897
33 49 0 8 0.0142719214782
58 65 0 8 0.0142270186916
33 43 0 8 0.0142211290076
5 21 0 8 0.0141719728708
47 65 0 8 0.0140977986157
35 64 0 8 0.0140552259982
12 32 0 8 0.0140516320243
15 45 0 8 0.0140348086134
54 59 0 8 0.0140239326283
5 43 0 8 0.0139901684597
4 20 0 8 0.0139874201268
23 54 0 8 0.0139642292634
3 59 0 8 0.0139445466921
58 69 0 8 0.0139164207503
20 61 0 8 0.0139151317999
9 31 0 8 0.0138788074255
24 59 0 8 0.0138402320445
25 30 0 8 0.0138386506587
9 53 0 8 0.0138203566894
41 60 0 8 0.0138172181323
9 59 0 8 0.0138148590922
45 53 0 8 0.0137938596308
32 57 0 8 0.0137681895867
1 59 0 8 0.0137675227597
3 34 0 8 0.0137549480423
39 45 0 8 0.0137405367568
29 45 0 8 0.0137372547761
1 13 0 8 0.0137243336067
15 61 0 8 0.0137227326632
1 11 0 8 0.0137049639598
24 57 0 8 0.0136778289452
27 58 0 8 0.0136758936569
15 69 0 8 0.0136565398425
24 69 0 8 0.0136492326856
7 45 0 8 0.0136363096535
30 59 0 8 0.0136178890243
43 68 0 8 0.013591857627
1 62 0 8 0.0135370576754
62 68 0 8 0.0134888878092
4 58 0 8 0.0134764257818
30 69 0 8 0.0134660834447
35 53 0 8 0.0134449293837
10 27 0 8 0.0134276356548
13 43 0 8 0.0134190097451
13 41 0 8 0.0134079353884
40 46 0 8 0.0133814057335
25 29 0 8 0.0133544690907
13 24 0 8 0.0133513091132
32 60 0 8 0.0133296810091
5 24 0 8 0.0133290914819
1 51 0 8 0.0133276619017
12 69 0 8 0.0132958395407
1 45 0 8 0.0132778482512
32 53 0 8 0.0132722575217
2 62 0 8 0.0132673680782
8 17 0 8 0.0132617456838
2 61 0 8 0.0132291754708
9 43 0 8 0.0131981130689
5 26 0 8 0.0131951142102
61 69 0 8 0.0131922699511
3 40 0 8 0.0131905758753
28 54 0 8 0.0131893903017
4 12 0 8 0.0131820691749
2 25 0 8 0.0131760044023
11 36 0 8 0.0131541732699
13 49 0 8 0.01311774645
1 12 0 8 0.0131120309234
7 19 0 8 0.0131078790873
5 20 0 8 0.0130989691243
41 68 0 8 0.0130589483306
25 58 0 8 0.0130572337657
9 17 0 8 0.0130503783002
1 54 0 8 0.0130295753479
1 49 0 8 0.0130111481994
34 64 0 8 0.0130066424608
31 55 0 8 0.0129448575899
26 58 0 8 0.0129348756745
3 61 0 8 0.0129242260009
60 69 0 8 0.0129045369104
58 68 0 8 0.0129012092948
31 52 0 8 0.0128780938685
17 55 0 8 0.0128698647022
3 63 0 8 0.0128599219024
10 38 0 8 0.0128570897505
16 24 0 8 0.0128548257053
3 65 0 8 0.0128481229767
38 53 0 8 0.0128272268921
41 46 0 8 0.0128226261586
20 58 0 8 0.0128030367196
1 55 0 8 0.012793420814
19 40 0 8 0.0127551518381
11 29 0 8 0.0127360476181
40 45 0 8 0.0127340815961
39 60 0 8 0.0127270333469
9 37 0 8 0.0127056846395
19 61 0 8 0.0126924067736
4 43 0 8 0.0126895811409
15 24 0 8 0.0126816136762
1 63 0 8 0.012590739876
21 59 0 8 0.0125504089519
4 21 0 8 0.0125451330096
46 64 0 8 0.0125165516511
2 24 0 8 0.0124694434926
18 62 0 8 0.0124086299911
51 63 0 8 0.012390405871
11 38 0 8 0.0123757272959
13 22 0 8 0.0123721668497
30 58 0 8 0.0123575795442
9 62 0 8 0.0123305125162
39 68 0 8 0.0123265702277
5 22 0 8 0.0123217469081
31 45 0 8 0.0122994426638
48 64 0 8 0.0122779067606
32 43 0 8 0.0122701833025
5 25 0 8 0.0122654512525
4 44 0 8 0.0122484154999
9 48 0 8 0.0121817672625
1 52 0 8 0.0121792200953
42 68 0 8 0.012173880823
7 41 0 8 0.0121545540169
41 56 0 8 0.0120971314609
27 69 0 8 0.0120961852372
39 57 0 8 0.0120901577175
30 55 0 8 0.0120505550876
4 42 0 8 0.0120205497369
31 47 0 8 0.0119555043057
20 40 0 8 0.011954896152
33 68 0 8 0.0119504751638
46 54 0 8 0.011939692311
31 64 0 8 0.0119355861098
2 14 0 8 0.0119300987571
18 58 0 8 0.0119297280908
29 54 0 8 0.0119293564931
5 57 0 8 0.0118992291391
10 31 0 8 0.0118970265612
31 60 0 8 0.0118862232193
38 66 0 8 0.011870608665
3 62 0 8 0.0118332710117
11 31 0 8 0.0118267722428
31 69 0 8 0.0118058752269
4 53 0 8 0.0118002416566
59 69 0 8 0.0117740249261
28 69 0 8 0.0117599181831
15 65 0 8 0.0117084160447
4 46 0 8 0.0117005398497
19 58 0 8 0.0116915823892
54 66 0 8 0.0116778546944
4 45 0 8 0.0115963071585
38 56 0 8 0.0115956189111
33 42 0 8 0.0115711223334
9 45 0 8 0.0115664657205
1 61 0 8 0.0115628577769
7 20 0 8 0.0115538360551
53 61 0 8 0.0115471063182
2 12 0 8 0.0114835808054
62 69 0 8 0.0114191034809
10 29 0 8 0.0114135276526
31 67 0 8 0.0113958986476
7 57 0 8 0.0113647570834
4 41 0 8 0.0113279614598
7 44 0 8 0.011284859851
18 25 0 8 0.0112845143303
34 41 0 8 0.0112525532022
10 69 0 8 0.0112431459129
24 28 0 8 0.0112187350169
37 60 0 8 0.0111928768456
12 38 0 8 0.0111561063677
13 45 0 8 0.0111521724612
5 52 0 8 0.011073987931
1 53 0 8 0.0110589684919
37 68 0 8 0.0110504347831
54 62 0 8 0.0110496487468
3 20 0 8 0.0110484659672
34 46 0 8 0.0110162356868
30 67 0 8 0.0109833115712
32 56 0 8 0.0109804160893
40 69 0 8 0.0109612205997
39 49 0 8 0.0109607661143
35 41 0 8 0.0109401755035
39 55 0 8 0.0109234349802
15 41 0 8 0.0109102027491
22 57 0 8 0.0109082525596
5 54 0 8 0.0109072802588
11 62 0 8 0.0109015256166
31 59 0 8 0.0108974333853
30 49 0 8 0.0108936717734
52 66 0 8 0.0108476653695
15 39 0 8 0.0108034051955
32 44 0 8 0.0107521610335
48 65 0 8 0.0107338968664
4 25 0 8 0.0107330251485
1 50 0 8 0.0106730293483
23 57 0 8 0.0106585482135
17 24 0 8 0.0106486314908
39 66 0 8 0.0106329089031
54 69 0 8 0.010627919808
39 47 0 8 0.0105840917677
4 24 0 8 0.0105823045596
4 47 0 8 0.0105804828927
26 69 0 8 0.0105798784643
13 48 0 8 0.0105543471873
6 42 0 8 0.0105528784916
2 21 0 8 0.0105409566313
46 66 0 8 0.0105329919606
18 40 0 8 0.010521017015
23 33 0 8 0.0105165699497
30 45 0 8 0.0105011342093
31 68 0 8 0.0104919420555
16 54 0 8 0.010451445356
5 53 0 8 0.0104465838522
33 65 0 8 0.0104237422347
8 69 0 8 0.0103852953762
7 40 0 8 0.0103619201109
5 12 0 8 0.0103531228378
39 69 0 8 0.0103186136112
13 39 0 8 0.0102957328781
40 67 0 8 0.0102899763733
22 59 0 8 0.0102654574439
19 33 0 8 0.0102398069575
23 27 0 8 0.0101254880428
12 61 0 8 0.0101021109149
5 13 0 8 0.0100803272799
38 68 0 8 0.0100561417639
35 52 0 8 0.0100429970771
8 15 0 8 0.0100405123085
15 42 0 8 0.0100199449807
22 35 0 8 0.00996782723814
1 43 0 8 0.0099578415975
17 42 0 8 0.00995254982263
55 69 0 8 0.0099439509213
1 14 0 8 0.0099437115714
32 67 0 8 0.00993692036718
41 59 0 8 0.00991235487163
38 46 0 8 0.00990036781877
5 14 0 8 0.0099002411589
13 26 0 8 0.00980921462178
10 61 0 8 0.00978595018387
35 63 0 8 0.00977371819317
42 47 0 8 0.00975662097335
13 61 0 8 0.00973370950669
4 54 0 8 0.00969774089754
38 44 0 8 0.00969442632049
38 43 0 8 0.0096787866205
4 40 0 8 0.00967654772103
33 69 0 8 0.00967076886445
16 37 0 8 0.00966768246144
10 26 0 8 0.00966598000377
4 13 0 8 0.00964727811515
15 62 0 8 0.00960449781269
9 35 0 8 0.00959816761315
37 63 0 8 0.00958164595068
53 69 0 8 0.00954789388925
9 44 0 8 0.00949674099684
6 40 0 8 0.00946804974228
9 34 0 8 0.00944741256535
10 39 0 8 0.00939220003784
42 62 0 8 0.00938606634736
15 25 0 8 0.00938044115901
10 47 0 8 0.00936745852232
11 32 0 8 0.00935164373368
41 47 0 8 0.0093327909708
18 61 0 8 0.0092560723424
5 19 0 8 0.00923088006675
3 13 0 8 0.00923067051917
36 41 0 8 0.00920454226434
46 53 0 8 0.00914124585688
30 65 0 8 0.00912924297154
33 44 0 8 0.00910178478807
44 55 0 8 0.0090592103079
22 54 0 8 0.00902999378741
43 69 0 8 0.00902547687292
9 41 0 8 0.00899832881987
40 64 0 8 0.00898020714521
41 48 0 8 0.00896117370576
23 34 0 8 0.00891150161624
45 65 0 8 0.00888607557863
15 33 0 8 0.0088371578604
22 58 0 8 0.00881714187562
1 25 0 8 0.00880110356957
10 54 0 8 0.00877415109426
45 64 0 8 0.00875606015325
33 66 0 8 0.0087343333289
4 19 0 8 0.00870139617473
41 55 0 8 0.00866023078561
31 51 0 8 0.00861344579607
15 54 0 8 0.00859799981117
10 48 0 8 0.00859485380352
32 45 0 8 0.00858355406672
42 61 0 8 0.00858296919614
50 55 0 8 0.00857346784323
7 54 0 8 0.00856032967567
48 56 0 8 0.00855523254722
6 16 0 8 0.00854724366218
41 49 0 8 0.00851596426219
34 69 0 8 0.00850707478821
31 65 0 8 0.0084792599082
1 56 0 8 0.00842820294201
17 38 0 8 0.00841963943094
38 47 0 8 0.0083092963323
16 36 0 8 0.00828394759446
7 42 0 8 0.00824355240911
32 65 0 8 0.00822521839291
56 69 0 8 0.00818355102092
32 68 0 8 0.00817493256181
21 37 0 8 0.00811795610934
13 33 0 8 0.00808592047542
25 69 0 8 0.00808033812791
38 65 0 8 0.00808004755527
11 69 0 8 0.00804555043578
35 68 0 8 0.0080299815163
46 56 0 8 0.00799856614321
16 33 0 8 0.00799042452127
1 21 0 8 0.00797533523291
2 20 0 8 0.00797026976943
29 46 0 8 0.00796257797629
22 37 0 8 0.00792584847659
32 55 0 8 0.00791992247105
35 60 0 8 0.00789914093912
2 22 0 8 0.00787673611194
37 48 0 8 0.00784733053297
14 35 0 8 0.0078353555873
38 48 0 8 0.00781912170351
37 67 0 8 0.00781398825347
10 43 0 8 0.00780325289816
10 45 0 8 0.00773584609851
34 68 0 8 0.00773189030588
17 61 0 8 0.00773030985147
53 60 0 8 0.0077143390663
33 45 0 8 0.00770970107988
38 69 0 8 0.00770704960451
37 65 0 8 0.00769969355315
14 32 0 8 0.00769915105775
4 14 0 8 0.00767973298207
26 54 0 8 0.00766839599237
24 58 0 8 0.00766661809757
47 63 0 8 0.00753476843238
37 47 0 8 0.0075285024941
41 66 0 8 0.00747379707173
39 63 0 8 0.00742813013494
31 66 0 8 0.00735914194956
36 60 0 8 0.00732218613848
35 65 0 8 0.00730029307306
35 57 0 8 0.00725182890892
15 40 0 8 0.00724143115804
1 24 0 8 0.00722075579688
3 19 0 8 0.00721920048818
11 30 0 8 0.00717329466715
42 66 0 8 0.00715441768989
7 15 0 8 0.00714455824345
6 13 0 8 0.00709569593892
2 23 0 8 0.00704937474802
30 52 0 8 0.00704455655068
40 47 0 8 0.00703517720103
34 66 0 8 0.00703326519579
29 50 0 8 0.00702370097861
17 37 0 8 0.00694774184376
6 17 0 8 0.00694061629474
4 18 0 8 0.00691754324362
36 69 0 8 0.00691688526422
36 68 0 8 0.00684980815277
9 54 0 8 0.00684923725203
4 15 0 8 0.0068075992167
48 55 0 8 0.00679189991206
9 40 0 8 0.0067625795491
11 35 0 8 0.00672034360468
13 31 0 8 0.00671836733818
30 62 0 8 0.00671454658732
37 66 0 8 0.00670925341547
40 66 0 8 0.00665272446349
35 67 0 8 0.00665173772722
35 69 0 8 0.00664336234331
34 67 0 8 0.0066169439815
10 32 0 8 0.00660987664014
19 36 0 8 0.00660925684497
14 28 0 8 0.00659519294277
38 51 0 8 0.00659385276958
42 69 0 8 0.00658608274534
7 43 0 8 0.00658018328249
32 54 0 8 0.00656261341646
37 69 0 8 0.00652829231694
32 63 0 8 0.00650607887655
17 26 0 8 0.00650553917512
39 48 0 8 0.00648263469338
9 42 0 8 0.00648245029151
19 38 0 8 0.00647118641064
14 40 0 8 0.00646381732076
17 58 0 8 0.0064619560726
2 15 0 8 0.00642886990681
31 62 0 8 0.00640301126987
38 60 0 8 0.00640270486474
18 36 0 8 0.00637457333505
40 65 0 8 0.00636155065149
1 17 0 8 0.00635708821937
32 69 0 8 0.00634846184403
10 30 0 8 0.00633660331368
17 54 0 8 0.00632494082674
25 61 0 8 0.00632438948378
10 41 0 8 0.00632315175608
22 61 0 8 0.00632218457758
20 25 0 8 0.00631900085136
36 53 0 8 0.00629781140015
45 56 0 8 0.00628044316545
47 66 0 8 0.00624673906714
13 28 0 8 0.00624143658206
10 37 0 8 0.00621677469462
44 65 0 8 0.00621270760894
32 51 0 8 0.00619092397392
11 61 0 8 0.00618737563491
4 22 0 8 0.00613608863205
44 53 0 8 0.00613576825708
7 17 0 8 0.00610458245501
4 23 0 8 0.00607061060145
1 23 0 8 0.00606097653508
39 58 0 8 0.00605868780985
14 38 0 8 0.0060319211334
16 26 0 8 0.00602649198845
34 60 0 8 0.00601188512519
37 56 0 8 0.00600942922756
24 54 0 8 0.00593907013535
1 18 0 8 0.00592698855326
46 65 0 8 0.00590621260926
42 65 0 8 0.00589194800705
23 58 0 8 0.00586157245561
17 36 0 8 0.00583606958389
7 16 0 8 0.00573128741235
40 55 0 8 0.00572893163189
43 64 0 8 0.00572071038187
11 40 0 8 0.00570295099169
6 15 0 8 0.00569037860259
34 65 0 8 0.00567784393206
1 20 0 8 0.00567072536796
2 18 0 8 0.00563348829746
36 64 0 8 0.00562072126195
9 36 0 8 0.00561250792816
37 53 0 8 0.00560746714473
36 67 0 8 0.00558251608163
46 63 0 8 0.00555602321401
18 39 0 8 0.00555559620261
29 51 0 8 0.00549648981541
1 22 0 8 0.0054679363966
3 18 0 8 0.00546753173694
1 19 0 8 0.00546196242794
36 59 0 8 0.00544216996059
35 59 0 8 0.00544068403542
44 63 0 8 0.00542516540736
37 46 0 8 0.00542188342661
2 17 0 8 0.00540724117309
3 15 0 8 0.00539182731882
33 59 0 8 0.00538435066119
42 60 0 8 0.00538247171789
27 54 0 8 0.00535669922829
15 26 0 8 0.0053476113826
36 63 0 8 0.00534441135824
45 66 0 8 0.0053203268908
53 58 0 8 0.00531835155562
43 48 0 8 0.00530264666304
30 47 0 8 0.00529367569834
17 25 0 8 0.00522581161931
44 66 0 8 0.00520315207541
23 61 0 8 0.00519345141947
38 49 0 8 0.00518920551986
5 16 0 8 0.00516868475825
19 37 0 8 0.00515125691891
40 63 0 8 0.00512572238222
45 55 0 8 0.00512184062973
1 15 0 8 0.00507399113849
33 58 0 8 0.00506242131814
10 36 0 8 0.00502728531137
43 66 0 8 0.0049857175909
40 48 0 8 0.00496714981273
36 55 0 8 0.00494804186746
39 59 0 8 0.00494009908289
36 65 0 8 0.00492004444823
38 62 0 8 0.00490090390667
39 62 0 8 0.00488066952676
30 53 0 8 0.00485510379076
45 63 0 8 0.00482938252389
30 66 0 8 0.00482688331977
10 35 0 8 0.00476204697043
41 63 0 8 0.0047297407873
5 15 0 8 0.00468816608191
33 62 0 8 0.00468152714893
38 63 0 8 0.0046778623946
1 16 0 8 0.00462854932994
10 42 0 8 0.00462782429531
36 46 0 8 0.00459814816713
16 35 0 8 0.0045887012966
40 49 0 8 0.00454368256032
31 61 0 8 0.00449313176796
7 14 0 8 0.00448540691286
43 65 0 8 0.00446705473587
15 36 0 8 0.00444779079407
31 53 0 8 0.00444558029994
34 42 0 8 0.00443430431187
42 64 0 8 0.00442824792117
31 50 0 8 0.00442568399012
16 27 0 8 0.00441863853484
40 58 0 8 0.00441716425121
40 60 0 8 0.00441005639732
45 57 0 8 0.00437944335863
12 35 0 8 0.00435967231169
13 38 0 8 0.0043339272961
20 33 0 8 0.00425214134157
12 29 0 8 0.00423268880695
5 17 0 8 0.00417056912556
38 59 0 8 0.00416950555518
2 19 0 8 0.00414959387854
37 55 0 8 0.00412938883528
12 30 0 8 0.00412238994613
36 66 0 8 0.00411171931773
4 16 0 8 0.0040999641642
36 52 0 8 0.0040884539485
38 45 0 8 0.00408290140331
30 61 0 8 0.00406143907458
42 63 0 8 0.00405200850219
39 50 0 8 0.00404793536291
30 50 0 8 0.00404354324564
13 40 0 8 0.00404301285744
13 27 0 8 0.00403946824372
2 16 0 8 0.00401287665591
49 63 0 8 0.00393697386608
14 36 0 8 0.00392429577187
36 56 0 8 0.00389491324313
31 57 0 8 0.0038735982962
10 40 0 8 0.00385325285606
43 60 0 8 0.00383955356665
34 55 0 8 0.00380973145366
36 47 0 8 0.00380197027698
37 64 0 8 0.00379668246023
34 63 0 8 0.0037631590385
34 51 0 8 0.00371563155204
37 57 0 8 0.00367957842536
34 62 0 8 0.00366587610915
38 55 0 8 0.00364652043208
32 59 0 8 0.00364333065227
31 48 0 8 0.0036164324265
44 56 0 8 0.00361467362382
51 56 0 8 0.00359665672295
34 59 0 8 0.00359176588245
3 16 0 8 0.00358481681906
31 54 0 8 0.00358397536911
41 62 0 8 0.00357998278923
38 61 0 8 0.00356863834895
21 26 0 8 0.00355564663187
34 49 0 8 0.00355266942643
33 61 0 8 0.00353052234277
45 58 0 8 0.00350694614463
13 32 0 8 0.0035029775463
41 61 0 8 0.00349472789094
37 59 0 8 0.00347942416556
44 57 0 8 0.0034745153971
30 54 0 8 0.00344902812503
41 53 0 8 0.00343967741355
34 45 0 8 0.00342587055638
36 44 0 8 0.00337840220891
5 18 0 8 0.00335080712102
34 58 0 8 0.00329228304327
30 51 0 8 0.00324311666191
43 63 0 8 0.00320945191197
40 59 0 8 0.00320568610914
35 42 0 8 0.00319085689262
24 31 0 8 0.00318493810482
31 58 0 8 0.00317566259764
45 60 0 8 0.00317171029747
32 62 0 8 0.00317031587474
35 46 0 8 0.0031479478348
35 66 0 8 0.00314070051536
46 57 0 8 0.0031172526069
37 45 0 8 0.00311171566136
34 43 0 8 0.00310127111152
46 62 0 8 0.00308004859835
40 62 0 8 0.00306767341681
11 37 0 8 0.00306418747641
36 43 0 8 0.00304674985819
41 51 0 8 0.00304118474014
34 57 0 8 0.00302219763398
43 59 0 8 0.00301846582443
40 56 0 8 0.00301038357429
18 26 0 8 0.00300310226157
32 66 0 8 0.00300050340593
44 62 0 8 0.0029948358424
44 61 0 8 0.00298767257482
37 43 0 8 0.00298205763102
41 57 0 8 0.00297928997315
34 44 0 8 0.00297170202248
35 58 0 8 0.00297041097656
16 28 0 8 0.00295816292055
16 34 0 8 0.00293469498865
36 42 0 8 0.00290742330253
51 62 0 8 0.0028937428724
12 36 0 8 0.00289354752749
18 33 0 8 0.00289292004891
17 33 0 8 0.00289183086716
13 34 0 8 0.00288803176954
3 17 0 8 0.00288687436841
38 58 0 8 0.00284437695518
48 54 0 8 0.00281140417792
35 45 0 8 0.00278775929473
32 58 0 8 0.00277090771124
43 56 0 8 0.00275200651959
39 61 0 8 0.00274314149283
34 56 0 8 0.00273445458151
14 29 0 8 0.00267639709637
35 43 0 8 0.0026675532572
40 61 0 8 0.00264487112872
14 31 0 8 0.00263240630738
42 56 0 8 0.00263169268146
52 57 0 8 0.00260508502834
38 57 0 8 0.00257323752157
15 27 0 8 0.00256799021736
22 34 0 8 0.00254658353515
32 61 0 8 0.00253891106695
36 58 0 8 0.00253505818546
45 59 0 8 0.00253165443428
37 44 0 8 0.00252815987915
7 13 0 8 0.00252443738282
43 57 0 8 0.00252270558849
17 28 0 8 0.00249824486673
21 33 0 8 0.00248750927858
42 59 0 8 0.00248697563075
37 42 0 8 0.00246858759783
44 60 0 8 0.00246005295776
37 58 0 8 0.00244070705958
32 48 0 8 0.00243823649362
37 61 0 8 0.0024365473073
15 38 0 8 0.0024195080623
32 49 0 8 0.00241484330036
35 56 0 8 0.00240889913402
35 62 0 8 0.00240278686397
43 62 0 8 0.00240019359626
42 55 0 8 0.00240016495809
17 27 0 8 0.00236614653841
45 61 0 8 0.00235514249653
20 34 0 8 0.00232497346587
15 28 0 8 0.0023209664505
47 54 0 8 0.0023025451228
48 57 0 8 0.00229926896282
37 62 0 8 0.0022919124458
35 55 0 8 0.00228027626872
18 38 0 8 0.00227478379384
21 34 0 8 0.0022365800105
35 51 0 8 0.00223592994735
33 54 0 8 0.00221734424122
51 61 0 8 0.002211548388
14 37 0 8 0.002194120083
43 61 0 8 0.00217168917879
35 61 0 8 0.00216315127909
20 37 0 8 0.00216281996109
44 59 0 8 0.00216169143096
4 17 0 8 0.00213177059777
48 63 0 8 0.00213041994721
49 56 0 8 0.00212627812289
45 51 0 8 0.00211047497578
40 50 0 8 0.00210364814848
45 54 0 8 0.00208167289384
13 29 0 8 0.00205392530188
42 48 0 8 0.00204792129807
47 57 0 8 0.00204414478503
18 32 0 8 0.00201735994779
36 61 0 8 0.00200550537556
36 62 0 8 0.00200437172316
23 32 0 8 0.00199750252068
18 37 0 8 0.00197300990112
20 36 0 8 0.00196864572354
46 60 0 8 0.00193080573808
22 32 0 8 0.0019302534638
34 61 0 8 0.00192144094035
43 58 0 8 0.00191220699344
41 58 0 8 0.00191133725457
35 44 0 8 0.00190701393876
13 37 0 8 0.00190295849461
15 37 0 8 0.00188801577315
15 34 0 8 0.00187101797201
42 49 0 8 0.00186943169683
42 57 0 8 0.00185374927241
49 55 0 8 0.00184385594912
53 59 0 8 0.00184045406058
14 34 0 8 0.001818120596
45 50 0 8 0.00181550299749
13 36 0 8 0.001804479165
13 30 0 8 0.00179282482713
43 50 0 8 0.00178093952127
34 53 0 8 0.00177996919956
15 29 0 8 0.00177335098851
45 62 0 8 0.00176227896009
44 49 0 8 0.00176087522414
21 32 0 8 0.00171901134308
44 58 0 8 0.00171871355269
39 54 0 8 0.001693835482
34 47 0 8 0.00168537732679
14 30 0 8 0.00167392822914
16 31 0 8 0.00167192541994
48 62 0 8 0.00166960223578
19 26 0 8 0.00166298751719
41 54 0 8 0.00165214238223
17 32 0 8 0.00165200396441
46 59 0 8 0.00164124765433
36 54 0 8 0.00163929781411
50 56 0 8 0.0016338020796
36 45 0 8 0.00161600660067
19 34 0 8 0.00160894577857
18 34 0 8 0.00158850266598
40 57 0 8 0.00155330845155
52 61 0 8 0.00155210262164
17 35 0 8 0.00154615670908
34 54 0 8 0.00153466081247
15 30 0 8 0.001533561619
17 31 0 8 0.001495884615
42 52 0 8 0.00148354505654
47 62 0 8 0.00145743845496
48 60 0 8 0.00145088217687
39 51 0 8 0.00143051764462
41 50 0 8 0.00142101384699
50 62 0 8 0.00140920991544
40 52 0 8 0.00140874565113
42 58 0 8 0.00140170042869
24 29 0 8 0.00139257498085
49 60 0 8 0.00137436389923
16 29 0 8 0.00136586290319
44 51 0 8 0.00136495521292
51 60 0 8 0.00134443386924
22 27 0 8 0.00133215531241
16 32 0 8 0.00130864314269
46 61 0 8 0.00127525092103
47 60 0 8 0.00127426011022
15 31 0 8 0.00126270158216
43 53 0 8 0.00125309929717
18 27 0 8 0.00122626451775
24 30 0 8 0.00119881331921
43 55 0 8 0.00118333776481
15 32 0 8 0.00118326966185
17 34 0 8 0.00118059851229
23 31 0 8 0.00117041077465
35 54 0 8 0.0011613065144
40 54 0 8 0.0011572856456
20 26 0 8 0.00115716550499
42 53 0 8 0.00115431135055
20 35 0 8 0.00113993126433
21 31 0 8 0.00111925345846
44 50 0 8 0.00111373292748
43 49 0 8 0.00111273291986
40 53 0 8 0.00109405291732
50 63 0 8 0.00109120260458
19 35 0 8 0.0010433193529
43 52 0 8 0.00103709299583
47 58 0 8 0.00103438354563
48 59 0 8 0.00103236827999
16 30 0 8 0.00101294787601
50 61 0 8 0.00100608088542
18 28 0 8 0.000969453132711
42 51 0 8 0.000967854692135
49 57 0 8 0.00096553505864
49 58 0 8 0.000953954760917
40 51 0 8 0.000935771793593
47 61 0 8 0.00092691014288
38 54 0 8 0.00090984191047
19 27 0 8 0.000881783780642
13 35 0 8 0.000876311445609
50 59 0 8 0.000864049012307
50 60 0 8 0.000841861008666
49 59 0 8 0.000814842933323
44 54 0 8 0.00080885051284
43 51 0 8 0.000804058741778
20 32 0 8 0.000799662841018
17 29 0 8 0.000798894732725
52 60 0 8 0.000789598794654
37 54 0 8 0.000774633255787
15 35 0 8 0.000750996754505
23 28 0 8 0.00074445415521
19 31 0 8 0.000729478953872
50 58 0 8 0.000703235855326
42 54 0 8 0.000698162475601
19 28 0 8 0.000690839951858
49 61 0 8 0.000683294259943
50 57 0 8 0.000679092714563
48 58 0 8 0.000669156899676
18 30 0 8 0.000668377382681
20 28 0 8 0.000642363680527
18 35 0 8 0.000636701355688
17 30 0 8 0.000618271937128
46 58 0 8 0.000617595214862
49 62 0 8 0.000586740789004
20 27 0 8 0.000578482809942
18 31 0 8 0.000560442276765
19 32 0 8 0.000554592465051
51 57 0 8 0.000549801101442
47 59 0 8 0.00054350955179
51 59 0 8 0.000539893517271
52 59 0 8 0.000536513340194
18 29 0 8 0.000521859095898
19 29 0 8 0.000513545644935
22 31 0 8 0.000503074901644
20 31 0 8 0.000495103478897
21 28 0 8 0.000481616210891
22 28 0 8 0.00046377783292
42 50 0 8 0.000459340051748
48 61 0 8 0.000429595267633
43 54 0 8 0.000413383881096
52 58 0 8 0.000411600631196
21 27 0 8 0.000388491607737
23 29 0 8 0.000372009264538
19 30 0 8 0.000371674628695
20 30 0 8 0.000354749703547
23 30 0 8 0.000273720099358
51 58 0 8 0.000258693646174
22 30 0 8 0.000222414018936
21 29 0 8 0.000219150781049
21 30 0 8 0.00021849462064
20 29 0 8 0.000216816973989
22 29 0 8 0.000163926088135
