79 80 0 8 0.999998688698
78 79 0 8 0.999990105629
1 2 0 8 0.999986827374
62 63 0 8 0.999984443188
66 67 0 8 0.999970912933
65 66 0 8 0.999965965748
17 18 0 8 0.999963402748
68 69 0 8 0.999949514866
19 20 0 8 0.999949097633
61 62 0 8 0.999945819378
2 3 0 8 0.99994379282
3 4 0 8 0.999938607216
70 71 0 8 0.999936878681
72 73 0 8 0.999930620193
15 16 0 8 0.999913036823
75 76 0 8 0.999912440777
63 64 0 8 0.999912261963
67 68 0 8 0.999897897243
12 13 0 8 0.99989593029
69 70 0 8 0.999890804291
73 74 0 8 0.999872982502
76 77 0 8 0.99983394146
39 40 0 8 0.999820768833
71 72 0 8 0.99981802702
64 65 0 8 0.999811351299
14 15 0 8 0.999803543091
41 42 0 8 0.999799370766
18 19 0 8 0.999768853188
16 17 0 8 0.999768555164
57 58 0 8 0.999767124653
22 23 0 8 0.999765396118
21 22 0 8 0.999764144421
74 75 0 8 0.999748528004
10 11 0 8 0.999719917774
40 41 0 8 0.999661982059
4 5 0 8 0.999644100666
23 24 0 8 0.999642848969
11 12 0 8 0.999583423138
77 78 0 8 0.999574065208
50 51 0 8 0.999559938908
13 14 0 8 0.999552965164
20 21 0 8 0.999540507793
58 59 0 8 0.999504625797
46 47 0 8 0.999417006969
48 49 0 8 0.9994109869
38 39 0 8 0.999360144138
37 38 0 8 0.999335587025
60 61 0 8 0.999255657196
52 53 0 8 0.999159216881
44 45 0 8 0.999153256416
42 43 0 8 0.999147474766
51 52 0 8 0.999094188213
45 46 0 8 0.999077022076
56 57 0 8 0.99898982048
49 50 0 8 0.998841166496
32 33 0 8 0.998729467392
36 37 0 8 0.998542845249
43 44 0 8 0.998528718948
59 60 0 8 0.998443245888
33 34 0 8 0.998438835144
9 10 0 8 0.998305261135
47 48 0 8 0.998272001743
24 25 0 8 0.997940480709
34 35 0 8 0.997700572014
25 26 0 8 0.997499167919
54 55 0 8 0.997253894806
8 9 0 8 0.996721208096
31 32 0 8 0.996607840061
53 54 0 8 0.996447265148
35 36 0 8 0.996004760265
6 7 0 8 0.995302200317
7 8 0 8 0.994819879532
5 6 0 8 0.994579434395
26 27 0 8 0.994257330894
55 56 0 8 0.993582069874
33 35 0 8 0.993413925171
38 40 0 8 0.992872536182
28 29 0 8 0.99273788929
63 65 0 8 0.992055058479
29 30 0 8 0.99151724577
67 69 0 8 0.991512835026
66 68 0 8 0.990669488907
16 18 0 8 0.989686846733
27 28 0 8 0.989435553551
73 75 0 8 0.989305138588
65 67 0 8 0.989208936691
30 31 0 8 0.988887906075
62 64 0 8 0.987831115723
12 14 0 8 0.986932039261
70 72 0 8 0.98588514328
64 66 0 8 0.983977735043
68 70 0 8 0.983469367027
69 71 0 8 0.980828821659
72 74 0 8 0.978957116604
11 13 0 8 0.978732645512
34 36 0 8 0.978616774082
63 66 0 8 0.977411568165
14 16 0 8 0.976627349854
15 17 0 8 0.976605534554
66 69 0 8 0.976207733154
45 47 0 8 0.97528219223
47 49 0 8 0.974599957466
19 21 0 8 0.974362134933
40 42 0 8 0.973950862885
73 76 0 8 0.973082661629
75 77 0 8 0.972963571548
71 73 0 8 0.971778869629
35 37 0 8 0.970502793789
39 41 0 8 0.968414902687
43 45 0 8 0.968096911907
12 15 0 8 0.967407763004
67 70 0 8 0.967009007931
74 76 0 8 0.965189099312
42 44 0 8 0.964800715446
17 19 0 8 0.964046835899
9 11 0 8 0.961015999317
13 15 0 8 0.960268735886
63 67 0 8 0.959265828133
61 63 0 8 0.959254562855
70 73 0 8 0.958928704262
18 20 0 8 0.957286596298
19 22 0 8 0.955798864365
20 22 0 8 0.955474019051
41 43 0 8 0.955415785313
12 16 0 8 0.952274143696
10 12 0 8 0.950783014297
60 62 0 8 0.950768589973
38 41 0 8 0.949844539165
37 39 0 8 0.948948442936
6 8 0 8 0.948307037354
16 19 0 8 0.945938706398
4 6 0 8 0.944698512554
36 38 0 8 0.944102168083
11 15 0 8 0.943592071533
15 18 0 8 0.941781699657
13 16 0 8 0.941047787666
77 79 0 8 0.938677489758
49 66 0 8 0.936724245548
62 65 0 8 0.936282753944
45 70 0 8 0.935619473457
49 51 0 8 0.9348269701
37 41 0 8 0.93458712101
64 67 0 8 0.933606266975
76 78 0 8 0.927831113338
42 73 0 8 0.926881253719
49 63 0 8 0.925339400768
65 68 0 8 0.925240933895
51 53 0 8 0.924409925938
44 46 0 8 0.923314213753
42 70 0 8 0.920636355877
66 70 0 8 0.919667720795
14 17 0 8 0.918420910835
33 36 0 8 0.91684037447
41 45 0 8 0.916706681252
38 42 0 8 0.916582882404
69 72 0 8 0.912585496902
8 10 0 8 0.910617530346
11 14 0 8 0.91044074297
45 66 0 8 0.906006395817
37 40 0 8 0.905881881714
74 77 0 8 0.902752757072
42 45 0 8 0.901393294334
40 43 0 8 0.901183366776
62 66 0 8 0.900227665901
46 67 0 8 0.89517557621
17 20 0 8 0.891951799393
39 42 0 8 0.89013671875
19 23 0 8 0.890092790127
5 7 0 8 0.889251232147
9 12 0 8 0.888562440872
49 67 0 8 0.886379361153
38 73 0 8 0.886010169983
46 48 0 8 0.885878801346
71 74 0 8 0.885844290257
46 70 0 8 0.883220911026
72 75 0 8 0.883191466331
78 80 0 8 0.882785916328
22 41 0 8 0.881316304207
19 41 0 8 0.880131006241
34 37 0 8 0.879587650299
53 55 0 8 0.879376888275
7 9 0 8 0.879236638546
15 19 0 8 0.879063248634
41 44 0 8 0.87844222784
60 63 0 8 0.877235651016
36 40 0 8 0.870758473873
35 38 0 8 0.868632733822
68 71 0 8 0.868321537971
59 61 0 8 0.867109358311
69 73 0 8 0.861694216728
59 62 0 8 0.860064864159
74 78 0 8 0.858986496925
61 64 0 8 0.858899712563
39 43 0 8 0.858770668507
23 25 0 8 0.851882100105
10 13 0 8 0.851679444313
65 69 0 8 0.850595772266
20 23 0 8 0.848868787289
48 50 0 8 0.846483588219
75 78 0 8 0.845355331898
8 12 0 8 0.84407055378
58 62 0 8 0.842969596386
72 76 0 8 0.842918753624
36 39 0 8 0.842912495136
40 44 0 8 0.841612040997
18 22 0 8 0.839865207672
71 75 0 8 0.839051246643
18 21 0 8 0.837769150734
10 14 0 8 0.837603509426
2 4 0 8 0.837246358395
67 71 0 8 0.835198998451
61 65 0 8 0.829698383808
21 23 0 8 0.827610373497
8 11 0 8 0.824886083603
34 38 0 8 0.820105552673
33 37 0 8 0.818423449993
31 33 0 8 0.817963957787
28 30 0 8 0.817922770977
24 26 0 8 0.817455291748
13 17 0 8 0.814903199673
58 63 0 8 0.814858675003
14 18 0 8 0.812478899956
15 73 0 8 0.810457706451
9 13 0 8 0.810310423374
35 39 0 8 0.810190081596
70 74 0 8 0.807264924049
73 77 0 8 0.804168045521
16 20 0 8 0.803957164288
50 52 0 8 0.80072081089
49 70 0 8 0.797251343727
1 3 0 8 0.792120635509
64 68 0 8 0.791334748268
68 72 0 8 0.789046347141
26 28 0 8 0.787201166153
6 9 0 8 0.786404967308
56 58 0 8 0.785636782646
60 64 0 8 0.783957064152
43 46 0 8 0.782938539982
59 63 0 8 0.781278550625
18 41 0 8 0.779457569122
50 63 0 8 0.773621201515
41 73 0 8 0.769827187061
32 34 0 8 0.767483890057
52 54 0 8 0.766229212284
54 56 0 8 0.766164183617
27 29 0 8 0.762571871281
3 5 0 8 0.757591128349
19 37 0 8 0.757124900818
76 79 0 8 0.752978742123
55 57 0 8 0.749493539333
18 69 0 8 0.746698319912
5 8 0 8 0.743275284767
42 46 0 8 0.742306888103
43 47 0 8 0.73976701498
7 11 0 8 0.737707555294
45 49 0 8 0.734723687172
44 47 0 8 0.732376873493
44 48 0 8 0.722258687019
25 27 0 8 0.717610776424
32 36 0 8 0.709795057774
19 38 0 8 0.706732869148
77 80 0 8 0.697773039341
57 59 0 8 0.69129472971
17 21 0 8 0.688431560993
58 60 0 8 0.685628771782
5 9 0 8 0.674280703068
46 66 0 8 0.674226403236
11 69 0 8 0.671743154526
45 48 0 8 0.665878772736
23 41 0 8 0.661584496498
29 31 0 8 0.655602097511
75 79 0 8 0.653002440929
47 50 0 8 0.651130318642
42 74 0 8 0.64751470089
30 32 0 8 0.642386972904
6 10 0 8 0.641496837139
23 28 0 8 0.63940936327
7 10 0 8 0.635020852089
46 49 0 8 0.631207287312
23 37 0 8 0.627967596054
4 7 0 8 0.623980998993
22 24 0 8 0.62240588665
22 44 0 8 0.620041489601
47 51 0 8 0.61694008112
22 45 0 8 0.613871634007
58 66 0 8 0.607754528522
32 35 0 8 0.597133815289
46 50 0 8 0.594986617565
19 34 0 8 0.591853320599
4 8 0 8 0.584984958172
76 80 0 8 0.578228592873
53 56 0 8 0.555422127247
19 73 0 8 0.540908157825
31 35 0 8 0.528866052628
20 24 0 8 0.505273461342
22 40 0 8 0.504993081093
18 73 0 8 0.503455340862
18 45 0 8 0.495416551828
15 41 0 8 0.480004608631
3 7 0 8 0.479065716267
23 26 0 8 0.47585567832
52 56 0 8 0.47507494688
31 34 0 8 0.472601026297
48 51 0 8 0.464784622192
50 54 0 8 0.455675899982
15 69 0 8 0.443529784679
19 45 0 8 0.437781065702
49 52 0 8 0.432553976774
15 38 0 8 0.428079128265
48 52 0 8 0.425546824932
45 69 0 8 0.409544020891
52 55 0 8 0.406839221716
53 57 0 8 0.402480810881
21 24 0 8 0.37739366293
51 55 0 8 0.377024501562
45 73 0 8 0.366327643394
54 57 0 8 0.355938196182
49 53 0 8 0.355713605881
39 73 0 8 0.346838057041
28 31 0 8 0.338111311197
2 5 0 8 0.336061000824
51 54 0 8 0.335530757904
50 53 0 8 0.325925260782
3 6 0 8 0.320944905281
53 58 0 8 0.320491969585
23 27 0 8 0.317088127136
16 31 0 8 0.310209006071
30 34 0 8 0.304016619921
24 27 0 8 0.303887844086
32 37 0 8 0.302393615246
22 42 0 8 0.286671519279
39 74 0 8 0.286460220814
26 29 0 8 0.285069912672
1 4 0 8 0.279461085796
22 69 0 8 0.278142690659
26 30 0 8 0.276720792055
25 29 0 8 0.273256987333
24 28 0 8 0.272517681122
25 28 0 8 0.271364539862
11 72 0 8 0.270809829235
30 33 0 8 0.270030319691
15 66 0 8 0.269230484962
1 5 0 8 0.266317874193
3 8 0 8 0.26589846611
15 45 0 8 0.265386134386
2 6 0 8 0.260910242796
22 38 0 8 0.260122090578
12 73 0 8 0.258069247007
29 32 0 8 0.257170110941
16 37 0 8 0.254239499569
12 31 0 8 0.25365588069
16 34 0 8 0.249788850546
15 70 0 8 0.2490003407
19 69 0 8 0.247894376516
22 37 0 8 0.24551127851
58 61 0 8 0.243331670761
22 66 0 8 0.240617692471
23 31 0 8 0.24033716321
23 29 0 8 0.239881366491
54 58 0 8 0.237810313702
16 41 0 8 0.235854059458
19 28 0 8 0.235576868057
55 58 0 8 0.234988719225
31 36 0 8 0.232709765434
18 38 0 8 0.22913198173
28 32 0 8 0.22896951437
23 32 0 8 0.225731790066
15 37 0 8 0.222184672952
23 38 0 8 0.218025535345
41 70 0 8 0.217480391264
18 66 0 8 0.214758753777
22 28 0 8 0.210877031088
22 48 0 8 0.210473537445
12 38 0 8 0.209242582321
20 28 0 8 0.207304060459
23 30 0 8 0.206268206239
16 30 0 8 0.204103335738
15 49 0 8 0.203118860722
23 34 0 8 0.202706664801
16 38 0 8 0.201165392995
11 66 0 8 0.194811999798
22 73 0 8 0.193123802543
12 37 0 8 0.191550344229
38 74 0 8 0.190219193697
16 66 0 8 0.190051943064
27 30 0 8 0.189294293523
27 31 0 8 0.187536463141
29 33 0 8 0.186726644635
56 59 0 8 0.184223756194
23 40 0 8 0.184147432446
12 49 0 8 0.182885602117
52 57 0 8 0.182779759169
57 62 0 8 0.179845556617
51 56 0 8 0.1790817976
20 30 0 8 0.178983822465
19 31 0 8 0.178864553571
20 27 0 8 0.174678429961
12 41 0 8 0.174377724528
18 49 0 8 0.174070179462
15 42 0 8 0.17392385006
19 40 0 8 0.172546446323
41 66 0 8 0.171342581511
37 73 0 8 0.168525472283
41 63 0 8 0.167478650808
18 42 0 8 0.167285263538
15 31 0 8 0.16673502326
14 66 0 8 0.165847688913
23 33 0 8 0.163605511189
15 34 0 8 0.163049504161
52 58 0 8 0.160224661231
18 48 0 8 0.160065203905
57 63 0 8 0.157670989633
19 66 0 8 0.15760846436
43 70 0 8 0.157355755568
37 66 0 8 0.156044006348
57 61 0 8 0.155735746026
15 35 0 8 0.15539957583
16 28 0 8 0.153141945601
51 66 0 8 0.152755618095
45 51 0 8 0.152531638741
23 44 0 8 0.151779189706
51 58 0 8 0.150274440646
16 73 0 8 0.149964287877
22 70 0 8 0.149717003107
12 45 0 8 0.149682551622
23 45 0 8 0.149195194244
41 69 0 8 0.14894631505
24 29 0 8 0.148116126657
16 45 0 8 0.147308975458
19 42 0 8 0.14631806314
12 32 0 8 0.146312877536
38 70 0 8 0.1458799541
15 40 0 8 0.145461261272
14 69 0 8 0.144749432802
22 34 0 8 0.142991319299
23 42 0 8 0.142770886421
19 32 0 8 0.140599161386
20 29 0 8 0.139984115958
57 60 0 8 0.139401465654
18 44 0 8 0.138503491879
19 30 0 8 0.138208985329
53 63 0 8 0.138141945004
42 69 0 8 0.137759819627
45 63 0 8 0.137285530567
12 34 0 8 0.136041373014
16 40 0 8 0.135934755206
26 31 0 8 0.135405704379
11 41 0 8 0.134835600853
16 32 0 8 0.134491384029
42 66 0 8 0.134253278375
51 63 0 8 0.134004145861
16 49 0 8 0.133479475975
20 26 0 8 0.133004590869
38 66 0 8 0.132875785232
42 67 0 8 0.132698684931
30 35 0 8 0.132594272494
37 70 0 8 0.131509393454
12 69 0 8 0.130835130811
16 70 0 8 0.130786150694
11 37 0 8 0.130762562156
11 38 0 8 0.130356162786
38 63 0 8 0.128381595016
26 34 0 8 0.127481535077
11 16 0 8 0.12698610127
11 73 0 8 0.126490056515
51 57 0 8 0.126431852579
22 32 0 8 0.126370623708
6 11 0 8 0.125863477588
32 40 0 8 0.125198602676
18 23 0 8 0.12502028048
34 70 0 8 0.124826863408
37 69 0 8 0.124704033136
45 67 0 8 0.12430139631
11 65 0 8 0.123713292181
18 37 0 8 0.123679153621
37 63 0 8 0.123311564326
34 66 0 8 0.123038887978
19 70 0 8 0.122542612255
42 63 0 8 0.122510284185
28 34 0 8 0.122441053391
32 66 0 8 0.121883757412
12 40 0 8 0.121581867337
22 49 0 8 0.120421566069
22 31 0 8 0.119815468788
34 63 0 8 0.119522437453
5 69 0 8 0.11919298768
31 37 0 8 0.118348173797
15 51 0 8 0.118147812784
11 45 0 8 0.118050649762
25 31 0 8 0.117812626064
41 58 0 8 0.117197565734
15 32 0 8 0.116769738495
55 63 0 8 0.116506896913
47 63 0 8 0.11618219316
55 59 0 8 0.115428395569
28 37 0 8 0.114967510104
25 30 0 8 0.11491087079
41 67 0 8 0.114859543741
56 60 0 8 0.114244818687
47 53 0 8 0.113659434021
28 36 0 8 0.113035514951
26 32 0 8 0.112894006073
30 36 0 8 0.112888157368
28 33 0 8 0.112815089524
58 69 0 8 0.111468806863
2 7 0 8 0.111207552254
19 49 0 8 0.109965592623
24 30 0 8 0.109488278627
18 70 0 8 0.109295375645
51 70 0 8 0.108841493726
40 66 0 8 0.108753323555
45 50 0 8 0.108700416982
19 26 0 8 0.108298294246
23 36 0 8 0.108137138188
12 35 0 8 0.108098357916
42 53 0 8 0.10764618963
22 29 0 8 0.107347793877
42 58 0 8 0.106952808797
22 36 0 8 0.106676258147
15 36 0 8 0.10665153712
5 73 0 8 0.106510147452
22 39 0 8 0.106486029923
58 64 0 8 0.10547567904
34 69 0 8 0.105198398232
22 25 0 8 0.105104751885
22 26 0 8 0.104627072811
18 32 0 8 0.104036338627
38 69 0 8 0.103835210204
16 51 0 8 0.103713512421
47 66 0 8 0.103329978883
46 51 0 8 0.102455630898
19 24 0 8 0.102415949106
12 36 0 8 0.10178027302
11 42 0 8 0.101554766297
16 35 0 8 0.101504810154
56 62 0 8 0.101463392377
22 35 0 8 0.101226039231
49 62 0 8 0.101198777556
19 33 0 8 0.101083338261
38 67 0 8 0.100521638989
16 42 0 8 0.0999512970448
12 44 0 8 0.0993970260024
11 40 0 8 0.0989183187485
53 66 0 8 0.09890537709
49 58 0 8 0.098900385201
20 34 0 8 0.0982691347599
19 35 0 8 0.0980600938201
15 72 0 8 0.0980518683791
56 63 0 8 0.0980494171381
12 66 0 8 0.0976589098573
46 52 0 8 0.0973579585552
53 59 0 8 0.0972890481353
16 36 0 8 0.0969128608704
4 9 0 8 0.0968687832355
29 34 0 8 0.096647374332
18 40 0 8 0.0965199917555
19 36 0 8 0.0959737226367
34 73 0 8 0.0959258452058
19 47 0 8 0.0955203548074
23 35 0 8 0.0953281000257
16 33 0 8 0.0952705815434
12 42 0 8 0.0952196121216
12 70 0 8 0.0951040536165
8 69 0 8 0.0948291793466
47 58 0 8 0.0945325642824
24 31 0 8 0.0944353044033
18 34 0 8 0.0942801162601
29 35 0 8 0.0942791625857
47 67 0 8 0.0940605774522
16 29 0 8 0.0937836021185
47 70 0 8 0.0935889333487
19 44 0 8 0.0930280089378
11 47 0 8 0.0930079370737
34 67 0 8 0.0928077846766
40 70 0 8 0.0925799235702
12 58 0 8 0.0925665646791
40 73 0 8 0.0925122946501
20 31 0 8 0.0919052138925
7 12 0 8 0.0913469716907
49 69 0 8 0.0912406742573
41 49 0 8 0.0909869074821
45 53 0 8 0.090781763196
5 72 0 8 0.0896895900369
28 35 0 8 0.0893422216177
22 43 0 8 0.0885214358568
26 33 0 8 0.0881192833185
18 72 0 8 0.0880750417709
41 53 0 8 0.0877979844809
49 73 0 8 0.0873996242881
24 32 0 8 0.087278150022
12 47 0 8 0.0869216695428
38 58 0 8 0.0868592262268
41 46 0 8 0.0868229046464
22 30 0 8 0.0866877585649
55 62 0 8 0.0865988135338
50 56 0 8 0.0865705087781
28 41 0 8 0.0864481553435
58 67 0 8 0.0864140018821
12 53 0 8 0.086210437119
3 9 0 8 0.085962548852
51 69 0 8 0.0859332159162
2 8 0 8 0.0856521427631
32 70 0 8 0.0855072140694
5 34 0 8 0.0853491723537
29 37 0 8 0.0850702822208
16 53 0 8 0.0849196985364
37 67 0 8 0.0843540802598
12 48 0 8 0.0842792093754
34 58 0 8 0.0842128098011
11 70 0 8 0.0841670185328
51 67 0 8 0.0840517356992
5 10 0 8 0.0838210210204
16 69 0 8 0.0837314426899
50 58 0 8 0.0835245028138
28 40 0 8 0.0834072679281
32 73 0 8 0.083160802722
19 29 0 8 0.0830769240856
12 51 0 8 0.0829311013222
20 25 0 8 0.0828636139631
32 63 0 8 0.0827757641673
25 32 0 8 0.0827049389482
46 53 0 8 0.0824309810996
41 76 0 8 0.0821241289377
6 12 0 8 0.0820588096976
15 47 0 8 0.0813569799066
42 47 0 8 0.0807830989361
12 46 0 8 0.0807464718819
49 54 0 8 0.080559246242
51 73 0 8 0.0805064588785
23 43 0 8 0.0800529792905
53 62 0 8 0.079980134964
15 48 0 8 0.0798121765256
22 33 0 8 0.0794736519456
5 41 0 8 0.0793495178223
19 27 0 8 0.079237818718
23 49 0 8 0.0790598616004
23 70 0 8 0.0790010392666
16 63 0 8 0.0787658691406
40 63 0 8 0.0786417648196
21 25 0 8 0.0785687863827
23 73 0 8 0.0784820616245
22 58 0 8 0.0784320011735
47 73 0 8 0.0780032873154
38 53 0 8 0.0768422931433
55 66 0 8 0.0767943784595
45 58 0 8 0.0767485126853
22 72 0 8 0.0766149237752
15 33 0 8 0.0760663971305
23 66 0 8 0.0760004222393
12 30 0 8 0.0758015736938
49 57 0 8 0.0757437720895
47 52 0 8 0.0755452737212
15 63 0 8 0.0753877535462
35 63 0 8 0.0753022581339
33 70 0 8 0.0747379362583
49 55 0 8 0.0745966657996
16 47 0 8 0.0741644054651
5 37 0 8 0.0741458907723
8 44 0 8 0.0741280168295
25 33 0 8 0.0738083869219
34 39 0 8 0.0735083296895
12 67 0 8 0.0734050944448
4 12 0 8 0.0733648687601
15 67 0 8 0.0733294636011
31 39 0 8 0.073309391737
53 70 0 8 0.0730380564928
19 25 0 8 0.072965785861
53 69 0 8 0.0728563219309
40 45 0 8 0.0728462338448
37 58 0 8 0.0725410655141
59 64 0 8 0.0719587132335
11 34 0 8 0.0717100724578
42 48 0 8 0.0713742822409
19 51 0 8 0.0710577443242
12 72 0 8 0.0707878768444
12 63 0 8 0.0706703141332
23 69 0 8 0.070548966527
15 28 0 8 0.0705186873674
30 37 0 8 0.0704302787781
15 53 0 8 0.0703646168113
29 36 0 8 0.0703041404486
40 69 0 8 0.0702322348952
32 69 0 8 0.0697512552142
20 32 0 8 0.0690004006028
18 28 0 8 0.0689098238945
12 28 0 8 0.0688868686557
3 11 0 8 0.0687967464328
1 6 0 8 0.0687860399485
23 39 0 8 0.068510055542
46 58 0 8 0.0684865489602
18 47 0 8 0.068397320807
16 58 0 8 0.068161226809
44 66 0 8 0.0676403045654
38 49 0 8 0.0675325617194
47 69 0 8 0.0671324729919
28 39 0 8 0.0670806616545
48 53 0 8 0.0670685768127
22 47 0 8 0.0670138671994
28 44 0 8 0.0669077038765
33 38 0 8 0.0668090134859
42 49 0 8 0.0667681619525
42 51 0 8 0.0665664002299
15 58 0 8 0.0660639107227
48 54 0 8 0.065819837153
46 63 0 8 0.0656835138798
11 49 0 8 0.0656118243933
22 27 0 8 0.0655645728111
19 46 0 8 0.0654707625508
40 76 0 8 0.0653071030974
19 63 0 8 0.0652683079243
33 66 0 8 0.0649760738015
23 48 0 8 0.0648719221354
27 33 0 8 0.0647777542472
35 70 0 8 0.0646866261959
26 35 0 8 0.0646606683731
35 66 0 8 0.0646485388279
12 33 0 8 0.0642957910895
41 51 0 8 0.0642539560795
67 73 0 8 0.0641160830855
42 71 0 8 0.0641005560756
32 38 0 8 0.0640545710921
50 55 0 8 0.0640285611153
23 63 0 8 0.0638675019145
48 58 0 8 0.0638267099857
28 45 0 8 0.0634971484542
1 7 0 8 0.0634183511138
3 39 0 8 0.0631666854024
12 50 0 8 0.0629715919495
18 51 0 8 0.0628540590405
45 76 0 8 0.0627836957574
53 67 0 8 0.0627600476146
50 67 0 8 0.0626509860158
12 39 0 8 0.0624140165746
43 73 0 8 0.0623507164419
16 46 0 8 0.0622369349003
28 42 0 8 0.0621458403766
5 11 0 8 0.0619586855173
11 51 0 8 0.0617673769593
50 62 0 8 0.0616615749896
57 66 0 8 0.0612029768527
22 62 0 8 0.061082676053
35 69 0 8 0.060978513211
19 53 0 8 0.060911051929
22 51 0 8 0.0608693882823
16 67 0 8 0.0607643425465
22 46 0 8 0.0607560127974
21 28 0 8 0.0606628023088
15 44 0 8 0.0604943931103
54 59 0 8 0.0603558793664
35 40 0 8 0.0602971836925
31 69 0 8 0.0602897033095
33 63 0 8 0.0602839328349
23 51 0 8 0.0601150803268
42 76 0 8 0.0601072832942
24 33 0 8 0.0600345879793
37 53 0 8 0.0598285533488
52 59 0 8 0.0596845969558
18 31 0 8 0.0595597177744
31 73 0 8 0.0594755485654
13 31 0 8 0.0594701915979
11 36 0 8 0.0585942082107
12 52 0 8 0.0585537441075
25 34 0 8 0.0584462881088
43 48 0 8 0.0583895780146
20 37 0 8 0.0583677180111
43 53 0 8 0.0583404861391
50 57 0 8 0.0581521727145
23 46 0 8 0.0579371601343
29 39 0 8 0.0578795820475
40 67 0 8 0.057865191251
8 72 0 8 0.0577081553638
51 62 0 8 0.057670917362
28 69 0 8 0.057576213032
36 66 0 8 0.0573531761765
44 49 0 8 0.0571941398084
35 73 0 8 0.0570575408638
30 39 0 8 0.0569716319442
28 66 0 8 0.0565548613667
22 63 0 8 0.0564580224454
30 38 0 8 0.056421212852
20 38 0 8 0.0563563853502
27 32 0 8 0.0562673434615
27 34 0 8 0.056214813143
12 43 0 8 0.0562146119773
26 37 0 8 0.0562008246779
28 38 0 8 0.0561873950064
16 26 0 8 0.0560305193067
48 55 0 8 0.0557281672955
24 34 0 8 0.0554853454232
14 45 0 8 0.0553904362023
18 35 0 8 0.0552781708539
66 73 0 8 0.0552340969443
75 80 0 8 0.0551980435848
16 48 0 8 0.0548722147942
17 28 0 8 0.0548306629062
16 27 0 8 0.0547629147768
8 33 0 8 0.0547231175005
15 46 0 8 0.0543230250478
15 23 0 8 0.0542010776699
4 34 0 8 0.0540494658053
18 33 0 8 0.0539994947612
15 50 0 8 0.0539024025202
11 53 0 8 0.053689327091
44 63 0 8 0.0534953549504
26 36 0 8 0.0533140301704
23 47 0 8 0.0532517209649
11 48 0 8 0.0530390292406
22 53 0 8 0.052951015532
8 32 0 8 0.0529334172606
15 43 0 8 0.0527393259108
32 41 0 8 0.0526251085103
23 67 0 8 0.0525663644075
11 63 0 8 0.052544362843
36 70 0 8 0.0525344647467
47 55 0 8 0.0525251738727
13 28 0 8 0.0522463545203
19 43 0 8 0.0522201396525
34 62 0 8 0.0521734319627
48 57 0 8 0.052066989243
6 73 0 8 0.0519297383726
19 39 0 8 0.051847808063
38 55 0 8 0.0516810230911
43 63 0 8 0.0516776703298
18 36 0 8 0.0516212768853
16 50 0 8 0.0514081381261
16 44 0 8 0.0512065850198
22 67 0 8 0.0511853434145
19 67 0 8 0.0511849485338
74 79 0 8 0.0508887805045
11 43 0 8 0.0506607182324
4 49 0 8 0.0504710413516
63 70 0 8 0.0503930263221
34 72 0 8 0.0502476431429
31 63 0 8 0.0501951165497
46 73 0 8 0.0501559153199
28 46 0 8 0.0501081980765
31 70 0 8 0.0499549694359
45 72 0 8 0.0499322898686
51 59 0 8 0.049917858094
44 70 0 8 0.0497716441751
44 62 0 8 0.0497594587505
33 69 0 8 0.0496559366584
31 66 0 8 0.0496148727834
49 56 0 8 0.0495670698583
35 58 0 8 0.0494583919644
5 38 0 8 0.0494279116392
59 67 0 8 0.0493635646999
53 60 0 8 0.0491072461009
8 13 0 8 0.0490338765085
43 58 0 8 0.0490301661193
28 73 0 8 0.0489484667778
36 69 0 8 0.0489319115877
11 19 0 8 0.0485858097672
5 12 0 8 0.048551723361
14 41 0 8 0.0485450513661
11 44 0 8 0.0484748631716
14 37 0 8 0.0483365319669
38 76 0 8 0.0481539703906
48 59 0 8 0.0480836108327
9 44 0 8 0.047736056149
44 54 0 8 0.047684494406
5 33 0 8 0.047462657094
32 58 0 8 0.0473762229085
11 58 0 8 0.0472818389535
56 66 0 8 0.0470619723201
12 27 0 8 0.0470191054046
34 76 0 8 0.0470043122768
14 65 0 8 0.0469777882099
6 38 0 8 0.0469604469836
29 40 0 8 0.0468119457364
41 47 0 8 0.0467387028039
5 13 0 8 0.0467358753085
23 58 0 8 0.0465906560421
9 32 0 8 0.0465298593044
26 40 0 8 0.0463922321796
16 25 0 8 0.0463089868426
46 54 0 8 0.0463068298995
18 30 0 8 0.045850738883
46 57 0 8 0.04579398036
46 69 0 8 0.0457007735968
6 41 0 8 0.0455858819187
42 50 0 8 0.0454538352787
16 43 0 8 0.0454078391194
32 44 0 8 0.0453279465437
57 65 0 8 0.0453232526779
50 70 0 8 0.0449626110494
8 34 0 8 0.0448010601103
33 67 0 8 0.0447418168187
44 58 0 8 0.0446848608553
2 10 0 8 0.0445950068533
50 66 0 8 0.0445231944323
33 73 0 8 0.0445078425109
58 65 0 8 0.0445054247975
12 55 0 8 0.0440848134458
44 52 0 8 0.0439256206155
14 73 0 8 0.0438861846924
11 67 0 8 0.043834824115
8 50 0 8 0.0436293706298
31 44 0 8 0.0435416214168
16 23 0 8 0.0435037650168
32 67 0 8 0.0434747189283
11 32 0 8 0.0434664785862
54 63 0 8 0.0433944538236
42 77 0 8 0.0433779768646
8 38 0 8 0.0429896228015
3 48 0 8 0.0429686456919
44 73 0 8 0.0428177453578
8 45 0 8 0.0427906028926
54 60 0 8 0.0427572727203
52 60 0 8 0.0427335873246
8 51 0 8 0.0427043363452
28 70 0 8 0.0424293763936
9 14 0 8 0.0423260107636
4 51 0 8 0.0421561039984
4 40 0 8 0.0420740135014
13 30 0 8 0.041867300868
11 35 0 8 0.0418220162392
43 51 0 8 0.0416410565376
8 41 0 8 0.0415915772319
44 51 0 8 0.0415654703975
41 72 0 8 0.0415304712951
34 53 0 8 0.0411632284522
28 48 0 8 0.04112752527
12 57 0 8 0.0411164499819
35 67 0 8 0.0411050096154
8 73 0 8 0.0409603305161
15 39 0 8 0.040890455246
25 36 0 8 0.0408677645028
44 50 0 8 0.0408413819969
40 51 0 8 0.0407465212047
27 35 0 8 0.0407398790121
3 54 0 8 0.0406975410879
34 42 0 8 0.0406433939934
43 67 0 8 0.0406066253781
4 33 0 8 0.0405253916979
11 62 0 8 0.0404199250042
5 42 0 8 0.0403871648014
46 55 0 8 0.0402832590044
37 51 0 8 0.0402759686112
44 55 0 8 0.0401552692056
20 46 0 8 0.0400626659393
43 69 0 8 0.0399050936103
51 72 0 8 0.0398972854018
40 58 0 8 0.039867606014
31 38 0 8 0.0398553572595
19 48 0 8 0.0397883914411
36 63 0 8 0.0397687219083
49 72 0 8 0.0397677570581
41 55 0 8 0.039722379297
15 26 0 8 0.0396658927202
45 57 0 8 0.0395965315402
14 34 0 8 0.039502914995
28 43 0 8 0.0394446514547
17 29 0 8 0.0394425913692
11 31 0 8 0.0393354557455
45 55 0 8 0.0391559526324
48 66 0 8 0.0391485057771
53 73 0 8 0.0391469709575
39 44 0 8 0.0390820801258
38 51 0 8 0.0390733703971
43 66 0 8 0.0390469618142
26 44 0 8 0.0390223488212
42 78 0 8 0.0389912202954
48 56 0 8 0.0389765799046
20 42 0 8 0.0389028191566
48 63 0 8 0.0388919785619
12 29 0 8 0.0388239249587
30 44 0 8 0.0387455448508
49 76 0 8 0.0387293435633
12 17 0 8 0.0386968366802
32 76 0 8 0.0386507958174
30 62 0 8 0.0386130176485
12 76 0 8 0.0386109165847
28 63 0 8 0.0385817214847
42 55 0 8 0.0385780781507
5 51 0 8 0.0385677106678
37 76 0 8 0.0385217666626
11 46 0 8 0.0384982228279
23 53 0 8 0.0384859144688
18 53 0 8 0.0384715646505
19 58 0 8 0.0384460836649
15 76 0 8 0.0384277626872
42 57 0 8 0.0384250320494
44 69 0 8 0.0383987277746
23 52 0 8 0.0383338816464
54 62 0 8 0.0382838733494
18 46 0 8 0.038230612874
73 78 0 8 0.0382067188621
3 34 0 8 0.0381507761776
6 15 0 8 0.0380860865116
52 62 0 8 0.0380376912653
7 15 0 8 0.0378021113575
8 65 0 8 0.0377922989428
6 69 0 8 0.0377789437771
28 72 0 8 0.0377457179129
15 55 0 8 0.0376086458564
12 20 0 8 0.0375431142747
31 67 0 8 0.0374053567648
56 61 0 8 0.0372207984328
47 72 0 8 0.0372116677463
44 53 0 8 0.0370952114463
4 10 0 8 0.0369681492448
16 76 0 8 0.0369477495551
4 45 0 8 0.0368112362921
13 49 0 8 0.0368096232414
22 76 0 8 0.036771170795
46 71 0 8 0.0367042571306
45 62 0 8 0.0365557856858
23 72 0 8 0.0365440510213
37 42 0 8 0.0365268997848
30 69 0 8 0.0364726893604
2 14 0 8 0.0364705696702
16 55 0 8 0.0364497192204
26 48 0 8 0.036311391741
20 44 0 8 0.0362680442631
4 41 0 8 0.0362522117794
35 41 0 8 0.036237962544
20 41 0 8 0.0362042561173
41 77 0 8 0.0361867956817
11 39 0 8 0.0361647829413
31 40 0 8 0.036043677479
16 39 0 8 0.0360137932003
13 34 0 8 0.0360112451017
11 68 0 8 0.0359974689782
20 33 0 8 0.0359869599342
3 12 0 8 0.0359463319182
50 72 0 8 0.0359089970589
6 34 0 8 0.0358214601874
18 67 0 8 0.0354844033718
31 42 0 8 0.0354809053242
34 41 0 8 0.0354194268584
28 58 0 8 0.0353591777384
4 37 0 8 0.0353130809963
6 40 0 8 0.0352912470698
5 40 0 8 0.0352634079754
28 62 0 8 0.0352220311761
48 69 0 8 0.0352089740336
14 49 0 8 0.0351636223495
41 78 0 8 0.0348483547568
56 65 0 8 0.034845110029
19 50 0 8 0.034759439528
8 40 0 8 0.0347210764885
52 63 0 8 0.0346867889166
5 49 0 8 0.0346783064306
18 63 0 8 0.0346674919128
34 71 0 8 0.0346179120243
10 65 0 8 0.0345679521561
67 72 0 8 0.0344392135739
30 41 0 8 0.034428678453
13 32 0 8 0.0343708656728
34 40 0 8 0.0343387760222
4 69 0 8 0.0343309491873
12 19 0 8 0.0343208760023
39 70 0 8 0.034304022789
41 50 0 8 0.0341971814632
31 72 0 8 0.0341953523457
42 56 0 8 0.034142062068
17 30 0 8 0.0341119728982
30 72 0 8 0.0341095365584
44 72 0 8 0.0341061428189
14 38 0 8 0.0340881980956
5 32 0 8 0.0340129248798
8 55 0 8 0.0338833630085
18 43 0 8 0.0338457114995
43 49 0 8 0.0337736457586
37 72 0 8 0.0337518081069
25 37 0 8 0.0331104919314
47 76 0 8 0.0330945923924
38 72 0 8 0.0330763086677
9 30 0 8 0.0330583266914
36 41 0 8 0.0330156311393
6 42 0 8 0.0329532511532
55 67 0 8 0.0329290777445
33 41 0 8 0.032803453505
46 62 0 8 0.0327367149293
47 77 0 8 0.0327047742903
15 22 0 8 0.0327044501901
2 11 0 8 0.0326721444726
13 27 0 8 0.032623000443
6 14 0 8 0.0325633324683
6 51 0 8 0.0325620882213
13 38 0 8 0.0325606688857
62 67 0 8 0.0324941761792
55 69 0 8 0.0323976837099
26 38 0 8 0.0323854573071
16 52 0 8 0.0323815308511
30 63 0 8 0.0323605760932
8 37 0 8 0.0322809927166
9 34 0 8 0.0322191305459
14 40 0 8 0.0321141555905
63 69 0 8 0.0321082919836
36 73 0 8 0.0320596322417
24 37 0 8 0.0320334248245
4 50 0 8 0.03199878335
9 38 0 8 0.0319869853556
20 45 0 8 0.0319796204567
6 37 0 8 0.0319617241621
14 62 0 8 0.0319263674319
29 38 0 8 0.0319168195128
21 48 0 8 0.031867466867
5 45 0 8 0.0318354927003
32 62 0 8 0.0318236425519
53 65 0 8 0.0318213067949
42 52 0 8 0.031799916178
14 28 0 8 0.0317185893655
18 29 0 8 0.0316271074116
22 50 0 8 0.0316067039967
12 54 0 8 0.0315785855055
20 36 0 8 0.0315656140447
54 66 0 8 0.0315590314567
54 65 0 8 0.0314291939139
49 59 0 8 0.0314110182226
13 37 0 8 0.0314097478986
45 56 0 8 0.03140200302
21 26 0 8 0.0313853062689
28 67 0 8 0.0313236899674
29 44 0 8 0.031298674643
6 32 0 8 0.0312034673989
4 44 0 8 0.0311499238014
29 62 0 8 0.0311461184174
18 76 0 8 0.0310889147222
48 70 0 8 0.0310862008482
50 59 0 8 0.0310327019542
50 69 0 8 0.0308624524623
31 62 0 8 0.0308589991182
24 36 0 8 0.0308308098465
27 36 0 8 0.0308191869408
15 52 0 8 0.0308120436966
31 41 0 8 0.030796578154
49 71 0 8 0.0307884793729
45 77 0 8 0.0307468939573
3 47 0 8 0.030617211014
39 53 0 8 0.0306079462171
35 53 0 8 0.0304499771446
34 77 0 8 0.0304168723524
25 35 0 8 0.0304047726095
21 27 0 8 0.0303563345224
24 41 0 8 0.0302677545696
60 65 0 8 0.0302633885294
9 45 0 8 0.0302574057132
9 37 0 8 0.0302569847554
39 58 0 8 0.0302253067493
43 55 0 8 0.0301951430738
52 66 0 8 0.0301841702312
5 35 0 8 0.030114017427
10 15 0 8 0.0300982780755
8 36 0 8 0.0300724096596
4 36 0 8 0.0300422087312
21 45 0 8 0.0299806129187
30 66 0 8 0.0299366079271
13 45 0 8 0.029919648543
74 80 0 8 0.02988152951
14 72 0 8 0.0296916179359
40 72 0 8 0.0294532682747
63 68 0 8 0.0293874070048
39 78 0 8 0.0292880572379
29 48 0 8 0.0292171649635
47 57 0 8 0.0291874054819
8 53 0 8 0.029148414731
49 77 0 8 0.0289495419711
3 43 0 8 0.0289228167385
54 69 0 8 0.0288880057633
11 33 0 8 0.0288367532194
30 73 0 8 0.0288306605071
8 30 0 8 0.0288210008293
8 16 0 8 0.0287587102503
58 73 0 8 0.0287169720978
3 72 0 8 0.0286958124489
23 76 0 8 0.0286549925804
10 69 0 8 0.0286527629942
15 27 0 8 0.0286480914801
1 8 0 8 0.0286369733512
14 70 0 8 0.0286128837615
15 30 0 8 0.0284873638302
43 74 0 8 0.0284807048738
46 72 0 8 0.0284783449024
34 65 0 8 0.0284456051886
9 46 0 8 0.0283533595502
16 22 0 8 0.0283438898623
55 65 0 8 0.0282720122486
66 71 0 8 0.0282596889883
21 31 0 8 0.0282161422074
39 66 0 8 0.0281199738383
14 48 0 8 0.028116825968
48 62 0 8 0.0280683487654
45 52 0 8 0.0279866680503
40 49 0 8 0.0279339868575
4 11 0 8 0.0279325954616
4 46 0 8 0.0279072169214
39 63 0 8 0.0279039442539
14 36 0 8 0.0278986599296
52 69 0 8 0.027846282348
8 49 0 8 0.0278318598866
26 45 0 8 0.0278096571565
39 50 0 8 0.0278042834252
11 55 0 8 0.0277939476073
29 69 0 8 0.0275894328952
54 77 0 8 0.0275422856212
4 48 0 8 0.0274183303118
5 68 0 8 0.0273744445294
63 71 0 8 0.0273440536112
51 76 0 8 0.0273284725845
35 72 0 8 0.027272650972
8 35 0 8 0.0272603258491
3 10 0 8 0.0272494014353
21 44 0 8 0.0271708890796
23 50 0 8 0.0270941983908
4 47 0 8 0.0270840134472
6 45 0 8 0.0270795281976
55 72 0 8 0.0270533394068
45 54 0 8 0.0270370021462
8 46 0 8 0.0270161200315
33 62 0 8 0.0270141195506
46 56 0 8 0.0269915442914
47 56 0 8 0.0269890204072
26 41 0 8 0.0269804000854
24 44 0 8 0.0269104931504
20 47 0 8 0.026864413172
20 35 0 8 0.0268048159778
55 70 0 8 0.0267650578171
49 60 0 8 0.0267590843141
47 80 0 8 0.0267345011234
13 33 0 8 0.026688972488
4 53 0 8 0.0266386922449
45 71 0 8 0.0265889428556
55 60 0 8 0.0265280492604
3 52 0 8 0.0264957081527
47 54 0 8 0.026488352567
9 28 0 8 0.0264465846121
33 77 0 8 0.0264335684478
2 34 0 8 0.0264214966446
34 78 0 8 0.0263900626451
36 67 0 8 0.0263400617987
37 45 0 8 0.0263373721391
3 42 0 8 0.0263203568757
3 62 0 8 0.0263089630753
5 66 0 8 0.0261697228998
34 55 0 8 0.0261389352381
44 67 0 8 0.0261239539832
18 26 0 8 0.0261007882655
50 73 0 8 0.0260838903487
56 67 0 8 0.0259740129113
6 49 0 8 0.0259299315512
5 57 0 8 0.0258980356157
53 72 0 8 0.0258371457458
33 58 0 8 0.0258300118148
33 40 0 8 0.0258242301643
37 62 0 8 0.0257914643735
6 13 0 8 0.0257878825068
18 24 0 8 0.0257315784693
41 62 0 8 0.0256373099983
54 67 0 8 0.0255769044161
48 65 0 8 0.0255418475717
7 13 0 8 0.0255351662636
4 38 0 8 0.025480678305
13 41 0 8 0.0253253430128
2 9 0 8 0.02530804649
33 72 0 8 0.0252871531993
30 58 0 8 0.0251895170659
39 57 0 8 0.0251870602369
5 47 0 8 0.0251858532429
30 67 0 8 0.025139214471
1 9 0 8 0.0249533727765
61 66 0 8 0.0249136313796
7 41 0 8 0.0248411335051
42 72 0 8 0.0248252674937
73 79 0 8 0.0247871372849
32 72 0 8 0.0247507989407
56 64 0 8 0.0247259046882
51 65 0 8 0.0247233510017
43 52 0 8 0.0247009731829
57 64 0 8 0.024615926668
5 53 0 8 0.0245552975684
15 56 0 8 0.0244781393558
5 58 0 8 0.0244509577751
32 39 0 8 0.024406645447
50 65 0 8 0.0244025122374
4 32 0 8 0.0243958812207
55 64 0 8 0.0243836399168
12 26 0 8 0.0243400745094
11 76 0 8 0.0243057925254
28 65 0 8 0.0242730136961
34 57 0 8 0.0242359433323
4 42 0 8 0.0242056846619
2 17 0 8 0.0241916105151
11 56 0 8 0.024164615199
30 40 0 8 0.0241505689919
67 74 0 8 0.0241248812526
14 32 0 8 0.0241096690297
18 39 0 8 0.0240080934018
4 15 0 8 0.0239883027971
4 43 0 8 0.0239621847868
27 44 0 8 0.0239274092019
14 51 0 8 0.023908406496
24 35 0 8 0.0238704569638
31 58 0 8 0.0238045156002
28 47 0 8 0.0237583704293
34 51 0 8 0.0237196795642
48 73 0 8 0.0236878618598
21 29 0 8 0.0236789621413
13 29 0 8 0.0236437469721
29 52 0 8 0.0236433111131
3 51 0 8 0.0236401092261
9 31 0 8 0.02360445261
13 40 0 8 0.023554539308
40 77 0 8 0.0235470738262
5 70 0 8 0.0234014540911
40 53 0 8 0.0233065187931
30 70 0 8 0.0233006030321
3 53 0 8 0.0232902634889
8 14 0 8 0.0232635736465
29 72 0 8 0.0232144445181
13 18 0 8 0.0231572501361
9 50 0 8 0.0231105852872
9 40 0 8 0.0230500288308
20 53 0 8 0.0230135153979
38 43 0 8 0.0229254085571
47 62 0 8 0.0227777175605
33 78 0 8 0.0227235946804
43 77 0 8 0.0227076001465
3 50 0 8 0.0226649213582
11 52 0 8 0.0226614773273
22 52 0 8 0.022609340027
52 70 0 8 0.0225828066468
16 56 0 8 0.0225334372371
49 65 0 8 0.0224235262722
14 53 0 8 0.0223530903459
3 45 0 8 0.0223322026432
19 72 0 8 0.0222956314683
33 76 0 8 0.022288672626
8 66 0 8 0.0222816858441
12 77 0 8 0.0222635678947
51 71 0 8 0.0222550518811
51 60 0 8 0.0222439784557
48 60 0 8 0.022240690887
8 67 0 8 0.0222348421812
40 47 0 8 0.0221908334643
28 49 0 8 0.0221814718097
42 79 0 8 0.0221491809934
23 62 0 8 0.0221428591758
35 55 0 8 0.0221249647439
12 56 0 8 0.0221028253436
64 69 0 8 0.0220847334713
63 73 0 8 0.0220653936267
3 69 0 8 0.0220177769661
15 62 0 8 0.0219981577247
8 57 0 8 0.0219309199601
29 42 0 8 0.0218775365502
30 77 0 8 0.02185273543
19 76 0 8 0.0218485668302
5 67 0 8 0.0218458417803
3 65 0 8 0.0218010079116
8 70 0 8 0.0217961203307
32 78 0 8 0.021789630875
59 65 0 8 0.0217521321028
41 57 0 8 0.0217399243265
38 56 0 8 0.0217395145446
31 78 0 8 0.0217373948544
4 72 0 8 0.0217352248728
20 40 0 8 0.0217350274324
40 46 0 8 0.0217228289694
8 52 0 8 0.0216649416834
38 57 0 8 0.0214955154806
13 70 0 8 0.021493114531
5 36 0 8 0.0214734151959
12 23 0 8 0.0214533861727
43 54 0 8 0.0214452408254
22 55 0 8 0.0214219130576
12 78 0 8 0.021418813616
30 42 0 8 0.0214028786868
36 72 0 8 0.0213908273727
31 76 0 8 0.0213234052062
4 39 0 8 0.0212668869644
5 50 0 8 0.0212427265942
9 57 0 8 0.0212055165321
1 10 0 8 0.0211997609586
5 15 0 8 0.0211812518537
43 76 0 8 0.0211580079049
40 48 0 8 0.0211490094662
31 77 0 8 0.0211329031736
47 59 0 8 0.0211083572358
16 72 0 8 0.0210788082331
3 44 0 8 0.0210444033146
4 35 0 8 0.0210438575596
25 40 0 8 0.0210083518177
43 80 0 8 0.021001836285
6 66 0 8 0.0209803562611
5 16 0 8 0.0209433939308
41 56 0 8 0.0209172125906
58 70 0 8 0.0209102407098
69 74 0 8 0.0209028124809
13 36 0 8 0.0208958219737
2 12 0 8 0.0208592694253
7 37 0 8 0.0208174269646
9 53 0 8 0.0208136085421
31 46 0 8 0.0208121556789
48 67 0 8 0.0208120439202
14 35 0 8 0.0207754559815
42 54 0 8 0.0207539647818
48 77 0 8 0.0207184962928
8 48 0 8 0.020689830184
29 66 0 8 0.0206750147045
11 50 0 8 0.0206677373499
24 40 0 8 0.020625654608
11 28 0 8 0.0206032339483
29 41 0 8 0.0205996017903
40 62 0 8 0.02059241198
12 65 0 8 0.0205878727138
18 50 0 8 0.0205673556775
5 28 0 8 0.0205391142517
39 77 0 8 0.0205103028566
3 46 0 8 0.0205042790622
29 54 0 8 0.020501697436
11 18 0 8 0.0204475596547
49 78 0 8 0.0204161535949
3 49 0 8 0.0203879773617
6 53 0 8 0.0203781910241
3 14 0 8 0.0203695520759
4 52 0 8 0.0203648190945
11 54 0 8 0.0203330311924
11 30 0 8 0.020326660946
2 13 0 8 0.0203197449446
25 44 0 8 0.0203113686293
36 53 0 8 0.0203004404902
21 69 0 8 0.0202431622893
41 48 0 8 0.020227259025
7 40 0 8 0.0202107653022
41 52 0 8 0.0201809592545
21 30 0 8 0.0201604310423
37 55 0 8 0.0201526917517
8 39 0 8 0.0201512966305
8 42 0 8 0.0201509147882
38 78 0 8 0.0201044343412
32 43 0 8 0.0200952347368
39 55 0 8 0.0200758967549
21 32 0 8 0.0200614463538
4 14 0 8 0.0200186409056
43 78 0 8 0.0200146567076
25 41 0 8 0.0200104154646
17 31 0 8 0.0199993662536
71 76 0 8 0.0199792403728
8 15 0 8 0.019978037104
9 41 0 8 0.0199625901878
5 44 0 8 0.0199607759714
6 47 0 8 0.0199488829821
50 71 0 8 0.0199122913182
34 64 0 8 0.0199074018747
43 50 0 8 0.0199037455022
12 62 0 8 0.0199002027512
28 51 0 8 0.0198948550969
33 39 0 8 0.0198937114328
4 66 0 8 0.019884634763
14 39 0 8 0.019851103425
23 71 0 8 0.0198355428874
28 71 0 8 0.0198337528855
38 46 0 8 0.0198290832341
59 66 0 8 0.0198178570718
5 31 0 8 0.0197963938117
13 50 0 8 0.0197954270989
11 57 0 8 0.0197901166975
37 49 0 8 0.0197894126177
13 53 0 8 0.0197828151286
22 71 0 8 0.0197730623186
4 55 0 8 0.0197606123984
7 14 0 8 0.019742095843
7 38 0 8 0.0197148229927
57 69 0 8 0.0196906477213
47 78 0 8 0.0196879412979
8 43 0 8 0.0196820702404
45 80 0 8 0.0196803696454
4 73 0 8 0.0196680091321
9 69 0 8 0.0196637064219
35 57 0 8 0.0196294486523
21 41 0 8 0.0196109861135
4 70 0 8 0.0195901952684
54 70 0 8 0.0195805300027
3 35 0 8 0.0195704977959
51 68 0 8 0.0195584502071
17 34 0 8 0.01955335401
7 34 0 8 0.0195468906313
31 59 0 8 0.0195352751762
5 71 0 8 0.0195280648768
29 43 0 8 0.0195113699883
38 52 0 8 0.0195099972188
14 19 0 8 0.0195053312927
3 75 0 8 0.0194982327521
16 24 0 8 0.0194830410182
63 72 0 8 0.0194818489254
48 78 0 8 0.0194285027683
32 53 0 8 0.0193872395903
31 45 0 8 0.0193814560771
29 58 0 8 0.0193543825299
38 50 0 8 0.0193117335439
47 71 0 8 0.0193107239902
13 66 0 8 0.0192986931652
35 76 0 8 0.0192899461836
16 62 0 8 0.0192846190184
38 45 0 8 0.0192743465304
31 53 0 8 0.0192721523345
41 71 0 8 0.0192428659648
37 65 0 8 0.0192334763706
7 44 0 8 0.0192135311663
8 31 0 8 0.0192092638463
8 58 0 8 0.0191944781691
31 43 0 8 0.0191941000521
4 57 0 8 0.0191912371665
41 65 0 8 0.0191645082086
18 58 0 8 0.0191604122519
52 65 0 8 0.0191284380853
12 71 0 8 0.0191165879369
27 37 0 8 0.0190967023373
8 68 0 8 0.0190769471228
13 42 0 8 0.0190723650157
7 65 0 8 0.0190723333508
39 67 0 8 0.0190664306283
38 47 0 8 0.0190555881709
15 20 0 8 0.0190446134657
70 76 0 8 0.0190267246217
70 75 0 8 0.0189996119589
2 53 0 8 0.0189893413335
34 68 0 8 0.018955539912
7 45 0 8 0.018923766911
53 64 0 8 0.0189219322056
38 77 0 8 0.0189109835774
9 49 0 8 0.018878666684
13 51 0 8 0.0188680980355
32 45 0 8 0.0188238359988
38 71 0 8 0.0188008323312
20 43 0 8 0.0187952257693
4 58 0 8 0.0187838468701
38 64 0 8 0.0187633056194
17 22 0 8 0.0187628846616
4 63 0 8 0.0187357757241
36 62 0 8 0.0187280140817
43 72 0 8 0.0187248773873
15 29 0 8 0.0187246762216
38 62 0 8 0.0187043566257
63 78 0 8 0.0186789929867
19 55 0 8 0.0186610817909
14 22 0 8 0.0186382569373
35 78 0 8 0.0185800101608
3 33 0 8 0.0185799580067
6 72 0 8 0.0185768418014
3 41 0 8 0.0185433663428
14 58 0 8 0.0185394585133
44 75 0 8 0.0185384973884
46 77 0 8 0.0184981077909
13 26 0 8 0.0184500161558
14 76 0 8 0.0184271279722
5 39 0 8 0.0184177085757
3 17 0 8 0.0184019319713
52 67 0 8 0.0183836761862
43 57 0 8 0.0183764733374
4 62 0 8 0.0183717962354
39 69 0 8 0.0183686874807
13 35 0 8 0.0183632280678
15 54 0 8 0.0183560736477
3 74 0 8 0.0183545015752
21 38 0 8 0.0183487553149
13 69 0 8 0.0183476302773
37 71 0 8 0.0183474496007
36 58 0 8 0.0183363072574
27 40 0 8 0.0183321963996
2 45 0 8 0.0183297749609
38 65 0 8 0.0183131508529
44 56 0 8 0.0183032229543
5 43 0 8 0.0183006171137
44 76 0 8 0.0182910077274
29 70 0 8 0.018285613507
14 33 0 8 0.0182443074882
46 79 0 8 0.0182371139526
2 65 0 8 0.0182147417217
44 65 0 8 0.0182130150497
31 57 0 8 0.0181741919369
21 37 0 8 0.0181671772152
5 46 0 8 0.0181507561356
54 80 0 8 0.0181422047317
49 64 0 8 0.018108477816
35 43 0 8 0.0181056037545
12 80 0 8 0.0180984754115
6 33 0 8 0.0180899612606
35 62 0 8 0.0180882588029
9 66 0 8 0.0180556178093
12 75 0 8 0.0180541649461
6 70 0 8 0.01805209741
9 80 0 8 0.0180441997945
34 50 0 8 0.0180410947651
2 69 0 8 0.0180347356945
72 77 0 8 0.0180209930986
34 56 0 8 0.0180057007819
32 51 0 8 0.0180012509227
33 71 0 8 0.0179575383663
29 73 0 8 0.0179514177144
8 47 0 8 0.0179345216602
5 76 0 8 0.0179219432175
55 61 0 8 0.0179192330688
12 18 0 8 0.017915347591
20 49 0 8 0.0179144069552
42 64 0 8 0.017911054194
53 68 0 8 0.0179085787386
26 42 0 8 0.0178998168558
9 35 0 8 0.0178829338402
6 35 0 8 0.0178735572845
35 51 0 8 0.0178651288152
56 69 0 8 0.0178536362946
44 77 0 8 0.0178416091949
16 54 0 8 0.0178397707641
29 65 0 8 0.0178341083229
27 41 0 8 0.0178287215531
1 29 0 8 0.01781767793
38 54 0 8 0.0177838727832
46 76 0 8 0.0177762340754
48 72 0 8 0.0177646838129
13 47 0 8 0.0177625697106
15 57 0 8 0.0177469346672
8 63 0 8 0.0177238918841
30 54 0 8 0.0177215766162
26 39 0 8 0.0177155360579
2 46 0 8 0.0176871549338
28 53 0 8 0.017685605213
35 42 0 8 0.0176769420505
9 78 0 8 0.017674267292
9 36 0 8 0.0176289826632
23 55 0 8 0.0176282133907
28 76 0 8 0.0176269318908
4 67 0 8 0.0175838600844
50 75 0 8 0.0175419058651
7 32 0 8 0.017534609884
41 54 0 8 0.0175299793482
39 46 0 8 0.0175217110664
31 60 0 8 0.0175190102309
28 57 0 8 0.0174978561699
42 62 0 8 0.017489971593
16 57 0 8 0.0174799691886
20 66 0 8 0.0174753833562
2 37 0 8 0.0174480099231
30 76 0 8 0.0174085199833
12 79 0 8 0.0173752084374
14 47 0 8 0.017368843779
48 79 0 8 0.0173580721021
13 73 0 8 0.0173547454178
32 42 0 8 0.0173528343439
17 32 0 8 0.0173365809023
2 35 0 8 0.0173261296004
63 77 0 8 0.0173252280802
31 65 0 8 0.017311738804
30 65 0 8 0.0172861814499
1 57 0 8 0.0172547325492
8 78 0 8 0.0172174889594
52 72 0 8 0.0172113887966
10 45 0 8 0.0172039698809
22 65 0 8 0.0171756073833
20 51 0 8 0.0171485729516
22 68 0 8 0.0171269848943
4 56 0 8 0.0170925501734
45 65 0 8 0.0170601587743
9 72 0 8 0.0170565713197
1 30 0 8 0.0170485861599
43 62 0 8 0.0170483365655
18 25 0 8 0.0170420650393
36 78 0 8 0.0170370265841
50 60 0 8 0.0170050989836
5 63 0 8 0.016999065876
14 63 0 8 0.0169937759638
4 54 0 8 0.0169887728989
2 18 0 8 0.0169853493571
29 67 0 8 0.0169850084931
16 71 0 8 0.0169782731682
9 52 0 8 0.0169749390334
4 13 0 8 0.0169452931732
31 71 0 8 0.0169412661344
15 25 0 8 0.0169354230165
9 51 0 8 0.0169095229357
54 78 0 8 0.0168933831155
49 74 0 8 0.0168911330402
10 37 0 8 0.0168891940266
25 38 0 8 0.0168764926493
22 56 0 8 0.016869680956
44 74 0 8 0.0168162081391
7 42 0 8 0.01681330055
70 78 0 8 0.0168126784265
3 71 0 8 0.0168028119951
12 74 0 8 0.016799999401
34 79 0 8 0.0167945493013
32 57 0 8 0.0167762301862
8 71 0 8 0.0167509764433
30 48 0 8 0.0167214982212
39 76 0 8 0.0167099218816
49 68 0 8 0.0167017132044
17 52 0 8 0.0166749432683
29 45 0 8 0.0166659764946
2 39 0 8 0.0166544392705
7 49 0 8 0.0166362226009
66 72 0 8 0.0166359581053
5 18 0 8 0.016627823934
9 43 0 8 0.0166218820959
45 78 0 8 0.0166159756482
57 72 0 8 0.0166009906679
1 12 0 8 0.0165883861482
13 67 0 8 0.0165798850358
21 33 0 8 0.0165736600757
34 60 0 8 0.0165714286268
9 55 0 8 0.0165462531149
8 77 0 8 0.0165393576026
67 75 0 8 0.0165246576071
5 48 0 8 0.0165219474584
9 77 0 8 0.0165171269327
9 27 0 8 0.0165157336742
2 30 0 8 0.0165151841938
49 80 0 8 0.0165131147951
9 42 0 8 0.0164992976934
33 80 0 8 0.0164712965488
10 34 0 8 0.0164636187255
47 65 0 8 0.016450189054
22 54 0 8 0.0164433103055
48 64 0 8 0.0164323467761
2 49 0 8 0.0164060108364
2 50 0 8 0.0163989868015
8 80 0 8 0.0163962095976
7 33 0 8 0.0163586009294
68 73 0 8 0.0163096152246
6 36 0 8 0.0163092855364
34 45 0 8 0.01630862616
34 59 0 8 0.0163019429892
39 51 0 8 0.0162904076278
29 63 0 8 0.016290217638
50 61 0 8 0.0162798371166
46 78 0 8 0.0162588562816
17 37 0 8 0.0162586737424
33 57 0 8 0.0162333026528
14 31 0 8 0.0162252243608
1 48 0 8 0.016225066036
62 70 0 8 0.0162235591561
17 38 0 8 0.0162202399224
36 44 0 8 0.0162130221725
58 72 0 8 0.0162126421928
40 78 0 8 0.0161948017776
5 52 0 8 0.016178406775
9 17 0 8 0.0161725040525
37 77 0 8 0.0161665324122
39 80 0 8 0.0161608401686
2 72 0 8 0.0161606110632
67 79 0 8 0.01614594087
3 64 0 8 0.0161448344588
22 57 0 8 0.0161086544394
44 64 0 8 0.0160978976637
5 55 0 8 0.0160905867815
32 55 0 8 0.0160806626081
1 13 0 8 0.0160426385701
32 79 0 8 0.0160353444517
52 73 0 8 0.0160254389048
11 22 0 8 0.0160038229078
36 76 0 8 0.0159921050072
8 29 0 8 0.0159860961139
23 68 0 8 0.0159848667681
3 70 0 8 0.0159793682396
32 65 0 8 0.0159758161753
41 75 0 8 0.0159756727517
1 14 0 8 0.0159630700946
17 33 0 8 0.0159180033952
35 71 0 8 0.0159079004079
13 44 0 8 0.0159036684781
2 43 0 8 0.0158896204084
26 69 0 8 0.0158873237669
29 53 0 8 0.0158859752119
40 55 0 8 0.0158854611218
13 46 0 8 0.015877366066
50 64 0 8 0.0158760715276
14 43 0 8 0.0158595480025
32 77 0 8 0.0158267375082
15 71 0 8 0.0158166401088
4 71 0 8 0.0158129725605
3 68 0 8 0.0157899260521
3 55 0 8 0.0157797839493
21 34 0 8 0.0157699976116
14 42 0 8 0.0157634615898
17 23 0 8 0.015759550035
1 17 0 8 0.0156982112676
33 59 0 8 0.0156886801124
43 56 0 8 0.0156589578837
38 79 0 8 0.0156580619514
1 50 0 8 0.0156551077962
26 43 0 8 0.0156407710165
40 57 0 8 0.0156322568655
2 51 0 8 0.0156193934381
33 79 0 8 0.0156151335686
36 71 0 8 0.015606392175
13 48 0 8 0.0155763262883
28 52 0 8 0.0155717069283
67 76 0 8 0.0155567871407
55 71 0 8 0.0155508741736
14 44 0 8 0.0155449090526
35 77 0 8 0.015541809611
30 43 0 8 0.015527151525
33 44 0 8 0.0155238425359
5 62 0 8 0.0155178308487
9 67 0 8 0.0155149409547
11 17 0 8 0.0155081832781
31 55 0 8 0.0154758924618
20 50 0 8 0.0154458126053
36 77 0 8 0.0154289994389
22 77 0 8 0.0153961256146
23 65 0 8 0.0153834596276
20 39 0 8 0.0153780216351
29 61 0 8 0.0153662217781
3 37 0 8 0.0153647782281
2 36 0 8 0.0153603637591
8 54 0 8 0.0153496367857
6 67 0 8 0.0153476335108
10 47 0 8 0.0153380092233
29 74 0 8 0.0153365898877
30 71 0 8 0.0153324361891
69 76 0 8 0.0153316231444
4 16 0 8 0.0153214903548
4 65 0 8 0.0153114432469
11 79 0 8 0.0152994710952
28 56 0 8 0.0152875510976
56 68 0 8 0.0152674503624
6 43 0 8 0.0152562204748
31 68 0 8 0.0152342719957
2 47 0 8 0.0152292149141
30 45 0 8 0.0152212223038
35 52 0 8 0.0152115831152
1 78 0 8 0.0151966679841
41 74 0 8 0.0151842916384
46 64 0 8 0.0151806632057
13 20 0 8 0.0151664055884
34 49 0 8 0.0151619538665
3 36 0 8 0.0151377506554
54 68 0 8 0.0151356393471
5 22 0 8 0.0151213658974
3 66 0 8 0.0151212168857
36 65 0 8 0.0151171758771
22 80 0 8 0.0151150822639
17 41 0 8 0.015096694231
6 46 0 8 0.0150889540091
54 71 0 8 0.0150883439928
3 18 0 8 0.0150749580935
23 57 0 8 0.015071134083
2 44 0 8 0.0150710856542
35 65 0 8 0.0150609035045
6 39 0 8 0.0150503041223
9 70 0 8 0.0150361796841
26 66 0 8 0.0150315342471
29 64 0 8 0.0150188384578
32 49 0 8 0.015010651201
48 71 0 8 0.0150086348876
33 53 0 8 0.0149774746969
18 55 0 8 0.0149489399046
29 59 0 8 0.0149482153356
34 46 0 8 0.0148725397885
53 76 0 8 0.0148722678423
30 75 0 8 0.0148532148451
46 80 0 8 0.0148448022082
1 79 0 8 0.0148410368711
12 68 0 8 0.0148039581254
17 49 0 8 0.0147962681949
25 42 0 8 0.0147568313405
38 68 0 8 0.0147512163967
14 50 0 8 0.0147510292009
17 25 0 8 0.0147444261238
52 71 0 8 0.0147418435663
33 55 0 8 0.0147401811555
9 15 0 8 0.0147395655513
3 63 0 8 0.0147217512131
63 79 0 8 0.0147190606222
20 58 0 8 0.0147178089246
7 46 0 8 0.0147118084133
32 74 0 8 0.0147046428174
26 73 0 8 0.0146822622046
1 44 0 8 0.0146709596738
4 80 0 8 0.0146675826982
7 18 0 8 0.014657523483
13 63 0 8 0.0146191250533
22 78 0 8 0.0146172353998
10 38 0 8 0.0146104721352
9 33 0 8 0.0146084064618
9 73 0 8 0.0146059216931
1 52 0 8 0.0145998969674
34 80 0 8 0.0145986480638
53 71 0 8 0.0145852230489
3 40 0 8 0.0145692229271
28 50 0 8 0.0145674711093
3 58 0 8 0.0145444348454
54 72 0 8 0.0145365903154
52 80 0 8 0.0145302247256
6 58 0 8 0.0145284505561
40 71 0 8 0.0145265934989
42 59 0 8 0.0145244905725
33 65 0 8 0.0145167466253
17 48 0 8 0.0145107861608
1 20 0 8 0.0145069668069
28 77 0 8 0.0144919911399
55 68 0 8 0.0144537612796
7 36 0 8 0.0144387166947
33 68 0 8 0.0144357988611
34 74 0 8 0.0144355949014
5 19 0 8 0.0143975252286
34 52 0 8 0.0143931414932
3 79 0 8 0.0143782058731
17 36 0 8 0.0143702616915
14 46 0 8 0.0143629694358
12 59 0 8 0.0143614644185
3 57 0 8 0.0143566383049
34 43 0 8 0.0143482610583
17 44 0 8 0.0143470410258
72 78 0 8 0.0143465958536
26 62 0 8 0.0143407098949
56 72 0 8 0.0143387420103
16 77 0 8 0.0143277207389
13 58 0 8 0.0143149318174
9 58 0 8 0.0143110975623
7 80 0 8 0.0142977181822
23 54 0 8 0.0142940757796
17 45 0 8 0.0142900049686
45 79 0 8 0.0142851499841
2 31 0 8 0.0142800882459
11 29 0 8 0.0142789734527
32 46 0 8 0.0142765911296
2 54 0 8 0.0142722576857
32 71 0 8 0.0142671270296
42 65 0 8 0.014266080223
45 75 0 8 0.0142529094592
14 67 0 8 0.0142518309876
2 57 0 8 0.0142491711304
28 68 0 8 0.0142470551655
16 79 0 8 0.0142448926345
41 79 0 8 0.0142330722883
35 49 0 8 0.0142257483676
41 64 0 8 0.0142232952639
35 46 0 8 0.0142173254862
37 57 0 8 0.0141999740154
19 62 0 8 0.0141864502802
13 80 0 8 0.0141810690984
23 78 0 8 0.0141792427748
17 40 0 8 0.014172819443
44 78 0 8 0.01416326873
3 13 0 8 0.0141505310312
48 68 0 8 0.014119008556
27 38 0 8 0.0140970163047
33 74 0 8 0.0140950810164
14 52 0 8 0.0140744745731
5 23 0 8 0.0140611156821
9 47 0 8 0.0140603017062
14 26 0 8 0.0140570960939
17 27 0 8 0.0140459714457
9 29 0 8 0.0140442876145
47 74 0 8 0.0140294255689
6 18 0 8 0.0140206618235
2 19 0 8 0.0140154361725
65 70 0 8 0.0140082230791
53 61 0 8 0.0139904646203
35 64 0 8 0.0139819160104
49 79 0 8 0.0139787085354
66 74 0 8 0.0139764798805
5 54 0 8 0.0139764798805
3 61 0 8 0.0139638958499
45 68 0 8 0.013952370733
3 38 0 8 0.0139471301809
14 25 0 8 0.0139287542552
30 59 0 8 0.0139019740745
18 56 0 8 0.0138853015378
39 48 0 8 0.0138824423775
57 67 0 8 0.0138732017949
16 78 0 8 0.0138533972204
17 26 0 8 0.0138458106667
32 56 0 8 0.0138346618041
4 68 0 8 0.0138313379139
9 48 0 8 0.0138305835426
7 53 0 8 0.0138276563957
3 67 0 8 0.0138179454952
7 31 0 8 0.0138154309243
47 79 0 8 0.0138122616336
19 52 0 8 0.0138113582507
7 51 0 8 0.013809826225
33 42 0 8 0.0137847615406
7 73 0 8 0.0137818055227
14 55 0 8 0.0137744257227
2 80 0 8 0.013764090836
7 35 0 8 0.0137555040419
73 80 0 8 0.0137539720163
10 41 0 8 0.013750012964
61 69 0 8 0.0137447239831
35 79 0 8 0.0137442331761
30 80 0 8 0.0137284453958
3 15 0 8 0.0137278065085
7 39 0 8 0.0137275345623
33 60 0 8 0.0137226227671
44 79 0 8 0.0137031013146
36 80 0 8 0.0136879459023
1 54 0 8 0.0136805633083
25 39 0 8 0.0136652458459
13 25 0 8 0.0136533547193
52 68 0 8 0.013647492975
1 80 0 8 0.0136444829404
10 36 0 8 0.0136407604441
31 50 0 8 0.0136341229081
29 75 0 8 0.0136235775426
14 20 0 8 0.0136233661324
1 46 0 8 0.0136227570474
7 66 0 8 0.0136192142963
23 77 0 8 0.0136157115921
6 44 0 8 0.0136099746451
48 74 0 8 0.013586207293
37 56 0 8 0.0135844945908
30 53 0 8 0.0135768419132
20 55 0 8 0.0135762160644
63 76 0 8 0.0135664492846
30 52 0 8 0.0135621102527
19 56 0 8 0.0135506773368
38 75 0 8 0.013548319228
35 44 0 8 0.0135476635769
28 80 0 8 0.0135282278061
38 44 0 8 0.0135213825852
58 68 0 8 0.0135167660192
28 55 0 8 0.0135154565796
15 79 0 8 0.0134995970875
24 42 0 8 0.0134990699589
2 48 0 8 0.0134923150763
13 55 0 8 0.0134660955518
46 59 0 8 0.013455142267
1 55 0 8 0.0134524330497
6 31 0 8 0.0134392762557
35 50 0 8 0.0134170278907
2 41 0 8 0.013415614143
43 79 0 8 0.0134041886777
54 61 0 8 0.0133957294747
50 77 0 8 0.0133850006387
9 63 0 8 0.0133844474331
10 18 0 8 0.0133826462552
28 75 0 8 0.013370978646
33 56 0 8 0.0133510902524
6 48 0 8 0.0133484266698
12 22 0 8 0.0133474152535
46 74 0 8 0.0133383069187
15 78 0 8 0.0133305899799
20 63 0 8 0.0133222211152
35 56 0 8 0.0133153963834
15 77 0 8 0.0132905989885
10 62 0 8 0.0132840657607
24 39 0 8 0.0132789351046
40 65 0 8 0.0132627878338
9 39 0 8 0.0132467728108
7 69 0 8 0.0132449641824
2 16 0 8 0.0132441176102
20 73 0 8 0.0132321948186
34 48 0 8 0.0132297053933
47 64 0 8 0.0132257649675
30 60 0 8 0.0132255163044
31 54 0 8 0.0131945423782
1 11 0 8 0.0131898121908
8 28 0 8 0.0131783299148
3 59 0 8 0.013173636049
31 51 0 8 0.0131728174165
32 59 0 8 0.0131522789598
27 48 0 8 0.0131481578574
60 67 0 8 0.0131303137168
5 56 0 8 0.0131299188361
39 47 0 8 0.0131243402138
24 38 0 8 0.0130931325257
37 78 0 8 0.01309010759
4 77 0 8 0.0130889313295
11 71 0 8 0.0130854453892
18 52 0 8 0.0130647579208
30 64 0 8 0.0130636999384
41 68 0 8 0.0130625814199
47 60 0 8 0.0130529524758
29 68 0 8 0.0130418566987
29 57 0 8 0.0130368620157
34 54 0 8 0.013031818904
1 65 0 8 0.0130222430453
16 21 0 8 0.0130205946043
40 56 0 8 0.0130159622058
44 71 0 8 0.013012740761
7 70 0 8 0.0129836527631
26 49 0 8 0.0129764070734
26 70 0 8 0.0129760829732
2 66 0 8 0.0129721323028
6 63 0 8 0.0129656074569
3 31 0 8 0.0129519756883
20 69 0 8 0.0129484953359
37 46 0 8 0.0129413362592
5 30 0 8 0.012920582667
14 54 0 8 0.0129138883203
37 80 0 8 0.012905722484
15 65 0 8 0.0128960730508
17 42 0 8 0.0128932995722
25 43 0 8 0.0128920795396
9 56 0 8 0.0128871286288
4 79 0 8 0.0128854420036
26 72 0 8 0.0128772268072
34 75 0 8 0.0128617258742
32 68 0 8 0.0128599274904
47 68 0 8 0.0128500163555
22 79 0 8 0.0128440354019
2 68 0 8 0.0128436600789
52 77 0 8 0.0128414724022
20 70 0 8 0.0128412367776
33 64 0 8 0.0128389522433
2 22 0 8 0.0128324991092
14 56 0 8 0.0128298113123
64 71 0 8 0.0128251742572
1 56 0 8 0.0128224398941
67 78 0 8 0.0128134796396
19 71 0 8 0.0128006143495
2 62 0 8 0.0127985235304
19 54 0 8 0.0127969207242
48 80 0 8 0.0127908559516
6 50 0 8 0.0127834044397
6 56 0 8 0.0127796009183
29 71 0 8 0.0127501571551
46 65 0 8 0.0127253672108
50 74 0 8 0.0127233369276
13 39 0 8 0.0127223907039
3 20 0 8 0.0127172647044
72 80 0 8 0.0127123631537
44 80 0 8 0.0127121889964
37 44 0 8 0.0126946186647
31 48 0 8 0.0126944035292
13 76 0 8 0.0126917017624
21 36 0 8 0.0126779610291
8 56 0 8 0.0126691898331
10 30 0 8 0.0126690464094
8 62 0 8 0.012657891959
41 80 0 8 0.0126522313803
10 42 0 8 0.0126417707652
4 76 0 8 0.0126274460927
2 42 0 8 0.0126138627529
3 32 0 8 0.0126069271937
13 78 0 8 0.0126066608354
26 46 0 8 0.0125887775794
28 59 0 8 0.0125768864527
13 19 0 8 0.0125617720187
29 47 0 8 0.0125529384241
1 74 0 8 0.0125494105741
45 59 0 8 0.0125445183367
60 66 0 8 0.0125445062295
2 40 0 8 0.0125392572954
44 57 0 8 0.0125388382003
8 19 0 8 0.012536062859
8 17 0 8 0.0125348651782
29 60 0 8 0.0125333014876
55 73 0 8 0.0125254187733
22 59 0 8 0.0125130992383
37 68 0 8 0.0125066423789
11 78 0 8 0.01250556577
19 65 0 8 0.0124752344564
2 21 0 8 0.0124743180349
50 76 0 8 0.0124730439857
28 54 0 8 0.012459536083
4 28 0 8 0.0124392872676
9 16 0 8 0.0124360071495
40 50 0 8 0.0124276708812
30 74 0 8 0.0124252829701
14 30 0 8 0.0124228838831
56 70 0 8 0.0124228494242
23 79 0 8 0.0124137969688
34 44 0 8 0.0123934000731
37 74 0 8 0.0123888421804
45 74 0 8 0.012384518981
19 77 0 8 0.0123361460865
32 64 0 8 0.0123360594735
23 80 0 8 0.0123329050839
23 74 0 8 0.0123290903866
4 78 0 8 0.0123219899833
1 31 0 8 0.0123146921396
17 24 0 8 0.0123085919768
40 52 0 8 0.0123053472489
2 15 0 8 0.0122942188755
56 71 0 8 0.0122822904959
48 75 0 8 0.0122487442568
42 80 0 8 0.0122366584837
52 61 0 8 0.0121934898198
2 79 0 8 0.0121901938692
17 47 0 8 0.0121728880331
32 47 0 8 0.0121669210494
51 77 0 8 0.0121598560363
64 70 0 8 0.0121593521908
54 64 0 8 0.0121422624215
7 62 0 8 0.0121354572475
31 74 0 8 0.0121247787029
5 65 0 8 0.012120061554
2 64 0 8 0.0121174808592
39 56 0 8 0.0120995650068
31 75 0 8 0.0120854154229
30 61 0 8 0.0120818456635
37 43 0 8 0.0120696155354
18 27 0 8 0.012059413828
43 64 0 8 0.0120534785092
45 64 0 8 0.0120532577857
30 46 0 8 0.0120517015457
7 43 0 8 0.0120472284034
6 16 0 8 0.0120452586561
27 43 0 8 0.0120232058689
43 75 0 8 0.0120084313676
20 67 0 8 0.0120051279664
6 80 0 8 0.0119981216267
55 77 0 8 0.0119886640459
42 68 0 8 0.011982485652
29 55 0 8 0.011980464682
2 56 0 8 0.0119722271338
2 55 0 8 0.0119712520391
31 64 0 8 0.0119690122083
17 35 0 8 0.0119508234784
2 52 0 8 0.0119484597817
51 80 0 8 0.0119450818747
38 48 0 8 0.0119145847857
40 75 0 8 0.0119139673188
37 79 0 8 0.0118688419461
22 60 0 8 0.0118528911844
62 68 0 8 0.0118524720892
36 79 0 8 0.0118512380868
4 59 0 8 0.011843602173
10 40 0 8 0.0118415541947
2 71 0 8 0.0118379388005
2 78 0 8 0.0117971887812
27 50 0 8 0.0117830829695
23 56 0 8 0.0117789860815
10 39 0 8 0.0117708183825
4 18 0 8 0.0117707960308
29 79 0 8 0.0117696644738
13 43 0 8 0.0117583451793
28 64 0 8 0.0117557523772
40 74 0 8 0.011751294136
3 30 0 8 0.011741772294
7 50 0 8 0.0117388684303
18 78 0 8 0.0117362523451
16 74 0 8 0.0117256268859
29 76 0 8 0.0117241516709
59 70 0 8 0.0117227369919
7 16 0 8 0.0117215327919
22 74 0 8 0.0117168547586
7 47 0 8 0.0117105953395
26 67 0 8 0.0117067052051
54 73 0 8 0.0117029873654
36 42 0 8 0.0116837220266
2 73 0 8 0.0116776349023
12 64 0 8 0.0116748176515
10 43 0 8 0.0116726877168
40 80 0 8 0.0116694159806
17 50 0 8 0.0116530982777
42 75 0 8 0.0116412304342
22 64 0 8 0.0116384988651
7 58 0 8 0.0116228116676
16 59 0 8 0.0116143133491
39 79 0 8 0.0116100711748
60 68 0 8 0.0116086602211
3 28 0 8 0.0115839233622
48 76 0 8 0.0115767624229
11 74 0 8 0.0115313017741
31 56 0 8 0.0115304095671
31 80 0 8 0.0115246074274
28 60 0 8 0.0115242647007
30 78 0 8 0.0115167116746
3 24 0 8 0.0115129938349
17 53 0 8 0.0115121090785
29 78 0 8 0.0114722251892
16 80 0 8 0.0114622088149
24 43 0 8 0.0114586921409
35 59 0 8 0.0114449430257
7 48 0 8 0.0114441448823
29 77 0 8 0.0114265400916
35 68 0 8 0.0114161111414
10 44 0 8 0.0113711608574
23 75 0 8 0.0113666597754
3 56 0 8 0.0113659836352
7 30 0 8 0.0113599412143
20 48 0 8 0.0113281328231
47 75 0 8 0.0113184805959
36 68 0 8 0.0113140475005
37 64 0 8 0.0113134877756
68 74 0 8 0.0112997340038
10 46 0 8 0.0112914377823
36 51 0 8 0.0112893301994
46 61 0 8 0.0112878400832
1 25 0 8 0.0112789766863
29 56 0 8 0.0112643735483
46 60 0 8 0.0112486965954
13 77 0 8 0.011245822534
4 31 0 8 0.0112408241257
38 60 0 8 0.0112097039819
17 43 0 8 0.0111981453374
26 63 0 8 0.011194370687
30 55 0 8 0.0111938854679
28 74 0 8 0.0111868102103
16 65 0 8 0.0111867198721
33 75 0 8 0.0111846374348
14 77 0 8 0.0111807668582
23 59 0 8 0.0111788166687
6 76 0 8 0.0111754853278
49 75 0 8 0.0111544281244
37 48 0 8 0.0111446492374
30 68 0 8 0.0111190294847
43 65 0 8 0.0111015420407
31 52 0 8 0.0110835218802
43 71 0 8 0.011068562977
3 73 0 8 0.0110564650968
13 57 0 8 0.0110499979928
13 52 0 8 0.0110408980399
62 69 0 8 0.011040574871
50 80 0 8 0.0110319405794
50 68 0 8 0.0110182464123
44 59 0 8 0.0110143441707
58 76 0 8 0.0110020358115
3 80 0 8 0.0109981968999
2 33 0 8 0.0109607400373
10 28 0 8 0.0109311444685
9 76 0 8 0.0109301544726
3 77 0 8 0.0109200859442
39 72 0 8 0.0108825741336
30 79 0 8 0.0108781717718
26 58 0 8 0.010868197307
55 78 0 8 0.0108581231907
13 56 0 8 0.0108483210206
20 54 0 8 0.0108418343589
13 72 0 8 0.0108282407746
39 49 0 8 0.0108142141253
27 39 0 8 0.0107919862494
10 16 0 8 0.0107793500647
26 50 0 8 0.0107773570344
1 43 0 8 0.0107654156163
35 54 0 8 0.0107627809048
7 67 0 8 0.0107440995052
5 78 0 8 0.0107435826212
2 74 0 8 0.0107406228781
35 80 0 8 0.0107374666259
18 57 0 8 0.0107230767608
42 60 0 8 0.0107183530927
20 77 0 8 0.0107132373378
30 56 0 8 0.0106897484511
2 58 0 8 0.0106693292037
5 75 0 8 0.0106687648222
5 59 0 8 0.0106601724401
9 79 0 8 0.0106566529721
38 80 0 8 0.0106505304575
9 54 0 8 0.0106442421675
18 62 0 8 0.0106294741854
32 50 0 8 0.010626912117
21 40 0 8 0.0106267007068
29 80 0 8 0.0106167644262
39 60 0 8 0.0105948885903
32 52 0 8 0.0105800637975
31 47 0 8 0.0105740046129
17 80 0 8 0.0105619393289
3 27 0 8 0.0105560552329
7 72 0 8 0.0105340853333
10 17 0 8 0.0105313267559
5 29 0 8 0.0105294482782
32 54 0 8 0.0105183413252
33 51 0 8 0.0105106076226
25 46 0 8 0.0104893185198
13 54 0 8 0.0104718133807
6 55 0 8 0.0104618463665
71 79 0 8 0.0104386070743
2 77 0 8 0.0104306703433
1 77 0 8 0.0104230390862
70 77 0 8 0.0104200299829
6 30 0 8 0.0104169221595
36 55 0 8 0.0104163466021
46 75 0 8 0.0103959636763
27 45 0 8 0.0103741278872
12 24 0 8 0.010373451747
4 17 0 8 0.0103700011969
10 31 0 8 0.0103682791814
24 50 0 8 0.0103661064059
17 51 0 8 0.0103640919551
16 75 0 8 0.010362717323
29 46 0 8 0.0103613231331
31 79 0 8 0.010324078612
1 51 0 8 0.0103170257062
58 71 0 8 0.0102518908679
29 51 0 8 0.0102134980261
31 61 0 8 0.010208982043
21 35 0 8 0.010193426162
24 80 0 8 0.0101794833317
25 48 0 8 0.0101762600243
54 79 0 8 0.0101643363014
4 64 0 8 0.0101619902998
65 72 0 8 0.0101598277688
4 30 0 8 0.0101521238685
24 69 0 8 0.0101478993893
23 60 0 8 0.0101401042193
1 47 0 8 0.0101227732375
35 60 0 8 0.0101105729118
57 68 0 8 0.010103569366
37 50 0 8 0.0100992638618
15 68 0 8 0.0100963180885
55 80 0 8 0.0100734969601
8 18 0 8 0.0100682685152
8 75 0 8 0.0100489053875
10 51 0 8 0.0100422948599
25 45 0 8 0.010039716959
18 65 0 8 0.0100297406316
40 79 0 8 0.0100293997675
6 52 0 8 0.0100257024169
17 46 0 8 0.010025087744
39 45 0 8 0.0100088119507
35 74 0 8 0.0100002773106
37 75 0 8 0.00999449566007
17 58 0 8 0.00998088438064
7 56 0 8 0.00996886193752
10 49 0 8 0.00996178202331
26 80 0 8 0.00995356496423
2 32 0 8 0.00994735956192
16 68 0 8 0.00994631275535
49 61 0 8 0.00994454696774
18 79 0 8 0.00994203519076
10 33 0 8 0.00994161237031
9 68 0 8 0.00992413144559
7 55 0 8 0.00992314703763
1 53 0 8 0.00991891790181
21 42 0 8 0.00991540681571
21 43 0 8 0.00991154555231
14 80 0 8 0.00991095136851
30 47 0 8 0.00990914553404
63 80 0 8 0.00990881770849
14 29 0 8 0.00989636778831
5 80 0 8 0.00986491702497
26 53 0 8 0.00986433494836
10 55 0 8 0.00986066460609
39 52 0 8 0.0098547777161
10 53 0 8 0.00985080003738
4 74 0 8 0.00982883945107
20 57 0 8 0.00982023030519
3 76 0 8 0.00980689935386
38 59 0 8 0.00980415847152
11 23 0 8 0.00979991443455
26 54 0 8 0.00979117304087
43 60 0 8 0.0097810216248
25 72 0 8 0.00977770145983
25 69 0 8 0.00977378245443
17 66 0 8 0.00976632721722
8 79 0 8 0.0097555052489
32 80 0 8 0.00974831264466
51 74 0 8 0.00974464043975
36 57 0 8 0.00974373426288
15 74 0 8 0.00974268093705
41 59 0 8 0.00972125213593
14 78 0 8 0.00971559435129
51 75 0 8 0.00970453023911
26 57 0 8 0.00970017723739
23 64 0 8 0.00969645474106
1 16 0 8 0.00968903955072
18 54 0 8 0.00968453846872
1 24 0 8 0.00967375654727
10 80 0 8 0.00967109762132
8 25 0 8 0.00966880936176
37 54 0 8 0.00965633522719
20 52 0 8 0.00965600181371
10 73 0 8 0.0096336575225
6 22 0 8 0.0096106864512
17 39 0 8 0.00959050562233
7 54 0 8 0.00958648044616
27 58 0 8 0.00957588385791
52 64 0 8 0.00954416021705
33 61 0 8 0.00954342633486
2 67 0 8 0.00952012464404
5 79 0 8 0.00951530132443
3 78 0 8 0.00950941536576
6 17 0 8 0.00950321089476
20 80 0 8 0.00949429627508
17 73 0 8 0.00949204154313
32 60 0 8 0.00948862638324
20 62 0 8 0.00948562379926
15 80 0 8 0.00948359444737
51 78 0 8 0.00945940613747
24 52 0 8 0.00945052783936
45 60 0 8 0.00944800209254
43 59 0 8 0.00943902693689
26 55 0 8 0.00942645315081
5 77 0 8 0.00941648520529
51 79 0 8 0.00941083393991
3 29 0 8 0.00940924603492
7 57 0 8 0.00940866861492
27 65 0 8 0.00940476730466
10 57 0 8 0.00939540844411
21 39 0 8 0.00938224047422
11 80 0 8 0.00936283078045
40 54 0 8 0.00935729593039
10 70 0 8 0.00935562513769
6 28 0 8 0.00934976246208
20 72 0 8 0.00932077225298
24 67 0 8 0.00929818954319
15 59 0 8 0.0092970430851
71 78 0 8 0.0092810569331
2 23 0 8 0.00928062666208
1 21 0 8 0.00927039515227
28 79 0 8 0.00926960725337
9 18 0 8 0.00924940127879
36 52 0 8 0.00924355257303
24 45 0 8 0.00922096800059
44 68 0 8 0.00921569857746
1 36 0 8 0.00919478386641
55 76 0 8 0.00919277314097
18 80 0 8 0.00918696820736
26 65 0 8 0.00918095000088
7 28 0 8 0.00917952693999
10 54 0 8 0.00917813088745
12 60 0 8 0.00917665660381
44 61 0 8 0.00917185004801
2 20 0 8 0.00913841277361
40 68 0 8 0.00912286061794
4 60 0 8 0.00911977607757
2 70 0 8 0.00908088684082
1 28 0 8 0.00905375834554
39 59 0 8 0.0090450393036
28 78 0 8 0.00902661122382
14 75 0 8 0.00901900883764
27 57 0 8 0.00901146885008
6 57 0 8 0.0089860400185
31 49 0 8 0.00897095259279
13 79 0 8 0.00896921847016
1 33 0 8 0.00895896740258
10 35 0 8 0.00895396526903
64 72 0 8 0.00895320717245
32 48 0 8 0.00894862227142
1 18 0 8 0.00894397124648
6 23 0 8 0.00893420446664
17 69 0 8 0.00893083680421
6 71 0 8 0.00886827893555
50 79 0 8 0.0088671259582
36 43 0 8 0.00885850936174
40 64 0 8 0.00883633084595
14 79 0 8 0.00881873723119
11 64 0 8 0.00881806202233
29 50 0 8 0.00880791153759
8 20 0 8 0.00879694055766
25 70 0 8 0.00878607854247
2 59 0 8 0.00877941586077
10 27 0 8 0.00877747870982
27 69 0 8 0.00875289831311
25 50 0 8 0.00875115208328
14 23 0 8 0.00873802509159
6 62 0 8 0.00873695127666
1 49 0 8 0.0087327118963
24 53 0 8 0.00871543772519
4 19 0 8 0.008704777807
8 76 0 8 0.00870288163424
10 58 0 8 0.00869745295495
27 42 0 8 0.00869511812925
35 45 0 8 0.00865907222033
17 70 0 8 0.00864580459893
25 52 0 8 0.00864065252244
26 71 0 8 0.0086168712005
36 74 0 8 0.00860399659723
66 76 0 8 0.00860158540308
63 74 0 8 0.00860012602061
24 72 0 8 0.00855096243322
1 26 0 8 0.00854712631553
9 71 0 8 0.00853224564344
22 75 0 8 0.00852688960731
26 47 0 8 0.00848466902971
1 15 0 8 0.00846940372139
26 59 0 8 0.00846187025309
10 79 0 8 0.00845438800752
37 47 0 8 0.0084408884868
14 71 0 8 0.00842723902315
7 63 0 8 0.00842384062707
11 77 0 8 0.00841428246349
5 60 0 8 0.00840431824327
36 64 0 8 0.00838092062622
17 78 0 8 0.00837635714561
32 75 0 8 0.00836520642042
10 56 0 8 0.00834748893976
27 66 0 8 0.00832193065435
4 29 0 8 0.00831596646458
24 78 0 8 0.00830789748579
5 74 0 8 0.00830754917115
7 29 0 8 0.00829999707639
13 22 0 8 0.00828224420547
53 77 0 8 0.00827899761498
36 50 0 8 0.00827860273421
26 51 0 8 0.00826698355377
20 56 0 8 0.00826470460743
7 77 0 8 0.00826286803931
10 66 0 8 0.00826143380255
30 57 0 8 0.00826018396765
10 72 0 8 0.00824495591223
18 71 0 8 0.00824351701885
37 52 0 8 0.00823264010251
13 24 0 8 0.00823095813394
6 75 0 8 0.00822444073856
24 46 0 8 0.00822393130511
40 59 0 8 0.00821015890688
15 75 0 8 0.00820504315197
2 38 0 8 0.00820443872362
44 60 0 8 0.00820415560156
17 67 0 8 0.00820271950215
30 49 0 8 0.00819903891534
5 17 0 8 0.00818159990013
26 60 0 8 0.00814221892506
51 61 0 8 0.00812851730734
36 45 0 8 0.00812759902328
24 77 0 8 0.00811991002411
39 68 0 8 0.00811584852636
39 65 0 8 0.00811136234552
2 63 0 8 0.00811005011201
4 75 0 8 0.00810882356018
33 52 0 8 0.00809973850846
65 80 0 8 0.00808760803193
24 48 0 8 0.00808301009238
1 64 0 8 0.0080761089921
6 54 0 8 0.00807385519147
36 56 0 8 0.008071587421
48 61 0 8 0.00806849915534
6 79 0 8 0.00806099269539
6 29 0 8 0.00806085485965
62 78 0 8 0.0080607412383
3 60 0 8 0.00802688207477
7 76 0 8 0.0080265821889
25 57 0 8 0.00799107458442
17 63 0 8 0.00799105595797
13 71 0 8 0.00798635464162
10 63 0 8 0.00798201560974
1 45 0 8 0.0079640885815
19 80 0 8 0.00795806385577
72 79 0 8 0.00795226916671
2 25 0 8 0.00795037299395
16 64 0 8 0.0079332375899
36 60 0 8 0.00792353507131
14 57 0 8 0.00791507214308
10 32 0 8 0.0079144584015
19 78 0 8 0.00790921039879
36 54 0 8 0.00790380593389
20 76 0 8 0.00789557676762
8 59 0 8 0.00789532624185
2 76 0 8 0.00789527408779
36 75 0 8 0.0078881252557
12 25 0 8 0.00786197837442
17 79 0 8 0.00785732362419
37 60 0 8 0.00785514526069
24 73 0 8 0.00783210527152
25 62 0 8 0.00781268347055
24 54 0 8 0.00780123285949
20 65 0 8 0.0077998675406
28 61 0 8 0.00779414642602
26 56 0 8 0.00779085792601
6 65 0 8 0.00778825953603
39 62 0 8 0.00778703996912
29 49 0 8 0.0077727586031
2 26 0 8 0.00777165452018
7 78 0 8 0.00777096766979
27 78 0 8 0.00774858612567
17 56 0 8 0.00773911504075
46 68 0 8 0.00773318530992
27 70 0 8 0.00772669678554
70 79 0 8 0.00771751115099
54 76 0 8 0.00770147517323
53 79 0 8 0.00769975222647
2 75 0 8 0.00768584385514
36 59 0 8 0.0076819206588
33 43 0 8 0.0076817641966
1 67 0 8 0.00767698232085
27 52 0 8 0.00767172779888
65 73 0 8 0.00766223343089
39 71 0 8 0.00764513993636
17 77 0 8 0.0076413564384
7 52 0 8 0.00762919150293
13 62 0 8 0.00762672629207
24 66 0 8 0.00761868618429
12 21 0 8 0.00761489802971
27 74 0 8 0.00760444439948
35 47 0 8 0.00758750364184
27 62 0 8 0.00756909884512
1 58 0 8 0.00756480917335
6 77 0 8 0.00756466574967
57 73 0 8 0.00755739863962
37 59 0 8 0.00755530688912
64 77 0 8 0.00752089265734
26 52 0 8 0.00751454895362
26 76 0 8 0.00749954581261
65 71 0 8 0.00749277649447
52 78 0 8 0.00749076297507
17 55 0 8 0.00747977709398
27 54 0 8 0.00746974861249
3 16 0 8 0.00742231775075
16 60 0 8 0.00740817002952
11 75 0 8 0.00740223983303
25 80 0 8 0.00739337783307
5 21 0 8 0.00739325862378
18 77 0 8 0.00737995887175
2 61 0 8 0.00737991044298
10 78 0 8 0.00737508758903
27 73 0 8 0.00737414555624
24 70 0 8 0.00736678065732
3 26 0 8 0.00734633440152
10 76 0 8 0.00734207546338
24 55 0 8 0.00733677065
34 61 0 8 0.0073340521194
56 73 0 8 0.00733288563788
25 67 0 8 0.00733103603125
33 49 0 8 0.00732616242021
36 48 0 8 0.00732037657872
4 27 0 8 0.00731332506984
10 50 0 8 0.00730668148026
17 76 0 8 0.00730268470943
27 80 0 8 0.00729540502653
3 25 0 8 0.00729062687606
5 27 0 8 0.00728994049132
21 53 0 8 0.00728876003996
1 66 0 8 0.0072880149819
5 20 0 8 0.00727998139337
11 59 0 8 0.00727764191106
33 50 0 8 0.00727693876252
9 65 0 8 0.00724587868899
61 68 0 8 0.00724049890414
27 56 0 8 0.00723740132526
25 66 0 8 0.00723537988961
10 52 0 8 0.00722026033327
26 68 0 8 0.00721657276154
25 53 0 8 0.00718166399747
24 62 0 8 0.00713067315519
2 28 0 8 0.00712627544999
39 64 0 8 0.00712250731885
1 19 0 8 0.00712175946683
14 74 0 8 0.00709898583591
3 19 0 8 0.00709794415161
23 61 0 8 0.00708720833063
33 48 0 8 0.00708473892882
35 48 0 8 0.00707573490217
13 60 0 8 0.0070731556043
55 74 0 8 0.00706833833829
6 78 0 8 0.00705464417115
2 60 0 8 0.00705148465931
34 47 0 8 0.00704033253714
11 26 0 8 0.00703384168446
55 75 0 8 0.00702319853008
19 75 0 8 0.00701496982947
1 37 0 8 0.00700749410316
4 25 0 8 0.00698522897437
15 64 0 8 0.00698437867686
15 24 0 8 0.0069842832163
17 54 0 8 0.00694937398657
20 79 0 8 0.00693949265406
27 46 0 8 0.00693897344172
9 20 0 8 0.00693654222414
9 25 0 8 0.00692418264225
8 74 0 8 0.00691827712581
1 68 0 8 0.00691134203225
13 59 0 8 0.00690757576376
52 75 0 8 0.00690251076594
1 70 0 8 0.00689897546545
19 74 0 8 0.00688112759963
8 60 0 8 0.0068746493198
43 68 0 8 0.00686408020556
39 54 0 8 0.00686391443014
64 78 0 8 0.00685976445675
33 45 0 8 0.00685820914805
19 57 0 8 0.00685757864267
19 68 0 8 0.00685340352356
19 79 0 8 0.00683945557103
24 56 0 8 0.00682018091902
22 61 0 8 0.00680281640962
1 71 0 8 0.00679412018508
26 77 0 8 0.00676892045885
41 60 0 8 0.00676208594814
25 47 0 8 0.00676185218617
9 62 0 8 0.00675750430673
11 25 0 8 0.00674021849409
2 24 0 8 0.00672860210761
27 55 0 8 0.00670088501647
1 23 0 8 0.00669994624332
25 71 0 8 0.00669284770265
20 71 0 8 0.00669112009928
10 48 0 8 0.00667386082932
10 29 0 8 0.00666509754956
30 50 0 8 0.00666377134621
64 76 0 8 0.00666070124134
1 41 0 8 0.00665748724714
7 68 0 8 0.00665414845571
1 69 0 8 0.00665408559144
17 72 0 8 0.00665388070047
25 60 0 8 0.00665283715352
21 54 0 8 0.00663533667102
4 61 0 8 0.00663247704506
27 63 0 8 0.00662481226027
25 54 0 8 0.00662255659699
1 40 0 8 0.00659335916862
9 26 0 8 0.00659325299785
35 75 0 8 0.0065881581977
24 57 0 8 0.00658307923004
11 27 0 8 0.00658102799207
27 47 0 8 0.00657328218222
41 61 0 8 0.0065700635314
1 42 0 8 0.00655764807016
53 74 0 8 0.00655741151422
55 79 0 8 0.00654620444402
1 63 0 8 0.00654345750809
3 22 0 8 0.0065348520875
60 80 0 8 0.00652991002426
30 51 0 8 0.00652494980022
24 51 0 8 0.00651802960783
13 21 0 8 0.00651010824367
45 61 0 8 0.00650736363605
69 77 0 8 0.00650673825294
1 32 0 8 0.00650644861162
25 63 0 8 0.00649186084047
60 79 0 8 0.00648234924302
1 34 0 8 0.00647720741108
20 78 0 8 0.00645540468395
1 73 0 8 0.00645136926323
1 35 0 8 0.00644774828106
61 80 0 8 0.0064412294887
59 68 0 8 0.00643928954378
33 54 0 8 0.00643679406494
26 78 0 8 0.00641190912575
27 72 0 8 0.00640526879579
7 71 0 8 0.00640065455809
5 61 0 8 0.00639959005639
4 22 0 8 0.00639900192618
27 59 0 8 0.00639459537342
8 27 0 8 0.00639424985275
57 71 0 8 0.00639131804928
13 74 0 8 0.00638286257163
18 74 0 8 0.00638264790177
7 79 0 8 0.00636006472632
25 68 0 8 0.00634917756543
59 69 0 8 0.00629867333919
36 47 0 8 0.00628672586754
25 58 0 8 0.00628654100001
1 72 0 8 0.00628155935556
71 77 0 8 0.00627590389922
53 78 0 8 0.00626804027706
24 63 0 8 0.00626480346546
56 77 0 8 0.00624474417418
56 78 0 8 0.00623663514853
24 79 0 8 0.00622938154265
9 59 0 8 0.0062288143672
21 47 0 8 0.00621819170192
60 69 0 8 0.00621811533347
7 21 0 8 0.00619012676179
6 68 0 8 0.00618413090706
18 68 0 8 0.00615892885253
6 21 0 8 0.00612600892782
14 27 0 8 0.00612416304648
21 46 0 8 0.0061153951101
13 23 0 8 0.00610956922174
62 77 0 8 0.00610683998093
9 60 0 8 0.00609390763566
69 75 0 8 0.00609334465116
26 74 0 8 0.00609101448208
51 64 0 8 0.00607580598444
1 22 0 8 0.00604201015085
47 61 0 8 0.0060354815796
1 76 0 8 0.00601835083216
24 47 0 8 0.00601809145883
21 52 0 8 0.0059930193238
24 59 0 8 0.00594221800566
5 25 0 8 0.00593717303127
52 79 0 8 0.00593572948128
15 60 0 8 0.00591337820515
68 75 0 8 0.0058834021911
24 60 0 8 0.0058723744005
62 80 0 8 0.00586707377806
6 27 0 8 0.00585309229791
1 59 0 8 0.00585102802143
25 59 0 8 0.00584169989452
7 22 0 8 0.00581473903731
60 74 0 8 0.00581259187311
25 56 0 8 0.00581206055358
2 29 0 8 0.00580970477313
25 65 0 8 0.00580244418234
25 74 0 8 0.00580004276708
21 73 0 8 0.00579889118671
56 76 0 8 0.00578828621656
7 25 0 8 0.00576554378495
25 73 0 8 0.00574836833403
8 64 0 8 0.00570875918493
10 19 0 8 0.00569841265678
10 67 0 8 0.00569096114486
25 77 0 8 0.00564406532794
25 49 0 8 0.00564291980118
57 75 0 8 0.00562755344436
56 80 0 8 0.00560725200921
25 78 0 8 0.00560288550332
27 64 0 8 0.0055937753059
24 49 0 8 0.00558944744989
64 73 0 8 0.00555027741939
21 50 0 8 0.00553562911227
42 61 0 8 0.00552647281438
64 75 0 8 0.00549076637253
60 78 0 8 0.00548779079691
7 27 0 8 0.00544423284009
5 26 0 8 0.00543640460819
9 64 0 8 0.00542165711522
54 75 0 8 0.00541488593444
9 74 0 8 0.0054137846455
9 75 0 8 0.00541261117905
21 49 0 8 0.00539876194671
39 75 0 8 0.00538517767563
25 79 0 8 0.00536902714521
24 58 0 8 0.00536742899567
11 20 0 8 0.00533581525087
25 76 0 8 0.00532539142296
25 55 0 8 0.0053214780055
57 70 0 8 0.00531222531572
3 21 0 8 0.00531111424789
32 61 0 8 0.00530382897705
12 61 0 8 0.00530181685463
26 79 0 8 0.00530044874176
27 77 0 8 0.00525232776999
24 71 0 8 0.00523823779076
60 72 0 8 0.00523686921224
9 19 0 8 0.00520892301574
40 60 0 8 0.00520493648946
26 75 0 8 0.00519411638379
6 19 0 8 0.00516855716705
33 46 0 8 0.00514218397439
6 60 0 8 0.00513688800856
2 27 0 8 0.00513065140694
13 64 0 8 0.00511098140851
20 75 0 8 0.00511039467528
68 79 0 8 0.00510991923511
53 80 0 8 0.00510822795331
8 23 0 8 0.00509737757966
27 79 0 8 0.00509174913168
59 79 0 8 0.00508226640522
17 57 0 8 0.0050782347098
57 74 0 8 0.00507703004405
26 64 0 8 0.00505423266441
11 60 0 8 0.0050504100509
52 74 0 8 0.00503615196794
1 39 0 8 0.00503427674994
4 23 0 8 0.0050331777893
14 21 0 8 0.00501812295988
20 60 0 8 0.00501291407272
25 51 0 8 0.0050095571205
17 62 0 8 0.00499972654507
50 78 0 8 0.00499333301559
33 47 0 8 0.00497585814446
36 49 0 8 0.00495383003727
27 68 0 8 0.00494625139982
18 75 0 8 0.00493419123814
7 19 0 8 0.00492894044146
10 26 0 8 0.00490472838283
4 20 0 8 0.00488438596949
7 59 0 8 0.0048756073229
6 64 0 8 0.00487270019948
6 59 0 8 0.00487178005278
58 79 0 8 0.00485839461908
13 68 0 8 0.00485227582976
19 64 0 8 0.0048485789448
6 25 0 8 0.0048460373655
1 27 0 8 0.00483713438734
21 70 0 8 0.00482619833201
56 79 0 8 0.00481265457347
26 61 0 8 0.00481251068413
21 72 0 8 0.00480880774558
21 66 0 8 0.00480833090842
13 75 0 8 0.0048015974462
21 51 0 8 0.00479794153944
16 61 0 8 0.00478647788987
57 76 0 8 0.00477616488934
59 76 0 8 0.00477452902123
24 68 0 8 0.0047641354613
27 49 0 8 0.00476279528812
21 62 0 8 0.00476046325639
7 64 0 8 0.00474651996046
8 26 0 8 0.00471758330241
7 23 0 8 0.00471694068983
20 59 0 8 0.00469833659008
27 53 0 8 0.00469800457358
1 60 0 8 0.00468579679728
58 75 0 8 0.00468541216105
25 75 0 8 0.00468521658331
8 22 0 8 0.00467272987589
38 61 0 8 0.00466112559661
7 60 0 8 0.00465350877494
15 21 0 8 0.00464666215703
37 61 0 8 0.00463536428288
13 65 0 8 0.00463473564014
6 20 0 8 0.00462508201599
14 59 0 8 0.00462484685704
66 79 0 8 0.00462350342423
21 80 0 8 0.00459768762812
27 76 0 8 0.00459350598976
4 21 0 8 0.00458085350692
7 26 0 8 0.0045726201497
60 76 0 8 0.00456568459049
10 64 0 8 0.00456218793988
17 74 0 8 0.00453924620524
10 74 0 8 0.00451717339456
63 75 0 8 0.00451601389796
1 62 0 8 0.00451130233705
68 76 0 8 0.0045103346929
17 65 0 8 0.00449984706938
65 78 0 8 0.0044923662208
43 61 0 8 0.0044828527607
9 23 0 8 0.00448060361668
6 26 0 8 0.0044717900455
21 79 0 8 0.0044491738081
24 74 0 8 0.00443511456251
15 61 0 8 0.00443328963593
27 67 0 8 0.00441767787561
59 74 0 8 0.00441459193826
66 77 0 8 0.00437137810513
6 74 0 8 0.00435539567843
21 55 0 8 0.00435102218762
24 65 0 8 0.00432926928625
14 61 0 8 0.00432627787814
14 24 0 8 0.00431660562754
25 61 0 8 0.00430952431634
27 51 0 8 0.00427447911352
24 64 0 8 0.00426783505827
52 76 0 8 0.00425837608054
24 76 0 8 0.00425376882777
67 80 0 8 0.00424225814641
18 59 0 8 0.00423519778997
1 75 0 8 0.00422544358298
25 64 0 8 0.00420283852145
57 80 0 8 0.00418900325894
58 78 0 8 0.00418862979859
60 75 0 8 0.00418784003705
27 61 0 8 0.0041702343151
14 68 0 8 0.00412907684222
10 25 0 8 0.00412834156305
62 73 0 8 0.00412135291845
20 68 0 8 0.00411751493812
69 78 0 8 0.00408247858286
35 61 0 8 0.00407447945327
53 75 0 8 0.00407231878489
36 61 0 8 0.00407003331929
62 71 0 8 0.00405987165868
1 38 0 8 0.00398731371388
18 64 0 8 0.00397508731112
20 64 0 8 0.00396498851478
17 71 0 8 0.00393978320062
9 21 0 8 0.00393402809277
58 77 0 8 0.0039250398986
21 78 0 8 0.00391726009548
4 26 0 8 0.00390244997106
27 60 0 8 0.0038945467677
21 67 0 8 0.00389418471605
3 23 0 8 0.00387799460441
5 24 0 8 0.0038543289993
66 80 0 8 0.0038514174521
10 61 0 8 0.00384502322413
61 67 0 8 0.00383837358095
60 71 0 8 0.00383148784749
66 75 0 8 0.00380838545971
21 56 0 8 0.00380312814377
59 73 0 8 0.00379533180967
59 78 0 8 0.00376965361647
58 74 0 8 0.00375718390569
9 24 0 8 0.00374403130263
21 76 0 8 0.00372335873544
61 72 0 8 0.00372191006318
70 80 0 8 0.00371807883494
19 59 0 8 0.00369915319607
14 60 0 8 0.00369873666205
8 61 0 8 0.00368345272727
7 75 0 8 0.0036617317237
62 72 0 8 0.00365474494174
59 75 0 8 0.00362695474178
27 71 0 8 0.00362559198402
56 75 0 8 0.00361859309487
7 61 0 8 0.00360547844321
20 74 0 8 0.00359934568405
66 78 0 8 0.003586711362
8 21 0 8 0.00357997766696
60 70 0 8 0.00356444250792
7 17 0 8 0.0035514018964
10 59 0 8 0.00353861553594
10 71 0 8 0.00351582909934
21 77 0 8 0.00347719620913
58 80 0 8 0.00346413766965
10 75 0 8 0.00345249148086
21 74 0 8 0.00344742578454
65 77 0 8 0.0034282237757
7 74 0 8 0.00342009612359
10 24 0 8 0.00341619434766
1 61 0 8 0.00340722082183
21 63 0 8 0.00339133176021
21 75 0 8 0.00338567630388
57 77 0 8 0.00337944738567
65 79 0 8 0.00336531363428
11 61 0 8 0.00333200884052
5 14 0 8 0.00331414211541
24 75 0 8 0.00329051865265
56 74 0 8 0.00323688634671
59 71 0 8 0.00323201762512
10 68 0 8 0.003221900668
6 61 0 8 0.00321261258796
62 79 0 8 0.00319517753087
10 22 0 8 0.00319347251207
10 60 0 8 0.0031816335395
11 24 0 8 0.00314660603181
40 61 0 8 0.0031410693191
59 77 0 8 0.00313458987512
10 21 0 8 0.00312612019479
24 61 0 8 0.00307650887407
59 72 0 8 0.00307242269628
21 58 0 8 0.00305956462398
7 20 0 8 0.00303931999952
36 46 0 8 0.00300978240557
10 77 0 8 0.00298879481852
21 57 0 8 0.00298769120127
21 60 0 8 0.00298412097618
9 61 0 8 0.00296742864884
69 80 0 8 0.00296628195792
11 21 0 8 0.00294672721066
60 77 0 8 0.00292599177919
19 60 0 8 0.00292317871936
54 74 0 8 0.00286336033605
17 75 0 8 0.00282598333433
61 78 0 8 0.00281054340303
10 20 0 8 0.00277642067522
17 64 0 8 0.0027689463459
21 65 0 8 0.00275627872907
62 76 0 8 0.00274003110826
4 24 0 8 0.002706509782
8 24 0 8 0.00270518171601
71 80 0 8 0.00267406762578
57 79 0 8 0.00266929413192
18 60 0 8 0.00262143975124
21 71 0 8 0.00261881551705
64 74 0 8 0.00260705966502
13 61 0 8 0.00259906705469
21 59 0 8 0.00257841101848
60 73 0 8 0.00257440656424
17 59 0 8 0.00253891246393
61 77 0 8 0.00251468736678
57 78 0 8 0.00249509420246
6 24 0 8 0.0024716083426
68 80 0 8 0.00239893468097
27 75 0 8 0.00238991598599
17 60 0 8 0.00235788221471
69 79 0 8 0.00229216436855
17 68 0 8 0.0022775279358
19 61 0 8 0.00221266946755
7 24 0 8 0.00218368973583
10 23 0 8 0.00215701246634
61 79 0 8 0.00215061148629
62 74 0 8 0.00210332986899
65 76 0 8 0.0020767217502
9 22 0 8 0.00207331334241
21 61 0 8 0.0020049221348
20 61 0 8 0.00199984689243
18 61 0 8 0.00195045815781
59 80 0 8 0.00190664641559
61 70 0 8 0.00187787751202
14 64 0 8 0.00187520531472
39 61 0 8 0.00182355893776
21 68 0 8 0.00178342254367
21 64 0 8 0.00173618947156
61 73 0 8 0.00170357048046
65 74 0 8 0.00162090314552
64 79 0 8 0.00162004760932
61 76 0 8 0.00160674517974
67 77 0 8 0.00160559057258
68 78 0 8 0.00159552402329
61 71 0 8 0.00151956977788
5 64 0 8 0.00144728610758
64 80 0 8 0.00136830145493
17 61 0 8 0.00135209271684
62 75 0 8 0.00131018576212
65 75 0 8 0.00119096005801
68 77 0 8 0.0011875993805
61 74 0 8 0.000942334008869
61 75 0 8 0.000911039067432
