82 83 0 8 0.999996185303
1 2 0 8 0.999984145164
2 3 0 8 0.999973058701
68 69 0 8 0.999969303608
73 74 0 8 0.999965131283
17 18 0 8 0.999963223934
13 14 0 8 0.999961793423
10 11 0 8 0.999960958958
72 73 0 8 0.999955713749
69 70 0 8 0.999953210354
18 19 0 8 0.999951124191
81 82 0 8 0.999942481518
11 12 0 8 0.999940693378
3 4 0 8 0.999920845032
19 20 0 8 0.999913334846
12 13 0 8 0.999904572964
20 21 0 8 0.999902546406
67 68 0 8 0.999897003174
60 61 0 8 0.999893128872
7 8 0 8 0.999892055988
16 17 0 8 0.999890327454
74 75 0 8 0.999878704548
70 71 0 8 0.999850571156
57 58 0 8 0.99982625246
75 76 0 8 0.999807417393
14 15 0 8 0.999803185463
8 9 0 8 0.999795198441
42 43 0 8 0.999783337116
9 10 0 8 0.999747395515
62 63 0 8 0.999740302563
43 44 0 8 0.999705612659
61 62 0 8 0.99968868494
34 35 0 8 0.99968791008
64 65 0 8 0.999679625034
21 22 0 8 0.999666810036
56 57 0 8 0.9996483922
66 67 0 8 0.999639689922
71 72 0 8 0.99963092804
78 79 0 8 0.999623119831
33 34 0 8 0.999612569809
55 56 0 8 0.999566376209
76 77 0 8 0.999560594559
6 7 0 8 0.999517083168
44 45 0 8 0.999515116215
50 51 0 8 0.999509394169
65 66 0 8 0.999503731728
58 59 0 8 0.999492943287
41 42 0 8 0.999471068382
15 16 0 8 0.999456882477
23 24 0 8 0.999450922012
79 80 0 8 0.999417722225
59 60 0 8 0.999384760857
22 23 0 8 0.99933552742
30 31 0 8 0.999310255051
25 26 0 8 0.999219715595
45 46 0 8 0.99921131134
26 27 0 8 0.999190092087
29 30 0 8 0.999136507511
80 81 0 8 0.999021053314
49 50 0 8 0.998945236206
46 47 0 8 0.998790800571
63 64 0 8 0.998782992363
24 25 0 8 0.998749494553
51 52 0 8 0.99871212244
37 38 0 8 0.99868118763
52 53 0 8 0.998501598835
47 48 0 8 0.998468101025
54 55 0 8 0.998433113098
28 29 0 8 0.99843275547
32 33 0 8 0.998403668404
36 37 0 8 0.99825078249
5 6 0 8 0.998240351677
48 49 0 8 0.998192489147
38 39 0 8 0.998173296452
40 41 0 8 0.998167991638
31 32 0 8 0.998105943203
4 5 0 8 0.998085260391
39 40 0 8 0.997938632965
77 78 0 8 0.997714579105
27 28 0 8 0.99693697691
35 36 0 8 0.995995104313
53 54 0 8 0.9946154356
13 15 0 8 0.976514697075
17 19 0 8 0.966251432896
11 13 0 8 0.959520995617
61 63 0 8 0.957646012306
12 14 0 8 0.954382479191
14 16 0 8 0.949119269848
74 76 0 8 0.945455431938
71 73 0 8 0.930409133434
75 77 0 8 0.927125155926
9 11 0 8 0.919334590435
46 48 0 8 0.91565912962
15 17 0 8 0.914911210537
29 31 0 8 0.907531559467
34 36 0 8 0.906831383705
22 24 0 8 0.905511856079
56 58 0 8 0.904905676842
12 15 0 8 0.901360571384
79 81 0 8 0.901238977909
43 45 0 8 0.898936867714
65 67 0 8 0.898202419281
54 56 0 8 0.894455492496
77 79 0 8 0.894146680832
68 70 0 8 0.89376604557
23 25 0 8 0.889915585518
28 30 0 8 0.889460206032
75 78 0 8 0.888302624226
31 33 0 8 0.887989044189
76 78 0 8 0.886201202869
26 28 0 8 0.882489442825
11 14 0 8 0.878023922443
19 21 0 8 0.861817479134
51 53 0 8 0.85971724987
21 23 0 8 0.858604192734
27 29 0 8 0.858316600323
14 17 0 8 0.85553830862
2 4 0 8 0.855489134789
24 26 0 8 0.84926700592
4 6 0 8 0.843877136707
44 46 0 8 0.840143561363
42 44 0 8 0.839960217476
16 18 0 8 0.836952984333
3 5 0 8 0.835583925247
13 16 0 8 0.835310518742
69 71 0 8 0.83459687233
30 32 0 8 0.834492921829
80 82 0 8 0.830238044262
25 27 0 8 0.828011393547
15 18 0 8 0.827212572098
7 9 0 8 0.822799921036
81 83 0 8 0.820858180523
58 60 0 8 0.813534259796
78 80 0 8 0.812766969204
20 22 0 8 0.810561537743
13 17 0 8 0.805901050568
33 35 0 8 0.804663717747
38 40 0 8 0.803834915161
49 51 0 8 0.797295510769
74 77 0 8 0.796262919903
43 46 0 8 0.794639050961
39 41 0 8 0.793542325497
59 61 0 8 0.791601419449
43 75 0 8 0.790838301182
6 8 0 8 0.789915323257
48 63 0 8 0.787595868111
76 79 0 8 0.785911560059
8 10 0 8 0.785850405693
41 43 0 8 0.781099498272
73 75 0 8 0.78106045723
47 49 0 8 0.779909908772
64 67 0 8 0.778998374939
45 47 0 8 0.778928279877
1 3 0 8 0.777076244354
26 29 0 8 0.771770775318
48 50 0 8 0.76973593235
5 7 0 8 0.769646942616
66 68 0 8 0.768820643425
29 32 0 8 0.768275499344
79 82 0 8 0.763681828976
40 42 0 8 0.761749088764
70 72 0 8 0.760792911053
67 69 0 8 0.759732306004
50 52 0 8 0.759217023849
52 54 0 8 0.756349265575
23 26 0 8 0.755500614643
64 66 0 8 0.749026238918
18 20 0 8 0.748343408108
32 34 0 8 0.745495200157
53 55 0 8 0.742604970932
22 25 0 8 0.742100596428
35 37 0 8 0.736932337284
60 62 0 8 0.736885130405
46 75 0 8 0.73386824131
37 39 0 8 0.730137467384
62 64 0 8 0.729693591595
27 30 0 8 0.727102041245
55 57 0 8 0.71961659193
11 15 0 8 0.717528104782
36 38 0 8 0.708526909351
63 65 0 8 0.707650005817
28 31 0 8 0.704611480236
14 19 0 8 0.703658103943
12 16 0 8 0.702818214893
57 59 0 8 0.70059376955
62 65 0 8 0.700088799
78 81 0 8 0.697202801704
49 61 0 8 0.687715351582
14 18 0 8 0.683894336224
43 61 0 8 0.67542976141
46 61 0 8 0.673762261868
27 31 0 8 0.671617388725
49 59 0 8 0.66699308157
74 78 0 8 0.662891745567
64 69 0 8 0.656975626945
72 74 0 8 0.655646622181
7 11 0 8 0.650346279144
28 32 0 8 0.645689427853
48 61 0 8 0.644956946373
29 33 0 8 0.634484946728
14 74 0 8 0.621435582638
50 60 0 8 0.617389142513
75 79 0 8 0.616253554821
44 47 0 8 0.609084308147
21 24 0 8 0.608918428421
43 73 0 8 0.602189898491
77 80 0 8 0.601863920689
61 75 0 8 0.601815223694
73 77 0 8 0.598289191723
20 26 0 8 0.598263919353
21 25 0 8 0.595024824142
20 23 0 8 0.593793094158
26 30 0 8 0.592831015587
50 59 0 8 0.591264486313
8 11 0 8 0.586971521378
14 20 0 8 0.583438515663
49 58 0 8 0.582101643085
76 80 0 8 0.579650938511
37 41 0 8 0.578469097614
51 54 0 8 0.573210835457
48 59 0 8 0.571693539619
63 67 0 8 0.571538090706
10 14 0 8 0.564160585403
25 29 0 8 0.561286568642
80 83 0 8 0.560071647167
48 62 0 8 0.558798134327
43 47 0 8 0.55561286211
22 26 0 8 0.554524421692
69 74 0 8 0.551218092442
45 78 0 8 0.54557543993
25 28 0 8 0.543894767761
30 33 0 8 0.542654514313
77 81 0 8 0.535904049873
78 82 0 8 0.533318519592
10 12 0 8 0.533266723156
52 55 0 8 0.491810709238
15 20 0 8 0.482305347919
41 74 0 8 0.476797759533
61 69 0 8 0.473294854164
58 70 0 8 0.470111757517
7 14 0 8 0.469835728407
49 60 0 8 0.468753695488
63 78 0 8 0.464987754822
50 58 0 8 0.464186191559
49 69 0 8 0.460563033819
24 27 0 8 0.456631571054
21 58 0 8 0.451451689005
79 83 0 8 0.449894875288
48 77 0 8 0.449788212776
61 64 0 8 0.445795416832
48 75 0 8 0.444044798613
43 69 0 8 0.443186104298
69 73 0 8 0.441039025784
46 73 0 8 0.437755018473
20 24 0 8 0.437742173672
43 78 0 8 0.434527367353
49 75 0 8 0.418103396893
38 41 0 8 0.415771991014
13 72 0 8 0.415097653866
37 40 0 8 0.41476932168
51 59 0 8 0.414469897747
46 49 0 8 0.413027882576
43 74 0 8 0.410922735929
50 62 0 8 0.40966591239
15 19 0 8 0.408524304628
63 69 0 8 0.407032430172
19 23 0 8 0.404912292957
44 71 0 8 0.402831792831
48 76 0 8 0.402043908834
53 56 0 8 0.39854568243
51 58 0 8 0.390669971704
47 63 0 8 0.384573668242
34 37 0 8 0.37832647562
14 21 0 8 0.374336868525
23 27 0 8 0.368760257959
19 22 0 8 0.364133775234
48 60 0 8 0.357933849096
52 56 0 8 0.357157349586
30 34 0 8 0.357008427382
46 74 0 8 0.351376444101
61 78 0 8 0.351321578026
24 28 0 8 0.350621163845
31 34 0 8 0.348044216633
64 74 0 8 0.347555935383
50 54 0 8 0.346968233585
70 73 0 8 0.34316432476
69 75 0 8 0.34202837944
45 48 0 8 0.340160399675
73 76 0 8 0.337234437466
71 74 0 8 0.33509388566
10 15 0 8 0.332499533892
51 60 0 8 0.330793261528
45 74 0 8 0.328103691339
53 59 0 8 0.326443374157
4 7 0 8 0.319991469383
58 71 0 8 0.31478959322
58 68 0 8 0.309804260731
19 64 0 8 0.306927680969
13 48 0 8 0.304267436266
43 48 0 8 0.302182227373
63 68 0 8 0.301848620176
51 55 0 8 0.300050288439
17 66 0 8 0.298849731684
49 71 0 8 0.297164946795
50 53 0 8 0.295220017433
33 37 0 8 0.292975902557
45 49 0 8 0.288934201002
46 69 0 8 0.287967115641
57 71 0 8 0.287899971008
47 60 0 8 0.286005824804
50 61 0 8 0.285961419344
33 36 0 8 0.284993857145
48 58 0 8 0.282743453979
54 58 0 8 0.282277435064
16 19 0 8 0.281812280416
48 74 0 8 0.279157370329
43 64 0 8 0.279052466154
54 57 0 8 0.277296572924
46 63 0 8 0.27566793561
55 58 0 8 0.274966627359
46 64 0 8 0.269766569138
45 63 0 8 0.26843059063
53 57 0 8 0.267100065947
47 62 0 8 0.264845281839
7 48 0 8 0.264764845371
43 49 0 8 0.264484405518
43 71 0 8 0.262803703547
49 73 0 8 0.262728005648
51 61 0 8 0.262044578791
51 56 0 8 0.259886324406
50 57 0 8 0.258224219084
63 77 0 8 0.255058377981
36 40 0 8 0.253456264734
53 58 0 8 0.250817090273
7 12 0 8 0.250082045794
52 59 0 8 0.247836560011
14 23 0 8 0.247641891241
44 48 0 8 0.246732160449
7 15 0 8 0.243426129222
37 42 0 8 0.242123633623
47 50 0 8 0.241232991219
38 42 0 8 0.239835292101
43 63 0 8 0.239532053471
9 14 0 8 0.238976851106
60 63 0 8 0.23889772594
9 12 0 8 0.238660663366
48 69 0 8 0.238326638937
64 68 0 8 0.237569689751
49 74 0 8 0.236612513661
46 78 0 8 0.235556408763
50 56 0 8 0.235477641225
60 69 0 8 0.23445494473
61 73 0 8 0.232685834169
69 76 0 8 0.230341956019
10 13 0 8 0.229085251689
52 58 0 8 0.22871696949
57 72 0 8 0.227290287614
19 45 0 8 0.22557194531
19 74 0 8 0.223906725645
49 53 0 8 0.223129048944
73 78 0 8 0.222472950816
9 15 0 8 0.221916496754
59 71 0 8 0.218658551574
57 70 0 8 0.217200234532
7 10 0 8 0.216308295727
42 46 0 8 0.215432316065
47 59 0 8 0.214052826166
62 68 0 8 0.21388335526
63 75 0 8 0.213555395603
3 6 0 8 0.213388159871
6 58 0 8 0.213177829981
11 67 0 8 0.212950006127
37 43 0 8 0.211581230164
20 49 0 8 0.210409075022
27 41 0 8 0.209568291903
48 68 0 8 0.207961037755
13 63 0 8 0.207891017199
35 38 0 8 0.207689076662
43 70 0 8 0.207063511014
45 75 0 8 0.207034021616
67 78 0 8 0.204749807715
63 66 0 8 0.204472258687
72 76 0 8 0.204460710287
19 49 0 8 0.204425945878
48 51 0 8 0.203616067767
48 78 0 8 0.202959626913
61 74 0 8 0.201269969344
23 43 0 8 0.200489625335
36 41 0 8 0.200210884213
51 71 0 8 0.199075952172
65 68 0 8 0.198983043432
61 68 0 8 0.197743609548
19 43 0 8 0.196488976479
26 43 0 8 0.196405053139
48 73 0 8 0.194799765944
23 48 0 8 0.193081051111
71 77 0 8 0.193018749356
34 38 0 8 0.19271722436
70 74 0 8 0.192528009415
1 4 0 8 0.191874369979
60 70 0 8 0.191787883639
51 57 0 8 0.190446168184
36 39 0 8 0.188127294183
44 73 0 8 0.188079997897
19 46 0 8 0.188064992428
60 68 0 8 0.187640458345
49 62 0 8 0.18666318059
61 77 0 8 0.186213821173
59 77 0 8 0.183188155293
42 72 0 8 0.182781592011
46 60 0 8 0.182118222117
13 60 0 8 0.181974470615
60 64 0 8 0.180111780763
35 39 0 8 0.177583932877
32 35 0 8 0.17698353529
26 31 0 8 0.17680349946
48 64 0 8 0.175710111856
45 73 0 8 0.17518350482
23 31 0 8 0.174510017037
46 77 0 8 0.173788711429
50 69 0 8 0.173023149371
14 69 0 8 0.172770395875
53 78 0 8 0.172281801701
45 61 0 8 0.172259539366
32 41 0 8 0.172146648169
59 69 0 8 0.171541213989
51 77 0 8 0.171482428908
47 61 0 8 0.17125274241
18 21 0 8 0.171193480492
45 62 0 8 0.169980496168
46 76 0 8 0.16976505518
46 71 0 8 0.169385656714
54 59 0 8 0.169040545821
49 57 0 8 0.168675974011
46 62 0 8 0.168305754662
14 22 0 8 0.168291389942
42 71 0 8 0.167944580317
3 7 0 8 0.167855784297
47 74 0 8 0.167712420225
34 40 0 8 0.167710185051
23 46 0 8 0.164814397693
47 75 0 8 0.164668783545
44 72 0 8 0.16441051662
45 72 0 8 0.164385423064
33 41 0 8 0.164149001241
17 75 0 8 0.16401450336
61 70 0 8 0.163724213839
36 42 0 8 0.163505643606
39 42 0 8 0.162875339389
45 64 0 8 0.16261857748
47 77 0 8 0.162395641208
69 78 0 8 0.162193849683
58 78 0 8 0.162103742361
16 64 0 8 0.162087649107
68 74 0 8 0.161953032017
43 59 0 8 0.160991445184
8 14 0 8 0.16007052362
23 45 0 8 0.160005480051
52 60 0 8 0.159894004464
42 47 0 8 0.159854874015
62 69 0 8 0.15943145752
47 69 0 8 0.15939475596
47 58 0 8 0.159053131938
33 40 0 8 0.157507896423
59 70 0 8 0.157042518258
60 66 0 8 0.156903386116
43 72 0 8 0.156673356891
47 64 0 8 0.156159266829
31 41 0 8 0.156111910939
49 64 0 8 0.156092867255
47 71 0 8 0.155608057976
18 22 0 8 0.154502481222
20 69 0 8 0.154251590371
2 5 0 8 0.153743311763
12 74 0 8 0.153676629066
16 72 0 8 0.153587803245
44 74 0 8 0.153524920344
2 6 0 8 0.153485774994
29 36 0 8 0.153331696987
5 8 0 8 0.153162240982
47 65 0 8 0.152727946639
61 65 0 8 0.151823014021
17 69 0 8 0.151439338923
26 70 0 8 0.151280716062
43 77 0 8 0.151000633836
14 75 0 8 0.150746867061
16 63 0 8 0.148958861828
59 62 0 8 0.14885661006
60 71 0 8 0.148290887475
49 68 0 8 0.148109421134
17 43 0 8 0.1477535218
72 77 0 8 0.147533044219
17 20 0 8 0.145385071635
48 71 0 8 0.144932001829
49 76 0 8 0.14457821846
16 77 0 8 0.143902719021
17 48 0 8 0.143323406577
42 49 0 8 0.143192663789
16 69 0 8 0.142928600311
42 45 0 8 0.142831087112
42 73 0 8 0.142721444368
52 57 0 8 0.141732797027
47 73 0 8 0.1416952461
60 73 0 8 0.141515374184
19 61 0 8 0.141102224588
60 78 0 8 0.140804901719
45 60 0 8 0.140373960137
56 59 0 8 0.140367805958
19 69 0 8 0.140361353755
69 72 0 8 0.139824181795
26 63 0 8 0.139474198222
61 76 0 8 0.139446482062
19 70 0 8 0.13912910223
45 71 0 8 0.138668850064
64 75 0 8 0.137381240726
72 75 0 8 0.137229606509
46 72 0 8 0.137187838554
51 69 0 8 0.137008652091
34 41 0 8 0.136883705854
59 68 0 8 0.136787995696
20 43 0 8 0.136548101902
19 60 0 8 0.136441573501
45 70 0 8 0.135029911995
46 50 0 8 0.134918361902
17 78 0 8 0.134522035718
15 21 0 8 0.133127957582
29 34 0 8 0.133087143302
47 82 0 8 0.133026868105
42 48 0 8 0.132751256227
78 83 0 8 0.132360011339
26 46 0 8 0.132167294621
44 64 0 8 0.132033318281
44 49 0 8 0.131866678596
44 63 0 8 0.131772175431
19 75 0 8 0.130816712976
50 55 0 8 0.130440741777
49 63 0 8 0.12964501977
67 77 0 8 0.129638835788
1 5 0 8 0.129154130816
17 77 0 8 0.128860384226
7 13 0 8 0.12831684947
12 67 0 8 0.128194957972
43 76 0 8 0.128032132983
19 67 0 8 0.127745985985
19 78 0 8 0.127637803555
69 77 0 8 0.127584517002
7 17 0 8 0.127400651574
50 73 0 8 0.127204865217
42 50 0 8 0.127195045352
61 71 0 8 0.127114772797
68 76 0 8 0.12642686069
53 60 0 8 0.126376748085
7 63 0 8 0.126341342926
62 66 0 8 0.125924825668
68 77 0 8 0.125693365932
58 69 0 8 0.12511318922
16 74 0 8 0.125061571598
41 44 0 8 0.124431170523
19 73 0 8 0.124280788004
58 79 0 8 0.12404987216
50 74 0 8 0.123971946537
43 60 0 8 0.123781330884
31 35 0 8 0.123614624143
17 73 0 8 0.122687213123
14 46 0 8 0.122586525977
50 64 0 8 0.122417025268
16 20 0 8 0.122371278703
17 63 0 8 0.122074887156
23 74 0 8 0.121517129242
8 12 0 8 0.121418684721
61 67 0 8 0.121392294765
7 16 0 8 0.121241614223
71 75 0 8 0.121216893196
44 62 0 8 0.1204951033
23 49 0 8 0.120369113982
50 71 0 8 0.120095819235
31 42 0 8 0.120049573481
20 46 0 8 0.120042674243
21 26 0 8 0.119823344052
65 79 0 8 0.11952226609
7 81 0 8 0.119343370199
16 75 0 8 0.118759006262
44 75 0 8 0.11875654757
16 60 0 8 0.118474990129
47 72 0 8 0.118332929909
59 78 0 8 0.117767237127
19 50 0 8 0.11572509259
44 70 0 8 0.114933930337
30 41 0 8 0.114492081106
63 70 0 8 0.1144778952
60 77 0 8 0.114140257239
26 48 0 8 0.113870702684
43 62 0 8 0.113542728126
64 78 0 8 0.113359726965
43 65 0 8 0.11294836551
42 74 0 8 0.112909555435
23 42 0 8 0.11285353452
70 75 0 8 0.112567067146
58 77 0 8 0.112414456904
47 68 0 8 0.112195715308
17 46 0 8 0.111907713115
23 58 0 8 0.111677631736
36 43 0 8 0.111513182521
20 25 0 8 0.110984817147
44 61 0 8 0.110854424536
42 75 0 8 0.110545352101
47 76 0 8 0.110211364925
27 32 0 8 0.110134631395
46 65 0 8 0.109827362001
66 77 0 8 0.109587304294
19 48 0 8 0.10941965133
21 43 0 8 0.109220847487
8 15 0 8 0.108951456845
39 43 0 8 0.108179681003
23 29 0 8 0.107924677432
17 74 0 8 0.107858374715
33 43 0 8 0.107778839767
16 46 0 8 0.107164360583
33 38 0 8 0.10673546046
32 36 0 8 0.106535248458
44 65 0 8 0.106337241828
26 45 0 8 0.106047086418
19 26 0 8 0.105656296015
16 43 0 8 0.105501323938
2 7 0 8 0.105492889881
39 68 0 8 0.105457663536
50 72 0 8 0.105348207057
45 69 0 8 0.104908317327
46 59 0 8 0.104858070612
49 70 0 8 0.104686141014
23 40 0 8 0.104311525822
49 52 0 8 0.10394667834
18 65 0 8 0.103918142617
50 65 0 8 0.10327783227
64 81 0 8 0.103260166943
20 48 0 8 0.103109322488
29 44 0 8 0.103071540594
41 68 0 8 0.103064090014
23 75 0 8 0.103057332337
50 75 0 8 0.102694384754
23 47 0 8 0.102533489466
45 65 0 8 0.102522492409
42 63 0 8 0.102448940277
48 70 0 8 0.102381132543
60 72 0 8 0.102149263024
54 68 0 8 0.101926445961
12 58 0 8 0.101918824017
43 68 0 8 0.101839333773
28 33 0 8 0.101741105318
59 76 0 8 0.101640462875
14 43 0 8 0.101563207805
49 72 0 8 0.101529292762
14 64 0 8 0.101460047066
63 76 0 8 0.10142813623
41 75 0 8 0.101325474679
31 36 0 8 0.101235955954
29 42 0 8 0.101198121905
6 10 0 8 0.101134821773
22 42 0 8 0.101079262793
23 69 0 8 0.100936420262
26 41 0 8 0.100928284228
47 51 0 8 0.100760288537
40 43 0 8 0.100719340146
29 43 0 8 0.100646235049
51 72 0 8 0.100645616651
50 77 0 8 0.100439406931
17 64 0 8 0.100423417985
30 40 0 8 0.10038793087
16 79 0 8 0.100194782019
65 77 0 8 0.100172519684
9 13 0 8 0.100122310221
36 48 0 8 0.100099176168
51 63 0 8 0.100062519312
26 42 0 8 0.0999693796039
60 67 0 8 0.0997225046158
60 65 0 8 0.099345818162
68 78 0 8 0.0990412160754
51 62 0 8 0.0989065468311
62 77 0 8 0.0985913872719
30 43 0 8 0.0982146188617
64 79 0 8 0.0980847030878
39 65 0 8 0.0980359092355
51 73 0 8 0.0975331291556
7 19 0 8 0.097420938313
31 48 0 8 0.0973922237754
54 74 0 8 0.0973811820149
58 61 0 8 0.0973210856318
44 69 0 8 0.0972165390849
50 68 0 8 0.0972073748708
22 43 0 8 0.0969799011946
58 72 0 8 0.0969738513231
26 47 0 8 0.0968411266804
46 70 0 8 0.0966909453273
38 43 0 8 0.0965807810426
49 67 0 8 0.0960407033563
30 36 0 8 0.0959583744407
59 63 0 8 0.0958747416735
54 73 0 8 0.0957633256912
17 76 0 8 0.0957366973162
55 59 0 8 0.0956940799952
37 58 0 8 0.0955431833863
19 77 0 8 0.0954126566648
20 44 0 8 0.0953922867775
62 71 0 8 0.0953919813037
6 9 0 8 0.0952411592007
17 31 0 8 0.0952081903815
33 39 0 8 0.0947860255837
62 78 0 8 0.0946541428566
58 73 0 8 0.0946090742946
20 73 0 8 0.0944676026702
32 40 0 8 0.0943637862802
22 47 0 8 0.0942997708917
51 75 0 8 0.0942673310637
26 75 0 8 0.0940502732992
58 74 0 8 0.0938963219523
77 82 0 8 0.0938039645553
41 49 0 8 0.093722037971
51 74 0 8 0.0935767814517
37 75 0 8 0.093568123877
14 73 0 8 0.0935450196266
16 71 0 8 0.0934495180845
68 75 0 8 0.0933355242014
43 66 0 8 0.0933256745338
17 68 0 8 0.0931818112731
27 43 0 8 0.0931703671813
41 46 0 8 0.093153834343
59 79 0 8 0.0930572375655
19 68 0 8 0.0930324569345
62 70 0 8 0.0928881317377
17 23 0 8 0.0927524417639
41 45 0 8 0.0926683321595
49 54 0 8 0.0924593955278
30 37 0 8 0.0922520458698
36 49 0 8 0.0922227576375
7 74 0 8 0.0922117307782
37 49 0 8 0.09217441082
9 21 0 8 0.0921466052532
67 76 0 8 0.0919848755002
27 44 0 8 0.0917746052146
22 74 0 8 0.091686271131
42 60 0 8 0.0916325971484
31 40 0 8 0.0915458127856
44 60 0 8 0.0915321335196
7 65 0 8 0.091460749507
16 48 0 8 0.0912876054645
53 68 0 8 0.0912799239159
20 71 0 8 0.0908530652523
17 61 0 8 0.0908414870501
17 72 0 8 0.0906166136265
53 69 0 8 0.090475037694
43 67 0 8 0.0903737768531
41 47 0 8 0.0903037115932
51 67 0 8 0.0901666656137
23 44 0 8 0.0900985822082
37 63 0 8 0.0898612290621
22 72 0 8 0.0898117348552
71 76 0 8 0.0896648168564
60 75 0 8 0.0896436423063
7 47 0 8 0.0895972251892
42 61 0 8 0.0895676091313
11 81 0 8 0.0893968865275
23 34 0 8 0.0892444252968
26 74 0 8 0.0888616517186
31 43 0 8 0.0888483896852
65 78 0 8 0.0887062102556
41 48 0 8 0.0885755643249
42 69 0 8 0.0885101258755
44 50 0 8 0.0883351117373
52 72 0 8 0.0883014798164
46 68 0 8 0.0882208570838
59 72 0 8 0.0880105346441
46 58 0 8 0.0879793390632
65 69 0 8 0.0879620164633
4 8 0 8 0.0879060849547
20 47 0 8 0.0878367498517
49 56 0 8 0.0877844467759
64 77 0 8 0.0877764299512
35 40 0 8 0.0877573788166
61 79 0 8 0.0875396504998
56 70 0 8 0.0874631777406
32 39 0 8 0.0868718102574
31 37 0 8 0.0868220478296
16 61 0 8 0.0866946130991
13 19 0 8 0.0866496860981
34 43 0 8 0.0866099372506
45 58 0 8 0.0865108594298
60 74 0 8 0.0863962993026
29 37 0 8 0.0863533467054
33 42 0 8 0.0863422676921
26 69 0 8 0.0862292200327
13 73 0 8 0.0861796140671
50 81 0 8 0.0861101299524
70 77 0 8 0.0857809409499
9 48 0 8 0.0857411399484
24 43 0 8 0.0856344252825
39 58 0 8 0.0854933410883
21 44 0 8 0.0851672738791
42 64 0 8 0.0850449502468
62 67 0 8 0.0848291814327
53 73 0 8 0.0847709849477
45 76 0 8 0.0847682133317
63 79 0 8 0.0847585201263
48 79 0 8 0.0846380069852
70 78 0 8 0.0843996107578
37 44 0 8 0.0843082889915
29 40 0 8 0.0843026414514
28 41 0 8 0.0842689648271
37 76 0 8 0.0842449590564
26 65 0 8 0.084181047976
14 26 0 8 0.0841637179255
41 73 0 8 0.0841597989202
37 59 0 8 0.0841009020805
64 70 0 8 0.0840966254473
15 23 0 8 0.0840955004096
36 63 0 8 0.0840498283505
54 60 0 8 0.084048487246
23 28 0 8 0.0838919058442
7 26 0 8 0.0837972983718
23 41 0 8 0.0837197750807
16 22 0 8 0.0835962742567
12 64 0 8 0.0835059657693
59 74 0 8 0.0834970399737
67 74 0 8 0.0834001153708
32 37 0 8 0.0826794356108
23 77 0 8 0.0824999883771
16 76 0 8 0.0824069455266
19 65 0 8 0.0823578685522
19 44 0 8 0.0822511389852
13 49 0 8 0.0821724459529
30 42 0 8 0.0819296687841
6 49 0 8 0.0818871036172
16 23 0 8 0.0818661674857
30 39 0 8 0.0817291140556
7 42 0 8 0.0816364735365
43 50 0 8 0.0816354602575
58 75 0 8 0.0815229341388
47 70 0 8 0.0814698189497
29 41 0 8 0.0813861787319
22 46 0 8 0.0811922997236
12 78 0 8 0.0811864808202
23 78 0 8 0.0810793936253
51 70 0 8 0.0810247734189
19 71 0 8 0.0809870585799
45 77 0 8 0.0809631720185
34 42 0 8 0.0808210447431
38 58 0 8 0.0807498022914
20 68 0 8 0.0806579813361
32 42 0 8 0.0806367173791
64 76 0 8 0.0805587694049
63 81 0 8 0.0804709792137
58 82 0 8 0.080383323133
11 74 0 8 0.0803065598011
49 77 0 8 0.0802612006664
25 45 0 8 0.0802336931229
48 67 0 8 0.0802201107144
23 73 0 8 0.0802181437612
20 50 0 8 0.0801520273089
37 48 0 8 0.0799703076482
23 60 0 8 0.0798902511597
7 43 0 8 0.079822294414
48 52 0 8 0.0797877088189
47 66 0 8 0.0796805992723
59 73 0 8 0.079513721168
34 44 0 8 0.0793320685625
38 44 0 8 0.0791253149509
36 61 0 8 0.0791177079082
18 74 0 8 0.0790836885571
29 49 0 8 0.0790696516633
25 43 0 8 0.0788828954101
7 69 0 8 0.0787687525153
71 78 0 8 0.0787004455924
49 78 0 8 0.078626036644
19 51 0 8 0.0785631537437
42 65 0 8 0.0785516649485
44 78 0 8 0.078350096941
24 29 0 8 0.0783459544182
19 24 0 8 0.0782409310341
38 59 0 8 0.0781618729234
44 77 0 8 0.078159853816
42 62 0 8 0.0780910775065
13 42 0 8 0.0780855789781
41 50 0 8 0.0780088081956
9 18 0 8 0.0779367983341
7 82 0 8 0.0775295048952
19 63 0 8 0.0774760320783
61 66 0 8 0.0774295926094
7 18 0 8 0.0772297233343
30 35 0 8 0.0771265178919
57 60 0 8 0.0771108791232
41 77 0 8 0.0770520567894
21 70 0 8 0.0770085975528
23 63 0 8 0.0769888907671
19 25 0 8 0.076896853745
56 78 0 8 0.0768511071801
41 76 0 8 0.0766511112452
10 68 0 8 0.0766478031874
14 76 0 8 0.0766298174858
58 80 0 8 0.0765821263194
36 62 0 8 0.0764282643795
37 64 0 8 0.0763609930873
64 80 0 8 0.076264642179
17 81 0 8 0.0762211680412
48 57 0 8 0.0760885328054
24 63 0 8 0.0760637000203
33 48 0 8 0.0756893903017
46 66 0 8 0.0754389464855
62 74 0 8 0.0754077360034
26 44 0 8 0.0753853619099
24 41 0 8 0.0753683149815
23 64 0 8 0.07516092062
26 49 0 8 0.0750935971737
20 74 0 8 0.0750803872943
70 76 0 8 0.0750646218657
24 46 0 8 0.0749789699912
9 47 0 8 0.0749208554626
39 44 0 8 0.0748088434339
17 79 0 8 0.0744867324829
32 43 0 8 0.0744155496359
16 65 0 8 0.0743590444326
58 81 0 8 0.0742033720016
43 58 0 8 0.0741935670376
69 79 0 8 0.0739602074027
50 70 0 8 0.0739291384816
14 67 0 8 0.0738762691617
65 75 0 8 0.0738109350204
19 76 0 8 0.0737604871392
37 60 0 8 0.0736207216978
25 30 0 8 0.073582187295
6 70 0 8 0.0735674202442
41 78 0 8 0.0731311589479
45 50 0 8 0.0728895142674
12 71 0 8 0.0728877335787
59 67 0 8 0.0728008002043
41 63 0 8 0.072751507163
17 26 0 8 0.0726617798209
24 48 0 8 0.0726561099291
48 65 0 8 0.0725009068847
50 67 0 8 0.072274364531
47 79 0 8 0.072157509625
52 71 0 8 0.0720922127366
31 45 0 8 0.0719745978713
34 39 0 8 0.0717222765088
25 57 0 8 0.0715192779899
14 77 0 8 0.0714172720909
23 61 0 8 0.0713890492916
46 67 0 8 0.0713756233454
23 50 0 8 0.0713342577219
36 58 0 8 0.0712964385748
36 44 0 8 0.0712719783187
23 30 0 8 0.0711475014687
27 42 0 8 0.0710934102535
39 45 0 8 0.0710930302739
65 74 0 8 0.0704690143466
51 78 0 8 0.0704072415829
17 47 0 8 0.0701526254416
22 45 0 8 0.0699487999082
26 50 0 8 0.0699370801449
13 75 0 8 0.0698984265327
31 38 0 8 0.0698876082897
30 38 0 8 0.0697912722826
17 70 0 8 0.0697796046734
18 64 0 8 0.0697251781821
22 67 0 8 0.0693880021572
29 35 0 8 0.0693784579635
63 73 0 8 0.0692817419767
54 71 0 8 0.0692325457931
40 74 0 8 0.0691937431693
40 50 0 8 0.0690109729767
13 79 0 8 0.068985953927
35 43 0 8 0.068771071732
22 44 0 8 0.0686782076955
59 65 0 8 0.0684043243527
65 73 0 8 0.0683986693621
58 76 0 8 0.0683568939567
58 63 0 8 0.0681643188
7 23 0 8 0.0680423676968
50 63 0 8 0.0680112764239
14 78 0 8 0.0680014416575
21 69 0 8 0.0678790733218
15 22 0 8 0.0678594782948
29 38 0 8 0.0677467659116
8 34 0 8 0.0676595196128
23 76 0 8 0.0676429197192
60 76 0 8 0.0675935149193
20 51 0 8 0.0675922185183
15 48 0 8 0.0675449222326
11 16 0 8 0.0674245432019
52 69 0 8 0.0674197003245
52 61 0 8 0.0672139823437
18 26 0 8 0.0671299770474
67 75 0 8 0.0670000240207
28 37 0 8 0.0669727623463
12 69 0 8 0.0669654533267
8 81 0 8 0.0667113140225
14 61 0 8 0.0666702538729
29 39 0 8 0.0666085481644
55 82 0 8 0.0664477795362
12 76 0 8 0.0664200559258
16 81 0 8 0.0664016827941
48 72 0 8 0.0662983208895
30 44 0 8 0.0662864595652
4 14 0 8 0.0662766769528
14 49 0 8 0.0662039145827
20 42 0 8 0.0661684498191
17 60 0 8 0.0661087334156
51 68 0 8 0.0660967305303
37 47 0 8 0.0660914704204
20 45 0 8 0.0660702884197
74 79 0 8 0.0656905248761
60 79 0 8 0.0656204745173
21 47 0 8 0.0655885338783
57 69 0 8 0.0655112862587
49 81 0 8 0.0651920512319
56 81 0 8 0.0651476532221
63 82 0 8 0.0651402324438
49 55 0 8 0.0651193857193
54 70 0 8 0.065091624856
13 76 0 8 0.0650263354182
66 79 0 8 0.0649326220155
36 64 0 8 0.0648217722774
59 64 0 8 0.0647625774145
41 58 0 8 0.0643713995814
37 74 0 8 0.0643565282226
41 61 0 8 0.0642857402563
42 59 0 8 0.0642835721374
53 75 0 8 0.0641863942146
41 64 0 8 0.0641438886523
63 74 0 8 0.0638936385512
26 57 0 8 0.0638373047113
8 33 0 8 0.0637681111693
45 59 0 8 0.0637352839112
36 71 0 8 0.0636072531343
38 60 0 8 0.063529767096
8 62 0 8 0.0634803324938
16 73 0 8 0.0634793415666
36 50 0 8 0.0634113550186
6 11 0 8 0.0633040815592
5 9 0 8 0.0631687939167
64 73 0 8 0.0629604309797
29 71 0 8 0.0629416927695
25 71 0 8 0.0628436431289
22 41 0 8 0.0628432184458
49 80 0 8 0.0626918971539
44 76 0 8 0.0625322908163
12 32 0 8 0.0625158250332
9 23 0 8 0.0624314956367
26 73 0 8 0.0624107867479
55 81 0 8 0.062282115221
44 56 0 8 0.062273118645
12 60 0 8 0.062261916697
26 32 0 8 0.06218438223
61 80 0 8 0.0621825344861
59 82 0 8 0.06202147156
13 74 0 8 0.0620113201439
26 78 0 8 0.0619920343161
36 59 0 8 0.0619425773621
35 42 0 8 0.0617832280695
14 48 0 8 0.0617488957942
52 82 0 8 0.0615272372961
40 49 0 8 0.0614608861506
31 49 0 8 0.0614317506552
25 72 0 8 0.0613411553204
59 75 0 8 0.0613358728588
23 70 0 8 0.0613156929612
7 31 0 8 0.0612948276103
19 27 0 8 0.0611561760306
1 7 0 8 0.0610857121646
45 66 0 8 0.0609282068908
19 47 0 8 0.0609070174396
31 46 0 8 0.0607262253761
76 82 0 8 0.0605759397149
16 49 0 8 0.0604743994772
36 70 0 8 0.0603875853121
45 67 0 8 0.0603192076087
25 42 0 8 0.0602810308337
33 60 0 8 0.0602451786399
61 72 0 8 0.0600658468902
17 22 0 8 0.0600451789796
62 76 0 8 0.0600436590612
23 71 0 8 0.0600165650249
30 49 0 8 0.0599927976727
40 44 0 8 0.0599412322044
30 46 0 8 0.0598811544478
8 58 0 8 0.0598483085632
20 61 0 8 0.0598145909607
75 80 0 8 0.0597795918584
12 75 0 8 0.0597134530544
20 41 0 8 0.0596886947751
24 59 0 8 0.0596571341157
51 64 0 8 0.0595762953162
64 71 0 8 0.0595085807145
36 51 0 8 0.0594641603529
56 60 0 8 0.0594386979938
14 65 0 8 0.0593656562269
20 60 0 8 0.0593553930521
35 41 0 8 0.0593275390565
50 76 0 8 0.059272274375
24 30 0 8 0.0592283271253
53 70 0 8 0.0592078715563
29 46 0 8 0.0592060759664
55 68 0 8 0.0591381490231
37 46 0 8 0.0589586682618
28 34 0 8 0.0589538365602
45 68 0 8 0.0589203573763
41 59 0 8 0.0588415339589
7 33 0 8 0.0588193200529
25 41 0 8 0.0588112808764
36 68 0 8 0.0587753690779
20 75 0 8 0.0587734170258
22 49 0 8 0.0585000365973
23 32 0 8 0.0584712326527
51 65 0 8 0.0584117658436
6 14 0 8 0.0583447664976
21 63 0 8 0.0583242326975
23 65 0 8 0.05819266662
31 51 0 8 0.0581274442375
51 76 0 8 0.0580602325499
59 66 0 8 0.0579035691917
20 67 0 8 0.0578394979239
19 34 0 8 0.0577666275203
26 36 0 8 0.0577634498477
21 46 0 8 0.0577111244202
30 58 0 8 0.0576388984919
22 50 0 8 0.0575891397893
49 65 0 8 0.0575330853462
28 38 0 8 0.0575174018741
14 71 0 8 0.0574581325054
13 58 0 8 0.0574019551277
2 11 0 8 0.0573686696589
56 82 0 8 0.0573100969195
66 69 0 8 0.0572981461883
26 76 0 8 0.0572919137776
17 51 0 8 0.0572638511658
41 67 0 8 0.0572399795055
21 45 0 8 0.057164862752
14 32 0 8 0.0571337230504
13 82 0 8 0.0570107661188
57 78 0 8 0.0569866709411
14 68 0 8 0.056965816766
21 42 0 8 0.0569296330214
77 83 0 8 0.0568590164185
7 34 0 8 0.0567532330751
17 49 0 8 0.056743953377
42 76 0 8 0.0566365011036
17 67 0 8 0.0565583594143
9 70 0 8 0.0565481856465
28 43 0 8 0.056410651654
27 45 0 8 0.0564058274031
12 44 0 8 0.0563804320991
14 58 0 8 0.0562056414783
66 78 0 8 0.0561931990087
32 38 0 8 0.0561789125204
55 71 0 8 0.0561006218195
25 46 0 8 0.0560717843473
52 70 0 8 0.0560406856239
14 45 0 8 0.0559896863997
19 33 0 8 0.0559710524976
6 44 0 8 0.0559429936111
12 46 0 8 0.0558521896601
43 79 0 8 0.0558099858463
19 42 0 8 0.0557451024652
56 72 0 8 0.0556192025542
42 78 0 8 0.0555650144815
32 65 0 8 0.0555009134114
42 66 0 8 0.0554432533681
54 69 0 8 0.0554153770208
8 59 0 8 0.0554045476019
4 45 0 8 0.0553543828428
13 37 0 8 0.0552259758115
27 37 0 8 0.0551099926233
18 52 0 8 0.0550958774984
20 64 0 8 0.0549896247685
19 66 0 8 0.0549309514463
16 78 0 8 0.0549018122256
24 45 0 8 0.0548830740154
22 66 0 8 0.0548802278936
32 58 0 8 0.0548231750727
39 59 0 8 0.0547616444528
52 68 0 8 0.0547231808305
37 73 0 8 0.0546876192093
61 81 0 8 0.0546271838248
27 33 0 8 0.0546183288097
28 36 0 8 0.054617639631
10 59 0 8 0.0545071102679
12 45 0 8 0.0543857701123
47 67 0 8 0.0543777123094
26 60 0 8 0.0543434582651
24 74 0 8 0.0542530044913
47 78 0 8 0.0542150847614
24 58 0 8 0.0541470088065
54 72 0 8 0.0538367331028
21 59 0 8 0.0538046956062
41 71 0 8 0.0537423975766
1 6 0 8 0.0537317320704
56 71 0 8 0.0537087395787
29 48 0 8 0.0536875724792
21 74 0 8 0.0535699129105
45 51 0 8 0.0535366274416
22 27 0 8 0.0534188449383
24 51 0 8 0.0533973276615
13 64 0 8 0.0533109866083
21 48 0 8 0.0532385967672
15 69 0 8 0.0532270260155
23 72 0 8 0.0532236509025
56 80 0 8 0.0531912446022
12 61 0 8 0.0531833544374
52 74 0 8 0.0531348139048
39 57 0 8 0.0531316511333
13 36 0 8 0.0530806966126
26 61 0 8 0.0530546233058
42 82 0 8 0.0530095212162
41 60 0 8 0.0528790354729
15 46 0 8 0.0528779625893
17 58 0 8 0.0528628118336
66 75 0 8 0.0528229214251
13 69 0 8 0.0526700094342
53 65 0 8 0.052545517683
21 77 0 8 0.052542001009
6 65 0 8 0.0525326505303
26 58 0 8 0.052524689585
32 49 0 8 0.052425134927
62 82 0 8 0.0523977577686
17 33 0 8 0.0523216687143
33 46 0 8 0.0523141846061
53 66 0 8 0.0522142909467
13 23 0 8 0.0522003211081
57 79 0 8 0.0521302968264
60 81 0 8 0.0519434399903
59 80 0 8 0.0518919564784
59 81 0 8 0.0518798530102
4 20 0 8 0.0518394447863
37 50 0 8 0.0517237596214
6 26 0 8 0.0516275204718
37 68 0 8 0.0515098050237
18 50 0 8 0.0514460913837
58 83 0 8 0.0513483658433
48 66 0 8 0.0512868613005
55 60 0 8 0.0512567870319
11 31 0 8 0.0512083433568
7 79 0 8 0.0511682927608
29 62 0 8 0.0511563569307
41 62 0 8 0.0511159971356
8 35 0 8 0.0511124245822
61 82 0 8 0.0510896965861
38 47 0 8 0.0510850735009
15 68 0 8 0.0510662943125
34 58 0 8 0.0510656125844
12 41 0 8 0.0509227588773
18 27 0 8 0.0509149283171
10 42 0 8 0.0509003996849
58 65 0 8 0.0508697964251
13 46 0 8 0.050850700587
44 51 0 8 0.0507805645466
29 51 0 8 0.0507549643517
18 23 0 8 0.0506678409874
37 70 0 8 0.050568766892
16 58 0 8 0.0504485368729
56 68 0 8 0.0503553673625
27 46 0 8 0.0503080189228
10 58 0 8 0.0502768047154
12 43 0 8 0.0502339117229
55 80 0 8 0.0501816906035
52 73 0 8 0.0501710250974
37 77 0 8 0.0501666069031
29 64 0 8 0.0501459650695
41 69 0 8 0.050101660192
17 80 0 8 0.0500981807709
41 72 0 8 0.0500898845494
6 68 0 8 0.0500878207386
24 42 0 8 0.049971178174
36 72 0 8 0.0499269850552
28 47 0 8 0.0499027334154
43 51 0 8 0.0497037619352
32 46 0 8 0.0496435724199
57 68 0 8 0.0496214032173
4 15 0 8 0.0496105216444
26 64 0 8 0.0496098250151
35 58 0 8 0.049605332315
24 69 0 8 0.0495694950223
21 28 0 8 0.0495381988585
17 65 0 8 0.0494850315154
25 50 0 8 0.0494370758533
47 81 0 8 0.0493710376322
6 19 0 8 0.049345318228
15 78 0 8 0.0492983646691
24 44 0 8 0.0492651537061
36 69 0 8 0.0492236837745
25 81 0 8 0.0492233857512
68 72 0 8 0.0492199361324
58 64 0 8 0.0492000058293
31 50 0 8 0.0490849427879
7 46 0 8 0.049084495753
8 13 0 8 0.0490022115409
31 39 0 8 0.0489524193108
72 78 0 8 0.0489204265177
38 48 0 8 0.0487936027348
68 73 0 8 0.0487340129912
31 44 0 8 0.0487313941121
13 33 0 8 0.0486861653626
12 63 0 8 0.0486329272389
34 49 0 8 0.0485623516142
12 23 0 8 0.0485434755683
55 69 0 8 0.0485030226409
19 72 0 8 0.0484885126352
69 80 0 8 0.0484601072967
56 83 0 8 0.0484401583672
44 66 0 8 0.0484275743365
7 44 0 8 0.0483803749084
54 75 0 8 0.0483608618379
39 51 0 8 0.0482813082635
21 60 0 8 0.0482117906213
37 61 0 8 0.0482073687017
10 56 0 8 0.0480814576149
41 51 0 8 0.0480751954019
65 76 0 8 0.0480524599552
54 80 0 8 0.0480231456459
12 30 0 8 0.0479636229575
37 45 0 8 0.047903072089
53 71 0 8 0.0478857457638
69 81 0 8 0.0478567294776
34 64 0 8 0.0478516034782
20 70 0 8 0.0478509515524
12 48 0 8 0.0478417947888
25 47 0 8 0.0477261841297
44 59 0 8 0.0477054156363
52 62 0 8 0.0476810596883
17 71 0 8 0.0476713329554
66 70 0 8 0.0476541891694
18 43 0 8 0.047540910542
29 45 0 8 0.0475228093565
57 67 0 8 0.0474257431924
18 69 0 8 0.047356467694
42 68 0 8 0.0473294481635
58 67 0 8 0.0473106168211
17 32 0 8 0.0472474135458
44 68 0 8 0.0472096763551
15 43 0 8 0.0470866672695
38 65 0 8 0.047052834183
26 77 0 8 0.0470140129328
36 60 0 8 0.0469933785498
13 43 0 8 0.0469843037426
27 36 0 8 0.0469689294696
13 78 0 8 0.04691689834
50 66 0 8 0.0468162037432
12 31 0 8 0.0468067750335
51 81 0 8 0.0467603579164
12 49 0 8 0.0467148944736
12 77 0 8 0.0467035956681
9 22 0 8 0.0466967597604
25 44 0 8 0.0466527566314
14 31 0 8 0.046628691256
23 59 0 8 0.0465726554394
22 52 0 8 0.0465389601886
16 42 0 8 0.0465386211872
33 49 0 8 0.0463540554047
26 37 0 8 0.0463486388326
27 50 0 8 0.0463399849832
13 21 0 8 0.0463263131678
64 82 0 8 0.0462662652135
22 61 0 8 0.0461666956544
55 70 0 8 0.0461455062032
44 67 0 8 0.046131644398
33 69 0 8 0.0461046136916
22 70 0 8 0.0460520274937
15 77 0 8 0.0460510328412
21 27 0 8 0.046045076102
48 56 0 8 0.0460127778351
19 37 0 8 0.0459888279438
19 52 0 8 0.0458946824074
36 45 0 8 0.0458205454051
22 60 0 8 0.0458117984235
17 62 0 8 0.0457451045513
40 64 0 8 0.0457244999707
34 61 0 8 0.0457073710859
37 51 0 8 0.045666962862
18 49 0 8 0.0455734059215
39 49 0 8 0.0455379709601
50 80 0 8 0.0455165989697
42 70 0 8 0.0455061383545
65 80 0 8 0.04548933357
38 45 0 8 0.0454277582467
13 18 0 8 0.0454081483185
19 32 0 8 0.045405626297
16 47 0 8 0.0452820919454
28 46 0 8 0.0452258661389
18 51 0 8 0.0451633520424
42 77 0 8 0.0451604239643
21 41 0 8 0.0451135449111
32 45 0 8 0.0451006777585
28 40 0 8 0.0450895056129
6 15 0 8 0.0450737327337
16 44 0 8 0.0450715869665
7 32 0 8 0.0450710728765
7 78 0 8 0.0450656376779
34 51 0 8 0.0450108163059
27 38 0 8 0.0449826531112
34 50 0 8 0.0447712466121
22 71 0 8 0.0447590723634
62 75 0 8 0.0447324030101
4 17 0 8 0.0446971356869
33 51 0 8 0.0446916185319
19 79 0 8 0.0446885935962
9 24 0 8 0.0446635857224
40 65 0 8 0.0446123406291
31 58 0 8 0.044611543417
13 22 0 8 0.0445108003914
38 63 0 8 0.0445094034076
67 71 0 8 0.0445031933486
40 66 0 8 0.0444850549102
23 33 0 8 0.044423636049
20 76 0 8 0.0444106161594
10 65 0 8 0.0444063544273
54 83 0 8 0.0443610846996
62 83 0 8 0.0443093515933
28 39 0 8 0.0442130938172
40 58 0 8 0.0442130044103
25 59 0 8 0.044206827879
44 55 0 8 0.0441448763013
29 75 0 8 0.0440982915461
17 29 0 8 0.0440555550158
14 41 0 8 0.0440303273499
28 42 0 8 0.0440164618194
7 27 0 8 0.0440112650394
25 31 0 8 0.0440041422844
13 31 0 8 0.0439034663141
40 76 0 8 0.043862901628
57 62 0 8 0.0438318662345
49 66 0 8 0.0438243299723
30 48 0 8 0.0438069701195
60 80 0 8 0.0437634401023
11 60 0 8 0.0437591299415
31 68 0 8 0.0436864607036
55 73 0 8 0.0436854436994
38 64 0 8 0.0436545573175
22 68 0 8 0.0436375364661
14 24 0 8 0.0436170436442
26 51 0 8 0.0435537770391
41 70 0 8 0.0435305424035
15 75 0 8 0.0433433428407
12 29 0 8 0.0433363541961
41 65 0 8 0.0433345511556
19 28 0 8 0.0431663058698
13 68 0 8 0.0430974662304
22 73 0 8 0.0430376417935
7 62 0 8 0.0429755598307
30 45 0 8 0.0429377146065
17 50 0 8 0.0429167449474
26 39 0 8 0.0428914837539
54 82 0 8 0.0428373813629
24 78 0 8 0.0427670329809
13 32 0 8 0.0427235066891
36 76 0 8 0.0427180826664
12 66 0 8 0.0426664315164
7 80 0 8 0.0426639169455
4 16 0 8 0.04263824597
13 47 0 8 0.04260558635
18 30 0 8 0.0425862967968
66 74 0 8 0.0425540730357
6 13 0 8 0.0425258614123
22 48 0 8 0.0424609258771
16 68 0 8 0.0424589663744
37 72 0 8 0.0424486361444
17 42 0 8 0.0424288623035
57 80 0 8 0.0424261577427
57 74 0 8 0.0424047186971
66 76 0 8 0.0423755384982
19 59 0 8 0.0423690676689
3 8 0 8 0.0423411279917
30 51 0 8 0.0423222407699
16 31 0 8 0.042288094759
56 69 0 8 0.0422439724207
7 73 0 8 0.0421862378716
36 65 0 8 0.0421734452248
24 49 0 8 0.0421609356999
13 61 0 8 0.0421352945268
15 26 0 8 0.0420730225742
57 81 0 8 0.0420491807163
54 61 0 8 0.0420295745134
7 64 0 8 0.0419563986361
76 81 0 8 0.041846960783
34 71 0 8 0.0418432019651
14 47 0 8 0.0418324954808
50 83 0 8 0.0418191403151
11 73 0 8 0.0417719520628
39 46 0 8 0.0417227074504
12 22 0 8 0.0416834913194
11 33 0 8 0.0415892601013
17 36 0 8 0.0415132530034
38 72 0 8 0.0413893163204
23 57 0 8 0.0413796752691
37 62 0 8 0.0413607880473
17 54 0 8 0.0412839055061
14 33 0 8 0.0412497296929
53 72 0 8 0.0412495695055
7 75 0 8 0.041207421571
36 46 0 8 0.041193973273
51 66 0 8 0.0411621853709
7 66 0 8 0.0411339476705
40 48 0 8 0.0411025509238
54 64 0 8 0.0410430245101
34 75 0 8 0.0410257354379
8 17 0 8 0.0410086289048
16 51 0 8 0.0410005375743
39 78 0 8 0.0409458316863
18 41 0 8 0.0409032180905
60 82 0 8 0.0408899746835
47 80 0 8 0.0408868081868
7 25 0 8 0.0408791303635
31 47 0 8 0.0408729687333
20 77 0 8 0.0408646799624
16 29 0 8 0.0408318191767
46 51 0 8 0.0407524108887
38 46 0 8 0.0407480783761
9 26 0 8 0.040747359395
7 45 0 8 0.0407354161143
3 81 0 8 0.0407139770687
34 69 0 8 0.0406959243119
13 34 0 8 0.0406737476587
7 49 0 8 0.0406162217259
12 21 0 8 0.0405932143331
32 75 0 8 0.0405431650579
16 59 0 8 0.0404909588397
24 47 0 8 0.0404854491353
5 31 0 8 0.0403827279806
25 49 0 8 0.0403695777059
8 24 0 8 0.0403542667627
26 33 0 8 0.0403290763497
38 49 0 8 0.040320109576
37 71 0 8 0.0403156802058
36 75 0 8 0.0402073301375
48 54 0 8 0.0401557348669
28 44 0 8 0.0400915890932
22 64 0 8 0.040040537715
11 80 0 8 0.040040422231
10 72 0 8 0.040036700666
38 50 0 8 0.0400043651462
22 59 0 8 0.039974719286
66 80 0 8 0.039933655411
16 26 0 8 0.0399153605103
20 79 0 8 0.0398796908557
38 74 0 8 0.0398695208132
54 81 0 8 0.0398667752743
57 73 0 8 0.0398201495409
30 64 0 8 0.0398120433092
7 29 0 8 0.0398075990379
52 65 0 8 0.0397424176335
20 32 0 8 0.0397157110274
22 77 0 8 0.0396965034306
33 44 0 8 0.0396245829761
42 58 0 8 0.0394787043333
16 80 0 8 0.0393745936453
16 36 0 8 0.0393607839942
34 45 0 8 0.039306782186
35 44 0 8 0.0392872318625
58 66 0 8 0.0392697118223
21 71 0 8 0.0392307043076
20 27 0 8 0.039208650589
34 78 0 8 0.0391498431563
23 36 0 8 0.0391413532197
16 34 0 8 0.0391059219837
53 81 0 8 0.0390674956143
57 77 0 8 0.0390638373792
29 50 0 8 0.0390328280628
17 44 0 8 0.0389230698347
38 70 0 8 0.0388977006078
34 70 0 8 0.0388826206326
4 19 0 8 0.0388820543885
34 48 0 8 0.0388770624995
28 45 0 8 0.0388538166881
16 45 0 8 0.0388484857976
57 82 0 8 0.0387724973261
26 59 0 8 0.0386930294335
44 82 0 8 0.0386543050408
57 64 0 8 0.038648866117
32 63 0 8 0.0386123806238
37 69 0 8 0.0385978631675
67 70 0 8 0.0385966338217
39 60 0 8 0.038530882448
10 44 0 8 0.0384817868471
17 30 0 8 0.0384788773954
7 30 0 8 0.038474176079
10 33 0 8 0.0384255349636
58 62 0 8 0.0384034924209
29 69 0 8 0.0383960977197
18 32 0 8 0.0383745357394
40 51 0 8 0.038308262825
53 74 0 8 0.0382854379714
57 83 0 8 0.0382642522454
14 51 0 8 0.0382211469114
4 42 0 8 0.0381727218628
68 71 0 8 0.0381501019001
24 36 0 8 0.0380694046617
21 29 0 8 0.0380637831986
4 70 0 8 0.0380411036313
30 50 0 8 0.0379698053002
23 37 0 8 0.0379322841763
19 31 0 8 0.0379248708487
56 66 0 8 0.037893652916
24 75 0 8 0.0378851369023
30 76 0 8 0.0378612987697
40 47 0 8 0.0378328971565
11 42 0 8 0.0377919450402
16 35 0 8 0.0377581119537
19 30 0 8 0.0377536192536
7 68 0 8 0.0377356223762
65 82 0 8 0.0377081185579
31 78 0 8 0.0377046577632
7 67 0 8 0.0376917012036
14 63 0 8 0.0376546569169
28 75 0 8 0.0376248694956
42 67 0 8 0.0376134067774
8 21 0 8 0.0375929772854
51 83 0 8 0.0375235714018
19 41 0 8 0.0375167801976
23 81 0 8 0.0373696424067
35 62 0 8 0.0373053066432
12 82 0 8 0.0372696146369
24 38 0 8 0.0371989943087
48 53 0 8 0.0370909273624
28 51 0 8 0.0370884947479
4 68 0 8 0.0370799563825
57 61 0 8 0.0369709655643
12 50 0 8 0.0369473062456
40 46 0 8 0.0368955768645
35 65 0 8 0.0368292629719
36 74 0 8 0.0368224643171
6 12 0 8 0.0367797501385
27 39 0 8 0.0367760360241
52 75 0 8 0.036771915853
12 26 0 8 0.0367579422891
40 59 0 8 0.0366332679987
17 45 0 8 0.0365787670016
46 79 0 8 0.036569301039
37 65 0 8 0.0365393050015
39 66 0 8 0.0365266576409
22 75 0 8 0.0364962555468
36 47 0 8 0.0364603661001
39 64 0 8 0.0364495962858
52 64 0 8 0.0364001430571
9 31 0 8 0.0363995544612
19 40 0 8 0.0363891795278
8 16 0 8 0.0363587699831
7 58 0 8 0.0363406799734
48 82 0 8 0.0363272950053
21 76 0 8 0.0363001823425
20 30 0 8 0.03628025949
57 66 0 8 0.0362354144454
7 24 0 8 0.0362279191613
56 76 0 8 0.0361914262176
40 78 0 8 0.0361680239439
6 32 0 8 0.0361367538571
40 71 0 8 0.0361340120435
37 78 0 8 0.0361210852861
16 67 0 8 0.0360527746379
25 75 0 8 0.0360482856631
21 67 0 8 0.0359938368201
49 79 0 8 0.0359767638147
34 60 0 8 0.0359697937965
24 39 0 8 0.0359444394708
15 49 0 8 0.0359213389456
8 79 0 8 0.0359177477658
6 78 0 8 0.0358958430588
22 76 0 8 0.0358708649874
22 28 0 8 0.035848364234
33 47 0 8 0.0358255766332
17 21 0 8 0.0357738770545
11 32 0 8 0.0357554443181
9 44 0 8 0.0357494428754
1 10 0 8 0.035741109401
53 61 0 8 0.0357075110078
33 74 0 8 0.0356940180063
15 36 0 8 0.0356488861144
32 50 0 8 0.0356422364712
18 75 0 8 0.03559807688
42 52 0 8 0.0355822592974
31 65 0 8 0.0355735272169
20 37 0 8 0.0355597175658
24 61 0 8 0.0355354510248
4 21 0 8 0.0355143733323
11 70 0 8 0.035474371165
36 73 0 8 0.0354728773236
33 75 0 8 0.0353812463582
1 8 0 8 0.0353369228542
47 52 0 8 0.0353323891759
20 63 0 8 0.0353204645216
47 54 0 8 0.0351898260415
5 10 0 8 0.0351860783994
6 69 0 8 0.035176448524
32 64 0 8 0.0351737700403
54 79 0 8 0.0351712442935
4 10 0 8 0.0351545996964
39 63 0 8 0.035122346133
27 47 0 8 0.0351089201868
35 70 0 8 0.0350884608924
12 34 0 8 0.0350740216672
28 63 0 8 0.0350255593657
27 74 0 8 0.0349604152143
17 37 0 8 0.034931384027
37 66 0 8 0.0349230803549
26 53 0 8 0.0349043980241
12 70 0 8 0.03485044837
6 25 0 8 0.0347852855921
32 78 0 8 0.0347704291344
2 10 0 8 0.0347315482795
4 82 0 8 0.0346945337951
31 74 0 8 0.0346894785762
41 66 0 8 0.0346642136574
21 78 0 8 0.0346591323614
56 65 0 8 0.0346562936902
53 83 0 8 0.0346544496715
5 72 0 8 0.0346537418664
13 38 0 8 0.0346132107079
29 47 0 8 0.0346066430211
24 37 0 8 0.0345332510769
19 53 0 8 0.0344845838845
21 64 0 8 0.0344844795763
4 9 0 8 0.0344280190766
24 65 0 8 0.0343997851014
16 37 0 8 0.0343822725117
31 60 0 8 0.0342882797122
14 25 0 8 0.0342484973371
18 45 0 8 0.0342400595546
11 22 0 8 0.0341943949461
24 79 0 8 0.0341491252184
24 50 0 8 0.0341363884509
14 34 0 8 0.034100882709
33 45 0 8 0.0340998284519
9 29 0 8 0.0340493768454
40 68 0 8 0.03403512761
7 70 0 8 0.0339926593006
12 68 0 8 0.0339605621994
12 73 0 8 0.0339527539909
22 30 0 8 0.0339272245765
33 50 0 8 0.0339077562094
40 67 0 8 0.0339011512697
13 26 0 8 0.0338641703129
4 18 0 8 0.0338287912309
47 57 0 8 0.0338044539094
23 51 0 8 0.0337937325239
26 34 0 8 0.0337901003659
62 81 0 8 0.0337590463459
23 68 0 8 0.0337486229837
44 58 0 8 0.0337271802127
4 44 0 8 0.0336778908968
20 29 0 8 0.0336764343083
35 64 0 8 0.0336312204599
40 73 0 8 0.0336205549538
18 46 0 8 0.0334755219519
27 59 0 8 0.03339875862
63 80 0 8 0.0333735384047
18 48 0 8 0.033372875303
54 76 0 8 0.0333042182028
20 59 0 8 0.0333013758063
51 82 0 8 0.0332810841501
40 45 0 8 0.0332705751061
50 82 0 8 0.0332622341812
4 23 0 8 0.0332452170551
21 73 0 8 0.0330604687333
24 40 0 8 0.0330442972481
40 77 0 8 0.0330185592175
35 51 0 8 0.0329855531454
15 60 0 8 0.0329580046237
62 79 0 8 0.0329404398799
42 79 0 8 0.0329275429249
12 47 0 8 0.0328804180026
21 37 0 8 0.0328558459878
33 76 0 8 0.0328375473619
20 31 0 8 0.0327577963471
26 52 0 8 0.0327358357608
9 16 0 8 0.0327028371394
18 76 0 8 0.0326666533947
23 79 0 8 0.0326537936926
21 75 0 8 0.0326410718262
17 25 0 8 0.0325216054916
33 58 0 8 0.0325155928731
56 74 0 8 0.0324434712529
31 64 0 8 0.032428521663
34 65 0 8 0.0324226394296
19 29 0 8 0.0323694571853
67 79 0 8 0.032293971628
2 13 0 8 0.0322931371629
39 50 0 8 0.0322858206928
20 28 0 8 0.0322615243495
31 69 0 8 0.0322513282299
45 79 0 8 0.0322253741324
11 34 0 8 0.0322171524167
27 49 0 8 0.0322012007236
27 51 0 8 0.0321494936943
1 12 0 8 0.0320990607142
39 70 0 8 0.0320352576673
16 70 0 8 0.0320321209729
56 79 0 8 0.0320045538247
15 47 0 8 0.0319933146238
55 72 0 8 0.0319398343563
19 35 0 8 0.0319302231073
65 70 0 8 0.0318836271763
15 24 0 8 0.0318200737238
19 62 0 8 0.0318181216717
51 80 0 8 0.031791716814
43 80 0 8 0.0317876823246
22 29 0 8 0.0317653231323
16 21 0 8 0.0317271761596
33 65 0 8 0.0316758081317
15 29 0 8 0.0316637605429
7 76 0 8 0.0316631235182
12 65 0 8 0.0316557846963
21 61 0 8 0.0315924249589
5 63 0 8 0.0314924567938
2 78 0 8 0.0314708687365
5 58 0 8 0.0314623638988
9 49 0 8 0.031446557492
25 54 0 8 0.0314377434552
13 71 0 8 0.0314201936126
20 66 0 8 0.0314120948315
56 63 0 8 0.0314038656652
43 57 0 8 0.0313930548728
20 78 0 8 0.031392082572
32 48 0 8 0.0313692502677
56 62 0 8 0.0313477478921
62 72 0 8 0.0313285179436
9 71 0 8 0.031317371875
24 73 0 8 0.0312904603779
54 65 0 8 0.0312828011811
12 17 0 8 0.0312769077718
71 79 0 8 0.031239695847
13 41 0 8 0.0312052816153
12 35 0 8 0.0311742462218
11 75 0 8 0.0311651900411
15 42 0 8 0.0311639811844
10 18 0 8 0.0311627909541
56 73 0 8 0.0311415586621
30 63 0 8 0.0310992859304
42 51 0 8 0.0310607887805
17 28 0 8 0.0310488101095
21 39 0 8 0.0309941507876
15 45 0 8 0.0309594590217
29 63 0 8 0.0309239663184
36 52 0 8 0.0308614522219
22 65 0 8 0.0308548882604
30 78 0 8 0.0308522209525
37 52 0 8 0.0308169685304
12 28 0 8 0.0308100879192
7 22 0 8 0.0307826176286
53 76 0 8 0.030721867457
18 42 0 8 0.0306995753199
25 36 0 8 0.0306894015521
16 33 0 8 0.030683664605
49 82 0 8 0.0306790918112
14 27 0 8 0.030671371147
3 32 0 8 0.0306606292725
8 29 0 8 0.0306448880583
28 35 0 8 0.0306406449527
4 31 0 8 0.0305270645767
34 46 0 8 0.0305073838681
52 83 0 8 0.0304891169071
18 63 0 8 0.0304215475917
21 33 0 8 0.0304209347814
20 58 0 8 0.0303952991962
69 82 0 8 0.0303936433047
33 63 0 8 0.0303550288081
22 63 0 8 0.0303108356893
5 33 0 8 0.0302897635847
61 83 0 8 0.0302816964686
16 40 0 8 0.0302641298622
17 34 0 8 0.0302633736283
7 60 0 8 0.0302561745048
38 62 0 8 0.0302528794855
11 46 0 8 0.0302429627627
18 29 0 8 0.0302315764129
56 67 0 8 0.0301809050143
5 13 0 8 0.0301749818027
53 63 0 8 0.0301143378019
62 73 0 8 0.0300983805209
53 80 0 8 0.0300979558378
24 34 0 8 0.0300734248012
14 50 0 8 0.0300633851439
13 44 0 8 0.0300140716136
63 83 0 8 0.030009476468
3 22 0 8 0.0299657229334
15 37 0 8 0.0299247074872
34 63 0 8 0.0299066416919
42 54 0 8 0.0298895407468
28 50 0 8 0.0298628956079
4 25 0 8 0.0298532675952
9 25 0 8 0.0298076607287
38 61 0 8 0.0298042818904
37 67 0 8 0.0297600254416
22 51 0 8 0.0297483243048
6 48 0 8 0.0296944268048
4 65 0 8 0.0296719800681
41 82 0 8 0.029630606994
21 34 0 8 0.0296007618308
24 32 0 8 0.0295945573598
42 81 0 8 0.0295371022075
53 82 0 8 0.0294841695577
11 82 0 8 0.0294729713351
6 24 0 8 0.0294669959694
13 67 0 8 0.0294388961047
36 82 0 8 0.0294158589095
7 77 0 8 0.0293815173209
25 33 0 8 0.0293798595667
70 81 0 8 0.0293741542846
41 53 0 8 0.0293468739837
12 59 0 8 0.0293195117265
9 20 0 8 0.0292704850435
25 58 0 8 0.0292649585754
25 48 0 8 0.0292328912765
36 67 0 8 0.0292255375534
17 41 0 8 0.0291754361242
3 17 0 8 0.0291713178158
15 31 0 8 0.029158718884
76 83 0 8 0.0291381347924
21 72 0 8 0.0291245281696
27 40 0 8 0.0291216000915
18 44 0 8 0.0291155632585
9 43 0 8 0.0291008856148
22 80 0 8 0.0290983468294
6 42 0 8 0.0290642380714
59 83 0 8 0.0290397685021
7 61 0 8 0.0290284845978
11 65 0 8 0.0289836227894
12 42 0 8 0.0289747454226
38 75 0 8 0.02893682383
38 71 0 8 0.0289158355445
22 69 0 8 0.028862291947
65 83 0 8 0.0288386847824
31 67 0 8 0.0288021080196
31 54 0 8 0.028799014166
2 22 0 8 0.0287976730615
11 64 0 8 0.0287942476571
12 33 0 8 0.0287749767303
13 81 0 8 0.0286918133497
6 36 0 8 0.0286660026759
36 78 0 8 0.0285969581455
45 56 0 8 0.0285225398839
13 29 0 8 0.0285198446363
32 44 0 8 0.0285012312233
32 51 0 8 0.0284761302173
2 70 0 8 0.0284703448415
28 52 0 8 0.0284540466964
19 80 0 8 0.0284480433911
47 56 0 8 0.028388146311
2 18 0 8 0.0283575896174
31 71 0 8 0.0283494777977
35 48 0 8 0.028338054195
7 59 0 8 0.0283288899809
44 57 0 8 0.0282946452498
40 70 0 8 0.0282638650388
1 9 0 8 0.0282543934882
20 36 0 8 0.0282087884843
55 65 0 8 0.0281682182103
38 76 0 8 0.0281589888036
9 34 0 8 0.0281299427152
33 59 0 8 0.0280903279781
73 79 0 8 0.0280881281942
8 27 0 8 0.0280027184635
29 76 0 8 0.0279660243541
19 58 0 8 0.0279232095927
43 53 0 8 0.0278994627297
30 47 0 8 0.0278814584017
40 63 0 8 0.0278638489544
25 56 0 8 0.0276923701167
7 72 0 8 0.027686888352
14 60 0 8 0.0276431683451
24 64 0 8 0.027611233294
19 81 0 8 0.0275749545544
4 11 0 8 0.0275199580938
33 61 0 8 0.0274926815182
9 19 0 8 0.0274926368147
6 23 0 8 0.0274896919727
24 31 0 8 0.0274787228554
4 29 0 8 0.0274436250329
18 59 0 8 0.0274408459663
11 69 0 8 0.0273523181677
38 68 0 8 0.027317840606
33 64 0 8 0.027310365811
21 49 0 8 0.0272821262479
9 50 0 8 0.0272770579904
11 43 0 8 0.0272563174367
4 28 0 8 0.0272383820266
5 15 0 8 0.0272325277328
24 35 0 8 0.0271296091378
53 62 0 8 0.0271175988019
40 75 0 8 0.0270719975233
4 47 0 8 0.0270628109574
11 23 0 8 0.0270510725677
39 47 0 8 0.0270425789058
4 79 0 8 0.0270312763751
26 71 0 8 0.0269968174398
22 55 0 8 0.02699662745
28 49 0 8 0.026986727491
8 68 0 8 0.0269583221525
9 41 0 8 0.0269473288208
60 83 0 8 0.0269419774413
56 64 0 8 0.0268322937191
45 81 0 8 0.0268116146326
16 25 0 8 0.0268048085272
7 36 0 8 0.0267771221697
34 62 0 8 0.02665175125
16 38 0 8 0.0266411527991
52 76 0 8 0.0266205221415
12 81 0 8 0.0265990886837
31 75 0 8 0.0265907123685
15 71 0 8 0.026575807482
28 59 0 8 0.0265557747334
8 42 0 8 0.0265295766294
18 31 0 8 0.0264992248267
27 48 0 8 0.0264508407563
6 63 0 8 0.0264482423663
20 33 0 8 0.0264234766364
8 65 0 8 0.0263545569032
2 8 0 8 0.026346500963
15 51 0 8 0.026346154511
18 53 0 8 0.0262972507626
53 67 0 8 0.0262568183243
68 79 0 8 0.0261958856136
26 66 0 8 0.0261941235512
68 80 0 8 0.0261844787747
24 60 0 8 0.0261756423861
29 65 0 8 0.0261557884514
67 81 0 8 0.0261372551322
32 47 0 8 0.0260886941105
14 36 0 8 0.0260400213301
15 74 0 8 0.0260272063315
67 80 0 8 0.0260044410825
15 61 0 8 0.0259842071682
34 53 0 8 0.0259753577411
14 44 0 8 0.0259257275611
6 33 0 8 0.0259186774492
2 23 0 8 0.0258976500481
13 45 0 8 0.0258576348424
12 79 0 8 0.0258555933833
48 55 0 8 0.0258554853499
27 72 0 8 0.0258464179933
31 73 0 8 0.0258440244943
8 19 0 8 0.0257838144898
8 43 0 8 0.0257762651891
5 62 0 8 0.0257341973484
11 30 0 8 0.025706557557
48 81 0 8 0.0256721097976
31 82 0 8 0.0256341360509
3 18 0 8 0.0256260447204
25 55 0 8 0.02555844374
70 79 0 8 0.0255567580462
13 20 0 8 0.0255542099476
35 71 0 8 0.0255386792123
2 19 0 8 0.0254378262907
43 54 0 8 0.0254280641675
1 18 0 8 0.0253827385604
9 33 0 8 0.0253699794412
28 48 0 8 0.0253686867654
16 50 0 8 0.0253668315709
38 54 0 8 0.0253339670599
8 23 0 8 0.0253259316087
63 71 0 8 0.0253063309938
38 57 0 8 0.0252985432744
25 37 0 8 0.0252968408167
9 81 0 8 0.0251562278718
20 54 0 8 0.0251012444496
30 57 0 8 0.0250974167138
20 52 0 8 0.0250581167638
7 28 0 8 0.0250579770654
1 11 0 8 0.025042321533
31 76 0 8 0.0250412952155
35 50 0 8 0.025037990883
17 24 0 8 0.0249790884554
21 32 0 8 0.0249761734158
55 67 0 8 0.0249749366194
2 42 0 8 0.0249653253704
12 72 0 8 0.0249605719
36 54 0 8 0.0249503962696
3 19 0 8 0.0249461680651
25 39 0 8 0.0249296240509
31 52 0 8 0.0249099954963
38 52 0 8 0.0248931720853
5 30 0 8 0.0248103402555
27 34 0 8 0.0247937552631
18 61 0 8 0.0247314814478
2 12 0 8 0.0247176941484
21 66 0 8 0.0246977414936
37 79 0 8 0.0246898680925
33 66 0 8 0.02464732714
71 80 0 8 0.0246270857751
25 69 0 8 0.0245994012803
72 81 0 8 0.0245955623686
21 36 0 8 0.0245928447694
13 25 0 8 0.0245707780123
23 39 0 8 0.0245657730848
25 61 0 8 0.0245590507984
25 76 0 8 0.0245456546545
4 80 0 8 0.0245085470378
8 18 0 8 0.0244963858277
42 80 0 8 0.0244512762874
35 60 0 8 0.0244318060577
62 80 0 8 0.0244013760239
54 62 0 8 0.0243993960321
25 38 0 8 0.024396404624
40 69 0 8 0.024319993332
55 63 0 8 0.0243011452258
18 57 0 8 0.0242914743721
15 25 0 8 0.0242835525423
22 34 0 8 0.0242472011596
27 54 0 8 0.0242319572717
45 53 0 8 0.0242168810219
12 37 0 8 0.0241979025304
17 59 0 8 0.0241975858808
45 52 0 8 0.0241852048784
34 68 0 8 0.0241840463132
3 70 0 8 0.0241798721254
20 34 0 8 0.0241758674383
26 82 0 8 0.0241751410067
40 61 0 8 0.0241401307285
4 22 0 8 0.0241193939
56 61 0 8 0.0241136793047
5 34 0 8 0.024109069258
23 66 0 8 0.0241059381515
31 70 0 8 0.0240919552743
12 51 0 8 0.0240023732185
8 41 0 8 0.0239990651608
21 31 0 8 0.0239831283689
6 29 0 8 0.023961070925
22 62 0 8 0.0239463057369
47 53 0 8 0.0239454358816
33 68 0 8 0.0239321663976
9 66 0 8 0.0239260569215
14 28 0 8 0.0239142104983
13 50 0 8 0.0239093974233
17 52 0 8 0.0238896533847
18 54 0 8 0.023866135627
1 13 0 8 0.0238524321467
12 36 0 8 0.0238295476884
35 59 0 8 0.0238112267107
41 52 0 8 0.0237821154296
11 19 0 8 0.023735050112
57 65 0 8 0.0237165391445
11 58 0 8 0.0236764941365
15 33 0 8 0.0236547123641
27 60 0 8 0.0236421711743
26 79 0 8 0.0236230939627
4 76 0 8 0.02359925583
70 82 0 8 0.02359903045
26 62 0 8 0.0235797893256
8 47 0 8 0.0235326588154
32 66 0 8 0.0235208999366
25 51 0 8 0.0235150251538
11 45 0 8 0.0235039629042
4 81 0 8 0.0234867483377
9 82 0 8 0.0234691649675
34 66 0 8 0.0234538577497
55 64 0 8 0.0234518330544
25 70 0 8 0.0233994890004
4 26 0 8 0.023377161473
27 52 0 8 0.0233732797205
4 32 0 8 0.0233356263489
34 59 0 8 0.0233229026198
2 14 0 8 0.0233202278614
5 70 0 8 0.023300126195
5 19 0 8 0.0232981238514
38 73 0 8 0.0232911966741
8 82 0 8 0.0232804771513
20 57 0 8 0.0232771337032
66 83 0 8 0.0232727900147
33 52 0 8 0.0232317503542
4 12 0 8 0.0231928844005
17 27 0 8 0.023190939799
5 29 0 8 0.0231365822256
40 82 0 8 0.0231359638274
11 21 0 8 0.0231327675283
36 57 0 8 0.0231167506427
16 82 0 8 0.0230765007436
39 62 0 8 0.0230646245182
40 72 0 8 0.023063711822
2 44 0 8 0.02305569686
4 27 0 8 0.0230507198721
53 64 0 8 0.0230336412787
18 37 0 8 0.0230335779488
17 82 0 8 0.0230073947459
22 58 0 8 0.0230058282614
7 35 0 8 0.0229965820909
30 68 0 8 0.0229946095496
75 81 0 8 0.0229909792542
54 66 0 8 0.0229488164186
8 32 0 8 0.0229257065803
9 72 0 8 0.022883746773
9 68 0 8 0.0228803604841
19 36 0 8 0.0228484328836
43 55 0 8 0.0228484235704
34 67 0 8 0.0228429287672
31 63 0 8 0.0228321291506
15 30 0 8 0.0228189714253
18 66 0 8 0.0228073336184
3 72 0 8 0.0228007659316
4 41 0 8 0.022785237059
9 42 0 8 0.0227519553155
32 61 0 8 0.0227359253913
24 62 0 8 0.022730845958
5 14 0 8 0.0227285269648
63 72 0 8 0.022719964385
40 60 0 8 0.022682806477
11 50 0 8 0.0226826779544
41 80 0 8 0.0226699560881
12 38 0 8 0.0226539075375
21 65 0 8 0.0226392429322
4 51 0 8 0.0226119887084
13 35 0 8 0.0225743036717
57 76 0 8 0.0225496124476
39 76 0 8 0.0225317589939
44 54 0 8 0.0225145816803
7 71 0 8 0.0225072279572
43 52 0 8 0.0224937088788
4 33 0 8 0.0224390290678
15 79 0 8 0.0224354937673
54 78 0 8 0.0224197227508
55 74 0 8 0.0224139392376
36 80 0 8 0.0223612207919
31 61 0 8 0.0223431829363
39 71 0 8 0.0223143175244
35 61 0 8 0.0222989376634
19 57 0 8 0.0222962759435
52 80 0 8 0.0222839154303
50 78 0 8 0.0222703982145
31 53 0 8 0.0222359336913
52 66 0 8 0.0222249459475
52 63 0 8 0.0222188122571
38 69 0 8 0.0222074761987
24 77 0 8 0.0221920441836
7 53 0 8 0.0221876204014
30 61 0 8 0.0221821125597
12 20 0 8 0.0221691373736
37 82 0 8 0.022166877985
15 73 0 8 0.0221660714597
7 21 0 8 0.0221480745822
1 24 0 8 0.0221303459257
31 66 0 8 0.0221251603216
25 65 0 8 0.0221216436476
38 51 0 8 0.0220866817981
15 34 0 8 0.0220746397972
25 52 0 8 0.0220560207963
35 49 0 8 0.0220195483416
5 28 0 8 0.0220117662102
38 82 0 8 0.0219990722835
13 27 0 8 0.0219969730824
11 47 0 8 0.0219948347658
27 67 0 8 0.0219802949578
71 81 0 8 0.0219778250903
30 65 0 8 0.0219473727047
4 36 0 8 0.0219326503575
38 80 0 8 0.021884849295
55 79 0 8 0.0218503568321
34 52 0 8 0.0218444745988
24 71 0 8 0.0218288935721
14 37 0 8 0.0218221824616
32 60 0 8 0.0218184329569
3 11 0 8 0.0217632297426
13 77 0 8 0.0217540096492
4 24 0 8 0.0217373333871
18 28 0 8 0.0217172596604
21 30 0 8 0.0217070970684
9 32 0 8 0.0217038486153
10 62 0 8 0.0217036195099
17 38 0 8 0.0217010825872
8 26 0 8 0.0216929204762
16 24 0 8 0.0216895099729
40 81 0 8 0.0216750260442
15 28 0 8 0.0216632541269
11 72 0 8 0.0216607935727
26 38 0 8 0.021619765088
9 78 0 8 0.021604353562
25 67 0 8 0.0215906593949
14 82 0 8 0.0215735528618
39 67 0 8 0.0215566698462
13 51 0 8 0.0215526875108
56 77 0 8 0.0215442925692
22 33 0 8 0.021533684805
51 79 0 8 0.021516578272
53 79 0 8 0.0215144287795
54 67 0 8 0.0214992724359
6 72 0 8 0.0214834380895
36 79 0 8 0.0214829929173
43 82 0 8 0.0214800052345
55 83 0 8 0.0214566197246
21 38 0 8 0.0214390512556
16 41 0 8 0.0214318763465
6 16 0 8 0.0214208532125
22 53 0 8 0.0214175134897
3 15 0 8 0.0214088223875
22 54 0 8 0.0214006602764
6 34 0 8 0.0213975943625
39 48 0 8 0.0213790964335
9 30 0 8 0.021360533312
16 32 0 8 0.0213541295379
4 64 0 8 0.0213472358882
7 20 0 8 0.021319065243
39 53 0 8 0.0213049985468
30 60 0 8 0.0213006678969
8 63 0 8 0.021294798702
66 82 0 8 0.0212933532894
36 66 0 8 0.0212739724666
20 81 0 8 0.0212646331638
13 28 0 8 0.0212636217475
6 18 0 8 0.0212244670838
9 65 0 8 0.0212210994214
43 81 0 8 0.0212175287306
32 52 0 8 0.0211992822587
18 78 0 8 0.0211775004864
10 22 0 8 0.0211756080389
3 9 0 8 0.0211742240936
8 44 0 8 0.0211708042771
10 29 0 8 0.0211691651493
5 36 0 8 0.0211667846888
20 40 0 8 0.0211617164314
8 69 0 8 0.0211590994149
44 52 0 8 0.0211345870048
13 40 0 8 0.021109899506
13 70 0 8 0.0210871975869
27 35 0 8 0.0210870914161
12 80 0 8 0.021081097424
21 62 0 8 0.0210569966584
52 81 0 8 0.0210522636771
5 27 0 8 0.0210512466729
38 81 0 8 0.0210421700031
65 71 0 8 0.0210391432047
17 35 0 8 0.0210183635354
26 56 0 8 0.0210127756
18 73 0 8 0.020997190848
35 52 0 8 0.0209942292422
25 64 0 8 0.0209708083421
22 81 0 8 0.02095990628
8 70 0 8 0.0209569018334
8 31 0 8 0.0209422316402
39 74 0 8 0.0209123976529
32 54 0 8 0.0209073666483
66 73 0 8 0.0208965968341
18 60 0 8 0.0208727680147
4 37 0 8 0.0208507701755
12 27 0 8 0.020829860121
22 82 0 8 0.0208236407489
24 76 0 8 0.0207806508988
18 25 0 8 0.0207692291588
38 83 0 8 0.0207690149546
1 22 0 8 0.0207686163485
41 81 0 8 0.0207625329494
18 71 0 8 0.0207528937608
16 30 0 8 0.0207445137203
33 62 0 8 0.0207300707698
7 37 0 8 0.0207298137248
3 42 0 8 0.0207129251212
46 52 0 8 0.0207018963993
22 78 0 8 0.0207007750869
25 73 0 8 0.0206796638668
4 34 0 8 0.0206671729684
55 66 0 8 0.0206617340446
4 35 0 8 0.0206599645317
4 13 0 8 0.0206542611122
18 36 0 8 0.0206483788788
27 73 0 8 0.0206312909722
47 55 0 8 0.0206259284168
11 59 0 8 0.0206249319017
14 79 0 8 0.0206048544496
32 68 0 8 0.0206044614315
19 54 0 8 0.0205857381225
33 67 0 8 0.0205776914954
43 56 0 8 0.0205404609442
6 35 0 8 0.0205234326422
25 60 0 8 0.0205145329237
6 37 0 8 0.020490847528
4 46 0 8 0.0204836130142
8 25 0 8 0.0204687360674
8 80 0 8 0.0204651989043
40 79 0 8 0.0204325001687
38 67 0 8 0.0204310696572
32 59 0 8 0.0204115472734
3 10 0 8 0.0204017721117
3 82 0 8 0.0203850027174
34 47 0 8 0.0203833542764
3 20 0 8 0.020378459245
25 40 0 8 0.0203771665692
11 44 0 8 0.0203699506819
48 80 0 8 0.0203518476337
46 53 0 8 0.0203496087343
2 16 0 8 0.0203471854329
10 76 0 8 0.0203466527164
8 64 0 8 0.0203462727368
3 21 0 8 0.0203451793641
13 59 0 8 0.0203425623477
17 39 0 8 0.0203347001225
26 67 0 8 0.0203308910131
4 69 0 8 0.0203111730516
44 53 0 8 0.0203019119799
6 79 0 8 0.0202991683036
10 35 0 8 0.0202896799892
13 80 0 8 0.0202820878476
5 35 0 8 0.0202629286796
9 17 0 8 0.0202618166804
10 67 0 8 0.0202578417957
11 35 0 8 0.0202540811151
24 33 0 8 0.0202473402023
34 54 0 8 0.0202103257179
45 57 0 8 0.0201991070062
35 45 0 8 0.0201843157411
72 79 0 8 0.0201687645167
6 43 0 8 0.0201606489718
31 80 0 8 0.0201290510595
9 64 0 8 0.0201203450561
27 64 0 8 0.0201076194644
2 9 0 8 0.0200961790979
9 45 0 8 0.0200883634388
6 30 0 8 0.0200707577169
15 82 0 8 0.0200563278049
33 79 0 8 0.0200440045446
39 61 0 8 0.0200429596007
23 38 0 8 0.0200173556805
68 83 0 8 0.0200036335737
32 53 0 8 0.0200026091188
40 62 0 8 0.0199922136962
20 38 0 8 0.0199851524085
23 35 0 8 0.0199751164764
39 79 0 8 0.019968777895
7 50 0 8 0.0199622139335
15 41 0 8 0.0199595224112
37 81 0 8 0.0199390649796
17 53 0 8 0.0199355743825
52 78 0 8 0.0199303328991
18 81 0 8 0.019930286333
1 23 0 8 0.0199289731681
18 77 0 8 0.0199099276215
35 47 0 8 0.0199046805501
5 65 0 8 0.0198672041297
36 55 0 8 0.0198634061962
21 50 0 8 0.0198630169034
29 54 0 8 0.0198569465429
9 46 0 8 0.0198471006006
1 21 0 8 0.0198223926127
6 62 0 8 0.0198196973652
72 80 0 8 0.0198187734932
1 20 0 8 0.0198155324906
12 40 0 8 0.0197801049799
5 11 0 8 0.0197681318969
18 24 0 8 0.0197671297938
46 81 0 8 0.01976162754
4 49 0 8 0.0197545345873
20 62 0 8 0.0197415426373
52 67 0 8 0.0197393707931
37 57 0 8 0.0197358559817
11 76 0 8 0.0197004582733
5 25 0 8 0.019692318514
36 77 0 8 0.019688880071
2 80 0 8 0.0196605492383
16 54 0 8 0.01965486072
5 64 0 8 0.019653653726
10 78 0 8 0.0196418594569
1 15 0 8 0.0196351855993
49 83 0 8 0.0196324698627
29 74 0 8 0.0196211021394
5 12 0 8 0.0196146443486
21 51 0 8 0.0196026042104
29 52 0 8 0.019591871649
34 74 0 8 0.019582554698
41 54 0 8 0.0195747464895
2 24 0 8 0.01957112737
40 52 0 8 0.0195512194186
9 79 0 8 0.0195504687726
18 79 0 8 0.0195493735373
5 18 0 8 0.0195386689156
29 53 0 8 0.0195350013673
39 82 0 8 0.0195234511048
4 30 0 8 0.0194939430803
18 47 0 8 0.0194815490395
33 53 0 8 0.0194661524147
25 63 0 8 0.0194620396942
9 59 0 8 0.019454088062
16 28 0 8 0.019450886175
4 43 0 8 0.0194451250136
25 32 0 8 0.0194412674755
33 78 0 8 0.0194410383701
11 71 0 8 0.019437070936
15 70 0 8 0.0194245018065
55 78 0 8 0.0194138549268
24 54 0 8 0.01941075176
12 57 0 8 0.0194013919681
55 61 0 8 0.0194000210613
3 12 0 8 0.0193884409964
38 79 0 8 0.019373819232
69 83 0 8 0.0193737335503
15 39 0 8 0.0193691030145
4 48 0 8 0.0193666275591
5 81 0 8 0.0193665139377
11 79 0 8 0.0193622130901
6 22 0 8 0.0193584337831
57 63 0 8 0.0193416308612
16 27 0 8 0.0193404592574
10 23 0 8 0.0193402599543
4 78 0 8 0.0193299539387
29 77 0 8 0.019328488037
36 53 0 8 0.0193266775459
2 21 0 8 0.0192976295948
6 64 0 8 0.0192904248834
27 63 0 8 0.0192878562957
23 56 0 8 0.019266217947
9 69 0 8 0.0192243624479
53 77 0 8 0.0192226897925
29 70 0 8 0.0191888194531
34 73 0 8 0.0191784370691
36 56 0 8 0.0191672965884
19 39 0 8 0.0191649794579
2 20 0 8 0.0191440749913
41 56 0 8 0.0191423539072
65 81 0 8 0.0191328525543
35 66 0 8 0.019120093435
46 80 0 8 0.0191119741648
1 19 0 8 0.0191079396755
14 70 0 8 0.0191027652472
37 80 0 8 0.0190934520215
52 77 0 8 0.0190873630345
22 56 0 8 0.0190864559263
30 52 0 8 0.0190729890019
3 13 0 8 0.019071623683
46 82 0 8 0.0190142486244
10 21 0 8 0.019008230418
5 82 0 8 0.0189936626703
14 80 0 8 0.0189891774207
8 49 0 8 0.0189661886543
1 83 0 8 0.0189647208899
4 62 0 8 0.0189558472484
66 81 0 8 0.0189550835639
31 57 0 8 0.0189378224313
14 72 0 8 0.0189351607114
5 20 0 8 0.0189185105264
22 79 0 8 0.0189180467278
9 74 0 8 0.0189175866544
18 83 0 8 0.0189021974802
32 67 0 8 0.0188948623836
38 66 0 8 0.0188866257668
42 56 0 8 0.0188842546195
31 83 0 8 0.018882099539
13 62 0 8 0.0188738144934
22 57 0 8 0.0188596975058
14 29 0 8 0.0188541412354
13 30 0 8 0.0188533253968
44 79 0 8 0.0188406016678
6 17 0 8 0.0188191868365
27 65 0 8 0.0188178438693
9 67 0 8 0.0187827479094
9 37 0 8 0.0187803786248
13 65 0 8 0.0187800452113
1 17 0 8 0.0187706016004
6 71 0 8 0.0187638364732
5 77 0 8 0.0187589861453
11 29 0 8 0.0187486596406
33 70 0 8 0.0187431275845
3 16 0 8 0.0187299512327
5 24 0 8 0.0187253169715
5 42 0 8 0.0186918899417
28 58 0 8 0.0186905413866
10 45 0 8 0.0186887402087
6 82 0 8 0.0186852198094
67 83 0 8 0.0186818018556
11 83 0 8 0.0186811070889
8 50 0 8 0.0186668206006
12 19 0 8 0.0186604782939
20 80 0 8 0.0186554901302
26 54 0 8 0.018648583442
36 81 0 8 0.0186345763505
27 75 0 8 0.0186292659491
12 39 0 8 0.0186277423054
1 82 0 8 0.0186212137341
28 73 0 8 0.0186067856848
64 72 0 8 0.0185994803905
21 55 0 8 0.0185885950923
2 51 0 8 0.0185636673123
1 36 0 8 0.0185214318335
1 35 0 8 0.018517324701
28 70 0 8 0.0184874217957
10 30 0 8 0.0184787344187
10 57 0 8 0.0184720754623
73 81 0 8 0.0184675455093
4 58 0 8 0.018460502848
34 83 0 8 0.0184536259621
3 80 0 8 0.0184365976602
20 72 0 8 0.0184165481478
7 83 0 8 0.0183969661593
19 82 0 8 0.0183877684176
25 74 0 8 0.0183838307858
29 61 0 8 0.0183731336147
67 73 0 8 0.0183714702725
11 51 0 8 0.0183570757508
18 67 0 8 0.0183401685208
55 62 0 8 0.0183352027088
18 70 0 8 0.0183273721486
26 72 0 8 0.0183261036873
20 53 0 8 0.0182987581939
5 32 0 8 0.0182977318764
40 80 0 8 0.0182680506259
11 68 0 8 0.0182600561529
15 38 0 8 0.0182395800948
32 73 0 8 0.0182315260172
20 83 0 8 0.0182275995612
26 40 0 8 0.0181732270867
35 68 0 8 0.0181665308774
32 69 0 8 0.0181630868465
21 56 0 8 0.0181579291821
1 34 0 8 0.0181343890727
18 38 0 8 0.0181182641536
13 83 0 8 0.018113989383
26 35 0 8 0.0181067641824
8 38 0 8 0.0180971324444
16 53 0 8 0.0180940441787
26 81 0 8 0.0180913116783
25 53 0 8 0.0180741287768
30 77 0 8 0.0180121660233
37 53 0 8 0.0180086940527
5 17 0 8 0.0179956033826
12 56 0 8 0.0179894194007
31 59 0 8 0.0179534163326
21 68 0 8 0.0179534014314
42 57 0 8 0.0179474242032
9 73 0 8 0.0179456099868
33 71 0 8 0.017938433215
10 81 0 8 0.0179228670895
7 51 0 8 0.0179216247052
6 31 0 8 0.0179005879909
8 66 0 8 0.0178894493729
39 81 0 8 0.0178894344717
5 22 0 8 0.0178832188249
2 15 0 8 0.0178815927356
7 41 0 8 0.0178810488433
16 66 0 8 0.0178584288806
21 40 0 8 0.0178530272096
5 78 0 8 0.0178426783532
3 60 0 8 0.0178423281759
1 14 0 8 0.0178420357406
4 50 0 8 0.0178377907723
10 28 0 8 0.0178221594542
35 63 0 8 0.0178160257638
15 58 0 8 0.0178116708994
29 78 0 8 0.0177956689149
42 83 0 8 0.0177935771644
35 46 0 8 0.0177831873298
13 54 0 8 0.0177633929998
11 66 0 8 0.0177572704852
8 48 0 8 0.0177550837398
27 58 0 8 0.0177467931062
27 53 0 8 0.0177356004715
2 17 0 8 0.0177291464061
44 80 0 8 0.0177076198161
6 20 0 8 0.0177074801177
1 16 0 8 0.0177065003663
21 52 0 8 0.017685437575
16 62 0 8 0.0176752451807
34 79 0 8 0.0176723394543
70 80 0 8 0.0176709629595
18 34 0 8 0.0176615398377
6 76 0 8 0.0176483076066
38 56 0 8 0.0176480673254
38 77 0 8 0.0176480263472
39 73 0 8 0.0176468938589
33 54 0 8 0.0176432393491
4 63 0 8 0.0176355894655
27 62 0 8 0.0175990294665
28 65 0 8 0.0175981726497
4 60 0 8 0.0175880603492
8 30 0 8 0.0175802595913
68 81 0 8 0.0175630878657
6 45 0 8 0.0175589099526
41 57 0 8 0.017556861043
3 83 0 8 0.0175452008843
8 37 0 8 0.0175291486084
20 56 0 8 0.0175244603306
34 81 0 8 0.0175229161978
27 71 0 8 0.0175202153623
64 83 0 8 0.0175083838403
8 67 0 8 0.017500191927
27 70 0 8 0.0174920689315
20 39 0 8 0.0174759645015
25 62 0 8 0.0174310151488
15 72 0 8 0.0174278300256
1 44 0 8 0.0174255836755
11 25 0 8 0.0174219999462
5 16 0 8 0.017406065017
5 38 0 8 0.0174054633826
8 83 0 8 0.0174018088728
33 72 0 8 0.0173913761973
5 26 0 8 0.0173890050501
8 73 0 8 0.0173813644797
10 31 0 8 0.0173794180155
34 80 0 8 0.0173684526235
39 75 0 8 0.0173666216433
11 41 0 8 0.0173640586436
37 83 0 8 0.0173492822796
20 65 0 8 0.0173480696976
2 81 0 8 0.0173413157463
39 72 0 8 0.0173353292048
33 80 0 8 0.0172956455499
30 69 0 8 0.0172804482281
5 37 0 8 0.0172743201256
39 52 0 8 0.0172733794898
11 78 0 8 0.0172671880573
74 80 0 8 0.0172446686774
4 67 0 8 0.0172440130264
36 83 0 8 0.017228320241
38 53 0 8 0.0172263011336
6 41 0 8 0.0172232575715
4 75 0 8 0.0172221213579
8 76 0 8 0.0172189250588
11 27 0 8 0.0172155927867
9 38 0 8 0.0171866454184
25 79 0 8 0.0171809438616
6 80 0 8 0.0171464197338
11 37 0 8 0.0171245932579
29 67 0 8 0.0171170979738
22 40 0 8 0.0170942973346
54 63 0 8 0.0170842520893
4 83 0 8 0.0170509666204
9 28 0 8 0.0170432310551
3 14 0 8 0.0170342866331
44 81 0 8 0.0170342009515
9 80 0 8 0.01701984182
28 76 0 8 0.0170179661363
50 79 0 8 0.0170155260712
18 82 0 8 0.016993926838
75 83 0 8 0.0169932823628
16 39 0 8 0.0169737692922
25 82 0 8 0.0169613622129
11 28 0 8 0.0169597566128
2 67 0 8 0.0169545263052
27 61 0 8 0.0169473737478
10 16 0 8 0.0169248506427
32 76 0 8 0.0169151201844
46 54 0 8 0.0168763343245
12 54 0 8 0.0168752651662
18 39 0 8 0.016867576167
15 76 0 8 0.016862699762
42 53 0 8 0.0168542340398
6 50 0 8 0.0168494004756
30 79 0 8 0.0168386287987
4 71 0 8 0.0168351177126
24 66 0 8 0.0168326310813
52 79 0 8 0.0168234463781
8 36 0 8 0.016816470772
1 72 0 8 0.0168117471039
11 26 0 8 0.0168113131076
45 54 0 8 0.016808303073
8 72 0 8 0.0167814306915
6 66 0 8 0.0167788807303
12 83 0 8 0.0167787708342
29 73 0 8 0.0167499482632
2 26 0 8 0.0167281161994
18 33 0 8 0.0167222581804
9 36 0 8 0.0167203750461
21 81 0 8 0.0167181566358
27 82 0 8 0.0167104844004
11 24 0 8 0.016709247604
10 79 0 8 0.0167087223381
6 51 0 8 0.0167021900415
70 83 0 8 0.0166994333267
6 52 0 8 0.0166983995587
15 59 0 8 0.0166952926666
9 63 0 8 0.0166852902621
8 22 0 8 0.0166824515909
31 55 0 8 0.0166750680655
10 82 0 8 0.0166750587523
9 76 0 8 0.016667118296
5 68 0 8 0.016666688025
33 83 0 8 0.0166645329446
21 79 0 8 0.0166549943388
18 56 0 8 0.0166515111923
34 56 0 8 0.0166494902223
30 75 0 8 0.0166382901371
67 72 0 8 0.0166269652545
24 70 0 8 0.0166255068034
29 68 0 8 0.0166197791696
54 77 0 8 0.0166174490005
22 31 0 8 0.0165942981839
3 77 0 8 0.0165683049709
23 82 0 8 0.0165643822402
75 82 0 8 0.0165622141212
12 24 0 8 0.0165503118187
37 54 0 8 0.0165473259985
11 20 0 8 0.0165141001344
30 54 0 8 0.0165024325252
39 80 0 8 0.0164942536503
25 66 0 8 0.0164790842682
2 79 0 8 0.0164757911116
27 68 0 8 0.016423786059
24 72 0 8 0.016423355788
13 56 0 8 0.0164104513824
9 51 0 8 0.0164067801088
6 40 0 8 0.0163839180022
9 53 0 8 0.0163696929812
2 83 0 8 0.0163688007742
1 71 0 8 0.0163504611701
35 69 0 8 0.0163501631469
39 83 0 8 0.0163248684257
32 83 0 8 0.0163239184767
5 45 0 8 0.0163188129663
2 36 0 8 0.0163078773767
37 56 0 8 0.0162794608623
20 82 0 8 0.0162714906037
41 79 0 8 0.0162706673145
10 34 0 8 0.0162684842944
71 83 0 8 0.0162611752748
3 33 0 8 0.0162601452321
3 31 0 8 0.0162556543946
8 45 0 8 0.0162344016135
41 83 0 8 0.0162292141467
29 79 0 8 0.0162237714976
46 57 0 8 0.0162026658654
32 74 0 8 0.0161962751299
12 62 0 8 0.0161862187088
14 59 0 8 0.0161545407027
1 70 0 8 0.0161522906274
5 83 0 8 0.0161234512925
2 25 0 8 0.0161130465567
22 32 0 8 0.0161019600928
56 75 0 8 0.0160935167223
67 82 0 8 0.0160803403705
31 56 0 8 0.0160757675767
30 66 0 8 0.0160729326308
29 59 0 8 0.0160690117627
16 52 0 8 0.0160438790917
2 31 0 8 0.0160429850221
33 73 0 8 0.0160399209708
5 71 0 8 0.0160193648189
3 24 0 8 0.0160043332726
21 54 0 8 0.0159871000797
25 35 0 8 0.0159844830632
10 83 0 8 0.0159832164645
11 56 0 8 0.0159832164645
32 82 0 8 0.0159704778343
15 62 0 8 0.0159690175205
29 56 0 8 0.0159630533308
9 35 0 8 0.0159587990493
18 62 0 8 0.0159560143948
25 34 0 8 0.0159515067935
9 27 0 8 0.015941452235
35 54 0 8 0.0159327406436
3 50 0 8 0.0159106459469
3 34 0 8 0.0159042868763
6 27 0 8 0.0159004069865
2 34 0 8 0.0158847607672
35 53 0 8 0.0158841349185
13 52 0 8 0.015872457996
22 37 0 8 0.0158676635474
40 54 0 8 0.0158641841263
9 58 0 8 0.0158530138433
29 66 0 8 0.0158527307212
28 60 0 8 0.0158477779478
13 66 0 8 0.015847524628
45 55 0 8 0.0158357489854
32 72 0 8 0.0158284977078
34 76 0 8 0.0158106721938
8 20 0 8 0.0158092919737
15 35 0 8 0.0158057976514
29 60 0 8 0.015802944079
4 61 0 8 0.0157885327935
3 66 0 8 0.0157717373222
26 68 0 8 0.0157693214715
5 47 0 8 0.0157555919141
4 66 0 8 0.0157522726804
15 44 0 8 0.0157486870885
22 36 0 8 0.0157427899539
11 61 0 8 0.0157413650304
5 23 0 8 0.0157389193773
39 69 0 8 0.0157307367772
45 80 0 8 0.0157189294696
11 48 0 8 0.015705011785
9 52 0 8 0.015702765435
2 29 0 8 0.015694860369
19 55 0 8 0.0156893283129
21 35 0 8 0.0156841892749
38 78 0 8 0.0156594216824
6 74 0 8 0.0156586933881
5 46 0 8 0.0156496278942
15 63 0 8 0.0156491417438
11 36 0 8 0.0156459268183
5 21 0 8 0.0156425181776
41 55 0 8 0.0156402289867
37 55 0 8 0.015638846904
23 67 0 8 0.0156248472631
1 37 0 8 0.0156125091016
15 64 0 8 0.0156084140763
19 38 0 8 0.0156041868031
27 81 0 8 0.0155970472842
8 46 0 8 0.0155409853905
31 62 0 8 0.0155355064198
2 82 0 8 0.0155097916722
71 82 0 8 0.0155035452917
14 42 0 8 0.0154444854707
33 81 0 8 0.015443761833
34 55 0 8 0.0154431154951
18 72 0 8 0.0154395056888
6 21 0 8 0.0154267456383
42 55 0 8 0.0154241165146
7 38 0 8 0.0154202077538
8 78 0 8 0.0153854312375
5 80 0 8 0.0153705365956
28 82 0 8 0.0153535287827
34 57 0 8 0.0153398234397
4 38 0 8 0.0153379524127
2 28 0 8 0.0152987809852
4 52 0 8 0.0152693865821
13 39 0 8 0.0152623755857
13 57 0 8 0.0152565855533
35 74 0 8 0.0152513068169
14 30 0 8 0.0152495885268
9 62 0 8 0.0152406757697
31 81 0 8 0.0152379563078
35 67 0 8 0.0151995522901
25 68 0 8 0.0151990950108
5 79 0 8 0.0151929510757
2 76 0 8 0.0151908537373
24 56 0 8 0.0151830511168
2 68 0 8 0.0151821747422
14 81 0 8 0.0151816615835
11 54 0 8 0.0151812825352
17 83 0 8 0.0151812480763
8 51 0 8 0.0151731297374
30 72 0 8 0.0151525726542
4 74 0 8 0.0151459136978
28 72 0 8 0.0151342246681
28 68 0 8 0.0150988278911
11 63 0 8 0.0150970704854
68 82 0 8 0.015084085986
28 71 0 8 0.0150823006406
3 37 0 8 0.0150789581239
15 27 0 8 0.0150761399418
6 59 0 8 0.0150596015155
19 56 0 8 0.0150532722473
3 71 0 8 0.0150526016951
5 43 0 8 0.0150454631075
23 53 0 8 0.015043688938
3 36 0 8 0.0150359468535
21 82 0 8 0.0150317950174
15 50 0 8 0.0150298960507
23 62 0 8 0.0150160249323
4 55 0 8 0.0150057310238
40 83 0 8 0.0150013333187
27 78 0 8 0.0150011219084
6 28 0 8 0.0149900149554
14 35 0 8 0.0149865588173
6 67 0 8 0.0149853415787
14 66 0 8 0.0149776637554
7 52 0 8 0.0149757787585
10 32 0 8 0.0149757573381
15 32 0 8 0.0149662643671
39 54 0 8 0.0149453654885
3 29 0 8 0.0149377081543
3 23 0 8 0.0149367554113
31 72 0 8 0.0149320550263
29 58 0 8 0.0149114066735
28 56 0 8 0.014910642989
9 55 0 8 0.0148923313245
12 55 0 8 0.014874775894
30 70 0 8 0.0148657644168
8 61 0 8 0.0148653034121
2 37 0 8 0.0148399490863
47 83 0 8 0.0148270996287
4 72 0 8 0.0148224476725
1 38 0 8 0.0148095786572
33 57 0 8 0.0148065108806
10 64 0 8 0.0147972060367
2 39 0 8 0.014792278409
1 25 0 8 0.0147699117661
18 40 0 8 0.0147590218112
23 54 0 8 0.0147526441142
21 83 0 8 0.0147500522435
6 55 0 8 0.0147289875895
32 80 0 8 0.0147147607058
4 77 0 8 0.0147079657763
44 83 0 8 0.0146657973528
22 39 0 8 0.0146509632468
28 80 0 8 0.0146427461877
35 81 0 8 0.0146384667605
34 72 0 8 0.014637847431
32 81 0 8 0.0146249569952
3 44 0 8 0.0146158346906
24 67 0 8 0.0146157257259
31 77 0 8 0.0146077405661
2 32 0 8 0.0146004594862
35 57 0 8 0.0145939579234
10 70 0 8 0.0145934848115
30 53 0 8 0.0145864775404
31 79 0 8 0.0145759060979
16 83 0 8 0.0145718045533
4 53 0 8 0.0145680317655
9 54 0 8 0.0145631926134
1 33 0 8 0.01456279587
6 83 0 8 0.0145565504208
1 42 0 8 0.014554313384
23 80 0 8 0.0145542174578
1 43 0 8 0.0145455412567
6 60 0 8 0.01453809347
40 53 0 8 0.0145291602239
11 62 0 8 0.0145147880539
2 35 0 8 0.014513861388
35 56 0 8 0.0144559824839
4 59 0 8 0.0144525589421
20 35 0 8 0.0144513640553
10 63 0 8 0.0144419874996
2 71 0 8 0.0144299250096
10 25 0 8 0.0144210234284
8 28 0 8 0.014402275905
29 72 0 8 0.0143933370709
10 49 0 8 0.014377030544
24 68 0 8 0.0143752945587
3 25 0 8 0.0143515998498
30 74 0 8 0.0143337221816
24 53 0 8 0.0143325561658
6 57 0 8 0.0143134444952
27 76 0 8 0.0143134379759
3 49 0 8 0.0143075259402
10 43 0 8 0.0142946131527
3 28 0 8 0.0142708886415
8 57 0 8 0.0142596643418
5 60 0 8 0.0142581630498
2 40 0 8 0.0142484894022
18 80 0 8 0.014242850244
1 81 0 8 0.0142400125042
9 56 0 8 0.0142192775384
3 69 0 8 0.0142119005322
45 82 0 8 0.0141954226419
10 50 0 8 0.0141924731433
21 80 0 8 0.0141884777695
24 81 0 8 0.0141834300011
55 77 0 8 0.0141726452857
6 81 0 8 0.0141692627221
39 77 0 8 0.0141650261357
8 60 0 8 0.0141355451196
18 35 0 8 0.0141353132203
3 45 0 8 0.0141150662675
12 52 0 8 0.0141112646088
32 79 0 8 0.0140980230644
27 83 0 8 0.0140933645889
17 40 0 8 0.0140824234113
9 77 0 8 0.0140814296901
57 75 0 8 0.0140810199082
30 82 0 8 0.0140686724335
15 56 0 8 0.0140580413863
10 66 0 8 0.0140541223809
5 76 0 8 0.0140490885824
10 36 0 8 0.0140468562022
35 80 0 8 0.0140427164733
5 44 0 8 0.0139798121527
28 66 0 8 0.0139780705795
1 65 0 8 0.0139766512439
10 51 0 8 0.0139755997807
10 26 0 8 0.0139747988433
39 56 0 8 0.013968590647
4 73 0 8 0.0139536494389
35 82 0 8 0.0139524033293
30 83 0 8 0.0139517150819
29 81 0 8 0.0139299593866
3 76 0 8 0.0139254992828
6 47 0 8 0.0139010651037
1 66 0 8 0.0138871688396
3 51 0 8 0.0138518670574
2 43 0 8 0.0138518670574
11 49 0 8 0.0138484602794
4 54 0 8 0.0138472169638
2 66 0 8 0.0138195967302
5 66 0 8 0.0138026587665
24 82 0 8 0.0137573806569
21 53 0 8 0.0137532856315
3 79 0 8 0.0137464310974
3 68 0 8 0.0137407956645
28 54 0 8 0.0137342438102
11 57 0 8 0.0137341795489
27 80 0 8 0.0136863747612
12 25 0 8 0.0136847784743
24 55 0 8 0.0136842634529
32 71 0 8 0.0136784398928
1 80 0 8 0.0136778810993
1 31 0 8 0.0136735262349
33 55 0 8 0.0136681832373
27 69 0 8 0.0136653492227
2 33 0 8 0.0136550310999
33 56 0 8 0.0136391380802
1 68 0 8 0.01362801902
28 64 0 8 0.0136157888919
28 69 0 8 0.0136047005653
12 18 0 8 0.0136031648144
3 62 0 8 0.0135929826647
3 67 0 8 0.0135883037001
15 52 0 8 0.0135862454772
35 72 0 8 0.0135765802115
35 55 0 8 0.0135679366067
7 54 0 8 0.0135677317157
30 56 0 8 0.0135616129264
32 77 0 8 0.0135562624782
3 58 0 8 0.0135557902977
3 63 0 8 0.0135533874854
30 73 0 8 0.0135417254642
39 55 0 8 0.0135402735323
2 59 0 8 0.0135291507468
3 30 0 8 0.0135285397992
9 61 0 8 0.0135207660496
16 55 0 8 0.0135182086378
5 67 0 8 0.013516320847
22 38 0 8 0.0135069396347
2 72 0 8 0.013501171954
10 80 0 8 0.0134974122047
25 78 0 8 0.0134925628081
46 55 0 8 0.0134905008599
38 55 0 8 0.013488298282
2 27 0 8 0.0134818535298
8 54 0 8 0.0134665453807
8 55 0 8 0.0134652983397
18 55 0 8 0.0134622324258
10 53 0 8 0.0134580656886
30 55 0 8 0.0134491296485
9 83 0 8 0.013446402736
11 38 0 8 0.0134441573173
3 27 0 8 0.0134391244501
35 78 0 8 0.0134364496917
16 56 0 8 0.0134358312935
10 71 0 8 0.0134159037843
10 37 0 8 0.01340779569
1 32 0 8 0.013407449238
28 61 0 8 0.0133969513699
13 24 0 8 0.0133955972269
3 38 0 8 0.0133923832327
32 57 0 8 0.0133549720049
10 48 0 8 0.0133502734825
2 69 0 8 0.0133392298594
29 83 0 8 0.013331387192
48 83 0 8 0.013328188099
9 60 0 8 0.013318140991
26 80 0 8 0.0132876280695
2 60 0 8 0.0132859777659
13 55 0 8 0.0132762417197
3 41 0 8 0.0132757360116
25 77 0 8 0.0132625941187
15 54 0 8 0.0132622448727
6 73 0 8 0.0132588259876
3 65 0 8 0.0132451262325
1 69 0 8 0.0132440859452
3 26 0 8 0.0132281798869
28 74 0 8 0.0132066924125
24 57 0 8 0.0131905078888
15 67 0 8 0.0131850903854
10 73 0 8 0.0131767913699
8 40 0 8 0.013169371523
74 81 0 8 0.013164235279
10 20 0 8 0.0131584815681
24 52 0 8 0.0131211970001
25 83 0 8 0.0131200794131
28 53 0 8 0.0131127405912
2 47 0 8 0.0131016876549
8 74 0 8 0.0130974771455
3 48 0 8 0.0130895227194
7 40 0 8 0.013081824407
2 38 0 8 0.0130789866671
2 49 0 8 0.0130594838411
28 55 0 8 0.0130556607619
3 35 0 8 0.0130550283939
13 53 0 8 0.0130311194807
28 81 0 8 0.0130284102634
27 55 0 8 0.0130133768544
6 46 0 8 0.0129911033437
1 27 0 8 0.012975923717
1 79 0 8 0.0129752280191
1 59 0 8 0.0129593107849
3 47 0 8 0.0129572069272
55 76 0 8 0.0129520483315
2 65 0 8 0.0129445651546
30 81 0 8 0.0129442606121
2 62 0 8 0.0129364402965
27 56 0 8 0.0129077322781
6 75 0 8 0.0128820100799
32 62 0 8 0.01287739072
1 62 0 8 0.0128698227927
3 78 0 8 0.0128664188087
28 79 0 8 0.0128491390496
29 55 0 8 0.0128466719761
46 56 0 8 0.0128384931013
4 56 0 8 0.0128231393173
2 30 0 8 0.0128215402365
21 57 0 8 0.0128111205995
35 75 0 8 0.0128064062446
34 82 0 8 0.0127973249182
10 69 0 8 0.01279157307
30 67 0 8 0.012790651992
1 52 0 8 0.0127670103684
12 53 0 8 0.0127481287345
66 71 0 8 0.0127178989351
2 58 0 8 0.0127133922651
35 79 0 8 0.0126844858751
10 52 0 8 0.0126815903932
25 80 0 8 0.0126744573936
30 62 0 8 0.0126424366608
8 56 0 8 0.0126370694488
8 75 0 8 0.0126329055056
30 71 0 8 0.0126029634848
10 55 0 8 0.0125991655514
6 53 0 8 0.0125934490934
1 26 0 8 0.0125886108726
4 57 0 8 0.0125568462536
24 83 0 8 0.0124423336238
32 55 0 8 0.01243798621
35 76 0 8 0.0124195506796
3 59 0 8 0.01240468584
27 79 0 8 0.0123583190143
5 69 0 8 0.012351279147
22 83 0 8 0.0123138809577
66 72 0 8 0.0122943753377
35 73 0 8 0.0122712813318
1 58 0 8 0.012268207036
30 59 0 8 0.0122642731294
5 53 0 8 0.0122593808919
2 45 0 8 0.0122480401769
18 68 0 8 0.0122479656711
29 82 0 8 0.0122246062383
10 47 0 8 0.0122048724443
23 52 0 8 0.0121845109388
55 75 0 8 0.0121764726937
5 49 0 8 0.0121360402554
2 50 0 8 0.0121324453503
10 38 0 8 0.0121311247349
46 83 0 8 0.0121074328199
3 64 0 8 0.0121058989316
6 38 0 8 0.0120377996936
9 75 0 8 0.012022848241
15 81 0 8 0.0120182111859
5 52 0 8 0.0119904708117
32 70 0 8 0.0119841005653
20 55 0 8 0.0119740720838
8 71 0 8 0.0119451945648
32 56 0 8 0.011940985918
33 77 0 8 0.0118875177577
10 19 0 8 0.0118838772178
28 83 0 8 0.0118772108108
14 38 0 8 0.0118234455585
27 66 0 8 0.0117956157774
10 46 0 8 0.0117848049849
7 39 0 8 0.0117681678385
1 45 0 8 0.0117654623464
74 82 0 8 0.0117367105559
72 83 0 8 0.0117222676054
10 24 0 8 0.0117209637538
22 35 0 8 0.0117086032405
33 82 0 8 0.0116969784722
8 53 0 8 0.0116769568995
26 55 0 8 0.0116625763476
3 52 0 8 0.0116454949602
11 77 0 8 0.0116222696379
14 62 0 8 0.0116200130433
35 83 0 8 0.0115479668602
5 40 0 8 0.0115474881604
1 51 0 8 0.0115391416475
23 55 0 8 0.0115361725911
15 57 0 8 0.0115268677473
3 43 0 8 0.0115246511996
2 48 0 8 0.0115199480206
9 57 0 8 0.0114797763526
28 57 0 8 0.0114349555224
29 80 0 8 0.011426829733
5 39 0 8 0.0114041864872
5 50 0 8 0.0113675752655
24 80 0 8 0.0113297235221
28 62 0 8 0.0113291461021
18 58 0 8 0.0113225961104
10 61 0 8 0.011316052638
3 53 0 8 0.0113118123263
8 52 0 8 0.0112603809685
6 61 0 8 0.0112422872335
19 83 0 8 0.0112155135721
2 63 0 8 0.0111845638603
5 51 0 8 0.0111824171618
1 47 0 8 0.011151698418
10 41 0 8 0.011140756309
10 74 0 8 0.0111147509888
65 72 0 8 0.0110875628889
28 67 0 8 0.0110865533352
5 59 0 8 0.0109897824004
5 54 0 8 0.0109776202589
34 77 0 8 0.0109345735982
30 80 0 8 0.0109192728996
5 48 0 8 0.0109011298046
6 77 0 8 0.0108910882846
8 77 0 8 0.0108735542744
17 55 0 8 0.0108444113284
43 83 0 8 0.0108319846913
1 28 0 8 0.010823792778
26 83 0 8 0.0108112562448
1 30 0 8 0.0107997627929
7 57 0 8 0.0107970889658
40 57 0 8 0.0107442205772
10 54 0 8 0.0107193449512
1 50 0 8 0.0107132773846
1 53 0 8 0.0107118329033
1 60 0 8 0.0107003580779
40 56 0 8 0.0106891933829
1 67 0 8 0.0106587437913
3 73 0 8 0.0106472307816
1 63 0 8 0.0106318509206
11 40 0 8 0.010628702119
9 40 0 8 0.0106280446053
10 60 0 8 0.0106230275705
23 83 0 8 0.0106043303385
16 57 0 8 0.0106027936563
10 40 0 8 0.0105831287801
15 65 0 8 0.0105621535331
1 61 0 8 0.0105514600873
1 64 0 8 0.0105161573738
5 74 0 8 0.0104910414666
4 39 0 8 0.0104246428236
1 41 0 8 0.0104081425816
28 78 0 8 0.0103298341855
27 77 0 8 0.010315945372
9 39 0 8 0.0103041902184
1 40 0 8 0.0102791376412
15 66 0 8 0.0102515192702
2 41 0 8 0.010237256065
35 77 0 8 0.0102219274268
11 52 0 8 0.0102190384641
14 40 0 8 0.010133266449
73 82 0 8 0.0101005891338
11 55 0 8 0.0100798895583
1 54 0 8 0.0100261382759
2 77 0 8 0.0100179864094
1 55 0 8 0.00992769747972
1 29 0 8 0.00991289783269
2 52 0 8 0.00987936090678
1 48 0 8 0.00987846497446
14 54 0 8 0.0098696872592
27 57 0 8 0.00986219290644
10 39 0 8 0.00985095836222
29 57 0 8 0.00984788499773
1 46 0 8 0.00982367619872
4 40 0 8 0.00980384368449
1 74 0 8 0.0097972266376
11 17 0 8 0.00971068628132
1 57 0 8 0.00967693142593
73 80 0 8 0.00966973695904
5 61 0 8 0.00964453630149
2 53 0 8 0.00960143655539
15 80 0 8 0.00960044004023
2 64 0 8 0.00958974007517
17 56 0 8 0.00954271387309
28 77 0 8 0.00951304100454
1 39 0 8 0.00947330147028
14 39 0 8 0.00944119412452
3 54 0 8 0.00943708326668
3 40 0 8 0.00942288339138
11 18 0 8 0.00940021499991
5 41 0 8 0.00939480401576
2 73 0 8 0.00937757082283
2 57 0 8 0.00935671664774
2 61 0 8 0.00930185429752
15 40 0 8 0.00925836432725
40 55 0 8 0.00919729564339
72 82 0 8 0.00899690948427
10 77 0 8 0.0089844269678
1 56 0 8 0.00898099225014
3 55 0 8 0.00896566268057
1 73 0 8 0.00895073264837
11 39 0 8 0.00894868560135
2 46 0 8 0.00887494906783
15 53 0 8 0.00884451251477
11 53 0 8 0.00883741676807
6 39 0 8 0.00877927523106
3 39 0 8 0.00867236871272
14 83 0 8 0.00866416562349
7 56 0 8 0.00863237213343
7 55 0 8 0.00861706770957
15 83 0 8 0.00861686747521
1 76 0 8 0.00856236554682
5 57 0 8 0.00855169724673
5 55 0 8 0.00852622836828
8 39 0 8 0.00852467678487
14 52 0 8 0.00845762714744
3 46 0 8 0.00844414904714
3 74 0 8 0.0082890111953
2 74 0 8 0.00823330227286
2 54 0 8 0.00822165608406
6 54 0 8 0.00819220207632
17 57 0 8 0.0081385159865
1 49 0 8 0.00798655953258
45 83 0 8 0.00789219327271
3 61 0 8 0.00787113793194
3 57 0 8 0.00763773079962
2 55 0 8 0.00755433784798
10 75 0 8 0.00754959881306
10 27 0 8 0.00750874355435
14 53 0 8 0.00749702239409
3 56 0 8 0.00744810141623
5 73 0 8 0.0073977462016
1 77 0 8 0.00737812183797
5 56 0 8 0.00735647743568
3 75 0 8 0.00730118434876
14 57 0 8 0.00725852278993
1 75 0 8 0.00709365028888
2 56 0 8 0.00708335405216
6 56 0 8 0.00693958438933
1 78 0 8 0.00692338310182
10 17 0 8 0.00684113334864
2 75 0 8 0.00641786307096
5 75 0 8 0.00629805866629
73 83 0 8 0.00597499497235
14 56 0 8 0.00547940703109
15 55 0 8 0.00546546559781
14 55 0 8 0.00543145975098
74 83 0 8 0.00446342164651
