19 20 0 8 0.999997854233
17 18 0 8 0.999996364117
15 16 0 8 0.999993920326
48 49 0 8 0.999988615513
20 21 0 8 0.999988138676
18 19 0 8 0.999988019466
44 45 0 8 0.999987244606
14 15 0 8 0.999986052513
23 24 0 8 0.999985039234
33 34 0 8 0.999980211258
13 14 0 8 0.999979496002
16 17 0 8 0.999978721142
45 46 0 8 0.999978303909
21 22 0 8 0.999975442886
47 48 0 8 0.999975204468
49 50 0 8 0.999973535538
24 25 0 8 0.999970197678
29 30 0 8 0.999970138073
31 32 0 8 0.999969065189
50 51 0 8 0.999966859818
8 9 0 8 0.999963402748
68 69 0 8 0.999962031841
30 31 0 8 0.999957561493
1 2 0 8 0.999955832958
46 47 0 8 0.999954879284
10 11 0 8 0.999952673912
2 3 0 8 0.999951899052
27 28 0 8 0.999950587749
9 10 0 8 0.999950587749
71 72 0 8 0.999949753284
62 63 0 8 0.999948978424
12 13 0 8 0.999948918819
32 33 0 8 0.999946475029
35 36 0 8 0.999945938587
34 35 0 8 0.999939918518
11 12 0 8 0.999939858913
70 71 0 8 0.999937176704
25 26 0 8 0.999933600426
43 44 0 8 0.999932825565
61 62 0 8 0.999932646751
65 66 0 8 0.999931335449
22 23 0 8 0.999925792217
63 64 0 8 0.999923169613
54 55 0 8 0.999919950962
60 61 0 8 0.99989849329
69 70 0 8 0.999893903732
3 4 0 8 0.999885380268
64 65 0 8 0.999869406223
67 68 0 8 0.99986666441
26 27 0 8 0.999825179577
36 37 0 8 0.9998062253
28 29 0 8 0.999800086021
51 52 0 8 0.999771535397
7 8 0 8 0.999761104584
6 7 0 8 0.99974322319
42 43 0 8 0.999728083611
41 42 0 8 0.99972307682
53 54 0 8 0.999707579613
38 39 0 8 0.999615490437
40 41 0 8 0.999598503113
66 67 0 8 0.999587655067
4 5 0 8 0.999491989613
58 59 0 8 0.999491512775
59 60 0 8 0.999490439892
57 58 0 8 0.999484777451
56 57 0 8 0.999457657337
55 56 0 8 0.999454498291
52 53 0 8 0.999450147152
39 40 0 8 0.999160647392
37 38 0 8 0.999112784863
5 6 0 8 0.998995244503
15 17 0 8 0.995941221714
30 32 0 8 0.99545031786
16 18 0 8 0.995411157608
14 16 0 8 0.99502491951
28 30 0 8 0.993799805641
29 31 0 8 0.993685126305
46 48 0 8 0.992683887482
17 19 0 8 0.992638885975
11 13 0 8 0.992436647415
15 18 0 8 0.99235022068
16 19 0 8 0.991948127747
17 20 0 8 0.991094827652
18 20 0 8 0.990752637386
48 50 0 8 0.989516675472
12 14 0 8 0.988439977169
44 46 0 8 0.988123357296
47 49 0 8 0.988123059273
29 32 0 8 0.988032579422
45 47 0 8 0.987039029598
31 33 0 8 0.985019803047
27 29 0 8 0.984558343887
14 17 0 8 0.983108878136
13 15 0 8 0.982949852943
46 49 0 8 0.982612848282
13 16 0 8 0.981442630291
28 32 0 8 0.979195713997
15 19 0 8 0.978637456894
30 33 0 8 0.978273689747
30 42 0 8 0.97734183073
31 34 0 8 0.977082967758
16 20 0 8 0.976700484753
44 47 0 8 0.976536393166
12 15 0 8 0.975698530674
18 21 0 8 0.975606501102
10 12 0 8 0.975525140762
26 28 0 8 0.974789261818
45 48 0 8 0.973995923996
28 31 0 8 0.97168815136
19 21 0 8 0.9714615345
46 64 0 8 0.97132730484
43 45 0 8 0.971146166325
12 16 0 8 0.968522846699
49 51 0 8 0.96786570549
13 17 0 8 0.965154647827
27 30 0 8 0.959845900536
30 34 0 8 0.957617819309
11 14 0 8 0.956714212894
43 46 0 8 0.956082940102
14 18 0 8 0.955695807934
17 21 0 8 0.955224335194
15 30 0 8 0.95093858242
9 11 0 8 0.94692414999
15 42 0 8 0.946819126606
44 48 0 8 0.945814013481
27 46 0 8 0.942793130875
25 63 0 8 0.942397773266
29 33 0 8 0.938474953175
34 36 0 8 0.936507999897
26 29 0 8 0.935690462589
9 12 0 8 0.935013532639
19 64 0 8 0.934077978134
32 34 0 8 0.933375477791
27 31 0 8 0.932976543903
27 43 0 8 0.931547701359
67 69 0 8 0.931248426437
27 39 0 8 0.931085586548
19 22 0 8 0.926507174969
18 33 0 8 0.926075875759
10 13 0 8 0.923473536968
43 47 0 8 0.921879887581
20 66 0 8 0.921029210091
38 40 0 8 0.920483291149
45 49 0 8 0.919894456863
36 38 0 8 0.919612944126
50 52 0 8 0.918735563755
39 41 0 8 0.917792499065
20 22 0 8 0.916360557079
24 63 0 8 0.913119852543
26 64 0 8 0.912467896938
26 63 0 8 0.912394225597
30 46 0 8 0.910730421543
8 10 0 8 0.907641470432
65 67 0 8 0.907431364059
11 15 0 8 0.906746923923
47 50 0 8 0.902181267738
61 63 0 8 0.901686191559
48 51 0 8 0.901220977306
27 64 0 8 0.899940907955
18 30 0 8 0.899888277054
27 42 0 8 0.897057116032
15 46 0 8 0.895250201225
64 66 0 8 0.893549501896
46 50 0 8 0.886294007301
49 52 0 8 0.885725677013
51 53 0 8 0.883867383003
16 66 0 8 0.883851766586
47 51 0 8 0.882749676704
68 70 0 8 0.875657200813
42 46 0 8 0.872321784496
25 27 0 8 0.87230026722
23 25 0 8 0.868289232254
37 39 0 8 0.86592656374
8 11 0 8 0.865767300129
63 65 0 8 0.856653869152
52 54 0 8 0.856120169163
54 67 0 8 0.853242635727
20 23 0 8 0.852301955223
11 45 0 8 0.85198277235
24 26 0 8 0.851744055748
49 54 0 8 0.845268726349
66 68 0 8 0.845194458961
18 22 0 8 0.844559311867
12 45 0 8 0.843323647976
40 42 0 8 0.841766297817
21 23 0 8 0.841596364975
33 35 0 8 0.841147542
55 57 0 8 0.841049671173
54 66 0 8 0.839230597019
8 12 0 8 0.83880096674
69 71 0 8 0.835331857204
26 30 0 8 0.828519940376
39 42 0 8 0.827580928802
10 14 0 8 0.824775695801
19 23 0 8 0.824330747128
59 61 0 8 0.822894573212
32 35 0 8 0.821129560471
2 4 0 8 0.818354189396
50 53 0 8 0.816087663174
53 55 0 8 0.813565790653
25 29 0 8 0.809980809689
25 64 0 8 0.807656526566
55 67 0 8 0.801669239998
62 64 0 8 0.796974360943
5 7 0 8 0.79551756382
42 47 0 8 0.789610266685
19 66 0 8 0.788885474205
25 65 0 8 0.788873553276
38 41 0 8 0.785351514816
60 62 0 8 0.779140412807
19 65 0 8 0.77759206295
27 62 0 8 0.775037109852
15 45 0 8 0.772119641304
1 3 0 8 0.76741451025
6 8 0 8 0.763779699802
70 72 0 8 0.760998725891
16 54 0 8 0.75820851326
3 5 0 8 0.755751669407
48 52 0 8 0.755648255348
9 13 0 8 0.749072432518
35 37 0 8 0.747672200203
58 60 0 8 0.747506976128
31 36 0 8 0.746886491776
37 40 0 8 0.745427131653
23 65 0 8 0.743161201477
49 53 0 8 0.742587327957
57 59 0 8 0.7424274683
25 28 0 8 0.741326808929
7 11 0 8 0.740600526333
54 56 0 8 0.738330900669
24 65 0 8 0.734986782074
56 58 0 8 0.734707117081
36 39 0 8 0.731594502926
4 6 0 8 0.727645993233
41 43 0 8 0.710746705532
30 64 0 8 0.702940285206
26 62 0 8 0.698474764824
19 25 0 8 0.685727119446
12 49 0 8 0.67233812809
24 64 0 8 0.671181440353
19 55 0 8 0.665666699409
7 12 0 8 0.660610318184
31 35 0 8 0.659383535385
24 27 0 8 0.658347964287
38 42 0 8 0.642376601696
18 25 0 8 0.633490800858
23 27 0 8 0.631720006466
36 40 0 8 0.631273090839
22 24 0 8 0.622259259224
16 49 0 8 0.621026933193
26 61 0 8 0.620572030544
50 54 0 8 0.610730886459
31 38 0 8 0.609649121761
19 24 0 8 0.60711234808
19 27 0 8 0.606942772865
58 61 0 8 0.605907440186
15 49 0 8 0.601300120354
12 54 0 8 0.593704819679
12 48 0 8 0.576179504395
37 41 0 8 0.574427604675
14 34 0 8 0.574018895626
31 37 0 8 0.571783483028
16 55 0 8 0.569418728352
12 52 0 8 0.566682219505
7 9 0 8 0.565135717392
57 61 0 8 0.554297506809
24 28 0 8 0.542783677578
49 55 0 8 0.529432892799
31 43 0 8 0.521651387215
61 64 0 8 0.517343699932
19 30 0 8 0.513069689274
42 44 0 8 0.508720397949
63 66 0 8 0.498284369707
24 58 0 8 0.480580091476
15 34 0 8 0.468190282583
18 23 0 8 0.457700133324
35 39 0 8 0.446433275938
34 39 0 8 0.425186276436
50 55 0 8 0.417075991631
32 36 0 8 0.405257970095
62 65 0 8 0.402419060469
19 28 0 8 0.400676429272
31 39 0 8 0.400597840548
19 49 0 8 0.396459549665
57 63 0 8 0.384889930487
23 26 0 8 0.384327977896
35 38 0 8 0.381282627583
28 62 0 8 0.370660841465
19 26 0 8 0.365056931973
40 43 0 8 0.355854660273
31 42 0 8 0.343690365553
57 60 0 8 0.337415754795
11 34 0 8 0.335421234369
23 66 0 8 0.334443986416
57 64 0 8 0.316232979298
50 57 0 8 0.313149154186
53 67 0 8 0.312758088112
53 56 0 8 0.307602196932
58 63 0 8 0.305695623159
59 62 0 8 0.304667562246
39 43 0 8 0.303123086691
18 34 0 8 0.30296972394
55 64 0 8 0.30063560605
20 24 0 8 0.299426108599
25 30 0 8 0.283440589905
58 62 0 8 0.279428809881
15 66 0 8 0.275664448738
56 59 0 8 0.273382335901
34 46 0 8 0.270263433456
4 7 0 8 0.266002774239
49 66 0 8 0.263568162918
51 54 0 8 0.262189626694
58 64 0 8 0.261296659708
55 63 0 8 0.260976493359
18 27 0 8 0.260678738356
50 56 0 8 0.260303109884
57 62 0 8 0.259055614471
15 55 0 8 0.256534844637
27 54 0 8 0.251526981592
52 55 0 8 0.247105374932
24 61 0 8 0.24171730876
15 64 0 8 0.237665116787
16 27 0 8 0.228304430842
68 71 0 8 0.22503760457
61 65 0 8 0.224574953318
51 55 0 8 0.224065408111
55 66 0 8 0.220548212528
43 64 0 8 0.216119468212
34 38 0 8 0.202868074179
28 39 0 8 0.202424198389
15 27 0 8 0.20218770206
69 72 0 8 0.200552627444
7 45 0 8 0.199914738536
59 63 0 8 0.196837857366
16 67 0 8 0.193628594279
60 63 0 8 0.190277338028
28 38 0 8 0.189573600888
7 15 0 8 0.188205003738
44 64 0 8 0.187501654029
19 34 0 8 0.187467828393
66 69 0 8 0.183914929628
67 70 0 8 0.183715969324
55 58 0 8 0.178289711475
55 65 0 8 0.17717051506
58 65 0 8 0.174952343106
3 7 0 8 0.166648760438
64 67 0 8 0.165123522282
54 57 0 8 0.164388597012
58 66 0 8 0.16434520483
55 59 0 8 0.16366687417
56 60 0 8 0.162792146206
15 31 0 8 0.162125468254
3 6 0 8 0.161143898964
7 10 0 8 0.15969710052
23 28 0 8 0.157828718424
39 47 0 8 0.15706731379
33 36 0 8 0.155967310071
63 67 0 8 0.153083413839
5 8 0 8 0.15287861228
56 64 0 8 0.152857422829
19 54 0 8 0.150865897536
41 44 0 8 0.150809630752
36 42 0 8 0.150762200356
33 39 0 8 0.150679543614
15 54 0 8 0.147813290358
56 61 0 8 0.146967604756
34 42 0 8 0.146697357297
53 57 0 8 0.146088644862
34 37 0 8 0.145370095968
31 40 0 8 0.141559332609
60 64 0 8 0.140778005123
32 37 0 8 0.140667557716
57 65 0 8 0.139855146408
67 71 0 8 0.139063686132
65 68 0 8 0.138308823109
18 24 0 8 0.134676530957
68 72 0 8 0.133863985538
19 46 0 8 0.133499667048
4 8 0 8 0.133078634739
16 53 0 8 0.131931275129
20 25 0 8 0.131793990731
6 9 0 8 0.127104833722
42 64 0 8 0.125546067953
2 6 0 8 0.122798249125
52 56 0 8 0.122351057827
46 55 0 8 0.121274121106
59 64 0 8 0.117745026946
41 45 0 8 0.117515079677
55 61 0 8 0.1172240749
18 26 0 8 0.115699872375
2 5 0 8 0.115171708167
66 70 0 8 0.114922583103
62 66 0 8 0.114215411246
27 63 0 8 0.113880895078
40 44 0 8 0.113464690745
60 65 0 8 0.113409996033
12 34 0 8 0.113161236048
19 42 0 8 0.112103797495
54 65 0 8 0.112033471465
31 46 0 8 0.110494069755
20 26 0 8 0.109709449112
20 27 0 8 0.10954438895
27 57 0 8 0.109007529914
1 4 0 8 0.108809769154
56 62 0 8 0.108672104776
19 31 0 8 0.108276858926
16 25 0 8 0.108088240027
7 49 0 8 0.107860721648
15 67 0 8 0.107796132565
28 46 0 8 0.106718204916
42 50 0 8 0.106394417584
56 63 0 8 0.10566855222
54 58 0 8 0.102758072317
49 67 0 8 0.101410582662
55 60 0 8 0.100829325616
32 39 0 8 0.100647106767
1 5 0 8 0.099946834147
26 39 0 8 0.0997757539153
54 64 0 8 0.0997672900558
21 24 0 8 0.0954292714596
14 42 0 8 0.0950375124812
31 47 0 8 0.0946665480733
12 55 0 8 0.0946450158954
30 36 0 8 0.0940886959434
22 25 0 8 0.0923743695021
32 38 0 8 0.091531060636
19 29 0 8 0.091490522027
42 66 0 8 0.0913727357984
22 26 0 8 0.0907985121012
38 43 0 8 0.0893074274063
8 36 0 8 0.086803689599
34 49 0 8 0.0866758078337
61 66 0 8 0.0864040851593
30 49 0 8 0.0860654711723
15 28 0 8 0.0852878317237
35 40 0 8 0.0845137834549
11 42 0 8 0.0843934714794
53 65 0 8 0.0842625200748
30 66 0 8 0.0816658139229
16 30 0 8 0.0808794051409
31 55 0 8 0.0807202011347
27 49 0 8 0.0805761814117
37 42 0 8 0.0802799984813
51 56 0 8 0.0795368850231
46 66 0 8 0.0786223784089
15 69 0 8 0.0779937729239
54 69 0 8 0.0777309164405
19 67 0 8 0.0776251703501
12 67 0 8 0.0775517821312
25 66 0 8 0.0772692263126
16 28 0 8 0.0755898505449
55 62 0 8 0.07556078583
18 64 0 8 0.0749615579844
28 43 0 8 0.0742106363177
5 9 0 8 0.0741164684296
49 69 0 8 0.0733266621828
7 54 0 8 0.0730315595865
42 69 0 8 0.0711550787091
30 39 0 8 0.071065954864
16 64 0 8 0.0709813088179
39 44 0 8 0.0709554180503
23 31 0 8 0.0707406103611
28 47 0 8 0.0705989301205
57 66 0 8 0.0704574659467
42 67 0 8 0.070450566709
16 33 0 8 0.0693785175681
49 56 0 8 0.0693711936474
56 65 0 8 0.0691962167621
11 64 0 8 0.0691642984748
15 33 0 8 0.0684194639325
27 55 0 8 0.0683858841658
12 28 0 8 0.0681756213307
19 69 0 8 0.0678518339992
46 57 0 8 0.0677770152688
25 53 0 8 0.0677245631814
56 66 0 8 0.0675245299935
16 31 0 8 0.0675093755126
41 46 0 8 0.0674823895097
30 55 0 8 0.0672571882606
28 54 0 8 0.0669953078032
23 64 0 8 0.0669428110123
42 45 0 8 0.0668399780989
27 69 0 8 0.066705211997
15 65 0 8 0.0660668835044
18 31 0 8 0.0658001303673
28 42 0 8 0.0655932575464
28 40 0 8 0.0654764100909
18 57 0 8 0.0654732882977
12 41 0 8 0.0654487088323
27 38 0 8 0.0651827305555
59 65 0 8 0.0640455111861
39 46 0 8 0.0639634951949
2 7 0 8 0.0637148991227
53 69 0 8 0.0637042298913
17 51 0 8 0.0630032122135
54 63 0 8 0.0627214461565
18 63 0 8 0.0627067238092
11 41 0 8 0.0621736496687
15 63 0 8 0.0621141344309
16 34 0 8 0.0615422986448
25 49 0 8 0.0597118847072
33 38 0 8 0.0589865706861
12 66 0 8 0.0589784756303
11 55 0 8 0.0584916993976
34 47 0 8 0.058413323015
16 65 0 8 0.0574889108539
37 45 0 8 0.0569894909859
28 55 0 8 0.0566590875387
31 49 0 8 0.0564122498035
11 37 0 8 0.0561381056905
27 67 0 8 0.0557030141354
22 27 0 8 0.0554427653551
23 63 0 8 0.055267687887
33 54 0 8 0.0548304878175
14 69 0 8 0.0547126345336
27 47 0 8 0.0546622946858
18 49 0 8 0.0545803271234
46 69 0 8 0.054451957345
7 48 0 8 0.054300185293
18 28 0 8 0.0539776980877
53 66 0 8 0.0539487563074
22 29 0 8 0.052959382534
7 44 0 8 0.0526963695884
34 69 0 8 0.0519517324865
47 64 0 8 0.0519329793751
25 67 0 8 0.0517073906958
30 69 0 8 0.0514839030802
53 64 0 8 0.051443528384
28 66 0 8 0.0511298514903
14 33 0 8 0.050701610744
65 69 0 8 0.0504379980266
6 10 0 8 0.0503958575428
36 41 0 8 0.0502879284322
54 68 0 8 0.0494581460953
15 25 0 8 0.049441691488
52 57 0 8 0.0493543446064
40 47 0 8 0.049272146076
46 54 0 8 0.0487289205194
38 46 0 8 0.0485431551933
20 28 0 8 0.0484279245138
29 54 0 8 0.0482187047601
39 45 0 8 0.0482177175581
51 57 0 8 0.047838177532
31 66 0 8 0.0475908964872
7 52 0 8 0.0475592873991
28 64 0 8 0.0474338755012
14 30 0 8 0.0468649342656
18 69 0 8 0.0468160100281
12 63 0 8 0.0465729311109
14 46 0 8 0.0465365685523
18 52 0 8 0.0464577153325
33 49 0 8 0.0464571639895
16 39 0 8 0.0462322346866
53 63 0 8 0.0458225868642
53 68 0 8 0.0458043143153
54 61 0 8 0.0458015538752
27 66 0 8 0.045622639358
25 46 0 8 0.0455936715007
16 63 0 8 0.0454013869166
49 57 0 8 0.0451802797616
49 63 0 8 0.0449641384184
34 40 0 8 0.0448480993509
24 29 0 8 0.0444539934397
23 52 0 8 0.0442560054362
15 26 0 8 0.0442417562008
50 67 0 8 0.0440158210695
7 36 0 8 0.0439379774034
31 69 0 8 0.0438778027892
14 53 0 8 0.0433175861835
50 69 0 8 0.0432306826115
39 64 0 8 0.0429208390415
19 47 0 8 0.0427891761065
56 67 0 8 0.042660549283
7 55 0 8 0.042499627918
11 63 0 8 0.0423454903066
12 39 0 8 0.0423173420131
46 63 0 8 0.0421582609415
8 39 0 8 0.0420187078416
30 37 0 8 0.0415936298668
46 56 0 8 0.0415211841464
21 25 0 8 0.0412085652351
48 54 0 8 0.0409125722945
54 59 0 8 0.0396856255829
25 47 0 8 0.0396674387157
55 69 0 8 0.0394744463265
64 68 0 8 0.0394048169255
18 54 0 8 0.0392991453409
50 66 0 8 0.0392031446099
28 67 0 8 0.0390880256891
15 50 0 8 0.0389472208917
18 48 0 8 0.038712695241
24 54 0 8 0.0385794527829
39 69 0 8 0.0385401844978
53 70 0 8 0.0385105125606
29 63 0 8 0.0381485372782
17 33 0 8 0.0379387028515
31 41 0 8 0.037924144417
52 69 0 8 0.0377981625497
55 68 0 8 0.0377639606595
16 69 0 8 0.0377320200205
33 37 0 8 0.0376596413553
25 54 0 8 0.0376467444003
46 67 0 8 0.0375354401767
49 64 0 8 0.0374961569905
40 64 0 8 0.0368463359773
15 57 0 8 0.0365622006357
42 63 0 8 0.0365187041461
42 65 0 8 0.0364446043968
1 6 0 8 0.0364377573133
50 64 0 8 0.0362736172974
14 51 0 8 0.0361613109708
66 71 0 8 0.0360658690333
30 67 0 8 0.0360118485987
53 58 0 8 0.035656567663
21 26 0 8 0.035644788295
28 49 0 8 0.0354479551315
18 66 0 8 0.0353512056172
12 64 0 8 0.0353494845331
11 43 0 8 0.0352549180388
42 68 0 8 0.0351918563247
5 67 0 8 0.0351153500378
34 66 0 8 0.0351144112647
13 55 0 8 0.0350401289761
15 52 0 8 0.0350364930928
33 66 0 8 0.0344901718199
19 63 0 8 0.0344330184162
19 53 0 8 0.0344220586121
15 43 0 8 0.0343431010842
29 42 0 8 0.0342352166772
5 54 0 8 0.034097276628
14 63 0 8 0.0339319519699
34 64 0 8 0.0338925756514
11 61 0 8 0.0337146744132
46 65 0 8 0.0337082371116
32 40 0 8 0.0336950197816
42 49 0 8 0.0336722545326
34 50 0 8 0.03359214589
30 54 0 8 0.0333177372813
45 67 0 8 0.0332798399031
11 39 0 8 0.0331264957786
26 49 0 8 0.0330164022744
45 64 0 8 0.0329439714551
31 44 0 8 0.0326652377844
47 57 0 8 0.0321240611374
18 55 0 8 0.0321185290813
31 64 0 8 0.0320090167224
8 34 0 8 0.0319592021406
11 57 0 8 0.0319006815553
18 29 0 8 0.03184273839
12 31 0 8 0.0317905656993
15 68 0 8 0.031693585217
34 67 0 8 0.0315161719918
41 67 0 8 0.0312295462936
39 66 0 8 0.0311378315091
14 54 0 8 0.0311062280089
54 62 0 8 0.031021328643
15 53 0 8 0.0309275612235
43 67 0 8 0.0308572594076
34 41 0 8 0.0307249967009
4 12 0 8 0.030617820099
28 69 0 8 0.0305659454316
24 55 0 8 0.0305182728916
14 47 0 8 0.0304967742413
27 65 0 8 0.0303817559034
54 70 0 8 0.0302199535072
43 61 0 8 0.0302053038031
28 53 0 8 0.0299295261502
19 33 0 8 0.0298837684095
50 68 0 8 0.0294221639633
15 70 0 8 0.0293490681797
38 47 0 8 0.0292198825628
50 61 0 8 0.0290831699967
25 57 0 8 0.0290379747748
11 31 0 8 0.028978953138
28 50 0 8 0.0289712101221
27 70 0 8 0.0289160348475
18 46 0 8 0.0288720224053
27 71 0 8 0.0288623515517
34 71 0 8 0.0288517959416
15 36 0 8 0.0288359802216
26 66 0 8 0.0288228038698
30 63 0 8 0.0288134217262
48 53 0 8 0.0288054961711
15 47 0 8 0.0287920255214
7 14 0 8 0.0287815406919
47 55 0 8 0.0286856349558
8 45 0 8 0.028679177165
18 67 0 8 0.0285658575594
27 45 0 8 0.028485186398
7 47 0 8 0.0284801516682
30 71 0 8 0.0283377375454
27 50 0 8 0.0283278319985
8 42 0 8 0.028244189918
31 71 0 8 0.0280871316791
62 67 0 8 0.0280853956938
18 71 0 8 0.0280679315329
11 65 0 8 0.0280239135027
50 71 0 8 0.0280199721456
19 71 0 8 0.028018919751
31 54 0 8 0.0275764260441
12 69 0 8 0.0275147054344
50 63 0 8 0.0274390522391
46 68 0 8 0.0273253433406
16 46 0 8 0.0271067824215
34 45 0 8 0.0270122829825
51 68 0 8 0.0268229581416
7 64 0 8 0.0268026571721
22 52 0 8 0.0268008802086
44 66 0 8 0.0267671439797
15 44 0 8 0.026707187295
15 71 0 8 0.0266468543559
26 65 0 8 0.0266141053289
57 67 0 8 0.0265816673636
44 65 0 8 0.0265014264733
20 64 0 8 0.0263566821814
37 43 0 8 0.026355817914
11 67 0 8 0.0263380687684
44 61 0 8 0.0262525454164
26 56 0 8 0.0261776410043
8 64 0 8 0.0260920375586
36 49 0 8 0.0259738899767
11 16 0 8 0.025955747813
49 68 0 8 0.0259424969554
37 44 0 8 0.0258330106735
7 63 0 8 0.0256581101567
30 65 0 8 0.0253849234432
58 67 0 8 0.0252392813563
12 33 0 8 0.0251899510622
43 62 0 8 0.0251729786396
31 52 0 8 0.0248885527253
19 52 0 8 0.0248456224799
5 66 0 8 0.02479592897
7 41 0 8 0.0247713755816
16 52 0 8 0.0247439388186
54 60 0 8 0.0246808286756
34 70 0 8 0.0245316438377
60 66 0 8 0.0245120599866
55 70 0 8 0.0244520511478
23 29 0 8 0.0243536997586
18 70 0 8 0.02431197837
23 30 0 8 0.0242846086621
11 69 0 8 0.0240767970681
14 71 0 8 0.0238470695913
3 8 0 8 0.0238438937813
25 56 0 8 0.023584280163
22 33 0 8 0.0234335530549
49 65 0 8 0.0232879593968
39 50 0 8 0.0232538338751
34 53 0 8 0.0232248269022
17 23 0 8 0.0231965184212
33 46 0 8 0.0231278222054
50 58 0 8 0.0230948254466
41 65 0 8 0.023035492748
20 67 0 8 0.0228654742241
28 51 0 8 0.0227737631649
17 27 0 8 0.0227574054152
40 46 0 8 0.0226455051452
25 55 0 8 0.0225252155215
43 63 0 8 0.0224970430136
41 69 0 8 0.0224634073675
30 70 0 8 0.02241788432
33 42 0 8 0.0223677325994
38 45 0 8 0.0223114471883
39 70 0 8 0.0222847666591
11 66 0 8 0.0222571473569
52 67 0 8 0.0221334826201
30 38 0 8 0.0220859702677
14 70 0 8 0.0220784321427
12 43 0 8 0.022064300254
6 45 0 8 0.0220463089645
15 29 0 8 0.0220348853618
39 67 0 8 0.0220269672573
6 54 0 8 0.0219902489334
52 66 0 8 0.0219817813486
30 40 0 8 0.0219683926553
47 56 0 8 0.0219518169761
14 55 0 8 0.0219466872513
25 62 0 8 0.0219162944704
28 71 0 8 0.0219117831439
5 35 0 8 0.0218988321722
1 7 0 8 0.0218543298542
24 49 0 8 0.0218449551612
7 13 0 8 0.0217681862414
19 45 0 8 0.0217279009521
40 45 0 8 0.0217256955802
43 65 0 8 0.0217061340809
38 44 0 8 0.021697377786
40 66 0 8 0.0216774772853
19 68 0 8 0.0216645579785
26 57 0 8 0.0216384530067
36 46 0 8 0.0216060522944
30 52 0 8 0.0215692352504
31 70 0 8 0.0215455610305
7 69 0 8 0.0215204618871
19 50 0 8 0.0215157642961
23 49 0 8 0.0214041601866
26 46 0 8 0.0213964469731
28 56 0 8 0.0213475003839
34 68 0 8 0.0212652143091
14 68 0 8 0.0212336629629
47 69 0 8 0.0212235208601
24 67 0 8 0.0212207175791
19 70 0 8 0.0211825668812
7 66 0 8 0.0211552120745
51 69 0 8 0.0211529619992
54 71 0 8 0.0211501587182
12 61 0 8 0.0211285743862
7 68 0 8 0.0210475083441
32 52 0 8 0.0210235584527
7 39 0 8 0.0210165716708
41 64 0 8 0.0210143011063
16 29 0 8 0.0209836661816
24 52 0 8 0.0209373570979
6 11 0 8 0.0209037344903
12 51 0 8 0.0208630003035
39 65 0 8 0.0208505559713
25 61 0 8 0.0208486989141
46 70 0 8 0.0207694321871
12 53 0 8 0.0207537841052
39 68 0 8 0.0207056477666
26 55 0 8 0.0206568036228
20 29 0 8 0.0206208918244
12 70 0 8 0.0206121318042
30 47 0 8 0.0206100791693
16 47 0 8 0.0206004716456
6 12 0 8 0.0205567292869
52 68 0 8 0.0205474384129
52 70 0 8 0.0205230340362
27 68 0 8 0.0204892735928
43 66 0 8 0.0204266645014
34 43 0 8 0.0203204173595
11 54 0 8 0.020314745605
8 13 0 8 0.0202751960605
7 37 0 8 0.0202385541052
43 69 0 8 0.0202320367098
7 34 0 8 0.0201618205756
18 68 0 8 0.0201285053045
15 39 0 8 0.0201086290181
7 67 0 8 0.0200811419636
36 45 0 8 0.0200617648661
30 35 0 8 0.0200568344444
14 64 0 8 0.0200339276344
61 67 0 8 0.0199459418654
45 63 0 8 0.0199375580996
7 35 0 8 0.019926501438
22 64 0 8 0.0199065096676
45 65 0 8 0.0198638886213
40 67 0 8 0.0198632404208
16 50 0 8 0.0198631733656
45 57 0 8 0.0198297258466
29 71 0 8 0.019804449752
12 65 0 8 0.0197780635208
39 71 0 8 0.0197735987604
33 69 0 8 0.0197587739676
67 72 0 8 0.0197522584349
51 58 0 8 0.0197392497212
33 40 0 8 0.0197378713638
5 45 0 8 0.0197317227721
26 47 0 8 0.0197308063507
12 50 0 8 0.0197301693261
34 52 0 8 0.0197004526854
34 55 0 8 0.0196816008538
23 50 0 8 0.0196374543011
26 53 0 8 0.0196319911629
25 41 0 8 0.0196002218872
22 62 0 8 0.0195726361126
45 66 0 8 0.0195424538106
23 71 0 8 0.0195314344019
42 54 0 8 0.0195290520787
12 71 0 8 0.0195078402758
27 53 0 8 0.0194797441363
7 65 0 8 0.0194574166089
11 58 0 8 0.0194399431348
53 61 0 8 0.0194102693349
12 42 0 8 0.0194065440446
18 39 0 8 0.0194002259523
7 42 0 8 0.0193697158247
25 71 0 8 0.019333627075
29 39 0 8 0.0193083621562
33 71 0 8 0.0193055719137
7 31 0 8 0.0192464832217
14 52 0 8 0.019235253334
18 42 0 8 0.0192195605487
39 63 0 8 0.0191913358867
5 55 0 8 0.0191906355321
26 71 0 8 0.0191784780473
8 63 0 8 0.0191641449928
53 71 0 8 0.019162107259
18 62 0 8 0.0191580913961
34 63 0 8 0.0191560126841
50 70 0 8 0.0191044714302
11 38 0 8 0.0190830547363
12 35 0 8 0.0190170221031
11 68 0 8 0.0189569462091
11 59 0 8 0.0189461782575
34 51 0 8 0.0189261455089
20 63 0 8 0.0189207978547
11 47 0 8 0.0189133062959
41 47 0 8 0.0188717395067
29 49 0 8 0.0188221409917
11 62 0 8 0.0188126768917
16 71 0 8 0.0187771990895
8 69 0 8 0.0187575947493
12 32 0 8 0.018747728318
41 63 0 8 0.0186704751104
16 68 0 8 0.0186096597463
27 52 0 8 0.0185836721212
13 54 0 8 0.0185818243772
57 69 0 8 0.0185568220913
12 68 0 8 0.0185322482139
36 50 0 8 0.0185009818524
22 63 0 8 0.0184894334525
44 67 0 8 0.0184824354947
29 69 0 8 0.0184466391802
45 69 0 8 0.0184169244021
25 69 0 8 0.0184156112373
24 50 0 8 0.0184145960957
11 49 0 8 0.0183800682425
32 47 0 8 0.018357526511
42 70 0 8 0.0183471925557
12 57 0 8 0.0183393526822
50 65 0 8 0.0183308143169
7 70 0 8 0.018306100741
11 70 0 8 0.0182968825102
22 61 0 8 0.0182040594518
23 67 0 8 0.0181767866015
18 51 0 8 0.0181656256318
13 32 0 8 0.0180922187865
32 42 0 8 0.0180732887238
46 71 0 8 0.0180399548262
8 54 0 8 0.01803339459
29 56 0 8 0.0180152561516
59 66 0 8 0.0179858393967
14 31 0 8 0.0179826896638
29 46 0 8 0.0179796498269
32 49 0 8 0.0179709214717
5 41 0 8 0.0179537050426
37 46 0 8 0.0179525353014
49 61 0 8 0.0178580787033
46 61 0 8 0.0178571585566
47 54 0 8 0.0178416185081
52 71 0 8 0.0178243797272
38 69 0 8 0.017810927704
49 71 0 8 0.0177884362638
26 69 0 8 0.0177813880146
26 50 0 8 0.0177669543773
51 63 0 8 0.0177172850817
13 67 0 8 0.0176990795881
27 41 0 8 0.0176937989891
41 68 0 8 0.0176876597106
38 64 0 8 0.017681106925
56 69 0 8 0.0176515411586
35 42 0 8 0.0176438186318
16 70 0 8 0.0176367368549
39 49 0 8 0.0176251679659
29 53 0 8 0.0176130831242
8 52 0 8 0.017607934773
37 47 0 8 0.0175800379366
18 50 0 8 0.017567127943
18 53 0 8 0.0175435990095
11 71 0 8 0.0175290741026
53 59 0 8 0.0174878314137
25 42 0 8 0.0174859724939
26 54 0 8 0.0174757279456
19 32 0 8 0.0174215752631
52 64 0 8 0.0174010582268
15 40 0 8 0.0174006912857
34 48 0 8 0.0173870995641
28 70 0 8 0.0173826850951
24 56 0 8 0.0173089336604
4 71 0 8 0.0173081699759
25 68 0 8 0.0172874033451
35 71 0 8 0.0172386653721
4 11 0 8 0.0172335840762
14 29 0 8 0.017215706408
39 62 0 8 0.0171147789806
38 71 0 8 0.0170870404691
41 66 0 8 0.0170799531043
24 69 0 8 0.0170715413988
23 69 0 8 0.0170453079045
14 67 0 8 0.0169824920595
29 41 0 8 0.0169415287673
34 54 0 8 0.0169411543757
30 41 0 8 0.0169194489717
31 67 0 8 0.0168741103262
8 48 0 8 0.0168214291334
29 40 0 8 0.0167694203556
50 59 0 8 0.0167560521513
51 66 0 8 0.0167126003653
40 57 0 8 0.0167080797255
42 48 0 8 0.0166852977127
26 42 0 8 0.0166627895087
24 62 0 8 0.0166370421648
40 69 0 8 0.0166306998581
31 50 0 8 0.0166004952043
32 41 0 8 0.0165589917451
49 70 0 8 0.0165527332574
14 62 0 8 0.0165124107152
34 65 0 8 0.0164916943759
21 27 0 8 0.0164702050388
27 40 0 8 0.016395740211
32 50 0 8 0.0163938887417
9 14 0 8 0.0163862388581
14 72 0 8 0.0163783635944
32 69 0 8 0.0163676962256
5 53 0 8 0.0163618158549
11 36 0 8 0.0163429863751
44 63 0 8 0.0163099654019
8 31 0 8 0.0162936393172
36 55 0 8 0.0162698812783
29 61 0 8 0.0162694137543
8 66 0 8 0.0162665303797
15 61 0 8 0.0162637829781
28 63 0 8 0.0162625629455
29 57 0 8 0.0162533801049
25 50 0 8 0.0162170082331
42 71 0 8 0.0162051897496
14 48 0 8 0.0162012595683
26 70 0 8 0.0161979999393
13 64 0 8 0.0161655396223
8 65 0 8 0.0161603242159
32 71 0 8 0.0161205697805
2 8 0 8 0.0161179155111
49 58 0 8 0.0160789340734
7 61 0 8 0.0160764772445
16 51 0 8 0.0160747803748
36 66 0 8 0.0160259827971
59 67 0 8 0.0160152856261
5 11 0 8 0.0160039346665
30 43 0 8 0.0159829761833
51 70 0 8 0.0159610304981
27 61 0 8 0.0159448478371
28 57 0 8 0.0159327834845
11 33 0 8 0.0159327406436
8 68 0 8 0.0159276407212
32 46 0 8 0.0159159488976
33 70 0 8 0.0159031301737
29 55 0 8 0.015895511955
45 71 0 8 0.0158850215375
14 66 0 8 0.015857739374
18 65 0 8 0.0158297382295
55 71 0 8 0.0158239156008
16 26 0 8 0.0158135145903
18 47 0 8 0.0157757923007
31 53 0 8 0.0157641433179
24 66 0 8 0.0157171208411
52 58 0 8 0.0157080516219
37 69 0 8 0.0156736578792
7 62 0 8 0.0156503245234
53 72 0 8 0.015646154061
53 62 0 8 0.0156273208559
58 68 0 8 0.015626013279
11 53 0 8 0.0155977355316
47 58 0 8 0.0155772035941
4 9 0 8 0.0155634703115
28 41 0 8 0.0155395772308
24 68 0 8 0.0154953096062
35 69 0 8 0.0154719687998
7 50 0 8 0.015411154367
36 69 0 8 0.0154042094946
13 47 0 8 0.0153764337301
11 46 0 8 0.0153626007959
29 64 0 8 0.0153495501727
49 60 0 8 0.0153286000714
51 64 0 8 0.0152995493263
20 69 0 8 0.0152946729213
3 71 0 8 0.0152695141733
29 70 0 8 0.0152591299266
41 70 0 8 0.0152385933325
13 66 0 8 0.0152360461652
12 40 0 8 0.0151573698968
26 58 0 8 0.0151218408719
8 61 0 8 0.015113719739
38 50 0 8 0.0151079352945
52 63 0 8 0.0150976227596
25 38 0 8 0.0150946034119
28 52 0 8 0.0150938294828
43 68 0 8 0.0150895565748
30 44 0 8 0.0150430956855
51 67 0 8 0.0150303412229
20 53 0 8 0.0150208557025
8 67 0 8 0.0150057449937
35 46 0 8 0.0150021091104
57 68 0 8 0.0149845881388
24 42 0 8 0.0149602554739
4 69 0 8 0.0149522041902
28 61 0 8 0.0149243902415
14 61 0 8 0.0149111542851
32 54 0 8 0.0149087095633
5 12 0 8 0.0148998387158
24 46 0 8 0.0148877361789
4 70 0 8 0.0148569550365
14 35 0 8 0.0148511910811
20 30 0 8 0.0148236872628
18 72 0 8 0.0148003492504
5 64 0 8 0.0147712863982
11 44 0 8 0.0147361587733
8 16 0 8 0.0147351063788
15 51 0 8 0.014699283056
13 61 0 8 0.0146983638406
19 51 0 8 0.0146959740669
5 10 0 8 0.0146794198081
33 68 0 8 0.0146644953638
45 70 0 8 0.0146202854812
26 38 0 8 0.0146034993231
5 63 0 8 0.0146012417972
6 52 0 8 0.0145888021216
15 56 0 8 0.0145600801334
41 62 0 8 0.0145508591086
37 63 0 8 0.0145378476009
7 71 0 8 0.0145360985771
19 39 0 8 0.0145057877526
27 44 0 8 0.0144984964281
24 53 0 8 0.0144920861349
40 65 0 8 0.0144783426076
23 53 0 8 0.0144569678232
10 15 0 8 0.0144393071532
38 70 0 8 0.0144214304164
24 47 0 8 0.0144163416699
12 47 0 8 0.0143942711875
37 61 0 8 0.0143873458728
29 38 0 8 0.0143835926428
11 40 0 8 0.0143779898062
48 55 0 8 0.0143558904529
20 47 0 8 0.0143361072987
65 70 0 8 0.0143028199673
22 56 0 8 0.0142905283719
47 66 0 8 0.0142799336463
42 61 0 8 0.0142548121512
7 33 0 8 0.0142350802198
33 53 0 8 0.0142322694883
27 48 0 8 0.0142249865457
15 62 0 8 0.0142228938639
28 44 0 8 0.0141697814688
64 69 0 8 0.0141646666452
33 52 0 8 0.0141560863703
42 62 0 8 0.0141107933596
23 62 0 8 0.0141003830358
12 30 0 8 0.0140925431624
44 62 0 8 0.0140820993111
53 60 0 8 0.0140805300325
14 65 0 8 0.0140799470246
34 72 0 8 0.0140784457326
8 62 0 8 0.0140697574243
51 71 0 8 0.0140653327107
23 54 0 8 0.0140555230901
37 64 0 8 0.0140501717106
20 54 0 8 0.0140436869115
24 70 0 8 0.014007281512
34 44 0 8 0.0140004074201
24 71 0 8 0.0139963850379
31 68 0 8 0.0139789385721
6 35 0 8 0.0139722824097
32 43 0 8 0.0139658711851
5 58 0 8 0.0139475306496
22 28 0 8 0.0139170754701
22 60 0 8 0.0139116514474
23 70 0 8 0.0139056742191
13 69 0 8 0.0139046469703
12 62 0 8 0.0139021240175
30 45 0 8 0.0138911986724
8 41 0 8 0.0138829126954
30 68 0 8 0.0138780828565
20 55 0 8 0.0138681475073
12 56 0 8 0.0138600962237
16 61 0 8 0.0138532221317
6 37 0 8 0.0138524789363
16 45 0 8 0.0138494055718
45 61 0 8 0.0138473659754
56 68 0 8 0.013843908906
25 70 0 8 0.0138393538073
13 34 0 8 0.0138327162713
17 53 0 8 0.0138257453218
22 70 0 8 0.0138243017718
52 65 0 8 0.0138154635206
30 53 0 8 0.0138032417744
36 71 0 8 0.0138028785586
41 71 0 8 0.0138007560745
7 46 0 8 0.013796617277
16 59 0 8 0.0137878088281
11 51 0 8 0.0137710710987
5 44 0 8 0.0137406531721
22 30 0 8 0.013723436743
35 70 0 8 0.0137194478884
7 57 0 8 0.0137074263766
35 41 0 8 0.0137031720951
47 71 0 8 0.0136987781152
47 53 0 8 0.013696490787
15 32 0 8 0.0136874755844
14 38 0 8 0.0136674512178
13 45 0 8 0.0136671354994
28 68 0 8 0.0136558273807
11 56 0 8 0.0136533668265
32 51 0 8 0.0136211691424
45 68 0 8 0.0136094428599
14 39 0 8 0.0135623663664
24 30 0 8 0.0135440574959
20 31 0 8 0.0135379489511
33 51 0 8 0.0135370893404
8 33 0 8 0.0135305952281
20 49 0 8 0.0135225532576
47 70 0 8 0.0135164102539
12 46 0 8 0.0135058593005
1 8 0 8 0.0134668946266
11 60 0 8 0.0134522682056
47 68 0 8 0.0134385684505
33 67 0 8 0.0134355081245
15 48 0 8 0.0134183717892
5 59 0 8 0.0134153487161
32 70 0 8 0.0133885657415
47 67 0 8 0.0133373280987
54 72 0 8 0.0133282886818
3 69 0 8 0.0133242635056
56 71 0 8 0.013318692334
40 63 0 8 0.0133112370968
12 72 0 8 0.0133025096729
43 71 0 8 0.0132866026834
6 40 0 8 0.0132781602442
43 48 0 8 0.0132759297267
32 68 0 8 0.0132723879069
7 40 0 8 0.0132477628067
35 52 0 8 0.0132456123829
11 52 0 8 0.0132418926805
38 67 0 8 0.0132351461798
4 68 0 8 0.0132297296077
16 56 0 8 0.0132196489722
13 33 0 8 0.0132010504603
44 49 0 8 0.0131255816668
20 71 0 8 0.0131223825738
43 70 0 8 0.0131138889119
19 62 0 8 0.0131051037461
57 70 0 8 0.0130679672584
8 14 0 8 0.013065667823
38 68 0 8 0.0130595881492
36 44 0 8 0.0130482297391
46 51 0 8 0.013036057353
5 62 0 8 0.0130345914513
14 28 0 8 0.0129838408902
25 31 0 8 0.0129803465679
5 57 0 8 0.0129766939208
14 57 0 8 0.0129611836746
56 70 0 8 0.0129552008584
35 43 0 8 0.0129472343251
25 72 0 8 0.0129231316969
37 71 0 8 0.0129098594189
52 59 0 8 0.012901683338
65 71 0 8 0.0128848366439
17 71 0 8 0.0128848003224
15 58 0 8 0.0128728756681
50 62 0 8 0.0128484498709
3 70 0 8 0.0128372907639
37 70 0 8 0.0128138894215
47 61 0 8 0.0128044355661
4 65 0 8 0.0128000183031
38 49 0 8 0.0127920182422
1 71 0 8 0.0127743566409
51 59 0 8 0.0127657782286
44 59 0 8 0.0127614466473
33 41 0 8 0.0127207264304
7 16 0 8 0.012717301026
23 72 0 8 0.0127024743706
12 44 0 8 0.0127007570118
35 49 0 8 0.0126954661682
48 69 0 8 0.0126867378131
7 43 0 8 0.0126825701445
39 72 0 8 0.0126678533852
7 53 0 8 0.0126427998766
36 47 0 8 0.0126382233575
44 71 0 8 0.0126372296363
26 67 0 8 0.0126054016873
24 72 0 8 0.0126032186672
41 49 0 8 0.0125981578603
36 54 0 8 0.0125826969743
7 38 0 8 0.0125809973106
3 72 0 8 0.0125727364793
52 72 0 8 0.0125719672069
26 68 0 8 0.0125593412668
40 68 0 8 0.0125307934359
17 28 0 8 0.0125205432996
9 54 0 8 0.012512520887
23 68 0 8 0.0125120207667
4 15 0 8 0.0124892760068
6 48 0 8 0.0124804163352
1 72 0 8 0.0124430125579
16 24 0 8 0.0124345663935
5 33 0 8 0.0123897343874
44 69 0 8 0.0123546002433
6 41 0 8 0.0123405056074
25 60 0 8 0.0123377032578
63 68 0 8 0.0123218977824
41 72 0 8 0.0123124718666
59 68 0 8 0.0122975716367
18 56 0 8 0.0122957248241
24 57 0 8 0.0122500481084
46 58 0 8 0.0122455656528
5 49 0 8 0.0122428555042
20 50 0 8 0.0122387101874
33 72 0 8 0.0122260972857
36 70 0 8 0.0122258905321
37 65 0 8 0.0122241107747
4 45 0 8 0.0122120659798
37 48 0 8 0.0121853193268
5 61 0 8 0.0121722919866
40 71 0 8 0.0121526177973
4 64 0 8 0.0121414614841
22 71 0 8 0.0121109588072
43 57 0 8 0.0120977759361
6 44 0 8 0.0120811853558
29 34 0 8 0.012079785578
52 61 0 8 0.0120748812333
16 42 0 8 0.0120742842555
17 69 0 8 0.0120423706248
8 15 0 8 0.0120317498222
33 47 0 8 0.0120220780373
4 10 0 8 0.0120195243508
34 61 0 8 0.0120076611638
2 72 0 8 0.0119983311743
31 65 0 8 0.011990306899
8 58 0 8 0.0119874207303
17 64 0 8 0.0119722047821
9 48 0 8 0.0119663290679
3 11 0 8 0.0119575932622
58 69 0 8 0.0119370194152
27 56 0 8 0.0119315609336
13 37 0 8 0.0118768466637
5 52 0 8 0.0118631888181
6 36 0 8 0.0118388319388
26 52 0 8 0.0118347601965
4 14 0 8 0.0118321552873
2 10 0 8 0.0118289450184
11 50 0 8 0.0117938816547
15 72 0 8 0.0117800515145
29 66 0 8 0.0117433173582
44 58 0 8 0.0117418058217
2 11 0 8 0.0117315128446
20 59 0 8 0.0117259314284
35 53 0 8 0.0117070972919
29 60 0 8 0.0116970883682
3 45 0 8 0.0116967679933
48 57 0 8 0.0116876661777
19 61 0 8 0.0116457864642
10 45 0 8 0.0116352085024
17 22 0 8 0.0116207739338
20 51 0 8 0.0116099016741
21 28 0 8 0.0116034364328
8 70 0 8 0.0115940663964
25 33 0 8 0.011585582979
16 32 0 8 0.0115685211495
2 71 0 8 0.0115338889882
17 57 0 8 0.0115200998262
10 69 0 8 0.0115054482594
5 65 0 8 0.0114805232733
3 14 0 8 0.0114800250158
8 38 0 8 0.0114543447271
2 70 0 8 0.0114466799423
13 71 0 8 0.0114403795451
40 70 0 8 0.0114170312881
48 61 0 8 0.0114046530798
14 49 0 8 0.0113814258948
23 61 0 8 0.0113769089803
22 66 0 8 0.0113751878962
33 64 0 8 0.0113705182448
26 72 0 8 0.0113697564229
12 27 0 8 0.0113674784079
10 36 0 8 0.0113612264395
20 52 0 8 0.0113602196798
8 71 0 8 0.0113295745105
3 9 0 8 0.0113185709342
35 45 0 8 0.0113035868853
6 14 0 8 0.0113024730235
7 51 0 8 0.0112950904295
5 69 0 8 0.0112892873585
22 69 0 8 0.0112676247954
25 43 0 8 0.0112657975405
37 66 0 8 0.0112652555108
35 47 0 8 0.0112562095746
17 26 0 8 0.0112502872944
10 54 0 8 0.0112464483827
9 67 0 8 0.01124310866
5 47 0 8 0.0112311346456
47 52 0 8 0.0112303514034
5 48 0 8 0.0112215755507
22 49 0 8 0.0112150590867
44 70 0 8 0.0111860865727
4 44 0 8 0.0111857708544
1 70 0 8 0.011179164052
32 55 0 8 0.0111377676949
14 45 0 8 0.0111078722402
3 68 0 8 0.0110885873437
13 70 0 8 0.0110836429521
10 63 0 8 0.0110832918435
45 62 0 8 0.0110812857747
5 14 0 8 0.0110575407743
33 43 0 8 0.0110534317791
32 45 0 8 0.0110431620851
23 45 0 8 0.0110428864136
23 46 0 8 0.0110001573339
29 47 0 8 0.0109902694821
22 72 0 8 0.010977816768
20 65 0 8 0.0109739499167
29 68 0 8 0.0109648089856
30 57 0 8 0.0109551427886
22 54 0 8 0.0109464256093
4 63 0 8 0.0109444074333
3 10 0 8 0.0109168011695
55 72 0 8 0.0109072644264
47 63 0 8 0.0109021170065
40 61 0 8 0.0109014064074
19 48 0 8 0.0108554456383
14 32 0 8 0.0108395433053
35 68 0 8 0.010828868486
28 72 0 8 0.010821367614
50 72 0 8 0.0107966251671
30 48 0 8 0.0107720503584
36 43 0 8 0.0107580907643
5 68 0 8 0.0107563659549
14 56 0 8 0.010689127259
33 55 0 8 0.0106887351722
1 9 0 8 0.0106839900836
37 49 0 8 0.0106701850891
5 71 0 8 0.0106493253261
51 72 0 8 0.0106443474069
18 32 0 8 0.0106271775439
49 62 0 8 0.0106007233262
26 31 0 8 0.0105922650546
7 72 0 8 0.0105799688026
14 27 0 8 0.0105684893206
48 64 0 8 0.0105561604723
20 70 0 8 0.0105521762744
51 61 0 8 0.0105441492051
17 29 0 8 0.0105332797393
3 12 0 8 0.0105318780988
35 72 0 8 0.0105178598315
21 62 0 8 0.0105047021061
20 61 0 8 0.0104847671464
15 38 0 8 0.0104263937101
34 57 0 8 0.0104234917089
29 67 0 8 0.0104213971645
23 32 0 8 0.0104198325425
20 38 0 8 0.0104077346623
4 72 0 8 0.0104038752615
41 61 0 8 0.010401067324
4 38 0 8 0.0103981960565
2 9 0 8 0.0103963958099
16 43 0 8 0.0103932572529
7 58 0 8 0.0103765605018
39 57 0 8 0.0103750089183
1 10 0 8 0.0103624928743
12 36 0 8 0.0103620719165
10 64 0 8 0.0103446729481
51 65 0 8 0.0103381974623
52 60 0 8 0.0103198504075
2 14 0 8 0.0103175379336
23 47 0 8 0.0103171430528
5 38 0 8 0.0103155951947
2 68 0 8 0.0103132044896
29 72 0 8 0.0102993045002
20 46 0 8 0.0102987503633
44 57 0 8 0.0102866115049
6 62 0 8 0.0102750295773
16 38 0 8 0.0102738756686
50 60 0 8 0.0102560240775
10 34 0 8 0.010243659839
16 57 0 8 0.0102222990245
10 37 0 8 0.0102212084457
49 59 0 8 0.0102166356519
4 66 0 8 0.0101945707574
16 62 0 8 0.0101668648422
2 12 0 8 0.010157790035
35 44 0 8 0.0101559050381
11 35 0 8 0.010155018419
17 30 0 8 0.0101534752175
1 68 0 8 0.0101429419592
22 68 0 8 0.0101428329945
30 50 0 8 0.0101417023689
22 46 0 8 0.0101414099336
5 70 0 8 0.0101376343518
4 67 0 8 0.0101186456159
21 52 0 8 0.0101014189422
17 25 0 8 0.0100588947535
1 69 0 8 0.0100287273526
37 67 0 8 0.010028205812
31 51 0 8 0.0100203705952
31 48 0 8 0.00999975390732
27 51 0 8 0.00999619439244
2 69 0 8 0.00998783111572
16 36 0 8 0.00997306592762
5 37 0 8 0.00996481068432
16 72 0 8 0.00996100157499
17 52 0 8 0.00994183402508
24 45 0 8 0.00993933249265
8 40 0 8 0.00992592610419
13 48 0 8 0.00992375146598
40 50 0 8 0.0099139502272
8 53 0 8 0.00991198979318
38 66 0 8 0.00990010146052
13 57 0 8 0.00989847443998
47 62 0 8 0.00987636763602
31 63 0 8 0.00986358523369
13 72 0 8 0.00984903797507
23 48 0 8 0.00984618719667
4 43 0 8 0.00980205181986
29 65 0 8 0.00976901687682
33 50 0 8 0.00975693855435
8 44 0 8 0.0097517427057
32 66 0 8 0.00975083652884
48 56 0 8 0.00973167270422
21 61 0 8 0.00971613079309
32 53 0 8 0.00970352254808
18 61 0 8 0.00968767609447
33 48 0 8 0.00967942643911
36 67 0 8 0.00967798754573
24 48 0 8 0.00967361405492
45 55 0 8 0.00966020673513
2 45 0 8 0.00965930800885
48 71 0 8 0.00965631194413
20 33 0 8 0.00962070841342
52 62 0 8 0.00960755627602
35 50 0 8 0.00959057826549
44 68 0 8 0.00958969537169
36 68 0 8 0.00958214886487
38 72 0 8 0.00957833044231
4 50 0 8 0.00957365334034
37 72 0 8 0.00956169702113
14 58 0 8 0.00952973403037
5 42 0 8 0.00952821783721
7 59 0 8 0.0095185963437
17 49 0 8 0.00950553640723
45 72 0 8 0.00945228151977
17 70 0 8 0.00944980420172
11 72 0 8 0.00944873318076
36 64 0 8 0.00944418180734
39 61 0 8 0.00944011472166
42 72 0 8 0.00943752937019
22 67 0 8 0.00942577142268
19 43 0 8 0.00940365251154
6 63 0 8 0.0094003751874
4 34 0 8 0.00939026102424
14 50 0 8 0.00937332771719
3 66 0 8 0.00936227478087
24 31 0 8 0.00935609824955
57 71 0 8 0.0093322051689
45 58 0 8 0.00933122169226
9 34 0 8 0.00932202767581
25 58 0 8 0.00928602553904
2 44 0 8 0.00927485059947
1 12 0 8 0.00927450042218
36 72 0 8 0.00926428753883
9 64 0 8 0.0092616006732
10 61 0 8 0.00925721880049
38 65 0 8 0.00925431028008
20 68 0 8 0.00925228651613
16 58 0 8 0.00923762377352
13 38 0 8 0.00923034362495
37 50 0 8 0.009227915667
13 51 0 8 0.00922774523497
17 62 0 8 0.00920921377838
60 67 0 8 0.0091946022585
14 60 0 8 0.0091856578365
41 57 0 8 0.00918087549508
37 68 0 8 0.0091724479571
8 55 0 8 0.00916523113847
45 56 0 8 0.00913934223354
4 61 0 8 0.00913505069911
33 57 0 8 0.00913046300411
43 72 0 8 0.00912985019386
4 62 0 8 0.00912035256624
35 67 0 8 0.00910850055516
7 56 0 8 0.00910813547671
13 31 0 8 0.00910064205527
29 50 0 8 0.00909907650203
3 65 0 8 0.00909412093461
10 62 0 8 0.00908447895199
13 35 0 8 0.0090781673789
42 58 0 8 0.00906812213361
20 40 0 8 0.0090672140941
7 60 0 8 0.00906168017536
36 51 0 8 0.00900376029313
6 69 0 8 0.00899746641517
12 58 0 8 0.00898131076247
44 55 0 8 0.00896492227912
41 59 0 8 0.00894957315177
48 70 0 8 0.008947907947
12 37 0 8 0.0089416988194
6 49 0 8 0.00894061662257
11 27 0 8 0.008923208341
1 14 0 8 0.00888675637543
16 48 0 8 0.00887888018042
14 36 0 8 0.00886972434819
29 52 0 8 0.00886698719114
60 68 0 8 0.00884896982461
8 59 0 8 0.00884070526809
27 72 0 8 0.00884027406573
6 57 0 8 0.00881990883499
8 57 0 8 0.00881678704172
51 62 0 8 0.00881360005587
5 60 0 8 0.00881109666079
29 62 0 8 0.00877556577325
10 41 0 8 0.00876209605485
3 41 0 8 0.00875480193645
32 72 0 8 0.008754148148
43 60 0 8 0.0087214121595
9 62 0 8 0.00872099213302
10 68 0 8 0.00867243111134
4 36 0 8 0.00864645000547
9 45 0 8 0.0086359931156
39 52 0 8 0.00863444153219
3 44 0 8 0.00860692933202
40 49 0 8 0.00859224610031
8 47 0 8 0.0085838586092
6 61 0 8 0.00857883226126
22 53 0 8 0.00855120364577
8 50 0 8 0.00855119246989
24 60 0 8 0.00854547787458
4 41 0 8 0.00854317564517
4 53 0 8 0.00854027271271
6 71 0 8 0.00853073690087
35 51 0 8 0.00851342827082
4 37 0 8 0.0085085388273
22 50 0 8 0.00850679725409
5 40 0 8 0.00850298535079
24 59 0 8 0.00849168840796
7 18 0 8 0.0084899906069
46 62 0 8 0.0084808152169
21 32 0 8 0.00846953131258
16 35 0 8 0.008469523862
22 65 0 8 0.00845597591251
42 57 0 8 0.00845096353441
28 58 0 8 0.0084296008572
5 72 0 8 0.0084282187745
25 44 0 8 0.00841998960823
12 38 0 8 0.00838967505842
33 45 0 8 0.00838274415582
13 50 0 8 0.00837246421725
10 70 0 8 0.00836900062859
11 29 0 8 0.0083560552448
40 62 0 8 0.00835152063519
9 44 0 8 0.00830244272947
61 68 0 8 0.00830134842545
25 59 0 8 0.00830121804029
10 55 0 8 0.00826935656369
23 55 0 8 0.00825973507017
4 52 0 8 0.00824851263314
28 59 0 8 0.0082177259028
40 72 0 8 0.0082085095346
21 69 0 8 0.00818994361907
23 56 0 8 0.0081752371043
47 65 0 8 0.0081604430452
17 55 0 8 0.00815921183676
20 56 0 8 0.00815152842551
2 67 0 8 0.00813421327621
31 72 0 8 0.00812880974263
41 60 0 8 0.00812034867704
4 49 0 8 0.0081123681739
4 48 0 8 0.00809806119651
27 58 0 8 0.00809611566365
13 42 0 8 0.00808061379939
28 33 0 8 0.00806087441742
48 67 0 8 0.00805735588074
13 63 0 8 0.00803562719375
2 65 0 8 0.00800817459822
4 16 0 8 0.00799777545035
17 24 0 8 0.00799109321088
6 66 0 8 0.00798678956926
2 62 0 8 0.00797593872994
8 49 0 8 0.00795719120651
2 66 0 8 0.00794055499136
47 59 0 8 0.00791877228767
25 52 0 8 0.00791033357382
9 63 0 8 0.00790348369628
48 68 0 8 0.00790091603994
30 61 0 8 0.00789597630501
39 48 0 8 0.00788393989205
17 50 0 8 0.00787740387022
3 50 0 8 0.00786678958684
28 37 0 8 0.00786247756332
9 51 0 8 0.00782305840403
3 64 0 8 0.00780518725514
9 57 0 8 0.00775566510856
9 36 0 8 0.00775354821235
17 72 0 8 0.00772598059848
2 41 0 8 0.00772418547422
32 44 0 8 0.00771953444928
47 60 0 8 0.00771881174296
4 55 0 8 0.00770584959537
10 65 0 8 0.00770296948031
21 64 0 8 0.00769640458748
4 13 0 8 0.00769360829145
29 44 0 8 0.00768413441256
30 72 0 8 0.00765065103769
4 54 0 8 0.00764675671235
2 63 0 8 0.00763468816876
8 60 0 8 0.00762856379151
10 67 0 8 0.00762766832486
9 61 0 8 0.00762417865917
22 57 0 8 0.00762114161626
21 71 0 8 0.00760894361883
25 45 0 8 0.00760332867503
10 56 0 8 0.00760245090351
33 44 0 8 0.00757977319881
25 51 0 8 0.00757956877351
13 68 0 8 0.00757774338126
24 51 0 8 0.00757610471919
4 42 0 8 0.00757096894085
41 58 0 8 0.00756539218128
8 35 0 8 0.00755226472393
30 51 0 8 0.00754524488002
26 45 0 8 0.00753332069144
6 70 0 8 0.00750953238457
6 68 0 8 0.00749449664727
17 31 0 8 0.00749080860987
10 71 0 8 0.00747628090903
10 72 0 8 0.00746981566772
42 60 0 8 0.00745551800355
4 51 0 8 0.00744988163933
11 32 0 8 0.00742270750925
38 62 0 8 0.00741365971044
20 58 0 8 0.00738791329786
13 49 0 8 0.00738447392359
3 67 0 8 0.00737784616649
35 64 0 8 0.007369347848
31 45 0 8 0.00736505864188
29 58 0 8 0.00736481463537
6 64 0 8 0.00736365746707
13 62 0 8 0.00735079683363
23 51 0 8 0.00733882375062
29 59 0 8 0.00733669102192
44 60 0 8 0.00732978340238
10 58 0 8 0.00732372142375
10 66 0 8 0.00732015864924
44 72 0 8 0.00730686495081
33 61 0 8 0.00730104278773
8 56 0 8 0.00729722157121
5 32 0 8 0.00728994049132
58 70 0 8 0.00725799007341
51 60 0 8 0.00725715886801
3 37 0 8 0.00721618020907
18 38 0 8 0.00719098234549
17 66 0 8 0.00718206865713
43 59 0 8 0.00717783346772
21 63 0 8 0.00717539759353
1 11 0 8 0.00716939428821
6 56 0 8 0.00714584672824
13 39 0 8 0.00714322552085
12 17 0 8 0.00713904993609
16 41 0 8 0.00713862106204
19 57 0 8 0.00713651906699
49 72 0 8 0.00711770076305
21 57 0 8 0.00711509305984
13 36 0 8 0.0070821098052
21 70 0 8 0.00708201946691
3 43 0 8 0.00708182156086
2 13 0 8 0.00707422755659
17 48 0 8 0.00706847570837
3 63 0 8 0.00704702548683
20 32 0 8 0.00704228924587
17 32 0 8 0.00702207162976
13 65 0 8 0.00700552994385
10 57 0 8 0.00699072796851
48 66 0 8 0.00698694214225
39 56 0 8 0.00698492769152
28 45 0 8 0.00696981931105
4 47 0 8 0.00693982094526
31 57 0 8 0.00693668052554
24 44 0 8 0.00693363556638
19 72 0 8 0.00692972308025
2 51 0 8 0.00692941155285
2 64 0 8 0.00692300964147
33 63 0 8 0.0069123073481
6 72 0 8 0.00690422346815
36 53 0 8 0.00689103733748
4 17 0 8 0.00689002592117
11 30 0 8 0.00688747176901
16 40 0 8 0.00687097152695
57 72 0 8 0.00687076011673
4 56 0 8 0.00685724103823
23 57 0 8 0.00683719152585
3 16 0 8 0.00681983865798
22 43 0 8 0.0068130758591
17 67 0 8 0.00680727045983
26 48 0 8 0.00680117029697
15 60 0 8 0.00677616009489
5 43 0 8 0.00676342798397
48 72 0 8 0.00675498601049
15 41 0 8 0.00674217892811
32 57 0 8 0.00674197124317
17 68 0 8 0.00673869578168
42 59 0 8 0.00673544453457
10 49 0 8 0.00673076976091
29 43 0 8 0.00672786636278
6 55 0 8 0.00672224117443
47 72 0 8 0.00672080786899
6 67 0 8 0.00671658851206
17 54 0 8 0.00671641388908
8 37 0 8 0.0067054098472
66 72 0 8 0.00670349178836
1 44 0 8 0.00670154532418
21 54 0 8 0.00669880351052
5 36 0 8 0.00668886117637
14 19 0 8 0.00668458547443
3 62 0 8 0.00668264785782
4 33 0 8 0.00668041687459
16 21 0 8 0.00667616864666
6 65 0 8 0.00667553627864
17 61 0 8 0.0066752708517
5 13 0 8 0.00667144311592
45 50 0 8 0.00666916184127
5 31 0 8 0.00666049635038
5 39 0 8 0.00666049309075
14 25 0 8 0.00665349606425
21 53 0 8 0.00663330964744
6 60 0 8 0.00663329660892
48 58 0 8 0.00663050450385
5 17 0 8 0.00662687793374
58 71 0 8 0.00661964341998
4 60 0 8 0.00661690346897
4 35 0 8 0.0065652159974
10 33 0 8 0.00655104685575
12 60 0 8 0.00654727732763
17 56 0 8 0.00649662921205
9 58 0 8 0.00649547856301
36 61 0 8 0.00648818025365
9 49 0 8 0.00646943598986
3 48 0 8 0.00646256515756
17 35 0 8 0.00646117515862
5 34 0 8 0.00645917095244
29 37 0 8 0.00645560398698
33 58 0 8 0.0064471126534
20 72 0 8 0.0064457571134
15 35 0 8 0.00643790699542
38 63 0 8 0.00642941845581
14 59 0 8 0.00642823660746
32 48 0 8 0.00642319815233
10 44 0 8 0.00639117276296
38 55 0 8 0.00636404985562
4 57 0 8 0.00633387779817
10 38 0 8 0.00632769893855
42 55 0 8 0.00632712896913
56 72 0 8 0.00632554618642
2 17 0 8 0.00632242066786
32 67 0 8 0.00631506182253
45 59 0 8 0.00629944028333
18 44 0 8 0.00629280833527
34 60 0 8 0.00628006551415
18 45 0 8 0.00626960815862
35 54 0 8 0.00625800015405
14 37 0 8 0.00625433027744
25 48 0 8 0.00625318335369
30 56 0 8 0.00622903043404
15 24 0 8 0.00621971255168
21 66 0 8 0.00620336737484
8 72 0 8 0.00617674970999
43 58 0 8 0.00617156224325
31 56 0 8 0.00614287052304
28 48 0 8 0.00613397173584
30 58 0 8 0.00613342784345
12 59 0 8 0.00612151948735
5 16 0 8 0.00612128106877
26 59 0 8 0.00611215271056
28 65 0 8 0.00608643190935
29 45 0 8 0.00608308985829
1 45 0 8 0.00606228690594
34 62 0 8 0.00605286983773
1 67 0 8 0.00604939134791
9 65 0 8 0.00604240223765
9 52 0 8 0.00602771434933
20 62 0 8 0.00602121232077
22 58 0 8 0.00600813049823
6 58 0 8 0.00600130250677
32 61 0 8 0.00599277252331
48 59 0 8 0.00599270965904
2 48 0 8 0.00599245168269
46 72 0 8 0.00599137507379
1 65 0 8 0.00599127588794
2 43 0 8 0.00598323019221
5 50 0 8 0.00598021689802
35 48 0 8 0.00593171268702
5 56 0 8 0.00592673523352
36 65 0 8 0.00592672452331
3 51 0 8 0.00592244695872
39 51 0 8 0.00591098470613
22 59 0 8 0.00590695440769
4 58 0 8 0.00590485427529
42 51 0 8 0.00589704187587
45 60 0 8 0.00589295383543
9 35 0 8 0.00588488625363
6 34 0 8 0.00586372893304
13 28 0 8 0.00585943600163
20 42 0 8 0.00585681386292
22 39 0 8 0.00584904011339
3 17 0 8 0.00584604078904
41 48 0 8 0.00583553314209
6 13 0 8 0.00583552476019
21 33 0 8 0.00581942405552
24 33 0 8 0.00581648107618
26 60 0 8 0.00581100489944
35 66 0 8 0.00580926984549
8 51 0 8 0.00580814061686
3 38 0 8 0.00580599624664
13 44 0 8 0.0058018527925
10 39 0 8 0.00578923057765
3 53 0 8 0.00575234601274
26 40 0 8 0.00573188485578
1 63 0 8 0.00570417335257
32 65 0 8 0.00569817237556
20 48 0 8 0.00569655979052
3 52 0 8 0.00568921817467
6 43 0 8 0.00568762701005
4 46 0 8 0.00568555900827
46 59 0 8 0.005677531939
14 26 0 8 0.00567040545866
1 17 0 8 0.00566413905472
8 43 0 8 0.00562062533572
17 65 0 8 0.00561863509938
33 56 0 8 0.00560194253922
22 55 0 8 0.00560076301917
8 46 0 8 0.00559603516012
5 51 0 8 0.00558577803895
33 65 0 8 0.0055812378414
2 50 0 8 0.00558004993945
48 63 0 8 0.00557959219441
3 42 0 8 0.00557848112658
21 72 0 8 0.00557414162904
9 53 0 8 0.0055716894567
32 64 0 8 0.00556934904307
2 47 0 8 0.00556427054107
2 18 0 8 0.00556425703689
3 18 0 8 0.00554766179994
1 62 0 8 0.00553760863841
6 59 0 8 0.00553501257673
9 56 0 8 0.00552012398839
8 32 0 8 0.00549578899518
42 53 0 8 0.00548695027828
17 63 0 8 0.00548538938165
32 56 0 8 0.00547997327521
4 32 0 8 0.00545450020581
4 39 0 8 0.00544065283611
9 66 0 8 0.00543808378279
21 50 0 8 0.00543609820306
9 68 0 8 0.00543274730444
12 29 0 8 0.00542961806059
9 69 0 8 0.00542286830023
39 55 0 8 0.00541854137555
2 40 0 8 0.00541777582839
30 62 0 8 0.00541315274313
21 68 0 8 0.00538431480527
23 33 0 8 0.00537727400661
2 56 0 8 0.00537143461406
34 56 0 8 0.00536997709423
6 38 0 8 0.00535731622949
1 13 0 8 0.0053521967493
10 60 0 8 0.00535193504766
38 48 0 8 0.00533389719203
15 59 0 8 0.00530711282045
13 56 0 8 0.00530705275014
23 60 0 8 0.00530055211857
31 61 0 8 0.00527514517307
9 33 0 8 0.00526118418202
1 66 0 8 0.00525835249573
44 56 0 8 0.00525372009724
22 45 0 8 0.00524907745421
2 52 0 8 0.00524172000587
3 56 0 8 0.00522879464552
3 61 0 8 0.00521312793717
1 64 0 8 0.00521085085347
28 60 0 8 0.00521084805951
29 48 0 8 0.00520698400214
9 60 0 8 0.00520685035735
29 51 0 8 0.00520430738106
24 43 0 8 0.00519818812609
10 51 0 8 0.00519698485732
3 15 0 8 0.00518971541896
21 65 0 8 0.00518661923707
9 41 0 8 0.0051754466258
59 69 0 8 0.00517322542146
26 51 0 8 0.00516736833379
41 50 0 8 0.0051658754237
4 59 0 8 0.00516491290182
23 58 0 8 0.00516163790599
9 70 0 8 0.00515468139201
36 48 0 8 0.00513311009854
10 42 0 8 0.00512847816572
6 53 0 8 0.00512601435184
6 51 0 8 0.00512040220201
17 58 0 8 0.00512021081522
14 44 0 8 0.00511839892715
1 41 0 8 0.00511184940115
20 57 0 8 0.00510887010023
37 53 0 8 0.0051050321199
13 43 0 8 0.00509133329615
10 59 0 8 0.00508923223242
13 53 0 8 0.00505361938849
35 65 0 8 0.00503029441461
25 39 0 8 0.00500228488818
10 48 0 8 0.00498987548053
1 51 0 8 0.00498800771311
3 54 0 8 0.00498363887891
1 20 0 8 0.00497305439785
10 35 0 8 0.0049696508795
9 55 0 8 0.00496494397521
18 60 0 8 0.00494160875678
1 16 0 8 0.00494134658948
2 38 0 8 0.00493413256481
22 47 0 8 0.00492882309482
6 50 0 8 0.00492688035592
9 39 0 8 0.00492171663791
9 43 0 8 0.0049183992669
23 34 0 8 0.00488727260381
23 42 0 8 0.00488281715661
18 58 0 8 0.00486540375277
40 48 0 8 0.00485337618738
6 15 0 8 0.00485052634031
37 52 0 8 0.00483744451776
6 39 0 8 0.00482693314552
34 58 0 8 0.00482390169054
7 17 0 8 0.00482339551672
6 42 0 8 0.00480848830193
1 18 0 8 0.00480778981
12 26 0 8 0.00480534043163
19 56 0 8 0.00480383588001
20 60 0 8 0.0048014880158
17 59 0 8 0.00479621626437
23 43 0 8 0.00476003857329
9 47 0 8 0.00475827883929
16 60 0 8 0.00475045200437
28 36 0 8 0.00473579159006
3 47 0 8 0.00473491055891
3 40 0 8 0.00471402704716
10 52 0 8 0.00470881722867
31 58 0 8 0.00470362184569
21 46 0 8 0.00469360733405
26 43 0 8 0.00469061220065
2 53 0 8 0.00468109594658
20 34 0 8 0.00467572268099
1 43 0 8 0.00467310473323
26 41 0 8 0.0046724351123
21 55 0 8 0.00467192055658
10 46 0 8 0.00466508511454
3 57 0 8 0.00465815560892
9 59 0 8 0.00464608892798
43 55 0 8 0.00463903788477
4 40 0 8 0.00463606417179
3 35 0 8 0.00463431281969
21 29 0 8 0.00463346857578
4 18 0 8 0.00463221501559
27 59 0 8 0.00462974235415
21 51 0 8 0.0046239932999
14 40 0 8 0.00461176922545
2 57 0 8 0.00460690585896
13 52 0 8 0.00459012156352
3 13 0 8 0.0045854956843
1 48 0 8 0.00457352772355
13 58 0 8 0.00457207998261
21 30 0 8 0.0045535992831
1 52 0 8 0.00455092824996
45 54 0 8 0.0045501855202
3 55 0 8 0.00454983580858
23 44 0 8 0.00454534590244
13 26 0 8 0.00452711666003
3 58 0 8 0.00450976286083
3 49 0 8 0.00450929626822
64 70 0 8 0.00449792901054
13 40 0 8 0.0044953036122
9 37 0 8 0.00448288256302
24 39 0 8 0.00448062317446
26 44 0 8 0.00447917031124
16 23 0 8 0.00447671115398
17 47 0 8 0.00446442142129
11 48 0 8 0.00446156365797
25 34 0 8 0.0044520450756
48 60 0 8 0.00444834167138
11 19 0 8 0.0044334619306
2 54 0 8 0.00443287054077
2 55 0 8 0.00441821897402
27 60 0 8 0.00438624527305
3 60 0 8 0.00437699677423
18 36 0 8 0.0043586245738
2 20 0 8 0.00435032043606
46 60 0 8 0.00434365635738
2 60 0 8 0.00434222538024
34 59 0 8 0.00433301972225
14 41 0 8 0.00433225091547
5 15 0 8 0.0043291375041
6 33 0 8 0.00431193737313
19 58 0 8 0.00429433071986
40 55 0 8 0.00428920798004
9 71 0 8 0.00427132192999
2 61 0 8 0.00425912253559
22 51 0 8 0.00425853999332
9 40 0 8 0.00424679229036
3 20 0 8 0.00423991400748
22 42 0 8 0.00423719082028
21 67 0 8 0.00423447368667
21 56 0 8 0.00421742396429
63 71 0 8 0.00421544816345
13 27 0 8 0.00420117238536
9 72 0 8 0.00419374834746
20 39 0 8 0.0041914167814
38 53 0 8 0.0041905734688
2 58 0 8 0.00418394245207
58 72 0 8 0.00418225396425
16 37 0 8 0.00417226646096
2 16 0 8 0.00417104642838
1 56 0 8 0.00415524560958
9 38 0 8 0.00415125163272
17 34 0 8 0.00415021087974
13 59 0 8 0.00412540417165
10 43 0 8 0.00411903252825
1 50 0 8 0.00410677073523
6 47 0 8 0.00410520518199
64 71 0 8 0.00410206755623
21 47 0 8 0.00409149797633
1 40 0 8 0.00408572144806
21 44 0 8 0.00407367059961
1 53 0 8 0.00407298374921
3 59 0 8 0.00407041050494
22 31 0 8 0.00406973343343
2 15 0 8 0.00406182091683
21 45 0 8 0.00406107492745
18 59 0 8 0.00405956478789
2 37 0 8 0.00404746038839
39 58 0 8 0.00404266919941
20 44 0 8 0.00402424391359
2 33 0 8 0.00401773583144
46 52 0 8 0.00401089340448
2 59 0 8 0.00400257203728
25 40 0 8 0.00399721646681
13 30 0 8 0.00398513861001
35 56 0 8 0.00398425478488
19 44 0 8 0.00398383429274
19 60 0 8 0.00396923720837
20 45 0 8 0.00395960081369
3 46 0 8 0.00395585829392
43 49 0 8 0.00395565899089
19 36 0 8 0.00395028386265
62 70 0 8 0.00394858047366
35 55 0 8 0.00394224841148
37 57 0 8 0.00393588561565
7 32 0 8 0.00393527094275
32 59 0 8 0.003931902349
33 59 0 8 0.00392796006054
22 48 0 8 0.00392731837928
21 60 0 8 0.00392659241334
1 37 0 8 0.00391808804125
10 47 0 8 0.00389335211366
2 42 0 8 0.00388561142609
42 56 0 8 0.00387633172795
13 18 0 8 0.00387578108348
23 59 0 8 0.00387458829209
37 60 0 8 0.00385531596839
10 40 0 8 0.00384907098487
15 37 0 8 0.00384865421802
31 62 0 8 0.0038456551265
22 44 0 8 0.00384168606251
59 70 0 8 0.00383661082014
21 49 0 8 0.00381385278888
35 61 0 8 0.00380327110179
3 39 0 8 0.00380100961775
13 46 0 8 0.00380020984448
38 58 0 8 0.00374749395996
36 52 0 8 0.00374628906138
17 46 0 8 0.00374271348119
37 62 0 8 0.00374259613454
3 33 0 8 0.00372252217494
2 36 0 8 0.00369879277423
48 65 0 8 0.00364424823783
1 47 0 8 0.00362894893624
4 28 0 8 0.00362428626977
21 48 0 8 0.00362092675641
38 51 0 8 0.00360461347736
46 53 0 8 0.00359832495451
32 58 0 8 0.00357807660475
30 60 0 8 0.00357071426697
19 38 0 8 0.00356907909736
10 53 0 8 0.00350977689959
1 61 0 8 0.00349414511584
16 44 0 8 0.00348314270377
27 34 0 8 0.00347767863423
3 36 0 8 0.0034695493523
36 63 0 8 0.00345769431442
37 59 0 8 0.00339841563255
3 34 0 8 0.00338647607714
6 17 0 8 0.00337722548284
1 60 0 8 0.00337223592214
30 59 0 8 0.00334392045625
1 58 0 8 0.00333598256111
1 55 0 8 0.0033327578567
15 20 0 8 0.00332077336498
9 42 0 8 0.00331988977268
1 59 0 8 0.00331474537961
63 70 0 8 0.00331421452574
27 37 0 8 0.00330348336138
40 60 0 8 0.00329449004494
10 32 0 8 0.00328876124695
35 63 0 8 0.00328746880405
1 33 0 8 0.00327547872439
1 57 0 8 0.00327102933079
10 50 0 8 0.00325472443365
5 46 0 8 0.00322719756514
2 22 0 8 0.00321988598444
2 49 0 8 0.00321638816968
2 46 0 8 0.00321502750739
2 35 0 8 0.00321341282688
4 29 0 8 0.0031934150029
19 41 0 8 0.00317872827873
29 36 0 8 0.00317720114253
13 29 0 8 0.00317262555473
24 41 0 8 0.00316431792453
39 53 0 8 0.00315563334152
40 58 0 8 0.00314221321605
41 55 0 8 0.00312944618054
1 22 0 8 0.00310958921909
65 72 0 8 0.00310852681287
60 71 0 8 0.00310334004462
21 59 0 8 0.00308800325729
1 54 0 8 0.00308457622305
32 63 0 8 0.0030745996628
62 68 0 8 0.00306169595569
19 59 0 8 0.00305557902902
40 56 0 8 0.00305335177109
1 35 0 8 0.00302905449644
38 52 0 8 0.0030251215212
7 30 0 8 0.00301765115
48 62 0 8 0.00301647908054
40 59 0 8 0.00300575443543
1 15 0 8 0.00299060018733
60 69 0 8 0.00296723656356
38 57 0 8 0.00295514636673
11 28 0 8 0.00295453658327
33 62 0 8 0.00295340898447
37 54 0 8 0.00295049976557
2 21 0 8 0.00294258468784
1 38 0 8 0.00294124335051
35 59 0 8 0.00293528940529
17 60 0 8 0.00292797200382
32 60 0 8 0.00292782019824
22 34 0 8 0.00292450073175
25 36 0 8 0.00292311352678
13 60 0 8 0.00292069208808
2 34 0 8 0.00290244421922
14 43 0 8 0.00289166043513
3 22 0 8 0.00287635880522
21 58 0 8 0.00285736401565
41 56 0 8 0.00284064235166
60 70 0 8 0.00282604806125
24 32 0 8 0.00280885328539
38 54 0 8 0.00279705272987
40 51 0 8 0.00277763814665
29 35 0 8 0.00277393590659
39 59 0 8 0.00276685762219
2 32 0 8 0.00275370432064
1 32 0 8 0.00274440576322
4 20 0 8 0.00273148762062
4 19 0 8 0.00272382958792
22 32 0 8 0.00272059440613
23 41 0 8 0.00272014318034
4 22 0 8 0.00271691638045
15 23 0 8 0.00270503526554
43 51 0 8 0.0027007216122
44 52 0 8 0.00268667307682
20 36 0 8 0.00268471636809
18 35 0 8 0.00268188468181
20 43 0 8 0.00267343572341
43 52 0 8 0.00267185852863
27 36 0 8 0.00266339303926
38 61 0 8 0.00265645072795
8 17 0 8 0.00264662853442
2 39 0 8 0.00263870717026
59 71 0 8 0.00262560439296
9 50 0 8 0.0026172392536
37 51 0 8 0.00260895350948
6 46 0 8 0.00260663288645
4 27 0 8 0.00260507175699
7 27 0 8 0.00260278792121
26 34 0 8 0.00260093901306
61 69 0 8 0.00259958021343
1 39 0 8 0.00258918199688
1 42 0 8 0.00258738128468
21 34 0 8 0.00258358893916
1 46 0 8 0.00257828598842
27 32 0 8 0.00257221469656
18 41 0 8 0.00255139172077
2 25 0 8 0.00254934909754
61 70 0 8 0.00254154484719
1 36 0 8 0.00254097324796
25 32 0 8 0.00253704260103
4 31 0 8 0.00252778362483
28 34 0 8 0.00247241836041
3 32 0 8 0.00246691377833
36 62 0 8 0.00245865155011
64 72 0 8 0.00245017558336
36 57 0 8 0.00244725309312
4 25 0 8 0.00244575436227
9 32 0 8 0.00242434907705
3 28 0 8 0.00241928943433
37 58 0 8 0.00241185864434
39 60 0 8 0.00240227463655
2 28 0 8 0.00239469786175
45 51 0 8 0.00239341985434
35 58 0 8 0.00239132274874
19 35 0 8 0.00239115767181
61 71 0 8 0.00237929262221
2 19 0 8 0.00231316452846
1 21 0 8 0.00231186044402
62 71 0 8 0.00229214481078
21 31 0 8 0.00229066447355
24 40 0 8 0.00227950070985
1 49 0 8 0.00226884917356
7 29 0 8 0.00226474343799
39 54 0 8 0.00225849193521
13 25 0 8 0.00225598644465
18 43 0 8 0.00224961782806
2 29 0 8 0.00222859228961
38 56 0 8 0.00222678622231
59 72 0 8 0.0022219021339
20 35 0 8 0.00221982807852
33 60 0 8 0.00220818072557
9 15 0 8 0.00220509618521
24 34 0 8 0.00213212775998
3 29 0 8 0.00211987015791
4 30 0 8 0.00209657312371
1 19 0 8 0.00208228710108
1 34 0 8 0.00208050804213
7 28 0 8 0.0020800458733
42 52 0 8 0.00207437411882
1 25 0 8 0.00207129586488
14 23 0 8 0.00207044230774
60 72 0 8 0.00206807837822
19 37 0 8 0.00206598127261
35 57 0 8 0.00203544832766
6 32 0 8 0.00203483249061
43 54 0 8 0.00202791602351
13 22 0 8 0.00201905914582
31 60 0 8 0.00201863911934
7 19 0 8 0.00201210891828
11 18 0 8 0.00201026257128
12 25 0 8 0.00200648768805
6 16 0 8 0.00200012954883
12 23 0 8 0.00199857889675
43 56 0 8 0.00199138070457
3 26 0 8 0.001982267946
63 69 0 8 0.00195941957645
44 53 0 8 0.00194795907009
36 58 0 8 0.00194712122902
2 24 0 8 0.00194479117636
9 46 0 8 0.00194082548842
45 53 0 8 0.00193753000349
20 37 0 8 0.00192892749328
3 19 0 8 0.00192559335846
7 26 0 8 0.00192553561646
17 40 0 8 0.0019232359482
36 60 0 8 0.00191682390869
21 36 0 8 0.001907426049
20 41 0 8 0.0019039605977
4 23 0 8 0.00188348791562
3 21 0 8 0.00187949510291
32 62 0 8 0.00187901116442
1 24 0 8 0.00187154614832
61 72 0 8 0.00185474555474
10 31 0 8 0.00184933154378
28 35 0 8 0.00184853072278
17 36 0 8 0.00184735213406
62 69 0 8 0.00183884298895
63 72 0 8 0.00183501257561
12 18 0 8 0.0018248577835
41 51 0 8 0.00182101933751
2 31 0 8 0.001819238998
40 54 0 8 0.00181142636575
35 62 0 8 0.00180965277832
41 54 0 8 0.00180455471855
37 55 0 8 0.00180432968773
10 24 0 8 0.00179912429303
36 59 0 8 0.00179758679587
38 60 0 8 0.00179716339335
13 41 0 8 0.00179617991671
23 39 0 8 0.00179284019396
14 22 0 8 0.00179265416227
41 53 0 8 0.00177694042213
14 24 0 8 0.00175241008401
22 36 0 8 0.00175187049899
15 21 0 8 0.00174692412838
17 41 0 8 0.00174464960583
9 16 0 8 0.00174463132862
4 24 0 8 0.00173840171192
18 37 0 8 0.0017307237722
45 52 0 8 0.00172808207572
10 18 0 8 0.00172599719372
3 31 0 8 0.00171671027783
3 25 0 8 0.00169093278237
4 26 0 8 0.00168375507928
2 26 0 8 0.00165403343271
31 59 0 8 0.00165373191703
35 60 0 8 0.00164897891227
16 22 0 8 0.0016452090349
4 21 0 8 0.00164066720754
43 50 0 8 0.00163790234365
17 39 0 8 0.00163694191724
22 35 0 8 0.00163516693283
9 17 0 8 0.00162887456827
1 29 0 8 0.0016127510462
17 44 0 8 0.00161183229648
38 59 0 8 0.00160872598644
6 18 0 8 0.00159504858311
44 54 0 8 0.00158241507597
41 52 0 8 0.00157792621758
36 56 0 8 0.00157377962023
62 72 0 8 0.00156856444664
12 24 0 8 0.0015617350582
17 45 0 8 0.00155714317225
21 42 0 8 0.0015537943691
3 24 0 8 0.00151177612133
2 23 0 8 0.00151075446047
9 28 0 8 0.00150640320498
1 23 0 8 0.00149954494555
7 22 0 8 0.00148042629007
10 17 0 8 0.00146780873183
3 27 0 8 0.00144466350321
5 18 0 8 0.0014417313505
37 56 0 8 0.00142552598845
17 38 0 8 0.0014246024657
21 43 0 8 0.00142276880797
1 28 0 8 0.00141842942685
11 17 0 8 0.00141468120273
17 42 0 8 0.00140024418943
24 35 0 8 0.00139229174238
9 31 0 8 0.00137264258228
44 50 0 8 0.00137246935628
8 18 0 8 0.00136564241257
1 26 0 8 0.00136027950794
22 41 0 8 0.00135476735886
18 40 0 8 0.00135269551538
10 16 0 8 0.00134698115289
2 27 0 8 0.00132774736267
11 25 0 8 0.0013188048033
7 25 0 8 0.00131069251802
13 24 0 8 0.00129955250304
13 23 0 8 0.0012904672185
5 28 0 8 0.00129025022034
3 23 0 8 0.00128458463587
21 35 0 8 0.00125978351571
5 29 0 8 0.00125311710872
19 40 0 8 0.00124820275232
3 30 0 8 0.00123964599334
1 31 0 8 0.00123718602117
10 28 0 8 0.00121927983128
21 41 0 8 0.00120575283654
24 38 0 8 0.00119214609731
23 35 0 8 0.00117236853112
21 38 0 8 0.00114536879119
26 33 0 8 0.00114140089136
2 30 0 8 0.00113536720164
6 30 0 8 0.00113445695024
7 24 0 8 0.00111178774387
22 38 0 8 0.00109831721056
8 29 0 8 0.00107982126065
8 24 0 8 0.00107413029764
43 53 0 8 0.00107044714969
8 30 0 8 0.00105314375833
6 31 0 8 0.00104671425652
8 27 0 8 0.0010380691383
12 22 0 8 0.00103545677848
21 39 0 8 0.00102689606138
9 24 0 8 0.0009984979406
9 29 0 8 0.000995487440377
12 19 0 8 0.000994187081233
22 40 0 8 0.000990516855381
8 28 0 8 0.000985947204754
22 37 0 8 0.000973935704678
44 51 0 8 0.000970183114987
11 26 0 8 0.000946434796788
24 36 0 8 0.00094239419559
25 35 0 8 0.000940776662901
13 20 0 8 0.000938369426876
5 20 0 8 0.000938056560699
10 30 0 8 0.000931227288675
40 53 0 8 0.000925357104279
26 37 0 8 0.000922773033381
23 36 0 8 0.000913486757781
23 40 0 8 0.000910339702386
27 33 0 8 0.000904573011212
6 25 0 8 0.000891534378752
25 37 0 8 0.000887346162926
1 27 0 8 0.000886843190528
7 23 0 8 0.000878404302057
14 20 0 8 0.000876918667927
5 22 0 8 0.000861023319885
8 23 0 8 0.000857957871631
9 26 0 8 0.000856092316099
17 37 0 8 0.000849578646012
10 29 0 8 0.000840214488562
6 22 0 8 0.000836307823192
5 25 0 8 0.000830274831969
6 29 0 8 0.000821636756882
27 35 0 8 0.000811242265627
6 28 0 8 0.000810391968116
5 30 0 8 0.000801376183517
8 19 0 8 0.000798500899691
6 26 0 8 0.000795595347881
15 22 0 8 0.00079236808233
23 37 0 8 0.000791739381384
10 26 0 8 0.000789502169937
23 38 0 8 0.000778596673626
26 35 0 8 0.000773859734181
6 27 0 8 0.000761047296692
9 18 0 8 0.000753421452828
8 22 0 8 0.000748519611079
8 25 0 8 0.000740273098927
5 26 0 8 0.000732899934519
26 36 0 8 0.000728181563318
11 20 0 8 0.000725805526599
12 20 0 8 0.000711465603672
6 24 0 8 0.000709839456249
9 27 0 8 0.000709697138518
10 27 0 8 0.000704248202965
6 20 0 8 0.000703219440766
21 37 0 8 0.000698041403666
7 20 0 8 0.000693702953868
1 30 0 8 0.00069245591294
6 21 0 8 0.00067906168988
7 21 0 8 0.000673044880386
13 19 0 8 0.000670380541123
17 43 0 8 0.000652087735943
9 20 0 8 0.000649679335766
40 52 0 8 0.000644971209113
21 40 0 8 0.000626572058536
26 32 0 8 0.000621865910944
5 27 0 8 0.000602819316555
5 21 0 8 0.000599790189881
13 21 0 8 0.000597456935793
5 24 0 8 0.000596026773565
10 25 0 8 0.000590926385485
10 22 0 8 0.000570643809624
24 37 0 8 0.000566525442991
5 23 0 8 0.000562595378142
11 23 0 8 0.000556520768441
12 21 0 8 0.000553622550797
9 30 0 8 0.000546636409126
5 19 0 8 0.000536667008419
11 22 0 8 0.000536629697308
11 24 0 8 0.000534782069735
9 23 0 8 0.000529524870217
14 21 0 8 0.00050985487178
9 25 0 8 0.000496694352478
6 23 0 8 0.000457992136944
10 20 0 8 0.000454091641586
8 26 0 8 0.000422133482061
10 19 0 8 0.000410203792853
6 19 0 8 0.000373774964828
10 21 0 8 0.000365147483535
8 20 0 8 0.000356064498192
8 21 0 8 0.00035529647721
10 23 0 8 0.000325690954924
9 22 0 8 0.000273320591077
11 21 0 8 0.000234325649217
9 21 0 8 0.000201563438168
9 19 0 8 0.000190513019334
