22 23 0 8 0.999997615814
51 52 0 8 0.99999499321
24 25 0 8 0.999994218349
20 21 0 8 0.999994039536
23 24 0 8 0.999992907047
14 15 0 8 0.999992847443
73 74 0 8 0.999992549419
54 55 0 8 0.999991774559
15 16 0 8 0.999991416931
21 22 0 8 0.999991238117
18 19 0 8 0.999990701675
17 18 0 8 0.999989926815
3 4 0 8 0.999988913536
19 20 0 8 0.999988794327
66 67 0 8 0.999988555908
13 14 0 8 0.999986827374
56 57 0 8 0.999986827374
47 48 0 8 0.999986708164
76 77 0 8 0.999986231327
50 51 0 8 0.999985992908
70 71 0 8 0.999984145164
26 27 0 8 0.999982118607
16 17 0 8 0.999981999397
75 76 0 8 0.999981582165
1 2 0 8 0.99997985363
25 26 0 8 0.999979376793
67 68 0 8 0.999978125095
49 50 0 8 0.999975502491
55 56 0 8 0.999973535538
53 54 0 8 0.999972045422
71 72 0 8 0.99997150898
69 70 0 8 0.999970793724
52 53 0 8 0.999970436096
65 66 0 8 0.999970078468
45 46 0 8 0.999969959259
44 45 0 8 0.999967753887
43 44 0 8 0.999965846539
68 69 0 8 0.999961853027
74 75 0 8 0.999961435795
42 43 0 8 0.999958693981
46 47 0 8 0.999944388866
40 41 0 8 0.99994212389
72 73 0 8 0.999940872192
38 39 0 8 0.999934911728
41 42 0 8 0.999929964542
2 3 0 8 0.99992108345
64 65 0 8 0.999912440777
39 40 0 8 0.99991029501
48 49 0 8 0.999906003475
60 61 0 8 0.999899685383
27 28 0 8 0.99989682436
12 13 0 8 0.999895513058
6 7 0 8 0.999890446663
4 5 0 8 0.999886274338
58 59 0 8 0.999870359898
34 35 0 8 0.999869048595
8 9 0 8 0.999864280224
7 8 0 8 0.999842882156
59 60 0 8 0.999838292599
63 64 0 8 0.99983304739
37 38 0 8 0.99981623888
9 10 0 8 0.999798178673
57 58 0 8 0.999797403812
33 34 0 8 0.999797403812
29 30 0 8 0.999786496162
28 29 0 8 0.999766170979
5 6 0 8 0.999760270119
35 36 0 8 0.99974501133
32 33 0 8 0.999717235565
10 11 0 8 0.999600470066
31 32 0 8 0.99958896637
36 37 0 8 0.999560117722
11 12 0 8 0.999480903149
61 62 0 8 0.999442994595
62 63 0 8 0.999341368675
30 31 0 8 0.999256193638
52 54 0 8 0.998484373093
18 20 0 8 0.998391747475
22 24 0 8 0.998005509377
19 22 0 8 0.997918486595
23 25 0 8 0.997811734676
19 21 0 8 0.997575819492
21 23 0 8 0.997373521328
41 43 0 8 0.997235715389
54 56 0 8 0.997158110142
69 71 0 8 0.997150123119
51 53 0 8 0.997129797935
53 55 0 8 0.996890366077
17 19 0 8 0.99671548605
55 57 0 8 0.996661484241
70 72 0 8 0.996309936047
42 44 0 8 0.996009290218
20 22 0 8 0.995980978012
22 25 0 8 0.995868861675
20 23 0 8 0.995758771896
67 69 0 8 0.995277404785
40 42 0 8 0.995180308819
16 18 0 8 0.995175898075
52 55 0 8 0.995125889778
43 45 0 8 0.994907915592
18 21 0 8 0.994446098804
40 43 0 8 0.993756175041
23 26 0 8 0.993630111217
39 41 0 8 0.993398606777
53 56 0 8 0.99325710535
54 57 0 8 0.993220388889
68 70 0 8 0.992441177368
21 24 0 8 0.992042124271
38 40 0 8 0.991820216179
18 22 0 8 0.991651535034
51 54 0 8 0.991286218166
19 23 0 8 0.99125880003
17 20 0 8 0.99077963829
40 44 0 8 0.990668535233
39 43 0 8 0.989894151688
50 52 0 8 0.989688277245
16 19 0 8 0.989240944386
68 71 0 8 0.988377809525
55 58 0 8 0.988374531269
52 56 0 8 0.987955212593
69 72 0 8 0.987798213959
41 44 0 8 0.987054049969
24 26 0 8 0.98524492979
20 24 0 8 0.985159933567
50 53 0 8 0.984559357166
22 26 0 8 0.984332799911
39 42 0 8 0.983873605728
70 73 0 8 0.983605563641
71 73 0 8 0.982719540596
41 45 0 8 0.981991708279
44 46 0 8 0.981592714787
15 18 0 8 0.981092274189
72 74 0 8 0.979176104069
66 70 0 8 0.978965938091
67 70 0 8 0.978139102459
66 68 0 8 0.978133380413
22 40 0 8 0.977871835232
21 25 0 8 0.977037966251
15 19 0 8 0.976639151573
24 27 0 8 0.976225435734
56 58 0 8 0.975448310375
43 46 0 8 0.975420594215
53 57 0 8 0.974982857704
42 45 0 8 0.974965631962
14 16 0 8 0.974385261536
65 67 0 8 0.973905861378
49 52 0 8 0.973373651505
17 21 0 8 0.973224937916
66 69 0 8 0.972050487995
49 51 0 8 0.97136926651
67 71 0 8 0.970670998096
37 39 0 8 0.969476282597
25 27 0 8 0.969443619251
54 58 0 8 0.969361066818
15 17 0 8 0.969151973724
16 20 0 8 0.968601167202
51 55 0 8 0.968118965626
71 74 0 8 0.964317023754
38 42 0 8 0.963301599026
50 54 0 8 0.960538685322
68 72 0 8 0.960014164448
56 59 0 8 0.959083199501
38 41 0 8 0.957428336143
70 74 0 8 0.957261383533
42 46 0 8 0.957260966301
69 73 0 8 0.95591211319
23 27 0 8 0.95065933466
37 41 0 8 0.944118499756
72 75 0 8 0.941923439503
49 53 0 8 0.941199541092
26 40 0 8 0.939333736897
45 47 0 8 0.931247472763
73 75 0 8 0.928818643093
44 47 0 8 0.926987707615
37 40 0 8 0.925509572029
60 62 0 8 0.920588433743
65 68 0 8 0.917144715786
48 52 0 8 0.91607517004
65 69 0 8 0.914790868759
46 48 0 8 0.912110984325
57 59 0 8 0.910540401936
71 75 0 8 0.908816576004
26 39 0 8 0.908286750317
32 34 0 8 0.904459297657
26 28 0 8 0.900156915188
56 69 0 8 0.899874150753
7 9 0 8 0.899266719818
36 38 0 8 0.898610591888
55 59 0 8 0.898275434971
23 40 0 8 0.896170318127
35 37 0 8 0.894949436188
7 22 0 8 0.894888222218
22 39 0 8 0.890238404274
5 7 0 8 0.884418010712
74 76 0 8 0.884404957294
14 17 0 8 0.880400836468
29 31 0 8 0.873444437981
11 13 0 8 0.86828660965
14 18 0 8 0.865027964115
25 28 0 8 0.864270269871
63 65 0 8 0.853365659714
6 8 0 8 0.84438765049
36 40 0 8 0.843688130379
32 35 0 8 0.839162051678
36 39 0 8 0.835715711117
33 35 0 8 0.83324944973
43 47 0 8 0.832403719425
73 76 0 8 0.830501258373
44 48 0 8 0.829917430878
27 29 0 8 0.829808294773
3 5 0 8 0.829564034939
59 61 0 8 0.829092860222
23 36 0 8 0.825890243053
19 40 0 8 0.825304150581
75 77 0 8 0.823813855648
45 48 0 8 0.821017920971
8 10 0 8 0.820822834969
35 39 0 8 0.820744216442
24 28 0 8 0.818286657333
22 43 0 8 0.811211585999
34 36 0 8 0.809465825558
35 38 0 8 0.806353569031
13 15 0 8 0.798158586025
48 53 0 8 0.797466814518
4 6 0 8 0.793695211411
2 4 0 8 0.790316700935
62 64 0 8 0.789940953255
61 63 0 8 0.784029662609
28 30 0 8 0.774196505547
1 3 0 8 0.769111692905
10 12 0 8 0.761358737946
64 68 0 8 0.759780049324
60 63 0 8 0.756785750389
7 21 0 8 0.74519854784
13 18 0 8 0.735424101353
30 32 0 8 0.731633245945
59 62 0 8 0.722084701061
13 17 0 8 0.721706688404
31 33 0 8 0.717845439911
41 69 0 8 0.716603517532
10 13 0 8 0.711748242378
59 72 0 8 0.705610334873
58 60 0 8 0.702361106873
9 11 0 8 0.700264632702
31 35 0 8 0.695852041245
72 76 0 8 0.695778727531
64 69 0 8 0.695052564144
34 37 0 8 0.687381803989
12 14 0 8 0.686695635319
7 25 0 8 0.680720329285
47 49 0 8 0.667664706707
26 29 0 8 0.662174522877
19 70 0 8 0.650127589703
43 52 0 8 0.634621441364
15 52 0 8 0.631141424179
59 63 0 8 0.626320421696
48 50 0 8 0.619712948799
33 36 0 8 0.619527280331
18 40 0 8 0.61942255497
63 69 0 8 0.618549883366
44 52 0 8 0.61680150032
19 44 0 8 0.60536134243
15 44 0 8 0.603785693645
64 66 0 8 0.573022246361
7 10 0 8 0.571321964264
45 53 0 8 0.571190237999
74 77 0 8 0.570287466049
22 44 0 8 0.568370223045
41 70 0 8 0.563497841358
56 60 0 8 0.559192121029
34 38 0 8 0.542191147804
9 13 0 8 0.530133128166
18 44 0 8 0.519750654697
48 56 0 8 0.513931035995
59 66 0 8 0.469952315092
32 36 0 8 0.467628955841
44 53 0 8 0.46447634697
37 66 0 8 0.461710512638
44 56 0 8 0.456621915102
73 77 0 8 0.446621596813
40 56 0 8 0.444345355034
60 72 0 8 0.441878527403
13 21 0 8 0.440444469452
63 68 0 8 0.436195641756
25 31 0 8 0.432899087667
31 34 0 8 0.425316601992
26 31 0 8 0.414470344782
33 37 0 8 0.394475996494
57 60 0 8 0.389402329922
25 29 0 8 0.386249572039
26 35 0 8 0.379932463169
60 69 0 8 0.367276698351
31 36 0 8 0.365465909243
56 63 0 8 0.362011909485
10 14 0 8 0.334711164236
18 43 0 8 0.333614677191
61 64 0 8 0.321353256702
15 47 0 8 0.316250115633
55 72 0 8 0.311126351357
7 18 0 8 0.309997409582
30 35 0 8 0.307500898838
5 8 0 8 0.29264742136
6 9 0 8 0.290686547756
5 9 0 8 0.288403868675
7 11 0 8 0.283475697041
47 52 0 8 0.282153993845
43 56 0 8 0.278835117817
63 66 0 8 0.278792560101
43 48 0 8 0.276058167219
22 70 0 8 0.274787306786
45 49 0 8 0.27201884985
55 69 0 8 0.268883764744
41 56 0 8 0.268386363983
13 16 0 8 0.26626843214
23 66 0 8 0.263891011477
60 64 0 8 0.259262382984
10 18 0 8 0.25694707036
26 32 0 8 0.256200790405
19 52 0 8 0.248478531837
59 69 0 8 0.248329520226
62 65 0 8 0.247286617756
8 11 0 8 0.24666211009
45 52 0 8 0.241613179445
11 14 0 8 0.23991304636
58 61 0 8 0.237321406603
9 15 0 8 0.236979037523
44 49 0 8 0.233145788312
10 15 0 8 0.232067793608
4 7 0 8 0.230320438743
44 70 0 8 0.228716552258
26 38 0 8 0.228571355343
28 31 0 8 0.227708175778
3 6 0 8 0.225211232901
46 49 0 8 0.224455118179
18 39 0 8 0.219865769148
57 61 0 8 0.215826809406
29 32 0 8 0.214933127165
59 64 0 8 0.214511439204
6 10 0 8 0.213288426399
26 36 0 8 0.211369946599
2 5 0 8 0.209286034107
40 70 0 8 0.205270320177
15 48 0 8 0.202191442251
2 6 0 8 0.20202383399
4 8 0 8 0.202023074031
19 43 0 8 0.200619161129
8 47 0 8 0.199561461806
35 40 0 8 0.197413578629
25 37 0 8 0.194962009788
23 70 0 8 0.194111257792
25 30 0 8 0.193676054478
26 30 0 8 0.193296208978
18 56 0 8 0.192011266947
15 49 0 8 0.191955938935
26 70 0 8 0.189931511879
43 55 0 8 0.1895981282
25 39 0 8 0.187644585967
46 52 0 8 0.186859354377
6 11 0 8 0.184264242649
63 67 0 8 0.183727666736
22 36 0 8 0.182071477175
23 35 0 8 0.180980235338
25 32 0 8 0.180883705616
19 39 0 8 0.178675428033
11 15 0 8 0.173404738307
56 62 0 8 0.17278085649
23 32 0 8 0.17269359529
25 40 0 8 0.171259611845
15 43 0 8 0.170144662261
7 43 0 8 0.169183194637
41 66 0 8 0.168435588479
52 69 0 8 0.168315187097
30 33 0 8 0.167522475123
9 18 0 8 0.167197093368
40 69 0 8 0.167016342282
26 69 0 8 0.165802538395
46 53 0 8 0.16386307776
27 30 0 8 0.162845015526
22 35 0 8 0.162326335907
7 15 0 8 0.161287993193
19 41 0 8 0.161133468151
9 47 0 8 0.158319160342
29 35 0 8 0.157604217529
9 14 0 8 0.15740288794
5 15 0 8 0.155144989491
52 70 0 8 0.152904808521
18 52 0 8 0.152128517628
31 37 0 8 0.150156542659
8 12 0 8 0.150080442429
30 34 0 8 0.148676455021
25 35 0 8 0.147484272718
58 63 0 8 0.147433027625
23 31 0 8 0.145492509007
19 69 0 8 0.144503369927
59 65 0 8 0.144046247005
25 73 0 8 0.143728882074
15 55 0 8 0.142743527889
9 52 0 8 0.14234957099
48 51 0 8 0.142291173339
18 70 0 8 0.142005488276
18 55 0 8 0.141233295202
56 61 0 8 0.14051155746
3 7 0 8 0.13949906826
12 16 0 8 0.139254570007
16 70 0 8 0.136836588383
1 4 0 8 0.136330008507
61 65 0 8 0.135907575488
8 13 0 8 0.135507047176
15 70 0 8 0.135204195976
56 64 0 8 0.13499327004
52 73 0 8 0.134654596448
56 70 0 8 0.134096384048
64 67 0 8 0.134004175663
57 63 0 8 0.132982373238
43 53 0 8 0.132790982723
18 47 0 8 0.131623089314
15 56 0 8 0.130109876394
31 39 0 8 0.12977822125
26 43 0 8 0.129419565201
25 34 0 8 0.128895819187
9 12 0 8 0.128800109029
58 72 0 8 0.128729328513
55 63 0 8 0.125477671623
62 68 0 8 0.124826833606
37 70 0 8 0.124701917171
28 32 0 8 0.124518841505
60 65 0 8 0.122410669923
15 69 0 8 0.121825307608
22 56 0 8 0.121670864522
26 37 0 8 0.121585488319
62 66 0 8 0.121411390603
25 43 0 8 0.121002398431
45 56 0 8 0.120888777077
18 69 0 8 0.120848082006
56 72 0 8 0.116366893053
7 14 0 8 0.115673623979
37 67 0 8 0.114966213703
56 66 0 8 0.114863596857
59 67 0 8 0.114831335843
58 62 0 8 0.114677228034
62 69 0 8 0.114640071988
59 68 0 8 0.113670118153
55 73 0 8 0.113406300545
56 73 0 8 0.113323435187
31 38 0 8 0.11292976141
22 73 0 8 0.111970931292
61 69 0 8 0.111565686762
22 69 0 8 0.110783800483
7 13 0 8 0.110749281943
1 5 0 8 0.109625764191
27 31 0 8 0.108910195529
37 69 0 8 0.10890660435
27 32 0 8 0.107482343912
22 48 0 8 0.10605597496
37 65 0 8 0.105822451413
12 17 0 8 0.10578674078
26 73 0 8 0.10571154952
8 43 0 8 0.104883156717
48 73 0 8 0.104863233864
57 62 0 8 0.103506408632
19 73 0 8 0.103131838143
22 52 0 8 0.102158598602
29 36 0 8 0.101786129177
24 31 0 8 0.101487390697
24 30 0 8 0.100876845419
38 66 0 8 0.0994175374508
29 33 0 8 0.0984797552228
44 55 0 8 0.0982301831245
22 38 0 8 0.0976218134165
29 34 0 8 0.0970458239317
18 73 0 8 0.0958451330662
7 55 0 8 0.0932208001614
58 69 0 8 0.0929616242647
15 73 0 8 0.0920974165201
10 17 0 8 0.0918717309833
22 47 0 8 0.0918625220656
40 66 0 8 0.0917736515403
7 70 0 8 0.091343306005
25 41 0 8 0.0912554040551
25 44 0 8 0.0904963463545
7 19 0 8 0.0897875875235
5 10 0 8 0.0888776704669
19 48 0 8 0.0879831537604
12 15 0 8 0.087740086019
44 69 0 8 0.0864101648331
56 65 0 8 0.0863395556808
26 44 0 8 0.0851961746812
28 35 0 8 0.0849533453584
61 66 0 8 0.0834035500884
7 40 0 8 0.0830416604877
23 67 0 8 0.0824666395783
18 48 0 8 0.0823741406202
9 48 0 8 0.0822479203343
47 53 0 8 0.0809791609645
24 29 0 8 0.0807198137045
15 39 0 8 0.0799336954951
60 68 0 8 0.0797684714198
26 42 0 8 0.0793342739344
11 16 0 8 0.0786791816354
39 56 0 8 0.0784536078572
26 72 0 8 0.0783939063549
23 39 0 8 0.0781390294433
8 14 0 8 0.0779495313764
32 37 0 8 0.0776572450995
25 70 0 8 0.0759166330099
23 69 0 8 0.075695797801
25 38 0 8 0.0756876394153
25 74 0 8 0.0755790770054
22 74 0 8 0.0753754228354
19 56 0 8 0.0752661302686
10 48 0 8 0.0746388882399
11 19 0 8 0.0744760110974
10 16 0 8 0.0743787139654
4 65 0 8 0.0742801129818
25 42 0 8 0.0739522278309
19 55 0 8 0.0726068243384
23 73 0 8 0.0724474713206
22 31 0 8 0.0717230737209
32 38 0 8 0.0715393051505
10 52 0 8 0.0709848329425
15 59 0 8 0.0707903802395
25 69 0 8 0.0704710558057
55 60 0 8 0.070017658174
59 70 0 8 0.0698915421963
8 15 0 8 0.0692487731576
55 70 0 8 0.0685985833406
23 37 0 8 0.0672980546951
23 43 0 8 0.0669179782271
21 43 0 8 0.0667065158486
9 43 0 8 0.0666287392378
21 73 0 8 0.0662398263812
7 52 0 8 0.0661458075047
30 38 0 8 0.0658597201109
23 29 0 8 0.0658569931984
9 17 0 8 0.0651398003101
48 70 0 8 0.0649683922529
55 62 0 8 0.0647839456797
26 74 0 8 0.0638622045517
3 8 0 8 0.0637951567769
15 74 0 8 0.0634691268206
35 65 0 8 0.0630836188793
30 36 0 8 0.0629864484072
11 17 0 8 0.062686868012
22 55 0 8 0.0624907240272
7 59 0 8 0.0620061457157
6 12 0 8 0.061668690294
19 59 0 8 0.0615931153297
26 34 0 8 0.0613406449556
52 74 0 8 0.0610271133482
25 72 0 8 0.0608217827976
19 74 0 8 0.060741007328
12 51 0 8 0.0604333505034
55 74 0 8 0.0604155920446
4 59 0 8 0.0603445358574
10 59 0 8 0.0602531582117
21 48 0 8 0.06025018543
63 72 0 8 0.060079164803
22 72 0 8 0.0597808621824
26 41 0 8 0.0593874827027
35 59 0 8 0.0589108504355
19 66 0 8 0.0587843246758
2 7 0 8 0.0573273487389
7 56 0 8 0.0570740401745
42 56 0 8 0.0567211546004
1 6 0 8 0.0559815727174
40 52 0 8 0.0552273690701
26 45 0 8 0.0549767538905
26 33 0 8 0.0547089502215
60 66 0 8 0.054700192064
38 67 0 8 0.0546447075903
20 66 0 8 0.0544861890376
9 16 0 8 0.0543552301824
8 48 0 8 0.0543302744627
29 38 0 8 0.0540619231761
10 55 0 8 0.0537207610905
10 21 0 8 0.053715005517
7 73 0 8 0.0536832734942
11 18 0 8 0.053593762219
23 30 0 8 0.0535245127976
22 41 0 8 0.0532701872289
7 69 0 8 0.0530946068466
15 51 0 8 0.05237063393
15 66 0 8 0.0514983423054
47 50 0 8 0.051324993372
15 72 0 8 0.050857950002
11 52 0 8 0.050818476826
8 18 0 8 0.0504171848297
7 66 0 8 0.0501856394112
52 72 0 8 0.0499216467142
10 49 0 8 0.0495997108519
5 11 0 8 0.0495494417846
72 77 0 8 0.048868380487
27 35 0 8 0.0486221387982
34 64 0 8 0.0485433787107
9 22 0 8 0.0484964326024
19 45 0 8 0.0480865314603
44 73 0 8 0.0480224452913
21 40 0 8 0.0479481108487
7 65 0 8 0.0478923097253
43 49 0 8 0.0477616079152
18 74 0 8 0.0476379394531
34 39 0 8 0.0475561805069
13 48 0 8 0.0475249364972
25 36 0 8 0.0475007221103
15 46 0 8 0.0473936647177
8 22 0 8 0.0472954250872
15 63 0 8 0.0472625494003
15 60 0 8 0.0472352057695
22 45 0 8 0.0470580272377
58 64 0 8 0.0463236570358
26 66 0 8 0.0462773889303
8 46 0 8 0.0459910966456
27 38 0 8 0.0459325835109
43 73 0 8 0.0457959510386
52 76 0 8 0.0457571856678
53 74 0 8 0.0456363931298
4 9 0 8 0.0456290543079
57 70 0 8 0.0455256327987
11 59 0 8 0.0454727001488
15 67 0 8 0.0454519577324
56 71 0 8 0.0453765243292
51 76 0 8 0.0453333854675
7 12 0 8 0.0453108549118
13 51 0 8 0.0451526530087
27 36 0 8 0.045072440058
23 74 0 8 0.0450626499951
48 74 0 8 0.044877756387
18 45 0 8 0.0447383522987
9 66 0 8 0.0443354472518
14 52 0 8 0.0443249419332
9 21 0 8 0.0442614108324
10 66 0 8 0.0442600212991
18 59 0 8 0.0441533066332
5 55 0 8 0.0440676547587
16 76 0 8 0.0438066236675
21 39 0 8 0.0436467640102
18 66 0 8 0.0436309240758
24 35 0 8 0.043620467186
26 56 0 8 0.043113425374
42 52 0 8 0.043056268245
33 38 0 8 0.0430186986923
19 67 0 8 0.0426002666354
19 72 0 8 0.0425312146544
7 64 0 8 0.042411826551
61 68 0 8 0.0420018211007
7 72 0 8 0.0419348329306
15 40 0 8 0.0418686941266
15 58 0 8 0.0416899211705
48 55 0 8 0.0416613742709
23 72 0 8 0.0416381545365
14 48 0 8 0.0415026396513
47 51 0 8 0.0413951054215
35 66 0 8 0.0413913875818
19 42 0 8 0.0412687063217
4 18 0 8 0.0410480722785
18 53 0 8 0.0409773588181
9 65 0 8 0.0408401601017
51 73 0 8 0.0407331958413
7 48 0 8 0.0407097302377
19 46 0 8 0.0406602062285
18 72 0 8 0.0406427718699
35 67 0 8 0.0406228527427
18 51 0 8 0.040606494993
9 59 0 8 0.0405562408268
9 56 0 8 0.0404151454568
48 72 0 8 0.0403777249157
26 55 0 8 0.040245745331
15 42 0 8 0.0402078442276
10 47 0 8 0.0401112549007
44 74 0 8 0.040050458163
22 37 0 8 0.0400486662984
47 73 0 8 0.0398460328579
29 40 0 8 0.039830185473
4 15 0 8 0.0398054644465
5 65 0 8 0.0393059551716
39 59 0 8 0.0392970405519
19 35 0 8 0.0392872653902
16 73 0 8 0.0391203202307
15 45 0 8 0.0390430055559
60 67 0 8 0.0389521792531
21 69 0 8 0.0389119572937
9 64 0 8 0.0386458411813
8 40 0 8 0.0385816842318
29 37 0 8 0.0385603681207
52 63 0 8 0.0384719483554
28 33 0 8 0.0384269431233
11 60 0 8 0.0383279807866
12 18 0 8 0.0382512845099
9 49 0 8 0.0381552018225
10 56 0 8 0.0381110757589
51 74 0 8 0.0380831696093
36 59 0 8 0.0380032658577
9 55 0 8 0.0379588641226
8 52 0 8 0.0377080850303
11 65 0 8 0.0377054028213
53 73 0 8 0.0376767367125
9 63 0 8 0.0376575924456
10 19 0 8 0.0375965051353
22 46 0 8 0.0374927408993
56 68 0 8 0.0373732820153
13 47 0 8 0.0372910685837
15 68 0 8 0.0372798740864
15 53 0 8 0.0370402447879
6 15 0 8 0.037013348192
13 52 0 8 0.0368881337345
8 55 0 8 0.0366871841252
21 44 0 8 0.0366549901664
71 76 0 8 0.036653675139
7 58 0 8 0.0365870334208
56 67 0 8 0.036429554224
29 39 0 8 0.0362894795835
13 64 0 8 0.0359353944659
6 13 0 8 0.0358878411353
5 66 0 8 0.0358826592565
23 38 0 8 0.0358118489385
45 74 0 8 0.0357514806092
8 65 0 8 0.0357379876077
23 41 0 8 0.0355859585106
56 74 0 8 0.0355827957392
8 50 0 8 0.0354249291122
44 50 0 8 0.0352384410799
12 62 0 8 0.0352339856327
28 34 0 8 0.0352063402534
40 55 0 8 0.0351279191673
9 62 0 8 0.035066395998
19 47 0 8 0.0349007621408
5 18 0 8 0.0348936021328
62 67 0 8 0.034869402647
64 72 0 8 0.0348532162607
3 71 0 8 0.0347486883402
57 68 0 8 0.0346860252321
40 74 0 8 0.0346371456981
41 57 0 8 0.0342394933105
45 70 0 8 0.0342119559646
21 72 0 8 0.0341094657779
13 66 0 8 0.0340811908245
11 66 0 8 0.0339546538889
6 14 0 8 0.0338640324771
34 66 0 8 0.033812046051
23 46 0 8 0.0336988419294
44 76 0 8 0.0336591042578
14 59 0 8 0.0331427268684
10 58 0 8 0.0330058857799
5 13 0 8 0.0328338034451
63 70 0 8 0.0327494777739
57 69 0 8 0.0326633602381
10 51 0 8 0.0326100103557
28 36 0 8 0.0325319133699
22 66 0 8 0.0324107892811
23 28 0 8 0.0321319811046
18 46 0 8 0.031909737736
39 55 0 8 0.0317765064538
4 66 0 8 0.0317673534155
14 65 0 8 0.0317278690636
9 58 0 8 0.0316070467234
40 59 0 8 0.031599983573
59 73 0 8 0.0315253920853
58 68 0 8 0.0313952155411
27 40 0 8 0.0313745439053
45 73 0 8 0.0313611142337
3 9 0 8 0.0313416011631
21 74 0 8 0.0312576852739
27 37 0 8 0.0312023274601
11 51 0 8 0.0311198253185
3 58 0 8 0.0311109852046
14 19 0 8 0.0310815479606
23 44 0 8 0.0309601314366
8 51 0 8 0.0309354923666
12 49 0 8 0.0308542009443
7 63 0 8 0.03085209243
20 73 0 8 0.0307768788189
16 74 0 8 0.0307022351772
15 41 0 8 0.0306006390601
7 47 0 8 0.0305774435401
5 56 0 8 0.0305237453431
5 59 0 8 0.0305107273161
22 49 0 8 0.0304903592914
58 73 0 8 0.0302116386592
21 70 0 8 0.0301745068282
5 73 0 8 0.0299559794366
49 74 0 8 0.0298462957144
5 16 0 8 0.0298376660794
39 69 0 8 0.0298286750913
7 17 0 8 0.029757430777
3 66 0 8 0.0294505879283
60 70 0 8 0.0293463449925
25 71 0 8 0.0292976982892
41 59 0 8 0.0292569119483
48 66 0 8 0.0292228460312
9 19 0 8 0.0291851945221
28 38 0 8 0.0291382018477
55 65 0 8 0.0290296878666
22 42 0 8 0.0289967507124
36 41 0 8 0.0289433896542
27 34 0 8 0.0289097037166
33 65 0 8 0.0288984663785
7 71 0 8 0.0288505926728
59 74 0 8 0.0288037024438
12 65 0 8 0.0287839602679
32 39 0 8 0.0286628175527
4 56 0 8 0.0286266840994
48 69 0 8 0.0286141615361
19 76 0 8 0.028557986021
14 51 0 8 0.0285534895957
10 69 0 8 0.0285322144628
18 38 0 8 0.0284968260676
7 74 0 8 0.0284247323871
48 77 0 8 0.0281737856567
9 67 0 8 0.0281676221639
23 56 0 8 0.0281664207578
13 49 0 8 0.028077011928
37 56 0 8 0.0280187595636
24 32 0 8 0.0280018486083
21 35 0 8 0.0279607363045
7 51 0 8 0.02790514566
13 53 0 8 0.0276882685721
47 77 0 8 0.0276079121977
21 46 0 8 0.0275173932314
31 40 0 8 0.0274899788201
59 71 0 8 0.027393925935
45 76 0 8 0.0273758545518
10 73 0 8 0.0273076035082
19 71 0 8 0.0272556655109
4 62 0 8 0.0272081401199
25 48 0 8 0.0271764043719
32 40 0 8 0.0270447377115
14 44 0 8 0.0269945859909
6 65 0 8 0.0269698686898
5 12 0 8 0.0269564818591
43 70 0 8 0.0269021913409
48 76 0 8 0.0267920996994
9 69 0 8 0.0267372187227
8 17 0 8 0.0266228597611
31 42 0 8 0.0265699978918
52 66 0 8 0.0265541430563
15 38 0 8 0.0263951011002
15 57 0 8 0.0263745449483
9 70 0 8 0.0263647995889
11 49 0 8 0.0263356231153
10 63 0 8 0.0262529980391
12 64 0 8 0.026058441028
46 50 0 8 0.0260297209024
8 59 0 8 0.0259343534708
35 69 0 8 0.025876486674
3 62 0 8 0.0257632397115
21 47 0 8 0.0257318597287
5 63 0 8 0.0256635583937
1 7 0 8 0.0256517380476
43 74 0 8 0.0256448276341
55 64 0 8 0.025637190789
41 52 0 8 0.0256253536791
3 64 0 8 0.0256232041866
10 44 0 8 0.0254295114428
30 37 0 8 0.0253675039858
45 55 0 8 0.0252263210714
2 8 0 8 0.0252218022943
36 60 0 8 0.0251339375973
7 67 0 8 0.0251036603004
5 70 0 8 0.0249520726502
13 62 0 8 0.0248238295317
18 58 0 8 0.0248229075223
11 64 0 8 0.0248099360615
9 51 0 8 0.0246225912124
15 76 0 8 0.0245836731046
49 73 0 8 0.024541048333
47 66 0 8 0.0245207380503
57 65 0 8 0.024509517476
7 44 0 8 0.0244748499244
9 68 0 8 0.0244557596743
47 74 0 8 0.0244307611138
7 16 0 8 0.0243568513542
57 72 0 8 0.0243112705648
9 73 0 8 0.0242488123477
41 53 0 8 0.0241919979453
50 76 0 8 0.0241170693189
8 66 0 8 0.0240701977164
41 73 0 8 0.0240386519581
18 41 0 8 0.0239494144917
11 63 0 8 0.0239471960813
31 67 0 8 0.0239250492305
36 65 0 8 0.0239136703312
11 48 0 8 0.0238510873169
27 33 0 8 0.0238304920495
19 53 0 8 0.0237006023526
46 73 0 8 0.0236536767334
10 65 0 8 0.0232942458242
26 52 0 8 0.0232692100108
8 16 0 8 0.0231794156134
18 42 0 8 0.0231776405126
4 48 0 8 0.0231545101851
14 55 0 8 0.0228916741908
57 64 0 8 0.0228844750673
51 77 0 8 0.0228367745876
5 19 0 8 0.0228262357414
41 55 0 8 0.0227530784905
13 73 0 8 0.0227052681148
32 66 0 8 0.0226097982377
25 51 0 8 0.0225643478334
4 64 0 8 0.0225186757743
10 64 0 8 0.0225044116378
9 60 0 8 0.0224480517209
8 62 0 8 0.0224126279354
12 60 0 8 0.0223949309438
42 76 0 8 0.0223878957331
10 46 0 8 0.0223474279046
14 63 0 8 0.0223382618278
15 65 0 8 0.0222514886409
21 51 0 8 0.0221005789936
23 42 0 8 0.0220343507826
31 70 0 8 0.0220275484025
15 64 0 8 0.0220239236951
35 60 0 8 0.0219227280468
7 57 0 8 0.0218950584531
22 53 0 8 0.0218532085419
52 75 0 8 0.0218525566161
2 62 0 8 0.02182665281
49 76 0 8 0.0218141749501
15 50 0 8 0.0217975154519
26 47 0 8 0.0217106938362
9 46 0 8 0.0216692984104
14 66 0 8 0.0215937793255
14 74 0 8 0.0215779524297
9 44 0 8 0.0215547792614
19 38 0 8 0.0215547084808
51 72 0 8 0.0215365439653
13 55 0 8 0.0215175822377
47 55 0 8 0.0215137023479
13 58 0 8 0.0214932095259
21 52 0 8 0.0214257501066
21 75 0 8 0.0214187670499
36 66 0 8 0.0213991627097
5 58 0 8 0.0213666036725
11 73 0 8 0.0213487036526
19 58 0 8 0.0213297624141
44 51 0 8 0.0213241800666
26 71 0 8 0.0213090702891
38 59 0 8 0.0212853252888
51 75 0 8 0.021249147132
5 14 0 8 0.0212465990335
3 59 0 8 0.0212460234761
4 19 0 8 0.0212376154959
4 25 0 8 0.0211762301624
28 37 0 8 0.0211746003479
5 71 0 8 0.0211561452597
55 66 0 8 0.0211319811642
2 66 0 8 0.0210940018296
4 11 0 8 0.0210776329041
25 33 0 8 0.02105836384
4 12 0 8 0.021055277437
6 18 0 8 0.0210485886782
21 42 0 8 0.0210222136229
5 23 0 8 0.0210168473423
26 67 0 8 0.0210040863603
50 74 0 8 0.0209905207157
14 73 0 8 0.0209676958621
10 74 0 8 0.0209586769342
33 61 0 8 0.0209527201951
3 15 0 8 0.0209500510246
9 74 0 8 0.020910102874
11 47 0 8 0.0209093187004
7 62 0 8 0.0208944231272
10 70 0 8 0.0208941549063
13 63 0 8 0.0208834651858
20 32 0 8 0.0208294894546
5 67 0 8 0.0208206940442
8 21 0 8 0.0208082981408
63 71 0 8 0.0207926426083
13 59 0 8 0.0207894518971
9 72 0 8 0.0207567363977
12 59 0 8 0.020713403821
19 63 0 8 0.0206848997623
48 75 0 8 0.0206741318107
31 72 0 8 0.0206660535187
10 62 0 8 0.0206226445735
25 46 0 8 0.0205898154527
13 61 0 8 0.0205461755395
11 62 0 8 0.0204785373062
39 73 0 8 0.020476218313
4 55 0 8 0.020473100245
7 39 0 8 0.0204368103296
20 70 0 8 0.0203970596194
11 69 0 8 0.020289124921
58 65 0 8 0.0202770009637
23 33 0 8 0.0202521644533
45 50 0 8 0.0202447846532
47 76 0 8 0.0202093869448
37 61 0 8 0.0201456025243
20 67 0 8 0.0201160106808
51 70 0 8 0.0201142150909
8 69 0 8 0.0200893618166
13 69 0 8 0.0200675390661
4 63 0 8 0.0200207550079
22 71 0 8 0.0199954789132
10 60 0 8 0.0199937280267
25 45 0 8 0.019978241995
13 70 0 8 0.0199717916548
23 34 0 8 0.0198993552476
14 47 0 8 0.0198877435178
19 36 0 8 0.0198835618794
4 10 0 8 0.0198719166219
14 49 0 8 0.0198042467237
18 67 0 8 0.019758682698
14 56 0 8 0.019745381549
9 61 0 8 0.0197400245816
46 74 0 8 0.0197031293064
40 58 0 8 0.0196067299694
5 21 0 8 0.0195984840393
34 65 0 8 0.0195907447487
4 52 0 8 0.0195892509073
28 39 0 8 0.0195605903864
23 45 0 8 0.0195096638054
10 50 0 8 0.0193891525269
26 76 0 8 0.0193822085857
25 47 0 8 0.0193737372756
13 65 0 8 0.0193180702627
26 48 0 8 0.019306993112
1 62 0 8 0.0192885156721
21 38 0 8 0.0192789807916
15 54 0 8 0.0192630011588
5 61 0 8 0.0192342493683
12 66 0 8 0.0192308947444
52 77 0 8 0.0192052535713
2 65 0 8 0.019202278927
21 55 0 8 0.0191868077964
8 73 0 8 0.0191778875887
8 63 0 8 0.0191605556756
20 76 0 8 0.0191047340631
10 67 0 8 0.019093118608
11 67 0 8 0.0190685242414
50 77 0 8 0.0190553646535
12 47 0 8 0.0190308373421
14 70 0 8 0.0190126542002
4 14 0 8 0.0189925841987
6 62 0 8 0.0189858227968
10 72 0 8 0.0189834088087
16 40 0 8 0.0189823508263
36 67 0 8 0.0189521219581
10 57 0 8 0.0189184267074
8 19 0 8 0.0189038999379
58 66 0 8 0.0189026873559
2 59 0 8 0.0188251230866
21 76 0 8 0.0188078060746
40 53 0 8 0.0187855158001
5 52 0 8 0.0187620837241
3 21 0 8 0.0187410842627
15 71 0 8 0.0187373459339
21 34 0 8 0.0187245663255
12 63 0 8 0.0187110695988
53 70 0 8 0.0187001600862
10 22 0 8 0.0186949018389
53 66 0 8 0.0186693090945
5 72 0 8 0.0186611171812
13 44 0 8 0.0186559837312
43 76 0 8 0.0186245255172
43 69 0 8 0.018613582477
22 76 0 8 0.0185856502503
16 55 0 8 0.01858394593
19 51 0 8 0.018551338464
3 14 0 8 0.0185244958848
5 22 0 8 0.0185138266534
8 37 0 8 0.0184794459492
58 70 0 8 0.0184747036546
4 73 0 8 0.0184727404267
8 49 0 8 0.0184580013156
3 60 0 8 0.0184491537511
27 39 0 8 0.0184489414096
65 70 0 8 0.0184483397752
6 16 0 8 0.0184376835823
6 66 0 8 0.0184376239777
40 73 0 8 0.0184372141957
2 73 0 8 0.018387131393
53 76 0 8 0.0183798335493
29 66 0 8 0.0183797962964
5 64 0 8 0.0183680430055
3 63 0 8 0.0183599572629
55 61 0 8 0.0182519797236
3 48 0 8 0.0182454735041
5 69 0 8 0.0182292889804
14 46 0 8 0.0182270035148
3 74 0 8 0.0182201284915
30 39 0 8 0.01821102947
40 76 0 8 0.0182060655206
6 63 0 8 0.018202951178
16 46 0 8 0.0181787312031
33 62 0 8 0.0181772224605
19 49 0 8 0.0181720461696
40 67 0 8 0.0181648116559
4 21 0 8 0.01814529486
13 43 0 8 0.0181080549955
13 46 0 8 0.018014293164
14 60 0 8 0.0180038418621
3 67 0 8 0.0179864298552
49 77 0 8 0.0179406609386
53 63 0 8 0.0179139394313
22 32 0 8 0.0179021731019
18 76 0 8 0.0179013349116
7 45 0 8 0.0178971849382
21 32 0 8 0.0178641416132
27 65 0 8 0.0178588721901
25 58 0 8 0.0178402718157
7 49 0 8 0.0177387017757
11 74 0 8 0.0177282840014
42 77 0 8 0.0177264083177
38 60 0 8 0.0177121330053
5 74 0 8 0.0176652297378
4 49 0 8 0.0176566764712
20 74 0 8 0.0176274124533
39 66 0 8 0.0176219455898
16 71 0 8 0.017597373575
5 47 0 8 0.0175663717091
27 66 0 8 0.0175609327853
7 53 0 8 0.017516285181
21 37 0 8 0.0175028089434
15 62 0 8 0.017499897629
8 44 0 8 0.0174996834248
41 76 0 8 0.0174950435758
16 43 0 8 0.017472313717
62 70 0 8 0.0174187682569
39 74 0 8 0.0174137167633
13 74 0 8 0.0174070689827
49 75 0 8 0.0174053236842
53 62 0 8 0.0173924285918
16 65 0 8 0.0173866655678
41 77 0 8 0.0173727422953
11 56 0 8 0.0173341277987
58 67 0 8 0.0173274111003
2 14 0 8 0.0173233840615
4 67 0 8 0.0172948502004
3 18 0 8 0.017277315259
9 45 0 8 0.0172724742442
6 25 0 8 0.0172610487789
26 75 0 8 0.0172477234155
23 52 0 8 0.0172061882913
5 48 0 8 0.0171922370791
10 43 0 8 0.0171919222921
61 67 0 8 0.0170975346118
42 53 0 8 0.0170813053846
9 71 0 8 0.0170471873134
46 76 0 8 0.0170294418931
57 75 0 8 0.0170062761754
10 45 0 8 0.0169990248978
3 11 0 8 0.0169530250132
36 63 0 8 0.016873287037
35 43 0 8 0.0168430041522
4 22 0 8 0.0168157275766
47 75 0 8 0.0168139319867
5 43 0 8 0.0167977940291
2 76 0 8 0.0167971253395
13 71 0 8 0.0167685393244
36 76 0 8 0.0167665816844
2 21 0 8 0.0167405493557
13 60 0 8 0.0167308133096
14 72 0 8 0.0167158599943
5 62 0 8 0.0166994407773
13 72 0 8 0.0166982039809
5 60 0 8 0.0166789386421
3 65 0 8 0.0166776105762
4 60 0 8 0.0166669152677
15 75 0 8 0.0166481789201
9 53 0 8 0.0166029296815
2 63 0 8 0.0165857318789
10 61 0 8 0.016555249691
14 76 0 8 0.0165481772274
54 73 0 8 0.0165406372398
46 51 0 8 0.0165307037532
11 50 0 8 0.0165117438883
55 76 0 8 0.0165116358548
1 8 0 8 0.0164912454784
16 45 0 8 0.0164732355624
9 57 0 8 0.0164495036006
11 70 0 8 0.0164474900812
32 60 0 8 0.0163797754794
7 60 0 8 0.0163716971874
35 63 0 8 0.0163306575269
13 57 0 8 0.0163197685033
31 65 0 8 0.0162803940475
47 70 0 8 0.0162520930171
57 73 0 8 0.0162490978837
37 60 0 8 0.0162446927279
46 75 0 8 0.0161834172904
21 45 0 8 0.016168422997
8 64 0 8 0.0161660257727
5 26 0 8 0.0161591097713
15 61 0 8 0.0161547902972
1 76 0 8 0.0161451678723
7 54 0 8 0.0161426682025
8 72 0 8 0.0161425918341
6 52 0 8 0.0161370206624
10 53 0 8 0.0160914771259
3 26 0 8 0.0160071793944
44 59 0 8 0.016001727432
4 69 0 8 0.0159886293113
38 57 0 8 0.0159468892962
46 77 0 8 0.0159416235983
2 12 0 8 0.0159043688327
8 74 0 8 0.015870789066
70 75 0 8 0.015850873664
44 72 0 8 0.0158284157515
55 68 0 8 0.01581954211
14 62 0 8 0.0157965812832
54 76 0 8 0.0157949719578
44 77 0 8 0.01578479819
71 77 0 8 0.0157822500914
8 56 0 8 0.0157739128917
16 52 0 8 0.0156736727804
11 55 0 8 0.0156626719981
22 75 0 8 0.0156423281878
2 60 0 8 0.0155818257481
45 51 0 8 0.0155756091699
5 46 0 8 0.0155711071566
10 68 0 8 0.015557079576
22 59 0 8 0.0155562311411
18 57 0 8 0.0155411316082
31 43 0 8 0.0155175477266
21 31 0 8 0.0155141605064
3 55 0 8 0.0155120128766
4 74 0 8 0.0155086778104
42 47 0 8 0.0155080230907
39 76 0 8 0.0154714891687
8 67 0 8 0.0154569549486
3 70 0 8 0.0154488300905
35 64 0 8 0.0154303032905
47 72 0 8 0.0154199479148
23 71 0 8 0.0154121024534
6 17 0 8 0.015373243019
25 75 0 8 0.0153618073091
3 13 0 8 0.0153439799324
2 64 0 8 0.0153427561745
16 49 0 8 0.0153421070427
2 10 0 8 0.0153193827718
32 67 0 8 0.0153135862201
23 48 0 8 0.0152909466997
2 58 0 8 0.015290803276
22 51 0 8 0.0152907958254
10 41 0 8 0.0152885625139
45 75 0 8 0.0152813782915
3 73 0 8 0.0152657292783
50 75 0 8 0.0152432452887
45 54 0 8 0.0152426371351
6 69 0 8 0.0152382850647
40 63 0 8 0.015213418752
3 72 0 8 0.0152118187398
16 53 0 8 0.0152082545683
30 65 0 8 0.0152061702684
7 23 0 8 0.0151993948966
42 66 0 8 0.0151389166713
4 16 0 8 0.0151004455984
31 71 0 8 0.0151003887877
55 71 0 8 0.0150766214356
35 68 0 8 0.0150494975969
23 65 0 8 0.0150475474074
46 55 0 8 0.0150393936783
9 50 0 8 0.0150336027145
37 59 0 8 0.0150281954557
19 77 0 8 0.0150234317407
25 76 0 8 0.0149989454076
5 49 0 8 0.0149889318272
12 52 0 8 0.0149846933782
3 49 0 8 0.0149760879576
42 74 0 8 0.0149709125981
41 60 0 8 0.014939350076
5 57 0 8 0.0149239348248
17 73 0 8 0.0149038499221
30 40 0 8 0.0148771097884
21 49 0 8 0.014853771776
4 23 0 8 0.0148471733555
10 54 0 8 0.0148427244276
2 67 0 8 0.0148350214586
2 74 0 8 0.0148231722414
53 75 0 8 0.0147409010679
52 71 0 8 0.01472819224
16 47 0 8 0.0147265587002
20 43 0 8 0.0147255351767
6 21 0 8 0.0146991508082
14 43 0 8 0.0146861802787
2 72 0 8 0.0146712353453
56 76 0 8 0.0146701605991
11 53 0 8 0.0146564496681
39 60 0 8 0.0146525120363
23 76 0 8 0.0146379163489
7 61 0 8 0.0146211925894
41 74 0 8 0.014619845897
32 70 0 8 0.0146001782268
13 56 0 8 0.014593642205
23 47 0 8 0.0145864505321
54 75 0 8 0.0145848607644
36 62 0 8 0.0145584242418
61 72 0 8 0.0145577676594
55 67 0 8 0.0145565159619
43 72 0 8 0.0145500190556
8 60 0 8 0.0145111875609
11 21 0 8 0.0144975762814
2 18 0 8 0.0144874090329
11 46 0 8 0.0144841475412
19 75 0 8 0.0144696775824
60 73 0 8 0.0144642926753
39 52 0 8 0.0144575778395
39 44 0 8 0.0144573748112
2 22 0 8 0.0144558940083
21 77 0 8 0.014448877424
48 71 0 8 0.0144340479746
32 64 0 8 0.0144336894155
45 57 0 8 0.0144163481891
57 67 0 8 0.0143992230296
6 48 0 8 0.0143973361701
13 67 0 8 0.0143869463354
50 73 0 8 0.0143823362887
4 72 0 8 0.0143723348156
12 48 0 8 0.014368519187
38 56 0 8 0.0143666286021
11 57 0 8 0.0143413636833
16 41 0 8 0.0143313910812
21 60 0 8 0.0143266366795
18 49 0 8 0.0143001377583
14 69 0 8 0.0142904147506
8 58 0 8 0.0142759606242
7 68 0 8 0.0142720155418
21 36 0 8 0.0142656974494
60 71 0 8 0.0142516233027
4 76 0 8 0.0142495073378
32 41 0 8 0.0142350327224
3 10 0 8 0.0142012685537
14 64 0 8 0.0141923129559
62 71 0 8 0.0141861494631
23 75 0 8 0.0141713805497
34 67 0 8 0.0141460821033
25 52 0 8 0.0141309946775
11 72 0 8 0.014123336412
11 45 0 8 0.0141231967136
19 37 0 8 0.0141220288351
7 26 0 8 0.0141214644536
20 39 0 8 0.0141145484522
13 68 0 8 0.0141145223752
35 73 0 8 0.0141121335328
57 66 0 8 0.0141033725813
18 71 0 8 0.0140909664333
31 66 0 8 0.0140886809677
4 43 0 8 0.014087899588
14 53 0 8 0.0140629131347
31 69 0 8 0.0140621466562
15 77 0 8 0.014037527144
38 76 0 8 0.014023154974
16 67 0 8 0.0140148634091
16 77 0 8 0.013997563161
29 73 0 8 0.0139846121892
13 54 0 8 0.013960422948
3 51 0 8 0.0139603503048
16 75 0 8 0.0139581523836
12 73 0 8 0.0139479171485
32 65 0 8 0.0139418588951
4 70 0 8 0.0139344399795
3 22 0 8 0.0139338504523
7 46 0 8 0.0139321470633
4 26 0 8 0.0139247933403
1 12 0 8 0.0139165977016
11 61 0 8 0.0139129012823
26 68 0 8 0.0138821350411
18 54 0 8 0.0138749172911
1 9 0 8 0.0138405896723
24 73 0 8 0.0138391256332
25 55 0 8 0.0138204870746
56 75 0 8 0.0138201490045
31 74 0 8 0.013817855157
2 51 0 8 0.0138157624751
3 56 0 8 0.0138044822961
42 73 0 8 0.0137915303931
16 72 0 8 0.0137867256999
36 69 0 8 0.0137861166149
2 77 0 8 0.0137700345367
1 63 0 8 0.0137606803328
3 52 0 8 0.013759450987
43 77 0 8 0.0137489391491
52 68 0 8 0.0137488497421
38 65 0 8 0.0137460371479
9 54 0 8 0.0137415509671
19 57 0 8 0.013723436743
29 69 0 8 0.0137230232358
2 9 0 8 0.0136599764228
3 76 0 8 0.0136582227424
2 75 0 8 0.0136336544529
12 61 0 8 0.0136304227635
29 43 0 8 0.0136123048142
29 72 0 8 0.0136046754196
5 25 0 8 0.0135801890865
54 74 0 8 0.0135723017156
24 38 0 8 0.0135659398511
31 41 0 8 0.0135652627796
31 63 0 8 0.0135601209477
31 73 0 8 0.0135502377525
2 26 0 8 0.0135394958779
17 76 0 8 0.0135335363448
33 66 0 8 0.0135312583297
8 70 0 8 0.0135279484093
4 58 0 8 0.0135255428031
29 70 0 8 0.0134965619072
16 69 0 8 0.0134904626757
46 56 0 8 0.0134848216549
20 77 0 8 0.0134493261576
19 65 0 8 0.0134283872321
2 15 0 8 0.0134195964783
9 20 0 8 0.0134101686999
1 15 0 8 0.0134087996557
20 75 0 8 0.0134009160101
32 63 0 8 0.0133946454152
57 74 0 8 0.0133899394423
22 67 0 8 0.0133836027235
12 67 0 8 0.0133806122467
12 76 0 8 0.0133791705593
10 42 0 8 0.0133734634146
8 76 0 8 0.0133668147027
2 25 0 8 0.0133625390008
32 61 0 8 0.0133530497551
2 11 0 8 0.0133369266987
3 69 0 8 0.0133179211989
51 69 0 8 0.0133089320734
64 70 0 8 0.0133069343865
28 66 0 8 0.0133067034185
32 62 0 8 0.0132986418903
16 44 0 8 0.0132904667407
9 75 0 8 0.0132895167917
13 19 0 8 0.0132797528058
34 40 0 8 0.0132702281699
16 48 0 8 0.0132672814652
45 77 0 8 0.0132424784824
27 72 0 8 0.0132251987234
13 45 0 8 0.0132242776453
12 45 0 8 0.0132190268487
53 69 0 8 0.0132189402357
24 39 0 8 0.0132064251229
6 64 0 8 0.0131949642673
14 58 0 8 0.0131898801774
19 54 0 8 0.0131898624822
5 51 0 8 0.0131642790511
17 74 0 8 0.0131602529436
8 39 0 8 0.0131549034268
12 69 0 8 0.0131327975541
22 34 0 8 0.0131277740002
5 76 0 8 0.0131273111328
4 47 0 8 0.0131044620648
31 62 0 8 0.0130889313295
5 68 0 8 0.0130875939503
11 58 0 8 0.0130641246215
9 76 0 8 0.0130611797795
11 76 0 8 0.0130457673222
2 20 0 8 0.013030776754
61 70 0 8 0.0130183640867
12 58 0 8 0.0130047388375
33 60 0 8 0.0129935182631
18 35 0 8 0.0129746180028
13 75 0 8 0.0129715101793
35 41 0 8 0.012950415723
54 60 0 8 0.0129151958972
14 67 0 8 0.0128894466907
29 74 0 8 0.0128386793658
4 13 0 8 0.0128273051232
6 67 0 8 0.0128037966788
47 56 0 8 0.0128002883866
14 45 0 8 0.0127979926765
27 76 0 8 0.0127919344231
36 64 0 8 0.0127916214988
1 64 0 8 0.0127883153036
3 68 0 8 0.0127843189985
53 72 0 8 0.0127708753571
21 41 0 8 0.0127489743754
26 46 0 8 0.0127188637853
33 64 0 8 0.0127172227949
1 61 0 8 0.0126675851643
2 71 0 8 0.0126600973308
28 73 0 8 0.0126399258152
13 76 0 8 0.0126367416233
3 19 0 8 0.0126326493919
2 57 0 8 0.0126309776679
3 12 0 8 0.0126061737537
35 61 0 8 0.0126026375219
7 50 0 8 0.0126011539251
1 77 0 8 0.0125759579241
53 64 0 8 0.01257492695
2 69 0 8 0.0125668533146
38 61 0 8 0.0125605240464
14 57 0 8 0.0125567698851
46 72 0 8 0.0125456880778
2 23 0 8 0.0125238625333
41 67 0 8 0.0125207547098
28 40 0 8 0.0125071499497
2 50 0 8 0.0124969528988
16 51 0 8 0.0124822910875
37 63 0 8 0.0124693149701
20 35 0 8 0.0124689796939
34 62 0 8 0.0124590313062
7 20 0 8 0.0124583970755
49 70 0 8 0.0124505273998
44 54 0 8 0.0124448416755
24 33 0 8 0.0124411741272
49 72 0 8 0.0124330734834
1 66 0 8 0.0123959500343
58 71 0 8 0.0123901600018
3 61 0 8 0.0123708499596
6 73 0 8 0.0123474001884
20 36 0 8 0.0123105570674
36 74 0 8 0.0123001905158
35 74 0 8 0.012284129858
38 73 0 8 0.0122699169442
45 72 0 8 0.0122367618605
27 74 0 8 0.0121995052323
8 61 0 8 0.0121817905456
26 59 0 8 0.0121576227248
22 27 0 8 0.0121309645474
8 68 0 8 0.0121293189004
2 17 0 8 0.0121168978512
8 53 0 8 0.0121028376743
53 65 0 8 0.0120689505711
18 36 0 8 0.0120412139222
27 42 0 8 0.0120362741873
4 61 0 8 0.0120315970853
44 75 0 8 0.0120285991579
11 43 0 8 0.0120099643245
37 77 0 8 0.0119911544025
1 60 0 8 0.0119419144467
43 59 0 8 0.0119416834787
42 48 0 8 0.0119218053296
12 50 0 8 0.0119205862284
25 65 0 8 0.0119082201272
8 54 0 8 0.0119048543274
6 59 0 8 0.0118995653465
29 44 0 8 0.0118944142014
48 54 0 8 0.0118839330971
33 63 0 8 0.0118779884651
45 69 0 8 0.011855410412
29 47 0 8 0.0118327466771
37 62 0 8 0.0118238124996
10 20 0 8 0.0118109332398
1 11 0 8 0.0118053583428
27 70 0 8 0.0117858983576
20 41 0 8 0.0117768384516
24 66 0 8 0.0117735257372
4 46 0 8 0.0117713622749
21 56 0 8 0.0117389177904
41 54 0 8 0.0117380600423
17 65 0 8 0.011727345176
18 75 0 8 0.0117142656818
38 63 0 8 0.0117022544146
14 50 0 8 0.0116989901289
13 77 0 8 0.0116961728781
27 41 0 8 0.011672956869
12 46 0 8 0.011667529121
2 19 0 8 0.01161106769
37 57 0 8 0.0115981539711
58 75 0 8 0.0115978978574
3 50 0 8 0.0115710236132
20 52 0 8 0.0115453545004
1 26 0 8 0.011527470313
41 58 0 8 0.0115081435069
43 51 0 8 0.0114953387529
34 41 0 8 0.0114926015958
16 63 0 8 0.0114835053682
14 61 0 8 0.0114812431857
22 58 0 8 0.0114770010114
37 76 0 8 0.0114701977
16 56 0 8 0.011466759257
2 48 0 8 0.0114663913846
40 77 0 8 0.0114604197443
18 60 0 8 0.0114302132279
25 56 0 8 0.0114248860627
55 75 0 8 0.0114047452807
16 42 0 8 0.0114031108096
14 75 0 8 0.0113924881443
2 27 0 8 0.0113882357255
49 66 0 8 0.0113819567487
8 75 0 8 0.011377857998
39 67 0 8 0.0113731604069
25 67 0 8 0.0113313635811
29 42 0 8 0.0113268932328
12 56 0 8 0.0113254887983
34 42 0 8 0.0113234547898
23 55 0 8 0.011322141625
13 41 0 8 0.0112331416458
43 75 0 8 0.0112290484831
31 76 0 8 0.0112130232155
1 59 0 8 0.0112094283104
12 55 0 8 0.0112014571205
54 63 0 8 0.0111757218838
1 74 0 8 0.0111677953973
2 24 0 8 0.0111643094569
44 66 0 8 0.0111573422328
25 66 0 8 0.0111409565434
39 72 0 8 0.0111408447847
33 39 0 8 0.0110966013744
3 47 0 8 0.0110937021673
13 50 0 8 0.0110907424241
8 71 0 8 0.0110644772649
15 22 0 8 0.0110635533929
1 10 0 8 0.0110484082252
10 71 0 8 0.01102577243
17 46 0 8 0.0110189784318
18 68 0 8 0.0110077289864
2 28 0 8 0.0109897404909
14 77 0 8 0.0109635526314
38 69 0 8 0.0109630618244
20 31 0 8 0.0109610296786
31 64 0 8 0.0109605696052
12 74 0 8 0.0109592564404
3 75 0 8 0.0109583362937
38 77 0 8 0.0109541723505
11 44 0 8 0.0109515115619
54 65 0 8 0.0109503185377
2 56 0 8 0.0109478598461
3 77 0 8 0.0109474631026
6 60 0 8 0.0109166372567
4 51 0 8 0.0108956759796
42 55 0 8 0.0108686732128
34 69 0 8 0.0108686219901
5 53 0 8 0.0108639476821
26 64 0 8 0.0108601776883
2 55 0 8 0.0108535513282
53 77 0 8 0.0108214244246
2 68 0 8 0.0108162853867
58 74 0 8 0.0108140045777
7 76 0 8 0.0107883019373
5 20 0 8 0.0107715222985
13 42 0 8 0.0107688345015
3 17 0 8 0.0107638221234
6 46 0 8 0.0107006253675
16 66 0 8 0.0106792896986
11 68 0 8 0.0106713874266
4 71 0 8 0.0106360455975
24 34 0 8 0.010586229153
10 76 0 8 0.01057408005
11 22 0 8 0.0105738956481
10 75 0 8 0.0105700744316
1 16 0 8 0.0105608776212
38 43 0 8 0.0105583174154
40 75 0 8 0.0105370925739
26 65 0 8 0.0105297965929
2 61 0 8 0.0105159245431
5 45 0 8 0.0105076767504
12 77 0 8 0.010490462184
4 17 0 8 0.0104856966063
47 69 0 8 0.0104538723826
19 68 0 8 0.01043234393
1 75 0 8 0.0104214213789
31 68 0 8 0.0104168141261
3 20 0 8 0.0103845791891
33 41 0 8 0.0103727672249
2 70 0 8 0.01036129985
1 21 0 8 0.0103483311832
36 61 0 8 0.0103383101523
2 13 0 8 0.0103223295882
27 75 0 8 0.0103206103668
20 69 0 8 0.0102935358882
3 16 0 8 0.0102848839015
22 77 0 8 0.0102594904602
6 24 0 8 0.01025817357
45 66 0 8 0.0102381408215
30 41 0 8 0.0102373957634
3 25 0 8 0.010206525214
19 64 0 8 0.0102016273886
2 49 0 8 0.0101767834276
54 77 0 8 0.0101733021438
32 69 0 8 0.0101456381381
12 21 0 8 0.0101426793262
1 23 0 8 0.0101360362023
47 71 0 8 0.0101225441322
21 71 0 8 0.0101201310754
37 64 0 8 0.0101002417505
1 58 0 8 0.0100896293297
39 58 0 8 0.0100542670116
2 47 0 8 0.0100406501442
44 71 0 8 0.0100374417379
52 62 0 8 0.0100325252861
3 57 0 8 0.0100322216749
26 77 0 8 0.0100023262203
23 77 0 8 0.0099705895409
24 36 0 8 0.00996604375541
1 20 0 8 0.00993066839874
18 63 0 8 0.00992605648935
41 62 0 8 0.00992161501199
4 53 0 8 0.00990547798574
5 75 0 8 0.0099041312933
35 76 0 8 0.00988645292819
46 70 0 8 0.00986216403544
6 58 0 8 0.00985593162477
1 65 0 8 0.00982174184173
40 72 0 8 0.00975591130555
20 72 0 8 0.00974295660853
39 65 0 8 0.00973838940263
2 52 0 8 0.00973727740347
17 47 0 8 0.00973482243717
20 44 0 8 0.00973090156913
27 67 0 8 0.00972151383758
41 61 0 8 0.00971291493624
4 57 0 8 0.0096932630986
17 51 0 8 0.00969122257084
54 59 0 8 0.00967448297888
22 30 0 8 0.00967354979366
7 35 0 8 0.00967197027057
27 43 0 8 0.00965992361307
5 44 0 8 0.00959379505366
18 65 0 8 0.0095821255818
2 16 0 8 0.00958145596087
36 56 0 8 0.00957279931754
53 67 0 8 0.00957231968641
27 73 0 8 0.00954614859074
57 76 0 8 0.00951884780079
7 38 0 8 0.00951630435884
3 54 0 8 0.00950003881007
21 67 0 8 0.00947422813624
2 46 0 8 0.0094614746049
24 74 0 8 0.00946031697094
33 59 0 8 0.0094409706071
35 58 0 8 0.00942884013057
1 13 0 8 0.00941050518304
12 72 0 8 0.00937633961439
11 75 0 8 0.00935796834528
17 77 0 8 0.00935517065227
19 50 0 8 0.00933111645281
8 45 0 8 0.00932806637138
6 19 0 8 0.00931599643081
49 54 0 8 0.00930527225137
42 75 0 8 0.00928960181773
41 75 0 8 0.00927189830691
1 22 0 8 0.00926460325718
4 54 0 8 0.00926427077502
4 50 0 8 0.00925500970334
22 65 0 8 0.00924982130527
6 74 0 8 0.00924664083868
11 20 0 8 0.00920495949686
8 77 0 8 0.00920486357063
21 66 0 8 0.00919938553125
43 66 0 8 0.00918659940362
5 17 0 8 0.00917069334537
22 33 0 8 0.00916794221848
6 22 0 8 0.00915429461747
19 60 0 8 0.00912012439221
36 70 0 8 0.00911439862102
31 59 0 8 0.00906630139798
22 68 0 8 0.00905829388648
6 76 0 8 0.00901428889483
6 61 0 8 0.00900418218225
28 74 0 8 0.00899098441005
57 71 0 8 0.00898996088654
42 65 0 8 0.00898683909327
41 65 0 8 0.00893280375749
5 54 0 8 0.0089146187529
4 75 0 8 0.00891289580613
8 36 0 8 0.00890681520104
15 35 0 8 0.00890316721052
45 67 0 8 0.00889988057315
17 72 0 8 0.00888645276427
4 32 0 8 0.00888125505298
5 50 0 8 0.00887242797762
42 57 0 8 0.00886023510247
29 77 0 8 0.00885216891766
28 72 0 8 0.00883086584508
9 77 0 8 0.00882872100919
44 57 0 8 0.00882416218519
1 72 0 8 0.00882236845791
28 75 0 8 0.00881809089333
4 68 0 8 0.00881463754922
30 73 0 8 0.00879373122007
27 71 0 8 0.00877265073359
29 65 0 8 0.00876087415963
22 60 0 8 0.00870425160974
50 72 0 8 0.0086959078908
20 53 0 8 0.00869322754443
11 77 0 8 0.00868311990052
3 23 0 8 0.00867846328765
16 39 0 8 0.00867489911616
33 40 0 8 0.00867233239114
10 40 0 8 0.00862772669643
29 76 0 8 0.00858681742102
7 75 0 8 0.00858230795711
21 53 0 8 0.00857329368591
7 37 0 8 0.00854152720422
21 63 0 8 0.00853609386832
6 55 0 8 0.00852618459612
40 60 0 8 0.00850913859904
39 77 0 8 0.00850416719913
15 37 0 8 0.008475179784
17 54 0 8 0.00846295896918
20 47 0 8 0.00846031866968
21 50 0 8 0.00845881924033
24 37 0 8 0.00845835078508
29 41 0 8 0.00845801830292
6 47 0 8 0.00843386352062
14 42 0 8 0.00842997990549
24 43 0 8 0.00840603560209
6 70 0 8 0.00838546734303
39 63 0 8 0.00836790911853
1 19 0 8 0.00835978612304
18 77 0 8 0.00835566781461
4 77 0 8 0.00835433229804
25 59 0 8 0.00834580790251
25 68 0 8 0.00834255665541
12 19 0 8 0.00833423808217
70 76 0 8 0.00832400470972
6 56 0 8 0.00832212809473
1 14 0 8 0.00830027647316
16 50 0 8 0.00827497430146
32 71 0 8 0.00826184079051
28 76 0 8 0.00825520884246
5 24 0 8 0.00821224041283
30 72 0 8 0.00820370484143
16 59 0 8 0.00820252206177
22 57 0 8 0.00819829385728
21 68 0 8 0.0081911245361
21 65 0 8 0.00819029193372
1 73 0 8 0.00816260837018
22 63 0 8 0.0081594735384
4 29 0 8 0.00815388467163
18 50 0 8 0.00814168807119
6 49 0 8 0.00812489632517
43 50 0 8 0.00812080223113
3 24 0 8 0.0081188743934
25 77 0 8 0.00806999206543
1 51 0 8 0.00805700849742
35 62 0 8 0.00805590767413
20 38 0 8 0.00801717955619
24 42 0 8 0.00801185332239
4 20 0 8 0.00799623224884
1 57 0 8 0.00796747673303
30 63 0 8 0.00794787239283
5 77 0 8 0.00794532801956
8 57 0 8 0.00792770832777
1 27 0 8 0.00791861861944
17 52 0 8 0.00785607099533
35 70 0 8 0.00782820489258
14 71 0 8 0.00782366842031
20 40 0 8 0.00781775638461
41 71 0 8 0.00780123658478
29 63 0 8 0.00779679836705
53 68 0 8 0.00778318336233
43 54 0 8 0.00776340067387
52 64 0 8 0.00776150543243
2 29 0 8 0.00775809865445
29 71 0 8 0.00773557135835
54 72 0 8 0.00771317491308
59 76 0 8 0.00770852994174
60 74 0 8 0.00770614854991
6 51 0 8 0.00770206609741
11 71 0 8 0.00769044924527
49 71 0 8 0.00768605107442
13 40 0 8 0.00765195814893
2 54 0 8 0.00763861602172
1 67 0 8 0.00762423640117
17 66 0 8 0.00761796161532
28 43 0 8 0.00761339208111
1 29 0 8 0.00761321932077
13 39 0 8 0.00761138182133
20 55 0 8 0.00758213736117
23 53 0 8 0.0075569874607
30 69 0 8 0.00754924863577
40 57 0 8 0.00754682673141
12 75 0 8 0.00752814626321
1 28 0 8 0.00752050057054
29 67 0 8 0.00750273326412
30 77 0 8 0.00749334786087
3 46 0 8 0.00748858647421
1 49 0 8 0.00748625118285
20 48 0 8 0.00747025385499
17 55 0 8 0.00747006293386
2 45 0 8 0.00745667610317
9 41 0 8 0.00744247762486
36 73 0 8 0.00743187218904
29 75 0 8 0.00741012673825
41 46 0 8 0.0073792883195
30 64 0 8 0.00736603839323
12 44 0 8 0.0073512038216
1 24 0 8 0.00734806247056
4 24 0 8 0.00732117379084
1 25 0 8 0.00731783406809
43 71 0 8 0.00730099482462
36 77 0 8 0.00729148648679
1 17 0 8 0.00728737004101
17 48 0 8 0.00728551438078
28 70 0 8 0.00724598532543
24 76 0 8 0.00724178459495
3 28 0 8 0.00723573984578
25 49 0 8 0.00719039328396
51 71 0 8 0.00718712294474
17 43 0 8 0.00717203551903
14 54 0 8 0.00716394837946
23 49 0 8 0.00715846987441
39 75 0 8 0.00713754631579
30 70 0 8 0.00713152065873
24 72 0 8 0.00712985917926
17 75 0 8 0.00712861679494
20 46 0 8 0.0071246526204
21 59 0 8 0.00712036993355
31 75 0 8 0.00711116287857
39 64 0 8 0.00708290468901
12 20 0 8 0.00707438122481
38 74 0 8 0.00707126408815
24 75 0 8 0.00706132035702
3 53 0 8 0.00705022597685
41 63 0 8 0.00702770613134
24 46 0 8 0.00702598597854
23 57 0 8 0.00701574748382
20 37 0 8 0.00698378682137
21 58 0 8 0.00698137655854
15 20 0 8 0.00696113146842
2 53 0 8 0.00693985726684
1 47 0 8 0.0069205313921
59 75 0 8 0.0069127921015
18 37 0 8 0.00691097183153
55 77 0 8 0.00689555890858
8 20 0 8 0.00689405668527
54 69 0 8 0.00689363246784
34 61 0 8 0.00687373802066
32 73 0 8 0.00687274802476
30 74 0 8 0.00686633959413
30 76 0 8 0.00684202788398
30 66 0 8 0.00682615907863
16 62 0 8 0.00681927707046
42 59 0 8 0.00681906053796
39 62 0 8 0.00679303891957
12 54 0 8 0.00678133498877
6 57 0 8 0.00677882414311
12 68 0 8 0.00676539819688
1 46 0 8 0.00675995694473
34 60 0 8 0.00674584554508
30 68 0 8 0.00674357451499
24 41 0 8 0.00673911394551
37 42 0 8 0.00673725968227
27 77 0 8 0.00670447899029
41 49 0 8 0.00670428900048
28 42 0 8 0.00669123465195
39 57 0 8 0.00668597826734
43 58 0 8 0.00667487550527
6 77 0 8 0.00665643112734
42 72 0 8 0.0066429185681
4 45 0 8 0.00662837829441
2 42 0 8 0.00662573240697
31 60 0 8 0.00661923270673
4 44 0 8 0.00660687126219
28 41 0 8 0.00660421792418
32 72 0 8 0.00657556811348
28 77 0 8 0.00654655462131
52 67 0 8 0.00653956225142
18 64 0 8 0.00652295071632
17 44 0 8 0.00651511270553
27 69 0 8 0.00650414312258
47 68 0 8 0.00649300497025
35 56 0 8 0.00648639490828
58 76 0 8 0.00648008333519
12 53 0 8 0.00647152680904
6 72 0 8 0.00644834712148
47 54 0 8 0.00644341809675
26 53 0 8 0.0064191762358
32 68 0 8 0.00641248933971
3 45 0 8 0.00641173543409
1 18 0 8 0.00639287754893
6 50 0 8 0.0063906731084
54 66 0 8 0.00637886300683
1 71 0 8 0.00636574812233
16 64 0 8 0.00635673291981
33 67 0 8 0.00635536573827
2 30 0 8 0.0063495868817
1 70 0 8 0.00634643482044
11 41 0 8 0.00634299544618
37 68 0 8 0.00634190766141
16 36 0 8 0.00633340654895
23 58 0 8 0.0063200937584
27 44 0 8 0.00631723739207
23 63 0 8 0.0063152955845
30 75 0 8 0.00631412258372
32 42 0 8 0.0063113886863
12 70 0 8 0.00631036609411
53 71 0 8 0.00630641449243
39 70 0 8 0.00630169454962
7 77 0 8 0.00630104634911
24 40 0 8 0.0062996763736
37 75 0 8 0.00628461129963
11 54 0 8 0.00627706060186
42 71 0 8 0.00627573160455
42 51 0 8 0.00627433694899
19 62 0 8 0.00626546563581
44 67 0 8 0.00625842437148
30 62 0 8 0.00622613821179
14 40 0 8 0.00622309092432
54 61 0 8 0.00622117752209
56 77 0 8 0.00620775157586
9 42 0 8 0.00618511810899
6 75 0 8 0.00617988267913
27 64 0 8 0.00615502195433
30 71 0 8 0.00615472439677
32 74 0 8 0.00613895291463
37 72 0 8 0.00613498035818
3 44 0 8 0.00612941244617
62 72 0 8 0.00609800685197
32 76 0 8 0.0060960566625
10 77 0 8 0.00609080959111
20 45 0 8 0.00608983682469
1 30 0 8 0.00608614087105
54 70 0 8 0.00607744744048
35 42 0 8 0.00607604486868
3 40 0 8 0.00607042666525
36 58 0 8 0.00605754787102
31 61 0 8 0.00604135449976
2 31 0 8 0.00603277003393
54 64 0 8 0.00601316429675
17 40 0 8 0.00600949767977
14 39 0 8 0.00600654166192
20 42 0 8 0.00600264826789
12 57 0 8 0.00596225820482
36 75 0 8 0.00595517735928
1 68 0 8 0.00595269957557
12 41 0 8 0.00594806298614
20 49 0 8 0.00593983614817
24 77 0 8 0.00593878608197
54 62 0 8 0.00591651862487
50 70 0 8 0.00591496191919
3 27 0 8 0.00591245060787
6 53 0 8 0.00591129856184
38 58 0 8 0.005907332059
11 39 0 8 0.00590646965429
6 23 0 8 0.005877553951
46 71 0 8 0.0058768466115
18 23 0 8 0.00586998369545
17 67 0 8 0.00586907099932
1 50 0 8 0.00586669519544
28 65 0 8 0.00584526453167
61 71 0 8 0.00583034288138
6 68 0 8 0.00581797352061
32 75 0 8 0.00581731973216
62 73 0 8 0.00581405311823
34 59 0 8 0.00580839952454
4 42 0 8 0.00578130129725
26 49 0 8 0.00577149214223
1 69 0 8 0.00574560044333
11 42 0 8 0.00573766231537
40 45 0 8 0.00573505973443
22 64 0 8 0.00571527797729
17 64 0 8 0.00569078326225
21 54 0 8 0.00569014623761
22 62 0 8 0.005672742147
23 59 0 8 0.00564497197047
21 33 0 8 0.00564123177901
9 35 0 8 0.00563713023439
23 50 0 8 0.00563684664667
29 64 0 8 0.00563278282061
35 75 0 8 0.00562746543437
5 42 0 8 0.00562717206776
37 58 0 8 0.00561283295974
17 69 0 8 0.00560807622969
35 77 0 8 0.00560506433249
17 53 0 8 0.00560468435287
20 51 0 8 0.00560071785003
4 38 0 8 0.00559753971174
46 57 0 8 0.00559345632792
14 68 0 8 0.00558239454404
16 54 0 8 0.00555124366656
40 62 0 8 0.00553304934874
60 75 0 8 0.00552507909015
20 34 0 8 0.00552198849618
19 33 0 8 0.00551470555365
17 41 0 8 0.00551218539476
17 70 0 8 0.00547743774951
37 73 0 8 0.00547012034804
34 63 0 8 0.00546222412959
2 40 0 8 0.00535981962457
38 62 0 8 0.00535854417831
45 65 0 8 0.00535480678082
1 52 0 8 0.00535196345299
33 69 0 8 0.00533023569733
20 50 0 8 0.00532878236845
16 57 0 8 0.00532660400495
29 68 0 8 0.00532262166962
32 43 0 8 0.00532196741551
48 59 0 8 0.00531522696838
26 51 0 8 0.00529814418405
54 68 0 8 0.00527871167287
13 22 0 8 0.00527060031891
28 67 0 8 0.0052696429193
42 67 0 8 0.00525532290339
49 69 0 8 0.00525247910991
39 61 0 8 0.00523657072335
1 55 0 8 0.00519047351554
17 45 0 8 0.00518931914121
42 49 0 8 0.00516089331359
16 58 0 8 0.00515948142856
34 73 0 8 0.00514429947361
17 68 0 8 0.00513772945851
17 49 0 8 0.00512556219473
23 68 0 8 0.00512284180149
6 71 0 8 0.00509888445958
1 45 0 8 0.00508934119716
3 42 0 8 0.00507951667532
37 71 0 8 0.00502629578114
53 61 0 8 0.00501572107896
4 27 0 8 0.00501229567453
22 54 0 8 0.00500263087451
23 51 0 8 0.00500237010419
5 39 0 8 0.00499700894579
39 53 0 8 0.00498416088521
23 64 0 8 0.00498233363032
2 41 0 8 0.00495672691613
66 71 0 8 0.00495146168396
26 58 0 8 0.00494543230161
1 48 0 8 0.00493860384449
17 63 0 8 0.0049308957532
6 44 0 8 0.00492871552706
17 39 0 8 0.00491937017068
34 76 0 8 0.00491585116833
26 63 0 8 0.00486988481134
2 44 0 8 0.00484568532556
35 72 0 8 0.00484480941668
1 56 0 8 0.00482606329024
41 51 0 8 0.0048233224079
45 71 0 8 0.00482296990231
33 76 0 8 0.0048088398762
5 37 0 8 0.00479661952704
32 59 0 8 0.00476720463485
54 71 0 8 0.00476280413568
22 29 0 8 0.0047601624392
5 40 0 8 0.00474765244871
1 54 0 8 0.00474233180285
3 43 0 8 0.00471226871014
69 74 0 8 0.00468783918768
8 25 0 8 0.00468722078949
42 70 0 8 0.00468416512012
21 62 0 8 0.00467892410234
2 36 0 8 0.00467779347673
16 37 0 8 0.00467264140025
9 40 0 8 0.00465630972758
47 67 0 8 0.00464681675658
14 41 0 8 0.0046387934126
19 32 0 8 0.00463459640741
9 39 0 8 0.00463041476905
7 24 0 8 0.00461305212229
8 23 0 8 0.0046073673293
18 62 0 8 0.00460291467607
10 23 0 8 0.00458308728412
28 64 0 8 0.00455744378269
17 42 0 8 0.00455117039382
25 63 0 8 0.0045475019142
58 77 0 8 0.00453839078546
22 28 0 8 0.00453543616459
21 26 0 8 0.00452334433794
7 36 0 8 0.00452161859721
16 38 0 8 0.00446922425181
46 69 0 8 0.00444074813277
6 45 0 8 0.00442801648751
7 41 0 8 0.00439404230565
52 65 0 8 0.0043822596781
46 54 0 8 0.00437650084496
1 31 0 8 0.00437429267913
17 59 0 8 0.00435148738325
1 32 0 8 0.0043217651546
43 67 0 8 0.0043202531524
28 46 0 8 0.00431747268885
19 34 0 8 0.00430879648775
40 51 0 8 0.00430609053001
17 56 0 8 0.00429702270776
16 60 0 8 0.00429451605305
22 50 0 8 0.00427635665983
19 31 0 8 0.00426878593862
18 61 0 8 0.00426631746814
16 68 0 8 0.0042609712109
25 64 0 8 0.00425694510341
44 58 0 8 0.00424883374944
27 63 0 8 0.00424360344186
61 73 0 8 0.00423960154876
41 64 0 8 0.00423140265048
12 71 0 8 0.00420945743099
8 35 0 8 0.00420332560316
25 53 0 8 0.00420226948336
23 54 0 8 0.00418557180092
43 57 0 8 0.00416162144393
54 67 0 8 0.00414612144232
20 33 0 8 0.00413624988869
2 43 0 8 0.00412602350116
2 35 0 8 0.0041159898974
4 40 0 8 0.00407784013078
6 20 0 8 0.00406163418666
27 68 0 8 0.00405887467787
24 70 0 8 0.00404617097229
47 65 0 8 0.0040451833047
64 71 0 8 0.00402153655887
18 34 0 8 0.00402097916231
37 55 0 8 0.00399807514623
34 68 0 8 0.00399780692533
12 40 0 8 0.00399410258979
14 38 0 8 0.00399186322466
40 65 0 8 0.00398759543896
38 64 0 8 0.00398544874042
25 62 0 8 0.00398335745558
3 29 0 8 0.0039778938517
20 71 0 8 0.00396797293797
48 67 0 8 0.00394717976451
38 70 0 8 0.00393028184772
20 65 0 8 0.00392076326534
26 54 0 8 0.00391595577821
16 61 0 8 0.00390639062971
42 58 0 8 0.00390145671554
45 58 0 8 0.00389990047552
51 63 0 8 0.00389402150176
17 71 0 8 0.0038887464907
67 72 0 8 0.00388807617128
31 77 0 8 0.00388552853838
12 43 0 8 0.00385913951322
28 71 0 8 0.00385877862573
34 72 0 8 0.00385398860089
5 38 0 8 0.0038531976752
4 36 0 8 0.0038434911985
20 63 0 8 0.00382936815731
21 64 0 8 0.00381595641375
17 58 0 8 0.00380286085419
37 74 0 8 0.0037999029737
28 47 0 8 0.00376791344024
24 44 0 8 0.00376753206365
29 46 0 8 0.00374158285558
11 40 0 8 0.00373419071548
27 46 0 8 0.00372545514256
19 61 0 8 0.00371831911616
17 50 0 8 0.00371549557894
50 71 0 8 0.00371544971131
2 33 0 8 0.00369731895626
24 45 0 8 0.00369065720588
28 68 0 8 0.00368919153698
20 58 0 8 0.0036802587565
17 35 0 8 0.00367416697554
10 35 0 8 0.00367047684267
9 38 0 8 0.00366348936222
15 36 0 8 0.00365372234955
1 42 0 8 0.00365214142948
29 62 0 8 0.00364842824638
34 58 0 8 0.00362232909538
28 63 0 8 0.00359081360511
38 72 0 8 0.00358810368925
38 55 0 8 0.00357286771759
39 68 0 8 0.00356579921208
26 57 0 8 0.00355926877819
31 44 0 8 0.00355497933924
14 22 0 8 0.00355012645014
6 54 0 8 0.00354745727964
41 72 0 8 0.0035390460398
30 42 0 8 0.0035104022827
36 68 0 8 0.00350557826459
10 38 0 8 0.00349895656109
57 77 0 8 0.0034920652397
26 60 0 8 0.0034913700074
31 56 0 8 0.00348627567291
10 39 0 8 0.00347362738103
6 26 0 8 0.00343640032224
40 61 0 8 0.00342770898715
26 50 0 8 0.00342289404944
12 42 0 8 0.003411866026
13 20 0 8 0.0034066378139
38 75 0 8 0.00340512767434
24 47 0 8 0.0033966510091
3 34 0 8 0.00339413224719
30 67 0 8 0.00337740685791
2 34 0 8 0.0033469365444
4 34 0 8 0.00332716968842
41 50 0 8 0.00332691823132
7 31 0 8 0.00330979004502
3 32 0 8 0.00330962776206
38 52 0 8 0.0033079420682
20 60 0 8 0.00330656371079
28 69 0 8 0.00330227613449
17 60 0 8 0.00328465295024
68 73 0 8 0.00326887355186
20 25 0 8 0.00325968908146
4 31 0 8 0.00324807921425
20 30 0 8 0.00324433017522
4 35 0 8 0.00322328251787
21 30 0 8 0.00322015560232
3 41 0 8 0.00316588277929
9 37 0 8 0.00315345032141
3 30 0 8 0.00312560913153
14 37 0 8 0.00311750289984
27 47 0 8 0.00311403884552
30 43 0 8 0.00311186653562
6 35 0 8 0.00310941785574
20 68 0 8 0.0031074967701
42 60 0 8 0.00310438475572
33 42 0 8 0.00309869670309
42 69 0 8 0.00309639656916
34 70 0 8 0.00309187686071
9 36 0 8 0.00307426042855
1 41 0 8 0.00307363341562
49 55 0 8 0.00307012442499
34 75 0 8 0.00306558748707
27 45 0 8 0.00305821932852
34 77 0 8 0.00305629521608
5 34 0 8 0.00302179553546
30 60 0 8 0.00301870261319
27 48 0 8 0.00300423451699
48 68 0 8 0.00300040072761
4 33 0 8 0.00299711036496
33 77 0 8 0.00298879784532
8 42 0 8 0.00297488668002
20 56 0 8 0.00296714785509
24 71 0 8 0.00295584625565
4 39 0 8 0.00294309109449
1 53 0 8 0.00293681933545
7 34 0 8 0.00292765023187
6 31 0 8 0.00291782175191
23 62 0 8 0.00289533915929
21 57 0 8 0.00287993601523
2 32 0 8 0.00287862168625
20 59 0 8 0.00287790596485
44 63 0 8 0.00286878529005
9 26 0 8 0.00285744830035
3 35 0 8 0.00282929232344
17 62 0 8 0.00281869387254
9 23 0 8 0.00281447242014
26 62 0 8 0.0028123841621
4 28 0 8 0.0028067973908
34 74 0 8 0.00280603393912
30 61 0 8 0.0028005966451
1 44 0 8 0.00279323547147
8 38 0 8 0.00279007479548
40 50 0 8 0.00277826958336
19 26 0 8 0.00277710612863
40 68 0 8 0.00276802224107
7 32 0 8 0.00276619964279
32 77 0 8 0.00276214885525
33 70 0 8 0.00275977770798
22 61 0 8 0.00273820478469
44 68 0 8 0.00272391643375
52 57 0 8 0.00271966564469
16 21 0 8 0.00271499715745
3 31 0 8 0.0027134779375
35 55 0 8 0.00270534260198
5 35 0 8 0.00269655068405
6 36 0 8 0.00269601214677
17 37 0 8 0.00268963747658
5 36 0 8 0.00267216842622
9 32 0 8 0.00266552809626
48 57 0 8 0.00264924694784
24 69 0 8 0.00264825415798
21 61 0 8 0.00263846013695
9 34 0 8 0.00263447780162
49 65 0 8 0.00261053233407
8 26 0 8 0.00260712020099
16 35 0 8 0.00259556015953
61 74 0 8 0.00258889026009
25 54 0 8 0.00258455867879
23 60 0 8 0.0025754084345
70 77 0 8 0.00256959185936
13 37 0 8 0.00255854916759
10 36 0 8 0.0025561384391
32 58 0 8 0.00254135392606
5 33 0 8 0.0025358023122
4 30 0 8 0.002532962244
28 62 0 8 0.0025300194975
35 57 0 8 0.00252376031131
17 57 0 8 0.00252253981307
36 72 0 8 0.00251594209112
20 64 0 8 0.00251020351425
24 65 0 8 0.00250228703953
45 63 0 8 0.00250015035272
1 40 0 8 0.00248514744453
8 24 0 8 0.00247664982453
33 75 0 8 0.00247095362283
13 38 0 8 0.00246736430563
2 37 0 8 0.00246280548163
27 52 0 8 0.00245780264959
7 42 0 8 0.0024569327943
25 57 0 8 0.00245219515637
28 44 0 8 0.00245108013041
29 45 0 8 0.00244457740337
42 50 0 8 0.00243001128547
35 52 0 8 0.00242971396074
43 63 0 8 0.0024210694246
50 66 0 8 0.00241474434733
35 44 0 8 0.00238460348919
48 58 0 8 0.00238402490504
50 55 0 8 0.00235745823011
9 31 0 8 0.00235188100487
40 71 0 8 0.00234396499582
51 68 0 8 0.00233336025849
43 60 0 8 0.00232445704751
2 38 0 8 0.00231531122699
3 36 0 8 0.00231181667186
5 28 0 8 0.00231040711515
53 59 0 8 0.00231013027951
10 34 0 8 0.00230479729362
1 34 0 8 0.00230442662723
3 39 0 8 0.00229247729294
18 26 0 8 0.00228059408255
39 71 0 8 0.00227246037684
50 69 0 8 0.00226622656919
20 62 0 8 0.00226313946769
10 32 0 8 0.00224922620691
8 32 0 8 0.00224417867139
1 43 0 8 0.00223900098354
5 27 0 8 0.0022338044364
25 50 0 8 0.00222753523849
51 67 0 8 0.00222455710173
42 54 0 8 0.00221838266589
29 61 0 8 0.00221517519094
1 39 0 8 0.00221481383778
33 68 0 8 0.00219661765732
40 64 0 8 0.00219132727943
38 44 0 8 0.00216532824561
5 32 0 8 0.00215966091491
31 46 0 8 0.00215227203444
33 74 0 8 0.00214496115223
21 29 0 8 0.00213974202052
6 32 0 8 0.00213940418325
17 36 0 8 0.00213448773138
1 33 0 8 0.00213196245022
28 51 0 8 0.00213087326847
23 61 0 8 0.00212992937304
35 71 0 8 0.0021298432257
10 31 0 8 0.00212891818956
1 36 0 8 0.00212729186751
12 22 0 8 0.00212011858821
36 55 0 8 0.00210520927794
25 60 0 8 0.00210265233181
20 61 0 8 0.00209766859189
34 43 0 8 0.00209399987943
45 64 0 8 0.00209331931546
44 62 0 8 0.00208210269921
33 73 0 8 0.00207845005207
46 68 0 8 0.00206704437733
36 57 0 8 0.00206510559656
28 45 0 8 0.00206256401725
8 34 0 8 0.00206029112451
6 37 0 8 0.00206013419665
2 39 0 8 0.00204956694506
38 68 0 8 0.0020408895798
4 37 0 8 0.00203674868681
1 35 0 8 0.00202091224492
49 67 0 8 0.00200283294544
43 68 0 8 0.00199683802202
60 76 0 8 0.00199230015278
53 60 0 8 0.00199147150852
48 63 0 8 0.00198276969604
42 61 0 8 0.00198159902357
41 68 0 8 0.00197656685486
63 73 0 8 0.00196167360991
5 41 0 8 0.00195747986436
48 65 0 8 0.00194945221301
27 49 0 8 0.0019224032294
24 48 0 8 0.00192184059415
10 25 0 8 0.00192011904437
27 55 0 8 0.00190127745736
6 34 0 8 0.00189512164798
53 58 0 8 0.00189311406575
6 39 0 8 0.00189039681572
31 55 0 8 0.00188897852786
40 54 0 8 0.00188056612387
29 51 0 8 0.00187134835869
11 32 0 8 0.00186180882156
9 25 0 8 0.00185843219515
17 38 0 8 0.00185620354023
27 59 0 8 0.00185511994641
1 38 0 8 0.00184211472515
51 56 0 8 0.0018303928664
48 64 0 8 0.00181855761912
39 48 0 8 0.00181434373371
18 32 0 8 0.00181269238237
15 23 0 8 0.00181044719648
36 42 0 8 0.00180622783955
29 48 0 8 0.0018045642646
30 44 0 8 0.00180308579002
20 57 0 8 0.00179861125071
8 41 0 8 0.00179745769128
64 73 0 8 0.00177967268974
17 61 0 8 0.00177770340815
41 48 0 8 0.00177435495425
51 65 0 8 0.00177009834442
31 47 0 8 0.00176516186912
46 65 0 8 0.00176118628588
6 38 0 8 0.00175691430923
39 51 0 8 0.00175472721457
3 38 0 8 0.00175128423143
29 52 0 8 0.00174965860788
9 24 0 8 0.0017450125888
11 35 0 8 0.00173990253825
27 62 0 8 0.0017384289531
10 37 0 8 0.00173816503957
42 63 0 8 0.00173607957549
10 26 0 8 0.00170491961762
6 42 0 8 0.00170302484185
47 58 0 8 0.0017006463604
49 56 0 8 0.00168962369207
12 38 0 8 0.00167223182507
32 57 0 8 0.00167156965472
29 59 0 8 0.0016711098142
7 28 0 8 0.00167089584284
52 59 0 8 0.00166817218997
50 65 0 8 0.00166263838764
26 61 0 8 0.00166146655101
24 67 0 8 0.00165905046742
50 64 0 8 0.00165469187777
46 66 0 8 0.00165216845926
31 58 0 8 0.00164569390472
3 33 0 8 0.00164343358483
61 76 0 8 0.00164239190053
6 27 0 8 0.00163944368251
34 57 0 8 0.00163442373741
52 61 0 8 0.00163305946626
30 45 0 8 0.00162837363314
4 41 0 8 0.00162645312957
15 32 0 8 0.00162077962887
24 52 0 8 0.00161461322568
45 62 0 8 0.00159997458104
14 21 0 8 0.00159682193771
47 64 0 8 0.00159106613137
5 31 0 8 0.00158706039656
34 71 0 8 0.00158495747019
69 77 0 8 0.00157628941815
12 35 0 8 0.00156820006669
31 45 0 8 0.00156784104183
45 68 0 8 0.00156704697292
30 47 0 8 0.00156275636982
1 37 0 8 0.00154688640032
19 24 0 8 0.00153746036813
31 48 0 8 0.00153374916408
61 75 0 8 0.00152499845717
51 66 0 8 0.00152097840328
31 52 0 8 0.00149979128037
49 57 0 8 0.00149730616249
47 63 0 8 0.00149668892846
33 72 0 8 0.00149268878158
29 60 0 8 0.00148985860869
27 50 0 8 0.00148796150461
12 39 0 8 0.00148772983812
24 62 0 8 0.00147111318074
46 67 0 8 0.00146317132749
42 62 0 8 0.00144571566489
8 31 0 8 0.00144286383875
20 54 0 8 0.00144147407264
51 64 0 8 0.00143420882523
36 71 0 8 0.00142983312253
51 62 0 8 0.00142332434189
25 61 0 8 0.00141836260445
27 61 0 8 0.00141197850462
16 34 0 8 0.0014032504987
14 36 0 8 0.00139410421252
27 51 0 8 0.0013870713301
16 32 0 8 0.00137633271515
33 71 0 8 0.00137596053537
6 43 0 8 0.00137583271135
27 60 0 8 0.00137103488669
6 40 0 8 0.00136410526466
44 65 0 8 0.0013628898887
50 68 0 8 0.00136130338069
41 47 0 8 0.00135150249116
6 33 0 8 0.00134160451125
7 33 0 8 0.00133861473296
27 56 0 8 0.00133791507687
46 63 0 8 0.00132987729739
17 22 0 8 0.00132883142214
18 25 0 8 0.00132741092239
36 43 0 8 0.00132556515746
24 50 0 8 0.00132400437724
13 34 0 8 0.0013142839307
52 60 0 8 0.00131193583366
13 36 0 8 0.00131010147743
43 64 0 8 0.00130980403628
48 60 0 8 0.00130903883837
43 65 0 8 0.00130687386263
36 52 0 8 0.00130158581305
30 59 0 8 0.00128702283837
43 62 0 8 0.00127984129358
11 36 0 8 0.00127586559393
67 76 0 8 0.0012740471866
8 33 0 8 0.00126610556617
38 53 0 8 0.00126270519104
11 34 0 8 0.00125906150788
65 73 0 8 0.00125828280579
24 63 0 8 0.00125534331892
24 49 0 8 0.00124913454056
32 44 0 8 0.0012405354064
5 30 0 8 0.00123117771
44 64 0 8 0.00121873361059
39 54 0 8 0.00121112877969
38 71 0 8 0.00121010886505
6 29 0 8 0.00120957067702
69 76 0 8 0.00120479171164
9 28 0 8 0.00120453245472
19 30 0 8 0.00120236887597
16 22 0 8 0.0011968218023
42 68 0 8 0.00118973094504
59 77 0 8 0.0011855683988
28 48 0 8 0.00118377350736
15 34 0 8 0.00118131295312
19 29 0 8 0.00117627240252
12 32 0 8 0.00117104302626
15 21 0 8 0.00117074628361
12 31 0 8 0.00117060472257
29 58 0 8 0.00116868899204
27 58 0 8 0.0011628982611
32 45 0 8 0.00116224051453
3 37 0 8 0.00115548190661
47 62 0 8 0.00115515408106
40 48 0 8 0.00114578835201
40 49 0 8 0.00113062595483
12 37 0 8 0.00112934072968
39 45 0 8 0.00112477666698
44 60 0 8 0.00111391232349
20 29 0 8 0.0011112462962
37 53 0 8 0.00110534916166
33 58 0 8 0.00109862536192
67 73 0 8 0.00109779252671
12 34 0 8 0.00109694176354
47 59 0 8 0.00109439599328
24 68 0 8 0.00109057372902
32 56 0 8 0.00108568521682
49 63 0 8 0.00108253327198
9 33 0 8 0.00107481703162
8 29 0 8 0.00107421365101
27 54 0 8 0.00106601475272
47 57 0 8 0.0010624268325
28 60 0 8 0.00106116442475
11 37 0 8 0.00105839699972
35 53 0 8 0.00105677591637
11 26 0 8 0.00105076865293
49 68 0 8 0.00104906084016
31 53 0 8 0.00104713265318
24 55 0 8 0.00103877251968
8 28 0 8 0.00103059154935
30 46 0 8 0.00102858862374
13 35 0 8 0.00102620723192
12 29 0 8 0.00102469918784
28 52 0 8 0.00102413853165
60 77 0 8 0.00101795536466
28 49 0 8 0.00100689439569
10 33 0 8 0.00100174616091
69 75 0 8 0.000998402945697
5 29 0 8 0.000995191163383
48 62 0 8 0.000991325941868
9 29 0 8 0.000990763655864
11 23 0 8 0.000987345003523
28 59 0 8 0.000982367782854
32 47 0 8 0.000971977948211
24 53 0 8 0.000956864911132
30 58 0 8 0.000955954135861
37 52 0 8 0.000955882656854
7 29 0 8 0.000952711270656
33 43 0 8 0.000949927780312
39 50 0 8 0.000944281171542
49 64 0 8 0.000941881618928
45 60 0 8 0.000936531752814
19 25 0 8 0.000935801188461
7 27 0 8 0.000932721770369
15 26 0 8 0.000932047492824
24 51 0 8 0.000931861926802
14 32 0 8 0.000928927736823
31 57 0 8 0.000922462320887
32 52 0 8 0.000922082224861
52 58 0 8 0.000918711186387
10 29 0 8 0.000910780392587
12 23 0 8 0.000909512571525
27 53 0 8 0.000905123946723
28 56 0 8 0.000898489670362
42 64 0 8 0.000893242598977
49 58 0 8 0.000885081011802
46 64 0 8 0.000878798251506
12 33 0 8 0.00087868393166
29 50 0 8 0.000878230261151
36 50 0 8 0.000877317739651
13 32 0 8 0.000875479367096
63 74 0 8 0.000875288737006
43 61 0 8 0.000871456577443
21 27 0 8 0.000870980496984
32 46 0 8 0.000869007955771
20 28 0 8 0.000867320806719
34 55 0 8 0.000867200200446
24 56 0 8 0.000855434278492
38 45 0 8 0.000852779136039
7 30 0 8 0.000852295779623
12 36 0 8 0.000852281518746
67 75 0 8 0.000852111028507
6 41 0 8 0.000845741655212
13 23 0 8 0.000845091592055
9 27 0 8 0.000843804155011
45 59 0 8 0.000840427528601
9 30 0 8 0.000839195970912
36 44 0 8 0.000831596320495
50 67 0 8 0.000823798472993
39 46 0 8 0.000819625100121
34 52 0 8 0.00081859016791
30 48 0 8 0.000817545165773
39 49 0 8 0.000817467633169
11 31 0 8 0.000807337812148
13 33 0 8 0.000806927506346
46 62 0 8 0.000806759868283
27 57 0 8 0.000803161237855
24 59 0 8 0.000803083588835
34 45 0 8 0.000801048998255
34 56 0 8 0.000800491252448
37 46 0 8 0.00080003979383
38 54 0 8 0.00079694064334
29 49 0 8 0.000796245702077
11 33 0 8 0.000794794817921
68 76 0 8 0.000791523256339
15 31 0 8 0.00078914075857
11 38 0 8 0.00078893546015
66 73 0 8 0.000786503776908
13 24 0 8 0.00078508106526
14 35 0 8 0.000781586160883
6 30 0 8 0.000780926900916
29 55 0 8 0.000778333691414
61 77 0 8 0.000773609732278
15 33 0 8 0.000772932136897
28 58 0 8 0.000761500326917
17 34 0 8 0.000753588334192
12 28 0 8 0.000753265281674
29 56 0 8 0.000750938430429
29 57 0 8 0.000746802135836
65 71 0 8 0.00074559362838
31 50 0 8 0.000745346420445
16 33 0 8 0.00074421975296
39 47 0 8 0.000739486247767
16 25 0 8 0.000727420672774
35 46 0 8 0.00072533468483
29 53 0 8 0.000722366734408
32 53 0 8 0.000721288146451
44 61 0 8 0.000719502801076
50 62 0 8 0.000717709597666
31 49 0 8 0.000714338035323
19 28 0 8 0.000713506306056
30 52 0 8 0.000710162916221
18 31 0 8 0.000707626808435
38 47 0 8 0.000701589160599
6 28 0 8 0.000696165952832
14 34 0 8 0.00069125025766
50 57 0 8 0.000691179477144
11 25 0 8 0.000683059217408
20 26 0 8 0.000681784236804
63 76 0 8 0.000678476819303
65 72 0 8 0.000676405034028
14 31 0 8 0.00067558628507
13 31 0 8 0.000672902853694
8 27 0 8 0.000670487293974
47 61 0 8 0.000670279259793
12 30 0 8 0.00066953455098
33 44 0 8 0.000667050597258
8 30 0 8 0.000666177715175
47 60 0 8 0.00066342036007
30 49 0 8 0.000661489088088
50 63 0 8 0.000660316552967
12 25 0 8 0.000658804783598
64 76 0 8 0.000658520439174
49 60 0 8 0.000656937016174
36 53 0 8 0.000655534211546
30 55 0 8 0.000655031471979
51 59 0 8 0.000653554510791
24 64 0 8 0.000651274400298
40 47 0 8 0.000648015236948
17 31 0 8 0.000646876171231
20 27 0 8 0.000646516506094
16 23 0 8 0.00064427574398
16 31 0 8 0.000642584171146
10 24 0 8 0.000641407852527
32 51 0 8 0.000639571982902
10 28 0 8 0.000639571691863
33 57 0 8 0.000639342819341
28 50 0 8 0.000638045661617
31 51 0 8 0.000635639065877
40 46 0 8 0.000633611402009
10 30 0 8 0.000631911912933
14 20 0 8 0.000630971859209
38 46 0 8 0.000628683890682
13 28 0 8 0.000622304680292
13 25 0 8 0.000622264924459
48 61 0 8 0.000619815662503
34 53 0 8 0.000611398252659
35 45 0 8 0.000610581832007
36 45 0 8 0.000606541754678
12 26 0 8 0.000605767301749
11 24 0 8 0.000604956410825
14 33 0 8 0.000603994296398
37 43 0 8 0.000603566702921
34 44 0 8 0.000599767023232
32 48 0 8 0.000597407110035
30 51 0 8 0.000596892030444
38 50 0 8 0.000596866419073
51 58 0 8 0.000596196972765
17 33 0 8 0.000594207725953
35 48 0 8 0.000594005046878
17 32 0 8 0.0005901271943
11 28 0 8 0.000588930619415
68 77 0 8 0.000583568471484
24 54 0 8 0.000578212144319
45 61 0 8 0.000576290884055
46 60 0 8 0.00057612528326
24 57 0 8 0.000573089520913
18 33 0 8 0.000572183809709
49 59 0 8 0.000568151473999
38 48 0 8 0.000565751921386
37 45 0 8 0.000564416695852
63 75 0 8 0.000563358713407
19 27 0 8 0.000562029425055
36 51 0 8 0.000559396285098
28 61 0 8 0.000556823681109
33 45 0 8 0.000552864279598
13 29 0 8 0.00055273831822
24 58 0 8 0.000548871990759
46 58 0 8 0.000545609393157
63 77 0 8 0.000544375623576
51 61 0 8 0.000542739755474
21 28 0 8 0.000538688094821
51 60 0 8 0.000537780288141
50 56 0 8 0.000532459409442
10 27 0 8 0.000532061676495
49 62 0 8 0.00053151929751
67 77 0 8 0.00053117464995
37 48 0 8 0.000514868006576
50 58 0 8 0.000514120387379
51 57 0 8 0.000511340505909
46 59 0 8 0.000508961675223
32 49 0 8 0.000507009623107
32 55 0 8 0.00050639064284
15 25 0 8 0.000505100644659
62 74 0 8 0.000500483729411
30 50 0 8 0.00049828668125
66 77 0 8 0.000496961409226
31 54 0 8 0.00049385841703
15 24 0 8 0.000492378952913
14 23 0 8 0.000490514270496
28 55 0 8 0.000488366174977
62 76 0 8 0.000487327051815
13 30 0 8 0.000482635747176
30 53 0 8 0.000473466265248
33 49 0 8 0.000465230375994
62 75 0 8 0.000464335171273
18 29 0 8 0.000463297299575
50 59 0 8 0.000459292990854
24 60 0 8 0.00045501999557
38 49 0 8 0.000454291468486
36 47 0 8 0.000453849963378
66 75 0 8 0.000452389387647
32 50 0 8 0.000452337000752
64 75 0 8 0.000447509490186
29 54 0 8 0.000442335673142
14 25 0 8 0.000440001429524
16 26 0 8 0.000437341077486
11 29 0 8 0.000437087466707
37 44 0 8 0.000435488356743
67 74 0 8 0.000435081281466
13 26 0 8 0.000430274376413
38 51 0 8 0.000430072832387
50 60 0 8 0.000427445775131
11 27 0 8 0.000424742465839
46 61 0 8 0.000421541335527
16 24 0 8 0.0004173477937
30 56 0 8 0.000416937429691
28 53 0 8 0.000411278626416
35 47 0 8 0.000409724860219
66 72 0 8 0.000409196130931
36 46 0 8 0.0004076922487
36 49 0 8 0.000406330742408
30 57 0 8 0.000397248164518
68 74 0 8 0.000393735652324
33 52 0 8 0.0003869200591
11 30 0 8 0.000380814395612
37 51 0 8 0.000378108932637
28 57 0 8 0.000372561131371
14 26 0 8 0.000372226553736
33 50 0 8 0.000367162952898
35 49 0 8 0.000363882048987
34 51 0 8 0.000363729457604
24 61 0 8 0.000362684804713
34 50 0 8 0.000357406330295
66 76 0 8 0.000355617899913
17 25 0 8 0.000348053668858
65 77 0 8 0.000344123283867
18 27 0 8 0.000342908781022
34 47 0 8 0.000342828221619
65 76 0 8 0.00034094057628
17 26 0 8 0.000339262158377
33 46 0 8 0.000335994322086
35 50 0 8 0.00033454032382
68 75 0 8 0.000332935480401
16 30 0 8 0.000327573681716
36 48 0 8 0.00032027598354
33 56 0 8 0.000319140293868
32 54 0 8 0.000315497658448
37 54 0 8 0.000310768111376
36 54 0 8 0.000307056121528
33 47 0 8 0.000302670843666
34 48 0 8 0.000300140993204
66 74 0 8 0.000296025682474
62 77 0 8 0.000292985147098
34 46 0 8 0.000292529643048
35 51 0 8 0.000292523502139
64 77 0 8 0.000292147800792
13 27 0 8 0.000292100710794
17 23 0 8 0.000292023323709
37 49 0 8 0.00029183155857
18 28 0 8 0.000291750882752
18 24 0 8 0.000286904949462
34 54 0 8 0.000285145506496
37 47 0 8 0.000282369845081
49 61 0 8 0.000278570660157
12 24 0 8 0.000275000813417
33 53 0 8 0.00026917309151
33 48 0 8 0.000261747976765
33 55 0 8 0.000256544211879
64 74 0 8 0.000255252351053
34 49 0 8 0.000248039199505
15 30 0 8 0.000246280018473
16 29 0 8 0.000245042174356
12 27 0 8 0.000244936352829
50 61 0 8 0.000243388974923
17 24 0 8 0.000241818634095
17 28 0 8 0.000239318527747
33 51 0 8 0.000235451690969
14 28 0 8 0.000234913764871
15 29 0 8 0.000234721432207
18 30 0 8 0.00023103170679
14 29 0 8 0.000229511962971
37 50 0 8 0.000214369574678
65 74 0 8 0.000209335485124
35 54 0 8 0.000194701904547
14 30 0 8 0.000190584964002
28 54 0 8 0.00019051702111
16 27 0 8 0.000186929712072
30 54 0 8 0.000182504896657
15 28 0 8 0.000176343150088
14 24 0 8 0.000156513342517
14 27 0 8 0.000151619853568
33 54 0 8 0.000147717553773
17 29 0 8 0.000147232000018
17 27 0 8 0.000135232665343
16 28 0 8 0.000128825049615
17 30 0 8 0.000125849837787
65 75 0 8 0.00011472182814
15 27 0 8 0.000101908262877
