13 14 0 8 0.999998152256
33 34 0 8 0.999998033047
11 12 0 8 0.999997973442
31 32 0 8 0.999995410442
53 54 0 8 0.999995172024
39 40 0 8 0.99999499321
54 55 0 8 0.999993860722
40 41 0 8 0.999993026257
32 33 0 8 0.999992847443
34 35 0 8 0.999992549419
15 16 0 8 0.999991893768
38 39 0 8 0.999991118908
9 10 0 8 0.999990582466
51 52 0 8 0.999990224838
59 60 0 8 0.999988973141
49 50 0 8 0.999988794327
29 30 0 8 0.999985456467
22 23 0 8 0.999983847141
35 36 0 8 0.999983131886
4 5 0 8 0.999982774258
50 51 0 8 0.999978721142
56 57 0 8 0.999975442886
12 13 0 8 0.999974012375
21 22 0 8 0.999970555305
23 24 0 8 0.999965310097
16 17 0 8 0.999965250492
43 44 0 8 0.999964296818
8 9 0 8 0.999963521957
41 42 0 8 0.999961853027
6 7 0 8 0.999961018562
27 28 0 8 0.999960780144
26 27 0 8 0.999960064888
10 11 0 8 0.999960005283
24 25 0 8 0.999958753586
14 15 0 8 0.999957740307
70 71 0 8 0.999957501888
7 8 0 8 0.999956727028
58 59 0 8 0.999956667423
80 81 0 8 0.999953567982
48 49 0 8 0.999953210354
2 3 0 8 0.999945282936
36 37 0 8 0.999943673611
47 48 0 8 0.999940335751
28 29 0 8 0.999937534332
79 80 0 8 0.999934196472
37 38 0 8 0.999931454659
18 19 0 8 0.999929428101
52 53 0 8 0.999928355217
42 43 0 8 0.999909341335
57 58 0 8 0.999908804893
46 47 0 8 0.999908566475
3 4 0 8 0.999895572662
17 18 0 8 0.999881327152
68 69 0 8 0.999868512154
45 46 0 8 0.999858856201
1 2 0 8 0.999856412411
60 61 0 8 0.999836266041
30 31 0 8 0.999830722809
72 73 0 8 0.999827563763
78 79 0 8 0.999823272228
67 68 0 8 0.999821841717
55 56 0 8 0.999819278717
62 63 0 8 0.999785721302
5 6 0 8 0.999776959419
44 45 0 8 0.999775886536
74 75 0 8 0.999764680862
71 72 0 8 0.999753534794
69 70 0 8 0.999743878841
20 21 0 8 0.999739825726
73 74 0 8 0.999689280987
19 20 0 8 0.999679684639
75 76 0 8 0.999546170235
76 77 0 8 0.999398708344
77 78 0 8 0.999252915382
25 26 0 8 0.998914182186
65 66 0 8 0.998555362225
66 67 0 8 0.998509883881
61 62 0 8 0.99849408865
63 64 0 8 0.998188495636
64 65 0 8 0.994745135307
8 52 0 8 0.99396777153
67 69 0 8 0.992133200169
8 26 0 8 0.988947510719
28 33 0 8 0.98414182663
7 51 0 8 0.982737839222
69 71 0 8 0.982464909554
32 34 0 8 0.981279730797
24 37 0 8 0.981166124344
38 40 0 8 0.980351924896
38 41 0 8 0.979267954826
26 33 0 8 0.978287637234
39 41 0 8 0.97430729866
6 8 0 8 0.972835540771
8 59 0 8 0.97241383791
7 49 0 8 0.971094608307
68 70 0 8 0.971060097218
13 26 0 8 0.97083234787
7 25 0 8 0.969973742962
25 37 0 8 0.969100296497
25 42 0 8 0.967608988285
71 73 0 8 0.966159045696
35 37 0 8 0.961800336838
5 28 0 8 0.955575048923
42 44 0 8 0.954568326473
7 9 0 8 0.953971505165
13 59 0 8 0.953797161579
40 42 0 8 0.953105449677
62 64 0 8 0.952198266983
6 52 0 8 0.951723635197
27 34 0 8 0.948670625687
58 60 0 8 0.94744938612
23 36 0 8 0.94743424654
11 56 0 8 0.944128036499
23 38 0 8 0.940625965595
37 41 0 8 0.938981473446
25 35 0 8 0.937942624092
27 33 0 8 0.937500298023
25 41 0 8 0.936163544655
5 49 0 8 0.933210551739
29 32 0 8 0.93298125267
7 52 0 8 0.932045936584
41 43 0 8 0.931911230087
24 39 0 8 0.931366801262
7 26 0 8 0.930159330368
9 53 0 8 0.929032862186
39 42 0 8 0.92885941267
11 13 0 8 0.928430855274
22 24 0 8 0.928302168846
28 32 0 8 0.926709353924
52 54 0 8 0.9266705513
70 72 0 8 0.926619052887
23 25 0 8 0.926061570644
34 36 0 8 0.921315670013
63 65 0 8 0.920388162136
25 36 0 8 0.919121623039
13 15 0 8 0.918495535851
26 36 0 8 0.917666316032
72 74 0 8 0.916431486607
14 16 0 8 0.916287124157
9 52 0 8 0.915789961815
7 50 0 8 0.914959847927
54 56 0 8 0.91421610117
6 28 0 8 0.910317003727
30 32 0 8 0.909228861332
29 34 0 8 0.908239245415
14 60 0 8 0.907534658909
25 38 0 8 0.905841886997
6 49 0 8 0.905347108841
10 25 0 8 0.903316378593
64 66 0 8 0.900754034519
29 31 0 8 0.900671541691
23 37 0 8 0.900053441525
27 35 0 8 0.895976781845
13 24 0 8 0.893798232079
54 57 0 8 0.892851531506
7 45 0 8 0.891717374325
21 23 0 8 0.891600310802
40 43 0 8 0.891498863697
55 57 0 8 0.891201972961
75 77 0 8 0.889298319817
18 20 0 8 0.888276875019
9 11 0 8 0.887886941433
41 44 0 8 0.883930206299
26 35 0 8 0.883405804634
13 36 0 8 0.881734311581
8 25 0 8 0.879073143005
25 27 0 8 0.873348772526
9 51 0 8 0.873278677464
33 35 0 8 0.872384011745
50 52 0 8 0.872272968292
66 68 0 8 0.871787488461
9 54 0 8 0.869159698486
15 17 0 8 0.86857676506
11 24 0 8 0.864890575409
10 56 0 8 0.864670157433
65 67 0 8 0.863243877888
68 71 0 8 0.862232029438
12 59 0 8 0.859757065773
7 27 0 8 0.85805106163
28 34 0 8 0.856762766838
12 14 0 8 0.855649352074
11 25 0 8 0.853530347347
51 53 0 8 0.850261032581
65 68 0 8 0.849706470966
26 28 0 8 0.848564207554
7 42 0 8 0.848052442074
8 28 0 8 0.848010957241
61 63 0 8 0.847093164921
27 29 0 8 0.846644282341
10 24 0 8 0.846522390842
26 59 0 8 0.846424996853
9 39 0 8 0.844637453556
73 75 0 8 0.841269016266
7 28 0 8 0.839025497437
12 24 0 8 0.838707208633
74 76 0 8 0.837748348713
70 73 0 8 0.834552764893
4 6 0 8 0.832803666592
38 42 0 8 0.830633640289
76 78 0 8 0.828872203827
17 20 0 8 0.826830506325
13 25 0 8 0.822923898697
71 74 0 8 0.82121938467
9 25 0 8 0.817614734173
28 31 0 8 0.81743311882
11 55 0 8 0.815902233124
46 48 0 8 0.815224409103
77 79 0 8 0.81305539608
78 80 0 8 0.812300741673
17 19 0 8 0.811332821846
6 51 0 8 0.807804405689
5 27 0 8 0.806879758835
10 12 0 8 0.804373919964
27 49 0 8 0.803848624229
67 70 0 8 0.801578342915
49 51 0 8 0.801249563694
14 58 0 8 0.80073004961
46 49 0 8 0.799578666687
4 27 0 8 0.799038767815
13 58 0 8 0.796746730804
12 23 0 8 0.793694496155
5 50 0 8 0.792238771915
47 49 0 8 0.791692733765
8 10 0 8 0.789336383343
11 59 0 8 0.784335792065
66 70 0 8 0.780084311962
68 72 0 8 0.775959968567
53 57 0 8 0.775553286076
79 81 0 8 0.775398254395
20 22 0 8 0.775170981884
7 13 0 8 0.774134457111
1 3 0 8 0.771476924419
8 54 0 8 0.770619034767
37 40 0 8 0.770141601562
11 54 0 8 0.769813597202
60 62 0 8 0.761614501476
5 48 0 8 0.760677874088
39 43 0 8 0.759007871151
10 55 0 8 0.757313728333
6 50 0 8 0.757232487202
9 42 0 8 0.757028102875
40 44 0 8 0.752908289433
11 57 0 8 0.75001180172
69 72 0 8 0.747278392315
26 34 0 8 0.745081067085
57 59 0 8 0.728342592716
17 21 0 8 0.727957546711
5 29 0 8 0.725028693676
37 42 0 8 0.723923504353
13 23 0 8 0.721596240997
25 40 0 8 0.721563100815
25 39 0 8 0.715437948704
60 63 0 8 0.714919626713
43 45 0 8 0.714877843857
69 73 0 8 0.714798748493
59 61 0 8 0.713195383549
53 55 0 8 0.712832152843
28 30 0 8 0.709926366806
44 46 0 8 0.708175003529
5 30 0 8 0.708028435707
54 59 0 8 0.707543253899
10 54 0 8 0.706204891205
14 21 0 8 0.702739238739
56 58 0 8 0.700515270233
7 41 0 8 0.699002206326
67 71 0 8 0.698660194874
12 58 0 8 0.682509243488
31 33 0 8 0.681745350361
75 78 0 8 0.680998325348
12 57 0 8 0.679499804974
2 4 0 8 0.678720712662
27 36 0 8 0.678445994854
24 38 0 8 0.67332059145
70 74 0 8 0.670504152775
10 53 0 8 0.667621433735
11 53 0 8 0.662321507931
5 7 0 8 0.659482359886
8 14 0 8 0.653962790966
24 36 0 8 0.653593361378
3 5 0 8 0.650437533855
52 59 0 8 0.64876139164
7 14 0 8 0.647132158279
66 69 0 8 0.646103441715
9 41 0 8 0.644546687603
16 20 0 8 0.643510401249
24 26 0 8 0.6424472332
8 13 0 8 0.64072316885
42 45 0 8 0.640065670013
48 50 0 8 0.632101655006
27 41 0 8 0.630074620247
65 69 0 8 0.625861644745
72 75 0 8 0.625446498394
8 11 0 8 0.62284040451
66 71 0 8 0.621505796909
45 49 0 8 0.617965817451
16 18 0 8 0.61403876543
25 54 0 8 0.613603651524
10 23 0 8 0.61139267683
26 41 0 8 0.611248672009
15 36 0 8 0.605382859707
15 23 0 8 0.604032576084
19 21 0 8 0.602310180664
6 27 0 8 0.601796388626
5 31 0 8 0.59763276577
13 54 0 8 0.596938312054
9 24 0 8 0.586816847324
12 54 0 8 0.582148253918
4 29 0 8 0.582030951977
21 58 0 8 0.581751167774
76 79 0 8 0.581467211246
60 70 0 8 0.58017706871
63 66 0 8 0.579787254333
63 67 0 8 0.579537034035
45 47 0 8 0.578964352608
33 36 0 8 0.578962445259
74 77 0 8 0.576666772366
15 22 0 8 0.576615273952
37 39 0 8 0.567290127277
16 21 0 8 0.562890708447
11 58 0 8 0.550289273262
73 76 0 8 0.540655732155
10 39 0 8 0.52823728323
71 75 0 8 0.521958947182
53 59 0 8 0.518526434898
28 54 0 8 0.518462777138
32 50 0 8 0.517166256905
36 38 0 8 0.515167355537
4 34 0 8 0.513259768486
64 68 0 8 0.510710477829
35 41 0 8 0.504498660564
73 77 0 8 0.492637515068
33 68 0 8 0.491108298302
62 65 0 8 0.484169870615
75 79 0 8 0.483388781548
63 68 0 8 0.479354768991
15 20 0 8 0.469600081444
74 78 0 8 0.451783180237
12 21 0 8 0.451756030321
15 24 0 8 0.45010253787
77 80 0 8 0.44726100564
4 49 0 8 0.444884926081
72 76 0 8 0.442159920931
51 59 0 8 0.43905466795
36 41 0 8 0.43669885397
15 18 0 8 0.436543673277
12 22 0 8 0.434820264578
16 66 0 8 0.424263238907
33 59 0 8 0.418400257826
15 21 0 8 0.414588332176
10 57 0 8 0.414204716682
60 69 0 8 0.412836432457
27 42 0 8 0.406967908144
15 60 0 8 0.40524789691
60 68 0 8 0.402136772871
27 46 0 8 0.401882261038
68 73 0 8 0.399588823318
5 16 0 8 0.397001087666
14 26 0 8 0.392517924309
34 51 0 8 0.390598654747
12 56 0 8 0.389557778835
53 58 0 8 0.38703083992
62 66 0 8 0.383691936731
33 62 0 8 0.381474643946
16 22 0 8 0.379735648632
16 60 0 8 0.377357840538
28 52 0 8 0.376904159784
64 67 0 8 0.369790971279
13 33 0 8 0.369422286749
6 14 0 8 0.366490453482
33 61 0 8 0.364892810583
15 66 0 8 0.358602404594
26 54 0 8 0.358392655849
14 68 0 8 0.357787847519
18 21 0 8 0.354600965977
41 45 0 8 0.354006767273
76 80 0 8 0.351827859879
26 61 0 8 0.346158593893
14 24 0 8 0.344630897045
65 71 0 8 0.34453099966
35 42 0 8 0.339296847582
4 16 0 8 0.334103733301
58 64 0 8 0.332553476095
13 60 0 8 0.331744045019
33 52 0 8 0.331663161516
26 52 0 8 0.327667564154
63 73 0 8 0.325352728367
33 63 0 8 0.324770241976
32 51 0 8 0.324718385935
16 65 0 8 0.320763260126
60 74 0 8 0.319112062454
6 13 0 8 0.317646622658
27 37 0 8 0.315727591515
16 63 0 8 0.314915388823
65 70 0 8 0.314249545336
65 73 0 8 0.313152700663
9 38 0 8 0.311831533909
16 61 0 8 0.30839908123
15 61 0 8 0.30834749341
23 55 0 8 0.307850301266
14 22 0 8 0.307711273432
66 72 0 8 0.306721329689
63 70 0 8 0.305550903082
7 37 0 8 0.302234530449
6 15 0 8 0.296539336443
5 46 0 8 0.296340554953
32 49 0 8 0.292402714491
14 59 0 8 0.287380814552
29 49 0 8 0.284582912922
15 62 0 8 0.272834181786
8 12 0 8 0.260962337255
25 57 0 8 0.260620772839
28 59 0 8 0.258936166763
62 68 0 8 0.258101731539
14 64 0 8 0.2548366189
52 60 0 8 0.252272486687
11 28 0 8 0.2503221035
42 46 0 8 0.249368309975
5 34 0 8 0.248433932662
58 65 0 8 0.248290032148
33 51 0 8 0.248029470444
30 49 0 8 0.246934518218
44 49 0 8 0.24619589746
27 44 0 8 0.24091784656
8 53 0 8 0.230385243893
63 74 0 8 0.228812932968
6 16 0 8 0.228784039617
27 48 0 8 0.227793574333
8 33 0 8 0.226412147284
62 72 0 8 0.225064232945
29 33 0 8 0.22447553277
61 66 0 8 0.221762940288
4 17 0 8 0.215753033757
61 67 0 8 0.212406337261
36 64 0 8 0.210939392447
15 25 0 8 0.208490878344
11 33 0 8 0.207780614495
22 36 0 8 0.205811157823
17 22 0 8 0.204109370708
14 23 0 8 0.203586578369
32 53 0 8 0.203388601542
34 52 0 8 0.203059270978
16 23 0 8 0.202753931284
69 74 0 8 0.201427772641
26 62 0 8 0.20049931109
3 16 0 8 0.200292006135
27 45 0 8 0.19803096354
52 58 0 8 0.198026478291
75 80 0 8 0.197947755456
23 57 0 8 0.19714961946
53 56 0 8 0.193914055824
14 73 0 8 0.193596482277
17 23 0 8 0.192392408848
22 58 0 8 0.192005619407
25 52 0 8 0.191526681185
14 25 0 8 0.191341206431
78 81 0 8 0.191024810076
14 33 0 8 0.190481066704
36 42 0 8 0.189675763249
61 65 0 8 0.18933108449
24 35 0 8 0.188330084085
12 65 0 8 0.187734797597
15 71 0 8 0.187213897705
77 81 0 8 0.186598643661
61 64 0 8 0.186560124159
60 67 0 8 0.185673519969
6 31 0 8 0.185156077147
61 68 0 8 0.185106784105
14 62 0 8 0.184942215681
26 37 0 8 0.18469978869
7 46 0 8 0.183434426785
33 49 0 8 0.182495176792
8 51 0 8 0.182327881455
7 44 0 8 0.181925490499
62 67 0 8 0.180853113532
9 12 0 8 0.179850548506
54 58 0 8 0.179061040282
16 74 0 8 0.178900629282
60 66 0 8 0.177875503898
25 53 0 8 0.176843062043
33 50 0 8 0.176559880376
28 53 0 8 0.176262319088
22 38 0 8 0.173869207501
15 58 0 8 0.17280882597
27 53 0 8 0.171796441078
7 15 0 8 0.165634661913
3 17 0 8 0.165306136012
45 48 0 8 0.164943814278
16 19 0 8 0.164180263877
62 71 0 8 0.163158044219
7 48 0 8 0.16174057126
9 28 0 8 0.161437958479
23 40 0 8 0.159975498915
3 29 0 8 0.159628972411
4 18 0 8 0.159270584583
20 23 0 8 0.157038494945
5 15 0 8 0.156173422933
63 69 0 8 0.154879674315
58 68 0 8 0.152732208371
23 39 0 8 0.152672633529
4 48 0 8 0.151232108474
36 61 0 8 0.150562360883
1 4 0 8 0.149119436741
8 27 0 8 0.148913741112
23 56 0 8 0.148429170251
4 7 0 8 0.147368103266
60 73 0 8 0.146881788969
71 76 0 8 0.14536742866
5 61 0 8 0.144608870149
9 27 0 8 0.144228622317
36 59 0 8 0.144108563662
13 61 0 8 0.143625408411
52 61 0 8 0.143500983715
7 16 0 8 0.143339440227
12 28 0 8 0.143152505159
64 69 0 8 0.142022326589
28 60 0 8 0.141811907291
33 64 0 8 0.141762882471
7 33 0 8 0.140262708068
14 65 0 8 0.139007940888
70 75 0 8 0.138990432024
32 52 0 8 0.13759700954
9 26 0 8 0.137377336621
8 74 0 8 0.136943489313
6 54 0 8 0.135962724686
20 58 0 8 0.134470373392
8 62 0 8 0.134327933192
9 13 0 8 0.133046224713
16 71 0 8 0.132916033268
33 67 0 8 0.132850602269
43 46 0 8 0.132418707013
28 62 0 8 0.131851524115
50 61 0 8 0.131655648351
60 64 0 8 0.130081996322
14 72 0 8 0.128830075264
34 44 0 8 0.128303334117
71 77 0 8 0.128001332283
74 79 0 8 0.12779815495
4 28 0 8 0.127741351724
6 29 0 8 0.127607852221
26 53 0 8 0.127210870385
13 22 0 8 0.126819819212
60 75 0 8 0.126250743866
29 54 0 8 0.126071125269
31 49 0 8 0.126055717468
26 44 0 8 0.126041606069
6 33 0 8 0.124611914158
64 70 0 8 0.123293891549
41 46 0 8 0.122889302671
6 74 0 8 0.122654907405
13 62 0 8 0.122648507357
9 14 0 8 0.122149594128
31 50 0 8 0.121601335704
52 57 0 8 0.120483018458
3 49 0 8 0.120357058942
58 67 0 8 0.120284415781
12 25 0 8 0.119851589203
13 27 0 8 0.119722239673
58 71 0 8 0.117570742965
37 49 0 8 0.117103539407
63 71 0 8 0.117081604898
25 58 0 8 0.116474114358
58 70 0 8 0.116468593478
14 66 0 8 0.116236723959
51 61 0 8 0.115910492837
7 61 0 8 0.115885294974
61 69 0 8 0.115860305727
35 52 0 8 0.115440547466
12 53 0 8 0.114558793604
27 31 0 8 0.114522881806
8 57 0 8 0.114473596215
34 53 0 8 0.113933146
74 80 0 8 0.113440036774
59 73 0 8 0.11326174438
13 68 0 8 0.112832017243
72 77 0 8 0.112396284938
31 52 0 8 0.111711122096
44 51 0 8 0.111617684364
36 62 0 8 0.111463934183
35 53 0 8 0.111318491399
12 55 0 8 0.110953815281
60 72 0 8 0.110861681402
16 73 0 8 0.110823355615
23 65 0 8 0.110805690289
10 28 0 8 0.11050016433
6 9 0 8 0.110391378403
62 69 0 8 0.110335715115
58 69 0 8 0.110071882606
36 40 0 8 0.109077997506
60 65 0 8 0.108255296946
51 60 0 8 0.108238719404
11 76 0 8 0.108206599951
36 52 0 8 0.108012095094
6 60 0 8 0.107025042176
4 46 0 8 0.106589786708
19 22 0 8 0.105935193598
29 53 0 8 0.105912387371
16 33 0 8 0.105584204197
35 45 0 8 0.105580866337
14 61 0 8 0.105509705842
11 61 0 8 0.105149410665
7 74 0 8 0.105056576431
68 74 0 8 0.104368448257
8 61 0 8 0.10364279151
7 36 0 8 0.103334590793
45 50 0 8 0.103326573968
16 72 0 8 0.103012509644
7 35 0 8 0.102652460337
9 43 0 8 0.102516964078
3 70 0 8 0.102397866547
22 49 0 8 0.101963400841
17 37 0 8 0.101556397974
6 59 0 8 0.101542040706
24 64 0 8 0.100449070334
35 59 0 8 0.100095950067
73 78 0 8 0.0995089188218
49 77 0 8 0.0986471250653
13 76 0 8 0.0981344878674
35 51 0 8 0.0979859530926
26 42 0 8 0.0979438796639
76 81 0 8 0.0978421866894
15 19 0 8 0.0976738929749
8 35 0 8 0.0972404405475
51 77 0 8 0.0971495807171
3 18 0 8 0.0965993627906
13 28 0 8 0.0965080112219
17 61 0 8 0.09617818892
53 60 0 8 0.0961014702916
36 53 0 8 0.0956646203995
42 47 0 8 0.0955695584416
59 62 0 8 0.0954077020288
58 74 0 8 0.0950876548886
8 64 0 8 0.0950140580535
13 63 0 8 0.0946369990706
14 69 0 8 0.0940962508321
28 72 0 8 0.0939926728606
41 49 0 8 0.0934827029705
65 74 0 8 0.0930310636759
34 49 0 8 0.0929309949279
4 50 0 8 0.0927910879254
2 17 0 8 0.0926282852888
8 63 0 8 0.0920822024345
45 51 0 8 0.0917260497808
7 53 0 8 0.091389387846
35 50 0 8 0.091168731451
27 51 0 8 0.0910962074995
32 54 0 8 0.0907542705536
6 64 0 8 0.0906336084008
11 52 0 8 0.0903758108616
65 72 0 8 0.0898148715496
4 37 0 8 0.0896530598402
32 55 0 8 0.089586570859
13 34 0 8 0.0894041955471
31 65 0 8 0.0893971771002
2 16 0 8 0.0893563330173
59 68 0 8 0.088560141623
62 70 0 8 0.0884778574109
63 72 0 8 0.0882103145123
52 74 0 8 0.0881084799767
15 35 0 8 0.0880918577313
10 59 0 8 0.0879831537604
25 51 0 8 0.087707914412
37 69 0 8 0.0866689160466
4 32 0 8 0.0860800817609
38 49 0 8 0.0858193859458
11 29 0 8 0.085660867393
3 59 0 8 0.0854684412479
59 70 0 8 0.0853872820735
2 5 0 8 0.0853294059634
32 47 0 8 0.0853089094162
57 60 0 8 0.0847521945834
46 50 0 8 0.0847137346864
14 35 0 8 0.0846430510283
17 36 0 8 0.0843876674771
28 50 0 8 0.0840696319938
37 45 0 8 0.0838138088584
17 41 0 8 0.0834191292524
14 71 0 8 0.0833117291331
3 6 0 8 0.0830962210894
35 61 0 8 0.0827688500285
15 52 0 8 0.08268417418
59 67 0 8 0.081993855536
6 17 0 8 0.0819831266999
60 71 0 8 0.0819128453732
7 11 0 8 0.0816936194897
41 77 0 8 0.0813285782933
28 67 0 8 0.0809311196208
1 5 0 8 0.080546438694
31 48 0 8 0.0804258584976
59 64 0 8 0.080345928669
33 53 0 8 0.080142237246
42 49 0 8 0.0798408314586
14 67 0 8 0.0797891914845
7 69 0 8 0.0790664106607
21 41 0 8 0.0788147225976
61 70 0 8 0.0781287848949
5 62 0 8 0.0777926892042
25 43 0 8 0.0777578428388
9 44 0 8 0.0774015113711
13 35 0 8 0.0772984549403
3 28 0 8 0.076851323247
22 56 0 8 0.0765805542469
57 69 0 8 0.076477624476
2 29 0 8 0.0764034092426
58 66 0 8 0.0763252452016
4 44 0 8 0.0762883499265
11 31 0 8 0.0761935710907
7 59 0 8 0.0758182778955
35 43 0 8 0.0757082626224
2 28 0 8 0.0756655409932
20 37 0 8 0.0754300951958
51 76 0 8 0.0747267901897
23 41 0 8 0.0742092728615
17 76 0 8 0.0736513584852
14 20 0 8 0.0736408233643
62 73 0 8 0.0732859447598
44 48 0 8 0.0723388716578
3 55 0 8 0.0718924403191
9 55 0 8 0.0718250572681
12 29 0 8 0.0713489502668
6 61 0 8 0.0713294446468
35 77 0 8 0.0711278021336
32 46 0 8 0.0708402246237
6 35 0 8 0.0705633163452
10 51 0 8 0.070514857769
2 18 0 8 0.0703886523843
59 63 0 8 0.0702347233891
50 77 0 8 0.070135474205
15 26 0 8 0.0696813985705
4 41 0 8 0.0691371336579
35 44 0 8 0.0687095448375
28 55 0 8 0.0686967968941
6 34 0 8 0.068597458303
12 33 0 8 0.068178139627
54 77 0 8 0.0677572265267
44 76 0 8 0.0677166953683
27 61 0 8 0.0674556568265
5 74 0 8 0.0669476762414
44 52 0 8 0.0669224709272
35 62 0 8 0.0668123438954
18 22 0 8 0.0665575712919
28 51 0 8 0.0665462687612
11 77 0 8 0.0664780661464
66 74 0 8 0.0663481429219
33 66 0 8 0.0662292391062
45 77 0 8 0.0662241876125
3 36 0 8 0.0662036016583
21 74 0 8 0.066107749939
37 76 0 8 0.066095046699
55 58 0 8 0.0657813325524
4 51 0 8 0.0656806901097
24 54 0 8 0.0656119436026
21 60 0 8 0.0653768032789
28 68 0 8 0.0652771219611
66 73 0 8 0.0651975795627
67 74 0 8 0.0650534406304
73 79 0 8 0.0649853870273
21 66 0 8 0.0647579208016
16 58 0 8 0.0645791441202
6 62 0 8 0.0645634531975
29 61 0 8 0.0645241960883
58 61 0 8 0.0644370988011
75 81 0 8 0.0643194392323
5 59 0 8 0.0641049295664
28 35 0 8 0.0640554204583
58 63 0 8 0.0637195184827
7 68 0 8 0.0636806860566
36 63 0 8 0.0635620132089
15 33 0 8 0.0634529739618
47 50 0 8 0.0634038299322
9 61 0 8 0.0633106976748
7 34 0 8 0.063266441226
64 72 0 8 0.0632255598903
36 51 0 8 0.0627890229225
3 30 0 8 0.0626777783036
39 44 0 8 0.0625144690275
67 73 0 8 0.0625080168247
9 49 0 8 0.0623435117304
41 52 0 8 0.0622713379562
52 56 0 8 0.0621217861772
44 77 0 8 0.0620782673359
11 27 0 8 0.0620421022177
26 74 0 8 0.0619905143976
2 55 0 8 0.0618985891342
36 70 0 8 0.0618881359696
11 74 0 8 0.0615681372583
6 53 0 8 0.0615608915687
29 52 0 8 0.0614071637392
58 72 0 8 0.0613603889942
28 66 0 8 0.0612384304404
31 68 0 8 0.0610463134944
9 45 0 8 0.0610364601016
17 72 0 8 0.0610146448016
21 24 0 8 0.0608444102108
23 46 0 8 0.0606798566878
31 53 0 8 0.0601899288595
33 54 0 8 0.0600508153439
17 65 0 8 0.0598403140903
28 63 0 8 0.0597542263567
11 62 0 8 0.0596039779484
52 75 0 8 0.0593793019652
36 48 0 8 0.0593683868647
14 52 0 8 0.0593127980828
15 68 0 8 0.0592377223074
36 44 0 8 0.0591603219509
23 54 0 8 0.0589140094817
20 38 0 8 0.0588697306812
50 74 0 8 0.0588349066675
26 51 0 8 0.0586640164256
8 60 0 8 0.0584165118635
30 50 0 8 0.0583981946111
37 57 0 8 0.0583697520196
7 40 0 8 0.0581752099097
54 76 0 8 0.0581104010344
70 76 0 8 0.0580992177129
27 32 0 8 0.0578975901008
25 33 0 8 0.057810742408
36 49 0 8 0.0577610470355
9 32 0 8 0.0577520318329
28 61 0 8 0.0577378533781
28 71 0 8 0.0574759319425
31 55 0 8 0.0571670718491
57 68 0 8 0.0570495128632
52 77 0 8 0.0569932349026
35 49 0 8 0.0565671548247
23 52 0 8 0.056563552469
5 63 0 8 0.0564579814672
6 41 0 8 0.0562018863857
37 52 0 8 0.0561666898429
20 41 0 8 0.0561640486121
6 26 0 8 0.0558664351702
58 73 0 8 0.0558360479772
16 70 0 8 0.0557089261711
37 59 0 8 0.0552085861564
33 69 0 8 0.0551540702581
5 57 0 8 0.0551120489836
20 36 0 8 0.0550716035068
37 70 0 8 0.0545780882239
71 80 0 8 0.0543017536402
31 57 0 8 0.0542681664228
34 77 0 8 0.0541416965425
26 75 0 8 0.0540713518858
50 76 0 8 0.0540125183761
22 57 0 8 0.0537899211049
32 57 0 8 0.0536180771887
10 64 0 8 0.0535520352423
27 52 0 8 0.0535387806594
10 26 0 8 0.0535249970853
8 36 0 8 0.0534911043942
59 75 0 8 0.0530654080212
24 57 0 8 0.0530556514859
5 33 0 8 0.0528479143977
41 76 0 8 0.0528444424272
49 52 0 8 0.0527349300683
59 69 0 8 0.052652336657
15 67 0 8 0.0525268688798
33 60 0 8 0.0524459369481
1 6 0 8 0.0523301549256
5 17 0 8 0.0521975383162
41 47 0 8 0.052145190537
5 47 0 8 0.0520051382482
7 67 0 8 0.0519051663578
7 77 0 8 0.0517000965774
36 39 0 8 0.0516355894506
5 38 0 8 0.0516137480736
13 73 0 8 0.0515424758196
34 61 0 8 0.0513500124216
17 71 0 8 0.0513402223587
4 59 0 8 0.0513398423791
7 29 0 8 0.0513146482408
44 47 0 8 0.0512429699302
10 13 0 8 0.0512247383595
64 74 0 8 0.0508586168289
16 75 0 8 0.0507955253124
18 23 0 8 0.0507663600147
34 59 0 8 0.0506844371557
10 31 0 8 0.0504185222089
22 44 0 8 0.0503472387791
22 41 0 8 0.0501890778542
8 67 0 8 0.0501750595868
25 44 0 8 0.0501026362181
28 69 0 8 0.0499905012548
14 28 0 8 0.049907580018
71 78 0 8 0.0499057844281
37 77 0 8 0.0497788637877
4 14 0 8 0.0496864691377
11 26 0 8 0.0496622137725
5 32 0 8 0.0496463403106
3 54 0 8 0.049616843462
4 15 0 8 0.0495848432183
44 50 0 8 0.0495210401714
5 36 0 8 0.0493684746325
8 73 0 8 0.0492802672088
9 33 0 8 0.0492280609906
40 77 0 8 0.0492116697133
31 63 0 8 0.0490124337375
3 7 0 8 0.0489944703877
54 74 0 8 0.0485850945115
11 64 0 8 0.0485701076686
4 36 0 8 0.0483020097017
37 60 0 8 0.0483005791903
62 74 0 8 0.0482708141208
17 32 0 8 0.0481895618141
11 23 0 8 0.0481865666807
26 60 0 8 0.0480771735311
35 40 0 8 0.0480287149549
57 70 0 8 0.0479434430599
18 70 0 8 0.0478103607893
6 68 0 8 0.0477666072547
28 64 0 8 0.0477420501411
31 51 0 8 0.0477086566389
17 66 0 8 0.0476572737098
34 42 0 8 0.0475272685289
27 40 0 8 0.0475139468908
36 54 0 8 0.0474912337959
8 29 0 8 0.0473990626633
8 76 0 8 0.0473415032029
12 27 0 8 0.0472823083401
48 51 0 8 0.0471430569887
37 54 0 8 0.0470004975796
36 77 0 8 0.0469928309321
21 36 0 8 0.0469507388771
12 26 0 8 0.0469431094825
24 66 0 8 0.0469195656478
46 76 0 8 0.0468922257423
51 58 0 8 0.0466878376901
58 62 0 8 0.0466738641262
52 62 0 8 0.0465729422867
8 68 0 8 0.046471465379
26 58 0 8 0.0463964007795
38 57 0 8 0.0463409796357
21 65 0 8 0.0463381111622
22 40 0 8 0.0461910702288
14 63 0 8 0.0460799820721
39 51 0 8 0.0460432842374
4 23 0 8 0.0457900837064
31 64 0 8 0.045632854104
38 53 0 8 0.0455542132258
1 17 0 8 0.0455380231142
24 41 0 8 0.0454465970397
7 60 0 8 0.0454422011971
28 70 0 8 0.0451677553356
32 48 0 8 0.0451110489666
3 27 0 8 0.0448614582419
26 67 0 8 0.0448605008423
37 46 0 8 0.0448311381042
43 47 0 8 0.0448187440634
28 74 0 8 0.0446778982878
69 75 0 8 0.0446025952697
64 73 0 8 0.0445404909551
51 62 0 8 0.0444375760853
26 77 0 8 0.0443663187325
13 49 0 8 0.0443375483155
21 77 0 8 0.0443125106394
17 24 0 8 0.0443098768592
24 56 0 8 0.0440878309309
34 41 0 8 0.0440833866596
26 57 0 8 0.0440493710339
5 40 0 8 0.0440269559622
13 52 0 8 0.0440104417503
15 63 0 8 0.0439914390445
5 76 0 8 0.0439613498747
49 78 0 8 0.0439602360129
73 80 0 8 0.043950907886
50 59 0 8 0.0438635423779
49 76 0 8 0.0438612736762
37 62 0 8 0.0438319072127
8 34 0 8 0.0438196063042
37 75 0 8 0.0437963046134
7 54 0 8 0.0437502786517
56 59 0 8 0.0436514988542
3 71 0 8 0.0434801317751
13 67 0 8 0.0434282533824
3 37 0 8 0.0432379022241
4 33 0 8 0.0432345196605
27 59 0 8 0.0431135632098
12 61 0 8 0.0430971197784
14 75 0 8 0.0430730469525
42 74 0 8 0.0430637933314
14 27 0 8 0.043049633503
29 76 0 8 0.043043397367
29 77 0 8 0.0430022999644
9 77 0 8 0.0429614335299
46 77 0 8 0.0429112687707
6 65 0 8 0.0428399555385
74 81 0 8 0.0426276400685
2 54 0 8 0.0425477847457
41 78 0 8 0.0425317920744
24 55 0 8 0.0424644052982
37 61 0 8 0.0422554910183
13 50 0 8 0.0421467758715
13 75 0 8 0.0420773103833
33 71 0 8 0.0420345179737
17 44 0 8 0.0419945716858
37 48 0 8 0.0419853627682
2 6 0 8 0.0419122725725
29 55 0 8 0.0418615862727
6 75 0 8 0.0418372675776
23 50 0 8 0.0418057776988
9 29 0 8 0.0417519956827
20 40 0 8 0.0416794419289
15 72 0 8 0.0415878593922
11 36 0 8 0.0415393300354
8 24 0 8 0.0414506942034
7 75 0 8 0.0414081551135
36 74 0 8 0.0413694269955
40 76 0 8 0.0411446988583
24 61 0 8 0.0409467890859
3 38 0 8 0.0409308746457
5 37 0 8 0.0408610254526
45 78 0 8 0.0407911650836
52 76 0 8 0.0406469814479
29 50 0 8 0.0406062789261
13 53 0 8 0.0405687168241
11 32 0 8 0.040530860424
44 74 0 8 0.039944127202
4 55 0 8 0.0398516356945
29 46 0 8 0.0398480966687
15 69 0 8 0.0397990942001
36 45 0 8 0.0396580137312
40 45 0 8 0.0395990535617
72 78 0 8 0.0395821817219
70 77 0 8 0.0394963920116
3 31 0 8 0.0394748523831
12 76 0 8 0.0394381396472
25 45 0 8 0.0393827743828
36 60 0 8 0.0392002686858
15 65 0 8 0.0391985289752
4 75 0 8 0.0391786172986
51 75 0 8 0.0391283519566
19 63 0 8 0.0391158498824
17 57 0 8 0.0391126945615
6 44 0 8 0.039070405066
4 54 0 8 0.0390420481563
34 45 0 8 0.03900917992
17 62 0 8 0.0389483422041
54 60 0 8 0.0389154441655
20 63 0 8 0.0388192869723
11 78 0 8 0.0387902073562
10 46 0 8 0.0387476310134
25 77 0 8 0.0385479480028
27 62 0 8 0.0384938642383
13 77 0 8 0.0384423919022
32 56 0 8 0.0384252667427
59 66 0 8 0.0384087376297
5 18 0 8 0.0383740589023
52 73 0 8 0.0382711216807
71 79 0 8 0.0382364653051
19 23 0 8 0.0381694659591
15 64 0 8 0.0381284542382
45 52 0 8 0.0380952954292
37 67 0 8 0.0380553789437
29 56 0 8 0.0380527861416
31 47 0 8 0.0379930175841
6 77 0 8 0.0379531607032
22 71 0 8 0.0379106141627
33 58 0 8 0.0378942601383
2 19 0 8 0.037836022675
26 64 0 8 0.0377591699362
8 77 0 8 0.0377263091505
22 50 0 8 0.0375845693052
20 72 0 8 0.0375422649086
3 19 0 8 0.0375012345612
3 32 0 8 0.0374113246799
61 72 0 8 0.0373656488955
41 73 0 8 0.0373656190932
2 38 0 8 0.0373494178057
30 33 0 8 0.0372288115323
4 52 0 8 0.0372027046978
16 77 0 8 0.0370933450758
37 66 0 8 0.0370401665568
43 49 0 8 0.0368694067001
9 40 0 8 0.0368348024786
17 67 0 8 0.036778036505
44 78 0 8 0.0367588698864
53 61 0 8 0.0366278663278
26 63 0 8 0.0365640334785
62 75 0 8 0.0364985615015
17 58 0 8 0.0364935584366
67 72 0 8 0.0363440364599
21 68 0 8 0.0363268963993
14 77 0 8 0.0362596847117
30 55 0 8 0.0362490899861
3 57 0 8 0.0362088307738
4 26 0 8 0.0362040475011
35 73 0 8 0.036123868078
11 67 0 8 0.0360224954784
17 70 0 8 0.0359561704099
32 62 0 8 0.03592915833
17 77 0 8 0.0358582437038
46 65 0 8 0.0358539409935
30 47 0 8 0.0357531905174
42 51 0 8 0.0357405506074
26 69 0 8 0.0356565713882
12 31 0 8 0.0355717651546
9 31 0 8 0.0353472158313
6 63 0 8 0.0352075733244
61 71 0 8 0.0349607877433
6 66 0 8 0.0349569022655
4 30 0 8 0.0349047333002
41 75 0 8 0.0348537229002
5 52 0 8 0.0348275713623
5 20 0 8 0.0348045453429
8 32 0 8 0.0347668230534
5 58 0 8 0.0347540862858
9 30 0 8 0.0346775315702
3 40 0 8 0.0346589647233
37 53 0 8 0.0345876179636
54 75 0 8 0.0345632024109
23 58 0 8 0.0344826206565
29 75 0 8 0.0344497971237
2 36 0 8 0.0343723855913
20 44 0 8 0.0343629606068
18 44 0 8 0.0343192405999
37 44 0 8 0.0342117659748
39 64 0 8 0.0341426581144
46 78 0 8 0.0340799838305
6 48 0 8 0.034053966403
42 77 0 8 0.0340137407184
30 76 0 8 0.03398283571
31 58 0 8 0.0339518226683
2 30 0 8 0.0338900387287
2 37 0 8 0.0338170863688
57 67 0 8 0.0334305763245
40 46 0 8 0.0333598330617
12 68 0 8 0.0333505012095
12 77 0 8 0.0333337038755
37 74 0 8 0.0333183296025
61 75 0 8 0.0332934334874
11 75 0 8 0.0332611054182
38 44 0 8 0.033251978457
18 36 0 8 0.0331776961684
30 48 0 8 0.0330687426031
45 76 0 8 0.0329993590713
29 51 0 8 0.0329064689577
3 22 0 8 0.0328025743365
36 67 0 8 0.0327646620572
31 72 0 8 0.0327158421278
16 24 0 8 0.0327114127576
4 31 0 8 0.0327082686126
4 20 0 8 0.0326876938343
38 47 0 8 0.0326785296202
35 46 0 8 0.0326626896858
15 73 0 8 0.0325571894646
13 64 0 8 0.032430741936
26 76 0 8 0.0324009135365
72 80 0 8 0.0322890020907
31 54 0 8 0.0322220958769
29 47 0 8 0.0318760834634
4 38 0 8 0.0317536666989
23 77 0 8 0.0317216403782
46 80 0 8 0.0315840356052
49 75 0 8 0.0315572321415
9 37 0 8 0.0315519236028
19 76 0 8 0.0314617678523
10 77 0 8 0.0314439460635
29 44 0 8 0.0313677042723
59 76 0 8 0.0313040055335
2 31 0 8 0.0313003845513
6 36 0 8 0.0312288813293
32 67 0 8 0.0312262773514
31 74 0 8 0.0311210919172
10 29 0 8 0.0310329161584
12 49 0 8 0.0310122277588
35 38 0 8 0.0309519283473
4 40 0 8 0.0309373289347
5 41 0 8 0.0309328753501
51 78 0 8 0.03088763915
28 44 0 8 0.0308637563139
17 38 0 8 0.0308548491448
42 78 0 8 0.0307693202049
18 38 0 8 0.030744401738
12 70 0 8 0.0307339727879
53 74 0 8 0.0306658577174
33 70 0 8 0.0306276790798
7 58 0 8 0.0304651781917
38 50 0 8 0.0304102580994
4 22 0 8 0.0303711723536
34 75 0 8 0.0303641036153
3 75 0 8 0.0302971173078
46 52 0 8 0.0302723590285
45 63 0 8 0.0302508659661
22 46 0 8 0.0301880389452
28 65 0 8 0.0301217269152
32 58 0 8 0.030105419457
16 67 0 8 0.0300887022167
34 50 0 8 0.0300678350031
40 78 0 8 0.0300579089671
16 62 0 8 0.0300534032285
55 59 0 8 0.0300483163446
61 74 0 8 0.0300297830254
21 75 0 8 0.0300287138671
47 77 0 8 0.0300052091479
22 77 0 8 0.0299854651093
11 79 0 8 0.0298332292587
14 49 0 8 0.0298190377653
32 35 0 8 0.0297931153327
35 54 0 8 0.0297884568572
13 44 0 8 0.0297867134213
36 76 0 8 0.0294941868633
3 64 0 8 0.02947242558
4 47 0 8 0.0294667910784
6 57 0 8 0.0294198635966
2 56 0 8 0.0293649584055
41 53 0 8 0.0293415095657
27 77 0 8 0.0293186027557
9 34 0 8 0.0292896293104
13 51 0 8 0.0291942823678
31 73 0 8 0.0291041750461
23 44 0 8 0.0290571991354
36 68 0 8 0.0290294997394
3 26 0 8 0.0290284920484
3 33 0 8 0.0290093459189
42 48 0 8 0.0289887618273
20 47 0 8 0.0289794895798
14 51 0 8 0.028964471072
3 65 0 8 0.0287895333022
25 59 0 8 0.0287741366774
12 32 0 8 0.0287636239082
5 77 0 8 0.0287318658084
11 37 0 8 0.0286988895386
64 71 0 8 0.0286569818854
1 28 0 8 0.0285638794303
31 67 0 8 0.02851110138
44 68 0 8 0.0284615755081
5 53 0 8 0.0283909216523
3 21 0 8 0.028385495767
23 59 0 8 0.0282736495137
3 15 0 8 0.0282038878649
9 76 0 8 0.0281963869929
15 44 0 8 0.0281330402941
5 55 0 8 0.0280859153718
8 15 0 8 0.0280542783439
7 10 0 8 0.028026945889
7 62 0 8 0.0280157774687
26 32 0 8 0.0280139986426
38 77 0 8 0.0279966313392
15 77 0 8 0.0279660243541
3 23 0 8 0.0279569774866
23 42 0 8 0.027750281617
41 50 0 8 0.0277149192989
27 50 0 8 0.027711501345
37 64 0 8 0.0275434367359
18 55 0 8 0.02750932239
5 45 0 8 0.0273530799896
12 41 0 8 0.0272884983569
13 74 0 8 0.0272319018841
5 68 0 8 0.0270524732769
3 74 0 8 0.0270226504654
32 65 0 8 0.0269367657602
20 77 0 8 0.0267238393426
41 74 0 8 0.0266612414271
14 17 0 8 0.0266182199121
3 63 0 8 0.0265408083797
5 67 0 8 0.0264400895685
21 44 0 8 0.0264086686075
12 36 0 8 0.0263543855399
23 49 0 8 0.0262713413686
16 44 0 8 0.0262651834637
57 64 0 8 0.0262374468148
3 60 0 8 0.0262341629714
7 76 0 8 0.0262176208198
37 58 0 8 0.0262013860047
13 16 0 8 0.0260403361171
17 35 0 8 0.0260092597455
43 51 0 8 0.0259389355779
26 68 0 8 0.0258984733373
17 54 0 8 0.0258638747036
36 69 0 8 0.0258134119213
1 37 0 8 0.0256840437651
32 77 0 8 0.0256792847067
22 59 0 8 0.0256696939468
18 53 0 8 0.0255222599953
3 47 0 8 0.0255143381655
45 60 0 8 0.0254825372249
20 43 0 8 0.0254400130361
51 54 0 8 0.0254122521728
38 54 0 8 0.0253652986139
36 57 0 8 0.0253456309438
17 63 0 8 0.0253391768783
8 31 0 8 0.0252362135798
6 25 0 8 0.0251690130681
49 62 0 8 0.0251453910023
18 45 0 8 0.0251377876848
41 51 0 8 0.0251196175814
58 77 0 8 0.025086324662
34 46 0 8 0.0250807143748
6 45 0 8 0.0250733718276
33 74 0 8 0.0250461157411
25 55 0 8 0.0249818116426
16 68 0 8 0.0249519404024
35 78 0 8 0.024905802682
34 78 0 8 0.0248471982777
50 75 0 8 0.0248393658549
31 34 0 8 0.0248299837112
54 68 0 8 0.0248028766364
13 32 0 8 0.024753537029
4 21 0 8 0.0247494634241
45 79 0 8 0.0247116480023
5 60 0 8 0.0247087515891
37 68 0 8 0.0246662832797
29 48 0 8 0.0246543213725
33 48 0 8 0.0246370136738
23 75 0 8 0.0246089659631
64 76 0 8 0.0245754010975
10 27 0 8 0.0245740357786
47 51 0 8 0.024515947327
61 73 0 8 0.0244128778577
10 78 0 8 0.0243911389261
12 74 0 8 0.0243708584458
43 48 0 8 0.0242781359702
25 34 0 8 0.0241659581661
19 44 0 8 0.0241603758186
3 52 0 8 0.0240901280195
35 58 0 8 0.0240828637034
59 74 0 8 0.0240577217191
8 49 0 8 0.024016501382
1 18 0 8 0.023873867467
37 78 0 8 0.0238223504275
23 51 0 8 0.0237410273403
17 64 0 8 0.0236942041665
2 20 0 8 0.023649873212
6 23 0 8 0.0235894303769
29 45 0 8 0.0235791858286
28 58 0 8 0.0235644392669
68 75 0 8 0.0235492158681
11 73 0 8 0.0235055331141
38 43 0 8 0.0234947055578
45 75 0 8 0.0234220642596
2 21 0 8 0.0234157890081
37 50 0 8 0.0233762674034
4 19 0 8 0.0233411379158
37 55 0 8 0.0233321376145
52 68 0 8 0.023298015818
4 64 0 8 0.0232666190714
9 35 0 8 0.0232645981014
21 37 0 8 0.0232563149184
3 20 0 8 0.02315178141
52 71 0 8 0.0231371484697
8 70 0 8 0.0231144838035
3 68 0 8 0.023078372702
20 60 0 8 0.0230687409639
38 55 0 8 0.0230604354292
9 50 0 8 0.023056121543
23 76 0 8 0.0230370871723
9 62 0 8 0.0230345278978
17 55 0 8 0.0230230540037
19 38 0 8 0.0230139456689
29 62 0 8 0.0229475665838
59 77 0 8 0.0229152906686
20 45 0 8 0.0229004323483
44 62 0 8 0.0228408221155
12 73 0 8 0.0228191595525
26 45 0 8 0.0227628946304
24 44 0 8 0.022732147947
26 73 0 8 0.0227218270302
12 51 0 8 0.0227031204849
32 59 0 8 0.0226795505732
7 31 0 8 0.0226108152419
12 46 0 8 0.022600447759
73 81 0 8 0.0225708633661
11 14 0 8 0.0225223451853
6 67 0 8 0.0224937722087
63 75 0 8 0.0224893782288
16 59 0 8 0.0224697012454
27 63 0 8 0.0224532112479
44 73 0 8 0.0224338043481
1 55 0 8 0.0223987158388
16 49 0 8 0.0223800037056
36 58 0 8 0.0223548263311
69 77 0 8 0.0223107151687
1 68 0 8 0.0222931746393
43 76 0 8 0.0222539473325
11 30 0 8 0.022246716544
54 61 0 8 0.0221579968929
54 67 0 8 0.0221530385315
16 36 0 8 0.0221490040421
49 61 0 8 0.0221440419555
11 44 0 8 0.0221088454127
38 52 0 8 0.0221025310457
47 80 0 8 0.0220767483115
5 64 0 8 0.0220320373774
43 52 0 8 0.0219839345664
44 80 0 8 0.0219751689583
8 75 0 8 0.0219585075974
6 58 0 8 0.0219504851848
10 52 0 8 0.021942794323
35 76 0 8 0.0219414792955
14 36 0 8 0.0219208952039
35 69 0 8 0.0219015348703
34 76 0 8 0.021895384416
3 73 0 8 0.0218856967986
13 70 0 8 0.0218792781234
5 75 0 8 0.02185446769
9 78 0 8 0.0218542125076
3 66 0 8 0.0218430589885
40 51 0 8 0.0218424182385
58 76 0 8 0.0218357052654
35 74 0 8 0.0218286588788
30 78 0 8 0.0218244381249
10 33 0 8 0.0218115095049
44 79 0 8 0.0217974744737
40 80 0 8 0.0217748526484
31 70 0 8 0.0217431597412
20 76 0 8 0.021725827828
16 78 0 8 0.0217121150345
9 36 0 8 0.0216934718192
4 62 0 8 0.0216553732753
43 66 0 8 0.0216411631554
48 77 0 8 0.0216395072639
17 48 0 8 0.0216287076473
59 65 0 8 0.0216110534966
7 63 0 8 0.0215830076486
18 41 0 8 0.021576160565
18 40 0 8 0.0215542111546
8 71 0 8 0.0215476863086
17 53 0 8 0.0215444695204
37 51 0 8 0.0215294770896
8 41 0 8 0.0215044524521
14 74 0 8 0.0214967541397
5 23 0 8 0.0214915443212
17 69 0 8 0.0214501991868
5 8 0 8 0.0214403122663
17 45 0 8 0.021403061226
5 54 0 8 0.0214026737958
59 72 0 8 0.0214020293206
4 57 0 8 0.0213976353407
28 57 0 8 0.0213827118278
37 63 0 8 0.0213772561401
25 76 0 8 0.0213675312698
26 38 0 8 0.0213318839669
11 49 0 8 0.0213299635798
7 64 0 8 0.0213073082268
26 78 0 8 0.0213064737618
24 77 0 8 0.0212983321398
32 64 0 8 0.0212933532894
4 77 0 8 0.0212861541659
4 74 0 8 0.0212679579854
53 77 0 8 0.0211928375065
35 66 0 8 0.0211889445782
38 51 0 8 0.0211825724691
14 57 0 8 0.0211614686996
42 76 0 8 0.0211456120014
5 26 0 8 0.021138286218
35 60 0 8 0.0211370028555
3 61 0 8 0.0211299359798
33 73 0 8 0.0211012847722
9 46 0 8 0.0210824161768
31 77 0 8 0.0210800096393
18 61 0 8 0.021077318117
28 75 0 8 0.0210687406361
45 80 0 8 0.0210509318858
9 67 0 8 0.0210082791746
19 64 0 8 0.0209971796721
50 80 0 8 0.0209944248199
5 51 0 8 0.0209914855659
10 37 0 8 0.0209314059466
3 50 0 8 0.020911725238
36 73 0 8 0.0208790451288
49 80 0 8 0.0208788830787
24 42 0 8 0.0208619963378
28 77 0 8 0.0208568256348
27 60 0 8 0.0208564065397
9 56 0 8 0.0208316370845
41 54 0 8 0.0207908507437
68 76 0 8 0.0207885354757
1 29 0 8 0.0207797922194
47 61 0 8 0.0207536891103
10 61 0 8 0.0207027234137
41 48 0 8 0.0206826347858
16 54 0 8 0.0206353720278
6 72 0 8 0.0206339973956
10 75 0 8 0.0206253267825
51 74 0 8 0.0206160545349
14 70 0 8 0.0206071212888
19 47 0 8 0.0205834209919
34 54 0 8 0.0205776430666
54 78 0 8 0.0205749720335
30 53 0 8 0.0205567050725
9 75 0 8 0.0205487124622
10 30 0 8 0.0205385610461
45 66 0 8 0.0205239243805
1 64 0 8 0.0205195825547
16 76 0 8 0.0205156486481
69 76 0 8 0.0205096267164
35 47 0 8 0.0204914268106
16 41 0 8 0.0204474087805
17 78 0 8 0.0203702095896
39 53 0 8 0.0203602910042
27 80 0 8 0.0203598253429
71 81 0 8 0.0203406084329
4 68 0 8 0.0203359015286
33 47 0 8 0.0203167218715
60 76 0 8 0.0202940441668
33 72 0 8 0.0202800892293
72 79 0 8 0.0202758982778
1 7 0 8 0.0202414318919
36 75 0 8 0.0202053394169
38 62 0 8 0.0201770309359
39 45 0 8 0.0201070681214
60 78 0 8 0.0201035570353
17 74 0 8 0.0201006103307
12 78 0 8 0.0200986620039
3 46 0 8 0.0200959965587
28 49 0 8 0.0200844053179
45 62 0 8 0.0200814362615
48 78 0 8 0.020070809871
25 50 0 8 0.0200454741716
47 78 0 8 0.0200392231345
32 78 0 8 0.0200161151588
66 77 0 8 0.0199931710958
24 71 0 8 0.0199896227568
6 24 0 8 0.0199881829321
29 63 0 8 0.0199773833156
16 64 0 8 0.0199650134891
20 78 0 8 0.0199564713985
48 74 0 8 0.0199328772724
37 56 0 8 0.0199166517705
37 80 0 8 0.0199052821845
24 53 0 8 0.0198877304792
14 76 0 8 0.0198153760284
15 70 0 8 0.0198109392077
44 61 0 8 0.0198027417064
3 41 0 8 0.0197958014905
2 32 0 8 0.0197896771133
2 23 0 8 0.0197828561068
23 74 0 8 0.0197671335191
33 44 0 8 0.0197598394006
1 31 0 8 0.0197547189891
44 66 0 8 0.0197531506419
38 46 0 8 0.0197515115142
30 79 0 8 0.0197501406074
3 44 0 8 0.0197486039251
27 56 0 8 0.0197285097092
29 78 0 8 0.0196956228465
11 80 0 8 0.0196541044861
40 75 0 8 0.0196428280324
24 59 0 8 0.0196259859949
3 35 0 8 0.0196034703404
9 80 0 8 0.0195985343307
44 64 0 8 0.0195786356926
14 45 0 8 0.0195757579058
30 77 0 8 0.0195740275085
4 53 0 8 0.0195737984031
6 32 0 8 0.0195535086095
60 77 0 8 0.0195433404297
19 69 0 8 0.0194934327155
46 64 0 8 0.0194883402437
30 52 0 8 0.01948046498
25 48 0 8 0.0194715503603
33 55 0 8 0.0194672942162
12 60 0 8 0.0194649454206
34 47 0 8 0.0194223280996
25 61 0 8 0.0194195751101
29 57 0 8 0.0193743985146
21 40 0 8 0.01935569942
13 45 0 8 0.0193450450897
17 56 0 8 0.0193180330098
6 76 0 8 0.0192768964916
8 44 0 8 0.0192633979023
57 74 0 8 0.0192322395742
13 21 0 8 0.0192107427865
36 50 0 8 0.0191821884364
42 64 0 8 0.0191727429628
7 66 0 8 0.0191641002893
11 51 0 8 0.0191602744162
11 66 0 8 0.0191559735686
35 39 0 8 0.0191390905529
46 81 0 8 0.0191230978817
42 52 0 8 0.019093612209
24 40 0 8 0.0190607346594
41 67 0 8 0.0190461687744
17 46 0 8 0.0190423969179
29 41 0 8 0.0190375018865
4 60 0 8 0.0189943350852
5 80 0 8 0.0189759992063
34 69 0 8 0.0189678389579
3 76 0 8 0.0189543385059
4 45 0 8 0.0189537629485
4 24 0 8 0.0189382657409
29 69 0 8 0.018934013322
24 52 0 8 0.0189183820039
14 32 0 8 0.0189155675471
17 47 0 8 0.0188687555492
47 73 0 8 0.0188682954758
12 52 0 8 0.0188634246588
35 57 0 8 0.018854746595
46 51 0 8 0.0188529118896
21 59 0 8 0.0188353676349
52 78 0 8 0.0188343673944
45 61 0 8 0.0188264865428
38 80 0 8 0.0188213791698
10 49 0 8 0.0188132710755
22 39 0 8 0.018796460703
4 61 0 8 0.0187749285251
47 76 0 8 0.0187528338283
51 57 0 8 0.0187503434718
42 58 0 8 0.018746079877
25 62 0 8 0.0187308676541
49 60 0 8 0.0187173560262
44 60 0 8 0.0187104046345
60 80 0 8 0.0187072530389
11 60 0 8 0.018647255376
24 45 0 8 0.0186178851873
42 53 0 8 0.0186162851751
72 81 0 8 0.0186160989106
12 44 0 8 0.0185578987002
6 73 0 8 0.018550414592
2 48 0 8 0.018528888002
31 78 0 8 0.0185154564679
20 57 0 8 0.0185078829527
4 63 0 8 0.0184845793992
50 64 0 8 0.0184790045023
27 54 0 8 0.0184725839645
22 37 0 8 0.0184606742114
47 79 0 8 0.0184303298593
66 75 0 8 0.0184277556837
28 73 0 8 0.018426835537
21 39 0 8 0.0183977931738
57 65 0 8 0.0183945074677
42 79 0 8 0.0183650646359
57 77 0 8 0.0183635074645
40 49 0 8 0.018349936232
21 64 0 8 0.0183463338763
38 74 0 8 0.018342692405
1 38 0 8 0.0183424782008
54 64 0 8 0.0183145906776
25 64 0 8 0.0183097943664
49 79 0 8 0.0183083731681
15 49 0 8 0.0182911008596
13 69 0 8 0.0182689484209
55 76 0 8 0.0182688497007
42 50 0 8 0.0182550940663
36 66 0 8 0.0182543452829
7 32 0 8 0.0182318706065
3 77 0 8 0.0182144381106
2 22 0 8 0.0182111039758
10 76 0 8 0.0181903783232
19 41 0 8 0.0181777011603
4 25 0 8 0.0181735288352
34 67 0 8 0.0181625206023
53 62 0 8 0.0181540884078
50 60 0 8 0.0181371495128
1 16 0 8 0.0181303806603
15 76 0 8 0.018121983856
44 75 0 8 0.0181053187698
9 79 0 8 0.0180932190269
12 47 0 8 0.0180799625814
16 26 0 8 0.0180756095797
12 72 0 8 0.0180661268532
52 55 0 8 0.0180138554424
33 45 0 8 0.0179917570204
15 41 0 8 0.0179686918855
51 64 0 8 0.017961313948
38 78 0 8 0.0179580245167
17 49 0 8 0.0179408192635
53 73 0 8 0.0179269965738
14 19 0 8 0.0179091989994
45 81 0 8 0.0179009325802
51 79 0 8 0.0178912431002
8 72 0 8 0.0178859904408
26 31 0 8 0.0178764108568
38 75 0 8 0.0178598258644
10 62 0 8 0.0178386867046
47 68 0 8 0.0178363714367
27 76 0 8 0.0178322941065
17 39 0 8 0.0178169924766
14 78 0 8 0.0178015958518
9 69 0 8 0.0177525896579
3 25 0 8 0.0177316404879
41 63 0 8 0.0177291240543
40 79 0 8 0.0177190117538
12 35 0 8 0.0177155509591
30 57 0 8 0.0177068561316
2 49 0 8 0.0177063606679
38 61 0 8 0.0177026111633
49 81 0 8 0.0176871865988
44 53 0 8 0.0176667440683
46 75 0 8 0.0176515728235
14 18 0 8 0.0176454726607
44 81 0 8 0.0176292043179
12 16 0 8 0.0176080688834
48 81 0 8 0.0176063198596
1 21 0 8 0.0176010672003
3 72 0 8 0.0175932589918
10 80 0 8 0.0175730139017
17 40 0 8 0.0175667982548
10 32 0 8 0.0175561290234
33 77 0 8 0.0175555627793
16 69 0 8 0.0175522398204
36 65 0 8 0.0175331477076
35 67 0 8 0.0175255779177
1 32 0 8 0.0175237804651
5 42 0 8 0.0175172612071
21 78 0 8 0.0174717083573
13 78 0 8 0.017435817048
21 42 0 8 0.0174154955894
8 58 0 8 0.0174051690847
19 40 0 8 0.017396999523
56 77 0 8 0.0173949375749
3 62 0 8 0.0173949301243
50 62 0 8 0.0173933394253
47 81 0 8 0.0173899587244
1 23 0 8 0.017377063632
33 75 0 8 0.0173529312015
34 62 0 8 0.0173469483852
31 60 0 8 0.0173457786441
1 49 0 8 0.0173380021006
1 54 0 8 0.0173271354288
50 78 0 8 0.0173167120665
8 37 0 8 0.0173047408462
1 22 0 8 0.0173017885536
3 53 0 8 0.0172754526138
45 64 0 8 0.0172405075282
36 80 0 8 0.0172342229635
35 75 0 8 0.0172261800617
7 43 0 8 0.0172133650631
2 64 0 8 0.0171969179064
55 77 0 8 0.0171806700528
2 40 0 8 0.0171727240086
6 78 0 8 0.0171538852155
7 78 0 8 0.0171456169337
26 72 0 8 0.0171403624117
17 68 0 8 0.0171357989311
15 27 0 8 0.0171236041933
42 75 0 8 0.0171228740364
24 50 0 8 0.0171064157039
9 57 0 8 0.0170771926641
18 56 0 8 0.0170714464039
7 73 0 8 0.0170432236046
22 78 0 8 0.0170420482755
2 47 0 8 0.0170351192355
20 42 0 8 0.0170123204589
24 62 0 8 0.0170030016452
64 75 0 8 0.0170010477304
3 24 0 8 0.0169955193996
52 63 0 8 0.0169925894588
29 79 0 8 0.016990788281
51 80 0 8 0.0169651713222
31 56 0 8 0.0169617906213
2 57 0 8 0.0169595722109
37 47 0 8 0.0169398207217
32 69 0 8 0.0169330965728
32 68 0 8 0.0169289298356
30 56 0 8 0.0169217828661
3 56 0 8 0.0169192347676
13 43 0 8 0.0169128514826
50 79 0 8 0.0169003624469
15 34 0 8 0.0168867483735
55 80 0 8 0.0168796088547
53 76 0 8 0.016855372116
32 61 0 8 0.0168546382338
1 57 0 8 0.0168140400201
30 54 0 8 0.0168072003871
31 66 0 8 0.0168058685958
25 71 0 8 0.0167999770492
14 34 0 8 0.0167998112738
50 81 0 8 0.0167994629592
24 51 0 8 0.0167984478176
46 79 0 8 0.0167940463871
1 30 0 8 0.0167901646346
21 38 0 8 0.0167817827314
48 67 0 8 0.0167652759701
24 80 0 8 0.0167616624385
5 73 0 8 0.0167388319969
13 65 0 8 0.0167387854308
68 77 0 8 0.0167345553637
1 8 0 8 0.0167191680521
4 73 0 8 0.0167157109827
17 75 0 8 0.0167115814984
52 69 0 8 0.0167073979974
5 44 0 8 0.0166506674141
27 78 0 8 0.0166499111801
57 75 0 8 0.0166389122605
13 41 0 8 0.0166387651116
33 41 0 8 0.0166314486414
6 37 0 8 0.0166310127825
14 80 0 8 0.0166206676513
15 74 0 8 0.0166187044233
27 65 0 8 0.0166111923754
46 62 0 8 0.0165692996234
4 58 0 8 0.0165676511824
21 46 0 8 0.0165663175285
23 48 0 8 0.0165655780584
4 35 0 8 0.0165587272495
30 44 0 8 0.0165333319455
21 47 0 8 0.0165093373507
18 71 0 8 0.0164648536593
55 78 0 8 0.0164614412934
35 64 0 8 0.0164536386728
25 75 0 8 0.0164370406419
45 68 0 8 0.0164060331881
10 74 0 8 0.0164024401456
19 70 0 8 0.0163994245231
18 62 0 8 0.016381368041
34 48 0 8 0.016376780346
54 69 0 8 0.0163708366454
3 45 0 8 0.0163707677275
32 76 0 8 0.016358954832
17 52 0 8 0.0163496341556
18 77 0 8 0.0163466744125
21 76 0 8 0.0163434166461
18 72 0 8 0.0163422506303
7 12 0 8 0.0163145940751
37 79 0 8 0.0163103099912
21 61 0 8 0.0163064617664
39 46 0 8 0.0162983182818
16 53 0 8 0.0162813086063
33 65 0 8 0.016269300133
19 46 0 8 0.0162646844983
38 48 0 8 0.0162493865937
7 80 0 8 0.0162467490882
36 55 0 8 0.0162456128746
23 61 0 8 0.0162438005209
14 53 0 8 0.0162262301892
12 75 0 8 0.0162196028978
42 66 0 8 0.016219092533
8 79 0 8 0.0162111893296
2 7 0 8 0.0161976274103
16 80 0 8 0.0161974076182
19 75 0 8 0.0161904096603
24 75 0 8 0.0161845777184
6 47 0 8 0.0161783918738
22 52 0 8 0.0161545239389
48 79 0 8 0.0161379445344
27 64 0 8 0.0161214247346
1 45 0 8 0.0160978808999
8 78 0 8 0.0160941425711
43 77 0 8 0.0160906109959
5 24 0 8 0.0160588659346
19 45 0 8 0.0160413645208
15 37 0 8 0.0160328540951
41 80 0 8 0.0160239655524
24 76 0 8 0.016008162871
31 69 0 8 0.0160078108311
34 80 0 8 0.0160070359707
27 47 0 8 0.0159224625677
34 74 0 8 0.0159205570817
13 31 0 8 0.0158772561699
20 24 0 8 0.0158608797938
18 24 0 8 0.0158470924944
36 47 0 8 0.0158366113901
7 24 0 8 0.0158261284232
21 49 0 8 0.0158239584416
3 34 0 8 0.0158160682768
39 49 0 8 0.0157891400158
27 74 0 8 0.0157796125859
31 62 0 8 0.0157722551376
32 75 0 8 0.015733262524
16 37 0 8 0.0157147254795
9 74 0 8 0.0157054103911
2 77 0 8 0.0156958084553
27 58 0 8 0.0156892538071
4 66 0 8 0.0156659130007
2 46 0 8 0.0156570337713
55 79 0 8 0.0156549606472
45 74 0 8 0.0156461745501
38 45 0 8 0.0156154045835
47 52 0 8 0.0155899608508
23 53 0 8 0.0155788352713
14 31 0 8 0.0155673278496
32 60 0 8 0.0155612500384
28 76 0 8 0.0155556192622
10 79 0 8 0.0155256204307
54 80 0 8 0.0155123556033
16 45 0 8 0.0154984313995
15 53 0 8 0.0154970046133
20 65 0 8 0.0154961962253
15 78 0 8 0.015492618084
10 73 0 8 0.0154836019501
2 52 0 8 0.0154583705589
22 47 0 8 0.0154456607997
11 45 0 8 0.0154404919595
45 72 0 8 0.0154359107837
35 80 0 8 0.0154352448881
27 30 0 8 0.0154339615256
56 76 0 8 0.0154257910326
39 77 0 8 0.0154218217358
54 79 0 8 0.0154172321782
17 42 0 8 0.0154041014612
1 66 0 8 0.0154033983126
41 64 0 8 0.0153768956661
40 47 0 8 0.0153402127326
5 78 0 8 0.0153356762603
33 57 0 8 0.0153338396922
3 51 0 8 0.0153237702325
11 41 0 8 0.0153190158308
7 57 0 8 0.0152976531535
43 50 0 8 0.0152787808329
27 68 0 8 0.0152472183108
3 48 0 8 0.0152411051095
13 37 0 8 0.0152392154559
6 70 0 8 0.0152376489714
34 58 0 8 0.0152347804978
21 45 0 8 0.0152304740623
49 74 0 8 0.0152171775699
29 80 0 8 0.0152103975415
5 9 0 8 0.0152086196467
45 65 0 8 0.0152020361274
39 80 0 8 0.0151917599142
26 49 0 8 0.0151791805401
23 26 0 8 0.0151789234951
6 46 0 8 0.015162951313
12 80 0 8 0.0151487868279
36 78 0 8 0.0151440352201
4 80 0 8 0.0151407644153
67 75 0 8 0.0151319857687
57 76 0 8 0.0151246618479
28 80 0 8 0.0151160974056
32 63 0 8 0.0151013955474
53 67 0 8 0.0150942057371
18 64 0 8 0.0150902075693
27 79 0 8 0.0150813236833
38 76 0 8 0.0150415766984
15 75 0 8 0.0150396414101
2 59 0 8 0.0150229306892
24 49 0 8 0.0150052448735
2 27 0 8 0.0149916205555
3 8 0 8 0.0149618219584
2 44 0 8 0.0149593213573
52 70 0 8 0.0149510176852
56 60 0 8 0.0149509683251
24 60 0 8 0.014943680726
48 52 0 8 0.0149403121322
8 42 0 8 0.01493859943
50 53 0 8 0.0149319712073
22 74 0 8 0.0149253858253
6 56 0 8 0.014924495481
4 76 0 8 0.0149203594774
37 73 0 8 0.0149165624753
4 72 0 8 0.014898089692
22 80 0 8 0.0148978233337
1 72 0 8 0.0148871550336
9 59 0 8 0.0148735530674
52 64 0 8 0.0148704089224
3 58 0 8 0.0148281445727
48 80 0 8 0.0148039935157
57 66 0 8 0.0147985545918
48 76 0 8 0.014792855829
22 45 0 8 0.0147857479751
25 28 0 8 0.0147822825238
4 8 0 8 0.0147738819942
26 80 0 8 0.0147678731009
16 79 0 8 0.0147434296086
19 55 0 8 0.0147425848991
44 70 0 8 0.0147070400417
12 43 0 8 0.0147015135735
44 63 0 8 0.0146643640473
42 80 0 8 0.0146451815963
2 45 0 8 0.0146131431684
38 67 0 8 0.0146083310246
57 61 0 8 0.0146079119295
13 66 0 8 0.0145976338536
25 78 0 8 0.0145890414715
54 73 0 8 0.0145878829062
6 20 0 8 0.0145516805351
49 65 0 8 0.0145481452346
15 51 0 8 0.0145444348454
31 76 0 8 0.0144918346778
1 20 0 8 0.014488668181
42 59 0 8 0.0144789619371
1 60 0 8 0.0144655499607
5 56 0 8 0.0144626209512
47 75 0 8 0.0144405346364
9 65 0 8 0.0144388657063
45 70 0 8 0.014427321963
28 48 0 8 0.014420799911
19 77 0 8 0.0144138624892
3 43 0 8 0.0144060738385
38 69 0 8 0.0143977683038
23 80 0 8 0.0143911251798
5 66 0 8 0.0143898073584
35 68 0 8 0.0143731124699
23 35 0 8 0.0143729429692
41 61 0 8 0.0143718225881
25 80 0 8 0.0143645014614
35 63 0 8 0.0143574886024
21 63 0 8 0.0143562676385
40 48 0 8 0.0143557684496
27 67 0 8 0.0143251894042
9 64 0 8 0.014311647974
20 70 0 8 0.014310317114
22 43 0 8 0.0143074179068
41 79 0 8 0.0142972534522
38 66 0 8 0.0142951235175
1 27 0 8 0.014266951941
38 56 0 8 0.0142586259171
42 73 0 8 0.0142555627972
5 69 0 8 0.0142535455525
23 78 0 8 0.0142318019643
34 60 0 8 0.0142312599346
5 22 0 8 0.0142283169553
33 37 0 8 0.0142233008519
28 56 0 8 0.014217232354
18 67 0 8 0.0142108974978
13 72 0 8 0.0142088346183
23 45 0 8 0.0141587816179
2 33 0 8 0.014156145975
5 65 0 8 0.0141517678276
31 75 0 8 0.0141496462747
16 28 0 8 0.0141481896862
29 66 0 8 0.0141450110823
66 80 0 8 0.0141068147495
2 75 0 8 0.0140956640244
3 39 0 8 0.0140821253881
8 66 0 8 0.0140782259405
10 44 0 8 0.0140731977299
1 52 0 8 0.0140632502735
2 68 0 8 0.0140282055363
11 35 0 8 0.0140233058482
40 81 0 8 0.0140154948458
17 50 0 8 0.0140113849193
15 45 0 8 0.0140097439289
43 80 0 8 0.0140004334971
29 35 0 8 0.0139938658103
16 25 0 8 0.013988379389
12 45 0 8 0.013978057541
52 65 0 8 0.0139757897705
42 70 0 8 0.0139547260478
6 80 0 8 0.0139516945928
20 52 0 8 0.0139414845034
39 47 0 8 0.0139304436743
53 68 0 8 0.0139257749543
22 75 0 8 0.0138925183564
66 76 0 8 0.0138869918883
21 43 0 8 0.0138846356422
19 68 0 8 0.0138788456097
6 30 0 8 0.0138766923919
11 72 0 8 0.0138764902949
2 53 0 8 0.0138763785362
41 72 0 8 0.0138673326001
53 64 0 8 0.013860154897
59 71 0 8 0.0138508770615
46 74 0 8 0.0138347726315
56 78 0 8 0.013823762536
46 63 0 8 0.0138197131455
29 74 0 8 0.0138167310506
42 60 0 8 0.013815626502
21 79 0 8 0.0138048324734
19 53 0 8 0.0137906940654
45 73 0 8 0.0137864537537
37 65 0 8 0.0137807559222
50 63 0 8 0.0137738883495
33 76 0 8 0.013772119768
1 75 0 8 0.0137625765055
24 78 0 8 0.0137502849102
1 70 0 8 0.0137234302238
31 80 0 8 0.013723003678
50 65 0 8 0.0137196416035
22 76 0 8 0.0137024829164
19 57 0 8 0.0136839551851
18 46 0 8 0.0136687811464
7 38 0 8 0.0136650335044
32 80 0 8 0.0136465234682
30 34 0 8 0.013635283336
51 73 0 8 0.0136203868315
14 50 0 8 0.0136175947264
52 67 0 8 0.0135959880427
17 33 0 8 0.0135905984789
2 73 0 8 0.0135743711144
34 79 0 8 0.0135548664257
56 79 0 8 0.0135516980663
34 68 0 8 0.013547739014
20 80 0 8 0.0135343000293
13 20 0 8 0.013528813608
30 51 0 8 0.0135178919882
64 77 0 8 0.0135083245113
36 56 0 8 0.0135005302727
19 67 0 8 0.0134604973719
2 62 0 8 0.0134580917656
34 37 0 8 0.0134545778856
10 81 0 8 0.0134457265958
2 26 0 8 0.0134419072419
7 65 0 8 0.013434888795
14 44 0 8 0.0134245278314
9 47 0 8 0.0133968759328
20 48 0 8 0.013388489373
39 78 0 8 0.0133736021817
29 67 0 8 0.0133691541851
22 48 0 8 0.0133684817702
45 67 0 8 0.0133663369343
11 34 0 8 0.0133652174845
2 39 0 8 0.0133542688563
8 80 0 8 0.0133379623294
4 67 0 8 0.0133339213207
50 73 0 8 0.0133128222078
15 80 0 8 0.0132843339816
18 63 0 8 0.0132770612836
58 80 0 8 0.013257753104
32 79 0 8 0.0132460677996
9 73 0 8 0.0132233379409
1 77 0 8 0.0132089974359
18 47 0 8 0.0131964795291
38 63 0 8 0.0131804319099
41 65 0 8 0.0131734814495
5 35 0 8 0.01316448953
12 34 0 8 0.0131588596851
27 69 0 8 0.0131559865549
2 50 0 8 0.0131498780102
10 14 0 8 0.0131314937025
4 65 0 8 0.0131253963336
20 74 0 8 0.0131177641451
38 59 0 8 0.0131098218262
32 70 0 8 0.013105140999
26 71 0 8 0.013092356734
1 36 0 8 0.0130850318819
11 68 0 8 0.013070021756
41 68 0 8 0.013058389537
19 56 0 8 0.0130559997633
6 42 0 8 0.0130452271551
17 25 0 8 0.0130182961002
1 58 0 8 0.0130082890391
1 24 0 8 0.0129884686321
2 76 0 8 0.0129645401612
1 71 0 8 0.0129183689132
30 81 0 8 0.0129010025412
1 26 0 8 0.0128328679129
49 64 0 8 0.0128085110337
53 69 0 8 0.012803892605
15 59 0 8 0.0127964094281
1 48 0 8 0.0127918552607
45 69 0 8 0.0127769308165
20 61 0 8 0.0127666145563
9 23 0 8 0.0127620827407
2 41 0 8 0.0127593977377
4 42 0 8 0.0127437310293
21 50 0 8 0.0127394776791
41 66 0 8 0.0127328103408
57 81 0 8 0.0127322468907
48 61 0 8 0.0127191562206
1 44 0 8 0.0127145713195
1 15 0 8 0.0127029279247
2 24 0 8 0.0126994298771
30 80 0 8 0.0126810176298
6 69 0 8 0.0126612242311
44 71 0 8 0.0126587199047
1 56 0 8 0.0126527743414
15 50 0 8 0.0126270353794
37 81 0 8 0.0126147652045
21 57 0 8 0.0125982640311
17 73 0 8 0.0125898271799
55 75 0 8 0.0125759458169
11 50 0 8 0.0125698419288
1 9 0 8 0.0125605184585
12 38 0 8 0.0125604532659
20 79 0 8 0.0125338621438
3 78 0 8 0.0125311650336
53 65 0 8 0.0125209968537
10 47 0 8 0.0125160096213
6 71 0 8 0.0124871945009
15 28 0 8 0.0124797411263
25 74 0 8 0.0124466354027
21 80 0 8 0.0124456500635
12 64 0 8 0.0124447122216
8 45 0 8 0.012427829206
32 66 0 8 0.0124273430556
28 45 0 8 0.012416866608
1 46 0 8 0.0124134691432
2 8 0 8 0.0124103836715
57 80 0 8 0.0123921269551
45 53 0 8 0.0123696504161
45 59 0 8 0.0123659456149
60 79 0 8 0.012356672436
22 64 0 8 0.01234818995
27 75 0 8 0.0123401964083
53 78 0 8 0.0123148662969
55 60 0 8 0.0123074213043
52 79 0 8 0.0122977448627
45 71 0 8 0.0122956251726
10 35 0 8 0.0122919548303
1 47 0 8 0.0122914565727
44 65 0 8 0.012286468409
1 59 0 8 0.012278791517
44 67 0 8 0.0122744888067
13 48 0 8 0.0122688775882
24 58 0 8 0.0122665083036
39 79 0 8 0.0122656133026
7 47 0 8 0.01225695014
12 62 0 8 0.0122360065579
26 79 0 8 0.0122319562361
39 76 0 8 0.0122295012698
5 79 0 8 0.0122116180137
40 52 0 8 0.0122014125809
37 43 0 8 0.0122010158375
5 81 0 8 0.0121970167384
32 45 0 8 0.0121957007796
27 73 0 8 0.0121931685135
11 46 0 8 0.0121804242954
52 72 0 8 0.0121800918132
16 52 0 8 0.0121658146381
50 58 0 8 0.0121595179662
2 66 0 8 0.0121577605605
2 60 0 8 0.012151222676
12 79 0 8 0.0121508445591
26 50 0 8 0.0121303647757
31 46 0 8 0.0120982136577
25 49 0 8 0.0120907789096
49 63 0 8 0.0120689049363
12 81 0 8 0.0120684662834
30 64 0 8 0.0120361950248
18 52 0 8 0.0120311556384
55 81 0 8 0.0120303956792
30 75 0 8 0.0120208775625
17 80 0 8 0.0120181990787
1 19 0 8 0.0120141068473
19 52 0 8 0.012004612945
49 66 0 8 0.0119892396033
30 69 0 8 0.0119856921956
22 51 0 8 0.01196349971
19 54 0 8 0.0119439344853
41 59 0 8 0.0119375493377
50 54 0 8 0.0119347367436
1 63 0 8 0.0119315944612
25 79 0 8 0.0119242044166
43 79 0 8 0.011921540834
57 78 0 8 0.0119074406102
43 78 0 8 0.0118962470442
23 60 0 8 0.0118899652734
51 55 0 8 0.0118844825774
20 53 0 8 0.0118752690032
11 47 0 8 0.0118719171733
32 44 0 8 0.0118690589443
36 71 0 8 0.0118679804727
9 22 0 8 0.0118655925617
38 60 0 8 0.0118189388886
5 25 0 8 0.0118131758645
32 74 0 8 0.0118076940998
2 71 0 8 0.0117970667779
68 79 0 8 0.0117947049439
23 73 0 8 0.01178528741
58 75 0 8 0.011776083149
23 79 0 8 0.0117698200047
20 64 0 8 0.0117638753727
8 50 0 8 0.0117460228503
40 54 0 8 0.0117376064882
28 78 0 8 0.0117349745706
16 46 0 8 0.0117343598977
53 66 0 8 0.0116783883423
1 65 0 8 0.0116686783731
19 78 0 8 0.0116628725082
41 69 0 8 0.0116412201896
39 50 0 8 0.011591902934
34 71 0 8 0.0115432646126
38 81 0 8 0.011501760222
26 65 0 8 0.0114981019869
12 50 0 8 0.0114863365889
1 62 0 8 0.0114800743759
2 74 0 8 0.0114787537605
25 46 0 8 0.0114560294896
34 43 0 8 0.011421832256
4 78 0 8 0.011411822401
17 60 0 8 0.0113971456885
1 41 0 8 0.0113889118657
24 43 0 8 0.0113864485174
17 26 0 8 0.0113780032843
30 45 0 8 0.0113524142653
39 81 0 8 0.0113432388753
19 43 0 8 0.0113219544291
4 70 0 8 0.0112952981144
21 81 0 8 0.0112836631015
46 72 0 8 0.0112726194784
20 75 0 8 0.0112720075995
16 56 0 8 0.0112492851913
12 30 0 8 0.0112365372479
27 66 0 8 0.0112216388807
17 43 0 8 0.0112150060013
18 69 0 8 0.0111890304834
13 42 0 8 0.011183924973
25 60 0 8 0.0111792804673
20 55 0 8 0.0111707756296
41 62 0 8 0.0111688217148
33 78 0 8 0.0111654996872
21 51 0 8 0.0111477188766
7 79 0 8 0.0111345956102
20 46 0 8 0.0111161926761
15 32 0 8 0.011101750657
31 79 0 8 0.0110892672092
42 63 0 8 0.0110860886052
35 55 0 8 0.0110756792128
20 49 0 8 0.0110730268061
25 69 0 8 0.0110652856529
9 60 0 8 0.0110551519319
10 67 0 8 0.0110549433157
36 46 0 8 0.0110384197906
1 74 0 8 0.0110296262428
16 42 0 8 0.0110074067488
38 79 0 8 0.0110026113689
17 79 0 8 0.0109952362254
4 81 0 8 0.0109670739621
43 81 0 8 0.0109660811722
41 60 0 8 0.0109424823895
44 72 0 8 0.010930175893
1 40 0 8 0.0109209259972
35 65 0 8 0.0109205497429
58 81 0 8 0.0109122404829
34 66 0 8 0.0109115093946
24 48 0 8 0.0109067400917
39 52 0 8 0.0108951563016
35 79 0 8 0.0108924442902
61 77 0 8 0.0108704520389
29 68 0 8 0.0108616473153
66 78 0 8 0.0108453016728
63 77 0 8 0.0108264992014
12 15 0 8 0.0108157647774
1 25 0 8 0.0108150504529
48 75 0 8 0.010805525817
5 71 0 8 0.0107973227277
3 80 0 8 0.0107584614307
61 76 0 8 0.0107491482049
57 73 0 8 0.0107437949628
33 80 0 8 0.0107405008748
21 72 0 8 0.0107345292345
40 70 0 8 0.0107142990455
53 80 0 8 0.0107029220089
8 69 0 8 0.0106990663335
9 81 0 8 0.0106660872698
21 73 0 8 0.0106540033594
18 54 0 8 0.0106346448883
14 79 0 8 0.0106324832886
2 70 0 8 0.0105974273756
18 43 0 8 0.0105973081663
41 70 0 8 0.0105941193178
20 71 0 8 0.0105921439826
1 53 0 8 0.0105856908485
52 80 0 8 0.0105763096362
3 13 0 8 0.010571709834
23 81 0 8 0.0105577744544
3 69 0 8 0.0105400355533
39 54 0 8 0.0105316899717
1 33 0 8 0.010526929982
11 69 0 8 0.0105151608586
13 46 0 8 0.0104860188439
23 68 0 8 0.0104772010818
7 71 0 8 0.0104375183582
21 70 0 8 0.0104074301198
36 72 0 8 0.010402623564
39 48 0 8 0.0103779658675
9 48 0 8 0.010354436934
51 69 0 8 0.0103490389884
13 47 0 8 0.0103384414688
6 40 0 8 0.0103138620034
44 69 0 8 0.0102969137952
31 45 0 8 0.0102964853868
63 76 0 8 0.010295056738
41 71 0 8 0.0102886119857
23 47 0 8 0.0102824764326
7 70 0 8 0.0102647310123
12 42 0 8 0.0102544128895
21 52 0 8 0.0102535169572
2 72 0 8 0.0102241374552
6 11 0 8 0.0101807126775
40 74 0 8 0.0101794740185
18 78 0 8 0.0101732434705
70 80 0 8 0.0101524349302
4 56 0 8 0.010147578083
31 59 0 8 0.0101391561329
7 23 0 8 0.0101377395913
13 56 0 8 0.0101350313053
32 36 0 8 0.0101305879653
29 81 0 8 0.0101203275844
43 64 0 8 0.0101022720337
41 81 0 8 0.0100938491523
2 65 0 8 0.010091486387
19 37 0 8 0.0100896432996
24 81 0 8 0.0100870765746
18 42 0 8 0.0100718140602
17 59 0 8 0.0100588910282
2 34 0 8 0.0100289452821
12 63 0 8 0.00998209044337
11 70 0 8 0.00997241586447
22 81 0 8 0.00995582062751
2 63 0 8 0.00994608644396
46 69 0 8 0.00994577631354
3 67 0 8 0.00994436908513
51 56 0 8 0.0099173495546
67 76 0 8 0.0099118957296
2 58 0 8 0.00989476963878
20 66 0 8 0.0098880501464
1 61 0 8 0.00988519378006
41 57 0 8 0.00988359749317
1 78 0 8 0.00986949168146
1 67 0 8 0.00986403226852
3 42 0 8 0.00986275169998
1 50 0 8 0.00983562227339
65 76 0 8 0.00982383824885
44 54 0 8 0.00981424655765
20 81 0 8 0.00980236753821
35 81 0 8 0.0097750518471
18 48 0 8 0.00976886413991
22 79 0 8 0.00976108107716
69 80 0 8 0.00975562538952
16 48 0 8 0.0097537515685
18 81 0 8 0.0097505133599
11 15 0 8 0.0097487969324
13 79 0 8 0.0097388215363
30 74 0 8 0.00972530245781
52 66 0 8 0.00971218105406
12 48 0 8 0.00971217732877
12 20 0 8 0.00970230251551
19 81 0 8 0.00970024149865
1 34 0 8 0.00967245362699
32 81 0 8 0.00966836325824
7 72 0 8 0.00966335088015
16 40 0 8 0.00965091027319
1 35 0 8 0.00964243151248
2 78 0 8 0.00962292216718
48 73 0 8 0.00962279364467
55 69 0 8 0.00961876474321
56 80 0 8 0.00961072277278
10 45 0 8 0.00959695782512
26 66 0 8 0.00959260761738
19 74 0 8 0.00958094932139
51 63 0 8 0.00956102926284
16 57 0 8 0.00955666787922
50 67 0 8 0.00954641401768
16 35 0 8 0.00953868124634
37 71 0 8 0.00953148491681
53 75 0 8 0.00952590443194
46 66 0 8 0.00951084028929
40 50 0 8 0.00950999092311
3 14 0 8 0.00950300414115
46 73 0 8 0.0094939339906
1 76 0 8 0.00944934971631
6 79 0 8 0.00944081414491
13 29 0 8 0.00940727815032
22 63 0 8 0.00940609164536
8 55 0 8 0.00937782321125
26 70 0 8 0.00937415566295
58 78 0 8 0.00936946365982
17 81 0 8 0.00933868344873
30 46 0 8 0.00933037977666
16 47 0 8 0.00932962633669
51 67 0 8 0.00931370351464
2 15 0 8 0.00931149441749
27 81 0 8 0.00930530391634
13 57 0 8 0.00930008292198
38 73 0 8 0.00929897092283
48 62 0 8 0.0092923399061
16 51 0 8 0.00928356964141
60 81 0 8 0.00927207712084
5 70 0 8 0.00927107874304
8 30 0 8 0.00923458300531
39 62 0 8 0.00923317857087
46 61 0 8 0.00923095829785
42 61 0 8 0.00922637991607
1 14 0 8 0.00922023225576
16 81 0 8 0.00920762587339
29 59 0 8 0.00918574817479
40 53 0 8 0.00916610937566
10 50 0 8 0.00911927595735
13 17 0 8 0.00910999905318
44 59 0 8 0.00910810101777
34 57 0 8 0.00910788588226
50 57 0 8 0.00910335499793
59 78 0 8 0.00907986983657
3 81 0 8 0.00905602611601
69 78 0 8 0.00905538909137
14 37 0 8 0.00905188452452
2 25 0 8 0.00904527492821
18 57 0 8 0.00904337223619
34 55 0 8 0.00902908109128
30 68 0 8 0.00902891531587
13 39 0 8 0.00900595635176
15 48 0 8 0.00899364799261
59 80 0 8 0.00898691918701
46 70 0 8 0.00896718911827
24 74 0 8 0.0089564062655
34 64 0 8 0.00894563738257
1 10 0 8 0.00893706362695
25 73 0 8 0.0089306961745
32 71 0 8 0.00892371870577
56 74 0 8 0.00889865774661
26 46 0 8 0.00888619199395
17 51 0 8 0.00887640099972
24 70 0 8 0.00886891968548
34 81 0 8 0.00883663631976
11 81 0 8 0.00881140958518
57 71 0 8 0.00880225095898
18 76 0 8 0.00879721529782
19 48 0 8 0.00879587139934
6 12 0 8 0.00877501815557
1 73 0 8 0.00876553356647
33 46 0 8 0.00872885249555
42 62 0 8 0.00871846079826
13 80 0 8 0.00869790557772
39 75 0 8 0.00867997761816
14 54 0 8 0.00864000245929
18 80 0 8 0.00863087456673
12 67 0 8 0.00862165167928
37 72 0 8 0.00859910901636
8 65 0 8 0.00859364308417
46 68 0 8 0.00857874192297
39 55 0 8 0.00856620352715
70 79 0 8 0.00854693632573
1 51 0 8 0.00853196252137
62 76 0 8 0.00850651971996
8 46 0 8 0.00850489921868
17 28 0 8 0.00850441213697
10 63 0 8 0.00849230680615
2 80 0 8 0.00846551172435
53 63 0 8 0.00845371372998
38 58 0 8 0.00842217542231
56 71 0 8 0.00839754939079
68 80 0 8 0.00839610863477
54 66 0 8 0.00839115213603
19 80 0 8 0.00837983097881
36 79 0 8 0.00836741458625
27 57 0 8 0.00834439881146
49 73 0 8 0.00833827722818
19 66 0 8 0.00833630282432
42 72 0 8 0.00832143425941
19 79 0 8 0.00831031799316
29 64 0 8 0.00826573651284
36 43 0 8 0.0082583129406
22 25 0 8 0.00825692620128
31 35 0 8 0.0082538658753
42 81 0 8 0.00825166143477
26 56 0 8 0.00824334193021
11 63 0 8 0.00823269039392
43 74 0 8 0.00823038630188
15 79 0 8 0.00822356157005
31 81 0 8 0.00818678271025
18 79 0 8 0.0081707732752
10 36 0 8 0.00815773755312
34 56 0 8 0.00813510641456
6 38 0 8 0.00811376050115
43 73 0 8 0.00810227449983
35 48 0 8 0.00808352697641
50 66 0 8 0.00805336609483
20 69 0 8 0.00803683605045
7 39 0 8 0.00803070608526
59 79 0 8 0.00802452862263
28 79 0 8 0.00801038369536
1 13 0 8 0.00800853874534
40 64 0 8 0.00800639856607
28 42 0 8 0.00798485148698
22 72 0 8 0.0079833669588
36 81 0 8 0.00798076950014
64 80 0 8 0.00797994341701
24 79 0 8 0.00797888170928
22 73 0 8 0.00797748938203
43 68 0 8 0.00797013100237
1 80 0 8 0.00796410813928
22 42 0 8 0.00795901659876
2 51 0 8 0.00794625189155
19 24 0 8 0.00793364644051
18 65 0 8 0.00790841784328
42 54 0 8 0.00790161453187
54 81 0 8 0.00788150727749
16 55 0 8 0.00786252226681
49 67 0 8 0.00785406120121
11 65 0 8 0.00784954428673
56 75 0 8 0.00783467385918
6 10 0 8 0.00782336853445
31 71 0 8 0.00782195478678
51 66 0 8 0.00778288533911
2 61 0 8 0.00777640333399
38 70 0 8 0.00777528109029
25 81 0 8 0.00776884239167
51 81 0 8 0.00775036821142
24 69 0 8 0.00772358244285
62 80 0 8 0.00771599588916
5 43 0 8 0.00765925366431
18 66 0 8 0.00765246152878
6 21 0 8 0.00764818256721
18 58 0 8 0.0076372101903
38 68 0 8 0.00762479240075
29 65 0 8 0.00760182878003
14 46 0 8 0.00759691279382
23 43 0 8 0.00758041860536
54 71 0 8 0.00755946943536
4 79 0 8 0.00755735207349
39 63 0 8 0.00755633646622
2 42 0 8 0.00753075443208
67 77 0 8 0.00751175079495
9 20 0 8 0.0075099915266
1 11 0 8 0.00749234063551
13 71 0 8 0.00749130500481
2 35 0 8 0.00748836295679
1 69 0 8 0.00748796993867
6 55 0 8 0.0074735567905
8 56 0 8 0.00739583466202
4 69 0 8 0.00739468634129
31 61 0 8 0.00737890414894
47 74 0 8 0.00737874722108
55 74 0 8 0.00737822661176
1 42 0 8 0.00737793324515
5 21 0 8 0.00736209610477
65 75 0 8 0.00734417513013
20 39 0 8 0.00732770562172
3 79 0 8 0.00728567643091
15 42 0 8 0.00728245591745
68 78 0 8 0.00727455178276
23 70 0 8 0.0072211693041
24 46 0 8 0.00721498811617
53 71 0 8 0.00720444507897
16 38 0 8 0.00720280129462
29 42 0 8 0.0071943057701
5 72 0 8 0.00718861352652
8 23 0 8 0.00716472882777
48 65 0 8 0.00714619178325
1 43 0 8 0.00713313464075
56 81 0 8 0.00706351408735
35 56 0 8 0.00701494701207
10 71 0 8 0.00701180240139
6 43 0 8 0.00700783869252
53 79 0 8 0.00700279744342
19 49 0 8 0.00700033036992
20 54 0 8 0.00699782557786
2 67 0 8 0.00698904646561
23 33 0 8 0.00698555959389
19 72 0 8 0.00698148226365
2 43 0 8 0.00697794882581
14 41 0 8 0.00692021707073
18 50 0 8 0.00691948644817
28 81 0 8 0.0068960157223
21 48 0 8 0.00688386242837
61 80 0 8 0.00688211852685
5 14 0 8 0.00684927310795
13 55 0 8 0.00684622814879
10 58 0 8 0.00682649202645
19 39 0 8 0.00680841179565
66 79 0 8 0.00680791214108
57 72 0 8 0.00679812394083
4 39 0 8 0.00679430970922
57 63 0 8 0.00677936989814
9 66 0 8 0.00676880218089
20 68 0 8 0.00675087654963
42 67 0 8 0.00674658035859
62 77 0 8 0.00672969175503
20 67 0 8 0.00672552129254
10 48 0 8 0.00672112032771
47 66 0 8 0.00671782949939
28 41 0 8 0.00664827600121
20 62 0 8 0.00664464011788
1 39 0 8 0.00664152763784
65 77 0 8 0.00663806498051
32 73 0 8 0.00662859203294
15 57 0 8 0.00661982223392
2 79 0 8 0.00660635856912
63 80 0 8 0.00659477431327
6 81 0 8 0.00659193191677
39 56 0 8 0.00656660692766
57 62 0 8 0.0065630520694
39 67 0 8 0.00655008200556
20 50 0 8 0.0065365890041
48 68 0 8 0.00650881929323
64 78 0 8 0.00650725001469
39 57 0 8 0.00650586932898
42 65 0 8 0.00650062831119
11 48 0 8 0.00649990793318
43 57 0 8 0.0064833839424
33 56 0 8 0.00646783970296
1 12 0 8 0.00645849155262
40 66 0 8 0.00645586056635
2 14 0 8 0.00645294645801
19 42 0 8 0.00642202049494
16 50 0 8 0.0064094485715
34 73 0 8 0.00637913867831
25 66 0 8 0.00637703528628
53 70 0 8 0.00637250160798
54 63 0 8 0.00636693974957
21 67 0 8 0.00634109089151
2 81 0 8 0.006308183074
28 36 0 8 0.00630010617897
14 48 0 8 0.00628522178158
10 65 0 8 0.00627589784563
29 58 0 8 0.00626563187689
25 63 0 8 0.00625724392012
54 65 0 8 0.00625414960086
27 70 0 8 0.00625201594085
46 67 0 8 0.00624612020329
56 73 0 8 0.00624128291383
10 42 0 8 0.0062393816188
42 68 0 8 0.00622729770839
29 60 0 8 0.00621191272512
24 47 0 8 0.00619770493358
58 79 0 8 0.00617385562509
4 43 0 8 0.00617340486497
24 63 0 8 0.00616463739425
15 56 0 8 0.00614243373275
18 49 0 8 0.00614211056381
13 38 0 8 0.00613962579519
49 53 0 8 0.00611505610868
34 63 0 8 0.0060788821429
43 53 0 8 0.00604920461774
34 65 0 8 0.00603545550257
22 34 0 8 0.00599746964872
10 34 0 8 0.00599374435842
14 81 0 8 0.00596332130954
5 13 0 8 0.00595969008282
8 38 0 8 0.00595676107332
40 69 0 8 0.00594567228109
18 68 0 8 0.00593227799982
38 72 0 8 0.00592513429001
7 56 0 8 0.00592402229086
23 34 0 8 0.00591453025118
12 40 0 8 0.00589911919087
51 72 0 8 0.00589183950797
40 67 0 8 0.00586051633582
15 47 0 8 0.00585857499391
12 71 0 8 0.00584319233894
11 42 0 8 0.00583513453603
25 70 0 8 0.00581362238154
18 75 0 8 0.00579309929162
23 62 0 8 0.00578009570017
1 81 0 8 0.0057724583894
9 63 0 8 0.00577136361971
21 55 0 8 0.00576011277735
7 81 0 8 0.00575055694208
7 30 0 8 0.00574555108324
50 69 0 8 0.00574156176299
24 65 0 8 0.00571305351332
47 62 0 8 0.00570819387212
7 17 0 8 0.00569753767923
61 81 0 8 0.00568718183786
16 27 0 8 0.00567890470847
70 78 0 8 0.00566308945417
10 68 0 8 0.00565507169813
38 64 0 8 0.00565339624882
30 66 0 8 0.005637250375
14 42 0 8 0.00562662724406
24 34 0 8 0.00562363211066
26 81 0 8 0.0056122019887
59 81 0 8 0.00559608032927
52 81 0 8 0.00556449731812
42 71 0 8 0.00554270809516
23 72 0 8 0.0055374619551
34 70 0 8 0.00551962386817
51 65 0 8 0.00551036605611
10 22 0 8 0.00550833903253
2 9 0 8 0.00549877109006
22 61 0 8 0.00546708609909
21 25 0 8 0.00546228140593
10 72 0 8 0.00545520382002
46 71 0 8 0.00540535151958
19 61 0 8 0.00537350075319
25 65 0 8 0.00537260901183
32 72 0 8 0.00537256570533
13 40 0 8 0.00535542657599
67 78 0 8 0.00534542836249
15 38 0 8 0.00534183438867
48 66 0 8 0.00529862148687
42 69 0 8 0.00529325846583
19 65 0 8 0.00527733005583
39 70 0 8 0.00526003865525
50 68 0 8 0.00525818252936
43 75 0 8 0.00525419134647
1 79 0 8 0.00520766805857
53 81 0 8 0.00517796352506
50 72 0 8 0.00512266950682
40 59 0 8 0.00511472159997
10 60 0 8 0.00511110713705
47 70 0 8 0.00508499192074
4 71 0 8 0.00506756082177
10 69 0 8 0.00506064668298
57 79 0 8 0.00505419448018
45 54 0 8 0.00504489475861
27 55 0 8 0.00504449522123
15 54 0 8 0.00499938987195
48 64 0 8 0.00499938055873
33 79 0 8 0.00499503454193
26 30 0 8 0.00498437648639
41 58 0 8 0.00497166253626
22 65 0 8 0.00496700126678
18 74 0 8 0.00496114138514
39 74 0 8 0.00495592039078
19 60 0 8 0.0049347365275
39 65 0 8 0.00493463128805
7 22 0 8 0.0049115261063
20 56 0 8 0.00490449834615
50 70 0 8 0.00487393466756
26 29 0 8 0.00487349135801
18 73 0 8 0.00486786989495
41 56 0 8 0.00484673166648
9 72 0 8 0.00481462106109
8 43 0 8 0.00481122732162
21 62 0 8 0.00480224238709
24 33 0 8 0.00478922016919
12 69 0 8 0.00478330766782
30 43 0 8 0.00477585243061
18 33 0 8 0.00477496627718
8 81 0 8 0.00476755527779
10 38 0 8 0.00474681239575
55 67 0 8 0.00474370457232
53 72 0 8 0.00473285699263
15 46 0 8 0.00473114382476
15 55 0 8 0.00472884066403
55 68 0 8 0.00471644615754
11 40 0 8 0.00470327353105
55 61 0 8 0.00468988204375
10 40 0 8 0.00468877144158
63 78 0 8 0.00467428052798
6 22 0 8 0.00467141717672
19 50 0 8 0.00463760457933
56 69 0 8 0.00460277078673
9 70 0 8 0.00458985101432
43 62 0 8 0.00457775453106
35 70 0 8 0.00457673100755
70 81 0 8 0.00457507837564
11 22 0 8 0.00456456420943
9 68 0 8 0.0045572295785
54 62 0 8 0.00455140369013
35 71 0 8 0.00451377406716
15 81 0 8 0.00450675794855
28 46 0 8 0.00449979817495
19 73 0 8 0.00446335133165
44 55 0 8 0.00446034781635
5 39 0 8 0.00445918785408
20 51 0 8 0.00443149078637
2 69 0 8 0.00442996574566
38 65 0 8 0.00441897381097
25 67 0 8 0.00441082101315
41 55 0 8 0.00439663603902
15 40 0 8 0.00439394870773
18 39 0 8 0.00437919422984
43 55 0 8 0.00437508616596
5 19 0 8 0.00436297850683
39 59 0 8 0.00435327459127
66 81 0 8 0.00435158889741
40 57 0 8 0.00432898569852
29 36 0 8 0.00431614276022
33 42 0 8 0.00429909816012
39 61 0 8 0.00429729232565
40 68 0 8 0.00428780075163
15 31 0 8 0.0042849779129
16 32 0 8 0.00428395485505
22 26 0 8 0.00426240777597
47 63 0 8 0.00423240708187
40 73 0 8 0.00422138441354
47 67 0 8 0.00421912269667
9 58 0 8 0.00421461928636
22 54 0 8 0.00418117595837
7 55 0 8 0.00417208438739
49 68 0 8 0.00415971083567
22 55 0 8 0.00414520036429
23 71 0 8 0.00414047483355
26 43 0 8 0.00413925992325
10 41 0 8 0.00413121469319
30 63 0 8 0.00412655016407
16 43 0 8 0.0040806257166
18 25 0 8 0.00405949354172
69 79 0 8 0.00404399819672
42 55 0 8 0.00403919396922
8 48 0 8 0.00403749849647
22 66 0 8 0.00403457321227
30 65 0 8 0.00402875104919
9 19 0 8 0.00399189908057
15 29 0 8 0.00398645782843
2 13 0 8 0.00396962556988
42 57 0 8 0.00392622547224
17 27 0 8 0.00392449134961
20 73 0 8 0.00390506279655
39 66 0 8 0.00390394055285
13 30 0 8 0.00389837799594
54 70 0 8 0.00386822037399
14 56 0 8 0.00386197469197
26 48 0 8 0.00385652668774
13 81 0 8 0.00385300931521
10 43 0 8 0.00380968814716
23 64 0 8 0.00379546894692
3 9 0 8 0.00378290866502
6 19 0 8 0.00375133939087
8 39 0 8 0.00374741200358
40 72 0 8 0.00374516425654
61 78 0 8 0.0037450932432
62 81 0 8 0.00374221918173
18 51 0 8 0.00374001008458
14 29 0 8 0.00373464846052
49 59 0 8 0.00372518459335
43 54 0 8 0.00371714797802
55 65 0 8 0.00371174840257
22 35 0 8 0.00370228267275
40 65 0 8 0.00369999860413
27 71 0 8 0.00369563302957
25 68 0 8 0.00368100008927
10 70 0 8 0.00367558980361
51 70 0 8 0.00366651383229
67 80 0 8 0.00364837469533
19 36 0 8 0.00364707154222
19 51 0 8 0.00364679610357
12 66 0 8 0.00363246444613
30 58 0 8 0.00361129688099
64 79 0 8 0.0035962688271
46 60 0 8 0.00359387579374
24 68 0 8 0.00357576855458
10 66 0 8 0.00353566766717
11 43 0 8 0.00349298631772
8 40 0 8 0.00348246446811
46 53 0 8 0.00347151514143
49 69 0 8 0.00345361349173
48 63 0 8 0.0034512875136
21 53 0 8 0.00344205508009
30 60 0 8 0.00344143505208
15 43 0 8 0.00343139725737
18 59 0 8 0.00342557416297
29 70 0 8 0.00342244864441
29 73 0 8 0.00341960694641
28 47 0 8 0.00340666039847
22 53 0 8 0.00340013299137
38 71 0 8 0.00337905879132
61 79 0 8 0.00336903403513
9 21 0 8 0.00336872669868
30 61 0 8 0.00335649074987
63 81 0 8 0.00335491658188
9 15 0 8 0.00335062900558
47 64 0 8 0.00334898103029
8 47 0 8 0.00334245245904
19 58 0 8 0.00333701493219
6 18 0 8 0.00332337548025
24 67 0 8 0.0033186529763
26 55 0 8 0.00329692428932
35 72 0 8 0.00328462477773
56 61 0 8 0.00327882566489
40 61 0 8 0.00326549331658
46 59 0 8 0.0032580953557
26 40 0 8 0.00323957949877
21 69 0 8 0.00323617551476
68 81 0 8 0.00320668285713
40 55 0 8 0.00318944337778
65 80 0 8 0.00317689008079
11 71 0 8 0.00316568859853
14 55 0 8 0.00315220630728
15 39 0 8 0.00314852409065
13 19 0 8 0.00313943461515
55 70 0 8 0.00312447734177
39 68 0 8 0.0031221776735
44 57 0 8 0.00311752827838
14 47 0 8 0.00310563319363
56 67 0 8 0.00309724616818
30 67 0 8 0.00309680425562
30 62 0 8 0.00308849359863
34 38 0 8 0.00303132180125
43 61 0 8 0.00302497204393
12 37 0 8 0.00302274082787
20 59 0 8 0.00302136177197
51 68 0 8 0.00301238941029
47 69 0 8 0.0030106541235
23 66 0 8 0.003010148881
13 18 0 8 0.00300716655329
39 58 0 8 0.00296966545284
12 19 0 8 0.00296672736295
39 60 0 8 0.00295761576854
54 72 0 8 0.00295079825446
25 32 0 8 0.00292723020539
39 73 0 8 0.00291911768727
62 78 0 8 0.00291159842163
55 72 0 8 0.0028818002902
29 72 0 8 0.00287221372128
9 71 0 8 0.00286794942804
30 72 0 8 0.00286328280345
20 25 0 8 0.0028582974337
7 21 0 8 0.00284951925278
67 79 0 8 0.00284180301242
31 44 0 8 0.00282534398139
69 81 0 8 0.00282402918674
47 72 0 8 0.00282079493627
40 71 0 8 0.00281931040809
25 56 0 8 0.00281232548878
18 37 0 8 0.00278902403079
43 59 0 8 0.00278575578704
40 60 0 8 0.00274789799005
24 73 0 8 0.00271630007774
30 59 0 8 0.00269089266658
49 72 0 8 0.00266884476878
49 70 0 8 0.00266796536744
11 38 0 8 0.00264929723926
56 70 0 8 0.0026484481059
22 62 0 8 0.00264545832761
40 63 0 8 0.00263764453121
23 69 0 8 0.00263584381901
17 31 0 8 0.00263383379206
21 54 0 8 0.0026182513684
29 43 0 8 0.00261249369942
19 62 0 8 0.0026122177951
14 40 0 8 0.00259817461483
19 59 0 8 0.00253570708446
55 62 0 8 0.00252757337876
43 63 0 8 0.00250292150304
44 58 0 8 0.00247702584602
20 35 0 8 0.00247279251926
16 39 0 8 0.00246950588189
20 34 0 8 0.0024634860456
39 69 0 8 0.00246249744669
25 47 0 8 0.00241947709583
23 67 0 8 0.00240924418904
8 21 0 8 0.00240865396336
12 18 0 8 0.00239303172566
33 43 0 8 0.00238920073025
4 13 0 8 0.00238416343927
3 10 0 8 0.00238351570442
63 79 0 8 0.00238339463249
64 81 0 8 0.00238077924587
18 60 0 8 0.00237658247352
48 60 0 8 0.00235007936135
29 71 0 8 0.00233954377472
43 67 0 8 0.00232140696608
56 68 0 8 0.00229598418809
7 20 0 8 0.00229093804955
14 43 0 8 0.00227495469153
26 39 0 8 0.00227480335161
40 56 0 8 0.00226932065561
21 71 0 8 0.00224818638526
12 17 0 8 0.00223577045836
2 10 0 8 0.00223574251868
40 62 0 8 0.00221831724048
16 29 0 8 0.00218819011934
47 71 0 8 0.00218565226533
22 60 0 8 0.00215991074219
2 11 0 8 0.00214648758993
49 71 0 8 0.0021079769358
30 73 0 8 0.00209377869032
16 34 0 8 0.00209052022547
33 81 0 8 0.00208394229412
6 39 0 8 0.00205826759338
56 65 0 8 0.00204568495974
56 62 0 8 0.00204291054979
33 40 0 8 0.00203212606721
12 39 0 8 0.00202443823218
48 59 0 8 0.00200119405054
34 72 0 8 0.00199750065804
42 56 0 8 0.00199299142696
18 31 0 8 0.00199180236086
39 71 0 8 0.00199050619267
21 56 0 8 0.00198791804723
56 64 0 8 0.0019670824986
27 72 0 8 0.00196605990641
43 65 0 8 0.00195739232004
51 71 0 8 0.00195305701345
26 47 0 8 0.00195166433696
18 26 0 8 0.00195157225244
11 39 0 8 0.00193267199211
4 9 0 8 0.00192785833497
55 66 0 8 0.00192547705956
43 69 0 8 0.00191671261564
67 81 0 8 0.00191171921324
22 67 0 8 0.00190750870388
43 72 0 8 0.0019027403323
24 27 0 8 0.00190035300329
24 72 0 8 0.00184962211642
47 60 0 8 0.00183470430784
55 64 0 8 0.00183271442074
10 20 0 8 0.00182247604243
45 56 0 8 0.00182060420047
18 35 0 8 0.00181970139965
8 22 0 8 0.00181967369281
30 41 0 8 0.00181228958536
43 60 0 8 0.00177781935781
48 69 0 8 0.00177552166861
18 34 0 8 0.00176411529537
22 68 0 8 0.00175363000017
21 35 0 8 0.00174842157867
65 81 0 8 0.00174659653567
65 79 0 8 0.00174553680699
24 28 0 8 0.00174163351767
17 29 0 8 0.00173956714571
47 65 0 8 0.00173435080796
16 31 0 8 0.00172916729935
30 42 0 8 0.00172397645656
17 34 0 8 0.00171932391822
65 78 0 8 0.00171400420368
30 35 0 8 0.00169996568002
62 79 0 8 0.00169734330848
43 71 0 8 0.00168761890382
23 63 0 8 0.0016784700565
2 12 0 8 0.00161182763986
18 32 0 8 0.00160918338224
55 73 0 8 0.00159725372214
24 32 0 8 0.00158398749772
28 37 0 8 0.00158020714298
50 55 0 8 0.00156260910444
48 71 0 8 0.00155122217257
43 70 0 8 0.00154011545237
22 33 0 8 0.00153781613335
45 58 0 8 0.00153013959061
39 72 0 8 0.00152419053484
55 71 0 8 0.00152412161697
19 71 0 8 0.00150480680168
14 39 0 8 0.00148536730558
56 72 0 8 0.00146016408689
45 57 0 8 0.0014484670246
18 29 0 8 0.00144551752601
31 41 0 8 0.00144377641845
47 59 0 8 0.0014150578063
14 30 0 8 0.00141204649117
32 38 0 8 0.00140897510573
48 70 0 8 0.0014072424965
17 30 0 8 0.00139301596209
29 40 0 8 0.0013757442357
4 12 0 8 0.00136833928991
8 16 0 8 0.00136140000541
43 56 0 8 0.001357936766
19 25 0 8 0.00135430868249
47 53 0 8 0.00135009060614
19 32 0 8 0.00134345656261
40 58 0 8 0.00133863650262
15 30 0 8 0.00133249210194
28 43 0 8 0.00132980756462
31 36 0 8 0.00132886238862
25 72 0 8 0.00130370736588
56 66 0 8 0.00130223180167
14 38 0 8 0.00130086764693
44 56 0 8 0.00129777821712
22 69 0 8 0.00129423860926
50 71 0 8 0.00126502185594
11 21 0 8 0.00126224942505
3 12 0 8 0.00125278125051
23 27 0 8 0.00123691034969
50 56 0 8 0.00122666999232
48 72 0 8 0.00122451607604
32 41 0 8 0.00121159490664
10 15 0 8 0.00120896706358
18 28 0 8 0.00120810838416
23 28 0 8 0.00119383423589
7 18 0 8 0.00117108214181
33 38 0 8 0.00116568256635
8 20 0 8 0.00113439641427
45 55 0 8 0.00110106507782
10 21 0 8 0.00109146034811
32 37 0 8 0.00106165581383
34 40 0 8 0.00105708150659
46 58 0 8 0.00105588277802
21 33 0 8 0.00104587245733
31 42 0 8 0.0010378966108
43 58 0 8 0.00103074323852
3 11 0 8 0.00100867368747
27 43 0 8 0.000981980818324
27 38 0 8 0.000981431338005
19 26 0 8 0.000978636206128
32 43 0 8 0.000973339716438
20 26 0 8 0.000961006910075
5 12 0 8 0.000941038422752
48 53 0 8 0.000929527508561
32 39 0 8 0.000903374515474
22 70 0 8 0.000896806421224
8 17 0 8 0.000867481983732
19 35 0 8 0.000867096881848
25 31 0 8 0.000854131067172
4 11 0 8 0.000829040363897
5 11 0 8 0.000819599314127
25 29 0 8 0.000806088268291
30 71 0 8 0.000802317925263
18 27 0 8 0.000797368295025
34 39 0 8 0.000791642814875
5 10 0 8 0.00078501860844
28 40 0 8 0.000778953311965
4 10 0 8 0.000765504897572
19 31 0 8 0.00076496420661
21 26 0 8 0.000757834408432
18 30 0 8 0.000746985082515
16 30 0 8 0.000744071090594
7 19 0 8 0.000741437717807
30 40 0 8 0.000713652174454
30 70 0 8 0.000710344989784
20 33 0 8 0.000704734644387
31 43 0 8 0.000684630183969
19 30 0 8 0.000644113344606
22 32 0 8 0.000636401062366
29 37 0 8 0.000633355928585
9 16 0 8 0.000627341971267
32 40 0 8 0.000623669067863
46 54 0 8 0.000595597492065
28 38 0 8 0.000586996960919
19 34 0 8 0.000574944016989
24 31 0 8 0.00056447670795
27 39 0 8 0.000563509354834
55 63 0 8 0.000562008295674
19 33 0 8 0.000561742403079
20 31 0 8 0.000548644457012
19 28 0 8 0.000540549168363
32 42 0 8 0.000532899866812
8 19 0 8 0.000531491881702
29 39 0 8 0.000525261566509
47 57 0 8 0.000520092493389
30 36 0 8 0.000518778688274
49 58 0 8 0.000513007224072
23 32 0 8 0.000499382033013
19 29 0 8 0.00049339781981
31 40 0 8 0.000492455728818
10 19 0 8 0.000478822097648
11 20 0 8 0.000474751548609
28 39 0 8 0.000461242772872
9 18 0 8 0.000460364943137
8 18 0 8 0.000456652720459
21 34 0 8 0.000453622022178
46 56 0 8 0.000449791521532
33 39 0 8 0.000440273957793
56 63 0 8 0.000405440834584
31 37 0 8 0.00040463267942
23 29 0 8 0.000401522760512
22 29 0 8 0.000391207751818
22 28 0 8 0.00038480348303
49 54 0 8 0.000379126053303
47 58 0 8 0.000373419868993
49 57 0 8 0.000372609094484
46 57 0 8 0.000372607843019
20 32 0 8 0.000361986865755
21 28 0 8 0.000359755300451
11 17 0 8 0.000354202609742
30 39 0 8 0.000336289318511
11 16 0 8 0.000336048309691
10 16 0 8 0.000336011929903
24 30 0 8 0.00033496733522
9 17 0 8 0.000318869919283
48 57 0 8 0.000315537065035
47 54 0 8 0.00031336362008
20 28 0 8 0.000309083901811
46 55 0 8 0.000299467006698
29 38 0 8 0.000297478458378
49 55 0 8 0.00027533294633
11 18 0 8 0.00026010509464
25 30 0 8 0.000258893996943
48 58 0 8 0.000258087617112
48 56 0 8 0.000256566505414
24 29 0 8 0.000252677709796
48 54 0 8 0.000251958641456
21 32 0 8 0.00024382751144
49 56 0 8 0.000243243062869
47 56 0 8 0.000235373139731
23 31 0 8 0.000228394928854
22 31 0 8 0.000224460673053
10 18 0 8 0.000220387926674
11 19 0 8 0.000216890781303
31 39 0 8 0.000207169170608
47 55 0 8 0.000203755815164
22 27 0 8 0.000202848241315
31 38 0 8 0.00019871800032
30 38 0 8 0.000193929852685
30 37 0 8 0.000190138831385
20 30 0 8 0.000179303009645
48 55 0 8 0.000167592486832
20 27 0 8 0.000154204200953
21 30 0 8 0.000150064894115
21 27 0 8 0.000129103966174
20 29 0 8 0.00012443959713
10 17 0 8 0.000119923133752
21 31 0 8 0.000114357899292
22 30 0 8 0.00011093820649
19 27 0 8 0.000105074068415
23 30 0 8 0.000100089295302
21 29 0 8 0.000100051984191
