10 11 0 8 0.999999046326
12 13 0 8 0.999996364117
64 65 0 8 0.99999576807
14 15 0 8 0.999995350838
50 51 0 8 0.999995052814
59 60 0 8 0.999994575977
11 12 0 8 0.999994337559
18 19 0 8 0.999994218349
57 58 0 8 0.999993681908
52 53 0 8 0.999992191792
55 56 0 8 0.999991416931
7 8 0 8 0.999991416931
16 17 0 8 0.999990999699
75 76 0 8 0.999989151955
69 70 0 8 0.999987185001
54 55 0 8 0.999985516071
9 10 0 8 0.999982595444
13 14 0 8 0.999982118607
56 57 0 8 0.999981880188
67 68 0 8 0.999979496002
17 18 0 8 0.9999781847
8 9 0 8 0.999978065491
20 21 0 8 0.999977529049
15 16 0 8 0.999977469444
60 61 0 8 0.99997729063
49 50 0 8 0.999972581863
78 79 0 8 0.999967157841
58 59 0 8 0.999966263771
1 2 0 8 0.999964773655
65 66 0 8 0.999960064888
53 54 0 8 0.999959349632
74 75 0 8 0.999953210354
61 62 0 8 0.99995213747
33 34 0 8 0.999950170517
63 64 0 8 0.999948203564
19 20 0 8 0.999946832657
76 77 0 8 0.999944150448
66 67 0 8 0.999940395355
77 78 0 8 0.999931514263
51 52 0 8 0.999931395054
46 47 0 8 0.999922394753
68 69 0 8 0.999920010567
43 44 0 8 0.999916791916
6 7 0 8 0.999905824661
48 49 0 8 0.99990183115
22 23 0 8 0.999897241592
35 36 0 8 0.99988925457
26 27 0 8 0.999882876873
47 48 0 8 0.999878525734
21 22 0 8 0.999871551991
62 63 0 8 0.999871253967
3 4 0 8 0.999864399433
2 3 0 8 0.999852478504
27 28 0 8 0.999829590321
23 24 0 8 0.999820113182
5 6 0 8 0.999806106091
38 39 0 8 0.999793112278
73 74 0 8 0.999791145325
70 71 0 8 0.999779045582
36 37 0 8 0.999747633934
25 26 0 8 0.99974578619
34 35 0 8 0.999744474888
28 29 0 8 0.999733865261
32 33 0 8 0.999731004238
41 42 0 8 0.999725222588
42 43 0 8 0.999712705612
31 32 0 8 0.99970126152
24 25 0 8 0.999683320522
45 46 0 8 0.999677717686
44 45 0 8 0.999674797058
30 31 0 8 0.999638974667
29 30 0 8 0.999487936497
39 40 0 8 0.999375641346
40 41 0 8 0.999297976494
37 38 0 8 0.999230802059
4 5 0 8 0.999164640903
72 73 0 8 0.999152958393
56 58 0 8 0.998648583889
71 72 0 8 0.998009383678
10 12 0 8 0.997912049294
11 13 0 8 0.997560620308
52 54 0 8 0.997515618801
52 55 0 8 0.997365951538
15 17 0 8 0.997289180756
51 53 0 8 0.997239887714
10 13 0 8 0.996878921986
52 56 0 8 0.99672293663
56 59 0 8 0.996625602245
55 58 0 8 0.996338784695
55 57 0 8 0.996091246605
7 9 0 8 0.995977401733
57 60 0 8 0.995647788048
8 10 0 8 0.99510216713
14 17 0 8 0.994988679886
53 55 0 8 0.994782209396
15 18 0 8 0.994565606117
9 11 0 8 0.994481861591
53 56 0 8 0.994346559048
14 16 0 8 0.994344055653
17 19 0 8 0.994261026382
6 8 0 8 0.993921458721
54 56 0 8 0.993765413761
49 51 0 8 0.993634104729
58 60 0 8 0.993391335011
8 11 0 8 0.993371665478
7 10 0 8 0.993035554886
11 14 0 8 0.993022322655
57 59 0 8 0.99270927906
51 54 0 8 0.992689073086
10 14 0 8 0.992358326912
50 52 0 8 0.992253243923
16 18 0 8 0.991862714291
13 15 0 8 0.99175709486
50 53 0 8 0.991733253002
15 19 0 8 0.990393102169
48 50 0 8 0.989927828312
16 19 0 8 0.98958325386
56 60 0 8 0.98957669735
58 61 0 8 0.988243758678
51 55 0 8 0.987726271152
54 57 0 8 0.987624764442
59 61 0 8 0.986899733543
16 20 0 8 0.985704958439
49 52 0 8 0.985300183296
49 53 0 8 0.985101103783
11 15 0 8 0.984641969204
48 51 0 8 0.984397172928
12 14 0 8 0.984375715256
9 12 0 8 0.984136223793
55 59 0 8 0.983846187592
12 16 0 8 0.981469869614
13 16 0 8 0.981390237808
60 62 0 8 0.977846801281
8 12 0 8 0.977121412754
29 31 0 8 0.976975500584
14 18 0 8 0.976691305637
13 17 0 8 0.975856781006
57 61 0 8 0.974912464619
50 54 0 8 0.974619567394
18 20 0 8 0.974575400352
11 58 0 8 0.973961770535
53 57 0 8 0.971898019314
17 20 0 8 0.971567809582
48 52 0 8 0.970643460751
19 21 0 8 0.970504581928
9 13 0 8 0.966072797775
12 15 0 8 0.963756382465
54 58 0 8 0.963550448418
18 21 0 8 0.963226377964
59 62 0 8 0.957003116608
7 11 0 8 0.955499351025
6 9 0 8 0.955269932747
6 10 0 8 0.950356185436
11 59 0 8 0.947331726551
60 63 0 8 0.94519507885
30 52 0 8 0.938585579395
17 21 0 8 0.936065554619
31 33 0 8 0.93488407135
36 38 0 8 0.931053578854
58 62 0 8 0.926735639572
19 22 0 8 0.919678151608
30 32 0 8 0.917110443115
18 23 0 8 0.914286971092
47 51 0 8 0.908416032791
47 52 0 8 0.907527685165
66 68 0 8 0.904201984406
27 29 0 8 0.901116549969
61 63 0 8 0.900774657726
65 67 0 8 0.895944774151
18 22 0 8 0.895616829395
21 23 0 8 0.889137923717
59 64 0 8 0.889059305191
28 66 0 8 0.887069046497
34 47 0 8 0.885896503925
59 63 0 8 0.884433746338
62 64 0 8 0.884229242802
43 45 0 8 0.883055686951
71 73 0 8 0.880825459957
10 55 0 8 0.877464711666
32 34 0 8 0.873154103756
20 22 0 8 0.870440840721
59 65 0 8 0.867527723312
7 55 0 8 0.860919415951
76 78 0 8 0.860307812691
5 9 0 8 0.858584821224
72 74 0 8 0.84424507618
68 70 0 8 0.840953290462
45 47 0 8 0.840523600578
68 76 0 8 0.838824987411
14 56 0 8 0.837087988853
7 58 0 8 0.834368824959
26 28 0 8 0.834240019321
23 25 0 8 0.833351135254
26 66 0 8 0.832125127316
5 10 0 8 0.828297436237
60 65 0 8 0.827853322029
42 44 0 8 0.827643632889
67 69 0 8 0.822948694229
11 55 0 8 0.820968210697
60 64 0 8 0.820382118225
44 46 0 8 0.818028748035
39 41 0 8 0.816792428493
33 35 0 8 0.816377937794
24 26 0 8 0.815526485443
73 75 0 8 0.814995825291
2 4 0 8 0.813072383404
28 30 0 8 0.81129026413
44 47 0 8 0.809744238853
22 24 0 8 0.802301824093
34 36 0 8 0.801798582077
64 66 0 8 0.798055112362
40 42 0 8 0.795009315014
14 55 0 8 0.794805645943
75 77 0 8 0.788760721684
77 79 0 8 0.788045823574
63 65 0 8 0.778112649918
3 5 0 8 0.768088400364
1 3 0 8 0.760035932064
37 39 0 8 0.758271276951
19 23 0 8 0.756301701069
68 75 0 8 0.756247222424
70 73 0 8 0.754542529583
38 40 0 8 0.745191574097
41 43 0 8 0.73989367485
17 44 0 8 0.732468724251
70 74 0 8 0.729018270969
36 39 0 8 0.724953711033
18 28 0 8 0.72455573082
70 72 0 8 0.709616005421
67 75 0 8 0.705567657948
15 59 0 8 0.702724695206
74 76 0 8 0.699979543686
4 6 0 8 0.696133613586
23 26 0 8 0.69329816103
67 77 0 8 0.693115472794
69 71 0 8 0.692291915417
25 27 0 8 0.690314292908
67 76 0 8 0.684106230736
33 39 0 8 0.67954993248
46 48 0 8 0.679356575012
15 64 0 8 0.678006827831
66 77 0 8 0.67506480217
8 58 0 8 0.674038350582
68 78 0 8 0.667214810848
49 74 0 8 0.66198271513
14 59 0 8 0.655461966991
70 75 0 8 0.655191719532
15 62 0 8 0.646424889565
10 59 0 8 0.643323004246
33 52 0 8 0.63961404562
66 79 0 8 0.638872861862
30 49 0 8 0.638278663158
70 76 0 8 0.616070449352
68 77 0 8 0.612708389759
14 52 0 8 0.603676497936
69 75 0 8 0.601162612438
11 64 0 8 0.593687534332
69 76 0 8 0.593635976315
18 24 0 8 0.590480446815
34 52 0 8 0.583368659019
8 62 0 8 0.572146594524
66 78 0 8 0.570750355721
39 42 0 8 0.570268452168
33 36 0 8 0.568479001522
34 46 0 8 0.565445899963
65 78 0 8 0.563636481762
7 51 0 8 0.560772776604
5 7 0 8 0.553689062595
69 73 0 8 0.532543241978
7 54 0 8 0.520437419415
60 66 0 8 0.516534149647
34 49 0 8 0.500880300999
11 65 0 8 0.49633154273
65 77 0 8 0.491882711649
43 47 0 8 0.491800248623
35 37 0 8 0.483611404896
19 24 0 8 0.483513921499
22 26 0 8 0.48180153966
32 35 0 8 0.476816505194
69 74 0 8 0.468692004681
71 74 0 8 0.440954089165
28 68 0 8 0.429361045361
56 67 0 8 0.428672164679
18 64 0 8 0.426639199257
10 58 0 8 0.421979606152
29 32 0 8 0.41970038414
5 65 0 8 0.416590869427
67 78 0 8 0.416165411472
8 64 0 8 0.413029134274
65 76 0 8 0.406764864922
12 58 0 8 0.401205062866
47 55 0 8 0.400677531958
19 62 0 8 0.389570176601
65 79 0 8 0.370600432158
43 46 0 8 0.365318715572
7 62 0 8 0.362350016832
10 52 0 8 0.361158788204
39 45 0 8 0.360692679882
14 33 0 8 0.359201401472
56 65 0 8 0.355489194393
17 33 0 8 0.350047856569
20 42 0 8 0.342227995396
27 68 0 8 0.341810435057
30 67 0 8 0.341508358717
15 65 0 8 0.33921405673
27 30 0 8 0.333555519581
35 63 0 8 0.331204205751
47 49 0 8 0.330584228039
33 43 0 8 0.32224714756
4 10 0 8 0.321763187647
18 27 0 8 0.321042597294
18 30 0 8 0.319301664829
18 65 0 8 0.318995535374
35 39 0 8 0.318395078182
11 52 0 8 0.318181365728
24 69 0 8 0.310306996107
30 53 0 8 0.308633595705
30 74 0 8 0.301323801279
13 44 0 8 0.299986064434
18 59 0 8 0.297952502966
18 55 0 8 0.294994324446
10 54 0 8 0.293790459633
25 65 0 8 0.287781924009
14 67 0 8 0.285674929619
14 65 0 8 0.28213211894
23 28 0 8 0.281795829535
34 39 0 8 0.278886258602
32 36 0 8 0.277877688408
12 62 0 8 0.274587571621
18 26 0 8 0.273604393005
14 26 0 8 0.271686285734
33 42 0 8 0.268847286701
10 51 0 8 0.268781602383
31 34 0 8 0.268325030804
39 43 0 8 0.263830810785
22 25 0 8 0.262487918139
33 44 0 8 0.261717110872
44 52 0 8 0.260922580957
31 44 0 8 0.260134994984
32 43 0 8 0.258511930704
33 41 0 8 0.257944613695
30 56 0 8 0.257847577333
7 59 0 8 0.256983339787
33 40 0 8 0.255257159472
24 27 0 8 0.250270843506
59 66 0 8 0.250182598829
33 47 0 8 0.246604323387
11 56 0 8 0.241496294737
72 75 0 8 0.239976450801
10 65 0 8 0.237437650561
23 27 0 8 0.237058803439
18 56 0 8 0.235692918301
44 78 0 8 0.234678909183
10 47 0 8 0.233653083444
13 55 0 8 0.232992455363
4 9 0 8 0.229869619012
66 76 0 8 0.227324962616
30 68 0 8 0.226961404085
30 45 0 8 0.223554238677
64 79 0 8 0.222113832831
38 41 0 8 0.221090063453
29 67 0 8 0.2210804075
37 40 0 8 0.220216870308
42 46 0 8 0.217502787709
38 42 0 8 0.21727232635
56 68 0 8 0.216849982738
30 44 0 8 0.215961948037
5 13 0 8 0.214368343353
29 74 0 8 0.211708426476
15 67 0 8 0.209817528725
47 76 0 8 0.209367781878
67 79 0 8 0.208808943629
18 29 0 8 0.208325460553
29 68 0 8 0.207027032971
5 43 0 8 0.202620700002
71 75 0 8 0.201886981726
32 42 0 8 0.200252428651
32 77 0 8 0.200219154358
14 29 0 8 0.199078246951
14 76 0 8 0.198519870639
64 78 0 8 0.196276992559
2 10 0 8 0.19613173604
28 67 0 8 0.195714846253
32 44 0 8 0.193460181355
36 43 0 8 0.192920267582
11 29 0 8 0.192620038986
32 39 0 8 0.192340806127
30 47 0 8 0.192109137774
34 40 0 8 0.191202774644
26 67 0 8 0.191179573536
59 67 0 8 0.189724296331
20 39 0 8 0.18936547637
40 43 0 8 0.188809111714
22 27 0 8 0.188377305865
27 47 0 8 0.184887051582
17 42 0 8 0.184756860137
36 44 0 8 0.18442723155
28 44 0 8 0.182796448469
21 38 0 8 0.179336577654
27 59 0 8 0.17818172276
17 23 0 8 0.178095623851
42 45 0 8 0.177800014615
33 76 0 8 0.177485480905
18 25 0 8 0.177174121141
17 28 0 8 0.176973983645
14 44 0 8 0.174820646644
30 76 0 8 0.174741640687
30 78 0 8 0.174545884132
19 25 0 8 0.173075884581
28 76 0 8 0.171521544456
29 46 0 8 0.171104237437
60 67 0 8 0.169150188565
39 44 0 8 0.168067649007
76 79 0 8 0.166899770498
68 74 0 8 0.166761517525
56 66 0 8 0.165259256959
10 44 0 8 0.164242208004
10 76 0 8 0.16309069097
31 43 0 8 0.161378577352
30 55 0 8 0.161228328943
41 45 0 8 0.160129785538
27 55 0 8 0.158864140511
3 67 0 8 0.158230692148
32 76 0 8 0.156058847904
11 76 0 8 0.155607461929
10 32 0 8 0.155437350273
31 78 0 8 0.153779566288
36 42 0 8 0.15354308486
31 52 0 8 0.153087258339
17 56 0 8 0.152501642704
33 45 0 8 0.151965871453
44 51 0 8 0.151452705264
31 74 0 8 0.15085875988
17 22 0 8 0.150835379958
34 44 0 8 0.150179937482
34 37 0 8 0.147435173392
10 31 0 8 0.147200077772
29 77 0 8 0.147147744894
2 47 0 8 0.146811246872
10 29 0 8 0.146614059806
35 49 0 8 0.144995734096
2 5 0 8 0.144976601005
3 54 0 8 0.142772510648
28 47 0 8 0.142017573118
15 24 0 8 0.141839265823
68 79 0 8 0.141343131661
36 40 0 8 0.141247570515
31 49 0 8 0.140207216144
11 32 0 8 0.139872074127
29 45 0 8 0.139137938619
69 72 0 8 0.138702630997
31 67 0 8 0.138576820493
35 40 0 8 0.138305589557
22 28 0 8 0.137979030609
27 66 0 8 0.137783527374
30 59 0 8 0.137146875262
52 76 0 8 0.136638239026
40 44 0 8 0.13616143167
14 53 0 8 0.135699003935
3 7 0 8 0.135651677847
52 67 0 8 0.135451436043
31 51 0 8 0.13507796824
11 51 0 8 0.134677201509
34 41 0 8 0.133890047669
29 78 0 8 0.133610144258
20 38 0 8 0.133396402001
53 73 0 8 0.133265510201
35 38 0 8 0.133197143674
1 4 0 8 0.132887229323
34 43 0 8 0.132741317153
62 65 0 8 0.132255956531
34 38 0 8 0.132198885083
17 55 0 8 0.131183892488
41 44 0 8 0.130753532052
29 55 0 8 0.130735740066
45 51 0 8 0.130438953638
71 76 0 8 0.130096524954
36 45 0 8 0.129545122385
32 75 0 8 0.129395693541
13 45 0 8 0.128947928548
61 65 0 8 0.128260269761
61 64 0 8 0.128115057945
29 76 0 8 0.127794697881
31 77 0 8 0.127770334482
28 59 0 8 0.126970425248
32 41 0 8 0.126447141171
34 48 0 8 0.12588275969
19 27 0 8 0.125597253442
27 77 0 8 0.124916344881
30 51 0 8 0.1247080639
33 59 0 8 0.124536134303
10 64 0 8 0.123960599303
34 42 0 8 0.123322121799
4 7 0 8 0.122470125556
28 46 0 8 0.121980920434
2 76 0 8 0.121943585575
31 35 0 8 0.121685326099
31 39 0 8 0.120886802673
4 66 0 8 0.119034282863
63 79 0 8 0.118983358145
15 26 0 8 0.118932381272
31 66 0 8 0.118923440576
11 54 0 8 0.118694134057
10 78 0 8 0.118691161275
21 28 0 8 0.118228562176
30 77 0 8 0.117883212864
31 45 0 8 0.116785436869
7 68 0 8 0.114692665637
32 65 0 8 0.113906167448
28 32 0 8 0.113588310778
33 51 0 8 0.113576248288
7 49 0 8 0.113514751196
19 26 0 8 0.113498389721
45 78 0 8 0.113457255065
28 65 0 8 0.112821176648
29 47 0 8 0.112360045314
31 76 0 8 0.111794121563
44 56 0 8 0.111548364162
21 26 0 8 0.11065236479
44 55 0 8 0.11056741327
29 66 0 8 0.110408358276
31 47 0 8 0.109493628144
29 59 0 8 0.108581699431
14 68 0 8 0.108460396528
33 56 0 8 0.107665657997
27 76 0 8 0.107323534787
30 66 0 8 0.106312774122
69 77 0 8 0.104920692742
53 67 0 8 0.104615457356
49 76 0 8 0.104570448399
44 76 0 8 0.103924401104
31 42 0 8 0.103885158896
49 73 0 8 0.103066757321
45 77 0 8 0.102141477168
1 5 0 8 0.101439766586
11 30 0 8 0.101428732276
46 51 0 8 0.101367637515
7 76 0 8 0.101245887578
36 41 0 8 0.100558638573
17 39 0 8 0.100043736398
30 46 0 8 0.0999785214663
58 63 0 8 0.0998362824321
27 79 0 8 0.0997184589505
4 78 0 8 0.0993242934346
4 76 0 8 0.0990377441049
31 59 0 8 0.0989690348506
46 76 0 8 0.0989605113864
53 69 0 8 0.0986594632268
28 78 0 8 0.0986214131117
10 56 0 8 0.0985828861594
8 45 0 8 0.0984031409025
27 48 0 8 0.0982727259398
4 67 0 8 0.09763674438
3 9 0 8 0.0969708636403
17 59 0 8 0.0968893244863
29 65 0 8 0.0966809689999
26 47 0 8 0.0965900421143
4 65 0 8 0.0964653640985
33 55 0 8 0.0947813764215
31 68 0 8 0.0947685167193
14 28 0 8 0.0946084037423
15 56 0 8 0.0942592546344
10 30 0 8 0.0939414650202
27 67 0 8 0.0936867073178
15 55 0 8 0.0933134481311
28 31 0 8 0.0919928401709
11 68 0 8 0.091846473515
55 65 0 8 0.0918152332306
29 56 0 8 0.091692879796
15 29 0 8 0.0915043205023
4 77 0 8 0.091355971992
13 65 0 8 0.0911901220679
5 8 0 8 0.0909836813807
27 69 0 8 0.0908898189664
31 40 0 8 0.0907173156738
33 38 0 8 0.090685673058
32 40 0 8 0.0902856141329
5 76 0 8 0.090226881206
21 24 0 8 0.0900898873806
38 44 0 8 0.0900477394462
21 25 0 8 0.0896079838276
19 29 0 8 0.0892459452152
38 43 0 8 0.0892087966204
15 25 0 8 0.0890989229083
29 52 0 8 0.0889049246907
25 28 0 8 0.0888249203563
43 79 0 8 0.088532269001
32 45 0 8 0.08832783252
2 51 0 8 0.0879936367273
42 47 0 8 0.0879364460707
71 77 0 8 0.087203502655
12 64 0 8 0.0871688500047
29 44 0 8 0.0871344655752
27 56 0 8 0.0866184681654
7 67 0 8 0.0865703597665
34 65 0 8 0.0862583369017
74 77 0 8 0.0861891880631
44 79 0 8 0.085750721395
34 76 0 8 0.0856387168169
59 78 0 8 0.085575170815
33 75 0 8 0.0854589939117
26 75 0 8 0.0852213427424
15 27 0 8 0.0851196944714
7 31 0 8 0.085112631321
56 76 0 8 0.0849271640182
14 27 0 8 0.0841255113482
7 45 0 8 0.0839742198586
40 45 0 8 0.0839434862137
7 44 0 8 0.083764500916
35 46 0 8 0.0837389975786
32 78 0 8 0.0829742848873
33 64 0 8 0.0828859210014
31 55 0 8 0.0828824192286
7 78 0 8 0.0823388472199
35 42 0 8 0.0822720527649
33 78 0 8 0.0820234939456
32 67 0 8 0.0819518342614
11 31 0 8 0.0818408727646
23 29 0 8 0.0811810642481
72 76 0 8 0.0811781287193
2 13 0 8 0.0809131637216
27 46 0 8 0.0806674063206
11 27 0 8 0.0797546356916
3 10 0 8 0.0795549675822
35 41 0 8 0.079388782382
10 75 0 8 0.07932189852
4 13 0 8 0.0792318210006
32 47 0 8 0.0787897780538
27 75 0 8 0.0786927863955
14 78 0 8 0.0786760747433
29 75 0 8 0.0786129832268
7 66 0 8 0.0783588141203
10 33 0 8 0.0776545330882
17 29 0 8 0.0773695111275
3 6 0 8 0.0771434605122
3 33 0 8 0.0769813656807
13 78 0 8 0.0768076851964
55 78 0 8 0.0764919817448
3 73 0 8 0.0763332843781
32 64 0 8 0.0762100890279
55 68 0 8 0.0754829868674
31 65 0 8 0.0753868073225
47 68 0 8 0.0753436759114
73 76 0 8 0.0752087831497
55 76 0 8 0.0751468539238
28 56 0 8 0.0750019401312
28 77 0 8 0.0740083232522
15 52 0 8 0.0737383067608
4 75 0 8 0.0736709833145
26 65 0 8 0.0734892711043
30 33 0 8 0.0734330564737
32 55 0 8 0.0730697289109
14 30 0 8 0.072471126914
33 69 0 8 0.0722074210644
4 59 0 8 0.0718465894461
2 67 0 8 0.0717766210437
22 29 0 8 0.0716314613819
20 23 0 8 0.0715133026242
27 70 0 8 0.0709062591195
3 76 0 8 0.0707414522767
4 32 0 8 0.0706446543336
32 68 0 8 0.0706378743052
4 30 0 8 0.0705647543073
3 68 0 8 0.070390380919
24 28 0 8 0.0703862681985
31 46 0 8 0.0703203380108
26 76 0 8 0.0702713355422
17 76 0 8 0.0702252238989
63 66 0 8 0.0701630115509
7 36 0 8 0.0701358318329
2 79 0 8 0.0698739439249
4 68 0 8 0.0698622614145
6 45 0 8 0.0696354433894
28 69 0 8 0.0690646767616
35 43 0 8 0.0686367824674
6 76 0 8 0.0684717670083
30 43 0 8 0.0683710500598
44 48 0 8 0.0677368938923
37 41 0 8 0.0675555840135
8 55 0 8 0.0671733170748
32 52 0 8 0.0671487003565
52 68 0 8 0.066388040781
30 65 0 8 0.0654890909791
12 54 0 8 0.0652918741107
37 42 0 8 0.0649516731501
11 44 0 8 0.0648778602481
45 48 0 8 0.0648633614182
2 14 0 8 0.0648315474391
14 32 0 8 0.064647115767
15 31 0 8 0.0646155029535
33 77 0 8 0.0643654540181
3 35 0 8 0.0642095431685
53 70 0 8 0.0641668513417
27 78 0 8 0.0641503185034
2 68 0 8 0.063966318965
31 56 0 8 0.0639579743147
10 68 0 8 0.0638209804893
53 68 0 8 0.0637034475803
15 28 0 8 0.0635680705309
27 52 0 8 0.0634985417128
70 77 0 8 0.0632568374276
10 77 0 8 0.0631330385804
29 43 0 8 0.0630417019129
26 29 0 8 0.0627789497375
3 77 0 8 0.062571503222
4 31 0 8 0.0624910965562
2 34 0 8 0.0624393410981
18 67 0 8 0.0624205246568
9 55 0 8 0.0623867958784
3 78 0 8 0.062270000577
30 75 0 8 0.0622366853058
61 66 0 8 0.0621783472598
11 78 0 8 0.0621096380055
4 33 0 8 0.0620414055884
28 48 0 8 0.0620034337044
2 33 0 8 0.0617603212595
5 32 0 8 0.061640497297
3 45 0 8 0.0613186210394
69 79 0 8 0.0612620338798
47 75 0 8 0.0611769147217
5 66 0 8 0.0610610470176
35 70 0 8 0.0610398761928
9 78 0 8 0.0610122419894
30 40 0 8 0.0607559531927
2 59 0 8 0.0607204735279
30 42 0 8 0.0605983547866
34 70 0 8 0.0604116395116
5 55 0 8 0.0602185949683
17 78 0 8 0.0600176490843
10 67 0 8 0.0599809549749
2 55 0 8 0.0599026605487
9 75 0 8 0.0598133988678
2 30 0 8 0.0594793111086
32 59 0 8 0.0594438388944
17 45 0 8 0.0593871474266
29 79 0 8 0.0590591095388
9 58 0 8 0.0590561963618
15 33 0 8 0.0590498372912
14 79 0 8 0.0589729659259
32 46 0 8 0.0589666441083
4 55 0 8 0.0588452108204
14 47 0 8 0.0584517456591
28 75 0 8 0.0582171157002
44 67 0 8 0.0581337735057
2 9 0 8 0.058069396764
33 66 0 8 0.0580086037517
19 30 0 8 0.0579591952264
17 30 0 8 0.0576879456639
4 52 0 8 0.057680092752
3 44 0 8 0.057570040226
27 65 0 8 0.057491119951
4 51 0 8 0.0573511756957
66 75 0 8 0.0572681613266
33 37 0 8 0.0570900663733
2 78 0 8 0.0570507794619
2 52 0 8 0.0568507574499
14 51 0 8 0.0568006299436
31 75 0 8 0.0567851886153
37 43 0 8 0.0564726032317
4 36 0 8 0.0563138127327
7 43 0 8 0.0562859326601
3 14 0 8 0.056228235364
32 38 0 8 0.0561595857143
7 64 0 8 0.0561386607587
33 46 0 8 0.0559820905328
18 76 0 8 0.0559611804783
32 56 0 8 0.0559255331755
2 6 0 8 0.0558955557644
13 43 0 8 0.0556354224682
41 46 0 8 0.0550042614341
10 79 0 8 0.0546400882304
33 65 0 8 0.0544673502445
27 51 0 8 0.0543638728559
34 45 0 8 0.054351337254
52 75 0 8 0.0543067604303
58 64 0 8 0.0542332530022
13 59 0 8 0.0542029738426
4 27 0 8 0.0540459901094
13 76 0 8 0.0539734661579
45 76 0 8 0.0539359673858
3 52 0 8 0.0539359562099
3 75 0 8 0.0538126565516
13 67 0 8 0.0535165332258
17 58 0 8 0.0531165264547
51 70 0 8 0.0529980920255
35 47 0 8 0.0528493374586
29 64 0 8 0.0527021512389
35 44 0 8 0.0526870526373
11 33 0 8 0.0526370108128
2 7 0 8 0.0524609126151
7 71 0 8 0.0519783310592
10 28 0 8 0.0517282299697
4 29 0 8 0.0516308732331
15 30 0 8 0.0514465644956
5 77 0 8 0.0511454343796
33 74 0 8 0.051075514406
44 77 0 8 0.0508640184999
26 46 0 8 0.050805658102
45 52 0 8 0.0507450178266
55 67 0 8 0.0507129281759
46 52 0 8 0.0505777895451
28 79 0 8 0.0503500774503
32 51 0 8 0.0501857288182
4 43 0 8 0.0501383021474
36 46 0 8 0.0500165857375
3 32 0 8 0.0498644821346
4 56 0 8 0.0498176701367
7 29 0 8 0.0497929602861
59 68 0 8 0.0497050695121
4 44 0 8 0.0494955815375
35 45 0 8 0.0494319796562
24 64 0 8 0.0492973066866
7 47 0 8 0.0491546615958
47 78 0 8 0.0489230789244
21 27 0 8 0.0488215275109
75 78 0 8 0.0487859025598
7 30 0 8 0.0482302382588
25 66 0 8 0.048199120909
2 77 0 8 0.0481459163129
7 33 0 8 0.0481441020966
14 34 0 8 0.048012573272
4 45 0 8 0.0479507893324
10 43 0 8 0.0478914827108
8 54 0 8 0.0477275513113
26 78 0 8 0.0476761683822
5 78 0 8 0.0475613176823
52 78 0 8 0.0473123900592
4 28 0 8 0.047122027725
48 76 0 8 0.0470609590411
46 49 0 8 0.0470063835382
18 52 0 8 0.0470059141517
34 74 0 8 0.0469755157828
67 70 0 8 0.0468593947589
14 64 0 8 0.0467982031405
26 68 0 8 0.0467423349619
26 48 0 8 0.0467078313231
18 51 0 8 0.0466621294618
30 79 0 8 0.0465567149222
12 59 0 8 0.0463796928525
25 67 0 8 0.0462037846446
13 79 0 8 0.0461778156459
39 51 0 8 0.0461132600904
30 41 0 8 0.0459868088365
56 78 0 8 0.0458399355412
10 62 0 8 0.0458306744695
6 46 0 8 0.0457916669548
38 70 0 8 0.0457266122103
5 31 0 8 0.0455811209977
7 57 0 8 0.0452660135925
18 68 0 8 0.0450975894928
27 58 0 8 0.0450863055885
14 31 0 8 0.0448865145445
29 51 0 8 0.044850975275
47 70 0 8 0.0447758845985
17 79 0 8 0.0447470955551
43 51 0 8 0.0446234345436
11 75 0 8 0.0446192808449
46 77 0 8 0.0445950068533
17 27 0 8 0.04445656389
29 33 0 8 0.0443193465471
33 79 0 8 0.0442575551569
60 78 0 8 0.0439606383443
45 75 0 8 0.0439571291208
49 75 0 8 0.043915335089
25 49 0 8 0.0438984706998
4 39 0 8 0.043891210109
4 35 0 8 0.0438612811267
32 66 0 8 0.0438556745648
34 68 0 8 0.0438241027296
44 68 0 8 0.0437969565392
5 34 0 8 0.0437160097063
3 34 0 8 0.0436553433537
17 65 0 8 0.0435396358371
4 34 0 8 0.0434944704175
68 73 0 8 0.0429591014981
7 75 0 8 0.0429394133389
4 64 0 8 0.0428905449808
26 77 0 8 0.042768009007
39 70 0 8 0.0426292456686
17 26 0 8 0.0425437577069
67 74 0 8 0.0423571206629
26 69 0 8 0.0423181764781
31 41 0 8 0.0423178188503
6 75 0 8 0.0422952920198
2 43 0 8 0.042243681848
10 45 0 8 0.0422231592238
7 65 0 8 0.0421839058399
19 28 0 8 0.0420848727226
5 75 0 8 0.0419587492943
30 69 0 8 0.0418362133205
4 8 0 8 0.0418110489845
45 55 0 8 0.0418050587177
11 28 0 8 0.0417326316237
24 29 0 8 0.0415984578431
23 48 0 8 0.0413880199194
74 78 0 8 0.0413137450814
31 70 0 8 0.0412585362792
31 73 0 8 0.0411494933069
33 68 0 8 0.041133262217
7 32 0 8 0.0409483797848
8 53 0 8 0.0408199615777
28 45 0 8 0.0407064892352
47 50 0 8 0.0405514501035
1 46 0 8 0.0405293516815
7 34 0 8 0.0405083112419
3 48 0 8 0.0404048711061
17 25 0 8 0.0402962677181
65 68 0 8 0.040223326534
31 69 0 8 0.0398787856102
7 40 0 8 0.0398585349321
4 46 0 8 0.0398309864104
8 34 0 8 0.0398185253143
3 59 0 8 0.0397268235683
57 67 0 8 0.0395140871406
35 76 0 8 0.039473015815
53 76 0 8 0.039462685585
11 77 0 8 0.0393460728228
28 55 0 8 0.0392161048949
4 74 0 8 0.0392141342163
43 48 0 8 0.0391156859696
32 74 0 8 0.0390294566751
1 6 0 8 0.0390059538186
23 47 0 8 0.0389559827745
3 31 0 8 0.0389025062323
18 32 0 8 0.038853328675
1 78 0 8 0.038728941232
3 43 0 8 0.038673620671
34 59 0 8 0.0386543273926
26 59 0 8 0.0383738651872
36 47 0 8 0.0383147709072
45 49 0 8 0.0383107475936
37 45 0 8 0.0382588580251
5 50 0 8 0.0382377319038
3 51 0 8 0.0382311455905
37 44 0 8 0.0381956137717
36 76 0 8 0.0381651446223
33 49 0 8 0.0381651297212
18 79 0 8 0.0381372012198
15 58 0 8 0.0380839370191
7 39 0 8 0.0379984974861
3 28 0 8 0.0379860810935
46 78 0 8 0.0379702448845
7 48 0 8 0.0379567965865
34 75 0 8 0.0379283390939
2 65 0 8 0.037916649133
26 79 0 8 0.0378770790994
47 77 0 8 0.0378528796136
72 77 0 8 0.0377486310899
5 63 0 8 0.0375307537615
38 45 0 8 0.0372651517391
18 31 0 8 0.0372025705874
35 75 0 8 0.0370308235288
33 67 0 8 0.0369433909655
2 45 0 8 0.0369009673595
42 78 0 8 0.0368704237044
22 64 0 8 0.0366744101048
5 33 0 8 0.0366698615253
2 31 0 8 0.0364572145045
45 79 0 8 0.0363824181259
28 51 0 8 0.0363373495638
15 76 0 8 0.0363163091242
17 67 0 8 0.0362431257963
31 48 0 8 0.0361982174218
13 56 0 8 0.036185130477
51 79 0 8 0.036064170301
11 62 0 8 0.0360546968877
18 60 0 8 0.0358599834144
7 77 0 8 0.0358507186174
13 75 0 8 0.0357058085501
29 48 0 8 0.0356649830937
11 47 0 8 0.0354958325624
59 76 0 8 0.0354774147272
1 79 0 8 0.0352447219193
47 67 0 8 0.0351268053055
1 45 0 8 0.0350611694157
35 78 0 8 0.0349547863007
42 51 0 8 0.0348795130849
15 53 0 8 0.0348712652922
68 72 0 8 0.034800875932
13 42 0 8 0.0346229895949
4 47 0 8 0.0345176756382
27 44 0 8 0.0342948921025
48 77 0 8 0.0341653600335
34 78 0 8 0.0340703316033
28 52 0 8 0.0339498594403
17 31 0 8 0.033858679235
48 75 0 8 0.0338529385626
51 78 0 8 0.0338103249669
2 70 0 8 0.0335597507656
3 56 0 8 0.0335012488067
16 39 0 8 0.0334616713226
1 65 0 8 0.0334119237959
20 24 0 8 0.0332470946014
3 30 0 8 0.0332280322909
1 76 0 8 0.0331876687706
4 79 0 8 0.0329449288547
39 47 0 8 0.0327389128506
18 78 0 8 0.0327320992947
5 36 0 8 0.0326622314751
44 49 0 8 0.0325911790133
13 30 0 8 0.0325491949916
18 33 0 8 0.0325256213546
1 77 0 8 0.0324751138687
5 44 0 8 0.0324453189969
35 71 0 8 0.0324309393764
46 75 0 8 0.032238882035
39 68 0 8 0.0321816764772
3 36 0 8 0.0320781357586
15 68 0 8 0.032058019191
2 29 0 8 0.0320337116718
21 29 0 8 0.0317459255457
5 72 0 8 0.0317271277308
8 44 0 8 0.0316639356315
13 58 0 8 0.0314576849341
15 78 0 8 0.031388707459
2 56 0 8 0.031356882304
27 31 0 8 0.0313448943198
66 69 0 8 0.0313308052719
11 34 0 8 0.0312891751528
41 69 0 8 0.0312362425029
15 77 0 8 0.0312166307122
8 59 0 8 0.0312014184892
34 51 0 8 0.0311235357076
17 24 0 8 0.0310918968171
15 54 0 8 0.0310589876026
5 35 0 8 0.0308615677059
52 79 0 8 0.0306915715337
33 70 0 8 0.0306806229055
46 74 0 8 0.0306088197976
13 31 0 8 0.0303846411407
43 78 0 8 0.0302646197379
25 29 0 8 0.0302554965019
7 53 0 8 0.0300335735083
8 76 0 8 0.0300114061683
18 44 0 8 0.0298989713192
14 75 0 8 0.0298575982451
45 70 0 8 0.0298240743577
9 79 0 8 0.0296271387488
13 34 0 8 0.0294449944049
34 55 0 8 0.0293920319527
1 7 0 8 0.0293261613697
10 49 0 8 0.0292586069554
15 32 0 8 0.0292307399213
3 42 0 8 0.0292258560658
60 79 0 8 0.0291836280376
40 46 0 8 0.0291550736874
2 32 0 8 0.0290904883295
1 34 0 8 0.029052760452
7 61 0 8 0.028991157189
43 77 0 8 0.0289242099971
51 76 0 8 0.028908573091
58 78 0 8 0.0288743562996
70 78 0 8 0.0285598374903
52 70 0 8 0.0285573583096
69 78 0 8 0.0280077736825
15 79 0 8 0.0278407838196
35 69 0 8 0.0277844462544
30 70 0 8 0.0277368091047
34 69 0 8 0.0277337748557
10 70 0 8 0.027558369562
11 67 0 8 0.0272476635873
18 75 0 8 0.0271641705185
17 34 0 8 0.0271379407495
52 77 0 8 0.0271017290652
6 63 0 8 0.0269787292928
14 77 0 8 0.0269477833062
7 52 0 8 0.0268922001123
5 71 0 8 0.0268844198436
25 47 0 8 0.0266626030207
44 54 0 8 0.0265741422772
2 39 0 8 0.0264417305589
7 56 0 8 0.0264204647392
5 45 0 8 0.02632102184
2 28 0 8 0.0262666046619
31 64 0 8 0.0261881090701
9 77 0 8 0.0261284075677
3 39 0 8 0.0260829273611
36 77 0 8 0.0260538421571
19 65 0 8 0.0260520745069
4 48 0 8 0.0260445028543
4 37 0 8 0.0260437838733
42 49 0 8 0.0260349903256
4 60 0 8 0.0258235204965
49 70 0 8 0.0256330575794
56 69 0 8 0.0255739279091
3 27 0 8 0.025512561202
2 66 0 8 0.0254835858941
25 79 0 8 0.0254024639726
49 77 0 8 0.025338858366
31 79 0 8 0.0253193173558
9 76 0 8 0.0252622086555
68 71 0 8 0.0252554044127
26 52 0 8 0.0251251365989
37 46 0 8 0.0249827634543
17 52 0 8 0.0249583385885
42 68 0 8 0.0249353032559
3 65 0 8 0.0248961765319
62 66 0 8 0.0248951409012
39 52 0 8 0.0248005483299
3 13 0 8 0.0247601531446
17 51 0 8 0.0247132573277
7 46 0 8 0.0247113257647
73 77 0 8 0.0246657561511
40 47 0 8 0.02463324368
41 68 0 8 0.0246222019196
25 50 0 8 0.0246212743223
21 70 0 8 0.0245687551796
3 79 0 8 0.024562837556
11 79 0 8 0.0245457347482
3 41 0 8 0.0245329216123
58 65 0 8 0.024438245222
40 72 0 8 0.024349167943
45 68 0 8 0.024325594306
30 39 0 8 0.0242651440203
4 38 0 8 0.0242644548416
40 49 0 8 0.0242026764899
7 79 0 8 0.0241425801069
30 34 0 8 0.0240405481309
2 27 0 8 0.0240082535893
23 65 0 8 0.0239997133613
4 70 0 8 0.0239461697638
4 63 0 8 0.0238380134106
75 79 0 8 0.0237827356905
1 70 0 8 0.0237100813538
13 52 0 8 0.0237091761082
2 44 0 8 0.0236202962697
17 66 0 8 0.0235587023199
35 74 0 8 0.0235541183501
34 73 0 8 0.0234916377813
17 64 0 8 0.0234855469316
27 45 0 8 0.0234313979745
1 33 0 8 0.0233862698078
32 69 0 8 0.023335410282
46 50 0 8 0.0232499800622
2 75 0 8 0.0232097748667
7 50 0 8 0.0231880340725
3 66 0 8 0.0231480132788
27 64 0 8 0.023134727031
5 58 0 8 0.0231341887265
35 77 0 8 0.0231161024421
10 69 0 8 0.0230942070484
19 59 0 8 0.0228602103889
2 58 0 8 0.0228045657277
25 64 0 8 0.0227546524256
59 79 0 8 0.0227454043925
26 55 0 8 0.022701099515
42 67 0 8 0.0226839836687
46 79 0 8 0.0226542446762
2 69 0 8 0.0226128697395
10 34 0 8 0.0225832108408
1 69 0 8 0.0225116554648
21 79 0 8 0.022511349991
37 75 0 8 0.0224478840828
4 54 0 8 0.0224275328219
6 78 0 8 0.022389749065
33 63 0 8 0.022352706641
26 56 0 8 0.0223382059485
3 69 0 8 0.0223204884678
60 68 0 8 0.0222805645317
4 58 0 8 0.0222782436758
21 59 0 8 0.0222078040242
5 39 0 8 0.0221625175327
37 77 0 8 0.0221489109099
13 51 0 8 0.022056709975
16 25 0 8 0.0220176950097
34 67 0 8 0.0219868086278
42 79 0 8 0.021982960403
44 69 0 8 0.0219708513469
3 50 0 8 0.0219640377909
26 49 0 8 0.0219150930643
46 70 0 8 0.0219110455364
31 53 0 8 0.0218152627349
31 60 0 8 0.0217950344086
46 55 0 8 0.0217063575983
31 58 0 8 0.0216989722103
36 74 0 8 0.0216921772808
15 75 0 8 0.0216726865619
5 74 0 8 0.021659899503
4 40 0 8 0.0216415766627
32 37 0 8 0.0216051489115
6 77 0 8 0.0216044150293
17 75 0 8 0.0215695779771
21 51 0 8 0.0215487554669
19 55 0 8 0.0215255636722
40 69 0 8 0.0214357469231
11 36 0 8 0.0214088913053
26 30 0 8 0.0213976856321
1 35 0 8 0.0213960818946
11 70 0 8 0.0213798303157
17 32 0 8 0.0213604532182
3 38 0 8 0.0213561076671
46 68 0 8 0.0213545579463
22 65 0 8 0.0213132314384
50 76 0 8 0.0213075783104
5 67 0 8 0.0212960820645
1 44 0 8 0.0212548300624
28 58 0 8 0.0212171785533
28 53 0 8 0.021209416911
20 26 0 8 0.0211932975799
27 60 0 8 0.0211701281369
39 78 0 8 0.0211431495845
45 67 0 8 0.0211150683463
13 39 0 8 0.0211146380752
40 51 0 8 0.0211135149002
20 25 0 8 0.021084766835
7 42 0 8 0.0210566092283
64 77 0 8 0.0210559740663
21 58 0 8 0.0210531130433
2 8 0 8 0.0210430584848
53 74 0 8 0.0210391040891
8 33 0 8 0.0210089460015
24 70 0 8 0.0209959149361
8 75 0 8 0.0209805909544
36 75 0 8 0.020971884951
1 64 0 8 0.0208875127137
5 62 0 8 0.0208496022969
24 47 0 8 0.0208175294101
4 71 0 8 0.0208174083382
14 70 0 8 0.0207240991294
36 70 0 8 0.0207232423127
36 78 0 8 0.020709361881
23 60 0 8 0.0205528214574
26 70 0 8 0.0205353740603
25 70 0 8 0.020498489961
25 68 0 8 0.0204432774335
41 72 0 8 0.0204165969044
14 58 0 8 0.0204148646444
36 64 0 8 0.0204128138721
13 53 0 8 0.0204102750868
41 49 0 8 0.0203583035618
6 65 0 8 0.0203188993037
11 60 0 8 0.0203130152076
41 70 0 8 0.0202877186239
3 40 0 8 0.0202337969095
60 77 0 8 0.0202312804759
29 69 0 8 0.0201820842922
39 46 0 8 0.0201666764915
29 70 0 8 0.0201186854392
42 48 0 8 0.0200956240296
15 66 0 8 0.0200644973665
56 75 0 8 0.0200521871448
30 48 0 8 0.020005101338
22 55 0 8 0.0199852641672
34 64 0 8 0.0199444722384
34 63 0 8 0.0199155211449
8 39 0 8 0.0198639854789
15 51 0 8 0.0198155008256
44 70 0 8 0.0198054276407
4 49 0 8 0.019803635776
6 33 0 8 0.0197839476168
58 67 0 8 0.0197810567915
50 75 0 8 0.0197799261659
10 39 0 8 0.0197491571307
1 68 0 8 0.0197452772409
19 70 0 8 0.019710958004
21 55 0 8 0.0197010841221
34 66 0 8 0.0196748469025
5 40 0 8 0.0196702387184
5 46 0 8 0.0196673795581
8 40 0 8 0.0196645855904
6 34 0 8 0.0196610875428
17 47 0 8 0.0196385718882
5 56 0 8 0.0196299087256
40 70 0 8 0.0196015685797
3 46 0 8 0.0195924378932
21 67 0 8 0.0195607226342
6 58 0 8 0.0195413995534
36 65 0 8 0.0195177830756
7 74 0 8 0.0194880627096
33 60 0 8 0.0194725152105
47 79 0 8 0.0194593500346
39 69 0 8 0.0194546189159
4 69 0 8 0.0194455385208
2 46 0 8 0.0194372292608
27 49 0 8 0.0194001998752
62 79 0 8 0.0193978678435
2 15 0 8 0.0193651281297
12 55 0 8 0.0193626340479
15 44 0 8 0.0193607453257
13 68 0 8 0.0192736759782
8 77 0 8 0.0192691702396
15 69 0 8 0.0192379113287
2 60 0 8 0.0192209072411
12 31 0 8 0.0191737432033
17 38 0 8 0.0191687718034
1 9 0 8 0.0191672705114
41 47 0 8 0.0191564671695
21 56 0 8 0.0191276688129
6 36 0 8 0.0190553646535
48 78 0 8 0.0190357398242
43 50 0 8 0.0190076045692
2 36 0 8 0.0190001130104
9 44 0 8 0.0189324114472
21 39 0 8 0.0189266949892
49 78 0 8 0.0189204663038
5 37 0 8 0.0188853368163
38 69 0 8 0.0188779961318
31 71 0 8 0.0188220180571
43 52 0 8 0.0188035033643
34 71 0 8 0.0187868643552
4 73 0 8 0.0187772251666
11 69 0 8 0.0187514219433
4 41 0 8 0.0187436062843
49 69 0 8 0.0187347587198
3 37 0 8 0.0187294781208
39 79 0 8 0.0187175236642
18 58 0 8 0.0186895933002
26 44 0 8 0.0186645761132
6 74 0 8 0.018656577915
19 56 0 8 0.0186556763947
49 68 0 8 0.0186301860958
28 42 0 8 0.0185971260071
1 48 0 8 0.0185787025839
1 43 0 8 0.0185668300837
36 69 0 8 0.0185653436929
5 51 0 8 0.0185579899698
23 71 0 8 0.0185397788882
32 79 0 8 0.0185280162841
26 64 0 8 0.0185084436089
6 71 0 8 0.0184874348342
51 56 0 8 0.01846091263
22 70 0 8 0.0183863956481
58 68 0 8 0.0183769147843
8 56 0 8 0.0183525308967
8 79 0 8 0.0183505732566
40 78 0 8 0.0183178354055
27 74 0 8 0.0183033682406
31 62 0 8 0.0182968042791
13 33 0 8 0.0182917453349
49 71 0 8 0.0181848853827
26 74 0 8 0.0181695483625
23 56 0 8 0.0181482750922
44 50 0 8 0.0181425623596
18 70 0 8 0.0181222558022
23 70 0 8 0.0180895719677
25 69 0 8 0.0180689860135
21 68 0 8 0.0180676486343
45 69 0 8 0.018063172698
21 72 0 8 0.018054086715
25 63 0 8 0.0180392041802
38 79 0 8 0.0180298294872
26 71 0 8 0.0180254187435
36 51 0 8 0.0179955996573
3 55 0 8 0.017994524911
21 76 0 8 0.0179877262563
33 62 0 8 0.0179759040475
5 54 0 8 0.0179719142616
36 55 0 8 0.0179653596133
43 55 0 8 0.0179584790021
30 73 0 8 0.017907615751
43 49 0 8 0.0178684443235
44 75 0 8 0.0178477596492
64 67 0 8 0.0178366880864
4 62 0 8 0.0178239122033
12 76 0 8 0.0178138557822
47 74 0 8 0.0178134143353
26 51 0 8 0.0178030878305
3 58 0 8 0.0177850537002
43 70 0 8 0.0177534632385
1 66 0 8 0.0177360419184
19 31 0 8 0.0177359580994
5 52 0 8 0.0177288483828
15 60 0 8 0.0177186131477
4 50 0 8 0.0177007783204
38 46 0 8 0.0176467448473
17 68 0 8 0.0175763145089
42 55 0 8 0.0175527483225
22 79 0 8 0.0175329763442
51 75 0 8 0.0175166390836
14 57 0 8 0.0174750965089
4 42 0 8 0.0174628626555
38 47 0 8 0.0173022598028
46 67 0 8 0.0173005890101
32 73 0 8 0.017291771248
14 45 0 8 0.0172731690109
23 67 0 8 0.0172666218132
10 63 0 8 0.0172304268926
46 71 0 8 0.0172246787697
53 78 0 8 0.0171613488346
46 72 0 8 0.0171551406384
29 42 0 8 0.0171541683376
11 53 0 8 0.0171513389796
45 71 0 8 0.0171476006508
47 71 0 8 0.017136996612
70 79 0 8 0.0171016696841
3 70 0 8 0.0170887932181
28 70 0 8 0.0170599520206
29 49 0 8 0.0169885586947
35 68 0 8 0.0169799923897
3 29 0 8 0.0169461518526
8 32 0 8 0.0169271286577
1 71 0 8 0.0168688353151
6 44 0 8 0.0168649852276
22 76 0 8 0.016831163317
17 77 0 8 0.0168261621147
1 37 0 8 0.0168234240264
5 64 0 8 0.0168028194457
2 11 0 8 0.0167940538377
39 77 0 8 0.0167796835303
3 74 0 8 0.0167415551841
43 68 0 8 0.0167410448194
35 64 0 8 0.0167008358985
19 32 0 8 0.0166866127402
23 69 0 8 0.0166420973837
10 36 0 8 0.0166298188269
6 73 0 8 0.0165605843067
22 67 0 8 0.0165344011039
42 69 0 8 0.016500884667
21 69 0 8 0.0164887625724
5 79 0 8 0.0164336096495
6 79 0 8 0.0163879450411
24 73 0 8 0.0163813512772
23 64 0 8 0.0163737703115
2 64 0 8 0.016372717917
3 8 0 8 0.0163645949215
32 70 0 8 0.0163557548076
14 66 0 8 0.0163483843207
53 71 0 8 0.016340021044
23 59 0 8 0.0163207501173
31 38 0 8 0.0162806529552
21 54 0 8 0.0162347052246
45 73 0 8 0.0162254162133
58 79 0 8 0.0161763653159
1 36 0 8 0.0161760989577
1 13 0 8 0.0161125175655
35 48 0 8 0.0161119345576
52 69 0 8 0.0161046274006
24 68 0 8 0.0160634703934
24 30 0 8 0.0160613972694
61 67 0 8 0.0160601325333
5 59 0 8 0.0160475689918
56 79 0 8 0.0160474851727
16 28 0 8 0.0160396192223
17 57 0 8 0.0160392131656
1 67 0 8 0.0160301793367
34 62 0 8 0.015986064449
27 62 0 8 0.0159805305302
12 70 0 8 0.0159285161644
25 76 0 8 0.0159124024212
22 69 0 8 0.0158870853484
15 45 0 8 0.0158772859722
2 40 0 8 0.015873702243
22 68 0 8 0.0158573538065
13 32 0 8 0.0158462375402
1 8 0 8 0.0158284157515
28 74 0 8 0.015805548057
40 71 0 8 0.0157933048904
34 72 0 8 0.0157817471772
34 77 0 8 0.0157726090401
36 68 0 8 0.0157417785376
24 76 0 8 0.0157275255769
8 78 0 8 0.0157044250518
13 29 0 8 0.0156840998679
59 77 0 8 0.0156710334122
53 72 0 8 0.0156622007489
13 77 0 8 0.0156480390579
36 71 0 8 0.015641592443
31 36 0 8 0.0156405288726
5 38 0 8 0.0156133230776
17 69 0 8 0.0156077165157
42 77 0 8 0.0156075060368
38 76 0 8 0.0156023707241
55 79 0 8 0.0155958095565
33 72 0 8 0.0155713688582
15 23 0 8 0.0155668975785
47 73 0 8 0.0155464801937
42 70 0 8 0.0155249871314
1 49 0 8 0.0155198276043
23 76 0 8 0.0155182024464
1 29 0 8 0.0155162224546
30 60 0 8 0.0154464300722
33 48 0 8 0.0154185937718
2 35 0 8 0.0154054611921
1 75 0 8 0.0154051361606
1 39 0 8 0.0153981065378
6 35 0 8 0.0153960743919
21 78 0 8 0.015390958637
7 70 0 8 0.0153692737222
2 71 0 8 0.0153600620106
41 73 0 8 0.0153593542054
16 26 0 8 0.0153548410162
17 70 0 8 0.0153216989711
47 69 0 8 0.015315765515
55 70 0 8 0.0153141831979
40 79 0 8 0.0152829717845
10 27 0 8 0.0152761200443
74 79 0 8 0.0152611061931
4 57 0 8 0.0152573166415
40 48 0 8 0.0152553971857
13 47 0 8 0.0152253117412
1 32 0 8 0.0152143333107
36 52 0 8 0.0152027634904
23 68 0 8 0.0151697741821
66 70 0 8 0.0151614556089
42 52 0 8 0.0151359876618
10 53 0 8 0.0151317082345
43 69 0 8 0.015118688345
1 47 0 8 0.01505534444
1 10 0 8 0.0150445438921
2 61 0 8 0.0150304473937
11 57 0 8 0.0150255551562
48 70 0 8 0.014999544248
45 50 0 8 0.0149730844423
12 78 0 8 0.0149689922109
25 78 0 8 0.0149535676464
19 64 0 8 0.0148490210995
43 67 0 8 0.0148475710303
4 14 0 8 0.0148240635172
2 62 0 8 0.0148162236437
36 67 0 8 0.0148102184758
5 42 0 8 0.0148077346385
2 50 0 8 0.0147697320208
17 43 0 8 0.0147696277127
23 79 0 8 0.0147646116093
16 21 0 8 0.0147637724876
57 69 0 8 0.0147483348846
40 73 0 8 0.0147152310237
29 60 0 8 0.0146836824715
15 39 0 8 0.0146521674469
35 67 0 8 0.0146206356585
16 75 0 8 0.014603568241
20 28 0 8 0.0146016264334
25 74 0 8 0.0145663339645
2 74 0 8 0.0145600726828
22 78 0 8 0.0145342750475
6 40 0 8 0.0145221166313
39 72 0 8 0.014499838464
18 53 0 8 0.0144989937544
15 34 0 8 0.0144559349865
21 75 0 8 0.0144512541592
28 73 0 8 0.0144499642774
73 79 0 8 0.0144463926554
14 24 0 8 0.0144189028069
1 42 0 8 0.0143958954141
30 54 0 8 0.0143554313108
1 73 0 8 0.0143503043801
57 66 0 8 0.0143398474902
15 47 0 8 0.0143282730132
6 32 0 8 0.0143221188337
10 46 0 8 0.0143035994843
55 66 0 8 0.0142639549449
72 78 0 8 0.0142565276474
10 60 0 8 0.0142536871135
32 60 0 8 0.0142360907048
56 70 0 8 0.0142355551943
6 47 0 8 0.014234517701
9 73 0 8 0.0141766034067
1 38 0 8 0.0141654387116
32 61 0 8 0.0141497198492
9 31 0 8 0.0141419190913
13 64 0 8 0.0141269089654
34 58 0 8 0.014119181782
33 73 0 8 0.0141131021082
8 63 0 8 0.0141116296872
33 58 0 8 0.0141080943868
4 61 0 8 0.0141079481691
33 71 0 8 0.0140789151192
58 76 0 8 0.0140668340027
1 40 0 8 0.0140509447083
18 54 0 8 0.0140477083623
5 61 0 8 0.0140474177897
13 69 0 8 0.0140433833003
3 72 0 8 0.0140318861231
43 54 0 8 0.013997820206
1 63 0 8 0.013992912136
22 51 0 8 0.0139913391322
7 63 0 8 0.0139846643433
5 73 0 8 0.0139774009585
23 77 0 8 0.0139746209607
8 31 0 8 0.0139683075249
19 53 0 8 0.0139397867024
40 74 0 8 0.013928020373
24 79 0 8 0.0139253363013
25 75 0 8 0.0139134181663
6 37 0 8 0.0138697903603
22 30 0 8 0.0138534298167
22 59 0 8 0.0138525180519
3 11 0 8 0.0138522051275
7 35 0 8 0.0138451531529
37 71 0 8 0.0138433435932
14 25 0 8 0.0138078900054
2 54 0 8 0.0137825189158
38 77 0 8 0.0137819806114
21 30 0 8 0.0137757798657
25 77 0 8 0.0137727800757
28 64 0 8 0.013768222183
23 52 0 8 0.0137375844643
7 38 0 8 0.0137312542647
50 74 0 8 0.0137158483267
12 77 0 8 0.0137132946402
42 75 0 8 0.013694178313
30 71 0 8 0.0136894267052
32 49 0 8 0.0136835426092
41 79 0 8 0.0136833563447
1 74 0 8 0.0136759383604
5 48 0 8 0.0136580038816
23 72 0 8 0.013657098636
37 47 0 8 0.0136448414996
48 79 0 8 0.0136123690754
6 64 0 8 0.0135743077844
38 71 0 8 0.0135734323412
73 78 0 8 0.0135674253106
40 68 0 8 0.0135659649968
4 72 0 8 0.0135580608621
34 56 0 8 0.013557786122
1 41 0 8 0.0135301565751
14 60 0 8 0.0135282222182
32 62 0 8 0.0135022643954
54 68 0 8 0.0134692387655
12 34 0 8 0.0134573383257
45 54 0 8 0.013457255438
1 31 0 8 0.0134568950161
35 51 0 8 0.013456268236
21 49 0 8 0.013451160863
13 27 0 8 0.0134448790923
21 57 0 8 0.013418530114
41 50 0 8 0.0134090958163
27 50 0 8 0.013401906006
3 47 0 8 0.0133944498375
24 48 0 8 0.013392672874
20 27 0 8 0.0133312297985
32 48 0 8 0.0133032985032
41 78 0 8 0.0132857654244
2 57 0 8 0.0132665634155
18 77 0 8 0.013260784559
16 64 0 8 0.0132573843002
6 48 0 8 0.0132563300431
57 68 0 8 0.0132542224601
13 28 0 8 0.0132511975244
56 77 0 8 0.0132212284952
28 49 0 8 0.0132113471627
21 77 0 8 0.0132045047358
25 46 0 8 0.0131971500814
63 78 0 8 0.0131778949872
49 72 0 8 0.0131701705977
42 73 0 8 0.0131300045177
6 43 0 8 0.0130965458229
7 41 0 8 0.0130709577352
3 60 0 8 0.0130648864433
9 34 0 8 0.0130624221638
27 33 0 8 0.0130512081087
23 35 0 8 0.0130508700386
6 67 0 8 0.0130202565342
23 66 0 8 0.013019926846
39 67 0 8 0.0129836099222
14 54 0 8 0.0129744522274
30 64 0 8 0.0129682989791
15 38 0 8 0.0129619529471
22 58 0 8 0.0129593480378
16 77 0 8 0.0129546103999
24 60 0 8 0.0129519756883
27 63 0 8 0.0129433535039
3 49 0 8 0.0129386633635
1 54 0 8 0.0129240741953
28 43 0 8 0.012901397422
31 54 0 8 0.0128971235827
9 54 0 8 0.012862724252
22 46 0 8 0.0128541961312
50 73 0 8 0.0128489518538
8 65 0 8 0.0128479776904
1 72 0 8 0.0128464903682
1 53 0 8 0.0128448335454
48 74 0 8 0.0128012532368
13 71 0 8 0.0127990115434
4 12 0 8 0.0127700511366
50 70 0 8 0.0127681763843
5 70 0 8 0.012760960497
39 48 0 8 0.012747168541
35 65 0 8 0.0127445040271
22 75 0 8 0.0127285728231
16 76 0 8 0.0127197625116
2 37 0 8 0.0126925809309
11 66 0 8 0.012688302435
39 71 0 8 0.0126850893721
49 79 0 8 0.0126819657162
42 50 0 8 0.0126698995009
8 36 0 8 0.0126594239846
2 53 0 8 0.0126558840275
44 65 0 8 0.0126372296363
47 54 0 8 0.0126052424312
48 72 0 8 0.0125992782414
4 53 0 8 0.0125803165138
36 49 0 8 0.0125699965283
12 32 0 8 0.012548122555
5 68 0 8 0.0125370314345
25 73 0 8 0.0125349294394
11 73 0 8 0.0125068724155
22 52 0 8 0.0125052295625
44 71 0 8 0.0125026265159
29 73 0 8 0.0124827735126
36 48 0 8 0.0124572478235
4 11 0 8 0.0124515350908
21 71 0 8 0.0124155497178
9 70 0 8 0.0123954480514
39 76 0 8 0.0123285148293
35 54 0 8 0.0123203657568
2 38 0 8 0.0122999642044
35 55 0 8 0.0122664738446
11 63 0 8 0.012262863107
25 30 0 8 0.0122475214303
1 51 0 8 0.0122466096655
65 75 0 8 0.0122362943366
40 67 0 8 0.0122002968565
16 27 0 8 0.0121959252283
4 26 0 8 0.01218065992
10 74 0 8 0.0121785774827
1 60 0 8 0.0121731860563
23 78 0 8 0.0121656311676
62 67 0 8 0.0121602341533
1 50 0 8 0.0121519546956
34 79 0 8 0.0121518857777
51 71 0 8 0.0121505809948
21 47 0 8 0.0121418898925
1 26 0 8 0.0121343145147
21 33 0 8 0.0121248979121
6 11 0 8 0.0120994057506
5 30 0 8 0.012098425068
10 42 0 8 0.0120873395354
35 62 0 8 0.0120818857104
6 72 0 8 0.0120614366606
32 71 0 8 0.0120610501617
19 63 0 8 0.0120052350685
11 39 0 8 0.0119831403717
10 61 0 8 0.0119785126299
38 54 0 8 0.0119772544131
3 64 0 8 0.0119748162106
41 51 0 8 0.0119638936594
21 60 0 8 0.0119511159137
46 69 0 8 0.0119489207864
14 69 0 8 0.011941880919
17 53 0 8 0.0119406199083
10 15 0 8 0.0119387023151
26 63 0 8 0.0119375595823
35 72 0 8 0.0119262775406
23 46 0 8 0.0119126029313
43 75 0 8 0.0119038615376
48 69 0 8 0.0118958717212
21 65 0 8 0.0118956584483
17 60 0 8 0.0118948845193
36 72 0 8 0.011890576221
39 58 0 8 0.0118898479268
6 39 0 8 0.0118707986549
1 30 0 8 0.0118611045182
4 18 0 8 0.0118560586125
34 54 0 8 0.0118526574224
35 79 0 8 0.0118375197053
16 55 0 8 0.0118020875379
50 77 0 8 0.0117978453636
1 55 0 8 0.0117901479825
12 63 0 8 0.0117821283638
2 49 0 8 0.0117707904428
6 55 0 8 0.0117666702718
15 70 0 8 0.0117438593879
48 73 0 8 0.0117318890989
52 71 0 8 0.01171944011
71 78 0 8 0.0117084160447
43 76 0 8 0.011705795303
17 36 0 8 0.0116916261613
5 47 0 8 0.0116906184703
26 53 0 8 0.0116742672399
28 63 0 8 0.0116681503132
44 73 0 8 0.0116681391373
25 48 0 8 0.0116575304419
16 78 0 8 0.0116507811472
19 79 0 8 0.011647388339
38 48 0 8 0.0116361957043
2 63 0 8 0.0116276657209
22 49 0 8 0.0116220340133
7 69 0 8 0.0116088781506
52 73 0 8 0.0116012813523
22 71 0 8 0.0115776788443
15 73 0 8 0.0115697374567
9 36 0 8 0.0115657290444
19 61 0 8 0.011562012136
11 45 0 8 0.0115532260388
14 63 0 8 0.0115328337997
15 63 0 8 0.011529551819
10 48 0 8 0.011521239765
46 54 0 8 0.0114868339151
12 75 0 8 0.011476341635
29 58 0 8 0.0114623922855
48 53 0 8 0.011427196674
22 47 0 8 0.0114156641066
6 41 0 8 0.0114096701145
6 59 0 8 0.0114092724398
1 58 0 8 0.0113967591897
28 60 0 8 0.0113817369565
5 29 0 8 0.0113767534494
15 71 0 8 0.0113720670342
9 42 0 8 0.011365018785
19 67 0 8 0.0113362306729
20 70 0 8 0.0113292969763
16 60 0 8 0.0113098286092
21 31 0 8 0.0112938443199
62 78 0 8 0.0112917087972
18 39 0 8 0.0112863555551
33 61 0 8 0.0112743414938
19 49 0 8 0.0112676192075
39 74 0 8 0.0112324748188
53 75 0 8 0.0112320668995
14 42 0 8 0.01122764498
44 53 0 8 0.0112243639305
22 66 0 8 0.0112178353593
13 36 0 8 0.0112061584368
38 49 0 8 0.0111920014024
12 33 0 8 0.0111804446205
19 60 0 8 0.0111747160554
3 71 0 8 0.0111603671685
45 56 0 8 0.0111259473488
55 69 0 8 0.0111166751012
36 56 0 8 0.0111122205853
1 28 0 8 0.0110869407654
38 78 0 8 0.0110587766394
23 51 0 8 0.011050065048
19 78 0 8 0.0110482051969
55 75 0 8 0.0110333347693
27 71 0 8 0.0110169621184
42 76 0 8 0.0109927933663
35 50 0 8 0.0109886731952
9 33 0 8 0.0109773818403
24 59 0 8 0.0109700486064
41 48 0 8 0.010966733098
36 79 0 8 0.01096032653
24 46 0 8 0.0109517648816
1 27 0 8 0.0109125077724
30 58 0 8 0.0109017565846
51 77 0 8 0.0108669670299
21 53 0 8 0.0108615038916
20 68 0 8 0.0108587946743
20 43 0 8 0.0108550200239
1 56 0 8 0.0107918186113
17 54 0 8 0.0107838958502
23 55 0 8 0.0107783786952
7 37 0 8 0.0107662091032
26 50 0 8 0.0107070636004
54 70 0 8 0.0107006207108
1 62 0 8 0.0106894802302
32 54 0 8 0.010683673434
2 41 0 8 0.0106663648039
27 43 0 8 0.0106418980286
44 59 0 8 0.0106408232823
7 72 0 8 0.0106397038326
19 33 0 8 0.0105741256848
23 44 0 8 0.0105685833842
20 29 0 8 0.0105563886464
26 58 0 8 0.0105456868187
19 52 0 8 0.0105272978544
29 54 0 8 0.0104896258563
6 68 0 8 0.0104809384793
33 50 0 8 0.0104671204463
16 29 0 8 0.0104254586622
16 73 0 8 0.0104192523286
26 54 0 8 0.0104041108862
21 52 0 8 0.01038675569
3 63 0 8 0.0103819975629
25 71 0 8 0.0103760026395
1 61 0 8 0.0103748915717
41 67 0 8 0.0103636365384
61 78 0 8 0.0103620523587
9 32 0 8 0.0103557659313
24 75 0 8 0.0103346174583
54 75 0 8 0.010306446813
63 67 0 8 0.0102982306853
42 54 0 8 0.010283883661
32 63 0 8 0.0102362753823
20 54 0 8 0.0102237462997
10 66 0 8 0.0102190999314
61 79 0 8 0.0102179097012
16 42 0 8 0.0102109191939
22 54 0 8 0.0101935751736
13 70 0 8 0.0101694231853
6 52 0 8 0.010145528242
34 53 0 8 0.0101355295628
39 49 0 8 0.0101280882955
22 77 0 8 0.0100582456216
37 70 0 8 0.0100561324507
27 53 0 8 0.0100291911513
29 39 0 8 0.010013749823
41 77 0 8 0.0100032044575
5 41 0 8 0.00999119412154
39 55 0 8 0.00998243968934
6 66 0 8 0.00997342355549
23 30 0 8 0.00995644554496
29 71 0 8 0.00995460804552
37 76 0 8 0.00994406268001
13 60 0 8 0.00991632882506
20 49 0 8 0.00991390831769
2 12 0 8 0.00991079676896
16 43 0 8 0.00989184528589
21 48 0 8 0.00988232251257
54 76 0 8 0.00986528489739
40 76 0 8 0.00985256768763
45 53 0 8 0.00984194409102
16 62 0 8 0.00983848795295
37 64 0 8 0.00983769353479
32 58 0 8 0.00982307735831
15 36 0 8 0.00981405656785
5 69 0 8 0.0098086129874
57 79 0 8 0.00980726536363
23 63 0 8 0.00980128906667
41 75 0 8 0.00979672651738
9 74 0 8 0.00979238003492
23 50 0 8 0.00977585464716
8 46 0 8 0.00977335404605
1 57 0 8 0.009761210531
8 51 0 8 0.00975913181901
67 71 0 8 0.00974581856281
44 66 0 8 0.00973006151617
58 66 0 8 0.00971739273518
47 56 0 8 0.00971289630979
19 58 0 8 0.00970160216093
22 56 0 8 0.0096874339506
45 72 0 8 0.00966579746455
25 51 0 8 0.00963604077697
37 69 0 8 0.00962681230158
6 70 0 8 0.00961589347571
19 76 0 8 0.0096023613587
2 72 0 8 0.00958811491728
26 45 0 8 0.00956032983959
19 68 0 8 0.0095426728949
15 49 0 8 0.00953996926546
20 71 0 8 0.00952480640262
12 35 0 8 0.00952261220664
60 76 0 8 0.00949320290238
24 78 0 8 0.00948426220566
12 73 0 8 0.00946722365916
14 39 0 8 0.00946502853185
24 77 0 8 0.00945817213506
19 77 0 8 0.00944169331342
6 62 0 8 0.00943976268172
8 43 0 8 0.00942571461201
18 34 0 8 0.00942082703114
29 63 0 8 0.00941739231348
67 73 0 8 0.00941559486091
18 47 0 8 0.00941311381757
8 74 0 8 0.00940653588623
12 56 0 8 0.00940273795277
9 59 0 8 0.00935812201351
29 41 0 8 0.00934156868607
23 75 0 8 0.0093162599951
24 63 0 8 0.00930422730744
50 78 0 8 0.0092832846567
63 77 0 8 0.00927766785026
15 40 0 8 0.00927425455302
13 62 0 8 0.00927244592458
25 59 0 8 0.00926983449608
1 25 0 8 0.00926692318171
32 72 0 8 0.00926446355879
45 74 0 8 0.00922943651676
36 63 0 8 0.00922143924981
43 56 0 8 0.00920786894858
14 43 0 8 0.00920008588582
8 70 0 8 0.00919170491397
44 72 0 8 0.00916831381619
26 73 0 8 0.00913074426353
23 61 0 8 0.00912864692509
8 37 0 8 0.0091119017452
20 77 0 8 0.00910085253417
31 37 0 8 0.00906707253307
26 62 0 8 0.00904396735132
54 67 0 8 0.00903727207333
8 42 0 8 0.00901998952031
11 50 0 8 0.00900032836944
46 73 0 8 0.00899909902364
39 59 0 8 0.00898660905659
51 69 0 8 0.00898006744683
5 53 0 8 0.00897305551916
31 50 0 8 0.00896724872291
15 43 0 8 0.00896581541747
41 71 0 8 0.00893521867692
33 54 0 8 0.00893108081073
22 44 0 8 0.00888418126851
8 73 0 8 0.00887198001146
17 71 0 8 0.00886414665729
23 49 0 8 0.00882605556399
3 62 0 8 0.00882081314921
23 62 0 8 0.00881853792816
28 50 0 8 0.00877830758691
11 42 0 8 0.00876331795007
9 71 0 8 0.00872624199837
20 41 0 8 0.00871973950416
35 73 0 8 0.00870754290372
50 71 0 8 0.00868960376829
2 42 0 8 0.00868576020002
8 66 0 8 0.00868482422084
24 51 0 8 0.00865864288062
13 25 0 8 0.00865224841982
1 52 0 8 0.00864446815103
5 49 0 8 0.00864064041525
18 66 0 8 0.0086134141311
24 49 0 8 0.00857717730105
12 29 0 8 0.00856866966933
16 33 0 8 0.0085583794862
40 77 0 8 0.00853728037328
50 72 0 8 0.00852280296385
15 42 0 8 0.00852110236883
17 73 0 8 0.00851287692785
9 47 0 8 0.00850831344724
7 60 0 8 0.00850545428693
15 35 0 8 0.0085010714829
8 38 0 8 0.00849743187428
44 74 0 8 0.00848440919071
38 51 0 8 0.00848428811878
17 74 0 8 0.008480691351
21 73 0 8 0.00846289563924
19 75 0 8 0.00841934420168
11 16 0 8 0.00841483939439
57 78 0 8 0.00839737523347
24 44 0 8 0.00839681085199
39 75 0 8 0.00839307159185
50 79 0 8 0.00838185660541
16 56 0 8 0.00837864726782
34 57 0 8 0.00837209261954
12 39 0 8 0.00836126878858
2 73 0 8 0.00835798028857
8 41 0 8 0.00833720993251
20 30 0 8 0.00832784734666
17 62 0 8 0.00830346345901
1 59 0 8 0.00829443708062
21 46 0 8 0.00829357095063
22 63 0 8 0.00826640147716
11 46 0 8 0.00823718868196
56 64 0 8 0.00823549740016
42 72 0 8 0.00822639744729
11 35 0 8 0.00820718239993
8 69 0 8 0.0082021523267
36 54 0 8 0.0081802578643
16 70 0 8 0.00815203320235
5 11 0 8 0.00814227294177
5 60 0 8 0.00812495406717
41 52 0 8 0.00812462437898
61 68 0 8 0.00811530370265
22 31 0 8 0.00808681547642
9 45 0 8 0.00808463152498
8 67 0 8 0.00807851552963
54 71 0 8 0.0080654323101
20 78 0 8 0.00805342011154
5 57 0 8 0.00802818033844
32 57 0 8 0.00800369866192
6 56 0 8 0.00800187047571
37 49 0 8 0.0079948855564
16 22 0 8 0.00798712205142
9 40 0 8 0.00798527803272
18 62 0 8 0.00798271410167
51 68 0 8 0.00797158293426
47 58 0 8 0.00795862916857
22 45 0 8 0.00795817747712
9 46 0 8 0.00794523674995
16 65 0 8 0.00794054754078
8 47 0 8 0.00794046185911
21 63 0 8 0.00792704056948
40 50 0 8 0.00791500788182
20 61 0 8 0.00791100319475
11 61 0 8 0.00790547393262
42 58 0 8 0.00787333864719
20 55 0 8 0.00787079520524
37 48 0 8 0.00785136036575
13 73 0 8 0.00783162750304
25 45 0 8 0.00782272871584
54 78 0 8 0.0078151896596
53 77 0 8 0.00780448969454
13 18 0 8 0.00779266050085
10 71 0 8 0.00777328386903
1 14 0 8 0.00777203310281
41 76 0 8 0.00777096766979
29 62 0 8 0.00775271188468
11 43 0 8 0.00774032343179
7 73 0 8 0.00773362768814
34 60 0 8 0.00772868609056
3 12 0 8 0.00767946010455
65 69 0 8 0.00767394620925
43 74 0 8 0.00766848679632
24 67 0 8 0.00766151957214
24 61 0 8 0.00757731636986
15 72 0 8 0.00757017312571
64 68 0 8 0.00756793143228
13 54 0 8 0.00755080627277
18 57 0 8 0.00754301343113
35 66 0 8 0.00753611279652
6 53 0 8 0.00753368064761
10 35 0 8 0.00750546064228
38 68 0 8 0.00750131672248
9 39 0 8 0.00749968411401
12 40 0 8 0.00749439373612
27 61 0 8 0.00748671544716
16 67 0 8 0.00743749830872
6 38 0 8 0.00743555556983
12 65 0 8 0.00743534089997
27 73 0 8 0.00743484776467
25 55 0 8 0.0074221631512
57 65 0 8 0.00740743381903
1 16 0 8 0.00739880371839
36 59 0 8 0.00739785097539
20 67 0 8 0.00739705283195
14 73 0 8 0.00738285854459
43 71 0 8 0.00736289424822
6 42 0 8 0.00736238900572
16 23 0 8 0.0073601519689
62 77 0 8 0.00734606990591
12 79 0 8 0.00732925627381
51 67 0 8 0.0073281256482
20 75 0 8 0.0072947521694
25 43 0 8 0.00727334665135
9 68 0 8 0.00726412236691
24 56 0 8 0.00725111179054
21 44 0 8 0.00724895950407
39 54 0 8 0.00724355038255
6 51 0 8 0.00723773334175
11 49 0 8 0.00722554279491
28 72 0 8 0.00721559626982
16 57 0 8 0.00721215037629
39 60 0 8 0.00720125343651
57 70 0 8 0.00719691812992
33 53 0 8 0.0071903495118
16 32 0 8 0.00718853482977
29 50 0 8 0.00718198670074
9 63 0 8 0.00718011055142
22 48 0 8 0.00717763602734
21 45 0 8 0.00716993724927
16 24 0 8 0.00716688297689
22 72 0 8 0.0071609611623
52 74 0 8 0.00714987050742
35 58 0 8 0.0071225585416
20 59 0 8 0.0071129812859
24 72 0 8 0.00709317997098
6 69 0 8 0.00709288148209
10 73 0 8 0.00707400636747
34 50 0 8 0.007067699451
10 50 0 8 0.00704333977774
40 52 0 8 0.00703157065436
23 58 0 8 0.00698472931981
16 58 0 8 0.00698464363813
48 71 0 8 0.00696228863671
16 59 0 8 0.00695167481899
25 72 0 8 0.00693820463493
14 74 0 8 0.00693453196436
16 79 0 8 0.00693198107183
12 74 0 8 0.00693035684526
43 72 0 8 0.00692911632359
19 44 0 8 0.0069115255028
38 72 0 8 0.00691140722483
22 50 0 8 0.00690986262634
19 73 0 8 0.00690697086975
51 73 0 8 0.00690531264991
8 71 0 8 0.00689417403191
15 46 0 8 0.0068796579726
31 63 0 8 0.00687470147386
16 68 0 8 0.00685027241707
38 67 0 8 0.00681692920625
29 53 0 8 0.0068166195415
54 69 0 8 0.00680206296965
27 32 0 8 0.00678793201223
38 58 0 8 0.00678061274812
26 42 0 8 0.00677558872849
49 67 0 8 0.0067554214038
25 60 0 8 0.0067487154156
11 74 0 8 0.00673509063199
26 60 0 8 0.00672215176746
21 62 0 8 0.00671107135713
35 59 0 8 0.00669821025804
37 72 0 8 0.00669420463964
27 72 0 8 0.00667985342443
1 12 0 8 0.0066632446833
39 53 0 8 0.00666154036298
6 60 0 8 0.00664677424356
24 50 0 8 0.00664126686752
28 71 0 8 0.00664040492848
24 65 0 8 0.00663736369461
8 68 0 8 0.00661279261112
28 61 0 8 0.00661256350577
37 79 0 8 0.00659777689725
47 53 0 8 0.006591479294
51 74 0 8 0.00655949953943
54 77 0 8 0.00655501428992
14 62 0 8 0.00655006291345
20 76 0 8 0.00654835999012
14 61 0 8 0.00654121674597
23 33 0 8 0.0065403864719
71 79 0 8 0.00654037669301
19 51 0 8 0.00652003102005
11 41 0 8 0.00650771567598
66 74 0 8 0.00650354847312
9 38 0 8 0.00648915208876
20 50 0 8 0.00644770544022
22 74 0 8 0.0064251399599
21 74 0 8 0.00642212387174
17 63 0 8 0.00641908217221
28 39 0 8 0.0064051290974
26 72 0 8 0.00639744382352
49 54 0 8 0.00638368865475
9 69 0 8 0.00638286024332
59 75 0 8 0.00636966666207
12 68 0 8 0.00636894861236
13 35 0 8 0.00636489130557
9 51 0 8 0.00634186295792
14 35 0 8 0.00634176656604
38 57 0 8 0.0063230888918
6 54 0 8 0.00631423899904
15 57 0 8 0.00629967032
19 34 0 8 0.00628762552515
9 62 0 8 0.00628530513495
1 24 0 8 0.00628399802372
28 41 0 8 0.00627492833883
3 15 0 8 0.00626316200942
12 60 0 8 0.00626172544435
11 71 0 8 0.00626148236915
43 58 0 8 0.00625605508685
9 56 0 8 0.00622217729688
15 74 0 8 0.00621817447245
8 35 0 8 0.00620832853019
23 45 0 8 0.00620345864445
36 73 0 8 0.006202747114
9 65 0 8 0.00620153872296
43 53 0 8 0.00619180453941
51 72 0 8 0.0061789280735
12 57 0 8 0.00616943929344
9 52 0 8 0.00616472493857
37 54 0 8 0.00616156542674
22 73 0 8 0.00616082921624
25 44 0 8 0.00614855298772
1 11 0 8 0.0061335619539
35 52 0 8 0.00612234324217
53 58 0 8 0.00611778069288
13 63 0 8 0.00610866909847
39 50 0 8 0.0061068427749
15 20 0 8 0.00610382482409
21 42 0 8 0.00609646970406
28 40 0 8 0.00607571098953
37 78 0 8 0.00606658682227
12 36 0 8 0.00606655236334
12 67 0 8 0.0060559459962
22 53 0 8 0.00603889813647
30 57 0 8 0.00603757007048
28 62 0 8 0.00603402312845
17 49 0 8 0.00602481234819
19 69 0 8 0.00599635532126
23 73 0 8 0.00598615221679
55 77 0 8 0.00598552217707
14 49 0 8 0.00598331261426
60 75 0 8 0.00598258944228
2 48 0 8 0.00598057638854
42 74 0 8 0.00598026160151
22 62 0 8 0.00596221024171
24 53 0 8 0.0059544830583
10 40 0 8 0.00595390750095
14 36 0 8 0.00594790512696
2 26 0 8 0.00592816295102
16 69 0 8 0.00591538008302
57 64 0 8 0.00590261025354
3 53 0 8 0.00589925888926
11 40 0 8 0.00589323043823
5 12 0 8 0.00588920898736
36 58 0 8 0.00588343571872
24 71 0 8 0.00586321717128
33 57 0 8 0.00586009956896
23 74 0 8 0.0058352923952
27 54 0 8 0.00583344465122
22 32 0 8 0.00582227762789
19 72 0 8 0.00580812990665
19 47 0 8 0.00580240273848
10 57 0 8 0.00579410931095
9 66 0 8 0.00578134786338
39 73 0 8 0.0057668723166
29 40 0 8 0.00574469007552
14 71 0 8 0.00572078907862
50 69 0 8 0.00569224869832
32 53 0 8 0.00569159258157
19 39 0 8 0.00568849267438
20 72 0 8 0.00568483956158
13 38 0 8 0.00568452430889
22 60 0 8 0.00567562878132
24 55 0 8 0.00565491616726
42 71 0 8 0.00563832512125
24 42 0 8 0.00563800707459
34 61 0 8 0.00562738254666
18 49 0 8 0.005617542658
10 41 0 8 0.00561563344672
20 46 0 8 0.00561515893787
25 61 0 8 0.00560948299244
21 61 0 8 0.00558794289827
40 75 0 8 0.0055717183277
13 74 0 8 0.00555136427283
15 50 0 8 0.00555021176115
35 61 0 8 0.00554763572291
11 17 0 8 0.00552537525073
12 28 0 8 0.00550686847419
37 50 0 8 0.00550232641399
21 32 0 8 0.00549477757886
9 64 0 8 0.00547966687009
12 44 0 8 0.00547862751409
13 66 0 8 0.00547637837008
41 74 0 8 0.00546747772023
6 50 0 8 0.00546098593622
12 30 0 8 0.00545550929382
16 49 0 8 0.0054466035217
21 64 0 8 0.00544595485553
36 60 0 8 0.00544383749366
9 67 0 8 0.00544060114771
3 26 0 8 0.00541463447735
22 57 0 8 0.00540673360229
21 43 0 8 0.00540600251406
16 53 0 8 0.00540590239689
26 41 0 8 0.005405228585
29 72 0 8 0.00540198385715
62 68 0 8 0.00538324983791
30 50 0 8 0.00537889124826
20 79 0 8 0.00535566266626
37 73 0 8 0.00535097531974
37 74 0 8 0.00533616216853
52 72 0 8 0.00532259838656
60 70 0 8 0.00530710583553
28 33 0 8 0.00529490597546
6 31 0 8 0.00528237596154
19 71 0 8 0.00527513772249
30 38 0 8 0.00526464404538
13 40 0 8 0.00526289641857
23 54 0 8 0.00524820061401
25 62 0 8 0.00524691399187
40 53 0 8 0.00524074817076
43 73 0 8 0.00523891346529
9 60 0 8 0.00523875467479
12 45 0 8 0.00523830484599
3 61 0 8 0.00523137953132
38 55 0 8 0.00522637646645
61 77 0 8 0.00522517412901
20 56 0 8 0.00519960885867
54 66 0 8 0.00519411638379
41 54 0 8 0.0051816245541
10 38 0 8 0.00516784377396
18 43 0 8 0.00516009284183
16 31 0 8 0.00514911627397
35 56 0 8 0.00514852255583
36 66 0 8 0.0051437090151
24 34 0 8 0.00514135463163
11 38 0 8 0.00510372919962
26 61 0 8 0.00509334309027
18 42 0 8 0.00508422963321
27 42 0 8 0.00507986359298
25 58 0 8 0.00506657781079
12 42 0 8 0.00506512867287
31 72 0 8 0.00506183505058
48 68 0 8 0.00505483476445
6 61 0 8 0.00503082154319
54 73 0 8 0.00501649035141
12 27 0 8 0.00501620676368
23 31 0 8 0.00501586636528
6 49 0 8 0.00500758970156
30 62 0 8 0.00500645348802
21 50 0 8 0.00497576594353
42 59 0 8 0.00497416127473
1 15 0 8 0.00496787764132
40 59 0 8 0.00496444711462
64 76 0 8 0.00494342390448
4 17 0 8 0.00493674818426
42 53 0 8 0.00493581127375
2 21 0 8 0.00493557471782
30 63 0 8 0.00493128178641
24 66 0 8 0.00492326775566
17 50 0 8 0.00491941906512
27 57 0 8 0.00489263888448
9 72 0 8 0.00488797528669
39 56 0 8 0.00488410331309
58 77 0 8 0.00487548904493
9 43 0 8 0.0048691155389
43 64 0 8 0.00486299907789
31 61 0 8 0.00485619809479
41 55 0 8 0.00485390378162
13 50 0 8 0.00485235825181
54 79 0 8 0.00483203725889
12 17 0 8 0.00481961807236
29 57 0 8 0.00481107644737
19 57 0 8 0.00478145154193
39 57 0 8 0.00476326979697
57 63 0 8 0.00476031424478
24 45 0 8 0.00474865315482
12 41 0 8 0.00474336463958
9 29 0 8 0.00474109174684
21 41 0 8 0.00473053054884
20 74 0 8 0.00470502395183
21 66 0 8 0.00468417163938
16 72 0 8 0.00468098279089
16 71 0 8 0.0046775736846
25 54 0 8 0.00466620363295
57 62 0 8 0.00466311490163
16 63 0 8 0.00464555714279
16 61 0 8 0.00462005287409
47 72 0 8 0.00461847428232
38 75 0 8 0.00461621955037
20 69 0 8 0.00460285367444
24 35 0 8 0.00458912551403
20 58 0 8 0.00457148579881
24 57 0 8 0.00456770276651
59 69 0 8 0.00456446455792
9 61 0 8 0.0045622875914
25 56 0 8 0.00456151040271
43 66 0 8 0.00454872986302
25 52 0 8 0.00454289745539
35 53 0 8 0.00452969130129
19 48 0 8 0.00451613776386
14 23 0 8 0.00450979499146
24 62 0 8 0.00450726086274
8 30 0 8 0.00449572410434
7 15 0 8 0.00449247285724
15 41 0 8 0.00449176924303
8 52 0 8 0.00448166532442
54 74 0 8 0.00447420217097
54 72 0 8 0.00446056202054
20 47 0 8 0.00445457547903
18 74 0 8 0.00444573443383
12 48 0 8 0.00444562640041
38 74 0 8 0.00444301310927
20 64 0 8 0.00443850131705
20 32 0 8 0.00443561142311
17 41 0 8 0.00443013617769
18 73 0 8 0.0044281152077
59 70 0 8 0.0044277976267
30 61 0 8 0.00442665209994
48 67 0 8 0.00438139401376
24 74 0 8 0.00437302608043
24 43 0 8 0.00436221854761
20 44 0 8 0.00435908650979
40 58 0 8 0.0043547609821
12 71 0 8 0.00434924662113
20 51 0 8 0.00433874269947
37 51 0 8 0.00433728657663
17 35 0 8 0.00432795379311
36 62 0 8 0.0043234997429
37 68 0 8 0.00431762030348
22 61 0 8 0.00431393226609
41 65 0 8 0.00429122056812
19 42 0 8 0.00428275112063
23 38 0 8 0.00426448509097
8 57 0 8 0.00426377030089
38 53 0 8 0.00426062522456
11 26 0 8 0.00425085565075
17 48 0 8 0.00422143097967
20 62 0 8 0.00422008195892
18 50 0 8 0.00421991571784
18 36 0 8 0.00421521952376
38 59 0 8 0.00420609489083
5 28 0 8 0.00420383037999
13 48 0 8 0.00418101297691
50 68 0 8 0.00417994707823
8 50 0 8 0.00417937105522
29 61 0 8 0.00417800433934
64 75 0 8 0.00416907807812
31 57 0 8 0.00415638787672
4 24 0 8 0.00415191985667
7 27 0 8 0.00414977548644
36 50 0 8 0.00412745773792
14 46 0 8 0.00412729103118
50 55 0 8 0.00412478903309
16 54 0 8 0.00411911448464
18 71 0 8 0.00410860078409
56 71 0 8 0.00409095734358
56 61 0 8 0.0040867459029
19 46 0 8 0.00408365949988
12 38 0 8 0.00408300803974
15 61 0 8 0.00407880824059
15 37 0 8 0.00407105591148
39 62 0 8 0.00406234012917
24 58 0 8 0.00405465764925
14 41 0 8 0.00404074368998
5 14 0 8 0.00400814507157
13 57 0 8 0.00399915361777
17 72 0 8 0.00396861555055
40 54 0 8 0.00395248364657
8 17 0 8 0.0039273314178
14 40 0 8 0.00390628119931
38 50 0 8 0.00390182714909
20 53 0 8 0.00389871676452
18 69 0 8 0.00388895883225
35 60 0 8 0.00388245121576
12 61 0 8 0.00387382111512
19 54 0 8 0.00387240806594
38 73 0 8 0.0038584175054
20 65 0 8 0.00383182638325
57 77 0 8 0.00381934060715
21 40 0 8 0.00380671396852
24 52 0 8 0.00378697551787
2 18 0 8 0.00377054000273
14 50 0 8 0.0037666875869
16 30 0 8 0.0037635054905
37 67 0 8 0.00375850312412
12 69 0 8 0.00373160862364
1 21 0 8 0.00372785585932
58 75 0 8 0.00370650435798
42 65 0 8 0.00370171270333
2 17 0 8 0.00369816389866
11 72 0 8 0.00369621580467
16 41 0 8 0.00368836103007
1 20 0 8 0.00366187980399
9 53 0 8 0.0036587077193
19 74 0 8 0.00365414773114
13 49 0 8 0.00365101895295
18 45 0 8 0.00364790670574
53 79 0 8 0.00364762078971
41 59 0 8 0.00364753394388
19 45 0 8 0.00364442658611
26 43 0 8 0.00362825766206
28 38 0 8 0.00361002935097
72 79 0 8 0.00360853387974
15 48 0 8 0.00359797454439
60 69 0 8 0.00358706736006
23 32 0 8 0.00358613510616
36 61 0 8 0.00358240073547
20 48 0 8 0.00357997254469
23 43 0 8 0.00357749359682
57 72 0 8 0.00357731664553
24 54 0 8 0.00357573456131
37 62 0 8 0.00357035803609
58 70 0 8 0.00356750935316
27 41 0 8 0.00356469652615
12 37 0 8 0.00355729088187
32 50 0 8 0.00355467689224
12 72 0 8 0.0035416148603
57 75 0 8 0.0035415540915
18 63 0 8 0.00353878038004
41 57 0 8 0.00353609956801
38 52 0 8 0.00351174012758
11 37 0 8 0.00350080104545
54 59 0 8 0.00349872885272
25 57 0 8 0.00345240114257
28 54 0 8 0.00342183071189
13 26 0 8 0.0034170858562
10 37 0 8 0.00341574009508
9 35 0 8 0.00341393542476
20 66 0 8 0.00340510183014
8 72 0 8 0.00339524704032
16 44 0 8 0.00339047773741
17 61 0 8 0.00338899879716
40 56 0 8 0.00338850938715
36 57 0 8 0.0033881647978
16 40 0 8 0.00338752544485
7 28 0 8 0.0033734687604
16 74 0 8 0.00336337741464
42 66 0 8 0.00336168031208
12 46 0 8 0.00334569136612
16 37 0 8 0.00334113114513
9 37 0 8 0.00329531054012
13 46 0 8 0.00329361343756
67 72 0 8 0.00329248490743
18 35 0 8 0.00329134729691
8 60 0 8 0.00328607531264
40 57 0 8 0.00326949846931
20 60 0 8 0.00326428748667
19 50 0 8 0.00326374452561
30 36 0 8 0.00324649759568
10 17 0 8 0.0032266608905
2 23 0 8 0.00322346785106
16 66 0 8 0.00318185286596
8 13 0 8 0.00316921481863
36 53 0 8 0.00316730514169
43 65 0 8 0.00315671367571
20 57 0 8 0.00315503356978
63 68 0 8 0.00314792245626
16 36 0 8 0.00313615635969
19 66 0 8 0.00313540943898
42 57 0 8 0.00312914140522
4 25 0 8 0.00312553346157
47 59 0 8 0.00311140040867
6 30 0 8 0.00310347415507
7 17 0 8 0.00309580937028
22 43 0 8 0.00307478802279
20 33 0 8 0.00307384692132
16 52 0 8 0.00306401681155
9 41 0 8 0.00305256200954
17 46 0 8 0.00304443622008
56 73 0 8 0.0030044473242
9 30 0 8 0.00299904309213
4 23 0 8 0.00299883051775
19 35 0 8 0.00299675855786
17 40 0 8 0.00299540674314
12 47 0 8 0.00299473316409
18 46 0 8 0.00297888088971
15 22 0 8 0.00296552316286
40 55 0 8 0.0029563352
14 48 0 8 0.00294809485786
9 57 0 8 0.00294065894559
12 52 0 8 0.0029206238687
42 56 0 8 0.00291896075942
2 25 0 8 0.00291851139627
26 57 0 8 0.00291838101111
65 74 0 8 0.00291230995208
8 26 0 8 0.00290574133396
14 72 0 8 0.00290460046381
38 62 0 8 0.00288612232544
13 61 0 8 0.00287774880417
44 57 0 8 0.00287163094617
29 38 0 8 0.00285899220034
7 14 0 8 0.00285226712003
16 34 0 8 0.00285135162994
42 64 0 8 0.00284432806075
11 25 0 8 0.00283146859147
56 74 0 8 0.00283141480759
25 40 0 8 0.00282651954331
30 72 0 8 0.00280302017927
51 59 0 8 0.00279834168032
20 63 0 8 0.00279112299904
14 38 0 8 0.00277295731939
45 66 0 8 0.00275886710733
1 19 0 8 0.00275775371119
8 61 0 8 0.00274253776297
65 70 0 8 0.00273994752206
18 48 0 8 0.00273779081181
7 12 0 8 0.0027269879356
22 34 0 8 0.00272688944824
20 73 0 8 0.00271847099066
7 26 0 8 0.00270003569312
4 22 0 8 0.00269658770412
23 34 0 8 0.00268087093718
26 32 0 8 0.00267104804516
38 66 0 8 0.00267026294023
37 58 0 8 0.00266358023509
3 57 0 8 0.00263778120279
4 15 0 8 0.00263208686374
1 23 0 8 0.00263069174252
11 48 0 8 0.00261128740385
38 63 0 8 0.00260532926768
23 57 0 8 0.00260023796
57 71 0 8 0.0025907761883
52 59 0 8 0.00258309370838
37 65 0 8 0.00258278171532
13 37 0 8 0.0025713571813
16 38 0 8 0.00255368021317
19 43 0 8 0.00255356729031
19 36 0 8 0.00255348347127
19 40 0 8 0.00254360935651
6 29 0 8 0.00253935554065
37 55 0 8 0.00253679743037
21 34 0 8 0.00252677383833
12 26 0 8 0.00252370280214
57 73 0 8 0.00252114841715
64 70 0 8 0.00251766853034
1 18 0 8 0.00251573277637
16 47 0 8 0.00249620061368
18 72 0 8 0.00249321619049
27 39 0 8 0.00247409148142
11 18 0 8 0.00246805581264
20 45 0 8 0.0024668246042
5 26 0 8 0.00246560573578
9 50 0 8 0.00245369202457
18 61 0 8 0.00240278220735
44 64 0 8 0.00240265857428
16 50 0 8 0.00239726784639
20 52 0 8 0.00239171180874
63 76 0 8 0.00239156954922
46 66 0 8 0.00235978211276
23 53 0 8 0.00235213153064
53 65 0 8 0.00233169808052
16 51 0 8 0.00232155714184
12 50 0 8 0.00231876131147
66 73 0 8 0.00231017079204
2 20 0 8 0.00230988184921
25 31 0 8 0.00229977443814
37 66 0 8 0.00229949085042
41 58 0 8 0.00228966097347
9 14 0 8 0.00228918273933
45 59 0 8 0.00228776200674
52 66 0 8 0.00228257174604
55 60 0 8 0.002281132387
66 71 0 8 0.00227491813712
21 36 0 8 0.0022703174036
12 66 0 8 0.00226151337847
3 23 0 8 0.00225108140148
41 53 0 8 0.00224191322923
43 57 0 8 0.00223125843331
57 76 0 8 0.00222752778791
55 71 0 8 0.0022014377173
13 41 0 8 0.00219908962026
41 56 0 8 0.00219097058289
9 49 0 8 0.00218479451723
2 16 0 8 0.00217508710921
46 53 0 8 0.00217352202162
13 72 0 8 0.00215751421638
39 65 0 8 0.00215342314914
55 72 0 8 0.00214737816714
10 72 0 8 0.00214282912202
16 46 0 8 0.00213738135062
62 76 0 8 0.00213430216536
25 35 0 8 0.00213406956755
47 66 0 8 0.00213129189797
24 36 0 8 0.0021195707377
10 26 0 8 0.00211526243947
37 59 0 8 0.00211476744153
57 74 0 8 0.00211433460936
20 34 0 8 0.00210943887942
10 18 0 8 0.00210746028461
41 60 0 8 0.0021071054507
1 22 0 8 0.00208791950718
8 49 0 8 0.00208496791311
8 29 0 8 0.00208388082683
16 35 0 8 0.00207298784517
26 40 0 8 0.00206701969728
9 48 0 8 0.00205746246502
37 53 0 8 0.00203621387482
38 60 0 8 0.002036125632
41 64 0 8 0.00203099194914
45 65 0 8 0.0020238852594
55 74 0 8 0.00202380050905
61 75 0 8 0.002015162725
40 65 0 8 0.00201272871345
15 21 0 8 0.00198388239369
61 76 0 8 0.0019728585612
35 57 0 8 0.00195160030853
27 40 0 8 0.00195007747971
37 63 0 8 0.00194572063629
21 35 0 8 0.0019412394613
27 34 0 8 0.00192004232667
14 19 0 8 0.00190969964024
37 61 0 8 0.00188188673928
37 52 0 8 0.00186515424866
16 45 0 8 0.00186137203127
5 27 0 8 0.00185758946463
22 33 0 8 0.00185658968985
47 65 0 8 0.00185477826744
12 51 0 8 0.00185470224824
19 38 0 8 0.00181338633411
37 56 0 8 0.00181157805491
40 61 0 8 0.00179712148383
28 57 0 8 0.00178598368075
41 66 0 8 0.00178487633821
38 56 0 8 0.0017779590562
37 60 0 8 0.00176562240813
50 67 0 8 0.00176221108995
18 41 0 8 0.00175158272032
23 42 0 8 0.00175127352122
58 69 0 8 0.00174358859658
2 22 0 8 0.00173036544584
8 48 0 8 0.00172387063503
44 58 0 8 0.0017223834293
24 31 0 8 0.00171789806336
24 38 0 8 0.00171419593971
40 66 0 8 0.00171218905598
29 34 0 8 0.00170047546271
25 53 0 8 0.00169794459362
44 63 0 8 0.00169381697197
12 43 0 8 0.00168868119363
8 28 0 8 0.00168523448519
60 73 0 8 0.00168306671549
55 73 0 8 0.00167435943149
24 33 0 8 0.00166623643599
1 17 0 8 0.00166303256992
3 18 0 8 0.00165508268401
64 74 0 8 0.00165036437102
12 49 0 8 0.00164732895792
4 21 0 8 0.00164177501574
58 73 0 8 0.00163181917742
26 39 0 8 0.00162921496667
5 15 0 8 0.00161955936346
25 32 0 8 0.0016176715726
23 37 0 8 0.00161314115394
19 41 0 8 0.0016033394495
5 16 0 8 0.00159135472495
60 71 0 8 0.00159125623759
3 17 0 8 0.00159082224127
8 27 0 8 0.00158802850638
3 25 0 8 0.00158368807752
6 57 0 8 0.00157676369417
3 21 0 8 0.00157043698709
52 65 0 8 0.0015598135069
53 59 0 8 0.00155180273578
52 57 0 8 0.00154964393005
25 41 0 8 0.00154729071073
54 65 0 8 0.0015432612272
43 59 0 8 0.00153929938097
22 38 0 8 0.00153000408318
22 36 0 8 0.00151732144877
17 37 0 8 0.00151153793558
20 31 0 8 0.00150352763012
30 35 0 8 0.00149265537038
62 69 0 8 0.0014912126353
37 57 0 8 0.00149015290663
24 32 0 8 0.00147120002657
12 25 0 8 0.00146448297892
46 65 0 8 0.00146268296521
6 28 0 8 0.00146097142715
25 33 0 8 0.0014540621778
3 24 0 8 0.00145221408457
38 61 0 8 0.00145067437552
2 19 0 8 0.00144765269943
26 33 0 8 0.00144665711559
25 34 0 8 0.00143576518167
39 66 0 8 0.00142499257345
40 60 0 8 0.00142202991992
63 75 0 8 0.00141844572499
24 41 0 8 0.00140910793561
25 42 0 8 0.00140771304723
40 64 0 8 0.00140486308374
13 21 0 8 0.00139869295526
23 41 0 8 0.00138827343471
60 74 0 8 0.00137494399678
6 27 0 8 0.00136957317591
24 39 0 8 0.00135964038782
6 14 0 8 0.00135403475724
23 36 0 8 0.00135345640592
39 61 0 8 0.00133683811873
56 72 0 8 0.0013294700766
44 62 0 8 0.00131970632356
53 66 0 8 0.00131887523457
26 31 0 8 0.00131556636188
62 75 0 8 0.00130674627144
58 71 0 8 0.00130596547388
40 63 0 8 0.00130457989872
6 25 0 8 0.00129682116676
22 42 0 8 0.0012960328022
19 37 0 8 0.00128979200963
64 69 0 8 0.00128015887458
22 39 0 8 0.0012792958878
7 25 0 8 0.00127878796775
14 37 0 8 0.0012636911124
5 17 0 8 0.0012551228283
18 38 0 8 0.00124310329556
42 63 0 8 0.00123757426627
11 20 0 8 0.0012375661172
22 35 0 8 0.00122624705546
4 20 0 8 0.00122250802815
59 74 0 8 0.00121663196478
23 39 0 8 0.00118831638247
20 40 0 8 0.00118615746032
5 25 0 8 0.00118575920351
9 27 0 8 0.0011840678053
55 64 0 8 0.00118004146498
42 62 0 8 0.00117462303024
28 36 0 8 0.00117313081864
24 40 0 8 0.001172501361
9 28 0 8 0.00115500984248
59 71 0 8 0.00115080585238
61 72 0 8 0.00114635995124
4 19 0 8 0.00114192673936
11 22 0 8 0.00114102370571
24 37 0 8 0.00111999746878
53 62 0 8 0.00111137109343
46 56 0 8 0.00109853269532
25 36 0 8 0.00109808123671
41 63 0 8 0.00109185185283
28 34 0 8 0.00108990236185
43 63 0 8 0.00108482514042
3 22 0 8 0.00107612134889
66 72 0 8 0.001071891631
39 63 0 8 0.00107029208448
61 73 0 8 0.00106641091406
2 24 0 8 0.00106119771954
26 38 0 8 0.00106046965811
11 23 0 8 0.00105851201806
61 71 0 8 0.00105823564809
61 74 0 8 0.00103958684485
11 19 0 8 0.0010395279387
51 58 0 8 0.00102819758467
7 13 0 8 0.00101109198295
12 53 0 8 0.00100344454404
46 57 0 8 0.00100332556758
44 60 0 8 0.000994482077658
16 48 0 8 0.000993877300061
9 17 0 8 0.000987395294942
25 38 0 8 0.000986939645372
60 72 0 8 0.00097503408324
20 36 0 8 0.00095823884476
12 24 0 8 0.000947305350564
11 21 0 8 0.000941438833252
49 65 0 8 0.000935977324843
51 65 0 8 0.000933015544433
38 64 0 8 0.000932576018386
18 37 0 8 0.000929480593186
64 71 0 8 0.000914380187169
47 57 0 8 0.000908535555936
49 58 0 8 0.000905849097762
49 66 0 8 0.000896401936188
48 66 0 8 0.00089293246856
43 62 0 8 0.000885831890628
59 73 0 8 0.000877208716702
21 37 0 8 0.000869119365234
13 23 0 8 0.000862440967467
18 40 0 8 0.000862046552356
25 39 0 8 0.000858412124217
53 64 0 8 0.000845543050673
27 38 0 8 0.00084105640417
4 16 0 8 0.000835623184685
61 70 0 8 0.000831567798741
48 64 0 8 0.000819182023406
20 35 0 8 0.000818465719931
7 24 0 8 0.000816862622742
9 26 0 8 0.00081292266259
13 22 0 8 0.000810817931779
12 21 0 8 0.000810279627331
27 36 0 8 0.00080693513155
5 20 0 8 0.000805963063613
14 22 0 8 0.000799694098532
45 62 0 8 0.000793535145931
22 40 0 8 0.000791208818555
39 64 0 8 0.000790508696809
58 74 0 8 0.00078929605661
11 24 0 8 0.000788582954556
3 16 0 8 0.000782042101491
43 61 0 8 0.000776309228968
13 24 0 8 0.000775957247242
8 25 0 8 0.00077402748866
65 71 0 8 0.000764043652453
8 15 0 8 0.000762125418987
48 56 0 8 0.000762062205467
6 26 0 8 0.000760766677558
63 70 0 8 0.000758576090448
8 23 0 8 0.000757640518714
6 13 0 8 0.000753488217015
41 61 0 8 0.000743859854992
46 58 0 8 0.000736221496481
23 40 0 8 0.00073063664604
49 55 0 8 0.000730135885533
8 16 0 8 0.000727193662897
38 65 0 8 0.000717800925486
56 62 0 8 0.000714849855285
45 64 0 8 0.000706996244844
63 74 0 8 0.000701479788404
52 58 0 8 0.000700898119248
30 37 0 8 0.000682666781358
5 21 0 8 0.00068262842251
41 62 0 8 0.000681511999574
7 23 0 8 0.000681311998051
62 72 0 8 0.000680278404616
48 65 0 8 0.000663938990328
48 54 0 8 0.000661753292661
51 66 0 8 0.000660505669657
12 23 0 8 0.00065596512286
46 64 0 8 0.000653277093079
64 72 0 8 0.000651837384794
53 60 0 8 0.0006516125286
64 73 0 8 0.000647784909233
5 19 0 8 0.000639682926703
42 61 0 8 0.000639469537418
7 21 0 8 0.000636847922578
49 59 0 8 0.000635254837107
54 64 0 8 0.000634763331618
42 60 0 8 0.000633132352959
20 37 0 8 0.000632485491224
50 58 0 8 0.000629017478786
65 73 0 8 0.000628758571111
8 14 0 8 0.000616057601292
56 63 0 8 0.000611843948718
7 18 0 8 0.000608034839388
14 21 0 8 0.000607933383435
5 22 0 8 0.000606953515671
29 36 0 8 0.000603317399509
26 34 0 8 0.000601280946285
45 57 0 8 0.000600185652729
63 69 0 8 0.00059639220126
29 35 0 8 0.000593456148636
6 16 0 8 0.000590553623624
7 16 0 8 0.000590035459027
10 24 0 8 0.000589979521465
43 60 0 8 0.000585741712712
27 35 0 8 0.000583966844715
10 16 0 8 0.000578236649744
26 36 0 8 0.000576465856284
28 35 0 8 0.000566642382182
12 20 0 8 0.000561881053727
50 66 0 8 0.000558432890102
5 23 0 8 0.000557638995815
22 37 0 8 0.000553204212338
58 72 0 8 0.000553131510969
3 19 0 8 0.000552170153242
54 63 0 8 0.000550946802832
61 69 0 8 0.000547344388906
44 61 0 8 0.00053879461484
59 72 0 8 0.00053218821995
65 72 0 8 0.000531828147359
62 73 0 8 0.000528560776729
6 15 0 8 0.000527029624209
7 22 0 8 0.000523553288076
53 63 0 8 0.000520171306562
10 25 0 8 0.000517716398463
63 73 0 8 0.000517683045473
50 59 0 8 0.000514673476573
8 24 0 8 0.000503225484863
45 60 0 8 0.000502333859913
12 22 0 8 0.000499210378621
12 18 0 8 0.000498907407746
63 72 0 8 0.000496502150781
22 41 0 8 0.000485205324367
63 71 0 8 0.00048124519526
5 18 0 8 0.000474634813145
54 62 0 8 0.000471102976007
62 74 0 8 0.000466424156912
9 16 0 8 0.000460842158645
6 12 0 8 0.000458823662484
54 60 0 8 0.000458305265056
50 64 0 8 0.000458098656964
45 63 0 8 0.000456378533272
29 37 0 8 0.000450898252893
10 21 0 8 0.000446583027951
6 22 0 8 0.000445673795184
48 55 0 8 0.000444477162091
45 58 0 8 0.000429826293839
14 20 0 8 0.000425617123256
48 57 0 8 0.000416798895458
10 20 0 8 0.00041145371506
49 56 0 8 0.000407234270824
49 57 0 8 0.000404048711061
52 64 0 8 0.000398322037654
26 35 0 8 0.000393188762246
10 22 0 8 0.000390971952584
12 19 0 8 0.00038770318497
55 63 0 8 0.000385959836422
8 20 0 8 0.000384361337638
46 59 0 8 0.000381376274163
48 59 0 8 0.000380666315323
25 37 0 8 0.000379215518478
62 70 0 8 0.000373796676286
52 60 0 8 0.000373102986487
6 17 0 8 0.000367146189092
9 15 0 8 0.000366374850273
5 24 0 8 0.000366056105122
8 21 0 8 0.000365826213965
40 62 0 8 0.00035715548438
3 20 0 8 0.000356589851435
10 19 0 8 0.00035525939893
8 18 0 8 0.000352676404873
10 23 0 8 0.000352038652636
6 24 0 8 0.000346042244928
46 62 0 8 0.000345642154571
52 61 0 8 0.000344207277521
26 37 0 8 0.000335070828442
49 64 0 8 0.000333117728587
13 20 0 8 0.000327239686158
53 61 0 8 0.000327046320308
47 64 0 8 0.000325552508002
49 63 0 8 0.000324441731209
46 60 0 8 0.000323796208249
8 22 0 8 0.000321647443343
46 63 0 8 0.000319999438943
9 23 0 8 0.000311425363179
46 61 0 8 0.000305222027237
50 62 0 8 0.000304420827888
13 19 0 8 0.000300584855722
62 71 0 8 0.000289236137178
6 18 0 8 0.000289234507363
9 25 0 8 0.000288672483293
52 62 0 8 0.000287540256977
9 18 0 8 0.000287123868475
47 60 0 8 0.000286264519673
48 63 0 8 0.000285357091343
8 19 0 8 0.000283031287836
50 63 0 8 0.000281931104837
50 56 0 8 0.000280142616248
50 65 0 8 0.000279638770735
28 37 0 8 0.000273279147223
55 62 0 8 0.000269732583547
27 37 0 8 0.000268871430308
9 21 0 8 0.000267873547273
51 60 0 8 0.00026740427711
47 62 0 8 0.000262130313786
49 60 0 8 0.000256641331362
47 63 0 8 0.000255442224443
50 57 0 8 0.000254736456554
51 64 0 8 0.000254415324889
6 21 0 8 0.000251868361374
55 61 0 8 0.00024934540852
48 58 0 8 0.000246090639848
52 63 0 8 0.000236697756918
51 57 0 8 0.000236457766732
48 62 0 8 0.000232351841987
9 20 0 8 0.00022760972206
9 19 0 8 0.000223150243983
49 62 0 8 0.000222771413974
45 61 0 8 0.000213900391827
9 22 0 8 0.000201898103114
6 23 0 8 0.000200358568691
51 63 0 8 0.000184159434866
50 60 0 8 0.000168546641362
54 61 0 8 0.000166130324942
6 19 0 8 0.000162808413734
7 20 0 8 0.000148668565089
9 24 0 8 0.000142299628351
51 61 0 8 0.000139400333865
51 62 0 8 0.000139311305247
7 19 0 8 0.00013794581173
6 20 0 8 0.000135834125103
49 61 0 8 0.000107058833237
47 61 0 8 9.66658262769e-05
50 61 0 8 9.66109000728e-05
48 60 0 8 8.89975417522e-05
48 61 0 8 6.42879022053e-05
