87 88 0 8 0.999990165234
32 33 0 8 0.999987959862
30 31 0 8 0.99998652935
31 32 0 8 0.999983966351
71 72 0 8 0.999981284142
50 51 0 8 0.999977946281
19 20 0 8 0.999973714352
52 53 0 8 0.999970436096
33 34 0 8 0.999968290329
1 2 0 8 0.999956727028
2 3 0 8 0.9999563694
25 26 0 8 0.999956309795
44 45 0 8 0.999953329563
60 61 0 8 0.999951541424
17 18 0 8 0.999947786331
86 87 0 8 0.999947190285
55 56 0 8 0.999944448471
15 16 0 8 0.999942362309
18 19 0 8 0.999931335449
3 4 0 8 0.999920725822
24 25 0 8 0.999918818474
27 28 0 8 0.999916911125
42 43 0 8 0.999913692474
56 57 0 8 0.999907374382
28 29 0 8 0.999902963638
16 17 0 8 0.999898374081
49 50 0 8 0.999897241592
48 49 0 8 0.999895632267
29 30 0 8 0.999887347221
41 42 0 8 0.999878287315
72 73 0 8 0.999876737595
53 54 0 8 0.999869048595
13 14 0 8 0.999861955643
73 74 0 8 0.999858558178
54 55 0 8 0.999857664108
22 23 0 8 0.999846339226
14 15 0 8 0.999846041203
58 59 0 8 0.999841570854
59 60 0 8 0.999838590622
51 52 0 8 0.999836504459
12 13 0 8 0.999831795692
23 24 0 8 0.999826192856
26 27 0 8 0.999826014042
43 44 0 8 0.999825239182
61 62 0 8 0.999790072441
21 22 0 8 0.999776005745
20 21 0 8 0.999763667583
34 35 0 8 0.999762773514
45 46 0 8 0.999715566635
47 48 0 8 0.999692678452
57 58 0 8 0.999672055244
65 66 0 8 0.999666690826
74 75 0 8 0.999629259109
5 6 0 8 0.999624371529
38 39 0 8 0.999620556831
64 65 0 8 0.999606072903
80 81 0 8 0.999587595463
36 37 0 8 0.999571442604
63 64 0 8 0.999551594257
6 7 0 8 0.999548316002
37 38 0 8 0.999537825584
46 47 0 8 0.999496340752
70 71 0 8 0.999491810799
40 41 0 8 0.999468743801
66 67 0 8 0.999446511269
35 36 0 8 0.999420881271
4 5 0 8 0.999391615391
7 8 0 8 0.999349534512
39 40 0 8 0.999283373356
69 70 0 8 0.999127328396
10 11 0 8 0.999125421047
9 10 0 8 0.999058485031
75 76 0 8 0.99905449152
82 83 0 8 0.999003648758
79 80 0 8 0.99895375967
11 12 0 8 0.998818874359
67 68 0 8 0.998577654362
8 9 0 8 0.998320639133
85 86 0 8 0.998207449913
78 79 0 8 0.99813824892
62 63 0 8 0.998045384884
84 85 0 8 0.997904479504
76 77 0 8 0.997753083706
83 84 0 8 0.997362792492
77 78 0 8 0.99696034193
81 82 0 8 0.996528685093
28 30 0 8 0.996151447296
29 31 0 8 0.996048271656
26 28 0 8 0.995777189732
27 29 0 8 0.993755638599
68 69 0 8 0.993348181248
31 33 0 8 0.99319934845
30 32 0 8 0.992489039898
25 27 0 8 0.989571273327
28 31 0 8 0.987305283546
27 30 0 8 0.986246824265
25 28 0 8 0.984472155571
24 26 0 8 0.983207404613
29 32 0 8 0.980617821217
26 29 0 8 0.979829847813
26 30 0 8 0.977594017982
32 34 0 8 0.976314604282
30 33 0 8 0.97490799427
16 18 0 8 0.969271123409
27 31 0 8 0.968837022781
18 49 0 8 0.965591907501
31 34 0 8 0.963896036148
28 32 0 8 0.960726857185
31 61 0 8 0.959573149681
24 27 0 8 0.956555426121
55 57 0 8 0.955444514751
18 50 0 8 0.953049242496
25 29 0 8 0.953001022339
18 48 0 8 0.950537621975
15 52 0 8 0.949624419212
15 51 0 8 0.946212410927
17 67 0 8 0.943977892399
29 33 0 8 0.943784177303
17 50 0 8 0.941012978554
24 28 0 8 0.935981690884
14 16 0 8 0.932799458504
15 50 0 8 0.931317031384
31 64 0 8 0.931225538254
18 51 0 8 0.929217517376
32 35 0 8 0.928185164928
16 50 0 8 0.926134109497
19 48 0 8 0.925602197647
16 66 0 8 0.924712657928
58 60 0 8 0.924591958523
16 51 0 8 0.922321736813
32 61 0 8 0.922275960445
19 47 0 8 0.920298159122
35 61 0 8 0.917190611362
16 53 0 8 0.917182564735
30 34 0 8 0.916065275669
13 55 0 8 0.915649235249
14 55 0 8 0.914428651333
14 52 0 8 0.91400873661
59 61 0 8 0.910672128201
33 35 0 8 0.91038775444
64 66 0 8 0.90595549345
18 66 0 8 0.903992116451
17 48 0 8 0.901455581188
72 74 0 8 0.900801241398
20 22 0 8 0.900472164154
49 51 0 8 0.89447337389
37 39 0 8 0.894148051739
39 53 0 8 0.89233738184
20 64 0 8 0.891832530499
20 48 0 8 0.890816152096
38 57 0 8 0.883749008179
40 52 0 8 0.88097089529
20 63 0 8 0.880165040493
13 53 0 8 0.879732549191
50 52 0 8 0.879565298557
14 53 0 8 0.878882467747
13 54 0 8 0.874912917614
19 65 0 8 0.874801874161
41 43 0 8 0.874548614025
58 61 0 8 0.874480605125
17 69 0 8 0.872007608414
81 83 0 8 0.869775831699
17 19 0 8 0.869751095772
13 15 0 8 0.868859112263
17 45 0 8 0.86655908823
54 56 0 8 0.865249872208
46 48 0 8 0.863014340401
13 52 0 8 0.862840116024
40 42 0 8 0.862710237503
18 64 0 8 0.860431432724
37 57 0 8 0.858527183533
73 75 0 8 0.85805284977
17 66 0 8 0.857614576817
45 48 0 8 0.856368541718
28 64 0 8 0.856126487255
54 57 0 8 0.854485332966
23 64 0 8 0.853055179119
60 62 0 8 0.852487385273
56 58 0 8 0.852017581463
20 65 0 8 0.85195928812
43 45 0 8 0.851949334145
61 63 0 8 0.851010501385
3 5 0 8 0.850409805775
57 59 0 8 0.850326359272
38 54 0 8 0.848803043365
15 53 0 8 0.847908854485
74 76 0 8 0.845003187656
48 50 0 8 0.844856917858
35 60 0 8 0.839887797832
42 44 0 8 0.836977362633
18 20 0 8 0.834349811077
31 35 0 8 0.831011891365
8 41 0 8 0.829568326473
35 37 0 8 0.828975260258
23 27 0 8 0.827557444572
28 51 0 8 0.827509701252
1 3 0 8 0.826217293739
2 4 0 8 0.826106488705
19 45 0 8 0.824355185032
12 55 0 8 0.823200821877
62 64 0 8 0.82260787487
85 87 0 8 0.822490334511
17 49 0 8 0.81812775135
72 75 0 8 0.817133784294
10 12 0 8 0.815288126469
55 58 0 8 0.813162326813
15 69 0 8 0.812295913696
14 68 0 8 0.811177015305
66 68 0 8 0.810623347759
25 49 0 8 0.807424366474
51 53 0 8 0.806751012802
23 28 0 8 0.80581343174
15 17 0 8 0.805623710155
12 14 0 8 0.803491592407
69 71 0 8 0.803352832794
70 72 0 8 0.799857139587
53 57 0 8 0.799559056759
36 38 0 8 0.797963559628
67 69 0 8 0.797715604305
18 65 0 8 0.797335505486
53 58 0 8 0.796948552132
32 51 0 8 0.793413639069
39 41 0 8 0.793007016182
37 59 0 8 0.79165160656
86 88 0 8 0.790559887886
38 53 0 8 0.789991796017
79 81 0 8 0.78885358572
19 64 0 8 0.787909686565
37 53 0 8 0.784639596939
34 36 0 8 0.783114790916
82 84 0 8 0.781363546848
16 52 0 8 0.779103815556
23 48 0 8 0.777635812759
5 7 0 8 0.776753127575
9 11 0 8 0.775664329529
15 68 0 8 0.775544822216
40 53 0 8 0.774356424809
6 8 0 8 0.772999465466
28 49 0 8 0.772111058235
75 77 0 8 0.770022690296
16 67 0 8 0.767198860645
16 68 0 8 0.765277922153
11 13 0 8 0.764890432358
20 23 0 8 0.763164520264
68 70 0 8 0.762522697449
7 9 0 8 0.761927723885
63 65 0 8 0.760018587112
76 78 0 8 0.758848845959
16 69 0 8 0.758800625801
80 82 0 8 0.752681016922
4 6 0 8 0.751673161983
13 40 0 8 0.747971713543
71 73 0 8 0.745576679707
21 23 0 8 0.745363891125
45 47 0 8 0.742841541767
84 86 0 8 0.739646375179
17 68 0 8 0.739082157612
18 45 0 8 0.738352060318
42 51 0 8 0.730590283871
35 59 0 8 0.728006958961
38 40 0 8 0.72682517767
65 67 0 8 0.726547062397
32 53 0 8 0.721797943115
14 54 0 8 0.718707621098
39 52 0 8 0.71772056818
16 59 0 8 0.716669619083
43 50 0 8 0.713516414165
19 67 0 8 0.712355017662
53 55 0 8 0.712224781513
36 57 0 8 0.708329260349
42 50 0 8 0.700513601303
78 80 0 8 0.698773503304
52 54 0 8 0.69091719389
43 51 0 8 0.689639627934
50 69 0 8 0.689444839954
44 46 0 8 0.685727655888
25 42 0 8 0.679607987404
57 60 0 8 0.678865492344
23 25 0 8 0.676841676235
41 52 0 8 0.673720300198
29 42 0 8 0.671372056007
39 51 0 8 0.666221261024
32 36 0 8 0.661249518394
23 49 0 8 0.658171653748
32 37 0 8 0.657697975636
20 47 0 8 0.643805146217
42 52 0 8 0.642904579639
47 49 0 8 0.635823309422
32 59 0 8 0.634863495827
8 52 0 8 0.634111702442
22 24 0 8 0.626356303692
18 32 0 8 0.623515963554
17 72 0 8 0.621479868889
8 10 0 8 0.619659125805
59 62 0 8 0.618481397629
19 21 0 8 0.613086521626
28 42 0 8 0.60845464468
44 50 0 8 0.607822656631
57 61 0 8 0.607593178749
44 49 0 8 0.605912208557
45 50 0 8 0.601453065872
54 58 0 8 0.599483430386
19 49 0 8 0.598969042301
56 59 0 8 0.598267674446
10 40 0 8 0.598179578781
17 65 0 8 0.596279203892
43 52 0 8 0.591206014156
37 54 0 8 0.583311617374
32 39 0 8 0.578889131546
37 61 0 8 0.573635160923
77 79 0 8 0.571005582809
44 48 0 8 0.570516943932
33 36 0 8 0.559149622917
60 63 0 8 0.554236233234
58 62 0 8 0.550763130188
73 76 0 8 0.54950928688
61 64 0 8 0.544222593307
9 12 0 8 0.538439750671
83 85 0 8 0.529890298843
41 53 0 8 0.52186858654
2 5 0 8 0.504079222679
59 63 0 8 0.491557270288
75 78 0 8 0.470869243145
45 49 0 8 0.464979559183
25 44 0 8 0.455780625343
66 69 0 8 0.450734227896
72 76 0 8 0.441800057888
55 59 0 8 0.433268517256
36 39 0 8 0.431411296129
18 61 0 8 0.426601409912
19 23 0 8 0.400702893734
37 40 0 8 0.398355901241
56 60 0 8 0.385074734688
17 51 0 8 0.381275355816
1 4 0 8 0.377446144819
42 53 0 8 0.376795142889
9 52 0 8 0.376292854548
12 54 0 8 0.37329441309
7 52 0 8 0.359437644482
44 51 0 8 0.359070271254
74 77 0 8 0.356015950441
1 5 0 8 0.354994654655
9 13 0 8 0.352474957705
21 63 0 8 0.336096465588
23 47 0 8 0.33075684309
34 61 0 8 0.329994291067
33 37 0 8 0.316528141499
3 6 0 8 0.308460384607
16 42 0 8 0.304655760527
67 70 0 8 0.304114937782
11 54 0 8 0.301916629076
66 70 0 8 0.296411156654
81 84 0 8 0.293365746737
18 23 0 8 0.293323755264
19 46 0 8 0.292161136866
16 43 0 8 0.288452386856
18 44 0 8 0.286546260118
9 40 0 8 0.27855104208
11 55 0 8 0.277142375708
41 51 0 8 0.275426566601
74 78 0 8 0.271718978882
60 64 0 8 0.269124031067
10 13 0 8 0.269050955772
8 40 0 8 0.2678835392
2 6 0 8 0.264285981655
7 14 0 8 0.262565910816
32 38 0 8 0.261116623878
62 66 0 8 0.261026144028
17 43 0 8 0.259839892387
43 49 0 8 0.259694010019
32 40 0 8 0.253473997116
80 84 0 8 0.252008467913
80 83 0 8 0.251697689295
13 38 0 8 0.249794974923
45 51 0 8 0.249784126878
14 69 0 8 0.248724102974
62 65 0 8 0.244362682104
71 75 0 8 0.244210749865
6 52 0 8 0.244209930301
8 12 0 8 0.243079349399
7 15 0 8 0.242326542735
63 66 0 8 0.233787193894
84 87 0 8 0.233336880803
85 88 0 8 0.233266621828
53 61 0 8 0.233265042305
4 7 0 8 0.231104135513
65 69 0 8 0.225027799606
7 41 0 8 0.221670866013
17 42 0 8 0.22074238956
29 51 0 8 0.220696642995
40 55 0 8 0.220548868179
73 77 0 8 0.217823714018
31 37 0 8 0.213863328099
69 72 0 8 0.208686515689
17 47 0 8 0.208483591676
20 28 0 8 0.207543715835
33 39 0 8 0.207389757037
39 54 0 8 0.206363633275
39 42 0 8 0.204578310251
12 53 0 8 0.20411580801
79 83 0 8 0.202872127295
12 52 0 8 0.201263800263
19 22 0 8 0.200742125511
16 49 0 8 0.198709309101
18 28 0 8 0.196497827768
17 44 0 8 0.196343138814
35 39 0 8 0.194114789367
50 72 0 8 0.193725973368
51 72 0 8 0.191566750407
29 39 0 8 0.190899565816
7 51 0 8 0.190545812249
36 40 0 8 0.190209180117
41 54 0 8 0.189979121089
82 86 0 8 0.187870323658
15 42 0 8 0.184190765023
5 8 0 8 0.181398138404
42 49 0 8 0.179028511047
83 87 0 8 0.17865845561
65 68 0 8 0.178553640842
44 47 0 8 0.178518116474
46 49 0 8 0.177646502852
6 15 0 8 0.177127152681
35 38 0 8 0.176757633686
40 54 0 8 0.176679909229
8 14 0 8 0.175603762269
13 51 0 8 0.174772366881
3 7 0 8 0.174654111266
7 13 0 8 0.17355491221
42 72 0 8 0.17237611115
9 41 0 8 0.171512827277
23 31 0 8 0.171397358179
6 51 0 8 0.168788090348
83 86 0 8 0.167397797108
18 42 0 8 0.167197644711
7 50 0 8 0.166273757815
68 71 0 8 0.165403366089
37 58 0 8 0.162832126021
16 44 0 8 0.161938533187
6 53 0 8 0.161527574062
6 9 0 8 0.160637110472
18 68 0 8 0.160582736135
5 9 0 8 0.159687235951
78 81 0 8 0.159571617842
38 56 0 8 0.15878854692
32 42 0 8 0.158122211695
39 55 0 8 0.157853022218
18 69 0 8 0.156903356314
71 74 0 8 0.155256167054
31 36 0 8 0.154540106654
64 67 0 8 0.153413534164
32 64 0 8 0.153220355511
76 79 0 8 0.153102949262
10 52 0 8 0.152286008
81 85 0 8 0.152041465044
8 39 0 8 0.151144117117
52 57 0 8 0.15070900321
38 55 0 8 0.150574803352
31 39 0 8 0.150296390057
5 52 0 8 0.150251880288
8 11 0 8 0.1502032727
10 54 0 8 0.149019896984
84 88 0 8 0.148283779621
14 44 0 8 0.14821921289
8 15 0 8 0.148057460785
16 72 0 8 0.147873714566
4 8 0 8 0.147474750876
75 79 0 8 0.146723896265
53 64 0 8 0.146641179919
17 40 0 8 0.146591424942
18 43 0 8 0.146303549409
14 51 0 8 0.144826874137
15 72 0 8 0.14475287497
61 65 0 8 0.144654020667
7 69 0 8 0.143523544073
8 13 0 8 0.14149287343
15 40 0 8 0.141009643674
29 40 0 8 0.140801563859
6 14 0 8 0.139524117112
7 72 0 8 0.1372898072
7 11 0 8 0.135682508349
82 85 0 8 0.134678840637
51 75 0 8 0.133859217167
7 42 0 8 0.133591398597
40 51 0 8 0.133508577943
7 12 0 8 0.13339586556
18 59 0 8 0.132784321904
15 70 0 8 0.132571354508
6 72 0 8 0.131791889668
33 38 0 8 0.130874976516
20 24 0 8 0.12997251749
20 49 0 8 0.128487303853
20 45 0 8 0.127505347133
64 68 0 8 0.127260893583
6 16 0 8 0.126652598381
10 55 0 8 0.12516361475
18 72 0 8 0.125009268522
6 69 0 8 0.124668456614
7 16 0 8 0.123478911817
20 44 0 8 0.123130984604
14 72 0 8 0.122855976224
9 14 0 8 0.12147423625
14 41 0 8 0.12002389878
38 41 0 8 0.119974270463
42 69 0 8 0.11993842572
79 82 0 8 0.117827452719
16 32 0 8 0.116661250591
51 66 0 8 0.116092592478
18 67 0 8 0.115518130362
7 43 0 8 0.115197338164
16 61 0 8 0.115175254643
20 67 0 8 0.114939272404
16 41 0 8 0.112960875034
41 71 0 8 0.112844586372
32 66 0 8 0.112265653908
14 50 0 8 0.111425168812
44 68 0 8 0.111418664455
34 37 0 8 0.111335650086
18 22 0 8 0.111235201359
6 75 0 8 0.110962375998
72 77 0 8 0.110090121627
15 41 0 8 0.109985247254
14 39 0 8 0.109571270645
14 40 0 8 0.109360702336
15 43 0 8 0.108868807554
7 53 0 8 0.108530275524
6 50 0 8 0.10844220221
63 67 0 8 0.108432017267
61 66 0 8 0.108087204397
14 42 0 8 0.107410088181
6 49 0 8 0.105939164758
13 72 0 8 0.105603657663
37 55 0 8 0.105401828885
77 80 0 8 0.10470918566
68 72 0 8 0.104322463274
6 13 0 8 0.104282073677
28 48 0 8 0.10341925174
17 46 0 8 0.103328295052
10 41 0 8 0.10295381397
16 29 0 8 0.102006018162
53 66 0 8 0.101926445961
23 26 0 8 0.101704373956
45 69 0 8 0.101541653275
70 74 0 8 0.10082988441
1 6 0 8 0.100772731006
12 69 0 8 0.100472480059
17 41 0 8 0.100349850953
15 49 0 8 0.100327767432
20 43 0 8 0.100051634014
13 68 0 8 0.0997650027275
43 72 0 8 0.099545262754
55 80 0 8 0.0994568690658
16 40 0 8 0.0988576412201
42 68 0 8 0.0976952016354
72 78 0 8 0.0975941941142
50 75 0 8 0.0975769385695
16 39 0 8 0.0973796695471
16 45 0 8 0.0970333144069
43 53 0 8 0.0965543612838
64 69 0 8 0.0962084904313
7 10 0 8 0.0951167494059
12 38 0 8 0.0951120555401
15 71 0 8 0.0948497727513
13 66 0 8 0.0947738364339
6 42 0 8 0.0947121009231
18 25 0 8 0.0945494621992
18 31 0 8 0.094181060791
12 40 0 8 0.0932466164231
43 69 0 8 0.0926068127155
14 58 0 8 0.0919479057193
15 44 0 8 0.0917349085212
53 72 0 8 0.0917262881994
52 58 0 8 0.0915298312902
17 64 0 8 0.091272868216
51 64 0 8 0.0909571945667
14 43 0 8 0.090479567647
15 54 0 8 0.0903052836657
19 66 0 8 0.0899246633053
77 81 0 8 0.0891798064113
42 71 0 8 0.0888434126973
29 49 0 8 0.0887268856168
29 72 0 8 0.0884956941009
67 71 0 8 0.0871357396245
13 49 0 8 0.0866135060787
43 70 0 8 0.0864159241319
19 68 0 8 0.0863810926676
78 82 0 8 0.0862858742476
13 70 0 8 0.0860216021538
11 52 0 8 0.0857471600175
15 75 0 8 0.0856852382421
6 44 0 8 0.0855590179563
23 66 0 8 0.0846787318587
18 58 0 8 0.0843708589673
13 64 0 8 0.0841424912214
19 44 0 8 0.0840224400163
20 61 0 8 0.0839336067438
16 58 0 8 0.083691097796
55 78 0 8 0.0836662575603
71 76 0 8 0.0836274921894
6 10 0 8 0.0836175009608
9 15 0 8 0.0834825783968
25 61 0 8 0.0834100693464
8 38 0 8 0.0826526805758
22 67 0 8 0.0824070498347
33 40 0 8 0.0819500982761
7 40 0 8 0.0818708688021
35 40 0 8 0.0817333832383
25 66 0 8 0.081367649138
18 75 0 8 0.0809781327844
17 52 0 8 0.0792633071542
79 84 0 8 0.078726477921
13 69 0 8 0.078674659133
76 80 0 8 0.0785429552197
25 69 0 8 0.0784032121301
37 60 0 8 0.0778475999832
39 57 0 8 0.0776173174381
36 54 0 8 0.0770035609603
51 71 0 8 0.0768074095249
66 72 0 8 0.0763257220387
18 53 0 8 0.0762827172875
14 57 0 8 0.0761195346713
44 69 0 8 0.0761053040624
20 27 0 8 0.0759364888072
7 39 0 8 0.0759125500917
20 66 0 8 0.0758149027824
44 66 0 8 0.0754207968712
10 53 0 8 0.0754158124328
44 72 0 8 0.0752011537552
58 64 0 8 0.075144700706
40 57 0 8 0.0750951096416
24 49 0 8 0.0748537704349
5 75 0 8 0.0739930719137
42 75 0 8 0.0739177167416
14 70 0 8 0.0736056640744
13 39 0 8 0.0735008046031
28 39 0 8 0.0734436810017
6 66 0 8 0.0733186677098
16 75 0 8 0.0732485502958
18 47 0 8 0.0729691684246
18 29 0 8 0.0729415044188
21 48 0 8 0.0727364346385
21 67 0 8 0.0725788623095
5 41 0 8 0.0722688138485
34 39 0 8 0.0720847845078
20 50 0 8 0.0717769265175
19 24 0 8 0.071730107069
14 66 0 8 0.0715895518661
9 53 0 8 0.0712567642331
18 78 0 8 0.0711976513267
57 62 0 8 0.0709643959999
29 64 0 8 0.0706422030926
15 78 0 8 0.0703667998314
20 26 0 8 0.0703506618738
15 48 0 8 0.070340745151
7 66 0 8 0.0699922665954
41 70 0 8 0.0699713006616
78 83 0 8 0.0698776617646
53 62 0 8 0.0696574002504
18 24 0 8 0.0694905593991
19 78 0 8 0.0694705992937
13 50 0 8 0.0694256648421
51 69 0 8 0.0694145336747
8 50 0 8 0.0694104880095
58 63 0 8 0.0689903646708
22 27 0 8 0.0689515694976
17 75 0 8 0.0689060166478
39 71 0 8 0.0688163116574
50 71 0 8 0.0687421858311
15 61 0 8 0.0685977861285
18 27 0 8 0.0685184672475
20 69 0 8 0.0684394314885
48 51 0 8 0.0682931318879
18 62 0 8 0.068033196032
22 25 0 8 0.067678488791
18 41 0 8 0.0675780624151
14 78 0 8 0.0675074905157
2 7 0 8 0.0674220100045
23 61 0 8 0.0673619806767
73 78 0 8 0.0673144981265
70 73 0 8 0.0671849399805
55 79 0 8 0.0670619383454
11 71 0 8 0.0666186138988
59 64 0 8 0.0663469582796
23 62 0 8 0.0662363767624
21 49 0 8 0.0662013366818
5 15 0 8 0.0661349445581
15 45 0 8 0.0660736188293
50 64 0 8 0.0659708380699
48 72 0 8 0.0659262388945
43 48 0 8 0.0655590966344
7 49 0 8 0.0654940679669
11 53 0 8 0.0654135495424
40 72 0 8 0.0651317164302
18 39 0 8 0.0651151239872
49 66 0 8 0.0650381669402
25 51 0 8 0.064836025238
7 44 0 8 0.064807638526
14 71 0 8 0.0647592842579
13 42 0 8 0.0646747872233
13 71 0 8 0.0645344927907
21 24 0 8 0.0645320639014
13 37 0 8 0.0644310563803
23 69 0 8 0.0643168985844
23 75 0 8 0.0641121938825
49 72 0 8 0.0639009401202
13 81 0 8 0.0637951716781
20 31 0 8 0.0637496188283
25 75 0 8 0.0633385553956
29 61 0 8 0.0633259415627
18 71 0 8 0.0628953874111
14 75 0 8 0.0627890378237
14 49 0 8 0.0627882257104
28 61 0 8 0.0625999718904
31 40 0 8 0.0623743161559
21 47 0 8 0.0622202195227
19 69 0 8 0.062200371176
26 66 0 8 0.0621004924178
20 32 0 8 0.061987567693
39 75 0 8 0.0618705451488
25 50 0 8 0.0616993270814
24 69 0 8 0.0615991763771
25 48 0 8 0.0614819899201
20 25 0 8 0.0614419355989
13 16 0 8 0.0611235760152
45 72 0 8 0.06103060022
9 54 0 8 0.0609873309731
18 52 0 8 0.0607214942575
11 14 0 8 0.0605900213122
53 69 0 8 0.0605777539313
22 68 0 8 0.060569614172
44 71 0 8 0.0605382733047
70 75 0 8 0.0602741166949
62 67 0 8 0.0602335333824
17 61 0 8 0.0601782239974
26 64 0 8 0.0600710883737
19 53 0 8 0.059670817107
53 78 0 8 0.0593568012118
15 66 0 8 0.0589886493981
16 48 0 8 0.0585553050041
52 55 0 8 0.0584662072361
29 66 0 8 0.0584557205439
8 71 0 8 0.0583989657462
28 72 0 8 0.0583987981081
53 56 0 8 0.0583611018956
39 72 0 8 0.05818984285
20 46 0 8 0.0580968149006
42 57 0 8 0.0580775998533
6 78 0 8 0.0577915646136
49 75 0 8 0.0577660724521
20 68 0 8 0.0575751401484
16 64 0 8 0.0575574859977
42 70 0 8 0.0572767220438
41 72 0 8 0.057191811502
39 58 0 8 0.056895699352
29 53 0 8 0.0568785183132
6 32 0 8 0.0567619651556
7 75 0 8 0.0567372962832
31 38 0 8 0.0565281547606
22 26 0 8 0.0565213039517
24 75 0 8 0.0565000995994
9 55 0 8 0.0564295276999
18 79 0 8 0.0561696216464
13 79 0 8 0.0560768544674
50 66 0 8 0.0559665933251
8 54 0 8 0.0559560135007
58 66 0 8 0.0558602958918
51 58 0 8 0.0558418817818
52 61 0 8 0.0558144710958
6 12 0 8 0.0554504804313
6 40 0 8 0.0551854856312
42 45 0 8 0.0548308491707
19 72 0 8 0.0548154525459
8 72 0 8 0.0546612143517
17 23 0 8 0.0546564571559
83 88 0 8 0.054645717144
43 71 0 8 0.0544192530215
41 50 0 8 0.054396238178
23 44 0 8 0.0542506240308
53 59 0 8 0.0542210154235
3 18 0 8 0.0542178861797
19 43 0 8 0.0541333071887
52 72 0 8 0.0541108772159
30 39 0 8 0.0540927685797
52 71 0 8 0.0540179982781
19 81 0 8 0.0540168173611
14 64 0 8 0.0539997145534
25 72 0 8 0.0539664998651
18 46 0 8 0.0538267381489
1 7 0 8 0.0537133216858
17 79 0 8 0.0536904446781
47 74 0 8 0.0535913184285
38 52 0 8 0.0534163713455
19 79 0 8 0.0533423908055
12 72 0 8 0.0533051639795
16 28 0 8 0.0530947037041
15 39 0 8 0.0528817102313
13 61 0 8 0.0528471656144
14 45 0 8 0.0526913106441
14 73 0 8 0.0525140948594
16 57 0 8 0.0524931363761
13 73 0 8 0.0524600856006
6 58 0 8 0.0523201562464
51 62 0 8 0.0523032061756
50 73 0 8 0.0521269030869
36 53 0 8 0.0520978495479
7 64 0 8 0.0520109832287
51 70 0 8 0.0519546158612
18 26 0 8 0.0518391728401
19 80 0 8 0.0518111251295
51 61 0 8 0.0514378398657
24 48 0 8 0.0513718314469
16 71 0 8 0.0513599552214
7 32 0 8 0.0513478666544
7 78 0 8 0.0513340234756
12 49 0 8 0.0512285865843
44 70 0 8 0.0511321537197
18 76 0 8 0.0511284545064
13 63 0 8 0.0510289520025
50 70 0 8 0.0509953200817
19 57 0 8 0.0508742816746
4 9 0 8 0.050860632211
80 85 0 8 0.0508569963276
3 8 0 8 0.0508168227971
76 81 0 8 0.0507614761591
52 63 0 8 0.0507068112493
46 51 0 8 0.050675008446
22 48 0 8 0.0506581515074
18 70 0 8 0.0506296269596
28 75 0 8 0.0502868667245
37 41 0 8 0.0501608215272
29 50 0 8 0.0500301122665
71 78 0 8 0.049961194396
23 67 0 8 0.0497861914337
18 40 0 8 0.0497742518783
13 74 0 8 0.0497643277049
44 52 0 8 0.0497486703098
30 42 0 8 0.0496806353331
12 42 0 8 0.0496601127088
53 79 0 8 0.0496385358274
42 66 0 8 0.0495435595512
9 72 0 8 0.0495268069208
7 68 0 8 0.0494862869382
34 38 0 8 0.0494712479413
14 61 0 8 0.0494478791952
12 78 0 8 0.0494382753968
52 69 0 8 0.0493955612183
4 15 0 8 0.0490919649601
12 37 0 8 0.0490656159818
5 69 0 8 0.0487639643252
14 37 0 8 0.0485760569572
6 48 0 8 0.0485584400594
53 75 0 8 0.0484570600092
19 61 0 8 0.0483644269407
44 75 0 8 0.0483598522842
32 72 0 8 0.0483475215733
12 73 0 8 0.0483385026455
70 78 0 8 0.0483007356524
5 51 0 8 0.0480905584991
25 45 0 8 0.0480102300644
13 43 0 8 0.0479734577239
15 64 0 8 0.0479078814387
45 66 0 8 0.0478858724236
14 80 0 8 0.0478789843619
45 68 0 8 0.0478233955801
20 42 0 8 0.047809265554
17 73 0 8 0.0477578788996
16 62 0 8 0.0477378219366
8 53 0 8 0.0476200170815
20 72 0 8 0.0475528091192
13 78 0 8 0.0474781617522
12 56 0 8 0.0474471598864
15 79 0 8 0.0474267974496
15 58 0 8 0.0474228262901
7 48 0 8 0.0474026463926
35 62 0 8 0.0473298244178
18 63 0 8 0.0473294146359
20 62 0 8 0.0472449064255
32 41 0 8 0.0472017712891
53 71 0 8 0.0467793308198
25 43 0 8 0.0467602275312
12 71 0 8 0.046753063798
16 27 0 8 0.0467464774847
22 66 0 8 0.0466815531254
16 63 0 8 0.0466290637851
18 80 0 8 0.0466094464064
53 68 0 8 0.0465991944075
12 66 0 8 0.0464479774237
6 18 0 8 0.0464195683599
51 78 0 8 0.0463849119842
12 39 0 8 0.0463254898787
50 68 0 8 0.0462718829513
52 78 0 8 0.0462452955544
25 64 0 8 0.0461313836277
64 72 0 8 0.0460579060018
12 70 0 8 0.046004395932
47 75 0 8 0.0459848418832
31 62 0 8 0.0457944087684
23 57 0 8 0.0457519181073
8 51 0 8 0.0457397960126
51 68 0 8 0.0457119345665
19 51 0 8 0.0456244833767
5 53 0 8 0.0455275811255
48 73 0 8 0.0455223582685
13 41 0 8 0.0454926155508
24 66 0 8 0.0453089773655
13 48 0 8 0.0452759489417
6 45 0 8 0.0452307760715
6 54 0 8 0.0451822020113
19 63 0 8 0.0451643206179
12 75 0 8 0.0451124757528
53 63 0 8 0.0450463108718
6 43 0 8 0.0450453795493
26 75 0 8 0.0449822321534
48 71 0 8 0.0449062138796
31 42 0 8 0.0447182133794
65 70 0 8 0.0447119809687
10 14 0 8 0.0446468405426
6 41 0 8 0.0444680601358
20 58 0 8 0.0443955920637
74 79 0 8 0.0442778244615
25 78 0 8 0.0442107357085
82 87 0 8 0.0441983267665
66 71 0 8 0.0440826043487
61 72 0 8 0.044005125761
26 42 0 8 0.0439974144101
12 51 0 8 0.0439895540476
15 55 0 8 0.0439534932375
25 68 0 8 0.043917760253
19 50 0 8 0.0437953174114
23 58 0 8 0.0437484942377
28 66 0 8 0.0436316281557
21 66 0 8 0.0434895828366
23 51 0 8 0.043368447572
5 18 0 8 0.0433276556432
63 69 0 8 0.0433166176081
51 63 0 8 0.0430277660489
49 69 0 8 0.0429723933339
19 75 0 8 0.0428702197969
7 38 0 8 0.0428306944668
31 72 0 8 0.0428157448769
6 64 0 8 0.0427507758141
21 76 0 8 0.0427092015743
45 78 0 8 0.0426431894302
22 57 0 8 0.0423830784857
22 54 0 8 0.0423818603158
13 58 0 8 0.0423566885293
30 64 0 8 0.0423281081021
19 62 0 8 0.042321305722
47 68 0 8 0.0423003211617
39 56 0 8 0.0422926545143
9 51 0 8 0.0422548651695
17 78 0 8 0.0422462895513
20 51 0 8 0.0422033704817
81 87 0 8 0.0421908609569
45 75 0 8 0.0421219393611
26 48 0 8 0.0419327430427
36 55 0 8 0.0418768636882
21 57 0 8 0.0418400503695
13 36 0 8 0.0418342165649
5 43 0 8 0.0417814701796
64 70 0 8 0.0417272374034
18 81 0 8 0.0417069345713
13 75 0 8 0.0416359640658
31 63 0 8 0.0416283160448
17 39 0 8 0.041575435549
78 84 0 8 0.0414706990123
25 53 0 8 0.041360206902
71 77 0 8 0.0413094386458
49 64 0 8 0.041216891259
36 61 0 8 0.0411935001612
6 61 0 8 0.0411766022444
18 57 0 8 0.0411703065038
72 79 0 8 0.0411031320691
5 16 0 8 0.0410900563002
21 75 0 8 0.0410534702241
22 75 0 8 0.041034437716
17 53 0 8 0.0409968905151
21 68 0 8 0.0409889891744
26 51 0 8 0.0408432967961
9 66 0 8 0.0407854355872
6 39 0 8 0.040759626776
17 71 0 8 0.040748115629
48 75 0 8 0.0406161434948
11 66 0 8 0.0404978692532
7 55 0 8 0.0404392033815
17 80 0 8 0.04042635113
14 48 0 8 0.0403779931366
42 61 0 8 0.040132522583
17 81 0 8 0.0400485023856
63 68 0 8 0.0399754978716
13 44 0 8 0.0399248376489
48 66 0 8 0.0398963429034
12 15 0 8 0.0398858338594
43 47 0 8 0.0398474410176
12 64 0 8 0.0397773347795
22 47 0 8 0.0397693775594
22 28 0 8 0.0397075675428
24 70 0 8 0.0396703369915
8 49 0 8 0.0396014712751
4 16 0 8 0.0395778305829
19 42 0 8 0.0395672246814
70 76 0 8 0.0395257622004
18 21 0 8 0.039487529546
52 62 0 8 0.0393443033099
12 79 0 8 0.0391602739692
49 71 0 8 0.0390919186175
9 49 0 8 0.039078310132
23 68 0 8 0.039065670222
29 48 0 8 0.0390624403954
12 83 0 8 0.0390566848218
57 63 0 8 0.0390228591859
7 45 0 8 0.0390185490251
13 57 0 8 0.0389359407127
6 70 0 8 0.038929309696
46 66 0 8 0.038867559284
46 50 0 8 0.0387836992741
15 62 0 8 0.0387206971645
48 76 0 8 0.0386592261493
20 53 0 8 0.0385762788355
20 57 0 8 0.0385269261897
52 81 0 8 0.0384973585606
25 71 0 8 0.0384611487389
55 61 0 8 0.03845660761
25 63 0 8 0.0384044758976
47 50 0 8 0.0382981598377
20 79 0 8 0.0382699035108
23 50 0 8 0.0382477790117
45 71 0 8 0.0381930805743
49 73 0 8 0.0380819290876
25 57 0 8 0.0380799211562
23 29 0 8 0.0379888415337
26 45 0 8 0.0379465557635
20 76 0 8 0.0377689599991
15 67 0 8 0.0377663187683
21 69 0 8 0.0376514196396
12 45 0 8 0.0376453362405
7 58 0 8 0.0376187339425
12 67 0 8 0.0375631004572
46 75 0 8 0.0374971032143
17 70 0 8 0.0374542251229
5 49 0 8 0.0374007560313
20 75 0 8 0.0373681969941
52 70 0 8 0.0373467169702
55 69 0 8 0.0373266562819
23 63 0 8 0.0372742526233
19 58 0 8 0.0371785797179
14 32 0 8 0.0371495038271
36 72 0 8 0.0371409021318
13 62 0 8 0.0371193364263
19 77 0 8 0.037117715925
19 28 0 8 0.0370697006583
16 78 0 8 0.0370290651917
42 54 0 8 0.0369827076793
7 71 0 8 0.0369194075465
9 38 0 8 0.0368726216257
11 57 0 8 0.0367944017053
35 64 0 8 0.0367212705314
34 40 0 8 0.0367058441043
23 45 0 8 0.0366128273308
12 80 0 8 0.0365518592298
14 79 0 8 0.0365313068032
12 57 0 8 0.0364902131259
16 70 0 8 0.0364664047956
20 80 0 8 0.0364558771253
53 60 0 8 0.0363855734468
5 72 0 8 0.0363683775067
7 77 0 8 0.0362667329609
40 75 0 8 0.0361438132823
33 61 0 8 0.0361226536334
20 78 0 8 0.0360420905054
21 64 0 8 0.0359928160906
55 60 0 8 0.0359680913389
43 68 0 8 0.0358825773001
15 76 0 8 0.0358746349812
8 48 0 8 0.0358186848462
9 75 0 8 0.0357689745724
29 69 0 8 0.0355789773166
51 79 0 8 0.0355687476695
40 58 0 8 0.0355651788414
28 50 0 8 0.0354667492211
20 52 0 8 0.0354280881584
40 74 0 8 0.0353898815811
7 61 0 8 0.0353809706867
56 61 0 8 0.0353713594377
68 75 0 8 0.0353484675288
27 39 0 8 0.035300437361
48 74 0 8 0.0351491458714
41 57 0 8 0.0351005271077
79 85 0 8 0.0350815653801
49 74 0 8 0.0350226648152
29 75 0 8 0.0350060537457
21 78 0 8 0.0349468663335
12 81 0 8 0.034818649292
75 80 0 8 0.0347061492503
10 66 0 8 0.034696098417
15 63 0 8 0.034688141197
7 54 0 8 0.0346356146038
50 78 0 8 0.0346002615988
12 68 0 8 0.0343703180552
81 86 0 8 0.034341905266
6 76 0 8 0.0343350768089
25 70 0 8 0.0343311168253
51 57 0 8 0.0343113280833
38 75 0 8 0.0343043394387
12 74 0 8 0.0342515558004
19 39 0 8 0.0342267528176
66 75 0 8 0.0342223532498
13 56 0 8 0.0341925509274
12 50 0 8 0.0341099910438
28 40 0 8 0.0340422652662
55 72 0 8 0.0340288877487
18 73 0 8 0.0339580401778
20 77 0 8 0.0339151062071
4 10 0 8 0.033891916275
52 80 0 8 0.0338125154376
26 43 0 8 0.0337866544724
22 45 0 8 0.0337248891592
9 69 0 8 0.0336868315935
62 68 0 8 0.0336150154471
40 73 0 8 0.0335417091846
50 58 0 8 0.0334947220981
3 55 0 8 0.0334477163851
50 74 0 8 0.0333909802139
28 69 0 8 0.0333746299148
16 54 0 8 0.0333428457379
75 81 0 8 0.0333404801786
16 25 0 8 0.0332280322909
45 70 0 8 0.0331986136734
13 83 0 8 0.0331739634275
31 66 0 8 0.0331633687019
69 73 0 8 0.0331518910825
67 72 0 8 0.0331110283732
48 68 0 8 0.0330901183188
52 56 0 8 0.033008929342
45 67 0 8 0.0329836048186
7 31 0 8 0.0328308455646
9 71 0 8 0.0328289493918
69 75 0 8 0.0328288786113
33 62 0 8 0.032817274332
9 50 0 8 0.032779853791
52 79 0 8 0.0327520817518
6 17 0 8 0.0326018333435
52 64 0 8 0.0325788222253
21 65 0 8 0.0325521677732
48 67 0 8 0.0324621126056
25 52 0 8 0.0324535220861
21 61 0 8 0.03243881464
21 44 0 8 0.0323720425367
26 44 0 8 0.0322597362101
2 8 0 8 0.0321996361017
54 69 0 8 0.0321771726012
54 79 0 8 0.0321491621435
4 18 0 8 0.0319305621088
49 78 0 8 0.0317910648882
54 61 0 8 0.0317619927227
6 71 0 8 0.0316374674439
24 63 0 8 0.0316289737821
5 76 0 8 0.0316178351641
48 70 0 8 0.0316111035645
50 53 0 8 0.0316043719649
69 76 0 8 0.0315468236804
42 74 0 8 0.0315426290035
27 48 0 8 0.031515982002
25 62 0 8 0.0315039344132
76 83 0 8 0.0314796604216
54 59 0 8 0.0314742065966
26 72 0 8 0.0314654223621
20 29 0 8 0.0314519107342
12 41 0 8 0.0312462132424
41 55 0 8 0.0312050227076
10 15 0 8 0.0311819259077
9 79 0 8 0.0311544444412
46 74 0 8 0.0311264619231
46 76 0 8 0.0309559050947
42 58 0 8 0.0309170950204
12 63 0 8 0.030895544216
48 69 0 8 0.0308575816453
69 77 0 8 0.0308139193803
7 70 0 8 0.0307907499373
5 70 0 8 0.0307899732143
6 68 0 8 0.0307732820511
6 73 0 8 0.0307286046445
21 25 0 8 0.0307031907141
38 62 0 8 0.0306761693209
50 63 0 8 0.0306759700179
6 11 0 8 0.0306449010968
15 81 0 8 0.0306201279163
30 40 0 8 0.0306074768305
7 57 0 8 0.0305811427534
45 64 0 8 0.030529005453
9 61 0 8 0.030425015837
50 76 0 8 0.0303624197841
23 52 0 8 0.0303559247404
5 50 0 8 0.0303154066205
11 56 0 8 0.0302736610174
61 67 0 8 0.0302201844752
6 57 0 8 0.030213246122
43 73 0 8 0.0301486104727
55 66 0 8 0.0301218666136
36 75 0 8 0.030076103285
9 64 0 8 0.0300480946898
19 52 0 8 0.0300424657762
8 55 0 8 0.0300109479576
39 64 0 8 0.0299798268825
27 69 0 8 0.0298878401518
15 57 0 8 0.0298327319324
27 75 0 8 0.0298078246415
21 58 0 8 0.0297806356102
15 73 0 8 0.0297355484217
9 57 0 8 0.0296772308648
21 27 0 8 0.0295382384211
20 30 0 8 0.0295270290226
26 49 0 8 0.0295176934451
32 57 0 8 0.0295128989965
10 57 0 8 0.0294856578112
42 73 0 8 0.029477853328
41 69 0 8 0.0294415801764
36 58 0 8 0.0293790102005
39 74 0 8 0.0293616298586
10 72 0 8 0.0293389298022
43 77 0 8 0.0293366704136
32 43 0 8 0.0293027553707
46 67 0 8 0.0292857233435
5 10 0 8 0.0292747672647
24 68 0 8 0.0292050205171
26 69 0 8 0.029201047495
23 53 0 8 0.029154766351
41 73 0 8 0.0291457436979
62 69 0 8 0.0291237849742
79 87 0 8 0.0290935914963
19 25 0 8 0.0290790889412
50 61 0 8 0.029075730592
27 66 0 8 0.0290392991155
9 39 0 8 0.0290181580931
40 43 0 8 0.0289125479758
7 73 0 8 0.0288993902504
14 83 0 8 0.0287801884115
14 81 0 8 0.0287771355361
35 53 0 8 0.0286673437804
7 80 0 8 0.0286373440176
52 75 0 8 0.0285650640726
17 62 0 8 0.0285565238446
15 47 0 8 0.0285554453731
8 70 0 8 0.0285397768021
22 53 0 8 0.0284628160298
5 78 0 8 0.0283862855285
54 78 0 8 0.0282989982516
47 73 0 8 0.0282410141081
21 87 0 8 0.0282396413386
44 78 0 8 0.028183426708
9 35 0 8 0.0281206239015
53 76 0 8 0.0280417334288
48 52 0 8 0.0280010774732
21 60 0 8 0.0279948413372
21 62 0 8 0.0279722195119
62 72 0 8 0.0279566999525
41 79 0 8 0.0278868302703
30 36 0 8 0.027828976512
21 79 0 8 0.0277536977082
21 50 0 8 0.0276689231396
6 29 0 8 0.027620414272
24 29 0 8 0.0276095960289
41 75 0 8 0.0276051349938
77 82 0 8 0.0275545250624
76 82 0 8 0.0275045968592
25 67 0 8 0.0274886712432
7 29 0 8 0.027462143451
55 68 0 8 0.0274075418711
30 72 0 8 0.0273890215904
37 62 0 8 0.0273834355175
73 79 0 8 0.0273794215173
50 79 0 8 0.0273769330233
10 75 0 8 0.0273549836129
26 63 0 8 0.0272601358593
12 65 0 8 0.0272589847445
24 72 0 8 0.0272133667022
58 72 0 8 0.0271832104772
20 81 0 8 0.0271568130702
65 80 0 8 0.027130452916
20 71 0 8 0.0271123610437
39 73 0 8 0.0270993020386
23 43 0 8 0.027095630765
11 39 0 8 0.0270819645375
23 78 0 8 0.0270332079381
27 42 0 8 0.0270217526704
11 46 0 8 0.0270195472986
55 64 0 8 0.026997487992
21 45 0 8 0.0269679594785
25 65 0 8 0.0268098860979
22 44 0 8 0.026803130284
53 81 0 8 0.0267945993692
16 31 0 8 0.0267791710794
15 80 0 8 0.0267536342144
33 64 0 8 0.0267360452563
5 14 0 8 0.0267266910523
9 44 0 8 0.0266528781503
31 48 0 8 0.0266218278557
9 58 0 8 0.0266053788364
32 50 0 8 0.0265655908734
69 78 0 8 0.0265469513834
38 61 0 8 0.026538092643
44 53 0 8 0.0265205632895
14 74 0 8 0.026502976194
80 87 0 8 0.0264723841101
16 79 0 8 0.0264612361789
22 65 0 8 0.0264446400106
5 17 0 8 0.026414969936
35 57 0 8 0.0263474676758
51 80 0 8 0.0262969881296
24 64 0 8 0.0262634214014
64 71 0 8 0.0262300036848
61 68 0 8 0.0262085348368
51 81 0 8 0.026201557368
61 71 0 8 0.0261996947229
4 17 0 8 0.0261023566127
21 46 0 8 0.0260790456086
59 65 0 8 0.0260760840029
43 74 0 8 0.0260681603104
3 9 0 8 0.0260472893715
53 80 0 8 0.0260351430625
14 65 0 8 0.026030311361
13 32 0 8 0.026002811268
54 72 0 8 0.0260008201003
62 70 0 8 0.025972859934
12 61 0 8 0.0259119924158
43 67 0 8 0.0258831810206
55 81 0 8 0.0257357750088
5 54 0 8 0.0257306694984
44 73 0 8 0.0257085710764
32 58 0 8 0.0256614126265
9 43 0 8 0.025533279404
22 58 0 8 0.0253832582384
76 87 0 8 0.0253617502749
6 31 0 8 0.0253509562463
16 37 0 8 0.025318371132
12 48 0 8 0.0253154039383
16 30 0 8 0.0252710208297
43 75 0 8 0.0252635478973
51 74 0 8 0.0252382140607
39 43 0 8 0.0252278093249
50 65 0 8 0.0251785367727
74 80 0 8 0.0251781288534
21 43 0 8 0.0251110605896
28 44 0 8 0.0250690598041
65 71 0 8 0.0250615533441
25 58 0 8 0.0250214096159
47 81 0 8 0.0249617043883
29 58 0 8 0.0249609146267
12 76 0 8 0.0249511562288
53 77 0 8 0.0249151848257
20 39 0 8 0.0248582866043
51 60 0 8 0.0247986149043
9 42 0 8 0.0247968584299
22 78 0 8 0.024787357077
52 59 0 8 0.0247722566128
23 72 0 8 0.0247697681189
6 55 0 8 0.024762513116
65 72 0 8 0.0247482899576
18 77 0 8 0.0247350912541
17 58 0 8 0.0247326884419
17 63 0 8 0.02471184358
3 15 0 8 0.0247065518051
24 45 0 8 0.0246977638453
77 83 0 8 0.0246889963746
32 75 0 8 0.0246831644326
49 68 0 8 0.024643374607
50 80 0 8 0.0246406123042
6 79 0 8 0.0246366411448
13 65 0 8 0.024589356035
9 36 0 8 0.0245211273432
20 60 0 8 0.0245047062635
43 66 0 8 0.0244566407055
20 41 0 8 0.0244343858212
12 58 0 8 0.0244077276438
8 79 0 8 0.0243874806911
51 76 0 8 0.0243231616914
20 74 0 8 0.0243169944733
10 70 0 8 0.0242845751345
51 73 0 8 0.0242570955306
53 65 0 8 0.0242543313652
15 74 0 8 0.0242152940482
18 74 0 8 0.0241879299283
19 71 0 8 0.0241756886244
32 62 0 8 0.0241472087801
10 69 0 8 0.024114690721
19 82 0 8 0.024071989581
22 69 0 8 0.0240652300417
8 43 0 8 0.0239258278161
11 65 0 8 0.0239229109138
22 49 0 8 0.0239222422242
47 66 0 8 0.0238984934986
70 79 0 8 0.0237262230366
14 38 0 8 0.0236654188484
54 60 0 8 0.0236250516027
11 48 0 8 0.0236086901277
22 76 0 8 0.0235670339316
36 41 0 8 0.0234886091202
20 70 0 8 0.0234573315829
8 66 0 8 0.0234045945108
36 64 0 8 0.0233841072768
39 78 0 8 0.023369776085
24 78 0 8 0.0233252812177
21 81 0 8 0.0233160015196
38 42 0 8 0.0232797395438
22 79 0 8 0.0232666395605
14 67 0 8 0.0232148673385
11 15 0 8 0.0232095252723
46 81 0 8 0.0232024025172
24 57 0 8 0.0232009869069
14 82 0 8 0.023196849972
29 44 0 8 0.0231475178152
23 65 0 8 0.0231317859143
29 43 0 8 0.0230771768838
9 65 0 8 0.0230764895678
57 64 0 8 0.0230248086154
53 67 0 8 0.0229734629393
34 63 0 8 0.0229504946619
35 58 0 8 0.0229125190526
32 48 0 8 0.0228893663734
10 73 0 8 0.0228799562901
33 42 0 8 0.0228511206806
23 76 0 8 0.0228308048099
25 79 0 8 0.0228231362998
34 62 0 8 0.0227868314832
11 72 0 8 0.0227575600147
22 63 0 8 0.0227489564568
7 35 0 8 0.0227313954383
54 62 0 8 0.0227143913507
23 77 0 8 0.0227054487914
3 17 0 8 0.0226696804166
60 66 0 8 0.0226669237018
16 73 0 8 0.0226466394961
8 69 0 8 0.0226438324898
16 23 0 8 0.0226302966475
74 81 0 8 0.0225837808102
19 38 0 8 0.0225831009448
29 57 0 8 0.0225824266672
53 70 0 8 0.0225623492151
21 80 0 8 0.0225550513715
64 75 0 8 0.0225348975509
69 80 0 8 0.0225213523954
9 81 0 8 0.0225088484585
14 63 0 8 0.0224905796349
27 72 0 8 0.0224296543747
15 65 0 8 0.0224280972034
33 41 0 8 0.0223845113069
20 82 0 8 0.0223760325462
61 69 0 8 0.0223596151918
24 76 0 8 0.02234384045
9 32 0 8 0.0223151519895
7 36 0 8 0.0223040543497
52 68 0 8 0.0222884621471
9 70 0 8 0.0222531016916
14 62 0 8 0.0221925713122
46 69 0 8 0.022163823247
13 76 0 8 0.022157009691
7 37 0 8 0.0221238397062
23 79 0 8 0.0221224483103
22 80 0 8 0.0221217926592
30 66 0 8 0.0221002846956
16 65 0 8 0.0220982655883
5 12 0 8 0.0220932010561
20 54 0 8 0.0220852699131
26 78 0 8 0.022078320384
13 67 0 8 0.0220295358449
26 58 0 8 0.0220004208386
52 66 0 8 0.0219950098544
21 70 0 8 0.0219815969467
58 65 0 8 0.0219727829099
6 36 0 8 0.0219720546156
7 18 0 8 0.0219652727246
47 79 0 8 0.0219572931528
80 86 0 8 0.0219545252621
12 43 0 8 0.0219520162791
19 27 0 8 0.0219179950655
5 73 0 8 0.0219001863152
21 28 0 8 0.0218926090747
18 82 0 8 0.0218031685799
18 54 0 8 0.021774450317
12 62 0 8 0.0217591617256
39 69 0 8 0.0217244252563
37 42 0 8 0.021701047197
20 73 0 8 0.0216423999518
50 81 0 8 0.0215836819261
46 80 0 8 0.0215816665441
36 66 0 8 0.0215537138283
55 74 0 8 0.0215514115989
26 61 0 8 0.0215352289379
9 73 0 8 0.0214684922248
27 61 0 8 0.0214637536556
46 79 0 8 0.0214486327022
25 76 0 8 0.0214413888752
48 78 0 8 0.0214273054153
64 87 0 8 0.0214195717126
19 70 0 8 0.0213815160096
9 80 0 8 0.0213599689305
21 88 0 8 0.0213370006531
13 80 0 8 0.0213108845055
13 82 0 8 0.0212795287371
27 78 0 8 0.0212558023632
25 60 0 8 0.0212469156832
57 66 0 8 0.0212066248059
24 42 0 8 0.0212048385292
11 75 0 8 0.0211983025074
26 68 0 8 0.0211852509528
26 40 0 8 0.0211822763085
47 72 0 8 0.0211746543646
9 76 0 8 0.0211723279208
13 35 0 8 0.0211535934359
40 63 0 8 0.0211452133954
23 60 0 8 0.0211334954947
21 54 0 8 0.0211255718023
29 63 0 8 0.021124811843
22 46 0 8 0.0211247391999
67 80 0 8 0.0210988204926
15 32 0 8 0.0210948195308
62 87 0 8 0.0210842899978
13 45 0 8 0.0210645962507
11 83 0 8 0.0210363790393
33 63 0 8 0.0210111420602
42 78 0 8 0.020992230624
22 72 0 8 0.0209796074778
9 78 0 8 0.0209669172764
9 68 0 8 0.0209580752999
10 71 0 8 0.0209572929889
24 50 0 8 0.0209452807903
16 55 0 8 0.0209429636598
30 48 0 8 0.0209397375584
10 64 0 8 0.0209242310375
10 49 0 8 0.0209011938423
17 60 0 8 0.0209008362144
22 61 0 8 0.0208987295628
26 53 0 8 0.0208945628256
7 65 0 8 0.0208398383111
7 79 0 8 0.0208120960742
53 73 0 8 0.0208110865206
56 80 0 8 0.0208066795021
49 70 0 8 0.0208026431501
60 65 0 8 0.0208018235862
45 52 0 8 0.0207992587239
9 74 0 8 0.0207910947502
54 80 0 8 0.0207720324397
8 42 0 8 0.0207582339644
9 67 0 8 0.0207443833351
5 48 0 8 0.0207397863269
44 79 0 8 0.0207376219332
11 78 0 8 0.0207242686301
49 52 0 8 0.0207204930484
30 61 0 8 0.0207139737904
20 83 0 8 0.020698459819
61 75 0 8 0.0206768736243
45 76 0 8 0.0206658691168
16 80 0 8 0.0206583905965
49 76 0 8 0.0206386968493
22 62 0 8 0.0206338912249
8 16 0 8 0.0206005051732
44 64 0 8 0.020570654422
47 69 0 8 0.0205575488508
63 72 0 8 0.0205527730286
24 44 0 8 0.0205519534647
40 71 0 8 0.0205473937094
70 77 0 8 0.0205470472574
19 74 0 8 0.0205409321934
28 43 0 8 0.0205281414092
11 67 0 8 0.0205212831497
12 46 0 8 0.0205162912607
6 74 0 8 0.0205073673278
21 51 0 8 0.0205041188747
47 70 0 8 0.0204984135926
18 83 0 8 0.0204670391977
65 78 0 8 0.0204582791775
22 81 0 8 0.0204447209835
21 74 0 8 0.0204018633813
19 59 0 8 0.0203948356211
59 66 0 8 0.0203943736851
47 71 0 8 0.020373120904
55 62 0 8 0.0203622467816
82 88 0 8 0.0203578770161
11 80 0 8 0.0203561410308
50 67 0 8 0.0203422158957
5 13 0 8 0.0203371793032
39 66 0 8 0.0203326139599
47 67 0 8 0.0202970933169
49 79 0 8 0.0202938038856
62 71 0 8 0.0202899258584
19 54 0 8 0.0202851593494
9 48 0 8 0.0202766600996
5 68 0 8 0.0202579461038
21 72 0 8 0.0202509295195
17 83 0 8 0.0202428549528
13 87 0 8 0.0202381573617
4 52 0 8 0.0202333442867
25 81 0 8 0.0202286187559
19 73 0 8 0.0202179141343
18 30 0 8 0.0202154964209
11 69 0 8 0.0202033482492
22 52 0 8 0.0202030893415
24 62 0 8 0.0202012676746
15 77 0 8 0.0201918613166
54 81 0 8 0.0201900154352
55 73 0 8 0.020184578374
6 80 0 8 0.020176101476
23 55 0 8 0.0201682932675
21 77 0 8 0.0201662629843
28 62 0 8 0.0201632622629
16 46 0 8 0.0201344322413
10 67 0 8 0.0201268456876
46 68 0 8 0.0201073456556
21 53 0 8 0.0200968254358
10 35 0 8 0.020088320598
16 81 0 8 0.0200860500336
62 75 0 8 0.020079690963
19 41 0 8 0.0200769044459
6 81 0 8 0.0200745519251
5 79 0 8 0.0200451221317
8 80 0 8 0.0200280919671
78 85 0 8 0.020016303286
4 74 0 8 0.0199909899384
55 83 0 8 0.0199897196144
8 68 0 8 0.019983779639
17 28 0 8 0.0199586916715
52 67 0 8 0.0199551396072
40 61 0 8 0.0199508778751
7 63 0 8 0.019948547706
5 80 0 8 0.019931204617
25 74 0 8 0.0199294555932
3 20 0 8 0.019925724715
19 26 0 8 0.0199255235493
8 44 0 8 0.019912051037
45 79 0 8 0.0198744107038
8 73 0 8 0.0198657419533
17 24 0 8 0.0198555141687
10 48 0 8 0.0198407024145
12 36 0 8 0.0198368635029
63 71 0 8 0.0198318157345
19 83 0 8 0.0198117550462
69 79 0 8 0.0198068656027
39 50 0 8 0.0198037419468
22 64 0 8 0.0198001135141
11 68 0 8 0.019772419706
12 77 0 8 0.0197593290359
11 73 0 8 0.019751092419
10 65 0 8 0.019728384912
29 41 0 8 0.0197151005268
5 71 0 8 0.0197101254016
10 36 0 8 0.0197000149637
32 49 0 8 0.019692119211
58 75 0 8 0.0196430217475
8 81 0 8 0.0196046885103
58 69 0 8 0.0195937491953
21 82 0 8 0.0195925757289
55 63 0 8 0.0195672214031
13 46 0 8 0.0195641424507
55 76 0 8 0.0195622444153
63 70 0 8 0.0195548012853
6 62 0 8 0.0195464286953
10 80 0 8 0.0195437800139
43 54 0 8 0.0195358917117
4 54 0 8 0.0195243731141
10 74 0 8 0.019523780793
70 81 0 8 0.0195081233978
7 74 0 8 0.0194994956255
21 73 0 8 0.0194821823388
7 62 0 8 0.0194795858115
38 74 0 8 0.0194576773793
25 46 0 8 0.0194555707276
31 53 0 8 0.0194406583905
9 16 0 8 0.0194106791168
30 35 0 8 0.0194078199565
17 25 0 8 0.0193645618856
16 47 0 8 0.0193600710481
11 79 0 8 0.0193537548184
14 87 0 8 0.0193271376193
57 78 0 8 0.0193259809166
63 87 0 8 0.0193204414099
73 80 0 8 0.0192993879318
22 50 0 8 0.0192986316979
41 56 0 8 0.0192950740457
27 64 0 8 0.019287198782
81 88 0 8 0.0192786734551
71 79 0 8 0.0192470047623
2 19 0 8 0.0192427709699
36 42 0 8 0.0192338954657
78 87 0 8 0.0192249640822
24 61 0 8 0.0191855821759
47 83 0 8 0.0191852338612
40 78 0 8 0.0191832371056
25 84 0 8 0.0191777516156
32 44 0 8 0.0191656649113
43 78 0 8 0.0191624742001
9 62 0 8 0.019155131653
1 8 0 8 0.0191508475691
11 81 0 8 0.0191506110132
69 81 0 8 0.0191493537277
36 60 0 8 0.0191386174411
19 76 0 8 0.0191386044025
10 68 0 8 0.0191323701292
57 75 0 8 0.0191212091595
42 76 0 8 0.0190915148705
52 76 0 8 0.0190561432391
10 58 0 8 0.0190511476249
5 74 0 8 0.0190457757562
8 75 0 8 0.0190441273153
54 75 0 8 0.0190330538899
45 73 0 8 0.0190328173339
79 86 0 8 0.0189918912947
25 47 0 8 0.0189815834165
35 63 0 8 0.0189809128642
62 81 0 8 0.018975963816
20 40 0 8 0.0189729817212
24 87 0 8 0.0189693327993
28 52 0 8 0.0189643129706
47 80 0 8 0.018961744383
8 45 0 8 0.0189422704279
9 63 0 8 0.0189324989915
6 47 0 8 0.0189317781478
77 84 0 8 0.0189162418246
28 68 0 8 0.018913956359
58 68 0 8 0.0189044382423
27 63 0 8 0.0188789628446
46 78 0 8 0.0188756641001
4 53 0 8 0.0188742596656
24 79 0 8 0.0188719201833
68 81 0 8 0.0188704524189
28 45 0 8 0.0188687518239
52 60 0 8 0.0188518185169
44 67 0 8 0.0188391320407
39 76 0 8 0.0188255850226
5 42 0 8 0.0188218019903
29 62 0 8 0.0188165362924
46 71 0 8 0.0188155584037
54 76 0 8 0.0188046246767
22 77 0 8 0.0188038554043
19 60 0 8 0.0187969114631
57 72 0 8 0.0187514647841
6 37 0 8 0.0187300257385
11 49 0 8 0.018721036613
29 68 0 8 0.0187023486942
14 47 0 8 0.0186955668032
51 67 0 8 0.0186786130071
51 65 0 8 0.0186760425568
8 64 0 8 0.0186637639999
45 87 0 8 0.0186410006136
54 66 0 8 0.0186331160367
30 37 0 8 0.0185965523124
70 80 0 8 0.0185853857547
14 84 0 8 0.0185383688658
7 76 0 8 0.0185302011669
14 77 0 8 0.0185197331011
50 77 0 8 0.0185165833682
38 78 0 8 0.0185158848763
23 74 0 8 0.0185124576092
10 79 0 8 0.0185095909983
39 79 0 8 0.0184898842126
11 44 0 8 0.0184666644782
52 65 0 8 0.0184488929808
27 49 0 8 0.0184451732785
37 75 0 8 0.0184381548315
47 78 0 8 0.0184350349009
19 87 0 8 0.018421843648
44 74 0 8 0.0184100512415
54 63 0 8 0.0184098444879
10 78 0 8 0.0183986537158
35 75 0 8 0.0183767937124
6 77 0 8 0.0183750931174
5 61 0 8 0.0183677803725
6 65 0 8 0.0183672551066
75 87 0 8 0.0183635111898
8 67 0 8 0.0183542799205
61 87 0 8 0.0183534417301
48 64 0 8 0.0183382332325
26 76 0 8 0.018333658576
41 78 0 8 0.0182919930667
24 67 0 8 0.0182868037373
16 26 0 8 0.0182575508952
21 71 0 8 0.0182462166995
46 83 0 8 0.0182042103261
7 34 0 8 0.0181946400553
29 37 0 8 0.0181733630598
5 81 0 8 0.0181692969054
67 87 0 8 0.0181676000357
40 79 0 8 0.0181672368199
6 67 0 8 0.0181203167886
26 50 0 8 0.0181195922196
28 58 0 8 0.0181131586432
53 74 0 8 0.018105154857
10 76 0 8 0.018099822104
48 79 0 8 0.0180893726647
15 28 0 8 0.0180885046721
68 80 0 8 0.0180762279779
8 78 0 8 0.0180281046778
54 68 0 8 0.0180149916559
41 74 0 8 0.0180133078247
20 59 0 8 0.0179953668267
30 78 0 8 0.0179899781942
15 38 0 8 0.0179769806564
74 87 0 8 0.0179682374001
24 51 0 8 0.017961634323
25 73 0 8 0.0179414581507
29 45 0 8 0.0179344713688
28 57 0 8 0.0179308764637
4 11 0 8 0.0179045945406
15 46 0 8 0.0178974606097
32 45 0 8 0.0178890563548
11 70 0 8 0.0178741831332
49 80 0 8 0.0178680252284
54 71 0 8 0.0178677067161
7 47 0 8 0.0178609956056
43 46 0 8 0.0178546663374
24 52 0 8 0.0178540218621
13 77 0 8 0.0178177952766
6 63 0 8 0.0178119130433
48 77 0 8 0.0177845209837
36 63 0 8 0.0177684351802
22 55 0 8 0.0177616216242
52 83 0 8 0.0177491046488
42 64 0 8 0.0177396479994
32 63 0 8 0.0177268479019
50 57 0 8 0.0177049487829
25 41 0 8 0.0176620595157
11 61 0 8 0.0176578089595
5 55 0 8 0.0176480934024
25 87 0 8 0.0176337379962
17 77 0 8 0.0176320374012
4 19 0 8 0.0176043398678
10 81 0 8 0.0175916943699
55 75 0 8 0.0175858922303
9 34 0 8 0.0175211764872
4 55 0 8 0.0175198055804
14 85 0 8 0.0175091717392
14 76 0 8 0.0175044480711
15 83 0 8 0.0174799952656
39 61 0 8 0.0174762029201
30 51 0 8 0.017475694418
10 87 0 8 0.0174733027816
44 81 0 8 0.017454771325
17 57 0 8 0.0174073707312
3 75 0 8 0.0174054801464
27 51 0 8 0.0173948816955
12 82 0 8 0.0173946917057
1 21 0 8 0.0173935424536
4 14 0 8 0.0173920523375
68 83 0 8 0.0173879470676
39 63 0 8 0.0173867233098
40 70 0 8 0.0173816662282
68 88 0 8 0.0173549633473
35 41 0 8 0.0173484757543
35 55 0 8 0.0173416994512
68 78 0 8 0.0173359625041
31 51 0 8 0.0173341110349
17 54 0 8 0.0173230115324
24 54 0 8 0.0173215586692
75 83 0 8 0.0173101518303
23 42 0 8 0.0173007268459
7 67 0 8 0.0172621160746
4 51 0 8 0.0172528158873
21 52 0 8 0.017251053825
34 81 0 8 0.0172509886324
6 35 0 8 0.0172478295863
5 45 0 8 0.0172437299043
9 77 0 8 0.0172354020178
10 43 0 8 0.0172285381705
11 74 0 8 0.0172272212803
78 86 0 8 0.0172252506018
40 50 0 8 0.0171989072114
26 67 0 8 0.0171921793371
16 76 0 8 0.0171748660505
11 41 0 8 0.0171678643674
26 79 0 8 0.0171491838992
67 81 0 8 0.0171019248664
63 75 0 8 0.0170994251966
34 64 0 8 0.0170960519463
4 75 0 8 0.0170925986022
31 69 0 8 0.0170881282538
26 52 0 8 0.0170857422054
22 83 0 8 0.0170743018389
25 85 0 8 0.017058391124
8 76 0 8 0.0170416980982
18 84 0 8 0.0170278921723
37 66 0 8 0.0170167312026
76 85 0 8 0.0170163325965
43 79 0 8 0.0170161481947
52 77 0 8 0.0170049779117
10 62 0 8 0.0169869977981
5 64 0 8 0.0169365741313
6 30 0 8 0.0169141124934
22 82 0 8 0.0168939847499
28 78 0 8 0.0168836042285
18 85 0 8 0.0168717615306
55 67 0 8 0.0168601144105
54 77 0 8 0.0168517138809
76 84 0 8 0.0168391820043
5 44 0 8 0.0168370511383
47 76 0 8 0.0168199148029
23 70 0 8 0.0168097838759
42 81 0 8 0.0168083813041
72 80 0 8 0.01680643484
11 64 0 8 0.0167692769319
11 76 0 8 0.0167686957866
52 74 0 8 0.0167535468936
15 31 0 8 0.0167495496571
21 83 0 8 0.0167489666492
29 38 0 8 0.0167444758117
17 76 0 8 0.0167442094535
79 88 0 8 0.01673665829
16 24 0 8 0.0167029500008
6 34 0 8 0.0166955199093
31 50 0 8 0.0166749507189
36 65 0 8 0.0166685413569
55 82 0 8 0.0166660100222
31 75 0 8 0.0166646260768
27 76 0 8 0.0166562274098
46 70 0 8 0.0166454222053
11 37 0 8 0.0166368372738
49 63 0 8 0.0166175886989
57 68 0 8 0.0165940951556
8 35 0 8 0.0165824592113
38 72 0 8 0.0165705196559
7 17 0 8 0.0165610723197
49 77 0 8 0.0165600776672
55 70 0 8 0.0165578126907
4 35 0 8 0.0165276955813
40 69 0 8 0.0165239218622
37 64 0 8 0.016522705555
17 84 0 8 0.0164852142334
28 53 0 8 0.0164822284132
51 77 0 8 0.0164620298892
61 78 0 8 0.016447134316
23 46 0 8 0.0164468102157
37 72 0 8 0.0164461713284
73 87 0 8 0.0164377186447
13 47 0 8 0.01641654782
23 32 0 8 0.0163913816214
21 26 0 8 0.0163849312812
74 88 0 8 0.0163676422089
3 19 0 8 0.0163618773222
70 87 0 8 0.0163595154881
18 38 0 8 0.0163412000984
30 63 0 8 0.0163393244147
8 62 0 8 0.0163341276348
10 61 0 8 0.016328766942
2 38 0 8 0.0163215436041
46 87 0 8 0.0163154210895
65 81 0 8 0.0163089707494
8 65 0 8 0.0163054838777
40 76 0 8 0.0163042359054
37 56 0 8 0.0162932276726
48 80 0 8 0.0162766966969
34 42 0 8 0.0162545181811
11 38 0 8 0.0162286590785
42 48 0 8 0.0162139106542
26 84 0 8 0.0161961298436
27 81 0 8 0.0161853916943
9 45 0 8 0.0161336362362
7 30 0 8 0.0161240193993
14 46 0 8 0.0161207206547
16 74 0 8 0.0161032900214
46 77 0 8 0.0161015763879
8 58 0 8 0.0161006301641
30 79 0 8 0.0160786472261
75 82 0 8 0.0160633139312
67 83 0 8 0.0160536449403
14 36 0 8 0.0160534139723
55 71 0 8 0.0160385072231
22 87 0 8 0.0160182006657
16 35 0 8 0.0160022452474
11 82 0 8 0.0159998498857
36 62 0 8 0.0159900262952
27 79 0 8 0.0159895606339
9 37 0 8 0.0159845259041
9 47 0 8 0.0159805081785
27 52 0 8 0.0159791875631
30 81 0 8 0.0159625224769
21 56 0 8 0.0159617364407
70 83 0 8 0.0159308556467
69 83 0 8 0.0159291047603
65 79 0 8 0.015926618129
29 52 0 8 0.0159261245281
64 76 0 8 0.0159189347178
24 53 0 8 0.0159139391035
49 81 0 8 0.0159091986716
32 69 0 8 0.0158979669213
40 56 0 8 0.0158733520657
6 46 0 8 0.0158687271178
8 61 0 8 0.015860395506
70 88 0 8 0.0158456582576
19 55 0 8 0.0158127211034
32 78 0 8 0.0157971382141
45 81 0 8 0.0157833304256
54 65 0 8 0.015769649297
5 66 0 8 0.0157652236521
45 83 0 8 0.0157569609582
68 73 0 8 0.0157489832491
11 50 0 8 0.0157443564385
41 87 0 8 0.0157216880471
48 65 0 8 0.0157149676234
30 69 0 8 0.0157146137208
25 83 0 8 0.0157113466412
25 77 0 8 0.015696650371
39 62 0 8 0.0156948212534
39 77 0 8 0.0156790968031
13 85 0 8 0.015675034374
17 26 0 8 0.0156566295773
80 88 0 8 0.0156370792538
23 87 0 8 0.0156297627836
10 63 0 8 0.015617236495
3 54 0 8 0.0156141519547
51 55 0 8 0.0156127801165
5 57 0 8 0.0155893908814
9 87 0 8 0.0155891273171
37 73 0 8 0.0155861563981
4 38 0 8 0.015584802255
39 60 0 8 0.0155684901401
20 55 0 8 0.015563134104
65 87 0 8 0.015561635606
47 51 0 8 0.015561491251
50 62 0 8 0.0155591825023
5 65 0 8 0.0155523922294
30 65 0 8 0.0155520485714
11 45 0 8 0.015550727956
44 87 0 8 0.0155493486673
10 50 0 8 0.0155254742131
17 74 0 8 0.0155235733837
5 67 0 8 0.0155231868848
5 11 0 8 0.0155081385747
3 81 0 8 0.0155070843175
12 44 0 8 0.0155038740486
15 37 0 8 0.0155016900972
3 80 0 8 0.015494457446
16 36 0 8 0.0154622541741
3 79 0 8 0.0154580799863
8 36 0 8 0.0154347876087
7 46 0 8 0.0154229737818
4 34 0 8 0.0154127525166
42 79 0 8 0.0154063440859
26 71 0 8 0.0153976874426
4 72 0 8 0.0153945870697
49 87 0 8 0.0153826363385
5 47 0 8 0.0153588932008
56 81 0 8 0.015356708318
64 78 0 8 0.0153460986912
36 78 0 8 0.0153409624472
10 77 0 8 0.0153171531856
27 57 0 8 0.0152775328606
68 87 0 8 0.0152749074623
33 75 0 8 0.0152611061931
46 73 0 8 0.0152570446953
26 62 0 8 0.0152517296374
2 18 0 8 0.0152256824076
30 62 0 8 0.0152254682034
11 43 0 8 0.0152197713032
46 72 0 8 0.0152053916827
39 70 0 8 0.0152021497488
18 55 0 8 0.0152002582327
31 78 0 8 0.0151895694435
58 76 0 8 0.0151669960469
15 29 0 8 0.0151361720636
22 51 0 8 0.0151324477047
49 53 0 8 0.0151176666841
13 31 0 8 0.0151146706194
26 81 0 8 0.015108730644
10 38 0 8 0.0151086952537
19 84 0 8 0.0151029266417
24 43 0 8 0.0151016796008
24 73 0 8 0.0150903714821
36 56 0 8 0.0150901870802
12 35 0 8 0.0150894429535
23 71 0 8 0.0150676248595
2 17 0 8 0.0150611642748
51 87 0 8 0.0150547642261
2 9 0 8 0.0150476889685
8 32 0 8 0.0150338001549
16 60 0 8 0.0150263328105
26 57 0 8 0.0150170121342
3 37 0 8 0.0150155657902
5 46 0 8 0.0150148756802
50 87 0 8 0.0150053566322
32 68 0 8 0.0150029398501
51 54 0 8 0.0149842007086
34 78 0 8 0.014963706024
63 81 0 8 0.0149489808828
8 57 0 8 0.0149422772229
20 87 0 8 0.014939035289
41 44 0 8 0.0149364313111
41 76 0 8 0.0149361370131
49 67 0 8 0.0149345239624
2 79 0 8 0.014931675978
17 85 0 8 0.0149198696017
22 74 0 8 0.0149062732235
22 71 0 8 0.0149014778435
25 80 0 8 0.0148896379396
37 63 0 8 0.0148872043937
18 35 0 8 0.0148804439232
19 32 0 8 0.0148590346798
55 77 0 8 0.0148527398705
42 80 0 8 0.014848777093
12 47 0 8 0.0148479407653
61 70 0 8 0.0148465875536
76 88 0 8 0.0148408971727
37 78 0 8 0.0148390633985
68 79 0 8 0.0148296775296
17 82 0 8 0.0148029774427
40 77 0 8 0.0148028731346
12 87 0 8 0.0148009955883
8 63 0 8 0.014788499102
11 87 0 8 0.0147871859372
3 16 0 8 0.0147749362513
22 70 0 8 0.0147701343521
48 81 0 8 0.0147590637207
51 59 0 8 0.0147538231686
6 25 0 8 0.0147480433807
38 73 0 8 0.0147299841046
27 84 0 8 0.0147136952728
21 59 0 8 0.0147067289799
29 79 0 8 0.0146928885952
67 79 0 8 0.0146909495816
34 75 0 8 0.0146831376478
43 76 0 8 0.014676047489
8 74 0 8 0.0146644953638
4 79 0 8 0.014663069509
54 82 0 8 0.0146517334506
46 82 0 8 0.0146264350042
6 38 0 8 0.0146260438487
32 65 0 8 0.014624462463
45 74 0 8 0.0146161653101
15 25 0 8 0.0145983612165
4 78 0 8 0.0145922498778
27 87 0 8 0.0145736532286
31 41 0 8 0.0145724276081
54 70 0 8 0.0145626245067
17 55 0 8 0.0145617211238
36 74 0 8 0.0145314820111
26 70 0 8 0.0145144816488
19 31 0 8 0.0145098101348
76 86 0 8 0.0145085835829
35 66 0 8 0.0145026259124
35 54 0 8 0.0144943743944
22 73 0 8 0.0144942319021
13 17 0 8 0.014472275041
54 73 0 8 0.0144601203501
38 79 0 8 0.0144586786628
7 33 0 8 0.0144568514079
49 65 0 8 0.0144330654293
54 83 0 8 0.0144093381241
11 47 0 8 0.0144073739648
23 54 0 8 0.014402939938
10 47 0 8 0.0143886981532
22 43 0 8 0.0143876355141
45 77 0 8 0.0143861761317
17 32 0 8 0.014360377565
10 34 0 8 0.0143494214863
8 34 0 8 0.0143294716254
66 83 0 8 0.0143247786909
27 50 0 8 0.0143217556179
30 75 0 8 0.0143200997263
23 80 0 8 0.0143159544095
10 83 0 8 0.0143012870103
8 47 0 8 0.0142900114879
40 87 0 8 0.0142881851643
17 87 0 8 0.0142658120021
44 76 0 8 0.0142615074292
21 85 0 8 0.014254248701
5 62 0 8 0.0142500959337
5 35 0 8 0.0142368935049
38 63 0 8 0.0142334140837
11 16 0 8 0.0142312068492
61 76 0 8 0.0142234489322
23 81 0 8 0.0142105575651
4 47 0 8 0.0142094213516
8 77 0 8 0.0141976913437
11 34 0 8 0.0141948759556
13 84 0 8 0.0141685158014
78 88 0 8 0.0141628952697
72 81 0 8 0.0141509631649
37 74 0 8 0.0141476113349
42 67 0 8 0.0141441328451
47 65 0 8 0.0141394138336
36 76 0 8 0.0141319036484
60 71 0 8 0.0141263715923
22 88 0 8 0.0141162015498
11 62 0 8 0.0141071397811
24 74 0 8 0.0141060985625
3 44 0 8 0.0140971746296
50 83 0 8 0.0140888271853
75 84 0 8 0.0140882842243
34 58 0 8 0.0140801658854
28 79 0 8 0.0140733756125
57 70 0 8 0.0140614584088
33 45 0 8 0.0140337469056
74 85 0 8 0.0140325659886
22 31 0 8 0.0140271764249
68 85 0 8 0.0140266362578
2 21 0 8 0.0140102906153
3 46 0 8 0.0140078347176
27 44 0 8 0.0140060950071
6 82 0 8 0.0140040740371
2 35 0 8 0.0139995981008
39 80 0 8 0.0139940828085
18 87 0 8 0.0139835858718
15 84 0 8 0.0139746600762
41 67 0 8 0.0139743508771
36 79 0 8 0.0139714023098
25 54 0 8 0.013969745487
34 72 0 8 0.013934571296
66 87 0 8 0.0139312762767
71 80 0 8 0.0139301298186
3 74 0 8 0.0139247467741
19 56 0 8 0.0139025552198
47 87 0 8 0.0138943800703
52 87 0 8 0.0138937197626
27 58 0 8 0.0138909174129
11 63 0 8 0.0138885276392
41 80 0 8 0.0138874305412
28 65 0 8 0.0138793550432
10 37 0 8 0.0138637525961
37 79 0 8 0.0138579970226
19 85 0 8 0.0138468658552
4 49 0 8 0.0138459345326
66 76 0 8 0.013845236972
27 45 0 8 0.0138434274122
35 76 0 8 0.0138380117714
42 55 0 8 0.0138146318495
15 87 0 8 0.0138089163229
47 85 0 8 0.0138063840568
38 60 0 8 0.0137900002301
34 66 0 8 0.0137879122049
68 82 0 8 0.0137766283005
14 35 0 8 0.0137762520462
14 56 0 8 0.0137692773715
8 37 0 8 0.0137678068131
28 63 0 8 0.0137566234916
62 76 0 8 0.0137409381568
35 65 0 8 0.0137348258868
27 40 0 8 0.0137338889763
39 81 0 8 0.0137217510492
5 31 0 8 0.013718996197
22 85 0 8 0.0137178739533
11 40 0 8 0.0137091604993
10 51 0 8 0.0137020181865
26 87 0 8 0.0136803062633
4 48 0 8 0.0136802615598
30 49 0 8 0.0136769739911
15 60 0 8 0.0136691480875
30 43 0 8 0.0136591736227
77 87 0 8 0.0136566814035
33 66 0 8 0.0136514985934
40 66 0 8 0.0136438542977
15 59 0 8 0.0136400610209
15 56 0 8 0.0136233214289
50 54 0 8 0.0135994032025
4 80 0 8 0.0135859576985
3 34 0 8 0.0135743459687
17 27 0 8 0.0135494098067
54 67 0 8 0.0135400574654
71 87 0 8 0.0135337654501
5 63 0 8 0.0135327596217
69 74 0 8 0.0135298250243
4 76 0 8 0.0135223045945
36 52 0 8 0.0135029181838
30 87 0 8 0.0135027784854
4 61 0 8 0.0134818414226
23 73 0 8 0.0134784486145
24 55 0 8 0.013477306813
8 46 0 8 0.0134731298313
7 87 0 8 0.0134681295604
35 72 0 8 0.0134617323056
46 85 0 8 0.0134594272822
28 81 0 8 0.0134527171031
65 75 0 8 0.0134475985542
68 84 0 8 0.0134427156299
22 59 0 8 0.0134357484058
5 40 0 8 0.0134285073727
60 83 0 8 0.0134240426123
54 64 0 8 0.0134197482839
1 22 0 8 0.0134190730751
5 34 0 8 0.013406326063
62 74 0 8 0.0133809521794
47 88 0 8 0.013376949355
31 43 0 8 0.0133739979938
1 9 0 8 0.0133739039302
34 76 0 8 0.0133729726076
63 83 0 8 0.0133575666696
34 41 0 8 0.0133409239352
43 87 0 8 0.0133362244815
60 87 0 8 0.0133348749951
12 16 0 8 0.0133242886513
35 78 0 8 0.0133234178647
3 14 0 8 0.0133215310052
74 86 0 8 0.0133131733164
17 21 0 8 0.0133099341765
10 88 0 8 0.0133077055216
64 80 0 8 0.0133061585948
24 81 0 8 0.0133012710139
53 82 0 8 0.0132948197424
38 76 0 8 0.0132929179817
41 81 0 8 0.0132848341018
44 83 0 8 0.0132737439126
37 51 0 8 0.0132621759549
57 65 0 8 0.0132554387674
3 78 0 8 0.013254834339
1 19 0 8 0.013245026581
15 18 0 8 0.0132387457415
9 83 0 8 0.0132233379409
7 81 0 8 0.013223300688
31 79 0 8 0.0132058840245
4 71 0 8 0.0132048903033
68 77 0 8 0.0131994113326
55 65 0 8 0.0131990443915
43 64 0 8 0.0131975971162
57 77 0 8 0.0131876533851
18 60 0 8 0.0131847737357
35 79 0 8 0.0131762828678
10 85 0 8 0.0131755210459
57 71 0 8 0.0131740393117
41 49 0 8 0.0131725631654
4 67 0 8 0.0131699666381
40 64 0 8 0.0131660327315
57 69 0 8 0.0131317907944
65 85 0 8 0.0131297698244
45 85 0 8 0.0131226666272
62 88 0 8 0.0131203820929
67 78 0 8 0.0131114451215
55 87 0 8 0.013099831529
11 58 0 8 0.0130970394239
77 86 0 8 0.0130915669724
67 84 0 8 0.0130898179486
74 83 0 8 0.0130675313994
15 34 0 8 0.013064247556
27 62 0 8 0.0130490399897
30 41 0 8 0.0130239957944
52 73 0 8 0.0130161400884
64 73 0 8 0.0130152646452
73 81 0 8 0.0130108362064
35 81 0 8 0.0130077749491
29 81 0 8 0.0130052464083
30 68 0 8 0.0130043346435
38 64 0 8 0.0130034470931
40 81 0 8 0.0130015928298
1 10 0 8 0.0129972491413
53 87 0 8 0.0129915736616
10 42 0 8 0.0129781775177
17 29 0 8 0.0129601228982
15 82 0 8 0.0129526341334
42 77 0 8 0.0129498429596
72 87 0 8 0.0129352351651
33 78 0 8 0.0129317101091
16 34 0 8 0.0129223158583
75 88 0 8 0.0129180224612
19 30 0 8 0.012915304862
47 77 0 8 0.0129023334011
15 85 0 8 0.0128944646567
33 57 0 8 0.0128838839009
10 84 0 8 0.0128719853237
54 74 0 8 0.0128540750593
27 65 0 8 0.0128504149616
63 80 0 8 0.0128503972664
52 82 0 8 0.0128378635272
24 84 0 8 0.0128292618319
36 81 0 8 0.0128245707601
26 41 0 8 0.0128241591156
44 77 0 8 0.0128205260262
4 13 0 8 0.012818172574
43 65 0 8 0.0128157958388
10 45 0 8 0.0128060020506
27 68 0 8 0.0128054721281
64 79 0 8 0.0128014339134
8 83 0 8 0.0127905616537
8 87 0 8 0.0127829229459
27 83 0 8 0.0127825373784
26 85 0 8 0.0127810453996
64 74 0 8 0.0127771236002
14 17 0 8 0.0127638438717
67 85 0 8 0.012760178186
3 36 0 8 0.0127581488341
58 71 0 8 0.0127520840615
37 76 0 8 0.0127515979111
58 67 0 8 0.0127438800409
43 61 0 8 0.0127280997112
29 78 0 8 0.0127266924828
66 85 0 8 0.0127247627825
68 76 0 8 0.0127238584682
1 20 0 8 0.0127193061635
62 73 0 8 0.0127152893692
33 87 0 8 0.0127144698054
58 70 0 8 0.0127117400989
28 76 0 8 0.0127009842545
61 79 0 8 0.0126998908818
5 58 0 8 0.0126971583813
63 74 0 8 0.0126929748803
48 83 0 8 0.0126801095903
10 39 0 8 0.0126752518117
63 78 0 8 0.0126610919833
24 65 0 8 0.0126607585698
23 83 0 8 0.0126565508544
11 51 0 8 0.0126557471231
38 58 0 8 0.0126437703148
64 86 0 8 0.0126419961452
4 57 0 8 0.0126270065084
35 42 0 8 0.0126204565167
42 87 0 8 0.0126198977232
3 76 0 8 0.012599889189
25 39 0 8 0.0125989830121
70 82 0 8 0.0125863477588
5 39 0 8 0.0125852636993
11 84 0 8 0.0125851621851
3 71 0 8 0.0125844040886
24 58 0 8 0.0125814769417
11 36 0 8 0.012577929534
6 87 0 8 0.0125754484907
70 85 0 8 0.0125578632578
21 84 0 8 0.0125537542626
21 86 0 8 0.0125524662435
4 36 0 8 0.0125459609553
69 87 0 8 0.0125441588461
57 76 0 8 0.0125410873443
48 82 0 8 0.0125265456736
2 74 0 8 0.012504665181
51 83 0 8 0.0125041110441
23 59 0 8 0.0125034926459
45 65 0 8 0.0124959470704
66 77 0 8 0.0124848484993
77 85 0 8 0.0124832261354
43 58 0 8 0.0124762272462
4 12 0 8 0.0124654164538
24 71 0 8 0.0124574759975
58 78 0 8 0.0124541632831
14 88 0 8 0.0124394400045
8 56 0 8 0.0124377226457
4 45 0 8 0.0124309659004
33 58 0 8 0.0124216442928
66 78 0 8 0.0124201169237
47 82 0 8 0.0124107627198
1 18 0 8 0.0124042369425
13 34 0 8 0.0124015612528
6 23 0 8 0.0124015202746
2 46 0 8 0.0123956985772
67 88 0 8 0.0123935332522
5 36 0 8 0.0123870102689
50 88 0 8 0.0123865725473
35 74 0 8 0.012384455651
19 40 0 8 0.0123771270737
8 17 0 8 0.0123697612435
73 85 0 8 0.0123664643615
60 78 0 8 0.0123655963689
41 68 0 8 0.0123448530212
5 56 0 8 0.0123138977215
3 49 0 8 0.0123101985082
63 76 0 8 0.0123091610149
11 42 0 8 0.0123024843633
77 88 0 8 0.0123005080968
59 67 0 8 0.0122965006158
65 76 0 8 0.0122940214351
24 85 0 8 0.0122839342803
60 75 0 8 0.0122835170478
25 59 0 8 0.012280290015
34 57 0 8 0.0122735360637
43 81 0 8 0.0122671835124
66 81 0 8 0.0122621012852
61 74 0 8 0.0122350500897
53 85 0 8 0.0122307222337
34 60 0 8 0.0122185219079
71 81 0 8 0.0121851991862
4 50 0 8 0.0121813025326
72 88 0 8 0.0121615575626
11 88 0 8 0.0121555496007
33 48 0 8 0.01214753557
71 83 0 8 0.0121446065605
3 35 0 8 0.0121296625584
4 43 0 8 0.0121239731088
64 85 0 8 0.0121198212728
73 88 0 8 0.012115820311
24 77 0 8 0.0121128633618
2 81 0 8 0.0121104223654
69 82 0 8 0.0121066914871
1 46 0 8 0.0120888827369
26 83 0 8 0.01208197698
3 10 0 8 0.0120809134096
27 67 0 8 0.0120766395703
4 46 0 8 0.0120765259489
4 64 0 8 0.0120677398518
41 45 0 8 0.0120667507872
74 82 0 8 0.0120661482215
18 34 0 8 0.0120639931411
63 79 0 8 0.0120605612174
12 84 0 8 0.0120509630069
36 69 0 8 0.0120247919112
16 77 0 8 0.01202241797
64 88 0 8 0.0120210470632
30 38 0 8 0.0120134279132
59 70 0 8 0.0119882347062
22 42 0 8 0.0119814304635
46 64 0 8 0.0119742127135
2 36 0 8 0.0119709698483
5 20 0 8 0.011970163323
28 41 0 8 0.0119675472379
64 81 0 8 0.0119652347639
40 80 0 8 0.0119645195082
44 80 0 8 0.011943618767
66 84 0 8 0.0119423810393
45 80 0 8 0.0119279399514
26 74 0 8 0.0119251422584
62 78 0 8 0.0119247939438
16 38 0 8 0.0119209857658
4 37 0 8 0.0119142020121
47 64 0 8 0.0119091738015
2 75 0 8 0.0119088152424
9 28 0 8 0.011907861568
31 49 0 8 0.0119060212746
61 81 0 8 0.011898079887
1 17 0 8 0.0118968803436
46 65 0 8 0.0118967182934
50 60 0 8 0.0118945213035
3 70 0 8 0.0118945157155
31 58 0 8 0.0118867168203
65 86 0 8 0.0118786487728
17 31 0 8 0.0118693159893
15 36 0 8 0.0118632949889
51 82 0 8 0.0118580423295
2 15 0 8 0.0118501717225
2 25 0 8 0.0118271112442
42 62 0 8 0.0118264257908
37 65 0 8 0.011826235801
30 67 0 8 0.011799518019
53 83 0 8 0.0117886699736
57 79 0 8 0.0117860483006
41 85 0 8 0.0117842936888
3 38 0 8 0.0117743080482
62 79 0 8 0.0117740146816
12 60 0 8 0.0117721995339
11 35 0 8 0.0117649286985
12 85 0 8 0.0117469308898
38 87 0 8 0.0117445839569
5 37 0 8 0.0117219472304
14 34 0 8 0.0117133054882
45 88 0 8 0.0117109324783
36 50 0 8 0.0117093427107
54 87 0 8 0.0117087131366
65 82 0 8 0.0117019619793
15 35 0 8 0.011697717011
70 86 0 8 0.0116891534999
25 55 0 8 0.0116787236184
12 32 0 8 0.0116633344442
41 88 0 8 0.0116440234706
33 44 0 8 0.0116245485842
22 60 0 8 0.0116238249466
57 87 0 8 0.0116226300597
11 85 0 8 0.0116132460535
51 85 0 8 0.0115984324366
2 77 0 8 0.0115916132927
8 31 0 8 0.0115901324898
3 53 0 8 0.011586506851
50 82 0 8 0.0115839829668
13 33 0 8 0.0115665253252
75 85 0 8 0.0115606775507
64 83 0 8 0.0115559427068
58 79 0 8 0.0115455184132
64 84 0 8 0.011543020606
4 44 0 8 0.011542362161
8 82 0 8 0.0115423295647
65 73 0 8 0.0115347318351
2 80 0 8 0.0115264328197
10 56 0 8 0.0115255303681
66 88 0 8 0.0115228155628
24 80 0 8 0.0115165766329
9 33 0 8 0.0115107586607
9 88 0 8 0.0115059688687
62 77 0 8 0.0114824716002
2 37 0 8 0.01147786621
36 87 0 8 0.0114714084193
3 73 0 8 0.0114703811705
4 73 0 8 0.011456143111
5 77 0 8 0.0114512778819
35 83 0 8 0.0114448349923
34 87 0 8 0.0114423967898
41 77 0 8 0.0114326383919
3 87 0 8 0.0114262867719
20 88 0 8 0.011423997581
60 72 0 8 0.0114205079153
17 86 0 8 0.0114066265523
67 76 0 8 0.0114053208381
2 20 0 8 0.0113991983235
63 73 0 8 0.0113933319226
49 88 0 8 0.0113905882463
7 60 0 8 0.0113870445639
33 43 0 8 0.0113727208227
31 52 0 8 0.0113708078861
35 87 0 8 0.0113671198487
33 71 0 8 0.0113659305498
4 65 0 8 0.0113595556468
4 32 0 8 0.0113423736766
52 85 0 8 0.0113261239603
2 13 0 8 0.0113219870254
42 65 0 8 0.0113144740462
43 55 0 8 0.011305638589
37 69 0 8 0.0113045247272
34 80 0 8 0.011301019229
46 84 0 8 0.0112973693758
69 88 0 8 0.0112939300016
50 84 0 8 0.0112816421315
9 85 0 8 0.0112779354677
6 28 0 8 0.0112769035622
66 79 0 8 0.0112765524536
13 86 0 8 0.0112670296803
14 86 0 8 0.0112534286454
30 58 0 8 0.0112448474392
15 26 0 8 0.0112324748188
71 88 0 8 0.0112293241546
9 46 0 8 0.0112218819559
50 85 0 8 0.0112184807658
66 73 0 8 0.0112110832706
73 84 0 8 0.0112062320113
4 62 0 8 0.011202913709
62 86 0 8 0.0112014459446
73 86 0 8 0.0111991008744
44 85 0 8 0.0111977066845
65 77 0 8 0.0111912991852
62 85 0 8 0.011186641641
9 31 0 8 0.0111842881888
1 37 0 8 0.0111842788756
5 23 0 8 0.0111821526662
46 88 0 8 0.0111785689369
29 65 0 8 0.0111647732556
26 65 0 8 0.0111620994285
2 76 0 8 0.0111602209508
4 70 0 8 0.0111595569178
47 86 0 8 0.0111508518457
1 87 0 8 0.0111288428307
10 44 0 8 0.0111160092056
69 85 0 8 0.0111153237522
37 80 0 8 0.0111016305164
67 73 0 8 0.0110977524891
4 69 0 8 0.0110908681527
4 77 0 8 0.0110855242237
27 43 0 8 0.0110736954957
38 65 0 8 0.0110684745014
66 80 0 8 0.01106720604
36 80 0 8 0.0110580092296
7 28 0 8 0.0110508576035
17 20 0 8 0.011048944667
63 88 0 8 0.0110290227458
2 78 0 8 0.0110204862431
30 50 0 8 0.0110158920288
9 82 0 8 0.0110034011304
57 81 0 8 0.0110026737675
27 53 0 8 0.0109997373074
34 74 0 8 0.0109966620803
1 38 0 8 0.0109725119546
7 25 0 8 0.0109694125131
20 85 0 8 0.0109654599801
41 58 0 8 0.0109549779445
2 87 0 8 0.0109510365874
55 88 0 8 0.0109335212037
11 77 0 8 0.0109269693494
3 47 0 8 0.0109142269939
61 83 0 8 0.0109139233828
3 50 0 8 0.0109132342041
27 71 0 8 0.0109001165256
19 29 0 8 0.0108970422298
6 84 0 8 0.0108821066096
18 33 0 8 0.0108810188249
24 47 0 8 0.0108590815216
4 40 0 8 0.010854053311
5 84 0 8 0.0108422739431
75 86 0 8 0.0108300941065
40 62 0 8 0.0108287408948
6 33 0 8 0.0108264628798
65 88 0 8 0.0108209792525
71 84 0 8 0.0108078755438
3 69 0 8 0.0108060054481
3 83 0 8 0.0107986778021
74 84 0 8 0.0107764517888
29 80 0 8 0.0107756275684
3 68 0 8 0.0107708256692
3 72 0 8 0.0107645625249
24 46 0 8 0.0107638416812
18 37 0 8 0.0107589587569
3 41 0 8 0.0107577359304
72 85 0 8 0.0107392705977
33 79 0 8 0.0107377255335
33 72 0 8 0.0107295839116
59 78 0 8 0.0107266483828
39 84 0 8 0.0107201943174
58 87 0 8 0.0107105895877
56 62 0 8 0.0107103772461
29 34 0 8 0.0107062151656
3 48 0 8 0.0107035189867
36 51 0 8 0.010702483356
3 43 0 8 0.0106914471835
34 65 0 8 0.0106857893988
2 47 0 8 0.0106817930937
2 10 0 8 0.0106774512678
29 67 0 8 0.0106707783416
16 87 0 8 0.0106628136709
3 13 0 8 0.010652013123
22 56 0 8 0.0106401657686
48 87 0 8 0.010633029975
47 84 0 8 0.0106285465881
37 87 0 8 0.0106197856367
51 88 0 8 0.0106178913265
70 84 0 8 0.010611130856
34 71 0 8 0.0105992630124
28 71 0 8 0.0105883274227
13 88 0 8 0.0105882724747
30 57 0 8 0.0105657521635
15 30 0 8 0.0105640077963
5 82 0 8 0.010562392883
14 60 0 8 0.0105077959597
22 84 0 8 0.0105024082586
20 84 0 8 0.0104910461232
49 85 0 8 0.010490629822
3 33 0 8 0.0104883136228
7 82 0 8 0.0104791326448
42 63 0 8 0.0104658706114
45 84 0 8 0.0104626314715
4 81 0 8 0.0104410303757
46 86 0 8 0.010436873883
61 88 0 8 0.0104280272499
33 70 0 8 0.0104221887887
28 67 0 8 0.0104207471013
30 52 0 8 0.0104029029608
31 71 0 8 0.0104016466066
37 81 0 8 0.0103907994926
33 81 0 8 0.0103893242776
32 52 0 8 0.0103873480111
5 38 0 8 0.0103760957718
51 84 0 8 0.0103723658249
16 84 0 8 0.0103718712926
37 77 0 8 0.0103692086414
6 83 0 8 0.0103531470522
3 45 0 8 0.010333398357
71 85 0 8 0.010333051905
13 60 0 8 0.0103326179087
33 76 0 8 0.0103284446523
3 40 0 8 0.0103268409148
39 44 0 8 0.0103139402345
21 55 0 8 0.0103005534038
7 83 0 8 0.0102984542027
3 84 0 8 0.0102888979018
2 11 0 8 0.01027381327
24 83 0 8 0.0102583765984
61 84 0 8 0.0102548245341
35 52 0 8 0.0102526750416
13 59 0 8 0.0102459760383
43 80 0 8 0.0102340001613
56 68 0 8 0.0102280415595
48 88 0 8 0.0102241318673
38 85 0 8 0.0102194380015
67 75 0 8 0.0102003850043
35 51 0 8 0.0101967267692
31 57 0 8 0.0101941572502
10 16 0 8 0.0101842740551
44 88 0 8 0.0101787000895
37 52 0 8 0.010169618763
23 82 0 8 0.0101549178362
7 88 0 8 0.0101535758004
23 88 0 8 0.0101462705061
58 77 0 8 0.0101437801495
59 76 0 8 0.0101296994835
61 73 0 8 0.0101236719638
33 69 0 8 0.0101081486791
49 82 0 8 0.0101032359526
1 47 0 8 0.0100975530222
2 41 0 8 0.0100950552151
28 80 0 8 0.0100779812783
34 79 0 8 0.0100481742993
36 73 0 8 0.0100466376171
56 67 0 8 0.0100387632847
8 88 0 8 0.0100349122658
30 71 0 8 0.0100323027
32 76 0 8 0.0100299008191
49 83 0 8 0.0100251156837
14 59 0 8 0.010024911724
67 86 0 8 0.010022896342
29 76 0 8 0.00999177340418
13 29 0 8 0.00998023897409
22 86 0 8 0.00997650343925
27 85 0 8 0.00997246801853
20 37 0 8 0.00996672548354
59 72 0 8 0.00996422767639
17 38 0 8 0.00995805859566
59 87 0 8 0.00994980148971
63 85 0 8 0.00994458422065
10 82 0 8 0.00994009245187
38 70 0 8 0.00992887839675
39 65 0 8 0.00992863439023
3 82 0 8 0.00991111434996
2 34 0 8 0.0099023450166
4 68 0 8 0.00988433416933
52 84 0 8 0.00988206174225
25 86 0 8 0.00988054648042
41 64 0 8 0.00987236201763
41 66 0 8 0.00986731983721
56 78 0 8 0.00984908919781
40 67 0 8 0.00983964465559
26 73 0 8 0.00983670912683
36 71 0 8 0.00983262248337
2 70 0 8 0.00982761476189
4 20 0 8 0.00982375908643
4 63 0 8 0.00981718488038
54 85 0 8 0.00980996526778
63 77 0 8 0.00979792047292
10 46 0 8 0.0097938273102
4 23 0 8 0.00978724006563
25 40 0 8 0.00978300813586
29 87 0 8 0.00978058669716
3 52 0 8 0.00977635849267
5 32 0 8 0.00977498292923
64 77 0 8 0.00977003574371
60 79 0 8 0.00976232066751
34 52 0 8 0.0097569944337
2 14 0 8 0.00974370166659
3 64 0 8 0.0097344815731
40 84 0 8 0.00973209552467
27 70 0 8 0.00971434637904
3 66 0 8 0.0096784895286
55 85 0 8 0.00967030785978
38 81 0 8 0.00966187659651
69 84 0 8 0.00965849589556
16 19 0 8 0.0096507454291
43 85 0 8 0.0096490457654
26 31 0 8 0.00964756030589
26 80 0 8 0.00963762030005
16 85 0 8 0.00963718723506
3 21 0 8 0.00963679235429
60 67 0 8 0.00963172316551
42 46 0 8 0.00961782410741
2 16 0 8 0.00961607974023
65 74 0 8 0.00960927084088
2 55 0 8 0.00960699282587
28 87 0 8 0.00960558187217
34 83 0 8 0.00959986820817
62 84 0 8 0.00959982722998
40 65 0 8 0.00959780532867
25 82 0 8 0.00959434732795
30 45 0 8 0.00957329198718
2 85 0 8 0.00955818872899
38 84 0 8 0.00955519266427
7 84 0 8 0.00955258868635
33 60 0 8 0.00952061451972
38 66 0 8 0.00951520632952
4 21 0 8 0.00951406545937
40 68 0 8 0.00950251054019
31 68 0 8 0.00949787069112
62 83 0 8 0.00949508138001
9 84 0 8 0.00949358381331
39 87 0 8 0.00949271861464
17 36 0 8 0.00949103292078
65 83 0 8 0.00949002895504
37 70 0 8 0.00948364753276
4 33 0 8 0.00948113948107
2 84 0 8 0.00947182159871
59 84 0 8 0.0094680050388
49 84 0 8 0.00945138931274
60 84 0 8 0.00944334734231
60 76 0 8 0.00943088904023
3 23 0 8 0.00943034980446
9 56 0 8 0.00942505523562
4 66 0 8 0.00942224729806
41 84 0 8 0.00942166894674
27 80 0 8 0.00941383000463
16 33 0 8 0.00940760225058
4 25 0 8 0.00940320361406
61 85 0 8 0.0093810800463
19 88 0 8 0.00938053894788
61 86 0 8 0.00937567930669
23 41 0 8 0.00936909206212
21 30 0 8 0.00934517476708
23 85 0 8 0.00933615956455
53 84 0 8 0.00932685099542
38 77 0 8 0.00932461209595
26 77 0 8 0.00931307394058
5 33 0 8 0.00930980686098
37 84 0 8 0.00928691215813
65 84 0 8 0.00928450841457
2 40 0 8 0.00928198173642
1 81 0 8 0.00926984380931
3 39 0 8 0.00926746148616
40 44 0 8 0.00925539899617
2 71 0 8 0.00924848485738
5 19 0 8 0.00923458300531
68 86 0 8 0.00923128146678
30 70 0 8 0.00922323763371
3 85 0 8 0.0092171439901
4 41 0 8 0.00920522026718
37 88 0 8 0.00920474994928
62 80 0 8 0.00919985864311
72 84 0 8 0.00919917691499
15 27 0 8 0.00918669439852
63 82 0 8 0.00917913671583
39 83 0 8 0.00916923675686
69 86 0 8 0.00916043482721
35 80 0 8 0.00915247760713
21 42 0 8 0.00915183871984
43 88 0 8 0.00914267078042
12 34 0 8 0.00911097135395
5 25 0 8 0.00911008566618
4 22 0 8 0.00910991709679
33 59 0 8 0.00909571070224
38 80 0 8 0.00909095443785
2 83 0 8 0.00907875038683
31 45 0 8 0.00906970351934
1 79 0 8 0.00904891267419
31 65 0 8 0.00903105270118
22 39 0 8 0.00902835652232
6 60 0 8 0.00902432110161
18 56 0 8 0.00901224836707
20 86 0 8 0.00900928024203
1 13 0 8 0.00900613050908
18 86 0 8 0.00900031067431
45 63 0 8 0.00899838935584
71 82 0 8 0.00899617373943
48 85 0 8 0.00899386964738
61 77 0 8 0.0089809121564
34 51 0 8 0.00897559989244
41 60 0 8 0.00897402688861
25 88 0 8 0.00897307321429
28 38 0 8 0.00897200033069
32 79 0 8 0.00896321516484
53 86 0 8 0.0089618684724
12 86 0 8 0.00896045379341
16 83 0 8 0.00894158799201
43 63 0 8 0.0089407004416
2 43 0 8 0.0089397970587
18 36 0 8 0.00892692897469
33 80 0 8 0.00890570878983
40 59 0 8 0.00889516342431
40 85 0 8 0.00888812448829
66 86 0 8 0.00888620968908
38 88 0 8 0.00888474751264
27 74 0 8 0.00887507852167
30 80 0 8 0.00887191295624
3 77 0 8 0.00886134896427
3 12 0 8 0.00884786527604
2 45 0 8 0.00883795600384
4 42 0 8 0.00881579518318
9 59 0 8 0.00881525408477
34 77 0 8 0.00881494116038
2 44 0 8 0.00881444942206
56 87 0 8 0.00881047546864
66 82 0 8 0.00880634691566
10 86 0 8 0.00879434216768
3 42 0 8 0.00878051575273
57 80 0 8 0.00877771060914
56 63 0 8 0.00877706799656
6 85 0 8 0.00876636244357
45 58 0 8 0.00873120408505
72 83 0 8 0.00872584059834
3 65 0 8 0.00869933608919
42 85 0 8 0.00869772769511
19 86 0 8 0.00868814531714
56 65 0 8 0.00868105981499
31 81 0 8 0.00867597293109
7 85 0 8 0.00866992678493
33 51 0 8 0.00866170506924
2 73 0 8 0.00865127425641
1 78 0 8 0.00865052174777
44 65 0 8 0.00864210259169
44 84 0 8 0.00862099882215
53 88 0 8 0.0086205014959
17 59 0 8 0.0086055919528
49 62 0 8 0.00860461499542
63 86 0 8 0.0085886195302
18 88 0 8 0.00858843233436
60 81 0 8 0.00858640298247
59 75 0 8 0.00858345627785
4 39 0 8 0.00857477635145
37 68 0 8 0.0085721956566
2 82 0 8 0.00857186689973
42 88 0 8 0.00856633391231
30 53 0 8 0.00855784118176
3 67 0 8 0.00855780113488
5 87 0 8 0.00855225138366
2 65 0 8 0.00854940153658
72 86 0 8 0.00853487104177
34 70 0 8 0.00852636620402
28 70 0 8 0.00852112751454
31 70 0 8 0.00851645134389
6 59 0 8 0.00851498637348
36 67 0 8 0.0085145784542
59 79 0 8 0.00850371643901
3 22 0 8 0.00849680043757
40 83 0 8 0.00849423464388
50 86 0 8 0.00847406219691
12 88 0 8 0.00847260002047
60 70 0 8 0.00845840666443
56 79 0 8 0.00845398847014
48 62 0 8 0.00843892525882
34 88 0 8 0.00843572989106
5 28 0 8 0.00840619392693
2 12 0 8 0.00839117914438
14 28 0 8 0.00838390551507
2 48 0 8 0.00834313686937
16 20 0 8 0.00833475776017
28 83 0 8 0.00832792185247
41 61 0 8 0.00831003207713
23 56 0 8 0.00829304102808
30 84 0 8 0.00828903075308
27 60 0 8 0.00828607194126
1 82 0 8 0.00828469265252
10 32 0 8 0.0082844896242
14 29 0 8 0.00827748700976
67 82 0 8 0.00827745161951
8 33 0 8 0.00826700311154
54 88 0 8 0.00826092995703
38 71 0 8 0.00824918691069
37 67 0 8 0.00824328698218
33 83 0 8 0.00823172461241
36 68 0 8 0.00822952575982
10 60 0 8 0.00822474807501
2 88 0 8 0.00822170637548
1 85 0 8 0.00822088308632
55 84 0 8 0.00820041913539
48 84 0 8 0.00819769781083
5 59 0 8 0.00819634087384
4 56 0 8 0.00817725621164
34 67 0 8 0.00817245058715
6 88 0 8 0.0081707816571
39 85 0 8 0.0081640901044
39 67 0 8 0.00816057063639
27 41 0 8 0.00815754476935
58 81 0 8 0.00815742183477
60 74 0 8 0.00815432053059
26 82 0 8 0.0081485491246
44 58 0 8 0.00814715400338
20 56 0 8 0.0081429509446
33 84 0 8 0.00813573691994
51 86 0 8 0.00812837574631
16 82 0 8 0.00810533761978
6 19 0 8 0.00810529571027
12 31 0 8 0.00810383539647
17 30 0 8 0.00809904932976
11 86 0 8 0.00809438060969
41 82 0 8 0.00808002147824
60 77 0 8 0.00807989947498
2 42 0 8 0.00805510766804
34 69 0 8 0.00805463921279
35 73 0 8 0.00805371347815
37 71 0 8 0.00804462097585
6 20 0 8 0.0080401590094
5 30 0 8 0.0080340700224
10 59 0 8 0.00803386792541
31 87 0 8 0.00803119689226
4 31 0 8 0.00800441019237
2 39 0 8 0.00799350161105
40 82 0 8 0.00799272675067
45 86 0 8 0.00799150951207
29 54 0 8 0.00799008086324
29 71 0 8 0.00797827076167
57 85 0 8 0.00796960666776
26 46 0 8 0.00796924065799
38 82 0 8 0.00796863436699
25 30 0 8 0.0079587046057
48 86 0 8 0.00795721262693
52 86 0 8 0.0079472977668
1 23 0 8 0.00794263277203
44 86 0 8 0.00794165208936
5 60 0 8 0.00791666749865
50 59 0 8 0.00790812261403
61 80 0 8 0.00790326017886
33 50 0 8 0.00788268167526
39 68 0 8 0.00787565577775
1 80 0 8 0.00787482131273
1 84 0 8 0.00786202773452
12 59 0 8 0.00785598251969
11 31 0 8 0.00785394571722
9 60 0 8 0.00785074662417
63 84 0 8 0.0078342333436
15 86 0 8 0.0078342333436
7 59 0 8 0.00782983005047
14 31 0 8 0.00780954584479
59 68 0 8 0.00779826985672
34 54 0 8 0.00779208168387
3 61 0 8 0.00773519417271
9 29 0 8 0.00772352097556
35 69 0 8 0.00772241735831
30 85 0 8 0.00771991489455
56 77 0 8 0.00771685410291
24 82 0 8 0.00771331693977
3 57 0 8 0.00771269295365
2 69 0 8 0.00768813490868
29 70 0 8 0.00768226571381
5 83 0 8 0.00768151693046
71 86 0 8 0.00766266137362
45 61 0 8 0.00765521405265
1 48 0 8 0.00765320425853
62 82 0 8 0.00765287084505
57 74 0 8 0.00764802703634
59 71 0 8 0.00764369592071
30 74 0 8 0.00763421133161
42 83 0 8 0.00763144809753
1 86 0 8 0.00763124972582
41 65 0 8 0.00763052050024
15 33 0 8 0.00762914447114
22 30 0 8 0.00761830760166
3 24 0 8 0.00761524029076
41 83 0 8 0.0076106400229
24 86 0 8 0.00760151213035
41 62 0 8 0.00759723642841
4 60 0 8 0.0075967903249
2 61 0 8 0.00758983381093
59 88 0 8 0.00758887501433
31 67 0 8 0.00758854439482
2 67 0 8 0.00757644185796
26 60 0 8 0.00756302988157
31 55 0 8 0.00756201706827
7 23 0 8 0.00754864141345
35 88 0 8 0.00754367001355
1 88 0 8 0.00754057615995
8 18 0 8 0.00753555633128
3 11 0 8 0.0075107337907
1 11 0 8 0.00750345457345
59 73 0 8 0.00750128831714
7 56 0 8 0.0074868677184
2 24 0 8 0.00748564209789
34 68 0 8 0.00748024089262
1 41 0 8 0.00747564388439
2 23 0 8 0.00746535509825
58 85 0 8 0.00746108870953
24 40 0 8 0.00744592631236
1 15 0 8 0.00743957934901
2 54 0 8 0.00743901589885
58 73 0 8 0.0074375718832
15 88 0 8 0.00743729108945
31 76 0 8 0.0074309501797
59 69 0 8 0.0074300779961
6 56 0 8 0.00742572592571
36 77 0 8 0.00742498086765
12 33 0 8 0.00742151681334
1 76 0 8 0.00741539662704
11 60 0 8 0.00741406995803
60 68 0 8 0.00740576162934
17 88 0 8 0.00739725213498
35 71 0 8 0.00738917989656
24 59 0 8 0.00738296378404
41 86 0 8 0.00736547354609
49 61 0 8 0.00735756056383
23 39 0 8 0.00735474703833
68 74 0 8 0.00734616722912
44 54 0 8 0.00734095321968
49 58 0 8 0.00733455223963
5 85 0 8 0.0073306648992
21 29 0 8 0.00731070199981
45 62 0 8 0.00730732176453
26 39 0 8 0.0073044616729
43 57 0 8 0.00729610258713
24 60 0 8 0.00729226972908
60 69 0 8 0.00728627992794
31 44 0 8 0.00728190084919
23 40 0 8 0.00728091131896
4 82 0 8 0.00728089455515
8 85 0 8 0.007277214434
1 83 0 8 0.00726584158838
4 28 0 8 0.00726444507018
9 86 0 8 0.00726107275113
4 58 0 8 0.00725219631568
67 74 0 8 0.00724657857791
27 82 0 8 0.00724311126396
8 59 0 8 0.00724043743685
16 86 0 8 0.00721995905042
12 30 0 8 0.00720811216161
2 64 0 8 0.00720728328452
73 83 0 8 0.00720388256013
14 30 0 8 0.00720248091966
58 74 0 8 0.00720077613369
6 86 0 8 0.0071970410645
2 33 0 8 0.00719557935372
4 87 0 8 0.00718457158655
57 88 0 8 0.00715408939868
33 67 0 8 0.00714287022129
37 43 0 8 0.00714084180072
57 67 0 8 0.00713782990351
10 33 0 8 0.0071377758868
27 47 0 8 0.00713384663686
60 85 0 8 0.00711169466376
34 59 0 8 0.00709959771484
20 35 0 8 0.00709554785863
5 24 0 8 0.00709045026451
6 26 0 8 0.00708883907646
48 63 0 8 0.00708648329601
31 74 0 8 0.00707632489502
60 80 0 8 0.00705497479066
39 82 0 8 0.00705229630694
27 77 0 8 0.00704909488559
21 31 0 8 0.00703958515078
3 86 0 8 0.00703680934384
34 48 0 8 0.00702434312552
34 84 0 8 0.00702000409365
30 76 0 8 0.00701317330822
45 82 0 8 0.00700816046447
42 84 0 8 0.0069801369682
3 51 0 8 0.00697846151888
59 74 0 8 0.00697775417939
2 72 0 8 0.00696817552671
6 27 0 8 0.0069646066986
4 59 0 8 0.00695960549638
3 26 0 8 0.00695807626471
27 73 0 8 0.00695505272597
17 37 0 8 0.00692900130525
14 25 0 8 0.00692719360813
55 86 0 8 0.00692660687491
4 84 0 8 0.00692461896688
34 85 0 8 0.0069244094193
13 30 0 8 0.00691580073908
28 74 0 8 0.00691093597561
8 84 0 8 0.00690756272525
43 62 0 8 0.00689170323312
40 88 0 8 0.00688218371943
36 43 0 8 0.00687659345567
46 52 0 8 0.00687387445942
2 86 0 8 0.00686904229224
37 85 0 8 0.00686597218737
36 88 0 8 0.00685423146933
24 88 0 8 0.0068463482894
23 84 0 8 0.00684604980052
66 74 0 8 0.00683836033568
1 40 0 8 0.00683664763346
57 83 0 8 0.00683336239308
73 82 0 8 0.00681005930528
4 27 0 8 0.00679306453094
11 59 0 8 0.00676670856774
3 88 0 8 0.00676005939022
7 27 0 8 0.00675574457273
36 59 0 8 0.00675016641617
59 81 0 8 0.00674655474722
1 25 0 8 0.00673207035288
1 74 0 8 0.00672857649624
33 65 0 8 0.00672725727782
42 82 0 8 0.00671889865771
60 82 0 8 0.00670712487772
1 45 0 8 0.00670038396493
56 74 0 8 0.00668441131711
8 30 0 8 0.00668240431696
34 55 0 8 0.00667584268376
30 83 0 8 0.00666197249666
1 12 0 8 0.00665754359215
47 63 0 8 0.00664390996099
32 47 0 8 0.0066435476765
54 84 0 8 0.00664038909599
45 57 0 8 0.00662426324561
8 29 0 8 0.00662119546905
2 22 0 8 0.00661414908245
27 46 0 8 0.00661026826128
35 43 0 8 0.00660268543288
3 25 0 8 0.00660231662914
29 55 0 8 0.00659989612177
42 47 0 8 0.00659356219694
1 71 0 8 0.00658959709108
37 86 0 8 0.00657469918951
1 24 0 8 0.00656445138156
56 83 0 8 0.00655854865909
33 55 0 8 0.00655525317416
9 27 0 8 0.00655413232744
1 14 0 8 0.00655352370813
4 83 0 8 0.00654819840565
2 49 0 8 0.00654337694868
1 73 0 8 0.00653592916206
26 47 0 8 0.00653326092288
59 83 0 8 0.00650026835501
7 26 0 8 0.00648881681263
43 86 0 8 0.00648449920118
32 81 0 8 0.00648182397708
5 88 0 8 0.00647268909961
26 88 0 8 0.00646328460425
52 88 0 8 0.00646033044904
59 86 0 8 0.00645917095244
33 85 0 8 0.00645915511996
3 62 0 8 0.00645226472989
16 88 0 8 0.00644636480138
35 85 0 8 0.00644296035171
56 82 0 8 0.00643219705671
33 82 0 8 0.00642175320536
17 56 0 8 0.00641987286508
17 35 0 8 0.00640093628317
35 77 0 8 0.00636386312544
20 38 0 8 0.00636385101825
42 86 0 8 0.00636365171522
34 53 0 8 0.00636324239895
42 60 0 8 0.00635897135362
38 43 0 8 0.0063344091177
49 86 0 8 0.00633388990536
2 68 0 8 0.00632857438177
1 35 0 8 0.00632438948378
58 84 0 8 0.00631964718923
31 80 0 8 0.0063173212111
30 55 0 8 0.00631501665339
15 19 0 8 0.00631172629073
56 88 0 8 0.00631171744317
37 83 0 8 0.0063086557202
60 88 0 8 0.0063009574078
33 52 0 8 0.00630054203793
36 85 0 8 0.00629516458139
43 84 0 8 0.00629204511642
43 83 0 8 0.00629147328436
44 82 0 8 0.00628652656451
57 73 0 8 0.00627869693562
33 53 0 8 0.00627563614398
35 68 0 8 0.00626785308123
21 32 0 8 0.00626522209495
59 85 0 8 0.00625867350027
23 86 0 8 0.00625682901591
2 62 0 8 0.00624713581055
2 63 0 8 0.00624702312052
32 55 0 8 0.00623816950247
26 55 0 8 0.00623334711418
7 86 0 8 0.00623304257169
33 77 0 8 0.00622947607189
35 56 0 8 0.00621916726232
34 43 0 8 0.0062185456045
4 85 0 8 0.00620362302288
1 39 0 8 0.00620137481019
2 30 0 8 0.00619034375995
33 68 0 8 0.00618058582768
28 73 0 8 0.00617882842198
56 75 0 8 0.00617654481903
27 88 0 8 0.00617532758042
32 67 0 8 0.00617353105918
9 30 0 8 0.00617232872173
30 77 0 8 0.00617203349248
44 62 0 8 0.00616546720266
57 84 0 8 0.00615930836648
32 71 0 8 0.00615725666285
32 60 0 8 0.0061438693665
40 86 0 8 0.00614324584603
4 24 0 8 0.0061344425194
38 83 0 8 0.00613379757851
5 26 0 8 0.00612655468285
34 73 0 8 0.00611574901268
3 31 0 8 0.00611020950601
56 66 0 8 0.00610913243145
38 69 0 8 0.00610526511446
29 74 0 8 0.00609944062307
64 82 0 8 0.00609274348244
60 86 0 8 0.00609101448208
67 77 0 8 0.00608687615022
20 36 0 8 0.0060834242031
8 60 0 8 0.0060833087191
59 80 0 8 0.00607983302325
54 86 0 8 0.00607017567381
60 73 0 8 0.00606378959492
56 76 0 8 0.0060589723289
11 32 0 8 0.00604858854786
2 56 0 8 0.00603726971895
1 44 0 8 0.00602719420567
3 63 0 8 0.00602458370849
11 33 0 8 0.00602446962148
34 82 0 8 0.00601736968383
28 54 0 8 0.00600780313835
35 70 0 8 0.005998166278
33 46 0 8 0.00599348265678
22 29 0 8 0.00595886213705
1 36 0 8 0.00594549207017
31 84 0 8 0.0059451116249
39 59 0 8 0.00593858910725
2 53 0 8 0.00593243585899
14 33 0 8 0.00592945562676
1 72 0 8 0.00591849302873
38 86 0 8 0.00590708293021
29 77 0 8 0.00590620702133
8 28 0 8 0.0059062037617
31 85 0 8 0.00590547313914
8 86 0 8 0.00590542843565
31 54 0 8 0.00590142654255
3 32 0 8 0.00588639313355
43 82 0 8 0.00587278883904
2 66 0 8 0.00586162181571
34 45 0 8 0.00584546709433
32 54 0 8 0.0058290027082
41 59 0 8 0.00581202469766
29 85 0 8 0.00580658810213
1 70 0 8 0.00579854194075
2 27 0 8 0.00576331140473
19 34 0 8 0.00575748924166
1 75 0 8 0.00575054949149
26 54 0 8 0.00574989197776
4 29 0 8 0.00574944214895
30 44 0 8 0.0057472102344
58 88 0 8 0.00574583467096
1 65 0 8 0.00573772797361
56 64 0 8 0.00573076773435
2 26 0 8 0.00572642544284
17 22 0 8 0.00571251753718
5 86 0 8 0.00570791494101
33 88 0 8 0.00570532865822
35 44 0 8 0.00570109393448
61 82 0 8 0.00569853466004
9 18 0 8 0.00568949617445
8 19 0 8 0.00567494006827
1 16 0 8 0.00567233609036
56 71 0 8 0.00566978706047
2 57 0 8 0.00566200166941
7 19 0 8 0.00566171994433
58 80 0 8 0.00565080484375
4 30 0 8 0.00564225111157
3 58 0 8 0.00564003642648
30 60 0 8 0.00563145056367
56 70 0 8 0.00563069758937
35 84 0 8 0.00562615552917
39 86 0 8 0.00562162743881
34 44 0 8 0.00559569569305
35 67 0 8 0.00559052405879
28 84 0 8 0.0055733807385
72 82 0 8 0.00557317724451
28 77 0 8 0.00556715764105
34 86 0 8 0.00555597012863
1 34 0 8 0.00555130885914
31 77 0 8 0.00553283188492
17 34 0 8 0.00552582321689
32 77 0 8 0.00551319681108
1 26 0 8 0.00551306083798
36 70 0 8 0.00550804892555
37 82 0 8 0.00550675857812
29 82 0 8 0.00550104025751
4 86 0 8 0.00549173215404
36 45 0 8 0.00547916814685
44 61 0 8 0.00547651620582
28 37 0 8 0.00545404711738
1 55 0 8 0.00544816348702
2 51 0 8 0.0054426449351
16 56 0 8 0.00542939407751
32 70 0 8 0.00542359380051
40 60 0 8 0.00541823543608
5 29 0 8 0.00541384564713
29 60 0 8 0.00540274986997
41 63 0 8 0.00537897786126
10 31 0 8 0.00536020379514
20 33 0 8 0.00535186659545
33 49 0 8 0.00535108754411
19 36 0 8 0.00535037647933
35 48 0 8 0.00532283866778
1 43 0 8 0.00532126845792
31 83 0 8 0.00530190765858
57 82 0 8 0.00526507385075
36 82 0 8 0.00522988615558
21 39 0 8 0.00522867776453
1 42 0 8 0.00522056175396
35 86 0 8 0.0052179149352
28 82 0 8 0.00521314004436
23 30 0 8 0.00521101150662
33 74 0 8 0.00520561076701
59 77 0 8 0.00520519120619
32 87 0 8 0.00520430505276
4 88 0 8 0.00520351435989
27 55 0 8 0.00518988026306
35 82 0 8 0.00518320547417
3 60 0 8 0.00517966598272
48 53 0 8 0.0051784501411
2 52 0 8 0.0051552853547
29 83 0 8 0.00513538019732
39 49 0 8 0.00513065885752
47 52 0 8 0.00512307276949
56 72 0 8 0.00511443056166
1 69 0 8 0.00511432345957
2 50 0 8 0.00511432113126
38 59 0 8 0.00511201936752
46 61 0 8 0.00510776974261
35 45 0 8 0.00510603748262
36 84 0 8 0.00510353827849
46 63 0 8 0.00509949913248
36 83 0 8 0.00509790005162
3 56 0 8 0.00509570678696
3 27 0 8 0.00509546278045
45 53 0 8 0.00508621986955
5 22 0 8 0.00505830114707
36 86 0 8 0.00505822710693
1 77 0 8 0.00503673218191
38 67 0 8 0.00502703292295
10 30 0 8 0.00500588165596
49 60 0 8 0.00500032911077
28 55 0 8 0.00499278586358
28 59 0 8 0.00498919840902
34 50 0 8 0.00498597277328
3 59 0 8 0.00498593505472
30 73 0 8 0.00495499605313
13 28 0 8 0.00494198873639
2 31 0 8 0.00493764551356
1 66 0 8 0.00493599195033
26 86 0 8 0.00492933299392
2 60 0 8 0.00491377385333
39 88 0 8 0.00491363788024
19 33 0 8 0.00488712638617
44 63 0 8 0.00488653685898
32 85 0 8 0.00488494476303
30 88 0 8 0.00485792895779
28 85 0 8 0.00483373180032
1 49 0 8 0.00483359629288
2 32 0 8 0.00478835217655
30 54 0 8 0.00478643923998
32 46 0 8 0.00473957974464
56 73 0 8 0.00473044533283
48 61 0 8 0.00471756746992
27 86 0 8 0.00471230922267
37 44 0 8 0.00470825377852
6 24 0 8 0.00469186343253
1 64 0 8 0.0046855234541
38 68 0 8 0.00467309774831
27 32 0 8 0.004670931492
19 37 0 8 0.0046432716772
8 20 0 8 0.00464265048504
51 56 0 8 0.00464177969843
3 30 0 8 0.00462892698124
33 86 0 8 0.00460711820051
44 57 0 8 0.00460423901677
3 28 0 8 0.00460279034451
32 74 0 8 0.0046000299044
12 25 0 8 0.00459040468559
27 59 0 8 0.00458291731775
20 34 0 8 0.00458089541644
29 36 0 8 0.00457943370566
30 86 0 8 0.00456091715023
46 62 0 8 0.00455935439095
17 33 0 8 0.00454396940768
35 50 0 8 0.00451754871756
1 33 0 8 0.00450560962781
33 73 0 8 0.00449538277462
56 86 0 8 0.00448682112619
2 59 0 8 0.00448273774236
41 48 0 8 0.0044648158364
57 86 0 8 0.00444406736642
31 47 0 8 0.00443956349045
2 28 0 8 0.00442397594452
29 84 0 8 0.00439624348655
5 21 0 8 0.00439171679318
56 85 0 8 0.0043909875676
28 60 0 8 0.00435856450349
9 25 0 8 0.00433787330985
1 30 0 8 0.00433674547821
14 18 0 8 0.0043332753703
1 57 0 8 0.00432926928625
31 60 0 8 0.00432532466948
1 67 0 8 0.00431806920096
32 84 0 8 0.00429748976603
8 26 0 8 0.00428893696517
1 68 0 8 0.00428780075163
7 20 0 8 0.00428192550316
58 86 0 8 0.00425986060873
4 26 0 8 0.00423101847991
12 27 0 8 0.00421769823879
26 59 0 8 0.00421049678698
49 54 0 8 0.00420747697353
32 80 0 8 0.00420467508957
5 27 0 8 0.00420131022111
1 54 0 8 0.00417011138052
24 56 0 8 0.00416592974216
29 88 0 8 0.00414746254683
29 73 0 8 0.00411429768428
31 73 0 8 0.00409942306578
29 47 0 8 0.00409500626847
33 47 0 8 0.00409209402278
6 21 0 8 0.00405229208991
32 73 0 8 0.0040169917047
32 83 0 8 0.00401108758524
34 49 0 8 0.00399845093489
22 40 0 8 0.00399536406621
21 41 0 8 0.00399249652401
50 55 0 8 0.00398169318214
59 82 0 8 0.00394720816985
28 47 0 8 0.00393779110163
1 53 0 8 0.00390851404518
25 56 0 8 0.00388770294376
1 51 0 8 0.00387881998904
24 41 0 8 0.00387369771488
2 58 0 8 0.00384930684231
30 59 0 8 0.00384430564009
29 46 0 8 0.00383901363239
58 83 0 8 0.00383492908441
56 84 0 8 0.0037996142637
31 88 0 8 0.00378992175683
1 61 0 8 0.00378831406124
40 49 0 8 0.00378509424627
36 44 0 8 0.00378503301181
47 62 0 8 0.00373942404985
30 47 0 8 0.00372962187976
34 56 0 8 0.00371918827295
29 59 0 8 0.00371206761338
30 82 0 8 0.00368708395399
27 54 0 8 0.00366995926015
9 23 0 8 0.00365176307969
9 20 0 8 0.00363708892837
44 55 0 8 0.00362884555943
10 29 0 8 0.00362732331268
11 30 0 8 0.00362399197184
15 24 0 8 0.0035884976387
56 69 0 8 0.00358715793118
9 17 0 8 0.0035783466883
22 41 0 8 0.00354969967157
1 27 0 8 0.00354185700417
10 28 0 8 0.00353701692075
1 62 0 8 0.00353519734927
1 52 0 8 0.00349328015
33 54 0 8 0.00349121913314
1 50 0 8 0.0034750290215
11 29 0 8 0.00347263226286
3 29 0 8 0.00344306440093
19 35 0 8 0.0034407612402
31 59 0 8 0.00343568832614
12 29 0 8 0.0034323935397
35 49 0 8 0.00342915742658
36 48 0 8 0.00339280674234
58 82 0 8 0.0033642470371
38 51 0 8 0.00335902767256
1 29 0 8 0.00335436477326
14 27 0 8 0.00335404952057
2 29 0 8 0.00335205416195
43 60 0 8 0.0033369071316
21 37 0 8 0.00333587313071
8 27 0 8 0.00331071321853
32 82 0 8 0.00329615315422
46 58 0 8 0.00326744792983
27 38 0 8 0.00324727687985
29 35 0 8 0.00322938407771
8 25 0 8 0.00321438908577
1 63 0 8 0.00320778018795
37 45 0 8 0.0032036525663
24 39 0 8 0.00319178658538
49 57 0 8 0.00317707262002
28 88 0 8 0.00315663102083
28 46 0 8 0.00315508292988
12 26 0 8 0.00315142283216
31 82 0 8 0.00311306654476
31 86 0 8 0.0031107943505
33 56 0 8 0.00310543272644
48 58 0 8 0.00310040730983
28 33 0 8 0.00307298917323
1 56 0 8 0.00306155928411
37 50 0 8 0.00305367237888
47 61 0 8 0.00298173143528
42 59 0 8 0.00296819047071
1 59 0 8 0.00295075355098
14 26 0 8 0.00290235038847
46 57 0 8 0.00289185158908
13 25 0 8 0.00288731651381
12 28 0 8 0.00287411687896
13 27 0 8 0.00282619567588
40 45 0 8 0.00280475988984
1 31 0 8 0.0027883281
32 88 0 8 0.00277078640647
27 37 0 8 0.00272552040406
8 23 0 8 0.00271294382401
6 22 0 8 0.0027028080076
16 22 0 8 0.00269195740111
29 86 0 8 0.00268510822207
1 60 0 8 0.00268016336486
26 37 0 8 0.00266410480253
1 28 0 8 0.00266362074763
43 56 0 8 0.00263495626859
45 55 0 8 0.00262556830421
13 26 0 8 0.00257603544742
45 54 0 8 0.00251970626414
47 58 0 8 0.00248960545287
31 46 0 8 0.00248113041744
42 56 0 8 0.00247144256718
36 49 0 8 0.00245855562389
1 58 0 8 0.00240761740133
7 22 0 8 0.0024017628748
30 46 0 8 0.00239736260846
34 47 0 8 0.00238739443012
21 40 0 8 0.00238338881172
28 86 0 8 0.00237359502353
22 38 0 8 0.00237102760002
41 46 0 8 0.00237061153166
43 59 0 8 0.00234142434783
21 38 0 8 0.0023363949731
15 23 0 8 0.00233012670651
1 32 0 8 0.0023145370651
14 24 0 8 0.00231149350293
11 25 0 8 0.00226428220049
49 59 0 8 0.00226424029097
7 24 0 8 0.00222935900092
48 54 0 8 0.00222390750423
9 26 0 8 0.00205621845089
36 47 0 8 0.00205424777232
26 56 0 8 0.00202052178793
48 60 0 8 0.00201992876828
13 24 0 8 0.00201078690588
46 59 0 8 0.00200991635211
37 49 0 8 0.00200451095589
16 21 0 8 0.00199343264103
24 32 0 8 0.00196551438421
38 50 0 8 0.00189835787751
34 46 0 8 0.00186655216385
48 57 0 8 0.00186290882993
47 54 0 8 0.00184957974125
30 56 0 8 0.00182250200305
36 46 0 8 0.00180600525346
10 17 0 8 0.00180437101517
10 27 0 8 0.00180021638516
46 53 0 8 0.00179870123975
35 46 0 8 0.0017917661462
27 56 0 8 0.00178699567914
47 57 0 8 0.00178632210009
37 48 0 8 0.00178270449396
38 44 0 8 0.00177157088183
32 56 0 8 0.00176837353501
41 47 0 8 0.00175972317811
47 60 0 8 0.00175097340252
44 59 0 8 0.0017354672309
44 60 0 8 0.00172202277463
45 60 0 8 0.00171988469083
12 24 0 8 0.00169600988738
32 86 0 8 0.00169559253845
40 48 0 8 0.00167417607736
47 55 0 8 0.00166943215299
22 37 0 8 0.00165323994588
7 21 0 8 0.0016487443354
46 60 0 8 0.00164727098309
21 36 0 8 0.00164647831116
45 59 0 8 0.00164355803281
9 19 0 8 0.00163235224318
10 26 0 8 0.00162988284137
39 48 0 8 0.00161203881726
35 47 0 8 0.00161159830168
21 33 0 8 0.00159449735656
21 35 0 8 0.00159016274847
12 23 0 8 0.00158449960873
38 45 0 8 0.00152655004058
22 32 0 8 0.00149280170444
15 20 0 8 0.00144496292342
22 33 0 8 0.00144130247645
14 23 0 8 0.00143633270636
47 59 0 8 0.00143105036113
8 21 0 8 0.00142629793845
49 55 0 8 0.00142051116563
11 27 0 8 0.00141748832539
39 45 0 8 0.00141508411616
37 46 0 8 0.00141008652281
47 53 0 8 0.00140292115975
46 56 0 8 0.00138666131534
12 17 0 8 0.00138297316153
8 22 0 8 0.00130469864234
23 37 0 8 0.00130179850385
46 55 0 8 0.00129704468418
28 56 0 8 0.00128455285449
11 28 0 8 0.00128370942548
26 38 0 8 0.00126270402689
10 18 0 8 0.00126090005506
38 49 0 8 0.00124531111214
28 36 0 8 0.00123819918372
13 23 0 8 0.0012335376814
48 59 0 8 0.00123148737475
29 56 0 8 0.00122633296996
31 56 0 8 0.00122408638708
23 38 0 8 0.00119878200348
13 18 0 8 0.00117421580944
22 36 0 8 0.00114258180838
11 26 0 8 0.00114036852028
10 20 0 8 0.00109639740549
48 55 0 8 0.00107451761141
9 24 0 8 0.00101869215723
25 31 0 8 0.00100515061058
50 56 0 8 0.000988941174001
40 47 0 8 0.000977840856649
23 33 0 8 0.000961195502896
44 56 0 8 0.000959732744377
23 34 0 8 0.000951764581259
26 32 0 8 0.000935545365792
38 48 0 8 0.000910763861611
8 24 0 8 0.000895734701771
25 33 0 8 0.000892569660209
46 54 0 8 0.000889895134605
45 56 0 8 0.000882211141288
25 32 0 8 0.000878071703482
25 37 0 8 0.00087209121557
10 25 0 8 0.000871436612215
9 21 0 8 0.000868064526003
11 22 0 8 0.000867573777214
12 22 0 8 0.000863272172865
27 36 0 8 0.000856781902257
24 30 0 8 0.000838087988086
24 31 0 8 0.000832573510706
10 24 0 8 0.000831752025988
10 19 0 8 0.000810548372101
14 19 0 8 0.000787813100033
10 22 0 8 0.000785396085121
11 23 0 8 0.000774135871325
11 18 0 8 0.00077297561802
40 46 0 8 0.000770010286942
11 17 0 8 0.000764032418374
28 34 0 8 0.000756483292207
25 36 0 8 0.000752664695028
38 46 0 8 0.000748445454519
26 35 0 8 0.000746213889215
15 22 0 8 0.000733843422495
22 35 0 8 0.000726846570615
12 18 0 8 0.000722154742107
28 35 0 8 0.000721538322978
26 36 0 8 0.000716108537745
24 33 0 8 0.00070233939914
21 34 0 8 0.000689278065693
23 36 0 8 0.000680649012793
37 47 0 8 0.000677556730807
48 56 0 8 0.00067656947067
27 35 0 8 0.000672121241223
10 21 0 8 0.000671282934491
23 35 0 8 0.000654239440337
22 34 0 8 0.000653088151012
11 19 0 8 0.000651850656141
11 21 0 8 0.000650796340778
25 34 0 8 0.000638023135252
47 56 0 8 0.000623435014859
13 20 0 8 0.000609862676356
25 38 0 8 0.000608262897003
38 47 0 8 0.000605982088018
14 20 0 8 0.000605787266977
24 38 0 8 0.00059740053257
9 22 0 8 0.000592794385739
26 34 0 8 0.00056494231103
25 35 0 8 0.000561087625101
39 47 0 8 0.000552847108338
13 22 0 8 0.000543596106581
15 21 0 8 0.000537907879334
10 23 0 8 0.000537158106454
24 36 0 8 0.000532705860678
24 34 0 8 0.000502153823618
24 35 0 8 0.000485003489302
39 46 0 8 0.000471302162623
12 20 0 8 0.000463154690806
49 56 0 8 0.000436930014985
11 20 0 8 0.000432523229392
14 22 0 8 0.000421495526098
27 33 0 8 0.000413527945057
12 19 0 8 0.000412302179029
27 34 0 8 0.000403619284043
24 37 0 8 0.000400944816647
13 21 0 8 0.000384680082789
12 21 0 8 0.00036382584949
13 19 0 8 0.000361727288691
26 33 0 8 0.000335803779308
14 21 0 8 0.000330159004079
11 24 0 8 0.000305436289636
