3 4 0 8 0.999998748302
53 54 0 8 0.999997913837
57 58 0 8 0.99999755621
64 65 0 8 0.999996840954
52 53 0 8 0.999996721745
61 62 0 8 0.999996542931
59 60 0 8 0.999996483326
66 67 0 8 0.999996423721
72 73 0 8 0.999996304512
69 70 0 8 0.999996125698
44 45 0 8 0.999995529652
70 71 0 8 0.999995410442
62 63 0 8 0.999995410442
56 57 0 8 0.999995231628
17 18 0 8 0.99999499321
39 40 0 8 0.999994933605
77 78 0 8 0.999994814396
63 64 0 8 0.999993801117
74 75 0 8 0.999993145466
68 69 0 8 0.99999243021
58 59 0 8 0.999992370605
4 5 0 8 0.999992072582
65 66 0 8 0.999991714954
2 3 0 8 0.999990999699
28 29 0 8 0.999990820885
76 77 0 8 0.999990105629
26 27 0 8 0.99998909235
67 68 0 8 0.999988973141
24 25 0 8 0.999988436699
5 6 0 8 0.999987185001
12 13 0 8 0.999986112118
45 46 0 8 0.999985873699
30 31 0 8 0.999985456467
60 61 0 8 0.999984681606
43 44 0 8 0.999983787537
38 39 0 8 0.999983668327
1 2 0 8 0.999983489513
32 33 0 8 0.999982476234
27 28 0 8 0.999982297421
75 76 0 8 0.999982118607
51 52 0 8 0.999982059002
41 42 0 8 0.999981939793
31 32 0 8 0.999978542328
13 14 0 8 0.999978303909
40 41 0 8 0.999977469444
22 23 0 8 0.999976336956
21 22 0 8 0.99997407198
20 21 0 8 0.999973654747
25 26 0 8 0.999971687794
29 30 0 8 0.999969780445
55 56 0 8 0.999968528748
23 24 0 8 0.999965488911
15 16 0 8 0.999964654446
71 72 0 8 0.999962091446
10 11 0 8 0.9999563694
11 12 0 8 0.999953567982
42 43 0 8 0.999952018261
87 88 0 8 0.999949336052
19 20 0 8 0.999948918819
6 7 0 8 0.999948740005
14 15 0 8 0.999945640564
18 19 0 8 0.999944210052
54 55 0 8 0.999939143658
73 74 0 8 0.999937355518
16 17 0 8 0.999935507774
37 38 0 8 0.999927639961
50 51 0 8 0.999912381172
9 10 0 8 0.999890625477
7 8 0 8 0.999890089035
34 35 0 8 0.999889671803
46 47 0 8 0.999882638454
79 80 0 8 0.999878883362
78 79 0 8 0.999874353409
33 34 0 8 0.99986666441
8 9 0 8 0.999847888947
86 87 0 8 0.999769806862
35 36 0 8 0.999719619751
80 81 0 8 0.999674022198
49 50 0 8 0.999627351761
47 48 0 8 0.999603748322
36 37 0 8 0.999603688717
81 82 0 8 0.999282777309
48 49 0 8 0.998867452145
62 64 0 8 0.997208356857
85 86 0 8 0.996616303921
12 45 0 8 0.996312499046
63 66 0 8 0.996142923832
61 63 0 8 0.996069014072
59 61 0 8 0.99505263567
63 65 0 8 0.994989335537
10 72 0 8 0.994759678841
82 83 0 8 0.99447196722
10 47 0 8 0.994247913361
23 25 0 8 0.994175076485
6 51 0 8 0.993776977062
8 10 0 8 0.993695616722
11 44 0 8 0.99353313446
22 24 0 8 0.993019640446
8 49 0 8 0.992914915085
60 63 0 8 0.992581367493
7 50 0 8 0.992580711842
21 23 0 8 0.992076396942
59 62 0 8 0.992013394833
9 46 0 8 0.991916120052
83 84 0 8 0.991703927517
12 44 0 8 0.99149620533
60 62 0 8 0.991009175777
58 60 0 8 0.990979015827
22 25 0 8 0.990495681763
11 73 0 8 0.990482270718
84 85 0 8 0.990357577801
8 75 0 8 0.990289032459
47 49 0 8 0.990262269974
32 52 0 8 0.989855349064
7 48 0 8 0.989782869816
10 22 0 8 0.9897570014
62 65 0 8 0.988956153393
14 45 0 8 0.98888117075
25 66 0 8 0.988484561443
6 77 0 8 0.988056838512
9 48 0 8 0.987914919853
5 52 0 8 0.987469911575
18 45 0 8 0.987447559834
34 52 0 8 0.986991047859
23 26 0 8 0.986797571182
11 74 0 8 0.986724615097
19 22 0 8 0.986630439758
35 50 0 8 0.9864757061
12 73 0 8 0.98624175787
22 47 0 8 0.985928475857
49 51 0 8 0.985134899616
6 59 0 8 0.984485626221
61 64 0 8 0.984425008297
33 49 0 8 0.984184265137
25 27 0 8 0.983402729034
11 46 0 8 0.983305573463
62 66 0 8 0.983183979988
25 69 0 8 0.982177436352
20 22 0 8 0.982019126415
59 63 0 8 0.981886208057
64 66 0 8 0.981730163097
56 58 0 8 0.981668889523
24 26 0 8 0.98157197237
24 27 0 8 0.980794072151
10 12 0 8 0.980759143829
36 49 0 8 0.98065829277
57 59 0 8 0.98045527935
12 72 0 8 0.979725420475
56 59 0 8 0.979694843292
22 66 0 8 0.978335380554
13 44 0 8 0.978313446045
19 21 0 8 0.977340936661
21 24 0 8 0.97716987133
10 49 0 8 0.976507604122
8 66 0 8 0.976449370384
12 46 0 8 0.976057827473
9 76 0 8 0.976048409939
10 75 0 8 0.975790679455
5 50 0 8 0.974846243858
29 62 0 8 0.973774254322
45 47 0 8 0.973403632641
19 23 0 8 0.972694396973
7 51 0 8 0.97252124548
23 27 0 8 0.971911549568
22 26 0 8 0.971408724785
14 43 0 8 0.971170902252
55 57 0 8 0.970659673214
25 65 0 8 0.969058811665
18 20 0 8 0.969040513039
9 75 0 8 0.96771466732
20 23 0 8 0.967634260654
65 67 0 8 0.966573357582
58 61 0 8 0.966530203819
63 75 0 8 0.966366708279
6 53 0 8 0.965267896652
31 51 0 8 0.964012384415
25 28 0 8 0.963835597038
8 51 0 8 0.963746726513
26 28 0 8 0.962495028973
21 69 0 8 0.962013721466
22 69 0 8 0.961563527584
27 29 0 8 0.961422920227
60 64 0 8 0.960648357868
33 51 0 8 0.959199965
61 65 0 8 0.958830595016
20 24 0 8 0.95829552412
55 58 0 8 0.957647323608
7 49 0 8 0.957594335079
38 45 0 8 0.957269668579
32 51 0 8 0.957106173038
31 53 0 8 0.956673979759
10 66 0 8 0.956218898296
12 47 0 8 0.955994486809
10 46 0 8 0.953904867172
6 8 0 8 0.952920436859
51 53 0 8 0.952845156193
13 71 0 8 0.952333629131
34 50 0 8 0.951946377754
64 67 0 8 0.951817691326
11 45 0 8 0.951511323452
36 38 0 8 0.949815809727
13 43 0 8 0.949546396732
26 29 0 8 0.945289373398
24 28 0 8 0.944974541664
21 25 0 8 0.94022667408
26 49 0 8 0.939418435097
44 46 0 8 0.938778698444
18 22 0 8 0.937713384628
18 21 0 8 0.937402129173
25 29 0 8 0.937375247478
10 45 0 8 0.936476230621
18 69 0 8 0.934645235538
13 73 0 8 0.934512794018
9 11 0 8 0.933244466782
38 40 0 8 0.932627141476
31 33 0 8 0.93238145113
11 72 0 8 0.932356894016
17 19 0 8 0.931827127934
9 47 0 8 0.931729018688
22 72 0 8 0.930863916874
29 31 0 8 0.930221021175
12 71 0 8 0.929912626743
63 67 0 8 0.928937375546
74 76 0 8 0.928122222424
14 40 0 8 0.926330685616
7 77 0 8 0.926263868809
67 69 0 8 0.923918604851
57 60 0 8 0.923252463341
7 78 0 8 0.922614514828
35 37 0 8 0.922496855259
6 50 0 8 0.922121763229
31 62 0 8 0.921752274036
18 71 0 8 0.921621203423
38 47 0 8 0.919983029366
69 71 0 8 0.918790280819
36 47 0 8 0.916714310646
18 72 0 8 0.913985610008
26 51 0 8 0.911392450333
13 45 0 8 0.91128975153
4 6 0 8 0.908075749874
26 66 0 8 0.907731235027
59 77 0 8 0.906658649445
26 31 0 8 0.905912339687
8 63 0 8 0.90570962429
69 72 0 8 0.905042350292
66 69 0 8 0.904620826244
41 43 0 8 0.904567122459
33 35 0 8 0.904234588146
53 59 0 8 0.90362662077
26 62 0 8 0.900534391403
40 45 0 8 0.900233983994
5 34 0 8 0.898519873619
11 75 0 8 0.897641956806
12 14 0 8 0.897274911404
63 77 0 8 0.897046744823
6 78 0 8 0.896677732468
55 59 0 8 0.894711852074
66 68 0 8 0.891892373562
76 78 0 8 0.891380906105
9 49 0 8 0.886806666851
25 62 0 8 0.886246860027
12 74 0 8 0.885177433491
84 86 0 8 0.884391248226
58 62 0 8 0.882524609566
18 47 0 8 0.882108569145
46 48 0 8 0.881726980209
75 77 0 8 0.881047785282
10 69 0 8 0.879391252995
8 77 0 8 0.878191292286
77 79 0 8 0.875859022141
29 61 0 8 0.875745475292
73 75 0 8 0.873750925064
2 4 0 8 0.872839510441
34 51 0 8 0.872836470604
5 53 0 8 0.867119908333
14 44 0 8 0.864118874073
29 58 0 8 0.861945092678
14 17 0 8 0.859744369984
48 50 0 8 0.856118202209
5 51 0 8 0.855472564697
7 9 0 8 0.854986071587
56 60 0 8 0.853426456451
22 49 0 8 0.85180413723
14 16 0 8 0.850867509842
15 17 0 8 0.847294092178
70 72 0 8 0.845216870308
15 45 0 8 0.8424898386
31 58 0 8 0.842179656029
9 78 0 8 0.839541733265
37 39 0 8 0.838282346725
23 33 0 8 0.837197244167
27 30 0 8 0.833279788494
11 13 0 8 0.833264529705
17 20 0 8 0.832175552845
8 62 0 8 0.830858886242
36 50 0 8 0.825730025768
8 47 0 8 0.82316339016
28 65 0 8 0.822201371193
53 55 0 8 0.820906937122
5 7 0 8 0.820640802383
36 48 0 8 0.81958425045
8 76 0 8 0.818935453892
12 18 0 8 0.817391693592
31 52 0 8 0.814861357212
65 68 0 8 0.811701476574
19 36 0 8 0.811532378197
33 36 0 8 0.811011970043
57 61 0 8 0.806178927422
13 15 0 8 0.80137783289
81 83 0 8 0.801319479942
11 76 0 8 0.801250457764
11 47 0 8 0.800508916378
33 52 0 8 0.800207078457
33 50 0 8 0.798134207726
72 74 0 8 0.797865629196
40 42 0 8 0.795502960682
27 31 0 8 0.793132603168
50 52 0 8 0.788238048553
8 48 0 8 0.784168541431
40 43 0 8 0.784110069275
1 3 0 8 0.779635488987
21 71 0 8 0.778654158115
12 36 0 8 0.774457216263
26 33 0 8 0.772601246834
9 74 0 8 0.771958768368
79 81 0 8 0.770163357258
3 5 0 8 0.765255630016
53 58 0 8 0.762820363045
10 73 0 8 0.761409282684
86 88 0 8 0.759958565235
42 44 0 8 0.759933948517
32 34 0 8 0.759564995766
21 70 0 8 0.759356737137
10 48 0 8 0.759096801281
71 73 0 8 0.753309905529
78 80 0 8 0.752882540226
28 30 0 8 0.752219259739
37 46 0 8 0.750958442688
37 48 0 8 0.746327221394
82 84 0 8 0.737465620041
17 21 0 8 0.735763370991
19 45 0 8 0.733784615993
83 85 0 8 0.732581198215
38 46 0 8 0.728115916252
43 45 0 8 0.725227177143
52 54 0 8 0.72307151556
85 87 0 8 0.719468533993
54 58 0 8 0.718512296677
19 47 0 8 0.716845393181
80 82 0 8 0.708473443985
34 36 0 8 0.706293940544
64 68 0 8 0.700793087482
12 22 0 8 0.699562191963
37 45 0 8 0.692529439926
37 47 0 8 0.68775165081
16 18 0 8 0.680267632008
4 77 0 8 0.675337910652
8 78 0 8 0.67307972908
30 32 0 8 0.672679424286
53 56 0 8 0.671987831593
53 62 0 8 0.671418368816
14 18 0 8 0.669498324394
15 71 0 8 0.667486727238
29 65 0 8 0.665413200855
6 63 0 8 0.66147172451
6 66 0 8 0.660461127758
39 45 0 8 0.647812485695
14 32 0 8 0.644129633904
83 86 0 8 0.641390800476
17 32 0 8 0.639261007309
39 46 0 8 0.638181209564
7 46 0 8 0.633750557899
8 50 0 8 0.631119191647
12 38 0 8 0.626876354218
14 71 0 8 0.621652424335
6 52 0 8 0.620428740978
7 39 0 8 0.619543254375
37 50 0 8 0.618597507477
65 69 0 8 0.609649002552
12 19 0 8 0.608919739723
7 37 0 8 0.608844637871
72 75 0 8 0.60426658392
5 78 0 8 0.601747632027
8 59 0 8 0.600817501545
6 36 0 8 0.59999537468
66 72 0 8 0.598980605602
39 41 0 8 0.594795763493
7 76 0 8 0.59062319994
47 74 0 8 0.589905023575
40 44 0 8 0.586455106735
27 33 0 8 0.585931181908
7 75 0 8 0.585621416569
8 72 0 8 0.583409070969
54 56 0 8 0.575685143471
27 32 0 8 0.572566747665
22 33 0 8 0.572431981564
37 49 0 8 0.570555329323
9 73 0 8 0.567695200443
39 48 0 8 0.564294457436
19 38 0 8 0.56362593174
51 62 0 8 0.563376247883
44 73 0 8 0.561858475208
9 50 0 8 0.561413288116
12 40 0 8 0.559805572033
10 74 0 8 0.55557513237
68 70 0 8 0.551797926426
35 48 0 8 0.550246655941
15 21 0 8 0.548076212406
6 79 0 8 0.547104477882
9 77 0 8 0.545001983643
8 26 0 8 0.541418194771
5 81 0 8 0.540570914745
16 19 0 8 0.540386915207
16 20 0 8 0.537366569042
23 36 0 8 0.531087696552
12 43 0 8 0.523776531219
10 71 0 8 0.523254096508
26 30 0 8 0.518255710602
11 48 0 8 0.507850706577
18 70 0 8 0.495647996664
15 18 0 8 0.492955386639
7 79 0 8 0.4907951653
35 49 0 8 0.489802062511
6 75 0 8 0.48504152894
10 44 0 8 0.480430603027
6 62 0 8 0.469150513411
4 53 0 8 0.468666851521
3 52 0 8 0.447650402784
9 39 0 8 0.439164280891
36 46 0 8 0.434502691031
7 47 0 8 0.432877004147
10 37 0 8 0.428918540478
6 49 0 8 0.426110118628
47 72 0 8 0.423803269863
33 47 0 8 0.421605437994
9 40 0 8 0.420720368624
36 45 0 8 0.420291960239
82 86 0 8 0.411671698093
9 38 0 8 0.408728063107
51 77 0 8 0.402752071619
6 76 0 8 0.40237057209
11 39 0 8 0.396750003099
6 55 0 8 0.393714159727
11 43 0 8 0.391453415155
39 43 0 8 0.390552639961
51 78 0 8 0.384857803583
10 38 0 8 0.384555459023
19 33 0 8 0.381338208914
7 52 0 8 0.379208952188
6 34 0 8 0.376719474792
7 35 0 8 0.366214364767
7 38 0 8 0.366099923849
51 59 0 8 0.360193967819
8 36 0 8 0.354901462793
32 53 0 8 0.353075504303
19 37 0 8 0.350741147995
26 47 0 8 0.34995624423
8 22 0 8 0.347532629967
7 54 0 8 0.339257419109
26 32 0 8 0.331420451403
6 56 0 8 0.324681401253
39 44 0 8 0.323706448078
31 65 0 8 0.321493387222
7 32 0 8 0.321100860834
8 69 0 8 0.31860730052
12 23 0 8 0.317370206118
6 81 0 8 0.313255727291
8 33 0 8 0.311721801758
30 58 0 8 0.311520189047
14 19 0 8 0.310434937477
4 34 0 8 0.309606522322
31 49 0 8 0.308939427137
4 54 0 8 0.305619448423
5 79 0 8 0.305006831884
17 70 0 8 0.303104221821
50 78 0 8 0.300756275654
47 75 0 8 0.298608124256
10 36 0 8 0.296605110168
54 59 0 8 0.296108812094
4 33 0 8 0.296019047499
5 49 0 8 0.295074343681
33 59 0 8 0.292672455311
37 77 0 8 0.286405682564
5 80 0 8 0.281084805727
7 53 0 8 0.274484157562
46 75 0 8 0.273359149694
11 71 0 8 0.269395232201
8 67 0 8 0.266113907099
45 75 0 8 0.265652865171
56 79 0 8 0.265005648136
35 46 0 8 0.264852672815
6 80 0 8 0.260482013226
5 33 0 8 0.25997492671
4 52 0 8 0.257201105356
4 55 0 8 0.256209731102
12 39 0 8 0.254210442305
66 75 0 8 0.25388661027
41 44 0 8 0.253776341677
3 78 0 8 0.25279083848
59 75 0 8 0.245747253299
5 77 0 8 0.24451264739
22 45 0 8 0.243912875652
8 37 0 8 0.241889417171
11 37 0 8 0.24113202095
49 77 0 8 0.238142415881
14 38 0 8 0.237004697323
19 59 0 8 0.236211821437
7 36 0 8 0.236191153526
12 69 0 8 0.235974729061
47 78 0 8 0.235675498843
7 81 0 8 0.23485943675
8 46 0 8 0.234137415886
12 35 0 8 0.233345374465
12 32 0 8 0.232455924153
33 75 0 8 0.230883702636
13 72 0 8 0.229849904776
40 46 0 8 0.227529272437
38 44 0 8 0.226236820221
50 79 0 8 0.224457353354
5 32 0 8 0.223710119724
81 85 0 8 0.223361983895
9 44 0 8 0.222161859274
38 48 0 8 0.220373615623
46 74 0 8 0.21561332047
8 32 0 8 0.211646914482
3 54 0 8 0.21068175137
9 37 0 8 0.210458636284
82 85 0 8 0.20975497365
81 84 0 8 0.208849415183
63 72 0 8 0.207934468985
80 83 0 8 0.206967756152
12 66 0 8 0.206769883633
11 49 0 8 0.205609813333
32 49 0 8 0.205000445247
38 50 0 8 0.204454869032
16 71 0 8 0.204263165593
9 72 0 8 0.19958755374
6 32 0 8 0.198489367962
45 78 0 8 0.198239788413
32 50 0 8 0.196925222874
36 78 0 8 0.196362406015
11 42 0 8 0.195225834846
69 73 0 8 0.194697529078
22 62 0 8 0.194346398115
33 53 0 8 0.192111894488
33 77 0 8 0.190215393901
6 33 0 8 0.188928157091
8 35 0 8 0.18861964345
45 74 0 8 0.188607856631
19 53 0 8 0.188242137432
36 66 0 8 0.188241973519
23 47 0 8 0.188116237521
7 43 0 8 0.187376260757
85 88 0 8 0.184708714485
34 49 0 8 0.183535188437
6 45 0 8 0.180382460356
10 39 0 8 0.179986789823
36 51 0 8 0.179105475545
31 54 0 8 0.17904509604
9 35 0 8 0.178195774555
12 75 0 8 0.175384059548
62 77 0 8 0.175332531333
14 21 0 8 0.175192371011
5 76 0 8 0.174598634243
80 84 0 8 0.174185872078
14 23 0 8 0.172866716981
33 62 0 8 0.172416746616
83 87 0 8 0.171865329146
37 78 0 8 0.17181558907
32 54 0 8 0.171245023608
6 37 0 8 0.170443087816
63 69 0 8 0.169955641031
18 40 0 8 0.169613361359
10 62 0 8 0.168996840715
15 19 0 8 0.168853342533
9 51 0 8 0.168272927403
36 75 0 8 0.166411742568
10 59 0 8 0.165359690785
29 69 0 8 0.165307372808
52 62 0 8 0.16487570107
15 43 0 8 0.162897631526
8 25 0 8 0.161952853203
48 75 0 8 0.160729587078
2 54 0 8 0.160168811679
35 51 0 8 0.159137174487
36 72 0 8 0.158002614975
79 83 0 8 0.157511100173
8 74 0 8 0.156220585108
26 69 0 8 0.155600562692
4 76 0 8 0.154346302152
84 87 0 8 0.153888195753
14 20 0 8 0.153348460793
7 45 0 8 0.153290912509
66 73 0 8 0.152937352657
8 53 0 8 0.151744499803
13 40 0 8 0.151233300567
52 79 0 8 0.150156319141
9 45 0 8 0.149202153087
6 35 0 8 0.148737475276
14 36 0 8 0.148520424962
49 79 0 8 0.147557064891
15 70 0 8 0.147126600146
47 76 0 8 0.14677940309
8 40 0 8 0.146213203669
45 73 0 8 0.146203622222
11 50 0 8 0.145788356662
35 78 0 8 0.145281210542
19 66 0 8 0.145162552595
6 41 0 8 0.144830644131
13 17 0 8 0.143907010555
34 53 0 8 0.143653035164
52 78 0 8 0.143327176571
36 62 0 8 0.142642006278
49 63 0 8 0.142538189888
17 71 0 8 0.142398789525
8 38 0 8 0.141604676843
50 74 0 8 0.141517475247
49 72 0 8 0.14118899405
9 36 0 8 0.140687406063
35 45 0 8 0.139850944281
11 36 0 8 0.138868436217
36 59 0 8 0.137131348252
12 49 0 8 0.137028247118
23 75 0 8 0.136807188392
50 80 0 8 0.136459365487
50 76 0 8 0.135722965002
5 54 0 8 0.135397732258
6 42 0 8 0.135315433145
79 82 0 8 0.135298535228
25 31 0 8 0.135278686881
31 66 0 8 0.135019481182
4 32 0 8 0.134515956044
78 81 0 8 0.134479910135
77 80 0 8 0.133241444826
7 31 0 8 0.131042838097
30 54 0 8 0.129698634148
17 22 0 8 0.12935385108
6 54 0 8 0.128781959414
49 75 0 8 0.128634989262
53 63 0 8 0.12828463316
38 49 0 8 0.127678945661
5 38 0 8 0.12747682631
7 34 0 8 0.126777097583
10 50 0 8 0.125933393836
30 53 0 8 0.124833337963
10 52 0 8 0.124746330082
84 88 0 8 0.124647118151
5 35 0 8 0.124545678496
3 75 0 8 0.124278903008
42 71 0 8 0.124201878905
7 80 0 8 0.124006457627
40 76 0 8 0.123826429248
1 4 0 8 0.123135752976
2 78 0 8 0.122983887792
20 38 0 8 0.122492425144
34 48 0 8 0.121846333146
11 38 0 8 0.121213383973
22 51 0 8 0.12117446959
38 75 0 8 0.120398260653
22 75 0 8 0.120055653155
33 66 0 8 0.119868390262
18 66 0 8 0.119280934334
29 53 0 8 0.118661038578
54 62 0 8 0.118279434741
4 31 0 8 0.11777266115
42 70 0 8 0.117009475827
78 82 0 8 0.116889201105
7 56 0 8 0.116871282458
7 41 0 8 0.116829425097
11 78 0 8 0.116346985102
51 79 0 8 0.116107299924
23 35 0 8 0.115786984563
16 32 0 8 0.114606022835
4 56 0 8 0.114507116377
50 77 0 8 0.114438213408
16 30 0 8 0.114026024938
35 52 0 8 0.113219335675
14 22 0 8 0.112874165177
10 78 0 8 0.112698741257
31 34 0 8 0.112629048526
39 47 0 8 0.111800707877
13 38 0 8 0.11156269908
9 43 0 8 0.110973574221
11 35 0 8 0.110524065793
48 77 0 8 0.110481135547
44 69 0 8 0.110315352678
50 81 0 8 0.110013343394
51 58 0 8 0.109884925187
43 73 0 8 0.109772875905
31 55 0 8 0.108851119876
10 18 0 8 0.108784943819
48 74 0 8 0.108645781875
4 51 0 8 0.108124703169
5 83 0 8 0.107677958906
6 48 0 8 0.107542008162
15 69 0 8 0.1072358042
49 66 0 8 0.106778383255
8 80 0 8 0.106225162745
52 59 0 8 0.105854667723
38 43 0 8 0.105727508664
6 31 0 8 0.105011679232
3 32 0 8 0.104669362307
53 77 0 8 0.103961110115
4 78 0 8 0.103441745043
3 56 0 8 0.102436862886
4 36 0 8 0.102135010064
13 41 0 8 0.101693458855
37 53 0 8 0.101558119059
35 38 0 8 0.101482085884
9 34 0 8 0.100382253528
16 21 0 8 0.100251935422
67 72 0 8 0.100039117038
15 37 0 8 0.0993980541825
30 52 0 8 0.0993600264192
10 23 0 8 0.098864518106
19 62 0 8 0.0988271906972
52 56 0 8 0.0988234952092
34 47 0 8 0.0979601666331
52 80 0 8 0.09784039855
21 72 0 8 0.0977958962321
8 29 0 8 0.0975934192538
53 60 0 8 0.0963996574283
5 36 0 8 0.0957525745034
52 55 0 8 0.0956924781203
67 70 0 8 0.095685005188
60 77 0 8 0.0953436270356
51 54 0 8 0.0951170027256
37 44 0 8 0.0949445441365
8 52 0 8 0.0944476798177
5 75 0 8 0.0943148136139
14 33 0 8 0.0938354060054
27 62 0 8 0.0934592559934
6 46 0 8 0.0925157368183
14 72 0 8 0.0919975265861
30 55 0 8 0.0917550697923
9 41 0 8 0.0915514230728
44 71 0 8 0.091187864542
35 76 0 8 0.0911776348948
32 78 0 8 0.0902699902654
24 69 0 8 0.0902342274785
5 82 0 8 0.090159073472
49 76 0 8 0.090111233294
4 44 0 8 0.0899741351604
12 15 0 8 0.0899042189121
28 69 0 8 0.0891677588224
53 78 0 8 0.0879830941558
51 80 0 8 0.087287209928
10 76 0 8 0.0872837901115
10 63 0 8 0.0864180549979
10 77 0 8 0.0863080993295
27 66 0 8 0.0858727842569
29 59 0 8 0.0856826752424
38 77 0 8 0.0855315625668
14 42 0 8 0.0854895189404
18 38 0 8 0.0854891836643
20 70 0 8 0.0854261666536
6 26 0 8 0.0850153490901
54 57 0 8 0.0848495587707
16 45 0 8 0.0847361236811
7 66 0 8 0.0844414755702
8 34 0 8 0.0837437659502
9 53 0 8 0.0833660438657
44 74 0 8 0.0831099450588
70 73 0 8 0.0830221697688
56 75 0 8 0.0825745463371
69 75 0 8 0.0824768692255
6 72 0 8 0.0823438540101
45 69 0 8 0.0822292566299
59 79 0 8 0.082208327949
25 33 0 8 0.0819034874439
9 33 0 8 0.0813421979547
22 36 0 8 0.081213645637
35 47 0 8 0.0810771584511
8 23 0 8 0.0808179080486
7 59 0 8 0.0807087570429
4 50 0 8 0.0803917273879
48 80 0 8 0.0795393660665
43 74 0 8 0.0793502852321
33 78 0 8 0.0793168619275
39 42 0 8 0.0788560137153
46 78 0 8 0.078496478498
33 76 0 8 0.0781196579337
50 83 0 8 0.076764293015
64 69 0 8 0.0766055434942
3 53 0 8 0.0765454396605
14 49 0 8 0.0765140727162
14 34 0 8 0.0764802768826
6 44 0 8 0.0763917639852
44 76 0 8 0.0763191431761
13 16 0 8 0.0762412473559
67 75 0 8 0.0759427621961
22 53 0 8 0.0757701098919
7 62 0 8 0.0755480825901
10 51 0 8 0.0746365040541
4 75 0 8 0.0745714530349
40 47 0 8 0.0744073018432
52 58 0 8 0.0738891735673
36 77 0 8 0.0734357610345
6 39 0 8 0.0732891634107
12 17 0 8 0.0727931708097
10 35 0 8 0.0722267702222
11 41 0 8 0.0720050260425
8 79 0 8 0.0719380825758
12 48 0 8 0.0717207118869
8 19 0 8 0.0714636966586
13 18 0 8 0.0712342187762
14 47 0 8 0.0711941868067
10 40 0 8 0.0711741298437
8 27 0 8 0.0710017159581
12 34 0 8 0.0708046928048
39 50 0 8 0.0708046406507
25 63 0 8 0.0707705020905
44 79 0 8 0.0704103857279
36 76 0 8 0.0699048563838
67 74 0 8 0.0696394965053
35 75 0 8 0.068925447762
14 70 0 8 0.0687627196312
9 62 0 8 0.0687553584576
37 75 0 8 0.068667575717
6 58 0 8 0.068303771317
12 25 0 8 0.0682443976402
2 55 0 8 0.0681653693318
35 59 0 8 0.0680020451546
31 50 0 8 0.0678968653083
26 63 0 8 0.0678828731179
43 71 0 8 0.0675673857331
53 57 0 8 0.0675580725074
38 52 0 8 0.0675091743469
76 88 0 8 0.0672660171986
22 78 0 8 0.0668781027198
44 75 0 8 0.0667916834354
35 77 0 8 0.0663797333837
12 37 0 8 0.0663190484047
53 79 0 8 0.0659596249461
33 54 0 8 0.0657237321138
37 72 0 8 0.0656943395734
27 34 0 8 0.0656696036458
50 75 0 8 0.0654515326023
4 30 0 8 0.0653281882405
16 73 0 8 0.0651537701488
23 49 0 8 0.0647891908884
14 46 0 8 0.0643836185336
36 69 0 8 0.0642762631178
4 40 0 8 0.0642562434077
2 39 0 8 0.0640932023525
29 68 0 8 0.0640253722668
77 81 0 8 0.0640127286315
47 73 0 8 0.0640117153525
16 38 0 8 0.0638953521848
33 69 0 8 0.0637003406882
3 74 0 8 0.0635784193873
8 81 0 8 0.0635116696358
22 59 0 8 0.0634430274367
14 75 0 8 0.0634098276496
17 45 0 8 0.0633307546377
10 70 0 8 0.0630602389574
12 78 0 8 0.062500782311
4 79 0 8 0.0622879043221
54 79 0 8 0.0621281377971
3 79 0 8 0.0621035806835
10 19 0 8 0.0619816817343
47 51 0 8 0.0613458119333
44 80 0 8 0.0611718073487
4 66 0 8 0.0610067248344
46 71 0 8 0.0609776079655
12 21 0 8 0.0609682053328
48 73 0 8 0.0609130039811
6 69 0 8 0.0608487129211
5 56 0 8 0.0603382363915
47 77 0 8 0.060282997787
13 74 0 8 0.0599776208401
5 73 0 8 0.0599215142429
41 70 0 8 0.0596462897956
34 75 0 8 0.0593791566789
43 80 0 8 0.0593684650958
2 29 0 8 0.0592337734997
48 78 0 8 0.0591112263501
5 45 0 8 0.0589598566294
49 80 0 8 0.0587361305952
68 72 0 8 0.0583139136434
6 38 0 8 0.0582652017474
32 55 0 8 0.0578096359968
34 62 0 8 0.0577187873423
29 66 0 8 0.057461284101
39 78 0 8 0.0573463961482
78 88 0 8 0.0573020763695
47 50 0 8 0.0572204142809
5 48 0 8 0.0569298788905
13 19 0 8 0.0565144121647
44 78 0 8 0.0564875937998
3 55 0 8 0.0564803518355
25 72 0 8 0.0564276091754
27 51 0 8 0.0563618503511
29 51 0 8 0.0563320368528
2 30 0 8 0.0561759024858
3 35 0 8 0.0559574514627
18 23 0 8 0.0557693578303
26 36 0 8 0.0556680113077
80 85 0 8 0.0555883012712
76 86 0 8 0.0555391199887
18 49 0 8 0.0555349811912
19 75 0 8 0.055519066751
65 72 0 8 0.0554989129305
52 81 0 8 0.0550271756947
4 38 0 8 0.055003143847
26 53 0 8 0.0549750849605
81 86 0 8 0.0549079366028
79 84 0 8 0.0548481717706
6 43 0 8 0.0546861290932
14 52 0 8 0.0545764155686
45 48 0 8 0.0544788204134
63 73 0 8 0.0544573813677
22 63 0 8 0.0544569306076
13 70 0 8 0.054337233305
36 40 0 8 0.0543269664049
25 68 0 8 0.0542848072946
15 20 0 8 0.0538715384901
43 75 0 8 0.053863491863
13 75 0 8 0.0538178756833
6 47 0 8 0.0537926889956
22 38 0 8 0.053441606462
23 34 0 8 0.0531602613628
17 69 0 8 0.0530233941972
18 36 0 8 0.0528857000172
38 72 0 8 0.0528849102557
14 31 0 8 0.0527698136866
30 78 0 8 0.0526072718203
43 79 0 8 0.0524123683572
32 58 0 8 0.0521927587688
17 47 0 8 0.0519059039652
66 71 0 8 0.0518565997481
76 80 0 8 0.0517804697156
10 32 0 8 0.0517203696072
37 79 0 8 0.0516946949065
5 31 0 8 0.0516393966973
78 86 0 8 0.0516048446298
76 87 0 8 0.0513041913509
27 35 0 8 0.0512741357088
4 72 0 8 0.0511276647449
78 84 0 8 0.0509076230228
49 78 0 8 0.0507773011923
11 51 0 8 0.0506895072758
29 33 0 8 0.0505973435938
12 77 0 8 0.0505159534514
52 77 0 8 0.0503332279623
13 42 0 8 0.0503281019628
48 66 0 8 0.0501703284681
12 16 0 8 0.0500986427069
13 21 0 8 0.0500246062875
13 46 0 8 0.0499157644808
26 52 0 8 0.0497877709568
78 85 0 8 0.0494964234531
20 35 0 8 0.0494704321027
77 88 0 8 0.0493041686714
43 46 0 8 0.0491744801402
4 62 0 8 0.0490489974618
3 34 0 8 0.0488500334322
47 79 0 8 0.048842292279
48 51 0 8 0.0487540587783
4 35 0 8 0.0487122684717
51 63 0 8 0.0486987009645
15 40 0 8 0.0486831516027
4 29 0 8 0.0484414622188
78 87 0 8 0.0484109222889
6 25 0 8 0.048097576946
19 51 0 8 0.0480126179755
4 39 0 8 0.0479283705354
4 80 0 8 0.0478041097522
42 45 0 8 0.0475877970457
41 78 0 8 0.0474341213703
43 78 0 8 0.0473006442189
14 66 0 8 0.0472971126437
33 45 0 8 0.0472787208855
4 7 0 8 0.0472644865513
19 44 0 8 0.0471160635352
79 85 0 8 0.0469301939011
9 79 0 8 0.04689797014
7 74 0 8 0.0468633361161
22 77 0 8 0.0466564036906
23 37 0 8 0.0465443767607
2 56 0 8 0.0464815273881
67 73 0 8 0.0463067032397
23 51 0 8 0.0461914725602
14 78 0 8 0.0459785982966
41 45 0 8 0.0459570288658
45 66 0 8 0.0456167906523
51 81 0 8 0.0454173870385
4 43 0 8 0.0453468635678
19 48 0 8 0.04528561607
26 34 0 8 0.0451862029731
34 78 0 8 0.0451490730047
4 48 0 8 0.0448447465897
29 32 0 8 0.0446639694273
47 62 0 8 0.0446325354278
48 79 0 8 0.0441950447857
14 73 0 8 0.0439535118639
44 72 0 8 0.0439197942615
27 59 0 8 0.0438550822437
14 51 0 8 0.0436185076833
2 53 0 8 0.0433785505593
46 50 0 8 0.0433009415865
32 74 0 8 0.0432837381959
49 81 0 8 0.0430089049041
6 73 0 8 0.0427984930575
42 79 0 8 0.0427394881845
46 77 0 8 0.0427052341402
47 66 0 8 0.0426976159215
20 27 0 8 0.042678616941
51 75 0 8 0.0426755547523
2 5 0 8 0.0426591075957
82 87 0 8 0.0424617789686
12 20 0 8 0.0424521714449
48 81 0 8 0.0424230694771
3 40 0 8 0.0423545800149
39 75 0 8 0.0423464775085
77 87 0 8 0.0423340648413
10 26 0 8 0.0423266962171
52 83 0 8 0.0422771461308
30 33 0 8 0.0422501936555
28 31 0 8 0.0421833992004
11 26 0 8 0.0421040914953
2 31 0 8 0.0420626178384
66 70 0 8 0.0419805124402
25 59 0 8 0.0419707112014
79 87 0 8 0.0417484641075
37 40 0 8 0.0416171513498
30 79 0 8 0.0414879769087
15 22 0 8 0.0414614863694
66 74 0 8 0.0413209013641
10 21 0 8 0.0412209965289
21 68 0 8 0.0412073768675
13 39 0 8 0.0411663278937
17 40 0 8 0.0411279276013
53 61 0 8 0.0409806035459
81 87 0 8 0.0408041775227
8 44 0 8 0.0407594144344
35 72 0 8 0.0407357998192
3 30 0 8 0.0406342558563
7 83 0 8 0.0406173057854
19 63 0 8 0.0403119064867
80 86 0 8 0.0402580276132
46 76 0 8 0.040126517415
8 39 0 8 0.0401177071035
25 30 0 8 0.0398819893599
38 73 0 8 0.0398445241153
41 73 0 8 0.0397465489805
45 76 0 8 0.039616048336
37 76 0 8 0.039557363838
23 62 0 8 0.0395368598402
45 72 0 8 0.039350785315
54 81 0 8 0.0392552986741
33 72 0 8 0.0391830839217
23 66 0 8 0.0391459241509
11 34 0 8 0.039140779525
4 69 0 8 0.0391174443066
23 63 0 8 0.0391023643315
46 81 0 8 0.0390302166343
36 73 0 8 0.0389761701226
8 73 0 8 0.0388138256967
6 71 0 8 0.0385047458112
27 49 0 8 0.0383757837117
19 69 0 8 0.038327280432
20 33 0 8 0.038288898766
71 74 0 8 0.0381508469582
21 74 0 8 0.0381061024964
31 56 0 8 0.0380478836596
5 59 0 8 0.0380378141999
46 79 0 8 0.0378715470433
33 48 0 8 0.0377758294344
77 86 0 8 0.0377191267908
19 78 0 8 0.0377106890082
14 74 0 8 0.0376495085657
13 47 0 8 0.0375628061593
10 33 0 8 0.0373421385884
3 81 0 8 0.0373352058232
15 73 0 8 0.0372933410108
37 51 0 8 0.0372011512518
1 55 0 8 0.0371044203639
35 39 0 8 0.0369674265385
6 9 0 8 0.0369456969202
4 47 0 8 0.0368502512574
59 78 0 8 0.0366874933243
63 76 0 8 0.0366472378373
14 50 0 8 0.0366152599454
18 59 0 8 0.0365293361247
54 78 0 8 0.0363914705813
25 49 0 8 0.0362052358687
39 74 0 8 0.036110445857
12 76 0 8 0.0359707288444
11 40 0 8 0.0358946546912
19 49 0 8 0.0357473567128
29 55 0 8 0.0357383154333
15 72 0 8 0.0357345230877
51 66 0 8 0.0356809608638
31 79 0 8 0.0354749895632
30 69 0 8 0.0353738330305
4 81 0 8 0.0353598110378
2 52 0 8 0.0352562703192
78 83 0 8 0.0351469554007
53 80 0 8 0.0350649505854
63 68 0 8 0.0349973812699
4 46 0 8 0.0348587073386
18 62 0 8 0.0348489880562
5 55 0 8 0.0347095243633
10 25 0 8 0.0346342511475
34 81 0 8 0.0345553867519
18 75 0 8 0.034424636513
12 62 0 8 0.0344212912023
49 59 0 8 0.0343836694956
3 76 0 8 0.0343261696398
4 26 0 8 0.0342894457281
49 62 0 8 0.0342709459364
8 31 0 8 0.0341359935701
75 78 0 8 0.0340647436678
79 86 0 8 0.0340014435351
13 20 0 8 0.0338885188103
47 80 0 8 0.0337598919868
15 46 0 8 0.0336514003575
35 74 0 8 0.0335975848138
56 81 0 8 0.0334734991193
34 45 0 8 0.0333901531994
18 35 0 8 0.0333037264645
77 85 0 8 0.033267904073
17 72 0 8 0.033241584897
62 75 0 8 0.0332194268703
14 41 0 8 0.0331128686666
23 40 0 8 0.033105764538
53 81 0 8 0.0329653136432
3 77 0 8 0.0329526402056
13 53 0 8 0.0328092835844
43 68 0 8 0.0328002758324
12 59 0 8 0.0327130816877
54 82 0 8 0.0327109508216
6 82 0 8 0.0325971990824
58 77 0 8 0.0325427763164
11 22 0 8 0.0323725789785
4 22 0 8 0.0323109328747
69 74 0 8 0.0321932919323
34 38 0 8 0.0321570374072
19 40 0 8 0.0321215577424
56 80 0 8 0.0320909358561
76 79 0 8 0.0319872498512
1 40 0 8 0.0319058485329
6 29 0 8 0.0318911112845
38 78 0 8 0.0318305678666
18 43 0 8 0.0317947268486
59 72 0 8 0.0316655784845
35 66 0 8 0.0316437855363
49 69 0 8 0.03155984357
46 69 0 8 0.0314741060138
34 76 0 8 0.0312653519213
8 45 0 8 0.0312219150364
46 80 0 8 0.0311956629157
11 52 0 8 0.0311112571508
9 69 0 8 0.0310159381479
5 37 0 8 0.0309102591127
83 88 0 8 0.0307250414044
46 73 0 8 0.0305524561554
42 72 0 8 0.0305184274912
21 66 0 8 0.0304733347148
11 66 0 8 0.0303688067943
53 75 0 8 0.0303281284869
4 37 0 8 0.0302383899689
3 80 0 8 0.0301781836897
38 69 0 8 0.030110841617
32 62 0 8 0.0300369784236
40 77 0 8 0.0298690292984
23 78 0 8 0.0298681035638
16 70 0 8 0.0298347193748
64 72 0 8 0.0297866500914
20 62 0 8 0.0297534298152
1 78 0 8 0.029718156904
4 74 0 8 0.0296849552542
10 79 0 8 0.0296502541751
35 79 0 8 0.029637882486
1 54 0 8 0.0296264607459
79 88 0 8 0.0295887440443
34 77 0 8 0.0295453388244
13 78 0 8 0.0294009763747
23 32 0 8 0.0293750241399
15 44 0 8 0.0293113477528
17 73 0 8 0.0292422622442
46 66 0 8 0.0292107462883
74 88 0 8 0.0290649235249
28 33 0 8 0.0289555080235
44 81 0 8 0.0287428200245
12 33 0 8 0.0285683460534
6 74 0 8 0.0283314753324
11 25 0 8 0.0283149089664
38 66 0 8 0.0282484497875
19 34 0 8 0.0280577223748
7 72 0 8 0.0280181933194
30 51 0 8 0.028015492484
7 82 0 8 0.0279827490449
40 73 0 8 0.0278043728322
45 79 0 8 0.0276422463357
1 79 0 8 0.0272171404213
29 78 0 8 0.0271620303392
4 63 0 8 0.0270500201732
80 87 0 8 0.0270317792892
16 27 0 8 0.0269435346127
8 55 0 8 0.0269192680717
51 76 0 8 0.0268635638058
12 51 0 8 0.0267981048673
10 14 0 8 0.0267799980938
15 39 0 8 0.0266883410513
13 77 0 8 0.0265098549426
80 88 0 8 0.0264362301677
4 49 0 8 0.0263935681432
42 73 0 8 0.0263820234686
46 72 0 8 0.0263010859489
15 59 0 8 0.0260062776506
8 42 0 8 0.0258568543941
31 78 0 8 0.0257867015898
25 51 0 8 0.0257021225989
31 80 0 8 0.0256898794323
41 46 0 8 0.0256270207465
4 73 0 8 0.0255407951772
13 59 0 8 0.0253917183727
18 33 0 8 0.0253782514483
65 71 0 8 0.0253541134298
17 61 0 8 0.0253351256251
1 5 0 8 0.0252907741815
82 88 0 8 0.0251744184643
7 69 0 8 0.0251153446734
39 49 0 8 0.0250990502536
1 53 0 8 0.0250804293901
5 72 0 8 0.0250765886158
50 82 0 8 0.0250456612557
34 80 0 8 0.0250448398292
21 65 0 8 0.025037297979
24 56 0 8 0.0249547827989
11 79 0 8 0.0248977094889
81 88 0 8 0.0248952675611
27 36 0 8 0.0248682871461
2 32 0 8 0.0248008240014
11 19 0 8 0.0247784722596
3 33 0 8 0.0247253458947
40 71 0 8 0.0246612019837
49 73 0 8 0.0246575884521
31 59 0 8 0.0246250312775
29 81 0 8 0.0244471747428
11 20 0 8 0.0244209896773
8 65 0 8 0.0243809856474
3 31 0 8 0.0242457110435
29 54 0 8 0.024188356474
35 69 0 8 0.0241811592132
26 35 0 8 0.0241109095514
55 81 0 8 0.0240528136492
8 43 0 8 0.0238478351384
12 53 0 8 0.0237298794091
12 52 0 8 0.0236839670688
13 36 0 8 0.0236822385341
2 41 0 8 0.0236608572304
5 46 0 8 0.0236279070377
54 80 0 8 0.023489844054
62 69 0 8 0.0233646612614
43 72 0 8 0.0233330726624
6 19 0 8 0.0232812967151
11 62 0 8 0.0232244059443
2 77 0 8 0.0232145749032
17 23 0 8 0.0231809932739
1 29 0 8 0.0231720861048
3 48 0 8 0.0230330564082
12 41 0 8 0.0230322033167
27 69 0 8 0.0230219755322
7 63 0 8 0.0230154450983
10 41 0 8 0.0229893401265
31 69 0 8 0.0229592546821
38 76 0 8 0.0229359362274
8 71 0 8 0.0228871311992
31 68 0 8 0.0228557214141
27 65 0 8 0.0227394383401
30 81 0 8 0.0226474255323
32 81 0 8 0.022646849975
26 78 0 8 0.02257168293
30 62 0 8 0.022542104125
12 63 0 8 0.0224932264537
13 49 0 8 0.0224271658808
51 72 0 8 0.0224221684039
17 38 0 8 0.0223726388067
40 66 0 8 0.0223242137581
50 59 0 8 0.0223111305386
25 61 0 8 0.0222470648587
10 67 0 8 0.0222443733364
11 77 0 8 0.0222442746162
37 69 0 8 0.0222431849688
16 43 0 8 0.0221689138561
38 74 0 8 0.0221612881869
7 44 0 8 0.0221332497895
9 80 0 8 0.0221331119537
5 30 0 8 0.0220933314413
29 56 0 8 0.0220795236528
63 74 0 8 0.0220769196749
9 30 0 8 0.0220650415868
2 76 0 8 0.0220430754125
31 81 0 8 0.0220257975161
41 71 0 8 0.0219248142093
28 32 0 8 0.0219101924449
11 69 0 8 0.0218623746186
5 29 0 8 0.0218342188746
13 69 0 8 0.021793153137
13 22 0 8 0.0217603947967
4 59 0 8 0.0216945242137
37 66 0 8 0.0216511264443
32 66 0 8 0.0216390844434
75 88 0 8 0.0216041021049
10 27 0 8 0.021500390023
2 65 0 8 0.0214948132634
26 75 0 8 0.0214910823852
60 75 0 8 0.0214789230376
15 75 0 8 0.0213912148029
1 77 0 8 0.0213911570609
62 72 0 8 0.021378044039
17 33 0 8 0.0213492121547
25 78 0 8 0.0212976559997
30 65 0 8 0.0212429612875
9 52 0 8 0.021115757525
14 39 0 8 0.0211029481143
65 70 0 8 0.0210940688848
9 81 0 8 0.0210345387459
47 81 0 8 0.0210126228631
17 75 0 8 0.0209998209029
28 53 0 8 0.0209994483739
45 81 0 8 0.0209700260311
32 79 0 8 0.0209593772888
48 83 0 8 0.0209575574845
45 70 0 8 0.0209418702871
34 56 0 8 0.0209372993559
17 62 0 8 0.0209059845656
14 25 0 8 0.0208972450346
6 60 0 8 0.0207641907036
60 79 0 8 0.0207576230168
39 73 0 8 0.0207575988024
16 40 0 8 0.0207533296198
37 62 0 8 0.0207267254591
22 35 0 8 0.0206595677882
48 72 0 8 0.0206560268998
63 71 0 8 0.0206146240234
47 71 0 8 0.0205514729023
32 47 0 8 0.0205348078161
18 39 0 8 0.020509744063
15 32 0 8 0.0205059256405
70 74 0 8 0.0204988066107
56 82 0 8 0.0204981602728
2 80 0 8 0.0204711314291
26 45 0 8 0.0204555802047
35 62 0 8 0.0204238127917
42 80 0 8 0.020412825048
10 53 0 8 0.0204096976668
45 63 0 8 0.0203846395016
2 34 0 8 0.0203789845109
32 80 0 8 0.0203623790294
27 53 0 8 0.0202942546457
4 41 0 8 0.020289035514
41 80 0 8 0.0202839653939
56 61 0 8 0.0202697757632
45 80 0 8 0.0202316381037
9 83 0 8 0.0201845224947
34 54 0 8 0.0201745703816
38 80 0 8 0.020165650174
33 58 0 8 0.0201296396554
3 39 0 8 0.0200733225793
1 56 0 8 0.0200709719211
56 77 0 8 0.0200383197516
18 78 0 8 0.0199885386974
6 30 0 8 0.0199644770473
33 55 0 8 0.0199641492218
13 52 0 8 0.0199612677097
2 79 0 8 0.0199464298785
54 83 0 8 0.0199197884649
63 70 0 8 0.0199030898511
13 35 0 8 0.0198922995478
19 72 0 8 0.0198693405837
25 36 0 8 0.0197606664151
67 71 0 8 0.0197522584349
34 79 0 8 0.019728846848
55 60 0 8 0.0196598824114
30 56 0 8 0.0196443945169
18 44 0 8 0.019639307633
21 67 0 8 0.0196360573173
20 40 0 8 0.0195990335196
24 29 0 8 0.0195734798908
23 50 0 8 0.0195360779762
13 48 0 8 0.0194936804473
10 43 0 8 0.0194592811167
23 59 0 8 0.0194175504148
4 28 0 8 0.0193905979395
2 6 0 8 0.0193409975618
15 55 0 8 0.0193148143589
38 51 0 8 0.019296919927
1 81 0 8 0.0192959420383
5 43 0 8 0.0192615706474
13 79 0 8 0.0192317776382
30 73 0 8 0.0192247629166
31 72 0 8 0.0192233324051
15 42 0 8 0.0192104000598
21 73 0 8 0.0191737953573
16 33 0 8 0.0191701427102
26 59 0 8 0.0191677454859
7 40 0 8 0.0191527605057
68 71 0 8 0.0191223416477
22 37 0 8 0.0191178452224
4 45 0 8 0.0190947856754
37 80 0 8 0.0190859381109
34 73 0 8 0.0189913567156
23 38 0 8 0.0189698748291
25 53 0 8 0.0189453903586
23 69 0 8 0.0189204402268
43 81 0 8 0.0189099926502
60 78 0 8 0.0188580732793
30 61 0 8 0.0188527088612
33 74 0 8 0.0188354868442
10 42 0 8 0.0188241973519
22 27 0 8 0.0187963023782
3 46 0 8 0.0187721606344
29 79 0 8 0.0187622811645
30 80 0 8 0.0187555067241
34 69 0 8 0.0186817012727
24 72 0 8 0.0186594501138
37 43 0 8 0.0186563096941
41 79 0 8 0.0186529848725
40 69 0 8 0.0186495855451
23 45 0 8 0.0186460856348
14 62 0 8 0.0186257939786
3 6 0 8 0.0186214484274
27 52 0 8 0.0186130553484
42 78 0 8 0.0186122879386
3 37 0 8 0.0186037365347
45 49 0 8 0.0185959599912
39 80 0 8 0.0185438580811
8 56 0 8 0.0185170900077
2 40 0 8 0.0185157041997
31 57 0 8 0.0185031369328
3 38 0 8 0.0184885784984
54 77 0 8 0.018429690972
8 11 0 8 0.0184292979538
4 27 0 8 0.0184099059552
62 78 0 8 0.0184056386352
4 58 0 8 0.0184041708708
35 80 0 8 0.0184020381421
59 81 0 8 0.0183867141604
35 81 0 8 0.0183759070933
10 80 0 8 0.0183550342917
41 69 0 8 0.0183546617627
41 74 0 8 0.0183500349522
63 78 0 8 0.0183406285942
3 51 0 8 0.0183374211192
35 44 0 8 0.0183250233531
1 30 0 8 0.0183221958578
31 63 0 8 0.0183221306652
35 82 0 8 0.0182533208281
19 26 0 8 0.0182371009141
49 83 0 8 0.0182101968676
40 78 0 8 0.018166968599
41 72 0 8 0.0181229170412
24 62 0 8 0.0180939398706
2 37 0 8 0.0180723555386
43 70 0 8 0.0180603414774
44 47 0 8 0.0180568061769
4 8 0 8 0.0180359594524
19 35 0 8 0.0180069431663
55 83 0 8 0.0179686062038
5 39 0 8 0.0179681964219
51 69 0 8 0.0179543420672
33 73 0 8 0.0179365612566
27 78 0 8 0.0179180838168
43 76 0 8 0.0179173946381
41 77 0 8 0.017849681899
40 63 0 8 0.0178415179253
37 41 0 8 0.0178373064846
7 30 0 8 0.0178037714213
30 77 0 8 0.0177416913211
9 59 0 8 0.0177193265408
9 22 0 8 0.0176746901125
3 57 0 8 0.0176586192101
2 81 0 8 0.0176581721753
1 31 0 8 0.017653029412
31 75 0 8 0.0176324993372
35 73 0 8 0.0175925996155
24 79 0 8 0.0175457373261
19 43 0 8 0.0175454728305
14 35 0 8 0.017538940534
4 65 0 8 0.0175081714988
19 39 0 8 0.017491184175
38 42 0 8 0.0174484029412
14 48 0 8 0.017443139106
23 53 0 8 0.017439045012
20 45 0 8 0.0174145083874
1 80 0 8 0.0173689406365
76 85 0 8 0.0172851700336
3 7 0 8 0.0172820501029
19 74 0 8 0.0172816067934
31 77 0 8 0.0172308720648
48 82 0 8 0.0172246638685
16 72 0 8 0.0172113012522
1 32 0 8 0.0171705912799
24 66 0 8 0.0171404015273
35 56 0 8 0.0171274021268
5 74 0 8 0.0170864313841
64 70 0 8 0.017078217119
37 81 0 8 0.0170420985669
29 80 0 8 0.0170389916748
12 26 0 8 0.01699751243
20 36 0 8 0.0169816557318
17 66 0 8 0.0169632472098
16 56 0 8 0.016937693581
32 75 0 8 0.0169021673501
40 75 0 8 0.0168969631195
50 72 0 8 0.0168927814811
1 38 0 8 0.016872772947
16 41 0 8 0.0168420001864
34 83 0 8 0.0167580395937
17 49 0 8 0.0167176872492
43 66 0 8 0.016698345542
14 58 0 8 0.0166864637285
68 73 0 8 0.0166846178472
17 74 0 8 0.0166462566704
24 33 0 8 0.0166334379464
18 51 0 8 0.0166211649776
15 74 0 8 0.0166152603924
21 50 0 8 0.0165818370879
55 80 0 8 0.0165455173701
33 63 0 8 0.0165371857584
60 82 0 8 0.016535481438
9 66 0 8 0.0165352616459
16 54 0 8 0.0165155623108
31 61 0 8 0.0165079664439
46 82 0 8 0.0164933502674
1 39 0 8 0.0164825934917
42 69 0 8 0.0164736434817
15 62 0 8 0.0164682902396
4 67 0 8 0.0164552740753
16 69 0 8 0.016453916207
28 58 0 8 0.0164327230304
23 48 0 8 0.0164138991386
16 62 0 8 0.0164106041193
56 78 0 8 0.0164079722017
51 55 0 8 0.0164023097605
19 50 0 8 0.0163937881589
2 66 0 8 0.0163799449801
27 63 0 8 0.0163632053882
18 48 0 8 0.0163602903485
14 53 0 8 0.0163019578904
36 79 0 8 0.0162872597575
29 63 0 8 0.0162230115384
39 79 0 8 0.0161646082997
37 65 0 8 0.0161477494985
33 46 0 8 0.016122341156
55 78 0 8 0.0160954874009
14 59 0 8 0.0160929281265
26 77 0 8 0.016005564481
36 65 0 8 0.01598764956
2 43 0 8 0.0159825775772
15 58 0 8 0.0159665383399
3 49 0 8 0.0158666726202
25 77 0 8 0.0158436503261
15 47 0 8 0.0157947354019
27 50 0 8 0.0157853830606
13 51 0 8 0.0157578699291
71 75 0 8 0.015685800463
29 67 0 8 0.0156626496464
28 78 0 8 0.0156596638262
11 59 0 8 0.0156546458602
44 70 0 8 0.0156158152968
13 76 0 8 0.0155894123018
17 59 0 8 0.0155715458095
44 77 0 8 0.015567320399
56 83 0 8 0.0155524499714
1 41 0 8 0.0155510995537
30 34 0 8 0.0155263571069
38 53 0 8 0.0155241349712
22 50 0 8 0.0155199952424
28 52 0 8 0.0154624124989
43 69 0 8 0.0154563318938
11 80 0 8 0.0154364043847
15 49 0 8 0.0154255218804
14 37 0 8 0.0153964143246
15 79 0 8 0.0153876487166
47 63 0 8 0.0153777189553
6 40 0 8 0.0153576163575
17 44 0 8 0.0153525918722
18 73 0 8 0.0153375631198
77 84 0 8 0.0153100425377
30 59 0 8 0.0153004191816
41 66 0 8 0.015297438018
25 75 0 8 0.0152788097039
43 77 0 8 0.015226483345
77 83 0 8 0.0152168339118
5 44 0 8 0.0151640474796
29 34 0 8 0.0151478769258
6 67 0 8 0.0151295205578
13 67 0 8 0.0151275945827
30 74 0 8 0.0150994602591
20 66 0 8 0.0150919305161
15 66 0 8 0.0150627344847
38 79 0 8 0.0150297414511
52 57 0 8 0.0150142973289
22 71 0 8 0.0149743789807
58 81 0 8 0.0149459131062
10 13 0 8 0.0149457026273
12 79 0 8 0.0149441510439
40 49 0 8 0.0149301886559
34 71 0 8 0.0148764252663
4 25 0 8 0.0148713253438
76 82 0 8 0.0148710384965
12 58 0 8 0.0148500818759
1 37 0 8 0.0148318996653
54 85 0 8 0.0148270716891
32 72 0 8 0.0148225240409
18 63 0 8 0.0147790880874
2 73 0 8 0.0147713208571
13 33 0 8 0.0147625720128
12 50 0 8 0.01473136805
11 81 0 8 0.0147164259106
41 67 0 8 0.014678420499
35 71 0 8 0.0146106164902
44 66 0 8 0.0146100884303
36 52 0 8 0.0145153347403
76 84 0 8 0.0145063539967
16 49 0 8 0.0144928768277
3 29 0 8 0.0144700994715
33 60 0 8 0.0144552346319
3 50 0 8 0.0144549356773
19 73 0 8 0.0144189028069
25 32 0 8 0.0144054107368
15 38 0 8 0.014399914071
40 74 0 8 0.0143938995898
3 36 0 8 0.0143761662766
60 83 0 8 0.0143143394962
24 65 0 8 0.0142558310181
13 24 0 8 0.0141612906009
7 33 0 8 0.0141610587016
5 66 0 8 0.014147025533
1 43 0 8 0.0141469798982
16 55 0 8 0.0141365285963
21 77 0 8 0.0141289215535
57 62 0 8 0.0141222281381
22 52 0 8 0.0141217233613
39 76 0 8 0.0141053153202
15 53 0 8 0.0140764126554
63 81 0 8 0.0140607114881
26 50 0 8 0.0139858340845
20 59 0 8 0.0139712374657
64 73 0 8 0.0139617752284
77 82 0 8 0.0139552447945
36 44 0 8 0.0139446975663
11 23 0 8 0.013875211589
54 61 0 8 0.0138717796654
15 63 0 8 0.0138521268964
36 74 0 8 0.0138449184597
27 60 0 8 0.0138371409848
27 58 0 8 0.0138298943639
63 79 0 8 0.0138243408874
16 42 0 8 0.0137958703563
22 32 0 8 0.0137935150415
14 69 0 8 0.0137820709497
19 65 0 8 0.0137230940163
33 56 0 8 0.0137082831934
32 48 0 8 0.0136816836894
7 73 0 8 0.0136736929417
5 40 0 8 0.0136349750683
40 72 0 8 0.0136265000328
14 76 0 8 0.0136264869943
4 42 0 8 0.0136038688943
3 82 0 8 0.0136010926217
42 81 0 8 0.0135572701693
30 71 0 8 0.0135515891016
50 63 0 8 0.0135335233063
6 83 0 8 0.0135122397915
16 59 0 8 0.013497069478
34 40 0 8 0.0134873334318
48 65 0 8 0.0134627399966
50 66 0 8 0.0134357241914
17 39 0 8 0.0134318433702
37 83 0 8 0.0133842574432
9 32 0 8 0.013353231363
6 22 0 8 0.0133477607742
24 75 0 8 0.0133446464315
62 73 0 8 0.0133374910802
36 63 0 8 0.01332071051
11 70 0 8 0.013320390135
27 55 0 8 0.0132819088176
2 38 0 8 0.0132735995576
8 18 0 8 0.0132680237293
27 67 0 8 0.0132666127756
55 79 0 8 0.0132476445287
16 66 0 8 0.0132353957742
48 85 0 8 0.0132304141298
43 58 0 8 0.0132070397958
24 55 0 8 0.0131979323924
19 60 0 8 0.0131973801181
13 58 0 8 0.0131891109049
15 67 0 8 0.013158258982
48 62 0 8 0.0131567912176
45 50 0 8 0.0131441857666
5 8 0 8 0.0131248524413
35 63 0 8 0.0131221720949
30 60 0 8 0.0131103461608
22 34 0 8 0.0130996899679
29 52 0 8 0.0130731035024
35 83 0 8 0.0130482167006
49 74 0 8 0.0130433170125
75 87 0 8 0.0130156073719
1 76 0 8 0.0130136776716
2 49 0 8 0.0130007788539
8 70 0 8 0.0129705453292
14 56 0 8 0.01295119524
8 54 0 8 0.0129488613456
3 45 0 8 0.0129449181259
2 69 0 8 0.0129329208285
37 59 0 8 0.0128998495638
39 72 0 8 0.0128932325169
11 17 0 8 0.0128912599757
76 81 0 8 0.0128872618079
26 58 0 8 0.0128727788106
48 76 0 8 0.0128632085398
25 71 0 8 0.012859522365
14 63 0 8 0.0128587959334
2 51 0 8 0.0128384074196
15 41 0 8 0.0128367226571
3 47 0 8 0.0127913858742
28 81 0 8 0.0127773815766
25 81 0 8 0.0127698956057
13 34 0 8 0.0127627318725
15 76 0 8 0.0127578722313
6 27 0 8 0.0127458004281
6 65 0 8 0.0127398436889
15 80 0 8 0.0127395428717
74 87 0 8 0.0127251828089
20 56 0 8 0.0127233732492
8 24 0 8 0.0127179771662
9 27 0 8 0.012690118514
20 39 0 8 0.0126759381965
36 80 0 8 0.012655925937
1 6 0 8 0.0126477824524
16 37 0 8 0.0126407584175
57 80 0 8 0.0126248542219
4 70 0 8 0.0126133160666
24 67 0 8 0.0125893941149
2 48 0 8 0.0125758741051
32 77 0 8 0.0125723043457
2 75 0 8 0.0125687234104
21 81 0 8 0.0125651974231
26 56 0 8 0.0125307999551
15 36 0 8 0.0125269116834
7 42 0 8 0.0125267049298
3 62 0 8 0.0125263519585
60 74 0 8 0.0125099467114
16 81 0 8 0.0124914348125
22 65 0 8 0.0124886063859
19 71 0 8 0.0124671943486
30 50 0 8 0.0124424099922
8 57 0 8 0.0124303866178
13 66 0 8 0.0124247744679
37 73 0 8 0.0124070523307
13 80 0 8 0.0124055100605
31 47 0 8 0.0123836444691
32 61 0 8 0.0123833306134
58 80 0 8 0.0123614799231
38 41 0 8 0.0123483538628
42 46 0 8 0.0123288109899
33 79 0 8 0.0123158181086
11 21 0 8 0.0123111484572
28 70 0 8 0.01228782814
23 77 0 8 0.0122818741947
37 54 0 8 0.0122675597668
12 42 0 8 0.0122597850859
41 76 0 8 0.0122589310631
1 52 0 8 0.0122580826283
14 79 0 8 0.0122470995411
10 20 0 8 0.0122236916795
52 82 0 8 0.0122197940946
23 72 0 8 0.0122138671577
2 7 0 8 0.0121352402493
21 38 0 8 0.0121211120859
10 24 0 8 0.0121177779511
2 28 0 8 0.012091120705
2 35 0 8 0.0120867760852
37 74 0 8 0.0120764859021
3 42 0 8 0.0120673244819
38 81 0 8 0.0120566533878
76 83 0 8 0.0120352199301
29 49 0 8 0.0120271602646
50 62 0 8 0.0120086297393
45 71 0 8 0.0119866188616
55 77 0 8 0.0119594698772
9 56 0 8 0.0119502833113
2 74 0 8 0.0119464276358
2 60 0 8 0.0119300708175
21 79 0 8 0.011914533563
4 60 0 8 0.0118971606717
54 84 0 8 0.0118900276721
14 77 0 8 0.0118784522638
25 73 0 8 0.011878262274
53 73 0 8 0.0118663031608
26 55 0 8 0.0118508813903
18 53 0 8 0.0118422731757
8 41 0 8 0.0118139721453
29 76 0 8 0.011811745353
16 44 0 8 0.0118033112958
12 70 0 8 0.0117943705991
26 73 0 8 0.011791520752
28 66 0 8 0.0117857381701
1 42 0 8 0.0117807295173
45 77 0 8 0.0117770154029
10 56 0 8 0.0117371203378
16 39 0 8 0.0117146028206
27 45 0 8 0.0117098502815
13 81 0 8 0.0116905411705
10 34 0 8 0.0116820819676
4 71 0 8 0.0116787459701
32 73 0 8 0.0116756642237
7 55 0 8 0.0116727706045
23 65 0 8 0.0116508305073
11 53 0 8 0.0116320289671
36 58 0 8 0.0116270082071
29 60 0 8 0.0115948366001
37 56 0 8 0.011577504687
36 71 0 8 0.0114786559716
19 77 0 8 0.0114640183747
20 50 0 8 0.0114638088271
2 71 0 8 0.0114619601518
11 14 0 8 0.0114572765306
30 57 0 8 0.0114526869729
34 46 0 8 0.0114514566958
67 78 0 8 0.0114467609674
14 60 0 8 0.0114409839734
25 80 0 8 0.0114402333274
21 62 0 8 0.0114243850112
7 26 0 8 0.011389519088
40 79 0 8 0.0113776708022
32 35 0 8 0.0113628385589
24 30 0 8 0.0113319568336
59 80 0 8 0.0113270590082
57 79 0 8 0.0113212345168
9 25 0 8 0.0113155888394
12 24 0 8 0.0113106761128
17 52 0 8 0.0112914266065
34 37 0 8 0.0112786637619
49 52 0 8 0.011273033917
34 72 0 8 0.011242329143
2 25 0 8 0.0112344389781
31 67 0 8 0.0112273022532
40 58 0 8 0.0112105542794
11 18 0 8 0.0112087046728
29 82 0 8 0.0111991651356
19 79 0 8 0.0111864088103
13 37 0 8 0.011178526096
74 86 0 8 0.0111772194505
24 81 0 8 0.011170938611
1 13 0 8 0.0111616831273
1 35 0 8 0.0111528867856
21 75 0 8 0.0111502688378
6 28 0 8 0.0111478287727
5 9 0 8 0.0111118229106
18 81 0 8 0.0111096473411
74 77 0 8 0.0110837779939
39 77 0 8 0.0110646029934
2 70 0 8 0.0110225649551
5 47 0 8 0.0110162356868
17 78 0 8 0.0110028404742
28 79 0 8 0.0109999040142
1 7 0 8 0.0109920222312
15 52 0 8 0.0109909642488
55 82 0 8 0.0108999572694
25 58 0 8 0.0108824558556
2 50 0 8 0.0108785461634
40 65 0 8 0.0108665358275
19 58 0 8 0.0108620319515
3 26 0 8 0.0108278421685
17 76 0 8 0.0108247324824
66 78 0 8 0.0108054904267
32 65 0 8 0.0107992887497
19 52 0 8 0.0107774985954
32 56 0 8 0.010761898011
51 61 0 8 0.0107596032321
16 78 0 8 0.0107431709766
20 67 0 8 0.0107429949567
26 72 0 8 0.0107267294079
41 81 0 8 0.0107251703739
73 77 0 8 0.0107192834839
11 33 0 8 0.0106480093673
25 34 0 8 0.0106319161132
17 55 0 8 0.0106086991727
50 58 0 8 0.0106041198596
57 81 0 8 0.0105859898031
3 43 0 8 0.0105790998787
1 46 0 8 0.010569576174
19 46 0 8 0.010557978414
8 60 0 8 0.0105531420559
52 63 0 8 0.0105370124802
39 81 0 8 0.0104824714363
42 74 0 8 0.0104663940147
15 24 0 8 0.0104590291157
34 66 0 8 0.010451445356
36 53 0 8 0.010400983505
29 75 0 8 0.0103999981657
28 80 0 8 0.0103812972084
10 29 0 8 0.0103783383965
25 35 0 8 0.0103697218001
2 46 0 8 0.0103683667257
16 75 0 8 0.0103521207348
54 87 0 8 0.0103414570913
23 43 0 8 0.0103343585506
29 57 0 8 0.0103280935436
46 86 0 8 0.0103109320626
32 57 0 8 0.0103074684739
1 34 0 8 0.010285621509
28 55 0 8 0.0102776195854
7 58 0 8 0.0102646192536
19 67 0 8 0.0102633750066
32 70 0 8 0.0102526322007
73 76 0 8 0.0102475434542
16 52 0 8 0.0102346045896
20 51 0 8 0.0102327782661
40 81 0 8 0.0102154258639
32 36 0 8 0.0102137438953
45 62 0 8 0.0102086253464
66 76 0 8 0.0101990317926
28 67 0 8 0.0101966690272
15 23 0 8 0.0101640047505
30 82 0 8 0.0101606668904
39 70 0 8 0.0101574733853
4 61 0 8 0.0101447338238
32 76 0 8 0.0101387351751
60 72 0 8 0.0101381987333
18 50 0 8 0.0101145012304
1 65 0 8 0.0101142339408
1 48 0 8 0.0100959753618
30 68 0 8 0.010078153573
15 78 0 8 0.010072607547
6 61 0 8 0.0100581599399
17 35 0 8 0.0100565264001
9 63 0 8 0.0100420769304
8 83 0 8 0.0100346608087
2 82 0 8 0.00997582543641
43 47 0 8 0.00994737818837
56 76 0 8 0.00993816368282
5 67 0 8 0.00991955958307
24 59 0 8 0.00991067476571
10 68 0 8 0.00990794785321
9 42 0 8 0.00986372027546
28 61 0 8 0.00983397755772
28 34 0 8 0.00982720591128
59 73 0 8 0.00980515871197
27 77 0 8 0.0098035056144
15 81 0 8 0.00979489088058
47 52 0 8 0.00977644138038
46 87 0 8 0.00975790061057
16 53 0 8 0.00972426868975
1 45 0 8 0.00970723852515
3 60 0 8 0.00969325844198
73 87 0 8 0.00969258137047
15 56 0 8 0.00967572908849
15 25 0 8 0.009670490399
12 81 0 8 0.00966995116323
1 66 0 8 0.009656640701
25 55 0 8 0.00964471325278
11 15 0 8 0.0096380431205
40 52 0 8 0.0096124112606
16 22 0 8 0.00959264487028
60 81 0 8 0.00958647206426
2 47 0 8 0.0095843533054
3 73 0 8 0.00957423727959
15 51 0 8 0.00957111734897
25 47 0 8 0.00952513422817
51 82 0 8 0.0095221074298
36 81 0 8 0.00946710258722
75 79 0 8 0.00946426764131
53 82 0 8 0.00943875033408
56 62 0 8 0.00942712184042
2 36 0 8 0.00940127205104
48 63 0 8 0.00937807094306
60 80 0 8 0.00935436133295
30 75 0 8 0.00935239065439
24 63 0 8 0.00934502016753
48 69 0 8 0.00932550709695
24 78 0 8 0.00931859668344
1 44 0 8 0.00928977690637
48 71 0 8 0.00927858799696
31 71 0 8 0.00924488436431
9 23 0 8 0.00924409832805
22 79 0 8 0.0091728810221
35 53 0 8 0.00916024763137
1 63 0 8 0.00914201140404
24 73 0 8 0.00913430377841
64 75 0 8 0.00912535749376
32 63 0 8 0.00912242103368
16 68 0 8 0.00912017188966
3 44 0 8 0.0090844836086
74 78 0 8 0.00907593686134
20 53 0 8 0.00906579568982
29 77 0 8 0.00904812570661
52 60 0 8 0.00904028769583
65 75 0 8 0.00903801154345
5 69 0 8 0.00903488509357
27 61 0 8 0.00901219341904
44 67 0 8 0.0090101622045
16 60 0 8 0.0089969849214
3 63 0 8 0.00899412017316
20 81 0 8 0.00899110268801
47 69 0 8 0.00898648239672
24 35 0 8 0.00896610040218
31 74 0 8 0.0089617241174
59 74 0 8 0.00895704608411
59 82 0 8 0.00891209114343
34 55 0 8 0.00890745967627
10 81 0 8 0.00887134671211
24 68 0 8 0.00881815329194
5 57 0 8 0.00881441589445
40 48 0 8 0.00880398694426
64 71 0 8 0.00879960600287
25 79 0 8 0.00878572929651
42 82 0 8 0.00877964030951
23 31 0 8 0.00876019988209
18 79 0 8 0.00875452067703
9 55 0 8 0.00874528102577
2 64 0 8 0.00874524004757
18 77 0 8 0.00873184017837
20 69 0 8 0.00869788881391
53 66 0 8 0.00865385122597
1 11 0 8 0.00863640941679
56 85 0 8 0.00863497331738
60 73 0 8 0.0086285257712
21 78 0 8 0.00861417595297
11 32 0 8 0.008549567312
40 80 0 8 0.00854785367846
16 23 0 8 0.00854774098843
18 58 0 8 0.00854101125151
9 82 0 8 0.00853893905878
21 35 0 8 0.00853518210351
15 77 0 8 0.00852365698665
11 67 0 8 0.00851826742291
8 30 0 8 0.00850035622716
17 43 0 8 0.00848763529211
16 34 0 8 0.00848717708141
54 86 0 8 0.00847979262471
14 80 0 8 0.00846542418003
27 75 0 8 0.00844787526876
19 76 0 8 0.00843878556043
2 63 0 8 0.0083994558081
46 88 0 8 0.00839509628713
58 78 0 8 0.00837997719646
17 50 0 8 0.00835622102022
17 53 0 8 0.00835586152971
5 42 0 8 0.0083516780287
48 84 0 8 0.00831916555762
73 88 0 8 0.0083186654374
46 83 0 8 0.00831368286163
44 68 0 8 0.00830898992717
21 33 0 8 0.00829793699086
16 79 0 8 0.00827868469059
45 52 0 8 0.008276081644
12 80 0 8 0.00826998334378
5 63 0 8 0.00826526712626
28 77 0 8 0.00824727583677
1 73 0 8 0.00822949130088
7 27 0 8 0.00822853296995
52 85 0 8 0.00821450911462
1 82 0 8 0.00820752698928
2 57 0 8 0.00817940663546
31 82 0 8 0.00815826281905
15 33 0 8 0.00814762711525
62 71 0 8 0.00814232695848
3 58 0 8 0.00813869293779
16 48 0 8 0.00813480187207
28 59 0 8 0.0081260195002
35 58 0 8 0.00812445115298
10 31 0 8 0.00810191128403
4 57 0 8 0.00809696596116
13 57 0 8 0.00809555314481
22 31 0 8 0.00809018965811
13 63 0 8 0.008085783571
19 24 0 8 0.00803677551448
30 63 0 8 0.00803315732628
13 68 0 8 0.00802244152874
3 65 0 8 0.00801407825202
1 28 0 8 0.00800484977663
57 82 0 8 0.00800454616547
7 29 0 8 0.00800030305982
44 62 0 8 0.00798556953669
16 58 0 8 0.00796752609313
4 64 0 8 0.00796207785606
37 71 0 8 0.00794795062393
20 72 0 8 0.00794653408229
28 75 0 8 0.00791327096522
20 75 0 8 0.00787028484046
46 49 0 8 0.00785563327372
21 61 0 8 0.00783808063716
52 75 0 8 0.00783572997898
58 79 0 8 0.00782994460315
32 82 0 8 0.00782592780888
23 76 0 8 0.00781110161915
70 88 0 8 0.00780572276562
1 67 0 8 0.00776900816709
4 68 0 8 0.00775769446045
51 65 0 8 0.00775475474074
5 26 0 8 0.00775442831218
2 33 0 8 0.0077477064915
56 63 0 8 0.00773875974119
24 71 0 8 0.00772625813261
27 79 0 8 0.00768936099485
27 54 0 8 0.00768220052123
23 80 0 8 0.00767651386559
9 71 0 8 0.00767550757155
53 74 0 8 0.00766638619825
44 82 0 8 0.00764597160742
48 86 0 8 0.00764327356592
21 80 0 8 0.00763834873214
50 86 0 8 0.00761632528156
42 65 0 8 0.00761259207502
1 62 0 8 0.00760243646801
22 73 0 8 0.0075965677388
2 42 0 8 0.00759594189003
19 55 0 8 0.00758921960369
28 82 0 8 0.00758389895782
50 87 0 8 0.00757347000763
68 74 0 8 0.00757276779041
61 81 0 8 0.00756972562522
49 82 0 8 0.0075498665683
1 74 0 8 0.00754755176604
28 73 0 8 0.00753776077181
8 58 0 8 0.00749498279765
4 9 0 8 0.00745900534093
6 68 0 8 0.00744866905734
2 13 0 8 0.00744577124715
18 67 0 8 0.0074433865957
26 54 0 8 0.0074369776994
41 75 0 8 0.00742535712197
37 63 0 8 0.00741875264794
17 81 0 8 0.0074064489454
1 36 0 8 0.00738429510966
14 61 0 8 0.00737777259201
24 61 0 8 0.00737728364766
6 20 0 8 0.00737401656806
52 61 0 8 0.00736908288673
20 63 0 8 0.0073519134894
57 85 0 8 0.00734377885237
48 87 0 8 0.00733459042385
9 70 0 8 0.00732793100178
27 81 0 8 0.00732541689649
17 58 0 8 0.00732457451522
20 25 0 8 0.00732127111405
11 31 0 8 0.00730966683477
52 76 0 8 0.00727786589414
17 48 0 8 0.00727238319814
21 59 0 8 0.00725318491459
22 56 0 8 0.00723869306967
16 63 0 8 0.00721312034875
24 51 0 8 0.00720764137805
17 63 0 8 0.00719265406951
3 69 0 8 0.00718312244862
20 80 0 8 0.00717741530389
13 62 0 8 0.00716973003
39 71 0 8 0.00716970302165
2 62 0 8 0.00716899661347
24 36 0 8 0.00714950123802
15 35 0 8 0.0071440404281
30 72 0 8 0.00713935447857
44 48 0 8 0.00713906716555
18 37 0 8 0.0071275504306
19 80 0 8 0.00711710099131
8 68 0 8 0.00711059710011
5 71 0 8 0.00710462778807
2 61 0 8 0.00709352269769
3 66 0 8 0.00707575818524
20 47 0 8 0.00707246921957
5 41 0 8 0.00707103265449
2 67 0 8 0.00706445379183
1 69 0 8 0.0070448871702
54 88 0 8 0.00703432131559
2 44 0 8 0.00700573530048
56 74 0 8 0.00697332480922
25 67 0 8 0.00696799112484
3 72 0 8 0.00696671754122
23 81 0 8 0.00695155607536
1 72 0 8 0.00694477837533
28 62 0 8 0.00693247374147
1 51 0 8 0.00691564707085
33 80 0 8 0.00688600772992
17 67 0 8 0.00687999371439
21 63 0 8 0.00687319412827
1 12 0 8 0.00686291977763
5 61 0 8 0.00684095826
52 87 0 8 0.00682973535731
28 51 0 8 0.00682723894715
62 76 0 8 0.00681761372834
61 77 0 8 0.00680878898129
48 52 0 8 0.00680000102147
72 76 0 8 0.00679834606126
22 80 0 8 0.00677113281563
21 47 0 8 0.00676903920248
19 81 0 8 0.00676418375224
1 15 0 8 0.00674482993782
1 8 0 8 0.00673446198925
3 70 0 8 0.00672903517261
46 70 0 8 0.00672394456342
18 42 0 8 0.00672207213938
12 54 0 8 0.00671135447919
27 80 0 8 0.00669923238456
1 57 0 8 0.00669069867581
43 67 0 8 0.00667914468795
13 23 0 8 0.00667212856933
46 85 0 8 0.00666986918077
13 54 0 8 0.00664342520759
9 29 0 8 0.00664199329913
4 23 0 8 0.00664186477661
3 28 0 8 0.00662564393133
33 70 0 8 0.00662388373166
3 64 0 8 0.00662354519591
30 76 0 8 0.00661827297881
1 71 0 8 0.00660933833569
51 56 0 8 0.00660628965124
17 51 0 8 0.00660495972261
14 54 0 8 0.00660319859162
50 85 0 8 0.00660016480833
14 81 0 8 0.00659971497953
35 54 0 8 0.0065904520452
2 68 0 8 0.00658707227558
42 61 0 8 0.00658622989431
23 61 0 8 0.00657112477347
17 36 0 8 0.00656375801191
5 62 0 8 0.00655210809782
39 69 0 8 0.00654099695385
24 32 0 8 0.00653673149645
1 70 0 8 0.00652320403606
6 70 0 8 0.0065225395374
1 25 0 8 0.0065203923732
31 64 0 8 0.00651373015717
1 27 0 8 0.00651274574921
10 65 0 8 0.00651234155521
34 82 0 8 0.00650332076475
1 50 0 8 0.00650200853124
15 50 0 8 0.00649004336447
9 26 0 8 0.00647830590606
27 74 0 8 0.00647139828652
10 17 0 8 0.00646970560774
12 27 0 8 0.00646709790453
24 80 0 8 0.00644438248128
22 43 0 8 0.00644120201468
18 56 0 8 0.00642592832446
66 77 0 8 0.00642583426088
29 83 0 8 0.00641016848385
61 78 0 8 0.0064042462036
53 76 0 8 0.00640224386007
20 55 0 8 0.00639877747744
62 74 0 8 0.00639200210571
17 37 0 8 0.00636872230098
2 72 0 8 0.0063686016947
22 48 0 8 0.00634246692061
56 88 0 8 0.00633193645626
28 35 0 8 0.00632892502472
2 45 0 8 0.00630873022601
13 30 0 8 0.00629823794588
44 88 0 8 0.00629490800202
17 46 0 8 0.00627252040431
4 82 0 8 0.00626524910331
42 68 0 8 0.00626298412681
29 73 0 8 0.00625588046387
7 67 0 8 0.0062540601939
42 86 0 8 0.00625062640756
64 74 0 8 0.00624976772815
23 52 0 8 0.00624914560467
3 68 0 8 0.0062490333803
42 66 0 8 0.00624465849251
16 82 0 8 0.00621255161241
61 80 0 8 0.00621106196195
23 55 0 8 0.00620673131198
19 56 0 8 0.00618575420231
65 74 0 8 0.00617109425366
37 67 0 8 0.00616983650252
27 70 0 8 0.00615877704695
1 75 0 8 0.00613635592163
31 76 0 8 0.00612620031461
34 74 0 8 0.0061134188436
65 78 0 8 0.00609725574031
42 88 0 8 0.00609433185309
8 20 0 8 0.00609402311966
33 61 0 8 0.00609172461554
2 26 0 8 0.00608908664435
42 75 0 8 0.00607414450496
1 33 0 8 0.00606774818152
48 88 0 8 0.00605303095654
25 70 0 8 0.00605187471956
28 76 0 8 0.00604992453009
1 47 0 8 0.00603360543028
41 82 0 8 0.00601263716817
23 58 0 8 0.00601156847551
13 82 0 8 0.00601099897176
42 85 0 8 0.00600803922862
3 41 0 8 0.00600140215829
7 86 0 8 0.00598709145561
33 37 0 8 0.00596564216539
11 63 0 8 0.00595581857488
27 56 0 8 0.00594226596877
51 74 0 8 0.00593839446083
49 65 0 8 0.00593780074269
46 63 0 8 0.00593614345416
39 66 0 8 0.00592771871015
1 60 0 8 0.00592637062073
75 86 0 8 0.00592160783708
2 16 0 8 0.00591702060774
1 9 0 8 0.00590876908973
19 42 0 8 0.00590113038197
16 80 0 8 0.00588998245075
8 28 0 8 0.00588062265888
5 65 0 8 0.00587576581165
26 61 0 8 0.00585983041674
13 50 0 8 0.00585475470871
13 55 0 8 0.00585068995133
5 58 0 8 0.00582412164658
42 77 0 8 0.00582273583859
23 39 0 8 0.00581963406876
20 78 0 8 0.00581544730812
46 84 0 8 0.00581028359011
62 79 0 8 0.00580820161849
41 85 0 8 0.0058003757149
21 55 0 8 0.00579694239423
60 88 0 8 0.00578552903607
75 85 0 8 0.00577970920131
20 77 0 8 0.00577859394252
2 58 0 8 0.005771713797
14 67 0 8 0.00576603319496
10 54 0 8 0.00575848249719
51 60 0 8 0.00575374532491
24 58 0 8 0.00574722373858
14 65 0 8 0.00574703887105
43 82 0 8 0.00574171170592
24 52 0 8 0.00573890004307
6 10 0 8 0.00573352910578
27 72 0 8 0.0057223001495
30 49 0 8 0.00569798331708
18 46 0 8 0.00569738913327
32 59 0 8 0.00569535279647
52 86 0 8 0.00569502077997
56 87 0 8 0.00569303100929
34 63 0 8 0.00569027848542
15 60 0 8 0.00568877859041
20 52 0 8 0.00568790221587
15 57 0 8 0.0056752548553
65 73 0 8 0.00566969811916
28 68 0 8 0.00566578796133
58 75 0 8 0.00565414410084
41 86 0 8 0.00564593588933
18 76 0 8 0.00563693232834
59 76 0 8 0.00562577648088
7 87 0 8 0.00562135828659
26 74 0 8 0.00561429653317
13 25 0 8 0.00561235100031
7 88 0 8 0.00560733163729
38 62 0 8 0.00559658696875
40 70 0 8 0.00559576181695
25 52 0 8 0.00559282302856
73 86 0 8 0.00558156846091
15 61 0 8 0.00557983806357
25 50 0 8 0.00557676982135
7 85 0 8 0.00557150691748
20 58 0 8 0.00556628638878
23 46 0 8 0.00556594319642
6 57 0 8 0.00555488513783
43 61 0 8 0.00553910620511
63 80 0 8 0.00553112663329
1 61 0 8 0.00552421947941
3 61 0 8 0.00548581592739
7 25 0 8 0.00547198811546
29 72 0 8 0.00546952616423
21 53 0 8 0.00546760996804
33 65 0 8 0.00546117546037
9 19 0 8 0.00545726064593
14 24 0 8 0.00545247504488
20 76 0 8 0.00544880190864
3 27 0 8 0.00543190771714
18 74 0 8 0.00542482035235
40 53 0 8 0.0054218294099
2 27 0 8 0.00542153092101
33 81 0 8 0.00542101915926
17 65 0 8 0.00541878817603
33 38 0 8 0.0054044900462
9 86 0 8 0.00540393125266
41 87 0 8 0.00539892073721
1 24 0 8 0.00539539102465
31 60 0 8 0.00537068536505
1 68 0 8 0.00536427041516
60 76 0 8 0.00536276446655
34 44 0 8 0.00535849062726
22 46 0 8 0.00535225262865
11 58 0 8 0.00531327351928
29 84 0 8 0.00530923809856
24 43 0 8 0.00530712306499
54 60 0 8 0.00530159799382
19 32 0 8 0.00530124362558
12 31 0 8 0.00529596814886
11 24 0 8 0.00529356719926
15 48 0 8 0.00527995405719
57 86 0 8 0.00527372630313
13 65 0 8 0.00527254864573
16 57 0 8 0.00526783429086
5 70 0 8 0.00526750646532
7 71 0 8 0.00526443170384
23 56 0 8 0.00526192039251
17 56 0 8 0.0052526560612
52 88 0 8 0.00525146024302
40 67 0 8 0.00524711282924
43 62 0 8 0.00523692602292
4 21 0 8 0.00523065216839
28 60 0 8 0.00522653572261
72 88 0 8 0.00518883438781
23 79 0 8 0.00518513610587
7 70 0 8 0.00516867032275
18 34 0 8 0.00512766325846
26 76 0 8 0.0051200427115
14 55 0 8 0.00511996541172
42 76 0 8 0.00511775538325
18 80 0 8 0.00511747598648
24 53 0 8 0.00511618983001
21 52 0 8 0.00511466804892
36 61 0 8 0.00510966498405
55 85 0 8 0.0051090545021
9 85 0 8 0.00510272243991
68 75 0 8 0.00509334122762
32 68 0 8 0.00509054586291
3 67 0 8 0.00507111521438
47 82 0 8 0.00506996829063
43 63 0 8 0.00506224809214
16 51 0 8 0.00505320215598
39 67 0 8 0.00505015347153
6 64 0 8 0.00504688639194
40 51 0 8 0.0050409855321
20 79 0 8 0.00504083232954
11 30 0 8 0.00503926584497
28 54 0 8 0.00503051839769
45 82 0 8 0.00502858590335
16 26 0 8 0.00502705434337
30 66 0 8 0.00500566978008
30 70 0 8 0.00500346394256
24 54 0 8 0.00499657960609
26 79 0 8 0.00499345175922
5 27 0 8 0.00499115604907
18 52 0 8 0.00498189637437
24 31 0 8 0.00496890582144
44 65 0 8 0.00496532581747
19 54 0 8 0.00496037583798
42 87 0 8 0.0049560405314
5 28 0 8 0.00493804365396
41 88 0 8 0.00493165897205
9 54 0 8 0.004924680572
21 49 0 8 0.00492049567401
36 67 0 8 0.00492004444823
16 74 0 8 0.00491750286892
42 67 0 8 0.00489810947329
11 82 0 8 0.0048844111152
55 75 0 8 0.00487805111334
30 83 0 8 0.00487465411425
21 58 0 8 0.00486896745861
7 28 0 8 0.00486750528216
51 88 0 8 0.0048526530154
7 84 0 8 0.00485028000548
26 81 0 8 0.00484887836501
55 87 0 8 0.00484690861776
36 70 0 8 0.00484644435346
34 61 0 8 0.00484224455431
23 73 0 8 0.00483733695
16 61 0 8 0.00483322050422
49 85 0 8 0.00483305100352
18 41 0 8 0.00482959346846
3 24 0 8 0.0048243640922
28 56 0 8 0.00482223322615
50 65 0 8 0.00481920689344
22 58 0 8 0.00480107124895
24 82 0 8 0.00478519452736
29 70 0 8 0.0047849426046
4 19 0 8 0.00477526336908
28 72 0 8 0.00477489130571
9 88 0 8 0.00476943375543
57 87 0 8 0.00475299358368
36 43 0 8 0.00474441843107
24 37 0 8 0.004743934609
14 26 0 8 0.00474205240607
70 75 0 8 0.00473568588495
17 79 0 8 0.00473134825006
4 24 0 8 0.00473072798923
57 83 0 8 0.00472929375246
27 47 0 8 0.00472772540525
41 68 0 8 0.00472319964319
14 64 0 8 0.00472173606977
7 10 0 8 0.0047204522416
17 77 0 8 0.00470814434811
42 83 0 8 0.00470182765275
3 88 0 8 0.00469133583829
17 41 0 8 0.00468246918172
57 88 0 8 0.00468107592314
61 75 0 8 0.00467759184539
74 84 0 8 0.0046693533659
57 84 0 8 0.00466295564547
16 47 0 8 0.00465246196836
1 26 0 8 0.00464880652726
12 56 0 8 0.00464259274304
43 52 0 8 0.00462504010648
38 71 0 8 0.00461887987331
13 86 0 8 0.00461171893403
28 83 0 8 0.00460561178625
55 84 0 8 0.00458414666355
37 82 0 8 0.00458080554381
16 65 0 8 0.00457061966881
11 56 0 8 0.00456632627174
52 84 0 8 0.00456445617601
22 54 0 8 0.00455642072484
29 85 0 8 0.00455095246434
1 49 0 8 0.00455072987825
2 24 0 8 0.00453457096592
15 68 0 8 0.00452793994918
56 86 0 8 0.00452597113326
5 86 0 8 0.00451519479975
60 85 0 8 0.004504497163
25 48 0 8 0.0044957306236
56 84 0 8 0.00449382746592
31 73 0 8 0.00449375482276
65 80 0 8 0.00449047517031
49 86 0 8 0.00449010217562
3 71 0 8 0.004481643904
8 12 0 8 0.00447905156761
16 77 0 8 0.00446866406128
13 88 0 8 0.00446865614504
6 11 0 8 0.00445981416851
10 55 0 8 0.00445249723271
40 54 0 8 0.00444284640253
36 39 0 8 0.00443266239017
5 85 0 8 0.004424049519
33 64 0 8 0.00442378688604
5 87 0 8 0.00441763363779
20 49 0 8 0.00441728765145
2 9 0 8 0.00440154410899
51 87 0 8 0.00438840314746
50 88 0 8 0.00438483385369
10 58 0 8 0.00438054138795
16 76 0 8 0.00438051018864
41 47 0 8 0.00437962682918
9 67 0 8 0.00437941029668
43 65 0 8 0.00437465822324
21 82 0 8 0.00437406403944
3 9 0 8 0.00436973432079
13 85 0 8 0.00436297664419
34 39 0 8 0.00435655983165
20 37 0 8 0.0043514771387
17 68 0 8 0.00434532528743
3 13 0 8 0.00433533685282
45 68 0 8 0.00433275243267
3 83 0 8 0.00432644225657
26 65 0 8 0.00429952470586
16 67 0 8 0.00428716978058
15 65 0 8 0.0042680175975
32 69 0 8 0.00426471373066
55 88 0 8 0.00425966875628
24 60 0 8 0.00425135623664
18 68 0 8 0.00424948940054
2 83 0 8 0.00424720998853
60 86 0 8 0.00423656310886
9 87 0 8 0.00422783382237
16 46 0 8 0.00422561215237
40 59 0 8 0.00421553803608
44 59 0 8 0.00420804042369
18 32 0 8 0.00420640408993
44 87 0 8 0.00420133583248
51 85 0 8 0.00419067684561
1 64 0 8 0.00417630653828
25 56 0 8 0.00416957726702
44 86 0 8 0.00416909623891
16 88 0 8 0.00416505942121
8 82 0 8 0.00415753107518
60 87 0 8 0.00415232405066
3 59 0 8 0.00414394261315
67 77 0 8 0.00413588061929
38 70 0 8 0.00413349270821
8 61 0 8 0.00413291621953
14 68 0 8 0.0041162869893
2 88 0 8 0.00410425802693
1 88 0 8 0.00410277489573
31 36 0 8 0.0041020908393
15 82 0 8 0.00409673759714
34 59 0 8 0.00409121438861
5 68 0 8 0.00408965023234
22 81 0 8 0.00408242223784
9 58 0 8 0.00408113515005
1 83 0 8 0.00405964022502
7 68 0 8 0.00405836803839
5 88 0 8 0.00405445182696
16 31 0 8 0.00405176449567
19 25 0 8 0.00403316924348
7 65 0 8 0.00403309660032
53 72 0 8 0.00402556266636
5 25 0 8 0.00402039848268
60 71 0 8 0.00401163613424
56 72 0 8 0.00399910425767
57 78 0 8 0.0039950190112
28 85 0 8 0.00398641638458
53 85 0 8 0.0039746761322
50 56 0 8 0.00396970892325
43 59 0 8 0.00396823044866
44 85 0 8 0.003963035997
37 70 0 8 0.00395918870345
74 85 0 8 0.00395757425576
37 52 0 8 0.00395583361387
28 57 0 8 0.00395400635898
11 16 0 8 0.00395398167893
54 76 0 8 0.0039484440349
31 70 0 8 0.00394102232531
27 73 0 8 0.00392968067899
64 78 0 8 0.00392917823046
58 82 0 8 0.00392484012991
9 84 0 8 0.00392204849049
54 75 0 8 0.00392082100734
29 86 0 8 0.00391639303416
28 84 0 8 0.00391395529732
60 69 0 8 0.0038905183319
18 65 0 8 0.00388791342266
9 61 0 8 0.00388293084688
18 26 0 8 0.00386540661566
3 87 0 8 0.00386504852213
12 60 0 8 0.00386299286038
26 60 0 8 0.00386152160354
9 65 0 8 0.00384405907243
38 67 0 8 0.00384225533344
61 79 0 8 0.00380350579508
43 88 0 8 0.00379876419902
35 70 0 8 0.00379866128787
46 62 0 8 0.00379843055271
21 85 0 8 0.00379683030769
22 60 0 8 0.00379270571284
55 62 0 8 0.00378835736774
61 71 0 8 0.00378539296798
11 68 0 8 0.00377670675516
17 80 0 8 0.00377365807071
7 18 0 8 0.00376272085123
39 82 0 8 0.00375949777663
31 48 0 8 0.00375461624935
47 67 0 8 0.00375399040058
23 28 0 8 0.00375329866074
37 68 0 8 0.00375291332603
19 61 0 8 0.00374256935902
1 17 0 8 0.00374229042791
20 46 0 8 0.00373902614228
30 48 0 8 0.00371556798927
50 84 0 8 0.00370733207092
30 85 0 8 0.00369318109006
13 87 0 8 0.00368301523849
53 83 0 8 0.00367065658793
21 86 0 8 0.00366627681069
26 37 0 8 0.00365085084923
55 86 0 8 0.00364286685362
9 12 0 8 0.00364033388905
22 74 0 8 0.00363796693273
11 65 0 8 0.00363437179476
11 54 0 8 0.00362935755402
24 48 0 8 0.00361959356815
51 86 0 8 0.00361826294102
71 88 0 8 0.00361730903387
26 67 0 8 0.00360865052789
20 43 0 8 0.00360821839422
7 61 0 8 0.003606232116
5 64 0 8 0.00360342836939
15 31 0 8 0.00359865324572
1 14 0 8 0.00359579222277
21 51 0 8 0.00359380594455
36 68 0 8 0.00359300314449
23 60 0 8 0.00358392088674
15 34 0 8 0.00357786566019
67 81 0 8 0.00357556133531
16 25 0 8 0.00357241299935
61 82 0 8 0.00355799077079
54 63 0 8 0.00355376512744
3 85 0 8 0.00354316667654
67 87 0 8 0.00353689934127
36 54 0 8 0.00352572300471
18 55 0 8 0.00351890944876
23 67 0 8 0.00351724773645
11 55 0 8 0.00351668777876
25 82 0 8 0.00351368146949
47 65 0 8 0.00349453859963
55 61 0 8 0.0034906368237
45 88 0 8 0.00348982424475
33 71 0 8 0.00347741413862
49 53 0 8 0.00347169837914
41 83 0 8 0.00346589297988
13 27 0 8 0.00346529204398
64 81 0 8 0.00346435513347
22 76 0 8 0.00345271104015
59 66 0 8 0.00345260626636
30 84 0 8 0.00345054944046
39 86 0 8 0.00344932964072
16 86 0 8 0.00344930682331
43 87 0 8 0.00344202690758
42 84 0 8 0.00344088557176
8 64 0 8 0.00343667110428
16 50 0 8 0.00342485168949
28 74 0 8 0.00341957295313
44 64 0 8 0.00341749493964
9 24 0 8 0.00341336452402
21 43 0 8 0.00341278547421
45 65 0 8 0.00340837216936
65 77 0 8 0.00340583641082
35 60 0 8 0.00340011203662
9 28 0 8 0.00339819770306
20 71 0 8 0.00339533085935
40 68 0 8 0.00339445006102
5 84 0 8 0.00339170894586
34 70 0 8 0.00339169264771
30 35 0 8 0.00338317058049
29 35 0 8 0.00336881796829
3 22 0 8 0.00336868665181
24 34 0 8 0.00336563191377
37 42 0 8 0.00336387613788
67 76 0 8 0.00336027145386
2 11 0 8 0.00335990265012
13 83 0 8 0.00335652893409
50 54 0 8 0.00335551612079
16 83 0 8 0.00334729766473
24 74 0 8 0.00334604922682
11 27 0 8 0.00334188551642
21 45 0 8 0.00333429127932
16 87 0 8 0.00333367334679
60 65 0 8 0.00332393310964
31 45 0 8 0.00332335638814
24 77 0 8 0.00332216732204
73 85 0 8 0.00332158152014
9 31 0 8 0.00331992609426
28 50 0 8 0.00330252572894
29 74 0 8 0.00330165494233
62 80 0 8 0.00329793640412
32 71 0 8 0.00329585559666
3 86 0 8 0.00329461204819
27 76 0 8 0.00329019804485
6 24 0 8 0.00329004460946
47 59 0 8 0.00328141218051
21 30 0 8 0.00328061683103
29 64 0 8 0.00327232293785
7 11 0 8 0.00326509284787
65 79 0 8 0.0032525609713
47 85 0 8 0.00324519211426
39 85 0 8 0.00324169290252
34 67 0 8 0.00323478365317
23 44 0 8 0.00323169049807
7 23 0 8 0.00322535424493
39 62 0 8 0.00322405179031
41 84 0 8 0.00322394142859
38 59 0 8 0.00320756994188
24 49 0 8 0.00320702116005
11 57 0 8 0.00320617062971
47 86 0 8 0.00320357037708
14 30 0 8 0.00320255197585
19 68 0 8 0.00319926114753
43 86 0 8 0.00319831375964
25 54 0 8 0.00319361966103
12 65 0 8 0.00318906316534
64 87 0 8 0.00318807340227
57 77 0 8 0.00318411621265
9 13 0 8 0.00318153831176
46 67 0 8 0.00316423852928
50 53 0 8 0.00316381570883
6 86 0 8 0.00316322338767
11 86 0 8 0.00315180467442
1 58 0 8 0.00315064843744
45 87 0 8 0.00314510473981
53 86 0 8 0.00313837989233
24 83 0 8 0.00313726719469
22 55 0 8 0.00313626369461
41 63 0 8 0.00313439196907
31 35 0 8 0.00311983958818
21 36 0 8 0.00311852712184
53 87 0 8 0.00311691779643
23 74 0 8 0.00311690452509
61 87 0 8 0.00310816755518
65 81 0 8 0.00310617219657
22 67 0 8 0.00310531165451
11 87 0 8 0.0031048997771
61 84 0 8 0.00310422223993
20 82 0 8 0.0031037942972
21 60 0 8 0.00309666898102
6 18 0 8 0.00309362169355
9 21 0 8 0.00309348804876
9 18 0 8 0.00309323216788
13 56 0 8 0.00309179304168
53 88 0 8 0.00309140956961
24 86 0 8 0.00309031479992
60 84 0 8 0.00309026474133
18 82 0 8 0.00308837322518
31 40 0 8 0.00308809010312
62 81 0 8 0.00307624274865
43 85 0 8 0.0030720604118
44 49 0 8 0.00307191419415
11 88 0 8 0.00307184434496
44 63 0 8 0.00306079373695
58 85 0 8 0.00306017417461
31 83 0 8 0.00305961538106
12 82 0 8 0.00305818160996
13 84 0 8 0.00305687799118
46 68 0 8 0.00305263744667
3 84 0 8 0.00303240003996
20 44 0 8 0.00302901980467
47 83 0 8 0.00302731408738
50 71 0 8 0.0030237454921
6 85 0 8 0.00301466695964
64 77 0 8 0.00301156868227
21 56 0 8 0.00300839473493
16 85 0 8 0.00299999560229
24 87 0 8 0.0029991841875
58 87 0 8 0.00299740815535
26 43 0 8 0.00299585377797
6 88 0 8 0.00298654497601
64 79 0 8 0.00298514124006
49 84 0 8 0.00298174284399
12 67 0 8 0.00297949113883
64 80 0 8 0.00297272531316
44 83 0 8 0.00297091668472
18 61 0 8 0.00296885939315
32 83 0 8 0.00296620442532
40 82 0 8 0.00296482257545
53 67 0 8 0.00296276248991
17 42 0 8 0.00296262581833
6 17 0 8 0.0029578381218
34 86 0 8 0.00294466712512
30 88 0 8 0.00292698503472
26 80 0 8 0.00292184762657
2 59 0 8 0.002916053636
20 34 0 8 0.00291483220644
70 87 0 8 0.00291429343633
28 71 0 8 0.00291099608876
6 87 0 8 0.00290775368921
40 50 0 8 0.00290412828326
15 88 0 8 0.00290192966349
15 26 0 8 0.00290100392886
31 88 0 8 0.00289922812954
16 24 0 8 0.0028986944817
4 13 0 8 0.00289514660835
40 85 0 8 0.00288874981925
25 57 0 8 0.00288709136657
15 64 0 8 0.00287751900032
23 54 0 8 0.002875296399
35 61 0 8 0.00287413340993
21 37 0 8 0.00286768213846
41 62 0 8 0.00286707258783
1 87 0 8 0.0028670032043
58 83 0 8 0.00286208232865
58 74 0 8 0.00285447156057
48 59 0 8 0.0028452181723
49 67 0 8 0.00283737294376
41 65 0 8 0.00283652707003
21 87 0 8 0.00282713933848
42 58 0 8 0.00282148830593
19 31 0 8 0.00281774648465
41 53 0 8 0.00281446170993
25 60 0 8 0.00281324004754
13 32 0 8 0.00280333333649
38 82 0 8 0.00280213239603
26 48 0 8 0.00280051166192
27 37 0 8 0.00279687042348
21 83 0 8 0.00279482058249
49 71 0 8 0.00279464502819
16 36 0 8 0.00278934650123
61 66 0 8 0.00278583914042
21 40 0 8 0.00278578209691
28 86 0 8 0.0027813971974
3 8 0 8 0.00277784024365
27 68 0 8 0.00276405131444
33 40 0 8 0.00273097446188
43 54 0 8 0.00272511737421
12 29 0 8 0.00272274832241
26 70 0 8 0.0027217308525
67 82 0 8 0.00271428190172
47 84 0 8 0.00271009257995
5 10 0 8 0.00269794254564
49 87 0 8 0.00269764615223
28 87 0 8 0.00269717397168
43 55 0 8 0.00269254622981
15 87 0 8 0.0026900738012
58 88 0 8 0.00268420181237
24 85 0 8 0.00267784739845
15 30 0 8 0.00267688347958
2 17 0 8 0.0026741696056
42 54 0 8 0.00266708247364
67 88 0 8 0.00266672228463
4 18 0 8 0.00266134552658
17 60 0 8 0.0026607203763
12 61 0 8 0.00265750964172
61 72 0 8 0.00265718740411
30 86 0 8 0.00265646958724
20 86 0 8 0.00265230005607
34 87 0 8 0.00264998013154
53 84 0 8 0.00264574540779
47 88 0 8 0.00264346902259
20 65 0 8 0.00263916538097
29 88 0 8 0.00263882265426
11 85 0 8 0.00263166148216
64 85 0 8 0.00262877834029
53 65 0 8 0.0026271508541
1 84 0 8 0.00262148841284
21 76 0 8 0.00262120785192
3 25 0 8 0.0026167773176
34 84 0 8 0.00261630071327
49 68 0 8 0.00261438288726
18 54 0 8 0.00261410675012
51 83 0 8 0.0026128240861
6 84 0 8 0.00261204387061
22 68 0 8 0.00260401982814
57 75 0 8 0.00259876553901
5 60 0 8 0.00259850709699
13 31 0 8 0.0025910360273
23 64 0 8 0.00258856522851
35 65 0 8 0.00258525181562
16 64 0 8 0.00257026404142
16 84 0 8 0.00256674340926
45 85 0 8 0.00256002950482
43 83 0 8 0.00255978829227
24 76 0 8 0.00255822902545
50 67 0 8 0.00255673774518
27 64 0 8 0.00255665020086
24 88 0 8 0.00255511258729
40 87 0 8 0.00255330000073
29 71 0 8 0.00254823360592
25 43 0 8 0.00254763383418
48 68 0 8 0.00254338560626
22 39 0 8 0.00253693992272
60 70 0 8 0.0025364079047
25 38 0 8 0.00252610584721
39 88 0 8 0.00252289976925
11 84 0 8 0.00252072280273
6 23 0 8 0.00251712487079
10 60 0 8 0.00251438817941
70 86 0 8 0.00250905775465
20 87 0 8 0.00250862934627
56 73 0 8 0.00250754947774
49 88 0 8 0.00250591617078
39 65 0 8 0.00250380858779
14 27 0 8 0.00250377040356
30 87 0 8 0.00250274897553
61 85 0 8 0.00250107212923
27 57 0 8 0.0024939076975
33 67 0 8 0.00248975469731
21 84 0 8 0.00248910463415
1 59 0 8 0.00248585199006
56 65 0 8 0.00248415116221
2 87 0 8 0.00248395511881
19 41 0 8 0.0024791166652
44 84 0 8 0.00247827358544
2 8 0 8 0.00247643329203
21 88 0 8 0.00247564422898
11 83 0 8 0.00247154477984
17 25 0 8 0.00246367719956
45 64 0 8 0.00246093072928
63 87 0 8 0.00245424872264
1 10 0 8 0.00245263474062
34 88 0 8 0.00244922935963
30 36 0 8 0.0024424653966
20 48 0 8 0.00243890238926
46 59 0 8 0.00243631657213
2 21 0 8 0.00243432051502
35 86 0 8 0.00243394542485
22 61 0 8 0.00243145041168
39 55 0 8 0.00242394092493
51 57 0 8 0.00242255884223
39 87 0 8 0.00242187455297
3 16 0 8 0.00241637835279
32 45 0 8 0.0024153762497
66 79 0 8 0.0024132495746
17 82 0 8 0.00241153384559
42 63 0 8 0.00240567116998
47 87 0 8 0.00240449258126
10 30 0 8 0.00239944481291
41 55 0 8 0.00239857984707
34 85 0 8 0.00239834235981
73 78 0 8 0.0023969442118
28 36 0 8 0.00239352695644
74 79 0 8 0.00238516484387
41 54 0 8 0.0023836530745
10 82 0 8 0.0023827245459
31 84 0 8 0.00237366254441
40 86 0 8 0.00237321574241
55 76 0 8 0.00236628041603
15 28 0 8 0.00236410787329
45 86 0 8 0.00236122938804
40 62 0 8 0.00235601980239
25 74 0 8 0.00235257367603
29 50 0 8 0.00234837504104
61 83 0 8 0.00234794034623
11 28 0 8 0.00234735291451
23 70 0 8 0.00234713731334
58 86 0 8 0.00234300876036
1 21 0 8 0.00233530369587
20 73 0 8 0.00232588499784
34 65 0 8 0.00232482515275
32 88 0 8 0.00231992104091
66 80 0 8 0.00231149233878
26 46 0 8 0.00230741500854
5 23 0 8 0.00230681244284
66 81 0 8 0.00230464921333
3 14 0 8 0.00230172695592
10 61 0 8 0.00230109435506
1 22 0 8 0.00229403190315
63 86 0 8 0.00228829542175
32 86 0 8 0.0022873908747
50 64 0 8 0.00228271307424
58 84 0 8 0.00228026439436
45 67 0 8 0.00227678357624
28 63 0 8 0.00227091368288
3 17 0 8 0.00227066525258
50 69 0 8 0.00226907338947
40 64 0 8 0.00226442655548
25 76 0 8 0.00225953757763
24 84 0 8 0.00225776038133
35 55 0 8 0.00225610984489
27 82 0 8 0.00225608423352
2 86 0 8 0.00225462811068
17 54 0 8 0.00225145625882
71 87 0 8 0.00223560002632
18 88 0 8 0.00222584046423
1 86 0 8 0.00222462275997
4 10 0 8 0.0022225396242
64 88 0 8 0.00221659126692
39 83 0 8 0.00221306830645
21 44 0 8 0.00221170624718
43 48 0 8 0.00221166224219
62 67 0 8 0.00221003056504
75 81 0 8 0.00220753136091
15 86 0 8 0.00220633554272
17 27 0 8 0.00220474065281
41 58 0 8 0.00220186193474
20 85 0 8 0.00220141257159
4 83 0 8 0.00219349283725
26 68 0 8 0.00219040666707
44 55 0 8 0.00218981178477
12 55 0 8 0.00218498264439
35 85 0 8 0.00218433816917
1 85 0 8 0.00217950344086
37 87 0 8 0.00217950041406
15 85 0 8 0.00217492994852
15 83 0 8 0.00217190734111
62 68 0 8 0.00216645980254
9 64 0 8 0.00216315127909
29 87 0 8 0.00216259458102
61 88 0 8 0.00216140248813
14 57 0 8 0.00215782527812
42 60 0 8 0.00215782038867
4 88 0 8 0.00215325504541
39 64 0 8 0.0021512049716
64 84 0 8 0.00214873859659
17 64 0 8 0.00214869785123
31 38 0 8 0.00214390316978
47 70 0 8 0.0021424558945
42 55 0 8 0.00214039464481
36 56 0 8 0.00213884119876
37 86 0 8 0.00213460158557
49 58 0 8 0.00213455082849
14 82 0 8 0.00213393010199
61 74 0 8 0.00212333793752
7 60 0 8 0.00212232070044
28 48 0 8 0.00212193606421
15 54 0 8 0.00212077028118
10 57 0 8 0.0021205553785
50 73 0 8 0.00212052790448
38 85 0 8 0.00212044920772
63 88 0 8 0.0021010292694
61 86 0 8 0.00209600944072
1 16 0 8 0.00209114002064
9 20 0 8 0.00208622030914
31 87 0 8 0.00208308082074
43 64 0 8 0.00207906030118
2 85 0 8 0.00207774504088
67 86 0 8 0.0020764155779
11 60 0 8 0.00207512965426
32 87 0 8 0.00206945743412
26 40 0 8 0.00206671375781
37 55 0 8 0.00206152675673
26 38 0 8 0.00205980683677
45 83 0 8 0.00205386476591
41 59 0 8 0.00205122074112
35 87 0 8 0.00204842328094
24 39 0 8 0.00204782886431
13 61 0 8 0.00204676878639
33 68 0 8 0.00204032822512
64 86 0 8 0.00204004580155
20 74 0 8 0.00203646486625
70 84 0 8 0.00203630002216
67 79 0 8 0.00203621573746
43 84 0 8 0.00203460501507
31 85 0 8 0.00203096284531
36 82 0 8 0.00203033676371
31 86 0 8 0.00203025853261
28 46 0 8 0.00202910439111
13 26 0 8 0.00202551065013
45 84 0 8 0.00202352600172
40 56 0 8 0.00202267221175
51 73 0 8 0.00201974622905
44 58 0 8 0.00201759231277
24 44 0 8 0.00201675156131
20 60 0 8 0.00201272103004
15 84 0 8 0.0020060732495
28 88 0 8 0.00198053545319
48 67 0 8 0.0019733402878
12 86 0 8 0.00197016680613
67 85 0 8 0.00196748785675
36 55 0 8 0.00196196022443
2 12 0 8 0.00196064217016
9 14 0 8 0.00195683329366
39 84 0 8 0.001955375541
34 60 0 8 0.00195524445735
12 87 0 8 0.00194505497348
26 39 0 8 0.00194419617765
4 87 0 8 0.00194295670372
24 64 0 8 0.0019373887917
25 85 0 8 0.00193649285939
13 60 0 8 0.00193331681658
37 85 0 8 0.0019317092374
58 63 0 8 0.00191760039888
7 19 0 8 0.00191310187802
35 88 0 8 0.00191181758419
37 88 0 8 0.0019116018666
46 52 0 8 0.00191106984857
41 48 0 8 0.00190775748342
39 68 0 8 0.00190697412472
51 84 0 8 0.00190660567023
68 76 0 8 0.00190400402062
34 68 0 8 0.00190250854939
35 84 0 8 0.00189658242743
11 61 0 8 0.00189514865633
24 57 0 8 0.00189331592992
6 21 0 8 0.0018923394382
39 53 0 8 0.00189134443644
64 76 0 8 0.00187953351997
61 69 0 8 0.00187467888463
32 85 0 8 0.00187441019807
4 86 0 8 0.00186969421338
41 64 0 8 0.00186871387996
23 82 0 8 0.00186699361075
21 27 0 8 0.00186461908743
12 68 0 8 0.00186434562784
32 84 0 8 0.00186366785783
48 64 0 8 0.00186339835636
2 84 0 8 0.00186328310519
25 86 0 8 0.00185849494301
1 23 0 8 0.00185089185834
65 88 0 8 0.00185046298429
37 58 0 8 0.0018491493538
39 51 0 8 0.00184688088484
34 57 0 8 0.00183680048212
18 87 0 8 0.00183198624291
55 63 0 8 0.00182887504343
35 67 0 8 0.00182745151687
21 26 0 8 0.00182684627362
12 30 0 8 0.00182362052146
25 64 0 8 0.00182360841427
65 83 0 8 0.00182319781743
30 64 0 8 0.00181327667087
59 87 0 8 0.00181278481614
30 67 0 8 0.00181002146564
27 38 0 8 0.00180488720071
17 24 0 8 0.00180149788503
2 22 0 8 0.00180064653978
65 76 0 8 0.001799862599
9 68 0 8 0.00179772544652
18 85 0 8 0.00179600552656
67 80 0 8 0.00179538328666
43 60 0 8 0.0017939490499
12 88 0 8 0.0017919401871
22 64 0 8 0.00178804481402
65 84 0 8 0.00178794690873
1 18 0 8 0.00178199703805
9 57 0 8 0.00177659199107
4 85 0 8 0.00176980684046
25 46 0 8 0.00176958274096
16 35 0 8 0.0017688163789
70 85 0 8 0.00176685070619
20 41 0 8 0.00176459562499
59 69 0 8 0.00176182680298
24 50 0 8 0.00175988988485
25 87 0 8 0.001757085789
59 88 0 8 0.00175518158358
38 88 0 8 0.00174934975803
61 73 0 8 0.00174613436684
15 29 0 8 0.00174290977884
22 44 0 8 0.0017356260214
21 34 0 8 0.00173149083275
52 73 0 8 0.00172999477945
68 81 0 8 0.00172967778053
10 15 0 8 0.00172689300962
45 58 0 8 0.00172570638824
42 48 0 8 0.00172529974952
47 60 0 8 0.0017249006778
20 88 0 8 0.00172172533348
35 40 0 8 0.00171991821844
20 84 0 8 0.00171752437018
65 82 0 8 0.00170911499299
36 60 0 8 0.0017046664143
27 43 0 8 0.00170421937946
19 64 0 8 0.00169698300306
25 88 0 8 0.00169439276215
20 83 0 8 0.00169179192744
51 64 0 8 0.00169071066193
46 65 0 8 0.00167576526292
28 64 0 8 0.00167295092251
21 48 0 8 0.00167276605498
19 82 0 8 0.0016666140873
27 71 0 8 0.00166317110416
40 84 0 8 0.00165633903816
24 70 0 8 0.00165413273498
17 57 0 8 0.00164996681269
58 72 0 8 0.0016492215218
38 87 0 8 0.00164380529895
43 56 0 8 0.00164302298799
18 86 0 8 0.00164282356855
27 85 0 8 0.00164244417101
27 40 0 8 0.00163002032787
20 68 0 8 0.00162591040134
10 64 0 8 0.00162529980298
37 84 0 8 0.00162116251886
7 22 0 8 0.00161937740631
38 86 0 8 0.00161695631687
27 48 0 8 0.00161572359502
8 21 0 8 0.00161516061053
18 60 0 8 0.00161510601174
19 70 0 8 0.00161479623057
2 15 0 8 0.00161357130855
18 83 0 8 0.00161304825451
64 82 0 8 0.00161117338575
68 88 0 8 0.00161012203898
63 82 0 8 0.00160131498706
27 86 0 8 0.00160119764041
21 64 0 8 0.00159332272597
49 61 0 8 0.001592057175
27 83 0 8 0.00159183365759
69 76 0 8 0.00158831651788
26 71 0 8 0.00158759241458
75 84 0 8 0.00158637284767
25 37 0 8 0.00158157758415
17 88 0 8 0.00157940830104
24 40 0 8 0.0015773876803
12 83 0 8 0.00157607404981
34 58 0 8 0.00155715865549
9 60 0 8 0.00155314430594
15 27 0 8 0.00155090389308
8 86 0 8 0.00154853251297
50 60 0 8 0.00154655869119
50 61 0 8 0.00154604995623
53 69 0 8 0.00154432933778
4 17 0 8 0.00154180277605
38 54 0 8 0.0015412127832
67 84 0 8 0.00153922615573
12 85 0 8 0.00152788800187
28 49 0 8 0.00152166723274
40 88 0 8 0.0015216259053
18 84 0 8 0.00152144627646
20 61 0 8 0.00152064603753
25 83 0 8 0.0015188473044
59 85 0 8 0.00151545368135
8 85 0 8 0.00150949764065
58 76 0 8 0.00150871090591
40 83 0 8 0.00150641333312
7 64 0 8 0.00150272902101
71 85 0 8 0.00150229840074
52 66 0 8 0.00149912154302
49 64 0 8 0.00149628985673
11 29 0 8 0.00149549578782
22 57 0 8 0.00148786022328
8 87 0 8 0.00148479163181
39 63 0 8 0.00147869822104
50 55 0 8 0.00147795141675
75 80 0 8 0.00147470040247
26 64 0 8 0.00147393310908
23 41 0 8 0.00147374998778
22 40 0 8 0.00147149991244
2 23 0 8 0.00147142983042
23 71 0 8 0.00146871886682
35 43 0 8 0.00146832456812
7 21 0 8 0.00146750896238
32 64 0 8 0.00146547076292
63 85 0 8 0.00146394839976
67 83 0 8 0.00146197213326
14 88 0 8 0.00146017316729
2 14 0 8 0.00145504693501
47 53 0 8 0.00145422492642
72 87 0 8 0.00145407870878
69 87 0 8 0.00145391270053
33 82 0 8 0.00145332352258
27 84 0 8 0.0014496317599
38 83 0 8 0.0014454665361
57 76 0 8 0.00144382182043
25 84 0 8 0.00143358123023
32 46 0 8 0.00143168016803
35 64 0 8 0.0014255605638
62 70 0 8 0.00142309407238
71 86 0 8 0.00142214971129
32 67 0 8 0.00142115121707
70 82 0 8 0.0014210814843
8 88 0 8 0.00141894828994
17 26 0 8 0.00141485768836
25 44 0 8 0.00140923750587
8 17 0 8 0.00140914681833
69 88 0 8 0.00140611187089
65 86 0 8 0.00140287505928
19 87 0 8 0.00140228657983
22 70 0 8 0.00140180264134
42 47 0 8 0.00139687175397
19 57 0 8 0.00139640306588
5 13 0 8 0.00139604322612
61 76 0 8 0.00139217439573
4 84 0 8 0.00138770299964
50 57 0 8 0.00138239387888
75 83 0 8 0.00138018245343
64 83 0 8 0.00137622188777
45 59 0 8 0.00137147307396
72 86 0 8 0.00136818678584
52 74 0 8 0.00136433530133
23 68 0 8 0.00136328896042
31 46 0 8 0.00136283994652
57 74 0 8 0.00136012793519
39 52 0 8 0.00135594583116
17 34 0 8 0.0013539934298
44 53 0 8 0.00135278957896
4 16 0 8 0.00135251064785
17 85 0 8 0.00135250284802
69 80 0 8 0.00134714087471
53 68 0 8 0.00134582584724
72 77 0 8 0.00134117912967
65 87 0 8 0.0013318444835
32 38 0 8 0.00133178790566
41 60 0 8 0.00133110128809
23 83 0 8 0.00132814189419
48 70 0 8 0.00132356630638
21 54 0 8 0.00131842494011
10 88 0 8 0.00131065445021
7 57 0 8 0.00130823988002
7 24 0 8 0.00130452972371
20 29 0 8 0.00130297313444
5 22 0 8 0.00130026065744
17 86 0 8 0.00129233300686
14 85 0 8 0.00129151344299
5 24 0 8 0.00128896243405
50 68 0 8 0.00128501234576
70 81 0 8 0.00128459383268
14 87 0 8 0.0012844708981
30 47 0 8 0.00128379149828
3 23 0 8 0.00127507955767
19 88 0 8 0.00127311074175
42 64 0 8 0.00127307604998
10 87 0 8 0.00127270573284
36 88 0 8 0.00127225916367
54 72 0 8 0.00127069500741
68 80 0 8 0.00126934144646
23 87 0 8 0.0012666862458
21 57 0 8 0.00126289098989
73 84 0 8 0.00125714717433
2 10 0 8 0.00125569198281
1 20 0 8 0.00125401269179
23 84 0 8 0.00125293876044
38 84 0 8 0.00125094677787
10 28 0 8 0.00124842033256
38 56 0 8 0.00124474184122
59 86 0 8 0.00124171515927
14 28 0 8 0.00124077592045
10 85 0 8 0.00123748823535
21 46 0 8 0.00123418588191
12 84 0 8 0.00123382022139
20 54 0 8 0.00123381079175
13 28 0 8 0.00123271963093
3 21 0 8 0.00122851680499
10 86 0 8 0.00122520455625
56 64 0 8 0.00121948658489
30 46 0 8 0.00121421751101
24 38 0 8 0.00121219572611
27 87 0 8 0.00121123436838
22 82 0 8 0.00121045066044
71 84 0 8 0.00120984262321
10 16 0 8 0.00120631966274
35 68 0 8 0.00120270217303
47 58 0 8 0.00120220507961
17 87 0 8 0.00120163953397
27 88 0 8 0.00120154162869
37 64 0 8 0.00119446380995
45 51 0 8 0.00119172548875
62 87 0 8 0.0011901599355
59 83 0 8 0.00118807924446
49 60 0 8 0.00118530064356
20 42 0 8 0.00118466978893
68 79 0 8 0.00118445651606
47 68 0 8 0.0011829349678
30 43 0 8 0.00118082459085
75 82 0 8 0.00117976160254
23 85 0 8 0.00117644714192
2 18 0 8 0.00117274653167
29 36 0 8 0.00117135432083
74 82 0 8 0.00116147357039
23 86 0 8 0.00115826237015
13 64 0 8 0.00115753593855
30 44 0 8 0.00115723325871
18 25 0 8 0.00115547864698
65 85 0 8 0.00115415360779
20 26 0 8 0.00115302018821
42 62 0 8 0.00114746880718
17 83 0 8 0.001146993367
54 65 0 8 0.00114338740241
38 63 0 8 0.00114197190851
19 85 0 8 0.0011396316113
60 67 0 8 0.0011382867815
73 83 0 8 0.00113641901407
25 40 0 8 0.00113505951595
72 78 0 8 0.00112857075874
14 86 0 8 0.00112244975753
4 11 0 8 0.00112101412378
21 42 0 8 0.00111424131319
21 29 0 8 0.00111309124622
19 27 0 8 0.00111308915075
61 70 0 8 0.00111233443022
52 65 0 8 0.0011098429095
46 51 0 8 0.00110850366764
2 20 0 8 0.00110827980097
73 80 0 8 0.00110377708916
24 47 0 8 0.00110341235995
21 28 0 8 0.00109791290015
68 87 0 8 0.00109732942656
23 57 0 8 0.00109703105409
70 83 0 8 0.00109685014468
8 84 0 8 0.00109500915278
21 39 0 8 0.00109466235153
59 71 0 8 0.00108940410428
20 64 0 8 0.0010863308562
74 80 0 8 0.0010852906853
36 86 0 8 0.00108486693352
18 24 0 8 0.00108105386607
54 74 0 8 0.00107572716661
38 68 0 8 0.00107259280048
1 19 0 8 0.00107230164576
10 83 0 8 0.00106943084393
36 87 0 8 0.00106863246765
36 83 0 8 0.00106771569699
55 73 0 8 0.00106677366421
59 84 0 8 0.00106633617543
68 82 0 8 0.0010643430287
31 39 0 8 0.00106209085789
19 28 0 8 0.00106090062764
53 64 0 8 0.00105956778862
36 41 0 8 0.00105931854341
48 61 0 8 0.00105823669583
18 57 0 8 0.00105347041972
41 50 0 8 0.00105306901969
39 54 0 8 0.00105292664375
22 28 0 8 0.00105151208118
44 60 0 8 0.00104717107024
53 71 0 8 0.00104416860268
29 47 0 8 0.00104208418634
53 70 0 8 0.00104079535231
24 45 0 8 0.00103749230038
27 41 0 8 0.00103265442885
36 85 0 8 0.00103145989124
41 52 0 8 0.00102415669244
66 82 0 8 0.00102276960388
20 31 0 8 0.0010194509523
22 42 0 8 0.00101681938395
32 37 0 8 0.00101633311715
25 39 0 8 0.00101170665585
19 83 0 8 0.00101073610131
68 86 0 8 0.00101060501765
56 69 0 8 0.00100743654184
18 64 0 8 0.000998757779598
29 43 0 8 0.000993442372419
10 84 0 8 0.000987033243291
27 44 0 8 0.000983438570984
23 30 0 8 0.000982342055067
49 70 0 8 0.000980288372375
32 60 0 8 0.00097655877471
22 41 0 8 0.000975771981757
57 73 0 8 0.000975054514129
52 72 0 8 0.000974547932856
63 83 0 8 0.000973777030595
42 50 0 8 0.000972724170424
7 20 0 8 0.0009723980329
14 83 0 8 0.000961989338975
11 64 0 8 0.000960804987699
42 59 0 8 0.000960318546277
69 81 0 8 0.000958514632657
26 57 0 8 0.000957943091635
30 37 0 8 0.000953209295403
19 86 0 8 0.000951626279857
54 73 0 8 0.000950039539021
74 81 0 8 0.000949699257035
14 84 0 8 0.000949563109316
62 85 0 8 0.000948116648942
40 55 0 8 0.000947481836192
26 82 0 8 0.000946886662859
29 48 0 8 0.000946327927522
62 82 0 8 0.000945286185015
33 44 0 8 0.000941911246628
3 10 0 8 0.000938048120588
34 64 0 8 0.000937827862799
59 64 0 8 0.000933151051868
66 88 0 8 0.000928066496272
70 80 0 8 0.000927673536353
21 41 0 8 0.000922444683965
9 17 0 8 0.000921586412005
12 57 0 8 0.000920187798329
25 45 0 8 0.00091544323368
5 11 0 8 0.000908787071239
29 40 0 8 0.000907994282898
41 56 0 8 0.000907204288524
12 64 0 8 0.000906596833374
23 42 0 8 0.000902432017028
62 86 0 8 0.000898131926078
23 88 0 8 0.000896268291399
27 42 0 8 0.000895309378393
20 57 0 8 0.000887618458364
74 83 0 8 0.00088648032397
69 78 0 8 0.00088365690317
17 84 0 8 0.00087988114683
39 59 0 8 0.000875394267496
71 83 0 8 0.000871696567629
68 77 0 8 0.000867968134116
33 57 0 8 0.00086707418086
28 37 0 8 0.000866158807185
63 84 0 8 0.000865865498781
71 81 0 8 0.000864329747856
21 32 0 8 0.000863204302732
22 29 0 8 0.000861540320329
30 41 0 8 0.00085768365534
12 28 0 8 0.000855079386383
38 65 0 8 0.000851274759043
4 14 0 8 0.00085103220772
17 28 0 8 0.000847955932841
62 88 0 8 0.000847180956043
44 50 0 8 0.000834850361571
60 66 0 8 0.000832392717712
45 61 0 8 0.00083157455083
19 84 0 8 0.000828808522783
68 83 0 8 0.000828227086458
56 71 0 8 0.000821915105917
49 56 0 8 0.000820231798571
4 15 0 8 0.000819895765744
7 16 0 8 0.000819154316559
16 29 0 8 0.00081785058137
58 73 0 8 0.000815085601062
14 29 0 8 0.000814760976937
57 72 0 8 0.000812683661934
59 65 0 8 0.000811328820419
42 52 0 8 0.000811316072941
45 55 0 8 0.000810433295555
28 42 0 8 0.000810125260614
22 85 0 8 0.000808726472314
44 51 0 8 0.00080736738164
45 56 0 8 0.000806068652309
36 84 0 8 0.000805364223197
13 29 0 8 0.00080072239507
26 44 0 8 0.00079761154484
73 79 0 8 0.000789693265688
27 39 0 8 0.000787900935393
40 60 0 8 0.000786896620411
34 43 0 8 0.000785078445915
5 19 0 8 0.000781445065513
60 68 0 8 0.000780716305599
69 79 0 8 0.000778513553087
21 31 0 8 0.00077849952504
48 58 0 8 0.000776129541919
25 42 0 8 0.000771778519265
68 84 0 8 0.000763873336837
27 46 0 8 0.000761275761761
24 42 0 8 0.000758701469749
51 67 0 8 0.000758649839554
3 11 0 8 0.000757179281209
69 85 0 8 0.000753214641009
8 13 0 8 0.000752298627049
44 56 0 8 0.00074901554035
66 87 0 8 0.000744370103348
34 42 0 8 0.000742856762372
41 49 0 8 0.000741578638554
47 61 0 8 0.000735152338166
26 85 0 8 0.00073440943379
8 14 0 8 0.00073281157529
44 57 0 8 0.000725910358597
32 43 0 8 0.000725568330381
4 20 0 8 0.000723191886209
5 18 0 8 0.000722639379092
42 57 0 8 0.00072050181916
41 51 0 8 0.000716927170288
7 12 0 8 0.000716444978025
43 49 0 8 0.00071258621756
72 85 0 8 0.00071063550422
66 83 0 8 0.000708183390088
69 77 0 8 0.000707024184521
57 65 0 8 0.000703119265381
28 43 0 8 0.000702842196915
70 77 0 8 0.000701056153048
46 61 0 8 0.000698786170688
2 19 0 8 0.000697679934092
69 83 0 8 0.000697604496963
62 83 0 8 0.00069626950426
41 57 0 8 0.000695644062944
17 31 0 8 0.000694444112014
50 70 0 8 0.000693691661581
38 58 0 8 0.00069312506821
71 82 0 8 0.000689699954819
43 57 0 8 0.000686348299496
40 61 0 8 0.000686098530423
66 85 0 8 0.000678783748299
68 78 0 8 0.000676710042171
3 15 0 8 0.000675879593473
70 76 0 8 0.000675599731039
69 86 0 8 0.00066880590748
71 78 0 8 0.000665685802232
24 41 0 8 0.000664995633997
57 71 0 8 0.000664311461151
23 29 0 8 0.000663214887027
26 41 0 8 0.000662943173666
6 16 0 8 0.000661556841806
22 83 0 8 0.000661554629914
55 74 0 8 0.000660958117805
42 56 0 8 0.000659675279167
7 17 0 8 0.000659015786368
20 28 0 8 0.000658306467813
51 68 0 8 0.000655053299852
33 43 0 8 0.000648778746836
37 60 0 8 0.00064553815173
33 88 0 8 0.000645343854558
68 85 0 8 0.000641555176117
72 79 0 8 0.000640973332338
22 87 0 8 0.000640597427264
26 86 0 8 0.000640372512862
73 81 0 8 0.000638701196294
46 60 0 8 0.000636573007796
69 82 0 8 0.000635260599665
26 87 0 8 0.000631670176517
52 69 0 8 0.000627032655757
69 84 0 8 0.000622236460913
37 61 0 8 0.000617375131696
46 64 0 8 0.000615466269664
24 46 0 8 0.000614450895227
28 45 0 8 0.000611954426859
55 65 0 8 0.000610058312304
22 30 0 8 0.000608163478319
46 56 0 8 0.000606763758697
22 84 0 8 0.000603139167652
37 57 0 8 0.00060183450114
31 42 0 8 0.000599791936111
3 18 0 8 0.000598070211709
44 52 0 8 0.000597658567131
35 57 0 8 0.000596337020397
33 87 0 8 0.000596127065364
55 71 0 8 0.000594926008489
30 45 0 8 0.000594497250859
49 55 0 8 0.000592954631429
38 55 0 8 0.00058928859653
54 66 0 8 0.000588929222431
66 86 0 8 0.000587875721976
44 61 0 8 0.000585294677876
73 82 0 8 0.000581333180889
33 86 0 8 0.000579151150305
43 53 0 8 0.000577405327931
72 84 0 8 0.000573728757445
33 39 0 8 0.000571170065086
58 66 0 8 0.000570612319279
4 12 0 8 0.000568169343751
42 49 0 8 0.000567622133531
66 84 0 8 0.000565611990169
28 38 0 8 0.000563709996641
20 32 0 8 0.000561627035495
72 80 0 8 0.00056134868646
55 72 0 8 0.000559127889574
18 27 0 8 0.000557310355362
28 47 0 8 0.00055631576106
5 17 0 8 0.000555450853426
46 54 0 8 0.000555447128136
20 30 0 8 0.000552145706024
30 40 0 8 0.000550728640519
29 45 0 8 0.00054901355179
47 64 0 8 0.000548464828171
45 53 0 8 0.000548281183001
16 28 0 8 0.000547901378013
33 83 0 8 0.000544431153685
33 85 0 8 0.000544394366443
28 39 0 8 0.000544199254364
54 69 0 8 0.000543230911717
70 79 0 8 0.000540748937055
22 86 0 8 0.000540519075003
61 68 0 8 0.000535982311703
48 60 0 8 0.000533273327164
6 12 0 8 0.000525844923686
5 12 0 8 0.000524886418134
26 83 0 8 0.000521056121215
5 14 0 8 0.000520611763932
48 53 0 8 0.000516850326676
71 76 0 8 0.000507361022756
26 84 0 8 0.000504524447024
54 71 0 8 0.000503354996908
28 40 0 8 0.000498089415487
22 88 0 8 0.000495368731208
8 15 0 8 0.000493243511301
19 29 0 8 0.000491488259286
56 67 0 8 0.0004839237954
43 50 0 8 0.000482640811242
49 54 0 8 0.000479643873405
36 42 0 8 0.0004784965422
57 63 0 8 0.000465422432171
41 61 0 8 0.000464924931293
62 84 0 8 0.000464098906377
51 71 0 8 0.00046402256703
6 13 0 8 0.000461719202576
56 66 0 8 0.000461412506411
72 82 0 8 0.000461215531686
38 64 0 8 0.000461121002445
47 56 0 8 0.000460600858787
59 68 0 8 0.00046007274068
19 30 0 8 0.000459790637251
31 44 0 8 0.000457465270301
32 44 0 8 0.000457232876215
54 64 0 8 0.000453980203019
9 16 0 8 0.000444942852482
26 88 0 8 0.000444895558758
31 37 0 8 0.00044224440353
28 41 0 8 0.00044169058674
48 54 0 8 0.000434468092863
30 42 0 8 0.000432490429375
44 54 0 8 0.000431565276813
33 84 0 8 0.000429897598224
45 54 0 8 0.000427983788541
5 15 0 8 0.00042508696788
46 53 0 8 0.000424275465775
6 14 0 8 0.000423483870691
31 41 0 8 0.000417019880842
34 41 0 8 0.00041476028855
7 13 0 8 0.000412545370637
3 19 0 8 0.000411712040659
56 70 0 8 0.000409252126701
3 20 0 8 0.000408279302064
5 20 0 8 0.000406866049161
57 68 0 8 0.000395796028897
39 58 0 8 0.000390653032809
25 41 0 8 0.000390462955693
8 16 0 8 0.000389409862692
71 79 0 8 0.000389341905247
28 44 0 8 0.000387619453249
36 57 0 8 0.000386288185837
29 46 0 8 0.000381147285225
39 56 0 8 0.000381006509997
3 12 0 8 0.000378666591132
51 70 0 8 0.00037610239815
31 43 0 8 0.000374384049792
54 68 0 8 0.00037349248305
52 64 0 8 0.00037165460526
71 80 0 8 0.000369638262782
52 67 0 8 0.000364667241229
17 30 0 8 0.00036194580025
5 16 0 8 0.000360824575182
18 30 0 8 0.000357524404535
36 64 0 8 0.000350016722223
71 77 0 8 0.000340107711963
32 39 0 8 0.000337836216204
42 53 0 8 0.000337197998306
32 40 0 8 0.000337142060744
57 64 0 8 0.000335818680469
29 37 0 8 0.000326315668644
38 61 0 8 0.000326181005221
9 15 0 8 0.000326038891217
59 70 0 8 0.000325683504343
54 70 0 8 0.000324895197991
5 21 0 8 0.000324095482938
70 78 0 8 0.00032062488026
59 67 0 8 0.000317534519127
7 14 0 8 0.000313671451295
35 42 0 8 0.000311767566018
18 31 0 8 0.000306111440295
29 38 0 8 0.0003045348858
58 64 0 8 0.000298736995319
29 39 0 8 0.000298554165056
58 68 0 8 0.000296032754704
52 71 0 8 0.000292924552923
72 81 0 8 0.000288679642836
58 65 0 8 0.000285733898636
55 64 0 8 0.00028224979178
46 58 0 8 0.000281985936454
55 69 0 8 0.000276409467915
18 29 0 8 0.00026765911025
43 51 0 8 0.00026206986513
72 83 0 8 0.000259275897406
26 42 0 8 0.000258941901848
32 42 0 8 0.000254524027696
6 15 0 8 0.000254026293987
61 67 0 8 0.000254018552369
52 68 0 8 0.000251558754826
7 15 0 8 0.000248620926868
38 57 0 8 0.000244126640609
57 66 0 8 0.000241771136643
54 67 0 8 0.000240662833676
58 69 0 8 0.000239414148382
30 39 0 8 0.000236861218582
49 57 0 8 0.000229409139138
56 68 0 8 0.000225597177632
39 57 0 8 0.00022286681633
29 42 0 8 0.000218131594011
35 41 0 8 0.000216510612518
39 61 0 8 0.000212123064557
29 41 0 8 0.000207750723348
55 66 0 8 0.000197125438717
17 29 0 8 0.000192634455743
42 51 0 8 0.000187078054296
55 67 0 8 0.000184020929737
57 69 0 8 0.000180378003279
47 54 0 8 0.000174079279532
57 67 0 8 0.000171831372427
46 55 0 8 0.000167808524566
18 28 0 8 0.000166223806445
48 56 0 8 0.000164714045241
58 70 0 8 0.000159951436217
30 38 0 8 0.000153137181769
45 60 0 8 0.000151066866238
46 57 0 8 0.000149261439219
58 71 0 8 0.000148733073729
38 60 0 8 0.000144681951497
55 70 0 8 0.000137724346132
57 70 0 8 0.0001375478314
55 68 0 8 0.00013153530017
40 57 0 8 0.000124028520077
48 55 0 8 0.000117932242574
33 42 0 8 0.000112353496661
47 55 0 8 0.000111526031105
52 70 0 8 0.000109080858238
32 41 0 8 0.000109045613499
58 67 0 8 9.66529187281e-05
29 44 0 8 9.64783321251e-05
39 60 0 8 7.95357700554e-05
47 57 0 8 7.87107783253e-05
33 41 0 8 7.19513918739e-05
48 57 0 8 5.95424389758e-05
45 57 0 8 5.69920921407e-05
