16 17 0 8 0.999995410442
18 19 0 8 0.999994754791
1 2 0 8 0.999993741512
64 65 0 8 0.999988257885
20 21 0 8 0.999987900257
57 58 0 8 0.999986350536
15 16 0 8 0.999986231327
49 50 0 8 0.999982535839
2 3 0 8 0.999981999397
17 18 0 8 0.999981462955
40 41 0 8 0.999981105328
45 46 0 8 0.999980390072
31 32 0 8 0.999979197979
19 20 0 8 0.999977827072
3 4 0 8 0.999976754189
50 51 0 8 0.999974250793
28 29 0 8 0.999973058701
27 28 0 8 0.999971568584
43 44 0 8 0.999971449375
44 45 0 8 0.999967694283
42 43 0 8 0.99996227026
21 22 0 8 0.999957323074
56 57 0 8 0.999953508377
41 42 0 8 0.99995213747
39 40 0 8 0.999948740005
22 23 0 8 0.999946177006
51 52 0 8 0.999944388866
46 47 0 8 0.999944388866
7 8 0 8 0.999937236309
30 31 0 8 0.999935388565
9 10 0 8 0.999931871891
26 27 0 8 0.999931454659
37 38 0 8 0.999929249287
11 12 0 8 0.999927520752
29 30 0 8 0.999927341938
23 24 0 8 0.99992454052
8 9 0 8 0.999922990799
32 33 0 8 0.999911308289
48 49 0 8 0.999908864498
33 34 0 8 0.999900221825
25 26 0 8 0.999898016453
24 25 0 8 0.999895632267
34 35 0 8 0.999890804291
14 15 0 8 0.999875962734
47 48 0 8 0.999855399132
13 14 0 8 0.999849438667
52 53 0 8 0.999839663506
63 64 0 8 0.99983561039
35 36 0 8 0.999815523624
58 59 0 8 0.999815523624
53 54 0 8 0.999769985676
12 13 0 8 0.999756991863
55 56 0 8 0.999756455421
59 60 0 8 0.999705195427
4 5 0 8 0.999672293663
38 39 0 8 0.999664008617
36 37 0 8 0.999656260014
10 11 0 8 0.999642550945
54 55 0 8 0.999618291855
60 61 0 8 0.998891234398
18 20 0 8 0.998661279678
6 7 0 8 0.998337388039
5 6 0 8 0.998003602028
16 18 0 8 0.997825920582
17 19 0 8 0.997527062893
20 22 0 8 0.997327327728
19 21 0 8 0.996589183807
62 63 0 8 0.996503710747
19 22 0 8 0.996164917946
15 18 0 8 0.994384884834
15 17 0 8 0.994271397591
18 21 0 8 0.993926346302
22 24 0 8 0.993757724762
17 20 0 8 0.993648588657
61 62 0 8 0.992909252644
21 23 0 8 0.990887105465
16 19 0 8 0.99084341526
17 21 0 8 0.989541053772
14 16 0 8 0.989268064499
14 17 0 8 0.987880408764
20 23 0 8 0.987452745438
18 22 0 8 0.987057089806
15 19 0 8 0.984484910965
14 18 0 8 0.978447556496
29 42 0 8 0.978267967701
29 44 0 8 0.977866590023
16 20 0 8 0.977861344814
19 23 0 8 0.976121723652
42 44 0 8 0.974914014339
21 24 0 8 0.974430084229
42 54 0 8 0.970549702644
20 24 0 8 0.969048976898
27 29 0 8 0.9642406106
22 25 0 8 0.963923573494
41 53 0 8 0.959607481956
25 27 0 8 0.953224897385
31 42 0 8 0.951295614243
30 43 0 8 0.951080977917
31 40 0 8 0.949766099453
21 25 0 8 0.946463465691
44 46 0 8 0.944637417793
29 31 0 8 0.940667688847
44 52 0 8 0.934765934944
29 43 0 8 0.93396294117
13 18 0 8 0.93396037817
40 42 0 8 0.933668494225
30 32 0 8 0.930650353432
47 49 0 8 0.929306745529
46 52 0 8 0.928030490875
33 40 0 8 0.927651524544
23 25 0 8 0.922433257103
18 43 0 8 0.922127902508
13 17 0 8 0.917349457741
37 39 0 8 0.916254937649
8 10 0 8 0.916127085686
10 12 0 8 0.915636539459
32 34 0 8 0.915410995483
6 8 0 8 0.913794696331
41 43 0 8 0.913175582886
41 55 0 8 0.912976980209
34 41 0 8 0.909545004368
53 55 0 8 0.908555805683
18 32 0 8 0.907712221146
46 49 0 8 0.90743291378
28 45 0 8 0.906343221664
44 51 0 8 0.900426566601
49 51 0 8 0.898584723473
18 30 0 8 0.896802067757
19 51 0 8 0.89679723978
48 50 0 8 0.89337182045
51 53 0 8 0.893220841885
35 37 0 8 0.893127143383
52 54 0 8 0.892191469669
46 48 0 8 0.889532387257
5 53 0 8 0.885653793812
54 56 0 8 0.884022712708
46 51 0 8 0.883759498596
43 53 0 8 0.874895215034
45 51 0 8 0.862528264523
3 5 0 8 0.860893130302
58 60 0 8 0.860600829124
33 35 0 8 0.858489453793
32 41 0 8 0.85548222065
31 33 0 8 0.855069100857
44 54 0 8 0.852539896965
5 55 0 8 0.849422335625
45 52 0 8 0.844886064529
33 39 0 8 0.844219923019
2 4 0 8 0.841979324818
40 56 0 8 0.840465068817
44 53 0 8 0.839304506779
11 13 0 8 0.838653802872
4 6 0 8 0.835625767708
43 45 0 8 0.835047841072
56 58 0 8 0.831477105618
29 45 0 8 0.830210387707
22 27 0 8 0.824675798416
32 42 0 8 0.821257710457
32 43 0 8 0.81811529398
22 43 0 8 0.817153871059
6 27 0 8 0.814150214195
43 51 0 8 0.809711873531
24 26 0 8 0.808140695095
1 3 0 8 0.804472923279
34 40 0 8 0.802434563637
63 65 0 8 0.800142645836
34 39 0 8 0.796644985676
41 56 0 8 0.793280780315
59 61 0 8 0.790851950645
41 54 0 8 0.785523176193
30 42 0 8 0.78385668993
43 54 0 8 0.782130777836
55 57 0 8 0.779686570168
32 40 0 8 0.764058053493
61 63 0 8 0.761538624763
7 9 0 8 0.755143404007
36 38 0 8 0.750927805901
34 36 0 8 0.750257194042
29 54 0 8 0.742508471012
15 53 0 8 0.740182936192
5 7 0 8 0.737310767174
46 50 0 8 0.733781278133
62 64 0 8 0.729218006134
38 40 0 8 0.725489556789
50 52 0 8 0.724518835545
39 41 0 8 0.722566902637
28 44 0 8 0.721711993217
34 37 0 8 0.71533036232
22 29 0 8 0.711859166622
19 43 0 8 0.709246575832
30 44 0 8 0.706158041954
45 50 0 8 0.705312848091
28 30 0 8 0.696313142776
7 55 0 8 0.696142017841
60 62 0 8 0.694537162781
57 59 0 8 0.691654860973
26 28 0 8 0.691424787045
42 56 0 8 0.688969790936
23 26 0 8 0.687048316002
45 49 0 8 0.679936408997
13 54 0 8 0.67596590519
7 57 0 8 0.669039547443
31 43 0 8 0.667693138123
10 33 0 8 0.665680706501
33 38 0 8 0.657664954662
10 40 0 8 0.656078279018
12 33 0 8 0.644543349743
43 52 0 8 0.64406234026
42 53 0 8 0.642061233521
42 55 0 8 0.641104102135
45 47 0 8 0.627428174019
27 44 0 8 0.62578523159
13 21 0 8 0.625240623951
9 11 0 8 0.623561859131
27 46 0 8 0.616442918777
33 41 0 8 0.615580618382
8 29 0 8 0.614087045193
29 46 0 8 0.609717905521
15 41 0 8 0.608869254589
13 32 0 8 0.608432412148
6 54 0 8 0.607692360878
39 55 0 8 0.607513785362
8 56 0 8 0.60537058115
37 40 0 8 0.604285657406
43 55 0 8 0.593777537346
22 51 0 8 0.59352761507
31 41 0 8 0.588139712811
30 46 0 8 0.581300616264
8 54 0 8 0.581029117107
15 32 0 8 0.580780625343
12 14 0 8 0.580467998981
15 43 0 8 0.574785172939
12 35 0 8 0.570076227188
22 45 0 8 0.56474083662
2 53 0 8 0.563882410526
10 13 0 8 0.561550378799
27 30 0 8 0.545566499233
29 51 0 8 0.545245885849
25 30 0 8 0.544903039932
8 27 0 8 0.543442606926
22 26 0 8 0.543130874634
33 42 0 8 0.528262972832
34 38 0 8 0.520255804062
8 51 0 8 0.499682426453
35 38 0 8 0.49588689208
12 40 0 8 0.488981336355
27 45 0 8 0.485172748566
4 46 0 8 0.467989504337
8 55 0 8 0.45330247283
32 44 0 8 0.451864778996
13 34 0 8 0.449753344059
40 58 0 8 0.448211938143
12 32 0 8 0.433856606483
40 55 0 8 0.423551946878
31 44 0 8 0.414660513401
9 57 0 8 0.413972944021
13 35 0 8 0.405880630016
31 56 0 8 0.403704315424
8 25 0 8 0.401835858822
23 27 0 8 0.396110594273
39 58 0 8 0.393391877413
6 29 0 8 0.393045902252
8 42 0 8 0.386279463768
18 41 0 8 0.383690655231
18 31 0 8 0.378338456154
8 30 0 8 0.373505830765
13 15 0 8 0.372066318989
22 30 0 8 0.368465214968
39 57 0 8 0.362841755152
12 42 0 8 0.362221121788
10 31 0 8 0.353017091751
6 55 0 8 0.352241247892
11 35 0 8 0.351803064346
38 57 0 8 0.34864115715
10 56 0 8 0.347728401423
13 30 0 8 0.34058663249
13 40 0 8 0.339981019497
33 37 0 8 0.336990147829
45 53 0 8 0.327544420958
41 57 0 8 0.32598555088
42 57 0 8 0.324984639883
58 61 0 8 0.314599484205
8 31 0 8 0.313568562269
22 44 0 8 0.309818029404
47 50 0 8 0.308241933584
29 53 0 8 0.307189792395
23 45 0 8 0.306860476732
18 42 0 8 0.302947849035
7 39 0 8 0.301086574793
6 30 0 8 0.29888138175
35 39 0 8 0.290864050388
35 40 0 8 0.286048144102
5 56 0 8 0.284815728664
4 44 0 8 0.282979488373
26 46 0 8 0.280499249697
8 13 0 8 0.269698858261
27 47 0 8 0.268216133118
10 18 0 8 0.263906925917
44 55 0 8 0.262612015009
19 45 0 8 0.258869320154
24 51 0 8 0.258385747671
10 57 0 8 0.255770087242
39 56 0 8 0.254828393459
28 47 0 8 0.253427863121
5 31 0 8 0.250795781612
15 34 0 8 0.250248521566
12 21 0 8 0.248871654272
6 28 0 8 0.243932455778
22 31 0 8 0.242639884353
3 43 0 8 0.24113599956
11 21 0 8 0.240767613053
6 53 0 8 0.240154638886
18 29 0 8 0.236815884709
57 61 0 8 0.236773103476
21 29 0 8 0.236767008901
43 56 0 8 0.234393656254
40 57 0 8 0.23356063664
14 35 0 8 0.232959672809
7 56 0 8 0.231893226504
14 36 0 8 0.231830790639
34 42 0 8 0.230376049876
2 19 0 8 0.229774996638
28 46 0 8 0.228906184435
22 28 0 8 0.228438943624
35 41 0 8 0.226574108005
58 62 0 8 0.225410580635
3 45 0 8 0.218630433083
60 63 0 8 0.214281335473
12 17 0 8 0.212079569697
57 60 0 8 0.21169115603
19 29 0 8 0.211071252823
62 65 0 8 0.210195586085
3 56 0 8 0.207102134824
4 55 0 8 0.205101311207
2 55 0 8 0.199777558446
24 44 0 8 0.199295029044
26 47 0 8 0.198460757732
4 51 0 8 0.197940379381
60 64 0 8 0.196838870645
4 45 0 8 0.196509718895
5 52 0 8 0.195262029767
45 48 0 8 0.194777667522
61 64 0 8 0.194682613015
30 45 0 8 0.191837385297
29 52 0 8 0.191346243024
10 32 0 8 0.190418109298
46 53 0 8 0.190159142017
31 54 0 8 0.189890131354
33 43 0 8 0.188774839044
2 32 0 8 0.185807481408
2 57 0 8 0.184554755688
1 50 0 8 0.18359182775
25 46 0 8 0.181961685419
6 52 0 8 0.181606709957
47 52 0 8 0.178048670292
5 57 0 8 0.173461899161
8 12 0 8 0.171454116702
24 27 0 8 0.170448720455
3 44 0 8 0.170055508614
61 65 0 8 0.16858574748
13 42 0 8 0.162678852677
3 46 0 8 0.162594079971
23 29 0 8 0.160366386175
59 62 0 8 0.159873202443
8 52 0 8 0.1597853899
17 32 0 8 0.158117055893
3 42 0 8 0.1559882164
3 55 0 8 0.155074164271
57 62 0 8 0.154906973243
59 63 0 8 0.15286783874
44 50 0 8 0.152793705463
8 32 0 8 0.152613088489
45 54 0 8 0.146978572011
5 54 0 8 0.145761176944
7 42 0 8 0.145105138421
49 52 0 8 0.142909064889
9 40 0 8 0.140935629606
2 47 0 8 0.140730589628
56 60 0 8 0.140669733286
26 44 0 8 0.139431864023
25 44 0 8 0.138247996569
4 24 0 8 0.13815304637
2 56 0 8 0.138125523925
21 30 0 8 0.136843129992
7 54 0 8 0.136765986681
10 58 0 8 0.136096194386
2 46 0 8 0.135279104114
2 58 0 8 0.135134220123
7 52 0 8 0.134851872921
13 33 0 8 0.134181886911
11 33 0 8 0.133692592382
37 41 0 8 0.132418349385
25 29 0 8 0.132365256548
12 38 0 8 0.13208475709
3 54 0 8 0.130474790931
47 51 0 8 0.129098594189
21 27 0 8 0.129041150212
8 57 0 8 0.128746494651
10 42 0 8 0.128598928452
27 43 0 8 0.128391250968
7 51 0 8 0.128186509013
36 39 0 8 0.127084165812
4 28 0 8 0.125762820244
10 48 0 8 0.125292122364
21 31 0 8 0.124843075871
13 51 0 8 0.124265864491
1 57 0 8 0.122202783823
6 25 0 8 0.121340170503
28 57 0 8 0.119926169515
18 54 0 8 0.11955177784
3 58 0 8 0.118951506913
11 32 0 8 0.117047391832
56 59 0 8 0.116629563272
8 40 0 8 0.115563698113
42 52 0 8 0.115449629724
9 41 0 8 0.115353085101
34 55 0 8 0.114791430533
15 31 0 8 0.114218480885
46 54 0 8 0.113982692361
3 50 0 8 0.113906100392
14 34 0 8 0.113089740276
9 51 0 8 0.111919701099
10 21 0 8 0.111098021269
2 15 0 8 0.110465086997
8 39 0 8 0.10995285213
35 42 0 8 0.109800770879
9 13 0 8 0.1095193699
18 44 0 8 0.108794741333
38 56 0 8 0.108471021056
36 40 0 8 0.108139969409
38 58 0 8 0.10769481957
11 56 0 8 0.107237771153
32 39 0 8 0.107191853225
6 51 0 8 0.106454998255
25 47 0 8 0.105650007725
27 52 0 8 0.104987576604
6 44 0 8 0.104657769203
6 43 0 8 0.104220628738
58 63 0 8 0.10414583981
1 56 0 8 0.104116126895
30 41 0 8 0.104095712304
32 45 0 8 0.103475883603
57 63 0 8 0.102932810783
7 41 0 8 0.10171443969
8 43 0 8 0.101343125105
7 53 0 8 0.100573986769
8 53 0 8 0.100539140403
39 60 0 8 0.0999810919166
3 57 0 8 0.099767036736
9 56 0 8 0.0995327159762
12 37 0 8 0.0993875563145
12 18 0 8 0.0984814539552
18 53 0 8 0.0972405225039
30 54 0 8 0.0956467613578
41 58 0 8 0.0952109843493
10 41 0 8 0.093435883522
22 42 0 8 0.0928850769997
26 57 0 8 0.0927335619926
4 53 0 8 0.0925349071622
3 47 0 8 0.0924696624279
1 58 0 8 0.091855019331
2 44 0 8 0.0893486216664
5 41 0 8 0.0889484584332
2 45 0 8 0.0887586995959
10 39 0 8 0.0887241140008
4 25 0 8 0.0875727981329
9 39 0 8 0.087430588901
5 42 0 8 0.0872506871819
6 42 0 8 0.0866466909647
12 56 0 8 0.0865273103118
8 41 0 8 0.0863728374243
33 36 0 8 0.0850614458323
29 47 0 8 0.0847342163324
12 34 0 8 0.08471942693
48 51 0 8 0.0846502035856
11 14 0 8 0.0842185690999
19 54 0 8 0.0842175930738
24 29 0 8 0.0837794318795
13 31 0 8 0.0833613798022
40 59 0 8 0.0829946771264
5 43 0 8 0.0824246183038
42 58 0 8 0.0818840786815
10 50 0 8 0.0816693529487
22 32 0 8 0.0815419629216
51 54 0 8 0.0811865776777
6 40 0 8 0.0803544521332
6 56 0 8 0.0790195465088
18 52 0 8 0.0788480117917
29 32 0 8 0.0775547772646
2 33 0 8 0.0773364678025
34 43 0 8 0.0771243497729
39 59 0 8 0.0765194445848
15 36 0 8 0.0764097496867
37 55 0 8 0.0760865882039
8 44 0 8 0.0752144381404
10 43 0 8 0.0747513622046
4 52 0 8 0.074518032372
24 46 0 8 0.0741868168116
10 54 0 8 0.0741015672684
26 45 0 8 0.0738808065653
10 14 0 8 0.0722143873572
12 58 0 8 0.0719877704978
10 38 0 8 0.0715997219086
19 32 0 8 0.0710259303451
4 56 0 8 0.0706600770354
15 33 0 8 0.0702738761902
41 59 0 8 0.0702713057399
2 42 0 8 0.0701745599508
10 25 0 8 0.0696212947369
9 52 0 8 0.0695002377033
48 52 0 8 0.0694563239813
25 54 0 8 0.0693198516965
1 47 0 8 0.0688731074333
15 42 0 8 0.0667967796326
5 44 0 8 0.066513210535
10 30 0 8 0.0663099586964
4 32 0 8 0.0658541768789
14 33 0 8 0.0657917484641
10 22 0 8 0.0649255663157
26 29 0 8 0.0645694807172
58 64 0 8 0.0643702968955
38 41 0 8 0.0643325671554
1 45 0 8 0.06425691396
7 33 0 8 0.0638994574547
2 20 0 8 0.0637506023049
24 30 0 8 0.0636916905642
55 58 0 8 0.0635334998369
4 43 0 8 0.0633531585336
8 21 0 8 0.0633472204208
13 16 0 8 0.0633238330483
10 53 0 8 0.0629996284842
12 15 0 8 0.0627850815654
11 59 0 8 0.0621935911477
40 60 0 8 0.0617247223854
7 50 0 8 0.0614903643727
28 43 0 8 0.0609887503088
12 57 0 8 0.0609364807606
9 12 0 8 0.0608843043447
10 17 0 8 0.0605664253235
45 55 0 8 0.0592997483909
24 43 0 8 0.0589297153056
55 65 0 8 0.0588338002563
3 35 0 8 0.0588270686567
30 47 0 8 0.0586928576231
7 31 0 8 0.0583319067955
11 39 0 8 0.058294121176
4 33 0 8 0.0582705661654
31 45 0 8 0.0574331842363
40 54 0 8 0.0573721602559
8 18 0 8 0.0571145229042
12 16 0 8 0.0570423789322
19 31 0 8 0.0568057745695
56 61 0 8 0.0567486621439
38 60 0 8 0.0561596602201
56 62 0 8 0.0561275966465
13 36 0 8 0.0558798797429
3 31 0 8 0.0558026842773
18 51 0 8 0.0557528845966
8 20 0 8 0.0555328316987
12 59 0 8 0.0543418526649
10 51 0 8 0.0538667961955
2 43 0 8 0.0537672862411
30 40 0 8 0.0536829717457
1 46 0 8 0.0535765103996
25 28 0 8 0.0535464771092
4 54 0 8 0.0518793724477
3 49 0 8 0.0517476908863
23 51 0 8 0.0515362769365
30 51 0 8 0.0514825768769
56 63 0 8 0.051093518734
6 57 0 8 0.0507796220481
22 54 0 8 0.0505875200033
12 52 0 8 0.050518527627
8 49 0 8 0.0505025088787
12 39 0 8 0.049856595695
31 39 0 8 0.0497639887035
3 51 0 8 0.0495923832059
3 53 0 8 0.0495291352272
3 6 0 8 0.0491635240614
25 45 0 8 0.048815626651
20 43 0 8 0.048757918179
15 40 0 8 0.0486528947949
34 53 0 8 0.0484846755862
28 51 0 8 0.0480602942407
18 56 0 8 0.0480290614069
42 59 0 8 0.0479711703956
5 32 0 8 0.0478317476809
38 59 0 8 0.0476699024439
37 60 0 8 0.047560043633
44 49 0 8 0.0474452637136
60 65 0 8 0.0473498031497
44 56 0 8 0.0472007207572
1 35 0 8 0.0471407547593
28 48 0 8 0.0469599328935
6 34 0 8 0.0469428859651
59 64 0 8 0.0466820299625
35 58 0 8 0.0466291122139
15 51 0 8 0.0462733991444
5 29 0 8 0.0461573451757
12 54 0 8 0.0454659536481
32 56 0 8 0.0454301126301
9 37 0 8 0.045016977936
7 48 0 8 0.0448993518949
56 64 0 8 0.0447907373309
32 53 0 8 0.0445515289903
31 47 0 8 0.0441268607974
7 43 0 8 0.044084854424
18 34 0 8 0.0439832396805
23 28 0 8 0.0436260588467
2 34 0 8 0.0435668192804
32 38 0 8 0.0435085110366
57 64 0 8 0.0434505045414
13 56 0 8 0.0432776510715
11 58 0 8 0.0431980341673
30 52 0 8 0.043170273304
11 51 0 8 0.0431144088507
2 59 0 8 0.0429583154619
14 32 0 8 0.0428543947637
21 44 0 8 0.0427567176521
2 52 0 8 0.0422549135983
3 52 0 8 0.0416393131018
24 28 0 8 0.0415614806116
4 58 0 8 0.041409291327
1 59 0 8 0.0413800477982
11 40 0 8 0.0413304045796
7 58 0 8 0.0411187633872
4 27 0 8 0.040988381952
50 53 0 8 0.0408850945532
55 63 0 8 0.0405116006732
5 45 0 8 0.0404842607677
27 48 0 8 0.0402752943337
19 52 0 8 0.0400762110949
10 49 0 8 0.0398102402687
19 40 0 8 0.0395640768111
6 17 0 8 0.0394664742053
11 15 0 8 0.0393558144569
6 41 0 8 0.0391203090549
1 44 0 8 0.0390566512942
1 48 0 8 0.0388959012926
8 24 0 8 0.038814663887
2 5 0 8 0.0383890606463
9 59 0 8 0.0381274074316
3 32 0 8 0.0380018241704
18 40 0 8 0.0378925465047
18 55 0 8 0.0375481210649
36 41 0 8 0.0373791567981
4 8 0 8 0.0372356176376
2 22 0 8 0.0372238829732
11 57 0 8 0.037197932601
7 40 0 8 0.0369470790029
1 4 0 8 0.0369361191988
2 35 0 8 0.0369206443429
55 59 0 8 0.0368600338697
25 48 0 8 0.0367732159793
26 30 0 8 0.0365838482976
55 64 0 8 0.036512631923
56 65 0 8 0.0364204160869
9 50 0 8 0.036214556545
3 30 0 8 0.0361584834754
41 60 0 8 0.0361300557852
9 30 0 8 0.0359683893621
10 52 0 8 0.0356564745307
37 58 0 8 0.0353857539594
47 53 0 8 0.0351988263428
1 55 0 8 0.0346105135977
13 52 0 8 0.0345460623503
10 15 0 8 0.0343710780144
4 48 0 8 0.0343581810594
10 60 0 8 0.0342929214239
1 41 0 8 0.0342822000384
12 31 0 8 0.0341344922781
36 58 0 8 0.033906262368
4 30 0 8 0.0338112302125
1 60 0 8 0.0336398370564
6 32 0 8 0.0335854068398
23 46 0 8 0.0330858118832
5 51 0 8 0.0329625159502
8 11 0 8 0.0328704752028
24 52 0 8 0.0328410454094
24 42 0 8 0.0327393449843
13 44 0 8 0.0326078347862
4 36 0 8 0.0325599238276
1 33 0 8 0.0325180441141
21 51 0 8 0.0325140617788
12 36 0 8 0.0324949100614
8 17 0 8 0.0324591882527
32 54 0 8 0.0324031673372
33 55 0 8 0.0323674157262
9 31 0 8 0.0323078855872
9 42 0 8 0.0321473553777
5 35 0 8 0.0321339964867
5 33 0 8 0.0320963412523
11 17 0 8 0.0320558473468
2 54 0 8 0.0319421179593
19 30 0 8 0.0318676792085
5 15 0 8 0.0316542126238
12 51 0 8 0.0313231945038
24 54 0 8 0.0312684476376
5 28 0 8 0.0311710368842
24 31 0 8 0.0310470089316
21 55 0 8 0.0309981238097
4 57 0 8 0.0305896364152
2 31 0 8 0.0305845458061
7 32 0 8 0.0302905272692
40 43 0 8 0.0302812829614
6 26 0 8 0.0301611274481
2 28 0 8 0.0299914162606
25 56 0 8 0.0298556983471
7 49 0 8 0.0297994837165
19 24 0 8 0.0296001583338
17 40 0 8 0.0295658390969
3 19 0 8 0.029547451064
7 35 0 8 0.0294364988804
7 44 0 8 0.0291088093072
34 58 0 8 0.0290777850896
49 53 0 8 0.0289972797036
32 37 0 8 0.0288591049612
2 50 0 8 0.0284598730505
43 57 0 8 0.028445340693
29 41 0 8 0.0283992886543
26 48 0 8 0.0283290222287
13 29 0 8 0.0280444230884
43 58 0 8 0.0279971435666
10 36 0 8 0.0277407821268
57 65 0 8 0.0276138205081
13 47 0 8 0.0275876168162
21 46 0 8 0.0275638140738
31 53 0 8 0.0275594443083
3 29 0 8 0.027533819899
12 60 0 8 0.0275266654789
19 55 0 8 0.0274800937623
11 18 0 8 0.0272612478584
4 7 0 8 0.0272064376622
8 50 0 8 0.0271120518446
15 38 0 8 0.0268513578922
9 58 0 8 0.0266664512455
10 29 0 8 0.0265553146601
31 46 0 8 0.0265429653227
4 42 0 8 0.0260992478579
22 46 0 8 0.0260267760605
9 32 0 8 0.025975972414
53 65 0 8 0.0255525186658
3 24 0 8 0.0254675038159
14 53 0 8 0.0250717848539
1 54 0 8 0.0247713234276
2 48 0 8 0.0247515514493
35 56 0 8 0.0246345158666
5 18 0 8 0.0245479028672
5 46 0 8 0.0244284309447
10 19 0 8 0.0242719631642
15 56 0 8 0.0240706969053
28 52 0 8 0.0239721648395
3 22 0 8 0.0239086728543
1 40 0 8 0.0238009374589
3 59 0 8 0.0236922837794
37 59 0 8 0.0234940443188
6 33 0 8 0.023492962122
10 28 0 8 0.0233964435756
39 61 0 8 0.0232259742916
58 65 0 8 0.0231776516885
44 48 0 8 0.0230826940387
19 42 0 8 0.0228479970247
8 58 0 8 0.0228368062526
9 43 0 8 0.0227930955589
11 41 0 8 0.0227693822235
1 5 0 8 0.0226859655231
10 55 0 8 0.0225558504462
13 41 0 8 0.0224413312972
2 51 0 8 0.0224065706134
32 51 0 8 0.022381849587
10 34 0 8 0.0223329458386
32 58 0 8 0.0221509970725
48 53 0 8 0.0221213623881
40 61 0 8 0.0220676455647
3 41 0 8 0.0220579020679
14 56 0 8 0.022025289014
25 58 0 8 0.022015651688
1 34 0 8 0.0218647196889
20 49 0 8 0.0218366924673
33 44 0 8 0.021822296083
11 60 0 8 0.02154664509
14 41 0 8 0.0215448196977
9 55 0 8 0.0214704666287
28 49 0 8 0.0213956795633
19 53 0 8 0.021292315796
13 53 0 8 0.021273329854
35 57 0 8 0.0212724860758
2 60 0 8 0.0212682057172
9 14 0 8 0.0212477892637
6 31 0 8 0.021243346855
8 38 0 8 0.0212398767471
37 56 0 8 0.021234376356
6 22 0 8 0.0210941880941
54 65 0 8 0.021063214168
33 58 0 8 0.0210363399237
10 59 0 8 0.0209901612252
5 58 0 8 0.0209759678692
23 50 0 8 0.0209135264158
8 22 0 8 0.0208735577762
2 40 0 8 0.0208532996476
6 23 0 8 0.0208194069564
2 27 0 8 0.0208087023348
3 28 0 8 0.020808102563
21 54 0 8 0.0207092352211
19 56 0 8 0.0206935107708
6 36 0 8 0.0206284392625
9 33 0 8 0.0205854251981
15 55 0 8 0.0205328427255
1 61 0 8 0.0204001702368
8 19 0 8 0.0203913096339
5 30 0 8 0.020370259881
16 46 0 8 0.0203526001424
32 57 0 8 0.0202707313001
1 49 0 8 0.0202687289566
4 23 0 8 0.020221395418
2 41 0 8 0.0202208086848
21 26 0 8 0.0201921053231
2 6 0 8 0.0201705358922
27 51 0 8 0.0201382283121
6 59 0 8 0.0200578551739
37 57 0 8 0.0199855770916
6 9 0 8 0.0199707373977
59 65 0 8 0.0199378952384
14 45 0 8 0.0199143439531
15 58 0 8 0.0198197606951
8 59 0 8 0.0197769217193
6 45 0 8 0.0196902845055
2 25 0 8 0.0196688454598
2 36 0 8 0.0196566618979
24 45 0 8 0.0196276884526
6 50 0 8 0.0196227114648
27 58 0 8 0.0195016972721
19 44 0 8 0.0194926597178
4 29 0 8 0.0194667801261
31 52 0 8 0.0193814486265
28 42 0 8 0.0193713195622
2 49 0 8 0.0193039774895
8 47 0 8 0.019291523844
3 27 0 8 0.0192834660411
32 52 0 8 0.0191197395325
20 29 0 8 0.0190868005157
9 53 0 8 0.0190450903028
4 47 0 8 0.0190184488893
1 26 0 8 0.0190012529492
8 45 0 8 0.0189618356526
33 60 0 8 0.0188124999404
38 55 0 8 0.0187931321561
8 15 0 8 0.0187363810837
8 14 0 8 0.0186431631446
13 20 0 8 0.0186300817877
44 47 0 8 0.0185283031315
47 54 0 8 0.0185120031238
30 53 0 8 0.0184713229537
37 42 0 8 0.0184410847723
7 34 0 8 0.0184410810471
7 29 0 8 0.0182862915099
3 33 0 8 0.0182712804526
11 49 0 8 0.0182350166142
1 36 0 8 0.0181293338537
7 10 0 8 0.0180749297142
5 60 0 8 0.0179538652301
8 35 0 8 0.0179398115724
7 59 0 8 0.0178813003004
20 51 0 8 0.0178549084812
42 51 0 8 0.0178516991436
9 54 0 8 0.0178104769439
11 37 0 8 0.0177935622633
43 46 0 8 0.0177844204009
3 60 0 8 0.0177802909166
7 21 0 8 0.0177193433046
23 30 0 8 0.0176705755293
11 16 0 8 0.0176650471985
9 44 0 8 0.0176548548043
4 59 0 8 0.0176132563502
14 40 0 8 0.017565606162
32 35 0 8 0.0175188202411
7 13 0 8 0.0174508560449
6 35 0 8 0.0174012631178
5 50 0 8 0.0173737425357
32 55 0 8 0.0173057541251
33 45 0 8 0.0172566659749
11 50 0 8 0.0171753484756
5 8 0 8 0.017164349556
12 53 0 8 0.017147326842
6 58 0 8 0.0171056762338
4 26 0 8 0.0171036720276
43 50 0 8 0.0170663893223
26 58 0 8 0.0170441512018
55 62 0 8 0.0169996954501
54 57 0 8 0.0169784482569
13 24 0 8 0.0169588718563
10 16 0 8 0.0169489551336
54 58 0 8 0.0168575383723
11 36 0 8 0.0168130639941
27 49 0 8 0.0167926438153
36 59 0 8 0.0167082920671
20 55 0 8 0.0166676100343
39 42 0 8 0.0165804214776
12 55 0 8 0.0165546126664
20 54 0 8 0.0165140517056
35 43 0 8 0.0164670869708
3 8 0 8 0.0164596978575
14 50 0 8 0.0164292864501
11 34 0 8 0.0163245685399
18 46 0 8 0.0163111761212
7 14 0 8 0.0163006968796
45 56 0 8 0.0162531919777
18 58 0 8 0.0162138734013
20 32 0 8 0.0161962434649
4 34 0 8 0.0160060673952
2 61 0 8 0.015947451815
10 44 0 8 0.0159293971956
6 21 0 8 0.0158518999815
41 52 0 8 0.0158421266824
7 25 0 8 0.0158332455903
50 54 0 8 0.0158037208021
2 29 0 8 0.0157794654369
31 34 0 8 0.0157397035509
22 52 0 8 0.0157318655401
11 30 0 8 0.0157271269709
29 49 0 8 0.0157062001526
11 52 0 8 0.0156865287572
54 64 0 8 0.0156555324793
17 58 0 8 0.0156423486769
25 43 0 8 0.0156324617565
9 38 0 8 0.0156139526516
7 11 0 8 0.0156082967296
3 7 0 8 0.0155734308064
30 49 0 8 0.0155651140958
14 57 0 8 0.0154841393232
3 26 0 8 0.0154026262462
24 58 0 8 0.0153727447614
22 53 0 8 0.0153546826914
34 57 0 8 0.0153449522331
15 52 0 8 0.0153283337131
1 51 0 8 0.0153262540698
7 30 0 8 0.0152948023751
27 54 0 8 0.0152594801039
1 53 0 8 0.0152256255969
31 51 0 8 0.0151586504653
41 61 0 8 0.0151425926015
18 57 0 8 0.0151181770489
25 51 0 8 0.0150819616392
6 47 0 8 0.0150236859918
26 52 0 8 0.0150206722319
6 10 0 8 0.0149637684226
39 62 0 8 0.0149520151317
6 46 0 8 0.0149419400841
22 55 0 8 0.0149222314358
21 58 0 8 0.0148760685697
13 46 0 8 0.0147459646687
9 45 0 8 0.0146182319149
14 52 0 8 0.014616239816
2 24 0 8 0.0145425479859
52 55 0 8 0.014524532482
6 39 0 8 0.0144995795563
5 21 0 8 0.0144254500046
2 30 0 8 0.0144209023565
28 31 0 8 0.0143752330914
14 38 0 8 0.014342139475
26 49 0 8 0.014328266494
1 52 0 8 0.0142927654088
12 47 0 8 0.0142873190343
14 58 0 8 0.0142838135362
19 49 0 8 0.0142678301781
13 57 0 8 0.0142174325883
25 49 0 8 0.01417619735
22 56 0 8 0.0141352657229
11 44 0 8 0.0141261722893
6 13 0 8 0.0140918148682
12 29 0 8 0.0140561908484
32 36 0 8 0.01404710114
19 57 0 8 0.014035561122
28 58 0 8 0.0140060223639
27 31 0 8 0.0139829814434
36 57 0 8 0.0139292394742
23 58 0 8 0.0138864964247
34 44 0 8 0.0138500686735
13 55 0 8 0.0138399191201
53 57 0 8 0.0138317141682
29 48 0 8 0.0137933474034
27 50 0 8 0.0137804904953
1 62 0 8 0.0137738240883
40 53 0 8 0.0136715713888
28 50 0 8 0.0136682093143
3 48 0 8 0.0136578697711
30 50 0 8 0.0136358216405
22 57 0 8 0.0136054623872
1 43 0 8 0.0136050647125
11 38 0 8 0.0135926632211
28 55 0 8 0.013535739854
38 61 0 8 0.0134906591848
35 59 0 8 0.013487434946
55 61 0 8 0.0134858172387
9 35 0 8 0.0134712848812
13 58 0 8 0.0134454108775
44 57 0 8 0.0133629543707
36 42 0 8 0.0133186550811
24 53 0 8 0.0133174629882
20 46 0 8 0.0133102973923
18 33 0 8 0.0132747991011
41 62 0 8 0.0132725136355
2 21 0 8 0.0132581954822
13 43 0 8 0.0132490219548
4 31 0 8 0.0132256401703
25 52 0 8 0.0131912026554
22 49 0 8 0.0131903337315
15 39 0 8 0.0131454542279
36 60 0 8 0.0131084276363
17 57 0 8 0.0131066571921
33 56 0 8 0.0130834868178
10 27 0 8 0.0130339544266
53 56 0 8 0.0130043840036
1 65 0 8 0.0129478126764
20 35 0 8 0.0129374265671
3 61 0 8 0.0129277426749
10 24 0 8 0.0128904962912
1 25 0 8 0.012853294611
21 32 0 8 0.012853034772
1 31 0 8 0.0128492601216
51 55 0 8 0.0128480568528
1 28 0 8 0.0128240752965
4 60 0 8 0.0128080882132
25 31 0 8 0.0127971926704
13 19 0 8 0.0127703528851
23 44 0 8 0.0127394665033
31 55 0 8 0.0127213364467
53 64 0 8 0.0127011761069
10 20 0 8 0.0126238679513
19 58 0 8 0.0126130012795
9 21 0 8 0.0125914029777
1 64 0 8 0.012551035732
14 39 0 8 0.0125501379371
28 53 0 8 0.0125108417124
25 53 0 8 0.0125054176897
2 38 0 8 0.0125053590164
12 41 0 8 0.0124460598454
16 57 0 8 0.0124344201759
1 32 0 8 0.0123540069908
22 58 0 8 0.0123158870265
24 56 0 8 0.0123123433441
16 39 0 8 0.01231062226
9 49 0 8 0.0123058445752
8 33 0 8 0.0122543880716
19 48 0 8 0.0122331772
19 50 0 8 0.0122169330716
9 15 0 8 0.0121772587299
3 34 0 8 0.0121764494106
3 25 0 8 0.0121555607766
14 46 0 8 0.0121210487559
7 28 0 8 0.0121163567528
3 40 0 8 0.0120693594217
34 45 0 8 0.0120312003419
20 41 0 8 0.0120132351294
46 55 0 8 0.0119784446433
7 27 0 8 0.0119767235592
31 58 0 8 0.011915336363
10 35 0 8 0.0119093870744
11 31 0 8 0.0118764331564
1 63 0 8 0.0117493169382
21 28 0 8 0.0117046199739
3 20 0 8 0.0116908438504
19 46 0 8 0.0116702234372
23 31 0 8 0.0116082001477
1 39 0 8 0.0115751968697
6 11 0 8 0.0114933503792
8 34 0 8 0.0114717008546
15 49 0 8 0.0114465560764
4 40 0 8 0.0114452019334
30 58 0 8 0.0114040784538
20 25 0 8 0.0113992635161
29 56 0 8 0.0113542126492
20 31 0 8 0.011328201741
1 42 0 8 0.0113149490207
28 56 0 8 0.011298360303
7 45 0 8 0.0112943397835
20 56 0 8 0.0112806204706
11 20 0 8 0.0112644163892
8 36 0 8 0.0112342704087
1 24 0 8 0.0112280640751
4 61 0 8 0.0111769922078
3 14 0 8 0.0111703807488
27 53 0 8 0.0111298244447
17 51 0 8 0.0111074214801
26 43 0 8 0.0110685741529
7 12 0 8 0.0110526038334
12 20 0 8 0.0110312588513
1 23 0 8 0.0110102677718
28 59 0 8 0.0109882280231
5 9 0 8 0.0109835751355
17 55 0 8 0.0109216878191
31 35 0 8 0.0108435377479
5 59 0 8 0.0107791814953
31 57 0 8 0.0107633695006
32 46 0 8 0.0107483975589
15 37 0 8 0.0107227638364
3 36 0 8 0.010714976117
4 50 0 8 0.0106630334631
17 34 0 8 0.0106298197061
2 14 0 8 0.0106121273711
15 30 0 8 0.0105158854276
9 25 0 8 0.0104894181713
15 35 0 8 0.0104270139709
12 44 0 8 0.0103558441624
12 50 0 8 0.0103395394981
11 42 0 8 0.0102684032172
19 41 0 8 0.0102648567408
11 55 0 8 0.0102197667584
27 59 0 8 0.0101821450517
17 47 0 8 0.0101297618821
30 57 0 8 0.0101276347414
19 34 0 8 0.0101275332272
7 36 0 8 0.0101071707904
5 36 0 8 0.0100958654657
17 56 0 8 0.0100864293054
14 31 0 8 0.0100790522993
40 62 0 8 0.0100645041093
54 63 0 8 0.0100579652935
39 64 0 8 0.00995870213956
9 17 0 8 0.00994896516204
20 58 0 8 0.00994846783578
7 15 0 8 0.00989321433008
52 56 0 8 0.0098852775991
27 57 0 8 0.00979978498071
28 65 0 8 0.00976969860494
23 32 0 8 0.00975214410573
27 65 0 8 0.00973763503134
52 65 0 8 0.00972002651542
8 46 0 8 0.0097179710865
17 29 0 8 0.00965781230479
29 50 0 8 0.00965669006109
16 34 0 8 0.00963275600225
28 54 0 8 0.0096305962652
5 61 0 8 0.00961056444794
10 37 0 8 0.00959573872387
1 27 0 8 0.00957053899765
33 59 0 8 0.00955550372601
39 63 0 8 0.00955003593117
9 46 0 8 0.00952392537147
35 60 0 8 0.00951560214162
37 61 0 8 0.00944407470524
34 59 0 8 0.00943684205413
11 54 0 8 0.00943423993886
42 60 0 8 0.00942968670279
36 56 0 8 0.00938803516328
41 51 0 8 0.00937765091658
29 57 0 8 0.00936061143875
4 41 0 8 0.00935112312436
14 19 0 8 0.00934412050992
2 62 0 8 0.00928475428373
17 46 0 8 0.00926683098078
20 30 0 8 0.00925748050213
30 48 0 8 0.00925551261753
9 47 0 8 0.00925348419696
8 16 0 8 0.00921474024653
4 35 0 8 0.00919290818274
36 61 0 8 0.00917789712548
2 13 0 8 0.00917489640415
23 47 0 8 0.00916003156453
5 40 0 8 0.00913925096393
1 19 0 8 0.00912790559232
1 15 0 8 0.0091223269701
2 26 0 8 0.0091118933633
20 44 0 8 0.00910513661802
17 54 0 8 0.00905049033463
34 56 0 8 0.00901403278112
33 57 0 8 0.00897091068327
39 65 0 8 0.00894951820374
28 60 0 8 0.00892685726285
3 15 0 8 0.00892549473792
18 35 0 8 0.00891928747296
21 56 0 8 0.00885243713856
28 61 0 8 0.00882706511766
23 57 0 8 0.00879836641252
16 58 0 8 0.00878771860152
30 65 0 8 0.00878107175231
5 38 0 8 0.00877147354186
15 57 0 8 0.00876821484417
13 37 0 8 0.00876656547189
9 34 0 8 0.00876497942954
3 65 0 8 0.00872798264027
26 55 0 8 0.00871277227998
4 19 0 8 0.00862658862025
38 62 0 8 0.00861159805208
18 45 0 8 0.00861112587154
1 38 0 8 0.00859133154154
40 63 0 8 0.00858725514263
21 45 0 8 0.00854340195656
17 45 0 8 0.00853962264955
4 18 0 8 0.00847375392914
3 18 0 8 0.00845808256418
26 51 0 8 0.0084523698315
3 21 0 8 0.0084255412221
16 51 0 8 0.00841976609081
12 46 0 8 0.00836163945496
2 65 0 8 0.0083606634289
28 64 0 8 0.0083570946008
27 60 0 8 0.00832587480545
42 61 0 8 0.00830728840083
35 65 0 8 0.00829910673201
22 47 0 8 0.0082499012351
4 15 0 8 0.00824607070535
4 38 0 8 0.00823141727597
29 58 0 8 0.00818175915629
30 55 0 8 0.0081686489284
30 56 0 8 0.00816382002085
1 11 0 8 0.00809914898127
9 20 0 8 0.00809051841497
38 42 0 8 0.00808556191623
9 16 0 8 0.00802551582456
23 56 0 8 0.00800382345915
29 55 0 8 0.0079439105466
15 44 0 8 0.0079377759248
9 18 0 8 0.00790815521032
41 44 0 8 0.00789980590343
7 17 0 8 0.00789591670036
9 60 0 8 0.00787854380906
28 62 0 8 0.00787472072989
17 35 0 8 0.00786854233593
55 60 0 8 0.00779987871647
4 49 0 8 0.00779647706077
45 57 0 8 0.00779494317248
2 63 0 8 0.00775741552934
40 65 0 8 0.00771595584229
36 65 0 8 0.0076966593042
26 50 0 8 0.00768460333347
8 60 0 8 0.00763341318816
23 52 0 8 0.00759726157412
24 49 0 8 0.00759341940284
4 65 0 8 0.00758971180767
26 59 0 8 0.00757947191596
3 37 0 8 0.00756170926616
21 52 0 8 0.00751798832789
35 51 0 8 0.00751496478915
6 60 0 8 0.00750721246004
42 45 0 8 0.0074816965498
7 61 0 8 0.007449391298
7 60 0 8 0.00743901589885
11 22 0 8 0.00743660796434
1 10 0 8 0.00743058463559
41 64 0 8 0.00741097936407
8 37 0 8 0.00740897655487
3 62 0 8 0.00739309052005
27 61 0 8 0.0073528396897
6 61 0 8 0.00733949430287
25 57 0 8 0.00732783041894
3 13 0 8 0.00730964634567
6 12 0 8 0.00729787768796
6 24 0 8 0.00728413183242
6 18 0 8 0.00727302674204
4 20 0 8 0.00726865883917
13 45 0 8 0.0072610382922
13 39 0 8 0.0072506070137
1 20 0 8 0.00721685960889
2 18 0 8 0.00717516988516
8 61 0 8 0.00715196598321
38 65 0 8 0.00714228535071
35 44 0 8 0.00714218011126
4 64 0 8 0.00713984109461
3 64 0 8 0.00713751558214
30 64 0 8 0.00711853988469
15 59 0 8 0.00707384571433
20 53 0 8 0.00704137934372
1 14 0 8 0.00704066874459
6 49 0 8 0.00701789371669
1 21 0 8 0.00697283959016
33 65 0 8 0.00697231153026
5 49 0 8 0.00696984911337
29 65 0 8 0.00690912362188
4 39 0 8 0.00689633609727
41 65 0 8 0.00687617296353
7 18 0 8 0.00687145302072
14 37 0 8 0.00686554936692
7 16 0 8 0.00686428835616
44 58 0 8 0.00685075903311
15 50 0 8 0.00684649078175
16 55 0 8 0.00684520043433
19 33 0 8 0.00683046039194
21 43 0 8 0.00682409666479
6 20 0 8 0.0068220840767
23 43 0 8 0.00678130285814
29 59 0 8 0.00677890423685
7 38 0 8 0.00677725160494
16 53 0 8 0.006776439026
21 49 0 8 0.00676831137389
9 36 0 8 0.0067609269172
35 61 0 8 0.00675558485091
39 43 0 8 0.00673721497878
53 63 0 8 0.0067306580022
13 22 0 8 0.00672575039789
4 62 0 8 0.00672199577093
5 34 0 8 0.00670196115971
18 28 0 8 0.00669436017051
27 56 0 8 0.00667970487848
7 46 0 8 0.00667396513745
3 63 0 8 0.0066659655422
1 13 0 8 0.00665036449209
49 54 0 8 0.00664845248684
2 64 0 8 0.00663413573056
33 54 0 8 0.00657689850777
21 57 0 8 0.00657634064555
35 62 0 8 0.0065560201183
30 62 0 8 0.00654684985057
12 43 0 8 0.00654566148296
5 24 0 8 0.00652688229457
25 61 0 8 0.00652544759214
28 63 0 8 0.00652379076928
7 62 0 8 0.00648827850819
26 65 0 8 0.00647881533951
26 61 0 8 0.00643385201693
24 55 0 8 0.00642080046237
24 57 0 8 0.00641582906246
17 52 0 8 0.00640926649794
18 49 0 8 0.00640072720125
12 49 0 8 0.0063898768276
1 22 0 8 0.00638907169923
26 60 0 8 0.00638427212834
18 50 0 8 0.00636228639632
13 38 0 8 0.00636045727879
13 59 0 8 0.00633731810376
52 64 0 8 0.00633415393531
36 64 0 8 0.00632548937574
25 65 0 8 0.00631957547739
30 63 0 8 0.00630355812609
24 32 0 8 0.00630340259522
37 65 0 8 0.00630092434585
37 62 0 8 0.00626902328804
11 62 0 8 0.00624699378386
24 59 0 8 0.00624034274369
31 59 0 8 0.00623653223738
2 23 0 8 0.00622186437249
9 48 0 8 0.00621548155323
20 52 0 8 0.00621494837105
3 39 0 8 0.00619561458007
17 44 0 8 0.00619444902986
11 53 0 8 0.00619106832892
10 45 0 8 0.00619043176994
5 25 0 8 0.00618154648691
4 9 0 8 0.00616889586672
6 16 0 8 0.00616748956963
14 59 0 8 0.0061409319751
6 48 0 8 0.00612916564569
3 38 0 8 0.00611586170271
26 56 0 8 0.00611403025687
30 60 0 8 0.00611086376011
9 65 0 8 0.00610969122499
7 26 0 8 0.00610089208931
14 54 0 8 0.00606301100925
26 64 0 8 0.00606016116217
5 37 0 8 0.00601785164326
4 63 0 8 0.00600009923801
25 50 0 8 0.00599091500044
38 63 0 8 0.00599063653499
20 59 0 8 0.00599048612639
43 59 0 8 0.00598355941474
5 62 0 8 0.00597298750654
10 46 0 8 0.00590255996212
36 62 0 8 0.00590120302513
6 19 0 8 0.00589949404821
16 45 0 8 0.00589684629813
40 64 0 8 0.00587319256738
43 47 0 8 0.0058628199622
11 61 0 8 0.00584602961317
5 63 0 8 0.00584252225235
17 42 0 8 0.00584034295753
26 53 0 8 0.0058346670121
17 59 0 8 0.00581546407193
19 25 0 8 0.0058096665889
33 64 0 8 0.00579737080261
41 63 0 8 0.00575935374945
5 13 0 8 0.00575229711831
14 42 0 8 0.00575016438961
2 37 0 8 0.00573437474668
24 47 0 8 0.00572226196527
34 60 0 8 0.00571804214269
30 59 0 8 0.00571328913793
11 65 0 8 0.00567540014163
17 31 0 8 0.00566965574399
24 62 0 8 0.00566772557795
23 48 0 8 0.005644723773
25 32 0 8 0.00564071023837
23 49 0 8 0.00560094648972
5 64 0 8 0.00559997139499
15 54 0 8 0.00556849641725
30 61 0 8 0.00552385300398
6 15 0 8 0.00552362762392
4 17 0 8 0.00550744822249
2 10 0 8 0.00550375133753
24 61 0 8 0.00550251407549
18 24 0 8 0.00550127774477
1 9 0 8 0.00549462623894
9 62 0 8 0.00549245392904
43 49 0 8 0.0054819881916
25 63 0 8 0.00547966454178
31 63 0 8 0.00546407653019
25 62 0 8 0.00545000610873
5 47 0 8 0.00543242832646
25 60 0 8 0.00542803714052
25 59 0 8 0.00542687159032
16 37 0 8 0.00539475912228
31 65 0 8 0.00539138028398
16 59 0 8 0.00539070740342
33 46 0 8 0.00538508361205
26 31 0 8 0.00538332154974
8 23 0 8 0.00536239845678
35 64 0 8 0.00535308523104
24 48 0 8 0.00534678250551
5 48 0 8 0.0053448327817
19 59 0 8 0.00532600516453
11 43 0 8 0.00532350223511
1 30 0 8 0.00532094016671
16 35 0 8 0.00531163578853
38 64 0 8 0.00529339676723
1 29 0 8 0.00528389727697
32 59 0 8 0.00528073543683
16 52 0 8 0.00526847597212
34 65 0 8 0.00523141166195
33 62 0 8 0.00522489193827
8 48 0 8 0.00522062554955
21 47 0 8 0.00519792689011
5 65 0 8 0.00519710127264
33 53 0 8 0.00519353011623
21 59 0 8 0.00517457257956
31 62 0 8 0.00515676056966
25 64 0 8 0.00512582948431
29 61 0 8 0.0051128026098
6 62 0 8 0.00511177908629
16 47 0 8 0.00510599883273
24 63 0 8 0.00508938450366
12 45 0 8 0.00508397398517
3 23 0 8 0.00508178723976
4 22 0 8 0.00505989976227
6 63 0 8 0.0050555258058
32 49 0 8 0.00504841655493
32 65 0 8 0.005044861231
8 65 0 8 0.00504362396896
35 63 0 8 0.00504198018461
9 64 0 8 0.00504075596109
1 37 0 8 0.00501665892079
8 62 0 8 0.00500525441021
33 61 0 8 0.00499370740727
14 47 0 8 0.0049811732024
5 17 0 8 0.00498094176874
31 64 0 8 0.00497624557465
20 60 0 8 0.00495847221464
32 50 0 8 0.00494961068034
46 56 0 8 0.00494929403067
24 64 0 8 0.00493461033329
9 61 0 8 0.00493194209412
16 32 0 8 0.00493094744161
31 61 0 8 0.00492720073089
21 53 0 8 0.00492685707286
27 64 0 8 0.00492547778413
33 63 0 8 0.00491798156872
24 60 0 8 0.0049069984816
22 50 0 8 0.00489670829847
39 54 0 8 0.00488727260381
24 65 0 8 0.00488643487915
20 61 0 8 0.00488336151466
36 63 0 8 0.00488267093897
29 40 0 8 0.00485825166106
19 39 0 8 0.00485621439293
3 17 0 8 0.00482981558889
47 55 0 8 0.004820976872
12 61 0 8 0.00481840595603
19 27 0 8 0.00480847898871
32 60 0 8 0.00480790901929
11 45 0 8 0.00480082724243
29 64 0 8 0.00479430053383
42 62 0 8 0.00479423860088
17 37 0 8 0.00478738872334
25 55 0 8 0.00478017190471
27 42 0 8 0.00477507058531
15 60 0 8 0.0047733578831
10 47 0 8 0.00476520741358
14 55 0 8 0.00475213164464
5 22 0 8 0.00472204526886
9 63 0 8 0.00471074134111
27 62 0 8 0.00470400368795
6 37 0 8 0.00469306157902
9 19 0 8 0.0046893497929
54 62 0 8 0.00466437684372
23 55 0 8 0.0046541756019
34 54 0 8 0.00464360462502
4 21 0 8 0.00463155098259
20 50 0 8 0.0046314150095
5 39 0 8 0.00462205335498
7 65 0 8 0.00461247656494
17 53 0 8 0.00459776166826
25 42 0 8 0.00458799349144
37 64 0 8 0.00458482606336
29 63 0 8 0.00456361519173
8 63 0 8 0.0045581148006
11 63 0 8 0.00455719977617
10 23 0 8 0.0045492160134
4 13 0 8 0.00454710656777
8 64 0 8 0.00453981058672
7 63 0 8 0.00452238041908
42 65 0 8 0.00451411493123
26 62 0 8 0.00450151739642
23 59 0 8 0.00450089201331
5 27 0 8 0.00446799164638
34 64 0 8 0.00446186633781
27 63 0 8 0.00446149380878
22 41 0 8 0.0044559375383
20 57 0 8 0.0044541079551
26 42 0 8 0.00443862983957
9 24 0 8 0.00442950287834
2 8 0 8 0.00440349010751
22 59 0 8 0.00439101271331
17 60 0 8 0.00436021620408
19 37 0 8 0.0043592620641
37 43 0 8 0.00433755619451
22 40 0 8 0.00433350540698
32 64 0 8 0.00433164602146
30 33 0 8 0.0043195746839
29 60 0 8 0.00430228142068
11 64 0 8 0.00428531970829
6 14 0 8 0.00427555246279
15 62 0 8 0.00426841294393
17 61 0 8 0.00426292838529
8 28 0 8 0.0042567527853
20 48 0 8 0.00424083415419
4 37 0 8 0.00422847829759
15 20 0 8 0.00422760285437
14 51 0 8 0.00421074032784
37 63 0 8 0.00421053078026
31 50 0 8 0.00420891586691
7 20 0 8 0.00420444924384
7 64 0 8 0.00419227499515
32 62 0 8 0.00419087754562
10 65 0 8 0.00417288672179
19 60 0 8 0.00417249230668
15 63 0 8 0.0041697868146
24 50 0 8 0.00416860869154
6 65 0 8 0.00416177557781
18 59 0 8 0.00415959442034
51 65 0 8 0.00414895173162
32 63 0 8 0.00414594449103
7 22 0 8 0.00413653859869
23 60 0 8 0.00413489667699
26 63 0 8 0.00412829872221
36 43 0 8 0.00412646215409
7 47 0 8 0.0041072992608
1 12 0 8 0.00410132762045
16 56 0 8 0.00409678788856
13 49 0 8 0.00409214850515
31 60 0 8 0.00408531399444
12 62 0 8 0.00407814560458
48 54 0 8 0.00407745270059
4 14 0 8 0.00406028050929
15 64 0 8 0.00403471523896
5 23 0 8 0.00402945280075
42 63 0 8 0.00402359571308
17 49 0 8 0.00402211910114
10 61 0 8 0.0040217502974
29 62 0 8 0.00402018101886
16 50 0 8 0.00401087431237
40 52 0 8 0.00401044916362
23 54 0 8 0.00399825302884
6 38 0 8 0.00398157024756
34 62 0 8 0.00397804146633
17 62 0 8 0.00397429056466
2 39 0 8 0.00395045988262
34 61 0 8 0.00395009992644
17 30 0 8 0.00394134083763
31 38 0 8 0.00394085608423
21 33 0 8 0.00393833732232
14 44 0 8 0.00387526210397
31 49 0 8 0.00386326457374
35 55 0 8 0.00385591108352
26 54 0 8 0.00383720709942
20 62 0 8 0.00383440102451
13 60 0 8 0.00381133169867
27 55 0 8 0.00378406606615
43 60 0 8 0.0037816867698
23 65 0 8 0.00377308460884
33 51 0 8 0.00376060884446
21 48 0 8 0.00375236617401
15 65 0 8 0.00374034419656
19 35 0 8 0.00373575021513
21 60 0 8 0.00373006495647
20 26 0 8 0.0037238325458
16 60 0 8 0.00371419684961
11 46 0 8 0.00370946223848
19 28 0 8 0.00370638631284
18 39 0 8 0.00369209703058
19 62 0 8 0.00369194266386
45 58 0 8 0.00366448494606
32 61 0 8 0.00366436317563
23 61 0 8 0.00366026745178
18 37 0 8 0.00365921366028
9 22 0 8 0.00365060940385
2 7 0 8 0.00361580215394
7 19 0 8 0.0035975179635
16 31 0 8 0.00357698346488
15 61 0 8 0.00356253958307
34 51 0 8 0.00355627690442
23 53 0 8 0.00355463498272
17 41 0 8 0.00353681878187
4 12 0 8 0.00353641877882
23 62 0 8 0.00353092164733
40 44 0 8 0.00353025062941
10 62 0 8 0.00350874615833
14 60 0 8 0.00350404763594
9 28 0 8 0.00347325089388
34 52 0 8 0.00347075145692
20 64 0 8 0.0034648636356
15 47 0 8 0.00344368279912
16 62 0 8 0.00343098305166
11 48 0 8 0.00341095007025
21 42 0 8 0.00340998079628
16 61 0 8 0.00340181053616
11 19 0 8 0.00339423539117
5 16 0 8 0.00337570114061
6 64 0 8 0.00337524386123
2 12 0 8 0.00335954502225
34 63 0 8 0.003357892856
2 11 0 8 0.00335578876548
42 46 0 8 0.00334719591774
16 64 0 8 0.00334414141253
15 45 0 8 0.00334334373474
16 36 0 8 0.00334250647575
30 34 0 8 0.0033249235712
20 33 0 8 0.00330482446589
54 61 0 8 0.00329247699119
16 42 0 8 0.00329243461601
9 29 0 8 0.00329241598956
17 39 0 8 0.0032830266282
22 48 0 8 0.00328253349289
5 19 0 8 0.00327705289237
12 65 0 8 0.00326047302224
20 65 0 8 0.00326017104089
17 33 0 8 0.00325977592729
4 16 0 8 0.00325516075827
12 19 0 8 0.00325445062481
17 64 0 8 0.00325098913163
20 63 0 8 0.00324720423669
30 39 0 8 0.00320949312299
19 47 0 8 0.00320525793359
49 56 0 8 0.00319487089291
7 37 0 8 0.00319100101478
46 57 0 8 0.00318637513556
23 63 0 8 0.00318129360676
28 41 0 8 0.00316031393595
16 65 0 8 0.00315706012771
17 65 0 8 0.00314450217411
19 61 0 8 0.00313616241328
10 63 0 8 0.003127068514
23 64 0 8 0.00312197417952
35 54 0 8 0.00310394191183
17 63 0 8 0.00310145667754
5 20 0 8 0.00308429333381
14 43 0 8 0.00308079551905
15 46 0 8 0.0030770925805
2 9 0 8 0.00305929686874
7 23 0 8 0.00304364040494
20 45 0 8 0.00304305437021
21 40 0 8 0.00303901662119
21 62 0 8 0.00302582792938
18 48 0 8 0.00301719340496
19 64 0 8 0.00301512563601
22 33 0 8 0.00298610515893
1 17 0 8 0.00296498765238
13 50 0 8 0.00295454380102
2 17 0 8 0.00294643430971
1 6 0 8 0.00293485959992
10 64 0 8 0.00293354131281
43 62 0 8 0.00293096504174
12 64 0 8 0.00292441039346
16 41 0 8 0.00289823976345
21 61 0 8 0.00289311399683
28 32 0 8 0.00287736277096
14 62 0 8 0.00285855587572
9 26 0 8 0.00285341590643
47 56 0 8 0.00283766700886
8 26 0 8 0.00280675454997
21 34 0 8 0.00275413901545
18 27 0 8 0.00275310734287
19 36 0 8 0.00273577612825
15 48 0 8 0.00273196049966
16 63 0 8 0.0027311630547
16 54 0 8 0.00272937258705
18 25 0 8 0.00272301118821
16 40 0 8 0.00272110686637
52 63 0 8 0.00270193303004
19 65 0 8 0.00268189748749
5 11 0 8 0.00267547578551
33 52 0 8 0.00266474718228
5 12 0 8 0.0026572290808
14 48 0 8 0.00265351240523
35 52 0 8 0.00264992099255
12 63 0 8 0.00264368136413
44 59 0 8 0.00264286156744
14 64 0 8 0.00264076353051
41 45 0 8 0.00263833813369
14 65 0 8 0.00262453593314
21 64 0 8 0.0025771765504
43 61 0 8 0.00256723421626
37 53 0 8 0.00255139172077
25 40 0 8 0.00247158831917
13 62 0 8 0.00244300812483
37 54 0 8 0.00243851356208
18 60 0 8 0.00240199011751
33 50 0 8 0.00240073702298
18 23 0 8 0.00240014772862
19 63 0 8 0.00239225220867
14 61 0 8 0.00238668243401
32 47 0 8 0.00238258298486
5 26 0 8 0.00237295823172
1 7 0 8 0.00237138289958
21 50 0 8 0.00236518215388
7 24 0 8 0.0023625260219
34 46 0 8 0.0023484386038
16 33 0 8 0.00233833189122
20 34 0 8 0.00233713630587
42 50 0 8 0.00232739374042
21 63 0 8 0.00231770263053
18 47 0 8 0.00231735757552
31 37 0 8 0.00231664441526
21 41 0 8 0.00229732808657
21 65 0 8 0.00228783045895
20 42 0 8 0.00227854447439
48 55 0 8 0.0022711653728
22 60 0 8 0.00224264827557
51 64 0 8 0.00223635858856
13 65 0 8 0.00222157221287
47 57 0 8 0.00221874052659
1 18 0 8 0.00220153713599
11 47 0 8 0.00220005959272
50 65 0 8 0.00219632266089
16 21 0 8 0.00218819850124
36 55 0 8 0.00218596332707
20 40 0 8 0.00217382516712
17 36 0 8 0.00217376719229
16 44 0 8 0.00216724956408
53 58 0 8 0.00215498125181
3 9 0 8 0.0021450559143
17 38 0 8 0.00214153970592
1 8 0 8 0.00212610606104
5 14 0 8 0.00211875978857
14 49 0 8 0.00211835582741
12 48 0 8 0.00209355447441
23 33 0 8 0.00206866185181
31 48 0 8 0.00205941777676
13 64 0 8 0.00204885797575
16 38 0 8 0.00203991075978
13 61 0 8 0.00201614410616
22 35 0 8 0.00200344086625
21 35 0 8 0.0019885415677
22 62 0 8 0.00197919388302
22 61 0 8 0.00196357350796
35 45 0 8 0.00195538043045
9 27 0 8 0.00192894402426
14 63 0 8 0.00192488601897
17 50 0 8 0.00192241871264
20 36 0 8 0.00191977643408
18 62 0 8 0.00190633523744
50 64 0 8 0.00190339516848
13 48 0 8 0.00188621331472
13 63 0 8 0.00187432195526
17 43 0 8 0.00187338818796
43 65 0 8 0.00186686043162
23 41 0 8 0.00185750459787
20 28 0 8 0.00185265019536
3 16 0 8 0.00185100035742
42 64 0 8 0.00184119527694
54 59 0 8 0.00183356157504
20 27 0 8 0.00182825443335
23 35 0 8 0.00182599085383
5 10 0 8 0.00182430550922
16 43 0 8 0.00182271900121
40 51 0 8 0.00182013551239
15 29 0 8 0.00180368486326
3 10 0 8 0.00178182474338
1 16 0 8 0.00175818265416
38 45 0 8 0.00174482818693
54 60 0 8 0.00173793989234
20 47 0 8 0.00173140445258
35 53 0 8 0.00172298622783
23 34 0 8 0.00171793974005
49 55 0 8 0.00170565431472
20 39 0 8 0.00170330295805
12 30 0 8 0.00168935733382
22 65 0 8 0.00168859120458
3 12 0 8 0.00168290734291
33 49 0 8 0.00167506025173
9 23 0 8 0.00166853819974
50 55 0 8 0.00166331441142
53 62 0 8 0.00165631447453
22 64 0 8 0.00165340513922
38 54 0 8 0.00165149604436
22 34 0 8 0.00165053398814
18 61 0 8 0.00163600081578
20 37 0 8 0.00163561303634
39 53 0 8 0.00163324840833
38 43 0 8 0.00161666225176
46 58 0 8 0.0016029671533
51 63 0 8 0.00159850367345
21 36 0 8 0.00158591079526
34 47 0 8 0.0015659268247
23 42 0 8 0.00156299362425
17 22 0 8 0.0015543034533
16 48 0 8 0.00152163393795
27 41 0 8 0.0015163103817
51 56 0 8 0.001486102934
22 63 0 8 0.00148510548752
29 33 0 8 0.00147698144428
13 25 0 8 0.00147173751611
17 24 0 8 0.00144271482714
18 64 0 8 0.00143923342694
43 63 0 8 0.00142502458766
36 44 0 8 0.00141950172838
21 39 0 8 0.00141853478272
3 11 0 8 0.00141147908289
43 64 0 8 0.00141055195127
15 24 0 8 0.00140589429066
49 65 0 8 0.00140460021794
4 10 0 8 0.00139863498043
11 29 0 8 0.00139671284705
19 38 0 8 0.00139033736195
37 52 0 8 0.00138712953776
20 38 0 8 0.00137803168036
18 38 0 8 0.00137672782876
24 33 0 8 0.00137600372545
24 41 0 8 0.00136923033278
27 40 0 8 0.00136630772613
18 65 0 8 0.00135510356631
44 61 0 8 0.00135267293081
18 63 0 8 0.00133362656925
28 40 0 8 0.00131911947392
23 40 0 8 0.00131409987807
35 46 0 8 0.00129946949892
12 22 0 8 0.00129832094535
16 49 0 8 0.00129161996301
28 39 0 8 0.00128810631577
14 29 0 8 0.00127352005802
25 41 0 8 0.00126978650223
4 11 0 8 0.00126322475262
45 59 0 8 0.00123613118194
19 26 0 8 0.00123224768322
26 40 0 8 0.00121941510588
16 29 0 8 0.00121769728139
2 16 0 8 0.00120404665358
34 49 0 8 0.0011974980589
33 48 0 8 0.00118166906759
36 54 0 8 0.00116018136032
47 58 0 8 0.00115168909542
14 30 0 8 0.00114354374819
36 52 0 8 0.0011296333978
50 63 0 8 0.00111617578659
44 60 0 8 0.0010965957772
53 61 0 8 0.0010820904281
22 37 0 8 0.0010731627699
51 58 0 8 0.00104115728755
18 26 0 8 0.0010359500302
47 65 0 8 0.00103237456642
30 38 0 8 0.00102611619513
10 26 0 8 0.000998742994852
51 57 0 8 0.000993639812805
45 61 0 8 0.000991564942524
52 57 0 8 0.000991176813841
33 47 0 8 0.000986269442365
45 60 0 8 0.000966508407146
18 36 0 8 0.000960620527621
44 65 0 8 0.000960233039223
26 32 0 8 0.000959869881626
49 57 0 8 0.000957406591624
50 57 0 8 0.000947804132011
23 37 0 8 0.000918286794331
16 30 0 8 0.000915046490263
43 48 0 8 0.000910039583687
48 56 0 8 0.000905450375285
29 39 0 8 0.000898813712411
21 37 0 8 0.000894489930943
42 49 0 8 0.000875926576555
38 53 0 8 0.00087583187269
14 22 0 8 0.000874076155014
32 48 0 8 0.000870587246027
52 58 0 8 0.000866465095896
12 28 0 8 0.000846964714583
38 52 0 8 0.000834777951241
14 28 0 8 0.00082660606131
52 62 0 8 0.000821309164166
24 40 0 8 0.000795928644948
45 62 0 8 0.000780945527367
37 44 0 8 0.000780711823609
47 64 0 8 0.000780232541729
31 36 0 8 0.000773018342443
50 58 0 8 0.000772732601035
50 62 0 8 0.000772248255089
16 24 0 8 0.000772017927375
17 48 0 8 0.000771875551436
44 64 0 8 0.000771619263105
41 49 0 8 0.000770064245444
50 61 0 8 0.000764777942095
28 33 0 8 0.000764298252761
36 53 0 8 0.00076123222243
36 51 0 8 0.000751739251427
45 64 0 8 0.000731003005058
39 52 0 8 0.000730213476345
27 32 0 8 0.000728621671442
17 25 0 8 0.000720038544387
44 62 0 8 0.000719837495126
17 28 0 8 0.000714258057997
48 57 0 8 0.000712305132765
50 56 0 8 0.000710598891601
24 37 0 8 0.000709254585672
51 62 0 8 0.000705204554833
45 63 0 8 0.000703780620825
16 27 0 8 0.00070287642302
12 23 0 8 0.000702509074472
46 61 0 8 0.000701754994225
44 63 0 8 0.000696013390552
13 23 0 8 0.000695931143127
26 41 0 8 0.000695764727425
24 35 0 8 0.000692382920533
53 60 0 8 0.000691073131748
24 34 0 8 0.00068996095797
15 28 0 8 0.000684270111378
48 65 0 8 0.000675735936966
39 51 0 8 0.00067345489515
48 64 0 8 0.000671648362186
45 65 0 8 0.00066433113534
13 27 0 8 0.000663952960167
47 59 0 8 0.000655244046357
48 59 0 8 0.000652505201288
53 59 0 8 0.000646590488032
22 39 0 8 0.000645441294182
46 63 0 8 0.000643225037493
17 27 0 8 0.000635549717117
47 63 0 8 0.000630979135167
25 33 0 8 0.000626733992249
49 63 0 8 0.000626319553703
49 64 0 8 0.000619756872766
46 65 0 8 0.000619083235506
13 28 0 8 0.000610808026977
46 60 0 8 0.000609143520705
34 50 0 8 0.000607911380939
36 45 0 8 0.000607677036896
36 47 0 8 0.000606403918937
46 64 0 8 0.000600273429882
15 22 0 8 0.000599231920205
15 21 0 8 0.000598655082285
46 59 0 8 0.000584416498896
14 21 0 8 0.000581269501708
47 61 0 8 0.00057320779888
23 36 0 8 0.00055549555691
15 23 0 8 0.000545279996004
41 50 0 8 0.000541028857697
26 33 0 8 0.000538438092917
49 58 0 8 0.000537360145245
15 26 0 8 0.000531845143996
50 59 0 8 0.000530010147486
35 47 0 8 0.000526955525856
46 62 0 8 0.000523717491888
50 60 0 8 0.000520252680872
25 37 0 8 0.000519542489201
48 63 0 8 0.00051776325563
21 38 0 8 0.000512265425641
25 34 0 8 0.000512208556756
22 36 0 8 0.000508574943524
39 44 0 8 0.000507905439008
35 49 0 8 0.000496976368595
27 39 0 8 0.000490309088491
35 50 0 8 0.000483916635858
48 62 0 8 0.000483131734654
34 48 0 8 0.000477231602417
48 58 0 8 0.000475066626677
26 34 0 8 0.000474330881843
26 37 0 8 0.000474063272122
47 62 0 8 0.000471992301755
27 33 0 8 0.000466697238153
38 47 0 8 0.000465553079266
49 60 0 8 0.000463792413939
49 61 0 8 0.000463639269583
40 50 0 8 0.000459806178696
25 36 0 8 0.000455189408967
51 61 0 8 0.000450245192042
51 59 0 8 0.00044855158194
37 51 0 8 0.000437463459093
52 59 0 8 0.000434440356912
48 61 0 8 0.000433820445323
15 25 0 8 0.000422022829298
30 37 0 8 0.000421674776589
23 39 0 8 0.000405888829846
16 22 0 8 0.000405829632655
36 46 0 8 0.000404378748499
26 36 0 8 0.000404170248657
52 61 0 8 0.000400759483455
49 62 0 8 0.000395377661334
14 20 0 8 0.000393341731979
27 34 0 8 0.000393024994992
48 60 0 8 0.000392896705307
28 34 0 8 0.00038976786891
40 49 0 8 0.000386818632251
12 24 0 8 0.000385629566154
26 39 0 8 0.00038498127833
27 36 0 8 0.000381359888706
47 60 0 8 0.000380440673325
39 50 0 8 0.000378197641112
40 45 0 8 0.000374430645024
25 35 0 8 0.000368083274225
49 59 0 8 0.000367470085621
30 35 0 8 0.000361318700016
22 38 0 8 0.000361113459803
37 45 0 8 0.000346442306181
11 26 0 8 0.000344886066159
40 46 0 8 0.000344567117281
14 24 0 8 0.000340584520018
29 34 0 8 0.000340474303812
29 37 0 8 0.000339779100614
52 60 0 8 0.000336342229275
16 28 0 8 0.000334344571456
16 25 0 8 0.000330012058839
14 27 0 8 0.000326392822899
23 38 0 8 0.000326183799189
12 25 0 8 0.000324245367665
38 44 0 8 0.000323039566865
12 27 0 8 0.000322790205246
51 60 0 8 0.000306989968522
39 45 0 8 0.000302160246065
17 26 0 8 0.000300782063277
42 47 0 8 0.000295906327665
42 48 0 8 0.000294701894745
29 38 0 8 0.00029364117654
41 46 0 8 0.000291901960736
17 23 0 8 0.000282362045255
24 39 0 8 0.000261357956333
12 26 0 8 0.000261334789684
35 48 0 8 0.000257439300185
15 27 0 8 0.000251360732364
36 50 0 8 0.000250560085988
28 38 0 8 0.000250394601608
11 23 0 8 0.000247482385021
39 46 0 8 0.00024219774059
11 24 0 8 0.000239238914219
24 36 0 8 0.000238969907514
11 28 0 8 0.000233061844483
37 48 0 8 0.000231611324125
30 36 0 8 0.000230886376812
26 38 0 8 0.000230171572184
38 46 0 8 0.0002287098323
14 23 0 8 0.000225155352382
28 35 0 8 0.000222726390348
16 23 0 8 0.000222163915168
11 27 0 8 0.000219907233259
41 47 0 8 0.000217123975744
37 47 0 8 0.000215108098928
14 25 0 8 0.000212319544517
37 49 0 8 0.000210902158869
16 26 0 8 0.000210892103496
24 38 0 8 0.00021053708042
11 25 0 8 0.000210269674426
28 37 0 8 0.000210245823837
37 50 0 8 0.000205575721338
40 48 0 8 0.000205420932616
37 46 0 8 0.000204054638743
25 39 0 8 0.000198166075279
39 49 0 8 0.00019598484505
38 49 0 8 0.000193694606423
40 47 0 8 0.000190745689906
27 38 0 8 0.000190605875105
36 49 0 8 0.000188530320884
39 47 0 8 0.000184259188245
26 35 0 8 0.000178078975296
29 35 0 8 0.000174463304575
41 48 0 8 0.000170325889485
13 26 0 8 0.000163886710652
38 50 0 8 0.000161163785378
27 35 0 8 0.000159392060596
27 37 0 8 0.000157639049576
36 48 0 8 0.000154992274474
28 36 0 8 0.00014606230252
38 51 0 8 0.000137406765134
25 38 0 8 0.000136447895784
29 36 0 8 0.000129800784634
14 26 0 8 0.000114240407129
39 48 0 8 0.000101204219391
38 48 0 8 8.34566380945e-05
