3 4 0 8 0.999995052814
4 5 0 8 0.999993145466
18 19 0 8 0.999987900257
29 30 0 8 0.999979972839
27 28 0 8 0.999977529049
7 8 0 8 0.99997740984
10 11 0 8 0.999970734119
2 3 0 8 0.999969601631
48 49 0 8 0.999966442585
46 47 0 8 0.999963581562
76 77 0 8 0.999957799911
16 17 0 8 0.999952018261
20 21 0 8 0.999947965145
14 15 0 8 0.999942719936
47 48 0 8 0.999925851822
30 31 0 8 0.99992454052
15 16 0 8 0.999921023846
5 6 0 8 0.999905526638
13 14 0 8 0.999887287617
28 29 0 8 0.999885320663
75 76 0 8 0.999867320061
17 18 0 8 0.999863684177
45 46 0 8 0.999861657619
42 43 0 8 0.999861299992
6 7 0 8 0.999856054783
21 22 0 8 0.999854266644
8 9 0 8 0.999851226807
44 45 0 8 0.999836981297
69 70 0 8 0.999816656113
72 73 0 8 0.999807059765
62 63 0 8 0.99979186058
68 69 0 8 0.999784469604
1 2 0 8 0.999783575535
67 68 0 8 0.99971139431
41 42 0 8 0.999705612659
23 24 0 8 0.999703943729
61 62 0 8 0.999692201614
43 44 0 8 0.999685764313
22 23 0 8 0.999671936035
53 54 0 8 0.999667942524
9 10 0 8 0.999656140804
19 20 0 8 0.999559819698
66 67 0 8 0.99954777956
32 33 0 8 0.999545395374
31 32 0 8 0.999544799328
51 52 0 8 0.999528646469
26 27 0 8 0.99951004982
25 26 0 8 0.99949157238
71 72 0 8 0.999474346638
63 64 0 8 0.999439775944
60 61 0 8 0.999425053596
12 13 0 8 0.999402165413
73 74 0 8 0.999371647835
74 75 0 8 0.99927854538
52 53 0 8 0.999260187149
11 12 0 8 0.999167859554
59 60 0 8 0.999164283276
35 36 0 8 0.999057114124
37 38 0 8 0.999050617218
70 71 0 8 0.999047756195
55 56 0 8 0.998936474323
50 51 0 8 0.998929858208
24 25 0 8 0.998925209045
58 59 0 8 0.99888843298
57 58 0 8 0.998865246773
34 35 0 8 0.998838126659
49 50 0 8 0.998767912388
40 41 0 8 0.998660683632
56 57 0 8 0.998535215855
65 66 0 8 0.998392641544
54 55 0 8 0.998300850391
33 34 0 8 0.997419536114
64 65 0 8 0.997092425823
38 39 0 8 0.996782362461
36 37 0 8 0.996345698833
39 40 0 8 0.995817780495
29 31 0 8 0.985970795155
26 28 0 8 0.977922558784
28 30 0 8 0.971994280815
29 32 0 8 0.959648907185
27 29 0 8 0.951684474945
28 31 0 8 0.950001120567
22 24 0 8 0.948675334454
27 31 0 8 0.932976305485
30 33 0 8 0.932159304619
26 29 0 8 0.924288988113
25 27 0 8 0.92208391428
30 32 0 8 0.921403288841
27 30 0 8 0.910943388939
25 28 0 8 0.907084584236
44 46 0 8 0.9061627388
26 30 0 8 0.905690729618
29 33 0 8 0.89630228281
14 16 0 8 0.894852340221
20 22 0 8 0.893001139164
24 26 0 8 0.892775714397
62 64 0 8 0.892552137375
3 5 0 8 0.886906206608
44 47 0 8 0.883284628391
28 32 0 8 0.881986558437
49 51 0 8 0.881925165653
33 35 0 8 0.878210425377
41 43 0 8 0.875074625015
6 8 0 8 0.873407840729
8 10 0 8 0.868013262749
60 62 0 8 0.86382830143
48 50 0 8 0.856490790844
23 25 0 8 0.855430960655
43 45 0 8 0.854487359524
4 6 0 8 0.853414058685
46 48 0 8 0.849725484848
15 17 0 8 0.846307337284
11 13 0 8 0.844713568687
45 47 0 8 0.843433380127
65 67 0 8 0.840067446232
17 19 0 8 0.838211357594
51 53 0 8 0.836402475834
25 29 0 8 0.827457845211
42 44 0 8 0.818438649178
70 72 0 8 0.818347215652
58 60 0 8 0.817179143429
63 65 0 8 0.816934883595
52 54 0 8 0.816089987755
61 63 0 8 0.813125908375
17 53 0 8 0.81288164854
31 33 0 8 0.811174094677
7 9 0 8 0.808571994305
64 66 0 8 0.804795086384
12 14 0 8 0.803492069244
9 11 0 8 0.803037047386
75 77 0 8 0.801376879215
1 3 0 8 0.799220144749
21 23 0 8 0.799206316471
35 37 0 8 0.797710239887
44 48 0 8 0.792739033699
49 52 0 8 0.791880786419
22 25 0 8 0.787972569466
69 72 0 8 0.783139705658
53 55 0 8 0.78300344944
69 71 0 8 0.781488716602
57 59 0 8 0.780881643295
23 26 0 8 0.775302946568
40 42 0 8 0.773951232433
38 40 0 8 0.77346432209
24 28 0 8 0.770920336246
50 52 0 8 0.76948839426
5 7 0 8 0.767093777657
34 36 0 8 0.766557097435
16 18 0 8 0.766356706619
38 41 0 8 0.760698437691
67 69 0 8 0.758940935135
45 48 0 8 0.758408248425
66 68 0 8 0.757249295712
74 76 0 8 0.752501189709
32 34 0 8 0.751423478127
43 47 0 8 0.740102827549
36 38 0 8 0.734260320663
43 46 0 8 0.731991589069
73 75 0 8 0.731932401657
21 24 0 8 0.731831252575
11 14 0 8 0.722000956535
2 4 0 8 0.719263911247
56 58 0 8 0.713406801224
54 56 0 8 0.71038711071
22 26 0 8 0.706304967403
71 73 0 8 0.704614818096
31 34 0 8 0.704508125782
47 49 0 8 0.704167664051
37 41 0 8 0.702526211739
72 74 0 8 0.695997059345
56 60 0 8 0.695780575275
68 72 0 8 0.688319563866
13 15 0 8 0.682819604874
59 61 0 8 0.681825459003
55 57 0 8 0.671081185341
18 20 0 8 0.664470255375
68 70 0 8 0.659202516079
30 35 0 8 0.657408416271
57 60 0 8 0.65319865942
48 53 0 8 0.64708340168
7 44 0 8 0.637931227684
24 27 0 8 0.62366271019
30 34 0 8 0.617187917233
8 11 0 8 0.616187751293
65 68 0 8 0.611612021923
15 53 0 8 0.605073928833
39 41 0 8 0.60124540329
56 59 0 8 0.601037323475
61 64 0 8 0.578778684139
19 37 0 8 0.578738391399
8 16 0 8 0.578405857086
37 39 0 8 0.575249969959
19 21 0 8 0.572868704796
42 46 0 8 0.565384268761
42 45 0 8 0.563208520412
41 44 0 8 0.563164651394
52 75 0 8 0.561831831932
64 67 0 8 0.560855865479
23 27 0 8 0.55686801672
48 51 0 8 0.546834468842
63 67 0 8 0.544907569885
48 52 0 8 0.54436558485
60 63 0 8 0.538316428661
62 65 0 8 0.536642670631
26 41 0 8 0.535314500332
21 25 0 8 0.527303516865
10 12 0 8 0.525425076485
7 10 0 8 0.523211658001
37 40 0 8 0.508416712284
33 43 0 8 0.508166670799
63 66 0 8 0.502866208553
19 43 0 8 0.49697676301
11 16 0 8 0.483866989613
61 65 0 8 0.477586686611
64 68 0 8 0.459168672562
60 64 0 8 0.445598006248
14 46 0 8 0.428542017937
68 73 0 8 0.406808018684
20 24 0 8 0.401021152735
29 44 0 8 0.392866194248
26 38 0 8 0.385452121496
55 66 0 8 0.368971914053
62 66 0 8 0.367984503508
41 45 0 8 0.362047731876
10 14 0 8 0.361783742905
20 23 0 8 0.356999486685
69 73 0 8 0.353497296572
49 53 0 8 0.34520688653
59 62 0 8 0.335148841143
30 36 0 8 0.329293221235
17 45 0 8 0.323615312576
43 48 0 8 0.323156028986
30 37 0 8 0.320689320564
26 37 0 8 0.317535161972
4 19 0 8 0.316335201263
4 20 0 8 0.310002326965
5 16 0 8 0.308125704527
50 53 0 8 0.304391205311
74 77 0 8 0.304383456707
57 61 0 8 0.298531204462
5 19 0 8 0.290033280849
18 42 0 8 0.28808927536
19 41 0 8 0.285731106997
6 16 0 8 0.284952640533
56 63 0 8 0.284790366888
59 63 0 8 0.28337264061
19 22 0 8 0.27936822176
3 19 0 8 0.278977930546
7 11 0 8 0.277139812708
6 17 0 8 0.275768399239
29 35 0 8 0.274991750717
58 61 0 8 0.273495256901
56 61 0 8 0.27224317193
63 68 0 8 0.269786804914
6 10 0 8 0.268154978752
7 43 0 8 0.262705504894
31 35 0 8 0.260124504566
48 68 0 8 0.257711678743
10 16 0 8 0.252382665873
4 17 0 8 0.237469390035
2 19 0 8 0.235999986529
6 9 0 8 0.235900506377
46 49 0 8 0.235421523452
56 62 0 8 0.233366549015
32 35 0 8 0.232497408986
6 11 0 8 0.231289938092
65 69 0 8 0.231166705489
37 43 0 8 0.23060977459
19 44 0 8 0.230585798621
8 17 0 8 0.229920968413
40 44 0 8 0.229130536318
19 24 0 8 0.228052377701
66 69 0 8 0.227483004332
40 43 0 8 0.225474640727
4 18 0 8 0.223613291979
29 43 0 8 0.223598003387
70 73 0 8 0.223312497139
7 14 0 8 0.215122118592
51 54 0 8 0.214862123132
19 23 0 8 0.213446736336
37 44 0 8 0.209637254477
55 59 0 8 0.209363818169
36 44 0 8 0.206781148911
7 17 0 8 0.205053329468
6 19 0 8 0.204909577966
50 54 0 8 0.201484799385
5 17 0 8 0.20034147799
53 56 0 8 0.200126945972
9 16 0 8 0.19970741868
35 47 0 8 0.199304953218
33 41 0 8 0.198171839118
32 75 0 8 0.197293832898
17 29 0 8 0.193595036864
47 50 0 8 0.193442046642
7 48 0 8 0.193375527859
8 14 0 8 0.193316593766
3 18 0 8 0.189639523625
3 20 0 8 0.187708392739
10 15 0 8 0.185672044754
47 51 0 8 0.181156307459
35 43 0 8 0.180971026421
54 69 0 8 0.180420815945
73 77 0 8 0.180166006088
57 63 0 8 0.180034905672
51 55 0 8 0.177923113108
56 64 0 8 0.177284628153
29 37 0 8 0.176746293902
39 42 0 8 0.176513254642
56 65 0 8 0.176405355334
37 42 0 8 0.176284834743
19 45 0 8 0.176058992743
19 30 0 8 0.174748927355
17 48 0 8 0.174585208297
4 16 0 8 0.174280032516
55 62 0 8 0.172308847308
26 39 0 8 0.171680003405
29 34 0 8 0.170365303755
38 42 0 8 0.161634385586
25 71 0 8 0.159190863371
35 44 0 8 0.157503157854
6 44 0 8 0.15698684752
13 55 0 8 0.156548023224
67 70 0 8 0.156214386225
68 71 0 8 0.155372202396
44 68 0 8 0.155037775636
19 33 0 8 0.154172748327
10 63 0 8 0.153806298971
73 76 0 8 0.15379755199
5 20 0 8 0.151520252228
58 62 0 8 0.151401281357
72 75 0 8 0.150273814797
35 41 0 8 0.149351447821
16 62 0 8 0.148715525866
5 15 0 8 0.148431569338
47 53 0 8 0.148122861981
8 15 0 8 0.14696328342
7 29 0 8 0.146167322993
19 47 0 8 0.145877420902
19 48 0 8 0.145765140653
9 15 0 8 0.145489960909
17 47 0 8 0.143205523491
36 40 0 8 0.141965478659
48 54 0 8 0.1409830302
44 49 0 8 0.14052259922
55 60 0 8 0.140450835228
68 74 0 8 0.139804556966
38 43 0 8 0.139236524701
20 44 0 8 0.139122888446
6 68 0 8 0.138632446527
36 41 0 8 0.13835825026
7 16 0 8 0.137654706836
53 65 0 8 0.13680781424
20 25 0 8 0.134455099702
5 8 0 8 0.133779361844
55 63 0 8 0.132281705737
4 21 0 8 0.131730571389
53 63 0 8 0.130326807499
36 43 0 8 0.129897251725
35 40 0 8 0.128735616803
6 20 0 8 0.128613337874
2 20 0 8 0.12836150825
3 16 0 8 0.126843363047
2 18 0 8 0.125917345285
29 48 0 8 0.124610714614
11 15 0 8 0.124328806996
53 64 0 8 0.122423633933
33 44 0 8 0.120620690286
4 7 0 8 0.120368659496
53 68 0 8 0.120034240186
7 18 0 8 0.119999088347
55 58 0 8 0.119963049889
39 43 0 8 0.119426421821
6 35 0 8 0.118195980787
45 53 0 8 0.118164606392
52 55 0 8 0.116277016699
29 68 0 8 0.1160633564
10 13 0 8 0.115882240236
19 29 0 8 0.115465976298
6 18 0 8 0.115430250764
5 18 0 8 0.114904932678
29 47 0 8 0.114781104028
10 17 0 8 0.114672020078
52 56 0 8 0.113487422466
38 44 0 8 0.113049730659
19 74 0 8 0.112998515368
14 53 0 8 0.112983480096
3 17 0 8 0.112887486815
33 37 0 8 0.111476972699
19 53 0 8 0.111459434032
17 43 0 8 0.111107625067
57 62 0 8 0.109795406461
8 43 0 8 0.109667174518
18 44 0 8 0.10873003304
21 39 0 8 0.107947148383
70 74 0 8 0.106943786144
33 47 0 8 0.106808491051
4 44 0 8 0.106551676989
6 43 0 8 0.106106474996
54 67 0 8 0.10601528734
11 53 0 8 0.105916939676
16 45 0 8 0.105819091201
7 47 0 8 0.105533346534
33 48 0 8 0.10548492521
19 73 0 8 0.105400420725
29 36 0 8 0.105266392231
17 68 0 8 0.105205975473
35 38 0 8 0.10502550751
6 33 0 8 0.104964390397
66 70 0 8 0.104896098375
37 53 0 8 0.104733973742
54 65 0 8 0.104108653963
54 64 0 8 0.103910550475
51 68 0 8 0.103631414473
19 63 0 8 0.103574723005
55 61 0 8 0.103398606181
6 47 0 8 0.102023884654
54 57 0 8 0.101818680763
38 56 0 8 0.101716004312
24 29 0 8 0.101699672639
20 48 0 8 0.10101030767
14 56 0 8 0.0994992032647
20 43 0 8 0.0978542640805
47 52 0 8 0.0978417247534
29 63 0 8 0.0959475934505
43 68 0 8 0.0956257283688
1 20 0 8 0.0950455740094
19 68 0 8 0.0949824303389
4 14 0 8 0.094945974648
48 74 0 8 0.094775877893
15 45 0 8 0.0940762609243
59 64 0 8 0.0937653407454
17 44 0 8 0.0931298434734
6 15 0 8 0.0930975973606
19 62 0 8 0.092991925776
22 40 0 8 0.0929871201515
71 74 0 8 0.0926697924733
2 21 0 8 0.0923328846693
9 46 0 8 0.0921796783805
16 44 0 8 0.0917636975646
1 18 0 8 0.0916947722435
34 37 0 8 0.0916246622801
34 56 0 8 0.0916072204709
1 21 0 8 0.0906592905521
6 48 0 8 0.0903270617127
8 48 0 8 0.0899861603975
53 66 0 8 0.0893600583076
19 25 0 8 0.0893423259258
6 14 0 8 0.089115768671
60 65 0 8 0.0879943817854
3 43 0 8 0.0879500433803
3 6 0 8 0.0878072082996
28 33 0 8 0.0869827717543
3 21 0 8 0.086872048676
7 53 0 8 0.0867012515664
33 36 0 8 0.0865930467844
18 21 0 8 0.0860433802009
44 51 0 8 0.0857279449701
47 74 0 8 0.0854040384293
67 71 0 8 0.0851906388998
18 74 0 8 0.0851555466652
7 15 0 8 0.0850786268711
71 75 0 8 0.0850298479199
36 39 0 8 0.0849575772882
9 17 0 8 0.0847777202725
47 68 0 8 0.0847224220634
41 53 0 8 0.0846909284592
14 68 0 8 0.084379978478
6 72 0 8 0.08425809443
11 33 0 8 0.0840950608253
4 8 0 8 0.0837230831385
7 68 0 8 0.083722628653
17 20 0 8 0.0836300700903
5 14 0 8 0.0836217552423
35 48 0 8 0.0828264951706
72 76 0 8 0.0824546292424
6 45 0 8 0.0823538154364
45 49 0 8 0.0818334370852
18 22 0 8 0.0815917477012
46 50 0 8 0.0808687061071
10 43 0 8 0.0802751928568
4 29 0 8 0.0802319347858
47 72 0 8 0.0802273750305
14 17 0 8 0.0798480957747
7 35 0 8 0.0794463902712
18 29 0 8 0.0794421061873
44 53 0 8 0.0793031081557
14 41 0 8 0.0781846344471
8 44 0 8 0.078018553555
16 63 0 8 0.0768817812204
34 55 0 8 0.0767995864153
5 9 0 8 0.0761353969574
48 73 0 8 0.0742298141122
20 29 0 8 0.0740582570434
16 43 0 8 0.0735919475555
69 74 0 8 0.0735913589597
32 43 0 8 0.073335327208
16 68 0 8 0.0733247324824
2 22 0 8 0.0730856209993
35 42 0 8 0.0722223594785
52 72 0 8 0.0721950307488
10 68 0 8 0.0721798464656
19 64 0 8 0.0721051692963
4 48 0 8 0.0720287188888
19 72 0 8 0.0718249604106
20 47 0 8 0.0717440843582
2 17 0 8 0.0714834108949
36 56 0 8 0.0712848082185
8 18 0 8 0.0710811167955
9 14 0 8 0.0708735957742
18 48 0 8 0.0708700492978
4 11 0 8 0.0708441585302
51 69 0 8 0.0707991868258
38 54 0 8 0.0703371167183
4 47 0 8 0.0702589526772
21 68 0 8 0.0701218545437
54 63 0 8 0.0699293613434
49 68 0 8 0.0696934536099
55 64 0 8 0.0695485174656
7 19 0 8 0.0692529007792
48 72 0 8 0.0691690295935
44 50 0 8 0.0691076219082
1 4 0 8 0.0688199922442
6 29 0 8 0.0686067938805
8 35 0 8 0.0685679540038
31 36 0 8 0.0683758035302
37 54 0 8 0.0679599717259
4 43 0 8 0.0674462094903
49 54 0 8 0.0674006491899
11 17 0 8 0.0671358183026
55 65 0 8 0.0665216818452
1 19 0 8 0.0660081356764
50 67 0 8 0.0659291595221
58 63 0 8 0.0658949017525
32 44 0 8 0.0657774507999
11 42 0 8 0.0657712221146
31 37 0 8 0.0656816065311
9 12 0 8 0.0652897655964
4 13 0 8 0.06486851722
22 44 0 8 0.0646989792585
54 66 0 8 0.0644731372595
14 45 0 8 0.0643704608083
35 39 0 8 0.0641627982259
5 43 0 8 0.0638558715582
10 72 0 8 0.0636428594589
20 68 0 8 0.0635425746441
8 53 0 8 0.0634135082364
8 47 0 8 0.0634092912078
7 13 0 8 0.0633442550898
36 47 0 8 0.0630632787943
8 19 0 8 0.0629673749208
11 68 0 8 0.0625249370933
13 16 0 8 0.0623876452446
16 29 0 8 0.0617518536747
20 28 0 8 0.0617297403514
40 52 0 8 0.0611456036568
16 47 0 8 0.0608552321792
5 44 0 8 0.0606404058635
18 53 0 8 0.0605091825128
8 12 0 8 0.0604362338781
44 72 0 8 0.0603083409369
39 55 0 8 0.0602318868041
7 72 0 8 0.0601509772241
11 43 0 8 0.0601274371147
18 63 0 8 0.0597784258425
42 47 0 8 0.0593993216753
34 38 0 8 0.0593149401248
54 58 0 8 0.0589577965438
67 72 0 8 0.0585539378226
41 52 0 8 0.0584181882441
29 38 0 8 0.0584129318595
6 53 0 8 0.0583080500364
18 68 0 8 0.0582832060754
53 60 0 8 0.0582341141999
56 67 0 8 0.0581263080239
26 43 0 8 0.058082010597
10 56 0 8 0.0579041056335
18 47 0 8 0.057777646929
48 56 0 8 0.0570010505617
13 58 0 8 0.0569806545973
4 15 0 8 0.0569681786001
10 53 0 8 0.0563456341624
2 5 0 8 0.0561732128263
64 69 0 8 0.0560696274042
13 50 0 8 0.0553606785834
54 60 0 8 0.0552582032979
14 52 0 8 0.0552426353097
13 57 0 8 0.0550373569131
33 68 0 8 0.0550011508167
53 57 0 8 0.0548595823348
7 12 0 8 0.0548236705363
7 33 0 8 0.0546992458403
14 37 0 8 0.0545456930995
18 23 0 8 0.0543472915888
28 68 0 8 0.0543184429407
29 67 0 8 0.0541493371129
35 53 0 8 0.0540261156857
5 11 0 8 0.0536839142442
29 66 0 8 0.053479552269
49 75 0 8 0.0533693023026
20 73 0 8 0.0533609427512
34 44 0 8 0.0530697889626
14 43 0 8 0.0530686639249
17 66 0 8 0.0529275238514
17 63 0 8 0.0529119297862
7 41 0 8 0.0528220720589
50 68 0 8 0.0527852587402
17 69 0 8 0.0523276031017
32 52 0 8 0.05222081393
19 42 0 8 0.0518342070282
25 41 0 8 0.051546100527
15 40 0 8 0.0515394695103
13 60 0 8 0.0515093393624
72 77 0 8 0.0514443814754
11 44 0 8 0.0514000244439
54 70 0 8 0.051069598645
19 26 0 8 0.0510635338724
20 53 0 8 0.0507888123393
15 55 0 8 0.0507046282291
2 15 0 8 0.0506793409586
8 41 0 8 0.0506718419492
54 59 0 8 0.050665833056
36 59 0 8 0.0504396185279
43 63 0 8 0.0504122674465
6 37 0 8 0.0502187162638
57 64 0 8 0.0501124300063
19 61 0 8 0.0499866642058
3 22 0 8 0.0499840117991
36 42 0 8 0.0498427860439
10 29 0 8 0.04980295524
16 53 0 8 0.0497821234167
53 67 0 8 0.0497643388808
44 63 0 8 0.0494135990739
47 73 0 8 0.0494102053344
18 43 0 8 0.0493516586721
45 63 0 8 0.0492705591023
57 66 0 8 0.0490633361042
35 68 0 8 0.0489967241883
48 67 0 8 0.0489957816899
37 47 0 8 0.0488801747561
3 10 0 8 0.0486130528152
53 61 0 8 0.048609200865
22 27 0 8 0.0485376939178
8 68 0 8 0.048531703651
4 10 0 8 0.0485042743385
4 33 0 8 0.0484503097832
13 41 0 8 0.0483236461878
10 48 0 8 0.0482692047954
28 36 0 8 0.0482084862888
16 48 0 8 0.0481088683009
14 67 0 8 0.0480958223343
16 40 0 8 0.0480494387448
25 38 0 8 0.047701548785
54 68 0 8 0.0475917421281
18 56 0 8 0.0475820712745
17 40 0 8 0.0475704334676
53 62 0 8 0.0473749935627
39 44 0 8 0.0472938455641
17 28 0 8 0.0472819656134
8 29 0 8 0.0472551435232
48 63 0 8 0.0472499802709
11 48 0 8 0.0472264066339
14 73 0 8 0.0472249463201
14 57 0 8 0.0471701584756
3 44 0 8 0.046969410032
11 29 0 8 0.046877477318
17 67 0 8 0.0468767136335
8 37 0 8 0.0468244180083
14 69 0 8 0.0467135980725
22 41 0 8 0.0465448312461
16 33 0 8 0.04654334113
32 47 0 8 0.0465418994427
18 62 0 8 0.0465238541365
48 69 0 8 0.0462689623237
44 74 0 8 0.0461919754744
11 34 0 8 0.0460063293576
4 37 0 8 0.0458587296307
30 62 0 8 0.0458351708949
6 41 0 8 0.0458180718124
20 67 0 8 0.0458087362349
10 44 0 8 0.0456766784191
14 48 0 8 0.0455942824483
20 63 0 8 0.0455784015357
5 13 0 8 0.0455734543502
38 69 0 8 0.0455396175385
29 64 0 8 0.0454321801662
5 10 0 8 0.0453239046037
11 32 0 8 0.0453114435077
7 20 0 8 0.0452175959945
56 68 0 8 0.0451717749238
43 53 0 8 0.044976670295
46 68 0 8 0.0448824353516
9 18 0 8 0.0447387397289
48 65 0 8 0.0441495031118
20 42 0 8 0.044077578932
67 73 0 8 0.0440666638315
9 43 0 8 0.0440203882754
3 15 0 8 0.0439087487757
36 55 0 8 0.04390514642
35 56 0 8 0.0437368378043
9 13 0 8 0.0436297170818
3 8 0 8 0.0436235703528
20 72 0 8 0.0436096079648
23 28 0 8 0.0434322059155
57 65 0 8 0.0433731973171
25 68 0 8 0.043198980391
33 73 0 8 0.0431245937943
40 45 0 8 0.0431244745851
4 68 0 8 0.04311510548
29 53 0 8 0.0430949181318
17 74 0 8 0.0429835431278
8 50 0 8 0.0425839796662
35 65 0 8 0.0425219796598
3 14 0 8 0.0425057820976
53 70 0 8 0.0424954481423
46 73 0 8 0.0424843132496
62 67 0 8 0.0422793701291
20 62 0 8 0.042152069509
18 24 0 8 0.0421343334019
32 37 0 8 0.0421294271946
32 36 0 8 0.0420619733632
65 70 0 8 0.0419911928475
37 57 0 8 0.0419892258942
11 72 0 8 0.0419178716838
12 15 0 8 0.0417940989137
7 42 0 8 0.04170646891
65 72 0 8 0.041672244668
16 66 0 8 0.0415104366839
16 73 0 8 0.0414798073471
19 38 0 8 0.0414668209851
6 74 0 8 0.0413121394813
19 28 0 8 0.0412925779819
52 68 0 8 0.0411520823836
32 48 0 8 0.04112977162
48 55 0 8 0.0410800203681
24 69 0 8 0.040873914957
4 41 0 8 0.0408214405179
36 54 0 8 0.0407092235982
34 41 0 8 0.0406782962382
69 75 0 8 0.0406670235097
52 67 0 8 0.0406362526119
29 41 0 8 0.0406298041344
54 62 0 8 0.0404913276434
66 72 0 8 0.0404537171125
37 56 0 8 0.0403689369559
8 42 0 8 0.0403675623238
2 14 0 8 0.0403138995171
14 59 0 8 0.0402454845607
7 32 0 8 0.040094204247
42 51 0 8 0.0399629175663
8 13 0 8 0.0399582535028
9 53 0 8 0.0399434044957
37 48 0 8 0.0398867465556
19 66 0 8 0.0398750342429
36 46 0 8 0.0398603230715
46 53 0 8 0.039610221982
14 63 0 8 0.0393632166088
47 67 0 8 0.0392966903746
4 35 0 8 0.0392470993102
30 65 0 8 0.039222240448
36 48 0 8 0.0391722433269
4 22 0 8 0.0391478799284
68 75 0 8 0.0390065275133
10 42 0 8 0.038917824626
44 52 0 8 0.0388797558844
43 50 0 8 0.038876991719
37 55 0 8 0.038849323988
8 33 0 8 0.0386940389872
15 75 0 8 0.0386363938451
37 46 0 8 0.0385780371726
20 51 0 8 0.038323264569
40 67 0 8 0.0382231622934
66 77 0 8 0.038183029741
29 74 0 8 0.0380857549608
32 68 0 8 0.0380594134331
54 61 0 8 0.0377668626606
20 74 0 8 0.0375874303281
36 68 0 8 0.0375748574734
3 48 0 8 0.0375653840601
17 72 0 8 0.0374235510826
7 69 0 8 0.0372985824943
8 51 0 8 0.0372346863151
69 77 0 8 0.0371957421303
41 47 0 8 0.0371355041862
40 63 0 8 0.0368873849511
51 67 0 8 0.0368682220578
23 29 0 8 0.0368182212114
9 68 0 8 0.036815918982
11 41 0 8 0.0367788821459
56 66 0 8 0.0367278158665
17 21 0 8 0.0367233119905
30 41 0 8 0.0366593599319
70 75 0 8 0.0366198755801
42 48 0 8 0.0365914404392
59 65 0 8 0.0365300327539
10 40 0 8 0.0365175642073
6 34 0 8 0.0365087613463
37 68 0 8 0.03650861606
11 51 0 8 0.0364807993174
48 64 0 8 0.0361899919808
20 41 0 8 0.0361519306898
41 68 0 8 0.0360787659883
30 43 0 8 0.0360523127019
29 65 0 8 0.0360357612371
55 67 0 8 0.036028880626
45 50 0 8 0.0359782613814
51 56 0 8 0.0357738025486
13 59 0 8 0.0357696823776
20 26 0 8 0.035733204335
17 50 0 8 0.0357215367258
6 73 0 8 0.0356853380799
12 42 0 8 0.035625115037
19 65 0 8 0.0356010310352
19 51 0 8 0.0354980193079
19 32 0 8 0.0354888029397
17 32 0 8 0.0354509651661
14 44 0 8 0.0354359932244
7 46 0 8 0.0353616401553
20 66 0 8 0.0353435501456
41 48 0 8 0.035255368799
43 65 0 8 0.0350107513368
38 66 0 8 0.0349937677383
11 64 0 8 0.034953404218
29 42 0 8 0.034944742918
11 63 0 8 0.0347534790635
67 74 0 8 0.0346895717084
6 36 0 8 0.0346772782505
18 51 0 8 0.0345379672945
40 53 0 8 0.0345237292349
8 38 0 8 0.0344917029142
41 56 0 8 0.0344785526395
47 63 0 8 0.0344288349152
49 55 0 8 0.0341155827045
52 63 0 8 0.0340730696917
5 53 0 8 0.0340706110001
14 35 0 8 0.0339892953634
22 29 0 8 0.0339322276413
10 52 0 8 0.0338423661888
11 35 0 8 0.0337225720286
68 77 0 8 0.0335161462426
47 54 0 8 0.0335145294666
50 55 0 8 0.0334796085954
15 66 0 8 0.0334691032767
21 26 0 8 0.0332605987787
5 48 0 8 0.0332139916718
36 52 0 8 0.0332031585276
44 66 0 8 0.0331448987126
8 32 0 8 0.0330113880336
22 42 0 8 0.0330111756921
4 23 0 8 0.0329345911741
20 52 0 8 0.03291682899
34 40 0 8 0.032898183912
62 68 0 8 0.0328060910106
20 37 0 8 0.0326366238296
16 69 0 8 0.0326030217111
65 77 0 8 0.0324914343655
42 63 0 8 0.0324166230857
20 65 0 8 0.0323909111321
53 59 0 8 0.0323267355561
37 60 0 8 0.0321921668947
18 25 0 8 0.0320181325078
12 46 0 8 0.0319712050259
67 77 0 8 0.0318838655949
7 51 0 8 0.0318325981498
17 73 0 8 0.0317661948502
33 46 0 8 0.0316845066845
9 42 0 8 0.0316573195159
52 65 0 8 0.0315814688802
18 73 0 8 0.0315799117088
7 40 0 8 0.0314667522907
45 60 0 8 0.0314650051296
52 69 0 8 0.0313093066216
7 62 0 8 0.03129132092
49 67 0 8 0.0311443489045
49 56 0 8 0.0311375129968
16 35 0 8 0.0309238079935
10 74 0 8 0.0309089366347
4 63 0 8 0.0307853855193
11 45 0 8 0.0307337660342
22 67 0 8 0.0306026376784
4 28 0 8 0.030582210049
8 74 0 8 0.030550589785
34 43 0 8 0.0305462554097
7 63 0 8 0.0305118411779
47 69 0 8 0.0305110774934
10 35 0 8 0.0304636936635
36 62 0 8 0.0304105579853
10 60 0 8 0.0303603000939
51 65 0 8 0.0303094051778
22 28 0 8 0.0302884690464
21 61 0 8 0.0302223917097
18 64 0 8 0.0301607847214
18 72 0 8 0.0299433879554
16 74 0 8 0.02993404679
49 72 0 8 0.0299108214676
3 13 0 8 0.0298704244196
15 77 0 8 0.0298164710402
7 37 0 8 0.0298036877066
33 53 0 8 0.029744097963
52 71 0 8 0.0296630561352
57 67 0 8 0.0296572037041
15 41 0 8 0.0296486075968
18 35 0 8 0.0296002272516
34 68 0 8 0.0295894835144
55 68 0 8 0.0295590404421
38 52 0 8 0.0295089446008
6 13 0 8 0.0294822528958
13 53 0 8 0.0294448025525
21 40 0 8 0.0294164922088
2 16 0 8 0.0294122863561
3 7 0 8 0.0293775610626
2 10 0 8 0.0293559841812
63 72 0 8 0.0292801260948
21 72 0 8 0.0292726531625
22 61 0 8 0.0292030330747
36 45 0 8 0.0291862823069
16 72 0 8 0.02913130261
14 71 0 8 0.0290918201208
10 47 0 8 0.0290466211736
18 28 0 8 0.029034473002
38 68 0 8 0.028947757557
33 38 0 8 0.0288920849562
12 54 0 8 0.0287936534733
7 74 0 8 0.0287817008793
21 42 0 8 0.0287016946822
64 71 0 8 0.0286890864372
18 45 0 8 0.0286078862846
49 74 0 8 0.0285867266357
19 39 0 8 0.0285157505423
20 69 0 8 0.0285091735423
6 42 0 8 0.028472488746
38 47 0 8 0.0284667573869
20 60 0 8 0.0284340567887
17 42 0 8 0.0283837337047
16 37 0 8 0.0283774286509
10 62 0 8 0.0282661374658
51 63 0 8 0.0282393787056
3 41 0 8 0.0282174441963
42 53 0 8 0.0281650964171
21 43 0 8 0.0281152762473
46 59 0 8 0.0279791969806
14 66 0 8 0.0279633160681
3 47 0 8 0.0278738681227
5 47 0 8 0.0277274623513
11 74 0 8 0.0277100931853
18 41 0 8 0.0276720207185
4 24 0 8 0.0275878980756
14 62 0 8 0.0275559611619
68 76 0 8 0.0275268889964
53 69 0 8 0.0274360738695
3 68 0 8 0.0274184308946
17 26 0 8 0.0273955408484
20 49 0 8 0.0273397564888
47 56 0 8 0.027290372178
1 22 0 8 0.0272612422705
33 63 0 8 0.0272299330682
10 38 0 8 0.0271968729794
43 67 0 8 0.0271714869887
14 29 0 8 0.0271544903517
28 43 0 8 0.0271278098226
32 62 0 8 0.0270982515067
44 73 0 8 0.0270940456539
9 40 0 8 0.0270869154483
63 69 0 8 0.0269990265369
33 59 0 8 0.0269725099206
3 37 0 8 0.0268875453621
16 26 0 8 0.0268688555807
58 64 0 8 0.0268578194082
22 68 0 8 0.0268303323537
6 38 0 8 0.0267917402089
28 47 0 8 0.0267861578614
5 68 0 8 0.0267548374832
5 22 0 8 0.0267464891076
40 51 0 8 0.0267297942191
52 64 0 8 0.0266978554428
42 62 0 8 0.0266901254654
4 25 0 8 0.0266361963004
32 67 0 8 0.026529096067
7 49 0 8 0.026524933055
41 54 0 8 0.026501968503
37 63 0 8 0.0264368578792
20 50 0 8 0.0262953769416
16 67 0 8 0.0262399446219
8 63 0 8 0.026187447831
11 46 0 8 0.0261084977537
69 76 0 8 0.0259690955281
48 60 0 8 0.0259666722268
11 56 0 8 0.025950666517
11 52 0 8 0.0259169153869
14 77 0 8 0.0259106941521
30 63 0 8 0.0259008854628
16 19 0 8 0.0258671864867
48 66 0 8 0.0258575733751
34 47 0 8 0.0258423667401
19 59 0 8 0.0258252061903
6 63 0 8 0.0258003007621
14 40 0 8 0.0257995352149
16 57 0 8 0.0257762894034
28 41 0 8 0.0257552769035
66 74 0 8 0.0257046110928
38 45 0 8 0.0256525371224
13 39 0 8 0.0256475321949
3 74 0 8 0.0256425999105
41 77 0 8 0.0255143921822
14 33 0 8 0.0253940355033
50 65 0 8 0.0253270976245
6 32 0 8 0.0252295210958
7 50 0 8 0.0251851864159
21 62 0 8 0.02513647452
2 6 0 8 0.0251318011433
13 65 0 8 0.0250865928829
20 71 0 8 0.0249849595129
1 17 0 8 0.0249021314085
38 60 0 8 0.0248968750238
43 52 0 8 0.0248408392072
43 72 0 8 0.0248032584786
42 77 0 8 0.0247857794166
23 39 0 8 0.0246688649058
5 21 0 8 0.0246320534497
42 68 0 8 0.024629028514
11 40 0 8 0.0245908666402
43 73 0 8 0.0245835706592
3 23 0 8 0.0245105195791
19 40 0 8 0.0244693290442
34 48 0 8 0.0244397185743
43 56 0 8 0.024409390986
50 62 0 8 0.024396462366
5 74 0 8 0.0243798922747
17 33 0 8 0.0243700388819
36 57 0 8 0.0243669245392
32 72 0 8 0.0243244916201
45 72 0 8 0.024320717901
44 65 0 8 0.02430562675
10 49 0 8 0.0242815352976
6 40 0 8 0.0242750812322
3 24 0 8 0.0242406465113
19 55 0 8 0.0241975989193
13 36 0 8 0.0241676662117
19 69 0 8 0.0241670217365
26 68 0 8 0.0241470858455
10 41 0 8 0.0240703225136
20 45 0 8 0.0239598825574
18 60 0 8 0.0239519551396
10 45 0 8 0.0239499267191
20 64 0 8 0.023934988305
37 45 0 8 0.0239204782993
11 60 0 8 0.023909131065
14 74 0 8 0.0239084288478
3 11 0 8 0.0237614493817
17 37 0 8 0.02369309403
61 66 0 8 0.0236430577934
41 51 0 8 0.0236370228231
11 49 0 8 0.02363406308
47 71 0 8 0.0236251726747
9 74 0 8 0.0235944259912
51 62 0 8 0.0235323421657
7 38 0 8 0.0234890766442
6 22 0 8 0.0234837532043
49 73 0 8 0.0234591830522
21 48 0 8 0.0234281588346
43 77 0 8 0.023339767009
38 53 0 8 0.023269077763
18 65 0 8 0.0232647340745
32 63 0 8 0.0232469495386
10 69 0 8 0.023214250803
66 73 0 8 0.0231671333313
15 48 0 8 0.0231417771429
8 56 0 8 0.0231376271695
13 51 0 8 0.0231291037053
44 56 0 8 0.0231189895421
34 69 0 8 0.0230942126364
19 60 0 8 0.0230439510196
22 48 0 8 0.0230362284929
35 54 0 8 0.0230319090188
46 51 0 8 0.0230284649879
48 62 0 8 0.0230070017278
43 51 0 8 0.022962378338
40 56 0 8 0.022951811552
19 46 0 8 0.022912343964
70 76 0 8 0.0229052342474
4 32 0 8 0.0228879246861
47 59 0 8 0.0228024777025
6 46 0 8 0.0227947756648
16 56 0 8 0.0227788891643
36 67 0 8 0.022738866508
10 33 0 8 0.0227106772363
20 46 0 8 0.0226699393243
33 67 0 8 0.0226635280997
12 53 0 8 0.0226583052427
19 56 0 8 0.0226519238204
4 74 0 8 0.0226294100285
19 57 0 8 0.0225706044585
35 70 0 8 0.0225701741874
19 67 0 8 0.0225442200899
19 76 0 8 0.0225421562791
45 68 0 8 0.0225210953504
4 62 0 8 0.0225023180246
15 47 0 8 0.0224898885936
42 50 0 8 0.0224477387965
14 47 0 8 0.0223693642765
49 69 0 8 0.0223437789828
36 66 0 8 0.0223155524582
25 39 0 8 0.0222936049104
6 66 0 8 0.0222610812634
14 42 0 8 0.0222590528429
46 74 0 8 0.0222508609295
50 66 0 8 0.0222308840603
66 71 0 8 0.0222235992551
34 53 0 8 0.0222205743194
32 60 0 8 0.0222071819007
3 29 0 8 0.0221823714674
22 43 0 8 0.0221607498825
5 73 0 8 0.022158946842
4 67 0 8 0.0221565812826
18 38 0 8 0.0221534762532
19 50 0 8 0.0221430249512
29 40 0 8 0.0221379883587
4 36 0 8 0.0221274662763
7 65 0 8 0.0220921766013
11 28 0 8 0.0220576096326
5 41 0 8 0.0220558084548
45 74 0 8 0.0220398418605
42 74 0 8 0.0220046136528
46 72 0 8 0.0219972096384
17 46 0 8 0.0219945888966
7 45 0 8 0.0219870246947
7 73 0 8 0.0219779126346
29 46 0 8 0.0219530966133
6 67 0 8 0.021952200681
13 77 0 8 0.0219408944249
26 44 0 8 0.0219403002411
44 60 0 8 0.0218919441104
21 44 0 8 0.0218893978745
35 67 0 8 0.021825959906
40 46 0 8 0.0217816475779
4 73 0 8 0.0217536706477
8 36 0 8 0.0217457320541
4 46 0 8 0.0216908305883
17 55 0 8 0.0216806828976
20 75 0 8 0.0216592568904
15 74 0 8 0.0216526854783
32 41 0 8 0.0215745996684
3 40 0 8 0.0215723216534
38 48 0 8 0.0214971657842
11 71 0 8 0.0214967299253
14 76 0 8 0.0214902739972
15 57 0 8 0.0214883442968
19 52 0 8 0.0214727949351
40 55 0 8 0.0213856268674
7 56 0 8 0.0213612299412
4 9 0 8 0.0213241316378
10 73 0 8 0.021307002753
16 28 0 8 0.0213033929467
47 70 0 8 0.0212532375008
4 40 0 8 0.0212433021516
44 62 0 8 0.0212124641985
15 68 0 8 0.0211963690817
9 47 0 8 0.0211674459279
10 66 0 8 0.0211254674941
13 70 0 8 0.0211247466505
50 56 0 8 0.0210792627186
13 71 0 8 0.0210520531982
9 48 0 8 0.021047513932
47 60 0 8 0.0210371799767
47 65 0 8 0.0210320893675
65 74 0 8 0.0210047326982
8 46 0 8 0.0209893155843
12 72 0 8 0.0209830105305
40 47 0 8 0.0209608115256
37 67 0 8 0.0209581293166
58 70 0 8 0.0209569893777
38 63 0 8 0.0209533404559
48 57 0 8 0.0209504887462
44 55 0 8 0.0209440216422
16 61 0 8 0.0209127981216
6 12 0 8 0.0209106132388
7 22 0 8 0.0209063310176
7 36 0 8 0.0209039710462
3 25 0 8 0.0208643544465
70 77 0 8 0.0208608992398
22 53 0 8 0.0208267029375
35 72 0 8 0.0208039656281
20 61 0 8 0.0207777395844
13 68 0 8 0.0207724440843
15 38 0 8 0.0207626782358
45 69 0 8 0.0207408610731
4 38 0 8 0.02073097229
38 65 0 8 0.0207051355392
42 59 0 8 0.0206809248775
29 45 0 8 0.0206726547331
36 72 0 8 0.0206691585481
64 70 0 8 0.0206550881267
45 52 0 8 0.020644782111
39 54 0 8 0.020635664463
49 76 0 8 0.0205798111856
17 25 0 8 0.0205703601241
28 48 0 8 0.0205453783274
14 60 0 8 0.0205334126949
45 56 0 8 0.0205259229988
17 65 0 8 0.0205218829215
22 60 0 8 0.0205007493496
64 76 0 8 0.0204958431423
43 62 0 8 0.0204682871699
18 37 0 8 0.020468192175
11 38 0 8 0.0204607360065
6 28 0 8 0.0204468052834
18 32 0 8 0.0204358585179
35 73 0 8 0.0204303059727
39 53 0 8 0.0204235780984
14 55 0 8 0.0204101353884
47 55 0 8 0.0204063374549
43 74 0 8 0.0204039830714
63 74 0 8 0.0204027444124
21 64 0 8 0.0203967224807
12 55 0 8 0.020392568782
13 63 0 8 0.020377472043
50 70 0 8 0.0203772168607
6 21 0 8 0.0203734301031
52 60 0 8 0.0203594826162
51 64 0 8 0.0203536264598
18 75 0 8 0.0203198157251
43 60 0 8 0.0203072261065
45 65 0 8 0.0202811975032
14 58 0 8 0.0202618446201
21 56 0 8 0.0202504470944
35 60 0 8 0.0202493593097
40 54 0 8 0.0201917141676
63 73 0 8 0.0201575588435
71 76 0 8 0.0201350245625
51 71 0 8 0.0201119314879
13 64 0 8 0.0201117582619
28 67 0 8 0.0201033167541
14 54 0 8 0.0200911220163
8 52 0 8 0.0200749579817
8 20 0 8 0.0200586020947
33 52 0 8 0.0200547352433
13 37 0 8 0.0199922230095
11 69 0 8 0.019977485761
8 49 0 8 0.0199658572674
40 68 0 8 0.0199622195214
21 52 0 8 0.0199534408748
14 28 0 8 0.019926475361
6 65 0 8 0.0199205987155
28 44 0 8 0.0199074242264
1 5 0 8 0.0199016612023
2 23 0 8 0.019881285727
29 69 0 8 0.0198755804449
18 26 0 8 0.0198690202087
21 47 0 8 0.0198226142675
4 45 0 8 0.0198143366724
35 45 0 8 0.0198060646653
19 77 0 8 0.0197870358825
36 60 0 8 0.0197736117989
45 51 0 8 0.019757444039
26 53 0 8 0.0197547804564
28 65 0 8 0.0197345819324
22 65 0 8 0.0197253916413
10 46 0 8 0.0197239574045
32 56 0 8 0.0197079740465
34 42 0 8 0.0196866728365
32 73 0 8 0.0196866448969
16 46 0 8 0.0196646936238
19 27 0 8 0.0196481179446
36 61 0 8 0.01964574866
47 62 0 8 0.0196383707225
16 42 0 8 0.0196321569383
9 50 0 8 0.0196309648454
51 74 0 8 0.0195984113961
32 53 0 8 0.0195448119193
51 72 0 8 0.0195321887732
32 61 0 8 0.0195283126086
22 47 0 8 0.0195214878768
42 52 0 8 0.0195010863245
49 61 0 8 0.0194776002318
22 63 0 8 0.0194559190422
51 66 0 8 0.019451174885
51 70 0 8 0.0194503366947
4 12 0 8 0.0194355975837
36 76 0 8 0.0194051880389
13 54 0 8 0.0194024853408
46 52 0 8 0.0194012206048
13 40 0 8 0.0193873532116
35 55 0 8 0.019338849932
7 52 0 8 0.0193369369954
4 69 0 8 0.0193274077028
64 74 0 8 0.0193196237087
11 62 0 8 0.0193160735071
52 59 0 8 0.01930687204
8 40 0 8 0.0193006303161
45 55 0 8 0.0192994568497
3 28 0 8 0.0192992910743
21 73 0 8 0.0192979667336
33 57 0 8 0.0192913394421
30 44 0 8 0.0192707050592
4 42 0 8 0.0192610882223
52 62 0 8 0.0192607492208
15 60 0 8 0.0192421395332
30 38 0 8 0.0192354880273
35 74 0 8 0.0192273966968
21 74 0 8 0.0192151051015
49 63 0 8 0.0192054770887
32 38 0 8 0.0192036442459
33 65 0 8 0.019195208326
71 77 0 8 0.0191715639085
9 38 0 8 0.0191657412797
8 57 0 8 0.0191539693624
34 39 0 8 0.0191514268517
22 62 0 8 0.0191369839013
28 53 0 8 0.0191295873374
16 77 0 8 0.0191212631762
11 47 0 8 0.0191044081002
62 73 0 8 0.0191011745483
51 60 0 8 0.0191009938717
35 52 0 8 0.0190816354007
4 53 0 8 0.0190740209073
50 64 0 8 0.0190536174923
48 75 0 8 0.0190529488027
33 60 0 8 0.0190082173795
14 32 0 8 0.0189781393856
34 60 0 8 0.0189602579921
64 72 0 8 0.0189406760037
67 76 0 8 0.0189395155758
30 48 0 8 0.0189325045794
65 73 0 8 0.018932364881
33 45 0 8 0.0189211331308
8 72 0 8 0.0189203526825
11 73 0 8 0.0189096760005
34 72 0 8 0.018892865628
7 34 0 8 0.0188884865493
4 66 0 8 0.0188876334578
47 64 0 8 0.0188714396209
66 75 0 8 0.0188621766865
35 46 0 8 0.0188556946814
37 59 0 8 0.0188334640115
7 67 0 8 0.0188322179019
13 42 0 8 0.0188252851367
23 40 0 8 0.0188230071217
42 58 0 8 0.0188121441752
9 44 0 8 0.0188076123595
41 74 0 8 0.0187961328775
21 51 0 8 0.0187892336398
3 77 0 8 0.0187759865075
3 53 0 8 0.0187733732164
60 66 0 8 0.0187577661127
7 28 0 8 0.0187562908977
6 60 0 8 0.0187545847148
32 65 0 8 0.0187461413443
51 59 0 8 0.0187438782305
43 49 0 8 0.0187420528382
34 74 0 8 0.0187367275357
25 63 0 8 0.0187322739512
52 66 0 8 0.0187310948968
45 62 0 8 0.0187279284
12 49 0 8 0.0187244359404
46 63 0 8 0.0186964627355
24 53 0 8 0.0186926405877
15 73 0 8 0.0186879541725
44 67 0 8 0.0186737142503
64 77 0 8 0.0186671819538
18 77 0 8 0.0186645220965
44 69 0 8 0.0186641477048
20 38 0 8 0.0186580214649
39 52 0 8 0.0186295546591
12 50 0 8 0.0186149068177
8 39 0 8 0.018576586619
28 66 0 8 0.0185378603637
49 65 0 8 0.0185241885483
21 49 0 8 0.0185230653733
21 41 0 8 0.0185133293271
28 72 0 8 0.0185100361705
1 23 0 8 0.0184992980212
36 50 0 8 0.0184962730855
19 71 0 8 0.0184914078563
47 75 0 8 0.0184726584703
29 73 0 8 0.0184106808156
32 69 0 8 0.0183971207589
7 60 0 8 0.0183883234859
41 46 0 8 0.0183610077947
41 55 0 8 0.0183534957469
35 50 0 8 0.0183254256845
24 70 0 8 0.0183151960373
10 51 0 8 0.0183127131313
45 59 0 8 0.0183126609772
35 57 0 8 0.0183023829013
2 13 0 8 0.0182933211327
11 36 0 8 0.0182884819806
13 48 0 8 0.0182846337557
6 50 0 8 0.0182834025472
12 16 0 8 0.0182820837945
16 54 0 8 0.0182742383331
5 12 0 8 0.0182724744081
22 59 0 8 0.0182680543512
19 34 0 8 0.0182672888041
32 55 0 8 0.0182600840926
37 65 0 8 0.0182567127049
21 60 0 8 0.0182371269912
24 67 0 8 0.0182333029807
12 60 0 8 0.0182307586074
38 61 0 8 0.0182253904641
10 32 0 8 0.0181994196028
33 74 0 8 0.0181880611926
8 28 0 8 0.0181877929717
36 63 0 8 0.0181577689946
17 35 0 8 0.0181308872998
30 42 0 8 0.0181302968413
15 18 0 8 0.0181032046676
14 72 0 8 0.0181031413376
8 62 0 8 0.0181008316576
3 33 0 8 0.0180998872966
17 77 0 8 0.0180812478065
58 65 0 8 0.0180759094656
17 75 0 8 0.0180707480758
15 37 0 8 0.0180500950664
60 72 0 8 0.0180236399174
53 72 0 8 0.0180002208799
48 59 0 8 0.017990635708
14 51 0 8 0.0179861169308
22 56 0 8 0.0179611630738
17 56 0 8 0.0179598089308
55 70 0 8 0.0179414078593
36 58 0 8 0.0179322361946
19 75 0 8 0.0179038662463
8 55 0 8 0.0178896766156
21 29 0 8 0.0178841650486
11 66 0 8 0.0178714394569
25 44 0 8 0.0178665518761
7 64 0 8 0.0178411342204
50 72 0 8 0.0178287550807
4 65 0 8 0.0178209915757
2 77 0 8 0.0178033970296
53 58 0 8 0.0177978202701
67 75 0 8 0.0177908856422
15 44 0 8 0.0177895110101
49 60 0 8 0.0177650153637
13 74 0 8 0.0177269056439
3 46 0 8 0.0177248138934
8 73 0 8 0.0177199337631
6 69 0 8 0.0177190043032
22 39 0 8 0.0177024211735
2 74 0 8 0.0176633521914
20 39 0 8 0.0176500175148
6 71 0 8 0.0176315419376
9 39 0 8 0.0175905730575
15 50 0 8 0.0175822265446
9 37 0 8 0.0175783485174
8 69 0 8 0.0175598971546
64 73 0 8 0.0175581537187
15 67 0 8 0.0175501834601
14 38 0 8 0.0175434686244
12 56 0 8 0.0175409279764
25 43 0 8 0.0175382681191
3 73 0 8 0.0175194870681
3 76 0 8 0.0175045058131
45 73 0 8 0.0174880940467
9 41 0 8 0.0174748022109
13 69 0 8 0.0174628049135
44 71 0 8 0.0174435954541
32 57 0 8 0.0174401141703
46 77 0 8 0.0174279026687
5 33 0 8 0.0173980686814
48 70 0 8 0.0173797030002
3 36 0 8 0.0173783525825
6 55 0 8 0.0173769183457
40 61 0 8 0.0173750370741
58 71 0 8 0.0173452254385
29 62 0 8 0.0173443816602
4 60 0 8 0.0173377264291
10 37 0 8 0.0173224601895
36 65 0 8 0.0173033308238
43 59 0 8 0.0172968376428
18 76 0 8 0.0172807630152
20 40 0 8 0.017270732671
13 73 0 8 0.0172619223595
36 53 0 8 0.0172533821315
10 50 0 8 0.0171781573445
13 56 0 8 0.0171680171043
38 55 0 8 0.0171431005001
37 64 0 8 0.0171296000481
50 69 0 8 0.0171260517091
41 60 0 8 0.0171180609614
45 57 0 8 0.0170966126025
25 37 0 8 0.0170833226293
15 43 0 8 0.0170759204775
57 68 0 8 0.0170463714749
28 35 0 8 0.0170253235847
6 77 0 8 0.0170128066093
18 33 0 8 0.0169455874711
22 69 0 8 0.0169392246753
25 73 0 8 0.01693177782
21 70 0 8 0.0169291682541
46 55 0 8 0.0169243663549
6 51 0 8 0.0169155485928
34 57 0 8 0.0169128272682
6 62 0 8 0.0169115364552
1 6 0 8 0.0169054567814
63 77 0 8 0.0169011298567
38 64 0 8 0.0168940648437
33 51 0 8 0.016892876476
7 66 0 8 0.0168676320463
5 29 0 8 0.0168606676161
37 58 0 8 0.0168547015637
6 39 0 8 0.0168446451426
14 49 0 8 0.0168434213847
14 34 0 8 0.0168309193105
29 60 0 8 0.0168245825917
5 62 0 8 0.0168191175908
56 70 0 8 0.0168166588992
38 57 0 8 0.0168029293418
34 73 0 8 0.0167954247445
51 73 0 8 0.0167939439416
50 71 0 8 0.0167666282505
47 61 0 8 0.0167637765408
41 72 0 8 0.0167440511286
1 16 0 8 0.0167340692133
5 46 0 8 0.0167324841022
8 60 0 8 0.0167289618403
47 66 0 8 0.0167253389955
37 62 0 8 0.0167071875185
47 77 0 8 0.0166981481016
33 56 0 8 0.0166807696223
35 63 0 8 0.0166534017771
19 49 0 8 0.0166365187615
5 40 0 8 0.0166221633554
53 74 0 8 0.0166143625975
20 70 0 8 0.0166095197201
16 76 0 8 0.0166051015258
44 64 0 8 0.0165912955999
3 69 0 8 0.0165905933827
65 71 0 8 0.0165611505508
42 75 0 8 0.0165518727154
44 61 0 8 0.0165494345129
33 42 0 8 0.016547659412
18 67 0 8 0.016547255218
4 72 0 8 0.0165466964245
21 65 0 8 0.0165192037821
13 72 0 8 0.0165085159242
39 56 0 8 0.0165051016957
43 69 0 8 0.0165009070188
65 76 0 8 0.0164983682334
13 38 0 8 0.0164897534996
3 26 0 8 0.0164393931627
36 74 0 8 0.0164378732443
5 60 0 8 0.0164350830019
5 63 0 8 0.0164295881987
11 55 0 8 0.0164285395294
33 72 0 8 0.0164284240454
5 72 0 8 0.0164229851216
37 66 0 8 0.0164169482887
5 49 0 8 0.0164145678282
5 32 0 8 0.0164036620408
15 52 0 8 0.0164002552629
30 68 0 8 0.0163907893002
28 37 0 8 0.0163902044296
16 41 0 8 0.0163714513183
1 15 0 8 0.0163623318076
33 76 0 8 0.0163519587368
41 66 0 8 0.0163441225886
3 32 0 8 0.0163382124156
43 64 0 8 0.016338089481
11 57 0 8 0.0163120627403
10 75 0 8 0.0163056440651
50 63 0 8 0.0163055825979
8 65 0 8 0.0163053069264
11 37 0 8 0.0162979438901
36 64 0 8 0.0162894520909
3 35 0 8 0.0162751786411
18 69 0 8 0.0162226073444
21 46 0 8 0.0162225011736
12 58 0 8 0.016187608242
16 75 0 8 0.016171425581
41 64 0 8 0.0161614213139
1 77 0 8 0.0161449108273
38 59 0 8 0.0161402821541
4 75 0 8 0.0161387529224
40 58 0 8 0.0161268785596
40 48 0 8 0.016118073836
11 54 0 8 0.0160979647189
9 73 0 8 0.0160923842341
18 52 0 8 0.0160914715379
20 54 0 8 0.0160874314606
46 62 0 8 0.0160869415849
48 77 0 8 0.0160775315017
46 71 0 8 0.0160676091909
33 69 0 8 0.0160607192665
54 74 0 8 0.0160569455475
50 73 0 8 0.0160494968295
28 64 0 8 0.0160394981503
20 55 0 8 0.0160386264324
22 72 0 8 0.0160378813744
3 38 0 8 0.0160362031311
34 59 0 8 0.0160353444517
17 62 0 8 0.0160303805023
8 45 0 8 0.0160069540143
4 64 0 8 0.0159999467432
53 73 0 8 0.0159995723516
37 72 0 8 0.0159992799163
4 26 0 8 0.0159842409194
18 59 0 8 0.0159776210785
41 63 0 8 0.0159710850567
35 69 0 8 0.015951089561
4 76 0 8 0.0159206930548
20 56 0 8 0.0159183759242
19 54 0 8 0.0159175992012
15 54 0 8 0.0158989001065
9 67 0 8 0.015897937119
11 59 0 8 0.0158849321306
59 66 0 8 0.0158831216395
56 69 0 8 0.0158803854138
49 64 0 8 0.0158712286502
6 75 0 8 0.015865592286
52 73 0 8 0.0158324353397
46 64 0 8 0.0158280003816
34 63 0 8 0.0158223267645
9 72 0 8 0.0158169064671
2 75 0 8 0.0158141758293
3 42 0 8 0.0158141311258
17 24 0 8 0.015811579302
6 64 0 8 0.0158106666058
8 25 0 8 0.0158078242093
21 69 0 8 0.0157787706703
4 55 0 8 0.0157749485224
22 51 0 8 0.0157716106623
32 77 0 8 0.0157495606691
50 60 0 8 0.0157391633838
1 28 0 8 0.0157373677939
34 52 0 8 0.0157304778695
48 61 0 8 0.0157178211957
10 58 0 8 0.0157015137374
31 40 0 8 0.015686256811
62 74 0 8 0.0156751368195
11 67 0 8 0.0156722515821
24 68 0 8 0.015672121197
17 54 0 8 0.01566770114
43 76 0 8 0.0156659502536
7 59 0 8 0.0156584586948
35 64 0 8 0.0156582314521
40 77 0 8 0.0156369395554
29 51 0 8 0.0156261678785
34 51 0 8 0.0156149948016
43 66 0 8 0.0156111102551
33 54 0 8 0.0155925229192
3 72 0 8 0.0155857754871
9 29 0 8 0.0155746666715
25 67 0 8 0.01554097794
44 76 0 8 0.0155330561101
48 76 0 8 0.0155041506514
5 65 0 8 0.0154811674729
18 36 0 8 0.0154764885083
8 67 0 8 0.0154711911455
4 34 0 8 0.0154709238559
5 38 0 8 0.0154581014067
7 26 0 8 0.0154496133327
14 64 0 8 0.0154356779531
40 57 0 8 0.0154298748821
9 69 0 8 0.0153919775039
36 73 0 8 0.0153911039233
41 67 0 8 0.0153691517189
13 67 0 8 0.015363487415
3 67 0 8 0.0153460120782
19 58 0 8 0.0153446216136
5 37 0 8 0.0153232384473
12 39 0 8 0.0153232319281
43 55 0 8 0.0153165841475
1 46 0 8 0.0153129827231
44 77 0 8 0.0152802020311
47 76 0 8 0.0152668692172
11 61 0 8 0.0152595378458
30 53 0 8 0.0152518004179
5 55 0 8 0.015237105079
10 71 0 8 0.0152368405834
28 63 0 8 0.0152299096808
45 64 0 8 0.0152153195813
19 70 0 8 0.0152133973315
46 75 0 8 0.0152113474905
42 73 0 8 0.015208568424
4 56 0 8 0.0151908108965
11 58 0 8 0.0151868583634
7 75 0 8 0.0151815256104
4 77 0 8 0.0151593126357
7 57 0 8 0.0151588218287
21 63 0 8 0.0151420515031
16 59 0 8 0.0151310833171
29 56 0 8 0.0151281990111
15 56 0 8 0.0150931850076
7 25 0 8 0.0150930220261
39 61 0 8 0.0150886205956
46 76 0 8 0.0150842703879
46 60 0 8 0.0150705687702
25 53 0 8 0.0150541849434
18 57 0 8 0.0150217590854
2 47 0 8 0.0150005724281
42 69 0 8 0.0149977905676
25 36 0 8 0.0149893742055
21 77 0 8 0.0149878682569
52 74 0 8 0.0149816954508
3 63 0 8 0.0149632142857
20 59 0 8 0.0149597991258
7 77 0 8 0.0149528579786
15 58 0 8 0.0149452323094
10 70 0 8 0.0149431964383
45 54 0 8 0.0149358706549
10 77 0 8 0.0149287721142
7 61 0 8 0.0149073367938
32 42 0 8 0.0148855755106
41 62 0 8 0.0148782907054
25 72 0 8 0.014873245731
21 53 0 8 0.0148499142379
12 74 0 8 0.0148442862555
40 74 0 8 0.0148361017928
3 56 0 8 0.014831927605
34 66 0 8 0.0148274758831
1 74 0 8 0.0148272607476
5 69 0 8 0.0148031236604
8 77 0 8 0.0147991739213
23 69 0 8 0.0147922998294
10 67 0 8 0.0147916264832
35 58 0 8 0.0147902425379
4 54 0 8 0.0147696211934
35 61 0 8 0.0147663606331
14 39 0 8 0.014759411104
34 45 0 8 0.0147566786036
38 67 0 8 0.0147390039638
44 70 0 8 0.0147347245365
4 61 0 8 0.0147340055555
12 68 0 8 0.0147166550159
18 61 0 8 0.01471497491
3 55 0 8 0.0147080142051
44 54 0 8 0.0146971344948
15 36 0 8 0.014691860415
8 64 0 8 0.0146847171709
38 74 0 8 0.0146725587547
24 48 0 8 0.0146592110395
11 70 0 8 0.014633666724
62 72 0 8 0.0146087426692
23 48 0 8 0.0146049465984
5 71 0 8 0.0145766045898
13 76 0 8 0.014573296532
7 55 0 8 0.0145722841844
17 49 0 8 0.0145543469116
8 54 0 8 0.0145486714318
5 42 0 8 0.0145255085081
33 62 0 8 0.0145235424861
16 25 0 8 0.0145186977461
13 45 0 8 0.014512244612
44 57 0 8 0.0145113104954
6 61 0 8 0.0144918486476
3 45 0 8 0.0144851617515
3 75 0 8 0.0144794108346
9 19 0 8 0.0144665976986
37 61 0 8 0.0144512811676
47 58 0 8 0.0144360233098
40 60 0 8 0.0144253280014
34 46 0 8 0.0144093036652
11 50 0 8 0.0144037110731
5 35 0 8 0.0144013892859
14 65 0 8 0.0143965920433
10 34 0 8 0.0143652912229
46 57 0 8 0.0143646365032
2 76 0 8 0.0143572865054
22 58 0 8 0.0143516743556
7 39 0 8 0.0143468379974
41 61 0 8 0.0143442088738
43 61 0 8 0.0143346851692
16 51 0 8 0.0143336141482
5 45 0 8 0.014333082363
49 62 0 8 0.0143172061071
2 46 0 8 0.0142916981131
37 74 0 8 0.0142837539315
33 39 0 8 0.0142828272656
35 59 0 8 0.0142764169723
38 72 0 8 0.0142758795992
14 70 0 8 0.0142601542175
49 66 0 8 0.0142432851717
33 77 0 8 0.0142219979316
52 57 0 8 0.0142165236175
42 67 0 8 0.0142024569213
6 25 0 8 0.0141964033246
51 61 0 8 0.0141943143681
38 62 0 8 0.0141933402047
44 59 0 8 0.0141922263429
32 46 0 8 0.014184189029
27 62 0 8 0.0141613781452
61 74 0 8 0.0141324624419
61 73 0 8 0.0141291543841
53 77 0 8 0.0141288749874
20 57 0 8 0.0141269024462
32 74 0 8 0.0141203757375
10 39 0 8 0.0141171766445
15 76 0 8 0.014095723629
18 46 0 8 0.0140917943791
8 59 0 8 0.0140831982717
41 65 0 8 0.0140680307522
21 71 0 8 0.0140663776547
55 74 0 8 0.0140651669353
22 50 0 8 0.0140645923093
17 41 0 8 0.0140560911968
33 70 0 8 0.0140535272658
15 42 0 8 0.0140404514968
48 71 0 8 0.014031345956
50 74 0 8 0.0140304090455
41 69 0 8 0.0140144350007
5 66 0 8 0.0140116680413
23 37 0 8 0.0139944050461
13 17 0 8 0.0139938723296
50 59 0 8 0.0139898331836
9 60 0 8 0.0139849791303
52 61 0 8 0.0139686558396
24 65 0 8 0.0139664299786
37 73 0 8 0.0139549169689
53 71 0 8 0.0139473993331
54 73 0 8 0.0139421205968
17 52 0 8 0.0139384828508
12 69 0 8 0.0139316301793
28 74 0 8 0.0139120770618
21 66 0 8 0.0138975027949
6 58 0 8 0.0138846682385
5 61 0 8 0.0138833886012
41 50 0 8 0.0138827161863
59 72 0 8 0.0138742448762
41 73 0 8 0.0138737820089
1 67 0 8 0.0138725424185
5 77 0 8 0.0138655314222
45 66 0 8 0.0138569092378
35 77 0 8 0.0138542568311
42 60 0 8 0.0138460248709
40 64 0 8 0.0138375638053
5 36 0 8 0.0138330021873
17 30 0 8 0.0138285737485
9 66 0 8 0.013824686408
45 75 0 8 0.0138234309852
9 77 0 8 0.013786544092
52 77 0 8 0.0137843657285
24 43 0 8 0.0137761160731
65 75 0 8 0.0137688368559
22 73 0 8 0.0137523282319
17 70 0 8 0.0137317068875
2 73 0 8 0.0137313511223
40 65 0 8 0.0136872623116
9 49 0 8 0.0136847654358
25 55 0 8 0.0136570669711
6 76 0 8 0.0136408573017
33 58 0 8 0.013635577634
50 61 0 8 0.0136262634769
4 50 0 8 0.0136235272512
56 72 0 8 0.0136232255027
21 59 0 8 0.013613271527
32 59 0 8 0.013585601002
60 68 0 8 0.0135794673115
12 57 0 8 0.0135725196451
3 9 0 8 0.0135676618665
13 34 0 8 0.0135606825352
8 61 0 8 0.013559547253
38 46 0 8 0.0135579453781
6 49 0 8 0.0135467005894
36 69 0 8 0.0135451788083
35 62 0 8 0.0135441338643
39 51 0 8 0.0135392481461
1 13 0 8 0.013527719304
35 71 0 8 0.0135034145787
21 55 0 8 0.0134923849255
32 58 0 8 0.0134894335642
34 58 0 8 0.0134868137538
22 71 0 8 0.0134814288467
2 25 0 8 0.0134750753641
12 67 0 8 0.0134715456516
23 67 0 8 0.01345944684
33 66 0 8 0.0134437149391
11 77 0 8 0.0134356673807
16 30 0 8 0.0134288733825
2 41 0 8 0.0134278628975
7 71 0 8 0.013427673839
60 74 0 8 0.0134261883795
26 67 0 8 0.013425424695
18 55 0 8 0.01341708377
47 57 0 8 0.013411803171
45 61 0 8 0.013406666927
33 64 0 8 0.0133952936158
6 57 0 8 0.0133930630982
41 59 0 8 0.013390221633
13 61 0 8 0.0133744003251
31 56 0 8 0.0133729921654
35 66 0 8 0.0133684435859
10 55 0 8 0.0133530683815
43 54 0 8 0.0133511899039
45 71 0 8 0.0133390231058
24 44 0 8 0.0133235678077
9 59 0 8 0.0133230974898
17 36 0 8 0.0133220572025
9 20 0 8 0.0133209349588
42 76 0 8 0.0133184595034
34 54 0 8 0.0132991056889
3 65 0 8 0.0132917556912
8 66 0 8 0.013289985247
30 60 0 8 0.0132887354121
9 35 0 8 0.0132870534435
5 67 0 8 0.0132865346968
41 57 0 8 0.013272463344
10 28 0 8 0.0132680237293
34 75 0 8 0.0132568608969
28 73 0 8 0.0132566979155
52 70 0 8 0.0132464608178
25 48 0 8 0.0132456999272
33 40 0 8 0.0132421730086
22 55 0 8 0.0132341375574
13 44 0 8 0.0132174286991
25 40 0 8 0.013203734532
5 39 0 8 0.0131824910641
37 69 0 8 0.0131808659062
21 27 0 8 0.0131805920973
37 52 0 8 0.0131679773331
41 75 0 8 0.0131595525891
46 56 0 8 0.0131568098441
17 51 0 8 0.0131539935246
49 71 0 8 0.0131474584341
35 49 0 8 0.0131290415302
31 38 0 8 0.0131279909983
1 76 0 8 0.0131100565195
30 58 0 8 0.0131070157513
23 42 0 8 0.0130934156477
2 44 0 8 0.0130928112194
9 62 0 8 0.0130744827911
29 72 0 8 0.013074439019
16 58 0 8 0.0130677707493
12 36 0 8 0.0130650959909
57 72 0 8 0.0130594596267
63 75 0 8 0.0130508821458
66 76 0 8 0.0130338547751
1 35 0 8 0.0130227813497
24 40 0 8 0.0130195580423
11 65 0 8 0.0130179040134
31 43 0 8 0.01301213447
40 59 0 8 0.0130103100091
22 37 0 8 0.0130073949695
20 77 0 8 0.0129546523094
2 24 0 8 0.0129539938644
15 70 0 8 0.0129362214357
34 50 0 8 0.0129320016131
51 57 0 8 0.012912588194
2 68 0 8 0.0128876687959
9 71 0 8 0.0128828175366
12 70 0 8 0.0128791909665
5 24 0 8 0.0128780277446
10 59 0 8 0.0128713361919
30 40 0 8 0.0128676174209
33 75 0 8 0.012866823934
16 65 0 8 0.0128525029868
8 76 0 8 0.0128522850573
15 39 0 8 0.0128374891356
18 50 0 8 0.0128272809088
18 40 0 8 0.0128067499027
24 73 0 8 0.0128059964627
64 75 0 8 0.0128054600209
37 70 0 8 0.0128043387085
7 76 0 8 0.0128005547449
6 59 0 8 0.0127975242212
1 36 0 8 0.0127908447757
13 52 0 8 0.0127884056419
15 29 0 8 0.0127788083628
23 51 0 8 0.0127662532032
1 75 0 8 0.0127636753023
3 50 0 8 0.0127619868144
31 68 0 8 0.0127545455471
21 67 0 8 0.0127278119326
39 67 0 8 0.0127108069137
43 58 0 8 0.0126975169405
15 65 0 8 0.0126902740449
6 56 0 8 0.012668158859
21 45 0 8 0.0126648247242
42 65 0 8 0.0126476632431
1 14 0 8 0.0126385446638
1 25 0 8 0.0126305259764
39 72 0 8 0.0126164406538
31 63 0 8 0.0126072485
29 54 0 8 0.0126058831811
31 42 0 8 0.0125872129574
4 59 0 8 0.0125800911337
40 76 0 8 0.0125682735816
26 36 0 8 0.0125336255878
28 69 0 8 0.0125307049602
39 68 0 8 0.0125206727535
15 69 0 8 0.0125082563609
5 52 0 8 0.0125016849488
5 59 0 8 0.012498983182
41 76 0 8 0.0124880475923
3 39 0 8 0.0124722849578
15 59 0 8 0.0124681759626
4 27 0 8 0.012465832755
13 47 0 8 0.0124392751604
4 39 0 8 0.0124235926196
46 61 0 8 0.0124185215682
2 45 0 8 0.0124132884666
6 23 0 8 0.0123856626451
46 65 0 8 0.0123765785247
16 32 0 8 0.0123620042577
56 74 0 8 0.0123614100739
24 55 0 8 0.0123585928231
44 75 0 8 0.012350465171
63 71 0 8 0.0123353917152
24 74 0 8 0.0123311923817
26 42 0 8 0.0123306689784
3 60 0 8 0.012326692231
55 69 0 8 0.0123207308352
34 77 0 8 0.0123134572059
40 62 0 8 0.0123108997941
46 54 0 8 0.0123081635684
8 75 0 8 0.0123043507338
34 67 0 8 0.0123000973836
29 50 0 8 0.0122982207686
37 50 0 8 0.0122921690345
16 70 0 8 0.0122888814658
49 70 0 8 0.0122559517622
5 75 0 8 0.0122492751107
39 64 0 8 0.0122343413532
32 64 0 8 0.0122278537601
13 66 0 8 0.0122266337276
14 75 0 8 0.0122220795602
12 38 0 8 0.0122124291956
23 43 0 8 0.0122088054195
10 61 0 8 0.0121955350041
12 59 0 8 0.0121758924797
1 27 0 8 0.0121671557426
21 50 0 8 0.0121501339599
21 38 0 8 0.0121372640133
49 77 0 8 0.0121316509321
2 28 0 8 0.0121276108548
43 70 0 8 0.0121230417863
36 77 0 8 0.0121119339019
24 46 0 8 0.0120812542737
18 39 0 8 0.0120542282239
46 67 0 8 0.0120479324833
1 69 0 8 0.0120145259425
11 18 0 8 0.0120003828779
1 68 0 8 0.0119954887778
14 36 0 8 0.0119944484904
2 70 0 8 0.0119866421446
16 55 0 8 0.0119728762656
42 72 0 8 0.0119726341218
3 64 0 8 0.0119651220739
8 70 0 8 0.0119632454589
9 63 0 8 0.0119541343302
39 45 0 8 0.0119513077661
42 56 0 8 0.0119506772608
2 67 0 8 0.0119485445321
20 58 0 8 0.0119455996901
46 69 0 8 0.0119418632239
11 25 0 8 0.0119402715936
1 26 0 8 0.0119280479848
26 48 0 8 0.0119236931205
4 49 0 8 0.0119233448058
10 36 0 8 0.0119196036831
12 48 0 8 0.0119190420955
61 67 0 8 0.0119140008464
2 48 0 8 0.0119128106162
38 58 0 8 0.0119106769562
12 41 0 8 0.0119061833248
3 27 0 8 0.0118916239589
49 59 0 8 0.0118890684098
29 61 0 8 0.011887287721
36 71 0 8 0.0118834469467
1 73 0 8 0.0118803950027
25 66 0 8 0.0118800150231
39 47 0 8 0.0118787102401
38 73 0 8 0.011870955117
10 65 0 8 0.0118695292622
24 60 0 8 0.0118645587936
16 64 0 8 0.0118498811498
2 42 0 8 0.0118453092873
12 73 0 8 0.0118449078873
9 58 0 8 0.0118282428011
1 24 0 8 0.0118146510795
34 64 0 8 0.0117993960157
58 72 0 8 0.0117912143469
6 52 0 8 0.0117894262075
3 49 0 8 0.0117816505954
7 54 0 8 0.011762057431
34 62 0 8 0.0117593314499
39 59 0 8 0.0117540732026
32 39 0 8 0.0117538794875
25 42 0 8 0.011737562716
27 37 0 8 0.0117247924209
22 74 0 8 0.0117134926841
22 46 0 8 0.0117107722908
23 44 0 8 0.0117058120668
9 32 0 8 0.0116910971701
39 74 0 8 0.0116723962128
1 72 0 8 0.0116446446627
3 66 0 8 0.0116401948035
45 77 0 8 0.0116378683597
32 66 0 8 0.0116347968578
2 69 0 8 0.0116328233853
34 76 0 8 0.01163241826
28 56 0 8 0.0116241211072
22 64 0 8 0.0116217266768
6 26 0 8 0.0116116963327
10 18 0 8 0.0116112418473
18 71 0 8 0.0115960771218
11 39 0 8 0.0115959411487
26 40 0 8 0.0115942843258
15 46 0 8 0.0115923890844
57 74 0 8 0.0115916077048
39 77 0 8 0.0115809859708
24 47 0 8 0.0115730091929
28 62 0 8 0.0115261720493
21 58 0 8 0.0115139111876
61 68 0 8 0.0115077802911
54 77 0 8 0.0115060657263
23 49 0 8 0.011468488723
46 58 0 8 0.0114656668156
8 34 0 8 0.0114478673786
13 29 0 8 0.0114435087889
2 71 0 8 0.0114384330809
40 72 0 8 0.0114019503817
42 61 0 8 0.0113991014659
11 75 0 8 0.0113980751485
12 43 0 8 0.0113711981103
10 64 0 8 0.0113449189812
10 57 0 8 0.0113437902182
15 51 0 8 0.0113304667175
31 47 0 8 0.0113070458174
20 27 0 8 0.0113064162433
45 58 0 8 0.0113014336675
21 76 0 8 0.0112984301522
2 72 0 8 0.0112950904295
51 77 0 8 0.0112924491987
2 26 0 8 0.0112900752574
5 76 0 8 0.0112752132118
1 65 0 8 0.0112745640799
4 51 0 8 0.0112731289119
5 34 0 8 0.0112672364339
17 57 0 8 0.0112666413188
21 28 0 8 0.0112558798864
15 63 0 8 0.0112542025745
18 70 0 8 0.0112497517839
17 23 0 8 0.0112400818616
53 76 0 8 0.0112101212144
2 43 0 8 0.0111743528396
45 67 0 8 0.011166610755
1 41 0 8 0.0111457789317
2 36 0 8 0.0111268917099
33 55 0 8 0.0111243315041
12 71 0 8 0.01112289913
11 31 0 8 0.0110620101914
2 39 0 8 0.0110599547625
2 38 0 8 0.0110538275912
34 49 0 8 0.0110504766926
34 65 0 8 0.0110299596563
13 75 0 8 0.011029491201
23 53 0 8 0.0110270157456
2 37 0 8 0.0110212350264
25 69 0 8 0.0110144792125
17 76 0 8 0.011013337411
39 50 0 8 0.0110079683363
5 50 0 8 0.0109846945852
13 35 0 8 0.0109783038497
18 66 0 8 0.0109762996435
4 52 0 8 0.0109742665663
5 64 0 8 0.010968693532
50 57 0 8 0.0109681608155
23 38 0 8 0.0109533611685
38 77 0 8 0.0109332166612
4 30 0 8 0.0109195047989
3 70 0 8 0.0109158335254
30 73 0 8 0.0109124360606
36 70 0 8 0.0109113557264
32 45 0 8 0.0108997216448
37 77 0 8 0.0108822351322
9 52 0 8 0.0108771193773
18 58 0 8 0.0108342533931
1 70 0 8 0.0108189536259
29 55 0 8 0.0108139235526
18 34 0 8 0.0108129791915
30 57 0 8 0.0108100427315
10 31 0 8 0.0108093228191
45 70 0 8 0.0107984328642
9 61 0 8 0.0107908463106
9 75 0 8 0.0107781793922
17 64 0 8 0.0107417218387
53 75 0 8 0.010735983029
12 33 0 8 0.0107316281646
52 58 0 8 0.0107273058966
5 56 0 8 0.0107261165977
2 49 0 8 0.01070981659
28 61 0 8 0.0107042044401
34 71 0 8 0.01070415508
55 77 0 8 0.0106998281553
42 55 0 8 0.0106784831733
31 44 0 8 0.0106720319018
4 57 0 8 0.0106695806608
32 51 0 8 0.010651496239
21 57 0 8 0.0106458794326
42 66 0 8 0.0106380069628
16 34 0 8 0.0106355529279
2 35 0 8 0.0105869537219
23 55 0 8 0.0105716353282
29 39 0 8 0.0105515597388
17 22 0 8 0.0105511564761
40 71 0 8 0.0105349300429
24 72 0 8 0.0105256633833
15 64 0 8 0.0105238417163
39 75 0 8 0.0105068339035
40 70 0 8 0.0104782339185
26 61 0 8 0.0104599706829
3 57 0 8 0.0104366121814
42 54 0 8 0.0104355886579
5 57 0 8 0.0104220407084
18 49 0 8 0.0104194395244
23 60 0 8 0.0104165682569
2 12 0 8 0.010414573364
26 60 0 8 0.0104069588706
22 45 0 8 0.0103909028694
32 50 0 8 0.0103824967518
11 27 0 8 0.0103550031781
40 66 0 8 0.0103513589129
24 51 0 8 0.0103500261903
25 65 0 8 0.0103209614754
15 28 0 8 0.0103126689792
23 47 0 8 0.0102925747633
15 61 0 8 0.0102780954912
7 70 0 8 0.0102757234126
15 72 0 8 0.0102528883144
22 52 0 8 0.0102492794394
2 27 0 8 0.0102476254106
48 58 0 8 0.0102460002527
1 45 0 8 0.0102189173922
33 50 0 8 0.010213102214
29 57 0 8 0.0102113680914
2 40 0 8 0.0102038132027
9 70 0 8 0.0102016180754
46 70 0 8 0.0101926270872
1 38 0 8 0.0101655935869
42 70 0 8 0.0101285856217
1 66 0 8 0.0101280258968
56 73 0 8 0.0101217124611
30 59 0 8 0.0101055298001
14 61 0 8 0.0101047763601
54 75 0 8 0.0100947264582
7 30 0 8 0.0100766168907
5 23 0 8 0.0100622717291
3 34 0 8 0.0100547559559
59 71 0 8 0.0100421952084
28 77 0 8 0.0100239943713
49 58 0 8 0.0100202569738
34 61 0 8 0.0100196795538
23 41 0 8 0.0100075881928
15 33 0 8 0.0100059919059
17 39 0 8 0.00999761465937
30 66 0 8 0.00998782645911
35 51 0 8 0.0099853426218
13 43 0 8 0.00997721869498
32 40 0 8 0.00997513812035
3 62 0 8 0.00997358281165
6 24 0 8 0.00997307989746
6 70 0 8 0.00996586028486
24 66 0 8 0.00995918177068
23 56 0 8 0.00995728652924
42 57 0 8 0.0099458899349
30 56 0 8 0.00992901902646
37 75 0 8 0.0099250683561
1 48 0 8 0.0099236574024
19 36 0 8 0.00992004107684
35 75 0 8 0.00991642754525
33 61 0 8 0.00991479307413
24 63 0 8 0.00990439299494
10 54 0 8 0.00988761056215
13 32 0 8 0.00988063961267
43 75 0 8 0.00986733473837
9 64 0 8 0.0098542291671
28 38 0 8 0.00984490010887
30 67 0 8 0.00982865411788
24 35 0 8 0.00982674676925
9 76 0 8 0.00982073601335
20 76 0 8 0.00978693459183
3 12 0 8 0.00978644564748
29 70 0 8 0.00978601537645
18 54 0 8 0.00977403204888
40 73 0 8 0.00976225640625
29 49 0 8 0.00975402258337
25 56 0 8 0.00974203273654
17 61 0 8 0.00974146649241
23 59 0 8 0.00969443097711
5 28 0 8 0.00967259984463
1 34 0 8 0.00966831762344
49 57 0 8 0.00965763069689
39 66 0 8 0.00964976102114
39 60 0 8 0.00964937824756
2 60 0 8 0.00964074302465
25 60 0 8 0.00963156390935
50 75 0 8 0.00962612219155
39 76 0 8 0.00961544364691
15 32 0 8 0.00960775464773
36 49 0 8 0.00960619468242
12 75 0 8 0.00960393995047
12 51 0 8 0.0095887798816
9 56 0 8 0.00955363083631
22 49 0 8 0.00953263789415
28 42 0 8 0.0095234522596
28 46 0 8 0.00952072255313
29 52 0 8 0.00951896049082
10 76 0 8 0.00951204821467
27 46 0 8 0.00950882770121
5 58 0 8 0.00948891788721
56 75 0 8 0.00947497598827
37 51 0 8 0.00945689436048
4 58 0 8 0.00943453330547
63 70 0 8 0.00943385623395
24 59 0 8 0.00940865650773
57 77 0 8 0.00940046831965
40 69 0 8 0.00939496885985
55 73 0 8 0.0093944137916
3 58 0 8 0.00934103410691
50 77 0 8 0.00932877976447
12 77 0 8 0.00932481978089
22 54 0 8 0.00932415854186
31 39 0 8 0.00931969750673
9 51 0 8 0.00930832885206
16 20 0 8 0.00930606853217
1 71 0 8 0.0093054221943
9 45 0 8 0.00930247269571
6 54 0 8 0.00929076876491
54 72 0 8 0.00928977224976
25 62 0 8 0.00927245803177
27 61 0 8 0.00926577206701
1 40 0 8 0.00924799125642
13 49 0 8 0.00922952312976
51 58 0 8 0.00922567024827
25 30 0 8 0.00919028930366
33 71 0 8 0.00915095210075
57 69 0 8 0.00914894603193
51 75 0 8 0.00914882961661
38 75 0 8 0.00912609882653
25 59 0 8 0.00912428367883
42 71 0 8 0.00911364983767
37 49 0 8 0.00909775681794
2 66 0 8 0.00908575858921
45 76 0 8 0.0090566072613
38 51 0 8 0.0090553406626
26 66 0 8 0.00905514881015
7 58 0 8 0.00904578715563
2 65 0 8 0.00902348104864
30 39 0 8 0.00902340468019
23 63 0 8 0.00901107769459
23 58 0 8 0.00900295190513
25 47 0 8 0.00900282058865
1 44 0 8 0.00900206808001
25 74 0 8 0.00899423100054
39 62 0 8 0.00899389572442
32 76 0 8 0.00899007450789
15 62 0 8 0.0089851571247
39 57 0 8 0.00897211488336
12 37 0 8 0.00896890088916
33 49 0 8 0.00896362122148
31 74 0 8 0.00893836840987
61 72 0 8 0.00893680658191
31 52 0 8 0.00892803445458
16 36 0 8 0.00892766658217
17 38 0 8 0.00892224349082
58 67 0 8 0.00890996493399
23 72 0 8 0.0088995154947
25 52 0 8 0.00889911968261
17 60 0 8 0.00887972302735
31 67 0 8 0.00887833442539
60 67 0 8 0.00886873994023
12 64 0 8 0.00884945038706
3 59 0 8 0.00884874723852
18 27 0 8 0.00880145654082
21 54 0 8 0.00879404228181
7 21 0 8 0.00878144521266
30 77 0 8 0.00877164304256
36 75 0 8 0.00876181852072
30 61 0 8 0.00869476050138
3 61 0 8 0.00868686940521
2 29 0 8 0.00867619458586
1 37 0 8 0.00867514498532
1 29 0 8 0.00866938196123
8 58 0 8 0.00866230670363
15 35 0 8 0.00865905638784
26 73 0 8 0.00862651411444
2 64 0 8 0.00862123072147
59 67 0 8 0.00858537200838
13 33 0 8 0.00858184229583
31 51 0 8 0.00856080744416
23 62 0 8 0.00855504628271
40 50 0 8 0.00854197144508
24 56 0 8 0.00852399598807
41 58 0 8 0.00851640664041
30 47 0 8 0.00850870832801
9 55 0 8 0.00849487725645
57 73 0 8 0.00848932750523
24 52 0 8 0.00847964920104
12 40 0 8 0.00846636109054
46 66 0 8 0.00845846626908
25 51 0 8 0.00843007210642
29 76 0 8 0.00842966511846
13 46 0 8 0.00841458048671
39 46 0 8 0.00839977711439
23 46 0 8 0.00837178435177
2 34 0 8 0.00836443994194
24 42 0 8 0.0083561623469
23 68 0 8 0.00835586152971
28 75 0 8 0.00834760349244
23 75 0 8 0.00833737943321
15 71 0 8 0.00833133701235
8 71 0 8 0.00831629708409
43 71 0 8 0.00831591617316
43 57 0 8 0.00830935593694
9 33 0 8 0.00827726814896
12 44 0 8 0.00827647745609
24 41 0 8 0.00827052257955
2 56 0 8 0.00825661048293
26 69 0 8 0.00822888035327
30 64 0 8 0.0082255769521
1 64 0 8 0.00822397042066
1 42 0 8 0.00822238717228
22 38 0 8 0.00820656493306
28 34 0 8 0.00820095837116
22 77 0 8 0.00820068269968
8 26 0 8 0.00818449538201
16 60 0 8 0.00818113610148
31 77 0 8 0.00817852839828
31 62 0 8 0.00817519519478
3 71 0 8 0.0081590693444
38 76 0 8 0.0081499973312
31 70 0 8 0.00814422592521
34 70 0 8 0.00812941044569
24 61 0 8 0.00812469329685
63 76 0 8 0.00811996124685
31 61 0 8 0.00811653956771
31 73 0 8 0.00810033641756
2 11 0 8 0.00808040332049
62 69 0 8 0.00806991104037
3 51 0 8 0.00806721393019
27 73 0 8 0.00804974883795
4 71 0 8 0.00804146379232
13 62 0 8 0.00803563091904
31 54 0 8 0.00802654121071
60 71 0 8 0.00799821037799
11 76 0 8 0.00798979774117
15 26 0 8 0.00798635836691
31 69 0 8 0.00798621959984
25 75 0 8 0.00796581432223
1 30 0 8 0.00795535091311
29 58 0 8 0.00794616900384
9 36 0 8 0.00794536899775
21 75 0 8 0.00794180948287
2 57 0 8 0.00794042740017
5 25 0 8 0.00793917290866
4 70 0 8 0.00792949739844
36 51 0 8 0.00791775714606
57 75 0 8 0.00789953675121
39 65 0 8 0.00789443776011
22 66 0 8 0.00788515526801
25 54 0 8 0.00787461642176
24 62 0 8 0.00785046070814
35 76 0 8 0.00784832146019
2 61 0 8 0.0078405700624
39 70 0 8 0.00782873760909
41 70 0 8 0.0078187668696
5 54 0 8 0.00781595520675
1 33 0 8 0.0078115821816
39 48 0 8 0.00778128765523
25 64 0 8 0.00777637725696
5 70 0 8 0.00775833008811
31 65 0 8 0.00773546099663
28 60 0 8 0.00771711301059
42 64 0 8 0.00771386781707
23 70 0 8 0.00769656524062
16 50 0 8 0.00769344810396
16 38 0 8 0.00769012141973
27 68 0 8 0.00767394993454
13 28 0 8 0.0076628793031
52 76 0 8 0.00765472883359
1 47 0 8 0.00765249785036
9 34 0 8 0.00764557719231
39 73 0 8 0.00762720638886
30 74 0 8 0.00762111647055
12 28 0 8 0.00761253805831
26 47 0 8 0.0075958808884
26 63 0 8 0.00756838591769
50 76 0 8 0.00756753748283
22 70 0 8 0.00753481825814
8 30 0 8 0.00752463750541
1 43 0 8 0.00751405814663
23 73 0 8 0.00751034682617
3 54 0 8 0.00750219030306
12 35 0 8 0.0074995206669
4 31 0 8 0.00749087240547
1 39 0 8 0.00746762054041
22 57 0 8 0.00744586996734
1 7 0 8 0.00742154149339
56 77 0 8 0.00741828605533
31 53 0 8 0.00741747813299
9 28 0 8 0.00741558987647
23 65 0 8 0.00740110501647
14 50 0 8 0.0073796864599
3 52 0 8 0.00735926022753
28 59 0 8 0.00734477303922
2 59 0 8 0.00732664112002
24 50 0 8 0.0073045482859
28 51 0 8 0.007296171505
1 61 0 8 0.0072866869159
31 72 0 8 0.00728286942467
27 54 0 8 0.00727995019406
16 49 0 8 0.00727589195594
17 59 0 8 0.00725175673142
25 45 0 8 0.00724147632718
7 31 0 8 0.00723722623661
9 65 0 8 0.00723577057943
5 26 0 8 0.00722928252071
9 54 0 8 0.00722764339298
30 51 0 8 0.00721700349823
37 76 0 8 0.00721286702901
2 62 0 8 0.00719428900629
9 57 0 8 0.00719122029841
38 49 0 8 0.00716147664934
16 27 0 8 0.00715374713764
27 38 0 8 0.00712319556624
38 71 0 8 0.0071179298684
16 39 0 8 0.00711624510586
41 49 0 8 0.00711425114423
10 19 0 8 0.00711079221219
31 66 0 8 0.0071078306064
6 30 0 8 0.00709254899994
12 45 0 8 0.00708254892379
10 25 0 8 0.00707820104435
20 35 0 8 0.00706646125764
12 47 0 8 0.00705301435664
54 76 0 8 0.00704711582512
12 52 0 8 0.00704081589356
32 54 0 8 0.00703074131161
28 54 0 8 0.00702895782888
24 71 0 8 0.00700424006209
24 75 0 8 0.00699437316507
14 30 0 8 0.00697653833777
23 74 0 8 0.00696562882513
11 30 0 8 0.00696199852973
2 8 0 8 0.00694276252761
27 66 0 8 0.00693899951875
31 48 0 8 0.00693072099239
38 70 0 8 0.00692030182108
13 27 0 8 0.00691209174693
5 51 0 8 0.00690839672461
55 75 0 8 0.0068917684257
25 61 0 8 0.00688828714192
31 60 0 8 0.00688333716244
1 57 0 8 0.00687756715342
2 58 0 8 0.00685941707343
1 60 0 8 0.00685237813741
16 24 0 8 0.00684268213809
27 35 0 8 0.00684083206579
59 73 0 8 0.00683427182958
61 75 0 8 0.00680286483839
19 35 0 8 0.00679728994146
62 77 0 8 0.00678526097909
58 66 0 8 0.0067589734681
29 59 0 8 0.00675042578951
21 37 0 8 0.00674473401159
26 62 0 8 0.00674433773383
23 61 0 8 0.0067418566905
51 76 0 8 0.00671401200816
7 24 0 8 0.00670374557376
61 77 0 8 0.00669670989737
8 27 0 8 0.00669312011451
60 73 0 8 0.00665390305221
22 75 0 8 0.00663484958932
2 33 0 8 0.00660640886053
60 69 0 8 0.00656326068565
25 58 0 8 0.00655421614647
26 65 0 8 0.0065378183499
17 71 0 8 0.00650136498734
6 27 0 8 0.00649549998343
2 32 0 8 0.00648561725393
24 77 0 8 0.00647922651842
32 49 0 8 0.00647695874795
1 8 0 8 0.00647233892232
30 70 0 8 0.00644610496238
62 75 0 8 0.00644473964348
55 76 0 8 0.00644307630137
1 59 0 8 0.00644147070125
30 76 0 8 0.00643601361662
30 72 0 8 0.00643536401913
39 63 0 8 0.00642699142918
24 38 0 8 0.00642438512295
23 52 0 8 0.00642217276618
25 57 0 8 0.00640450697392
29 71 0 8 0.00639650132507
59 74 0 8 0.00638404255733
1 49 0 8 0.00635757343844
55 72 0 8 0.0063543273136
26 52 0 8 0.0063463896513
54 71 0 8 0.00633989833295
17 58 0 8 0.00632119271904
12 17 0 8 0.00629744399339
2 63 0 8 0.00628160731867
26 74 0 8 0.0062693352811
17 34 0 8 0.00626888684928
6 31 0 8 0.00626415619627
25 77 0 8 0.00626278528944
1 32 0 8 0.00625938223675
2 50 0 8 0.00624805036932
31 41 0 8 0.0062462920323
31 76 0 8 0.00621345546097
7 23 0 8 0.00620194198564
24 45 0 8 0.006201362703
58 73 0 8 0.00619950285181
41 71 0 8 0.00619485974312
17 27 0 8 0.00618784176186
1 62 0 8 0.00618738401681
8 22 0 8 0.00618458492681
31 75 0 8 0.00617470685393
28 52 0 8 0.00616082316265
16 23 0 8 0.00614631827921
3 30 0 8 0.00611757766455
23 45 0 8 0.00611221091822
31 64 0 8 0.00608686497435
39 58 0 8 0.00608644960448
62 76 0 8 0.00608641514555
26 35 0 8 0.00607976363972
26 77 0 8 0.00606866274029
59 75 0 8 0.00604429282248
58 74 0 8 0.00601812265813
40 75 0 8 0.00601366581395
2 55 0 8 0.0060124178417
39 69 0 8 0.00599126145244
12 34 0 8 0.0059867138043
7 27 0 8 0.00598270865157
25 46 0 8 0.00596084538847
27 67 0 8 0.00595318246633
16 52 0 8 0.0059410748072
27 32 0 8 0.00593871530145
1 58 0 8 0.00593221373856
28 50 0 8 0.00593114225194
60 76 0 8 0.0059201400727
27 74 0 8 0.00591280637309
26 33 0 8 0.00590585405007
56 76 0 8 0.00588750652969
11 24 0 8 0.00584748480469
30 45 0 8 0.0058258776553
12 76 0 8 0.00582543900236
27 43 0 8 0.0058232685551
26 54 0 8 0.00581558002159
50 58 0 8 0.00581525452435
26 46 0 8 0.00578527990729
26 56 0 8 0.00578359887004
31 55 0 8 0.00578060559928
14 27 0 8 0.00577740557492
60 75 0 8 0.00576707487926
28 39 0 8 0.00575854536146
12 66 0 8 0.00575476000085
28 55 0 8 0.00573767907917
1 12 0 8 0.00573611771688
12 65 0 8 0.00572449527681
61 69 0 8 0.0057215327397
12 61 0 8 0.00571516947821
37 71 0 8 0.00570951448753
15 24 0 8 0.00569586828351
28 40 0 8 0.00565346330404
3 31 0 8 0.00565054500476
13 31 0 8 0.00562483258545
28 70 0 8 0.00560482777655
27 60 0 8 0.00557115348056
1 63 0 8 0.00554916448891
27 50 0 8 0.00553034013137
27 53 0 8 0.00551802478731
30 46 0 8 0.00551595585421
30 69 0 8 0.00550069566816
12 27 0 8 0.00549579877406
27 65 0 8 0.00549075566232
28 76 0 8 0.00547927990556
32 70 0 8 0.00544714322314
26 58 0 8 0.00536924879998
9 31 0 8 0.00536737777293
26 50 0 8 0.00533154793084
31 46 0 8 0.00531926238909
1 54 0 8 0.0053127692081
16 71 0 8 0.00531133823097
29 75 0 8 0.00530246319249
14 31 0 8 0.00529850367457
31 50 0 8 0.00529361749068
5 27 0 8 0.00528928823769
59 77 0 8 0.00527937011793
59 70 0 8 0.00524657545611
2 53 0 8 0.00521161453798
26 45 0 8 0.00520347757265
20 32 0 8 0.00520153297111
1 56 0 8 0.00519119994715
28 71 0 8 0.00517789460719
10 20 0 8 0.0051699844189
26 72 0 8 0.00515709025785
27 51 0 8 0.00514286430553
8 31 0 8 0.0051411325112
28 58 0 8 0.00512230210006
27 55 0 8 0.00510886777192
20 30 0 8 0.00510232523084
58 68 0 8 0.00510066514835
24 64 0 8 0.00509964860976
12 29 0 8 0.00508528156206
12 32 0 8 0.00507063930854
30 54 0 8 0.00506856571883
31 45 0 8 0.00506023829803
11 26 0 8 0.00504529941827
56 71 0 8 0.00504213850945
60 77 0 8 0.00503654405475
25 35 0 8 0.00502769090235
23 57 0 8 0.00500071374699
61 71 0 8 0.00499582150951
10 30 0 8 0.00499369530007
26 51 0 8 0.00494542950764
30 75 0 8 0.00494242971763
15 34 0 8 0.0049419044517
62 71 0 8 0.00492357090116
23 64 0 8 0.00490917544812
23 77 0 8 0.00490735657513
27 63 0 8 0.00489090988412
1 31 0 8 0.00487176841125
15 19 0 8 0.00486654229462
61 76 0 8 0.00485947402194
62 70 0 8 0.00485878670588
26 55 0 8 0.00484656635672
26 75 0 8 0.00483704032376
25 76 0 8 0.00483641866595
58 77 0 8 0.00482897693291
2 51 0 8 0.00482783606276
11 19 0 8 0.00482341647148
23 50 0 8 0.00481829652563
42 49 0 8 0.00480912998319
23 66 0 8 0.0047844001092
24 36 0 8 0.00477541703731
2 31 0 8 0.00476628867909
44 58 0 8 0.00476572755724
27 40 0 8 0.00476275896654
2 30 0 8 0.00474831974134
8 24 0 8 0.00474598584697
22 76 0 8 0.00474392063916
24 58 0 8 0.0047426330857
12 62 0 8 0.00472359871492
27 72 0 8 0.00471262214705
5 30 0 8 0.00470301695168
1 55 0 8 0.00467185629532
39 49 0 8 0.00466331420466
2 9 0 8 0.00463945604861
27 77 0 8 0.00463936151937
59 68 0 8 0.00462741777301
2 7 0 8 0.00461738090962
24 76 0 8 0.00461612083018
57 71 0 8 0.00461602443829
59 69 0 8 0.00457647256553
30 52 0 8 0.00456754909828
27 41 0 8 0.00456266477704
26 76 0 8 0.00455791363493
28 45 0 8 0.00455063488334
15 49 0 8 0.00454706745222
24 54 0 8 0.00454402528703
31 59 0 8 0.00454314984381
26 57 0 8 0.00454221619293
27 47 0 8 0.00453704874963
28 57 0 8 0.00453350367025
20 31 0 8 0.00449826475233
21 36 0 8 0.00449300417677
2 54 0 8 0.00448988890275
31 71 0 8 0.00447022775188
27 48 0 8 0.00444393232465
12 63 0 8 0.00444077560678
1 53 0 8 0.0044164005667
8 21 0 8 0.00440773367882
38 50 0 8 0.00440528150648
29 77 0 8 0.00436909776181
24 49 0 8 0.00434959121048
2 52 0 8 0.00433574663475
39 71 0 8 0.0043038809672
58 76 0 8 0.00429126713425
1 52 0 8 0.00428786175326
1 50 0 8 0.00428501097485
27 39 0 8 0.00428477069363
57 76 0 8 0.00428208615631
18 30 0 8 0.00426030158997
27 44 0 8 0.00426025129855
40 49 0 8 0.00424923095852
27 36 0 8 0.00424874480814
60 70 0 8 0.00422452064231
59 76 0 8 0.00418610079214
23 54 0 8 0.00416717631742
27 56 0 8 0.00412486353889
23 76 0 8 0.00412096362561
24 32 0 8 0.00412075594068
20 36 0 8 0.00410487363115
5 31 0 8 0.00409630360082
25 70 0 8 0.00404783710837
27 42 0 8 0.0040464438498
12 18 0 8 0.00404006289318
55 71 0 8 0.00403497600928
1 11 0 8 0.00402845442295
27 58 0 8 0.00401719566435
58 75 0 8 0.00400304142386
27 75 0 8 0.00399589957669
8 23 0 8 0.00395646318793
32 71 0 8 0.00394243979827
16 22 0 8 0.00393647467718
24 39 0 8 0.00392049178481
14 25 0 8 0.00391908735037
22 31 0 8 0.00389217608608
9 30 0 8 0.0038653020747
30 50 0 8 0.00385093083605
20 34 0 8 0.00384067348205
28 49 0 8 0.00380911608227
1 51 0 8 0.00380294560455
27 45 0 8 0.00379874976352
22 36 0 8 0.00376775418408
31 49 0 8 0.00375216989778
11 23 0 8 0.00368375191465
10 22 0 8 0.00368080078624
14 26 0 8 0.0036719890777
24 31 0 8 0.00366960698739
1 10 0 8 0.00362701318227
23 71 0 8 0.00359605695121
15 25 0 8 0.00357000017539
61 70 0 8 0.00354052614421
14 18 0 8 0.00351996300742
31 57 0 8 0.003505283501
24 57 0 8 0.00341001152992
22 35 0 8 0.00338316732086
22 32 0 8 0.00335628329776
25 32 0 8 0.00335018779151
26 59 0 8 0.00332970707677
27 69 0 8 0.00332141271792
30 55 0 8 0.00330881937407
11 22 0 8 0.00326721160673
58 69 0 8 0.00324512738734
27 76 0 8 0.0032311452087
27 57 0 8 0.00321650109254
24 37 0 8 0.00318112084642
9 25 0 8 0.00314404931851
1 9 0 8 0.00313871260732
27 64 0 8 0.00313831726089
27 59 0 8 0.0031325656455
26 64 0 8 0.00307151279412
24 30 0 8 0.00306598679163
11 20 0 8 0.00298872101121
25 49 0 8 0.00296713947318
18 31 0 8 0.0029586777091
30 49 0 8 0.00295686372556
57 70 0 8 0.00294520473108
15 31 0 8 0.00287546473555
25 50 0 8 0.00286264438182
26 31 0 8 0.0028531216085
17 31 0 8 0.00281581096351
31 58 0 8 0.00278013828211
23 32 0 8 0.00277616595849
15 30 0 8 0.00277267908677
22 33 0 8 0.00274649751373
20 33 0 8 0.00272320536897
9 22 0 8 0.00271478411742
19 31 0 8 0.00268093706109
23 30 0 8 0.00267190556042
26 71 0 8 0.0026385365054
9 24 0 8 0.00262861815281
13 30 0 8 0.00258997152559
26 70 0 8 0.00256658485159
14 19 0 8 0.00255723274313
9 27 0 8 0.00253910431638
12 31 0 8 0.0025363995228
13 26 0 8 0.00248363846913
13 24 0 8 0.00247256318107
22 30 0 8 0.00242492579855
12 26 0 8 0.0023643001914
27 52 0 8 0.00232143350877
12 30 0 8 0.00231998600066
27 49 0 8 0.00226664496586
15 23 0 8 0.00219798297621
21 30 0 8 0.00217163865454
15 27 0 8 0.00217051478103
21 32 0 8 0.00216563418508
16 31 0 8 0.00213257200085
27 71 0 8 0.00210360623896
26 49 0 8 0.0020959447138
23 31 0 8 0.0020851129666
9 21 0 8 0.00208083214238
10 21 0 8 0.00202785898
30 71 0 8 0.00202397955582
23 35 0 8 0.00200362410396
13 25 0 8 0.00197908561677
12 24 0 8 0.00195339531638
15 20 0 8 0.00195065501612
27 70 0 8 0.00194142782129
9 23 0 8 0.00190833408851
9 26 0 8 0.00189281220082
11 21 0 8 0.00179928098805
10 27 0 8 0.00179927574936
14 24 0 8 0.00176342262421
16 21 0 8 0.00173561519478
10 26 0 8 0.00172878464218
12 25 0 8 0.00170855864417
14 20 0 8 0.0016630270984
13 18 0 8 0.00163739162963
24 33 0 8 0.00159494311083
21 31 0 8 0.00146285921801
26 32 0 8 0.00144153507426
10 23 0 8 0.00140943273436
12 19 0 8 0.00139577616937
10 24 0 8 0.00139560399111
12 23 0 8 0.00137293664739
24 34 0 8 0.0012812683126
27 33 0 8 0.00127881404478
26 34 0 8 0.00125660724007
15 22 0 8 0.00114118354395
25 33 0 8 0.00114011438563
21 35 0 8 0.00110008940101
13 23 0 8 0.00108472118154
25 34 0 8 0.00108152814209
25 31 0 8 0.00107911485247
23 33 0 8 0.00107635708991
23 36 0 8 0.00106239388697
23 34 0 8 0.00104435510002
13 19 0 8 0.000960362493061
14 23 0 8 0.000896252517123
13 21 0 8 0.00086160475621
22 34 0 8 0.00082873867359
27 34 0 8 0.000817052205093
12 20 0 8 0.000778707209975
21 33 0 8 0.000760686583817
12 22 0 8 0.000753870641347
21 34 0 8 0.00071408279473
12 21 0 8 0.000682793033775
15 21 0 8 0.000668298744131
13 20 0 8 0.000518256274518
13 22 0 8 0.000517157837749
14 22 0 8 0.000411000160966
14 21 0 8 0.00036083694431
