26 27 0 8 0.999998867512
29 30 0 8 0.999995648861
53 54 0 8 0.999995291233
28 29 0 8 0.999993503094
4 5 0 8 0.999992072582
80 81 0 8 0.999991774559
2 3 0 8 0.999990105629
3 4 0 8 0.999989569187
24 25 0 8 0.999985218048
67 68 0 8 0.999982953072
5 6 0 8 0.999980330467
75 76 0 8 0.999980151653
78 79 0 8 0.999977231026
77 78 0 8 0.999976038933
30 31 0 8 0.999974191189
81 82 0 8 0.999971270561
7 8 0 8 0.999968707561
14 15 0 8 0.999967813492
76 77 0 8 0.999965965748
73 74 0 8 0.999965667725
25 26 0 8 0.999965071678
8 9 0 8 0.999962091446
54 55 0 8 0.999960541725
23 24 0 8 0.999960005283
18 19 0 8 0.999955773354
74 75 0 8 0.999954462051
72 73 0 8 0.999953567982
64 65 0 8 0.999952018261
15 16 0 8 0.999950110912
10 11 0 8 0.999949395657
12 13 0 8 0.999948859215
11 12 0 8 0.999948740005
79 80 0 8 0.999948441982
55 56 0 8 0.9999371171
6 7 0 8 0.99993366003
32 33 0 8 0.999929130077
52 53 0 8 0.99992698431
51 52 0 8 0.999919772148
56 57 0 8 0.999917984009
69 70 0 8 0.999916791916
19 20 0 8 0.999902009964
35 36 0 8 0.99990105629
16 17 0 8 0.99989849329
21 22 0 8 0.999883651733
9 10 0 8 0.99987578392
13 14 0 8 0.999874949455
71 72 0 8 0.999871730804
68 69 0 8 0.999860405922
6 8 0 8 0.99985730648
20 21 0 8 0.999847114086
66 67 0 8 0.999845445156
27 28 0 8 0.999842166901
68 70 0 8 0.999834775925
65 66 0 8 0.999834656715
18 20 0 8 0.999818563461
57 58 0 8 0.999812066555
22 23 0 8 0.999808728695
37 38 0 8 0.999806284904
59 60 0 8 0.999805867672
33 34 0 8 0.999800264835
62 63 0 8 0.999792993069
36 37 0 8 0.999784052372
1 2 0 8 0.999781012535
58 60 0 8 0.99977761507
61 62 0 8 0.999776482582
8 10 0 8 0.999753534794
11 13 0 8 0.999749243259
34 35 0 8 0.999716758728
60 62 0 8 0.999716460705
13 15 0 8 0.99969625473
31 32 0 8 0.999684512615
15 17 0 8 0.999671220779
47 48 0 8 0.999663949013
39 40 0 8 0.999643683434
66 68 0 8 0.999630749226
70 71 0 8 0.999613046646
17 18 0 8 0.999599277973
71 73 0 8 0.999592542648
11 14 0 8 0.999566435814
7 9 0 8 0.999544799328
10 12 0 8 0.99954020977
60 61 0 8 0.999535858631
59 61 0 8 0.999494373798
38 39 0 8 0.999492943287
63 64 0 8 0.999479174614
10 13 0 8 0.999428510666
40 41 0 8 0.999416291714
45 46 0 8 0.999405384064
58 59 0 8 0.99937838316
12 14 0 8 0.999352276325
43 44 0 8 0.999296486378
67 69 0 8 0.999249517918
50 51 0 8 0.999214589596
57 59 0 8 0.999203205109
58 61 0 8 0.999196887016
42 43 0 8 0.999183475971
49 50 0 8 0.999177634716
61 63 0 8 0.999129056931
69 71 0 8 0.999098956585
9 11 0 8 0.999090254307
58 62 0 8 0.999056637287
60 63 0 8 0.998931109905
19 21 0 8 0.998925566673
41 42 0 8 0.998851299286
14 16 0 8 0.998849630356
17 19 0 8 0.998811423779
57 60 0 8 0.998805105686
48 49 0 8 0.998761296272
8 11 0 8 0.998691797256
36 38 0 8 0.998542964458
55 57 0 8 0.998505473137
10 14 0 8 0.998482644558
11 15 0 8 0.998446166515
59 63 0 8 0.998349249363
70 72 0 8 0.998345196247
9 13 0 8 0.998320817947
12 15 0 8 0.99811565876
35 37 0 8 0.998104870319
61 64 0 8 0.998049616814
69 72 0 8 0.997994244099
9 12 0 8 0.99782538414
34 36 0 8 0.997747838497
64 66 0 8 0.997455596924
59 62 0 8 0.997420608997
57 61 0 8 0.997305810452
67 71 0 8 0.997126221657
32 34 0 8 0.997035980225
16 20 0 8 0.996997892857
68 72 0 8 0.996957957745
8 12 0 8 0.996749162674
15 19 0 8 0.996747851372
72 74 0 8 0.99662566185
5 7 0 8 0.996540606022
56 58 0 8 0.9962220788
62 64 0 8 0.996212422848
44 45 0 8 0.996199011803
46 47 0 8 0.995791554451
34 38 0 8 0.99569439888
16 18 0 8 0.995661616325
18 21 0 8 0.995353043079
17 20 0 8 0.995251297951
34 37 0 8 0.995090603828
31 33 0 8 0.995023012161
70 73 0 8 0.994870305061
3 5 0 8 0.994610011578
20 22 0 8 0.994368851185
37 39 0 8 0.994161963463
35 38 0 8 0.993993222713
16 19 0 8 0.993815660477
13 17 0 8 0.993545055389
7 11 0 8 0.993539988995
29 31 0 8 0.993457198143
14 18 0 8 0.993311345577
63 65 0 8 0.993145346642
13 16 0 8 0.99310028553
67 70 0 8 0.992847681046
70 74 0 8 0.992843925953
32 36 0 8 0.992831647396
73 75 0 8 0.992395102978
30 34 0 8 0.991973638535
6 9 0 8 0.991877377033
28 30 0 8 0.991744577885
56 59 0 8 0.991558074951
7 10 0 8 0.991247594357
30 32 0 8 0.991212248802
38 40 0 8 0.990627110004
4 6 0 8 0.990170419216
21 23 0 8 0.990163505077
68 71 0 8 0.990041196346
6 10 0 8 0.98959261179
60 64 0 8 0.989573657513
56 60 0 8 0.989377260208
14 17 0 8 0.988942027092
74 76 0 8 0.988875091076
33 35 0 8 0.988869249821
29 33 0 8 0.988105475903
29 32 0 8 0.988032102585
12 16 0 8 0.987941086292
28 31 0 8 0.987830936909
71 74 0 8 0.986888587475
15 18 0 8 0.986732423306
17 21 0 8 0.986448526382
5 8 0 8 0.986325323582
30 33 0 8 0.986182689667
69 73 0 8 0.985261797905
76 78 0 8 0.984795570374
33 36 0 8 0.984701693058
77 79 0 8 0.98457467556
73 77 0 8 0.983193337917
32 35 0 8 0.983156085014
35 39 0 8 0.983002603054
54 56 0 8 0.982997715473
5 9 0 8 0.982195854187
65 69 0 8 0.98148471117
75 77 0 8 0.980983674526
74 77 0 8 0.979954242706
31 34 0 8 0.978873372078
4 7 0 8 0.978698134422
78 80 0 8 0.978386759758
65 67 0 8 0.977604091167
36 39 0 8 0.977509260178
74 78 0 8 0.976354539394
55 58 0 8 0.976186275482
54 57 0 8 0.975882530212
66 69 0 8 0.975635170937
66 70 0 8 0.974766552448
3 6 0 8 0.974707126617
73 76 0 8 0.973919689655
33 37 0 8 0.97323101759
65 68 0 8 0.972592890263
71 75 0 8 0.97184664011
77 80 0 8 0.971546292305
62 66 0 8 0.97075766325
62 65 0 8 0.970754384995
61 65 0 8 0.970199763775
75 78 0 8 0.969815790653
39 41 0 8 0.969762861729
64 68 0 8 0.969694972038
19 22 0 8 0.969012200832
21 24 0 8 0.968507528305
38 41 0 8 0.96814930439
4 8 0 8 0.967266261578
37 41 0 8 0.967216670513
18 22 0 8 0.966081023216
20 23 0 8 0.964855611324
37 40 0 8 0.963046550751
78 81 0 8 0.962769210339
55 59 0 8 0.962731480598
64 67 0 8 0.962170064449
76 79 0 8 0.960839986801
20 24 0 8 0.959963440895
3 7 0 8 0.959542870522
54 58 0 8 0.957405924797
63 66 0 8 0.957092046738
19 23 0 8 0.956073999405
28 32 0 8 0.956037342548
63 67 0 8 0.954970479012
72 75 0 8 0.954920172691
22 24 0 8 0.954620718956
31 35 0 8 0.951117098331
72 76 0 8 0.943457841873
52 54 0 8 0.939146399498
76 80 0 8 0.931860089302
40 42 0 8 0.931341052055
2 4 0 8 0.930934369564
39 42 0 8 0.928161144257
36 40 0 8 0.927887320518
52 55 0 8 0.919558227062
53 57 0 8 0.918413937092
77 81 0 8 0.916290521622
80 82 0 8 0.915113151073
25 27 0 8 0.914043843746
75 79 0 8 0.908017098904
52 56 0 8 0.907967925072
38 42 0 8 0.895145177841
79 81 0 8 0.894770205021
21 25 0 8 0.886152923107
53 56 0 8 0.883112609386
46 48 0 8 0.876559019089
50 52 0 8 0.871538639069
47 49 0 8 0.859758794308
53 55 0 8 0.855153858662
2 5 0 8 0.851210951805
41 43 0 8 0.85064470768
48 50 0 8 0.849812090397
44 46 0 8 0.843167066574
23 25 0 8 0.832800507545
22 25 0 8 0.822814285755
2 6 0 8 0.809080004692
42 44 0 8 0.795527637005
49 51 0 8 0.780854523182
39 43 0 8 0.771568596363
1 3 0 8 0.765095114708
24 26 0 8 0.764546394348
43 45 0 8 0.763612687588
45 47 0 8 0.762145280838
79 82 0 8 0.742585241795
78 82 0 8 0.72594255209
36 62 0 8 0.690026640892
27 32 0 8 0.651182115078
43 63 0 8 0.639204621315
38 63 0 8 0.630456924438
38 43 0 8 0.623156487942
22 29 0 8 0.615317106247
22 27 0 8 0.586365818977
1 5 0 8 0.586330652237
40 43 0 8 0.58376955986
51 55 0 8 0.577012240887
22 26 0 8 0.575537145138
51 53 0 8 0.575425922871
18 36 0 8 0.572595059872
41 63 0 8 0.554798007011
23 27 0 8 0.543712317944
27 31 0 8 0.534356176853
17 62 0 8 0.527241706848
39 45 0 8 0.522397100925
1 4 0 8 0.517578721046
21 35 0 8 0.4962259233
35 59 0 8 0.489088177681
46 49 0 8 0.468422263861
31 56 0 8 0.462327539921
27 29 0 8 0.443824678659
30 60 0 8 0.440988093615
40 62 0 8 0.438951730728
13 62 0 8 0.438609063625
47 50 0 8 0.42595744133
18 29 0 8 0.410467088223
34 47 0 8 0.406573861837
23 26 0 8 0.398625344038
18 32 0 8 0.394177287817
42 45 0 8 0.392347812653
43 46 0 8 0.380154877901
24 27 0 8 0.358808398247
41 44 0 8 0.356257259846
20 58 0 8 0.343382000923
40 66 0 8 0.332656979561
14 40 0 8 0.319887280464
40 44 0 8 0.318644702435
50 55 0 8 0.316690713167
44 47 0 8 0.310603708029
46 50 0 8 0.309698671103
19 32 0 8 0.301930516958
45 48 0 8 0.288103550673
42 46 0 8 0.253598690033
14 37 0 8 0.252362579107
43 47 0 8 0.249801367521
51 54 0 8 0.239090487361
21 27 0 8 0.238698601723
18 33 0 8 0.237804204226
39 44 0 8 0.227259323001
44 48 0 8 0.224047794938
18 35 0 8 0.224036231637
41 60 0 8 0.217040330172
45 49 0 8 0.212298795581
41 66 0 8 0.210862353444
39 63 0 8 0.20721757412
20 32 0 8 0.197973951697
25 55 0 8 0.196441888809
48 52 0 8 0.184068441391
50 59 0 8 0.177074894309
49 52 0 8 0.175844117999
29 55 0 8 0.174942478538
47 51 0 8 0.1715054214
14 33 0 8 0.17125685513
14 36 0 8 0.16845689714
48 51 0 8 0.167522758245
10 43 0 8 0.162038996816
41 45 0 8 0.161127641797
41 70 0 8 0.151883840561
24 54 0 8 0.147056445479
30 53 0 8 0.14228181541
13 70 0 8 0.137334302068
45 50 0 8 0.136800095439
26 28 0 8 0.132076561451
22 28 0 8 0.129177063704
31 48 0 8 0.129077315331
19 29 0 8 0.128269508481
10 62 0 8 0.126418322325
30 73 0 8 0.125997334719
50 53 0 8 0.125469863415
21 26 0 8 0.123546130955
37 43 0 8 0.123105756938
34 74 0 8 0.118532188237
6 45 0 8 0.117720358074
15 36 0 8 0.117627352476
30 71 0 8 0.115808360279
14 39 0 8 0.115668810904
40 65 0 8 0.115366950631
37 70 0 8 0.114971853793
27 35 0 8 0.113636545837
37 64 0 8 0.113336004317
40 80 0 8 0.111867532134
52 57 0 8 0.110547482967
43 62 0 8 0.108548268676
37 60 0 8 0.105991587043
14 69 0 8 0.10528191179
10 40 0 8 0.10411170125
38 45 0 8 0.101884044707
51 56 0 8 0.101094946265
9 58 0 8 0.0999213606119
22 32 0 8 0.0995170623064
47 56 0 8 0.0989192947745
40 67 0 8 0.0980790257454
49 53 0 8 0.098053894937
17 36 0 8 0.0966727212071
38 47 0 8 0.0949596017599
40 45 0 8 0.09391181916
38 44 0 8 0.0936742573977
25 32 0 8 0.0924438163638
43 48 0 8 0.0914294049144
45 55 0 8 0.0906710326672
34 55 0 8 0.0905042514205
42 47 0 8 0.0885298773646
25 28 0 8 0.0883596912026
19 69 0 8 0.0878334119916
10 77 0 8 0.0863029286265
41 46 0 8 0.0862091779709
35 47 0 8 0.0862087085843
62 68 0 8 0.0847501605749
10 73 0 8 0.0830309689045
34 62 0 8 0.0818133950233
24 58 0 8 0.0809610784054
29 76 0 8 0.0809383019805
39 46 0 8 0.0800290480256
15 70 0 8 0.0796503201127
50 54 0 8 0.0789511054754
13 40 0 8 0.0789147764444
6 40 0 8 0.0782705768943
37 76 0 8 0.078135997057
21 59 0 8 0.0773459076881
23 29 0 8 0.0771305114031
63 68 0 8 0.0767074078321
7 43 0 8 0.0758270025253
10 74 0 8 0.0752455592155
11 43 0 8 0.0743157118559
10 70 0 8 0.0741090252995
35 50 0 8 0.0733520835638
20 72 0 8 0.0731478407979
9 77 0 8 0.0724948942661
6 77 0 8 0.0713207423687
17 71 0 8 0.0695843622088
7 58 0 8 0.0693211629987
17 69 0 8 0.0684059560299
22 35 0 8 0.0683722794056
45 52 0 8 0.0674954429269
11 61 0 8 0.0674735084176
37 67 0 8 0.0665856599808
12 53 0 8 0.0665541067719
11 40 0 8 0.0665393024683
37 73 0 8 0.0654854476452
48 55 0 8 0.0652718469501
41 67 0 8 0.0647544711828
13 73 0 8 0.064134426415
44 49 0 8 0.0633278936148
11 69 0 8 0.0629932358861
43 50 0 8 0.0622360818088
49 54 0 8 0.0620866268873
40 63 0 8 0.0620452798903
17 58 0 8 0.060778979212
10 58 0 8 0.0603710152209
32 67 0 8 0.0587546266615
19 36 0 8 0.0586677826941
47 52 0 8 0.0583198852837
1 6 0 8 0.0582046620548
20 35 0 8 0.0581658817828
6 41 0 8 0.0580719299614
37 61 0 8 0.0578727796674
7 45 0 8 0.0566310733557
13 66 0 8 0.0566251277924
50 56 0 8 0.0565292239189
34 71 0 8 0.056471966207
30 50 0 8 0.0563606359065
25 30 0 8 0.0559295974672
41 68 0 8 0.0552739389241
46 51 0 8 0.0549134537578
7 63 0 8 0.0547135733068
33 60 0 8 0.0546253733337
39 47 0 8 0.0540470033884
21 29 0 8 0.0536187551916
43 49 0 8 0.0536112301052
29 70 0 8 0.0534607023001
72 77 0 8 0.0528677403927
29 62 0 8 0.052688729018
28 55 0 8 0.0526820532978
46 52 0 8 0.0524667724967
42 67 0 8 0.0521970279515
13 36 0 8 0.0515922307968
38 70 0 8 0.0515911914408
18 69 0 8 0.0511272735894
19 24 0 8 0.0509170927107
25 31 0 8 0.0502438805997
10 61 0 8 0.0501783266664
38 46 0 8 0.0501494184136
24 55 0 8 0.0500382743776
12 61 0 8 0.0499073080719
7 44 0 8 0.0493156798184
44 55 0 8 0.0493111722171
10 42 0 8 0.0484418794513
11 70 0 8 0.0475032478571
34 48 0 8 0.0468987673521
24 28 0 8 0.046722844243
11 66 0 8 0.0459829717875
14 73 0 8 0.0457337386906
14 65 0 8 0.0457209646702
12 70 0 8 0.0456529073417
31 55 0 8 0.0456128567457
21 30 0 8 0.0455470308661
8 43 0 8 0.0454966425896
50 58 0 8 0.0454721935093
29 66 0 8 0.0451822839677
30 57 0 8 0.0446920134127
21 74 0 8 0.0445088967681
30 66 0 8 0.0440465994179
33 69 0 8 0.0439843125641
25 29 0 8 0.0439587719738
14 66 0 8 0.0438552051783
14 70 0 8 0.043713349849
9 73 0 8 0.0436112768948
44 66 0 8 0.0435077957809
29 73 0 8 0.0434194877744
45 59 0 8 0.0432076454163
8 81 0 8 0.0430254489183
62 67 0 8 0.0428323484957
15 39 0 8 0.0426504313946
29 68 0 8 0.0422098301351
20 25 0 8 0.0421224795282
27 30 0 8 0.0420825667679
11 42 0 8 0.04189921543
36 60 0 8 0.041885111481
21 28 0 8 0.0417759679258
62 69 0 8 0.0416221693158
39 70 0 8 0.0415430031717
48 62 0 8 0.0414840243757
49 55 0 8 0.0411742702127
33 57 0 8 0.0410342626274
44 52 0 8 0.0406222417951
23 61 0 8 0.0403204970062
10 63 0 8 0.0402886681259
11 33 0 8 0.0401055365801
11 77 0 8 0.0397173836827
12 66 0 8 0.0396274141967
10 37 0 8 0.0394441671669
20 29 0 8 0.0393688939512
11 65 0 8 0.0393447913229
7 61 0 8 0.0392176583409
38 74 0 8 0.0387096703053
37 66 0 8 0.038586422801
45 56 0 8 0.0385711789131
6 42 0 8 0.0385226346552
32 55 0 8 0.0384949333966
6 43 0 8 0.0382965952158
13 59 0 8 0.0382407978177
37 63 0 8 0.0382090769708
23 74 0 8 0.038048826158
36 59 0 8 0.0379125252366
9 54 0 8 0.0377372428775
19 33 0 8 0.037691321224
15 74 0 8 0.037547044456
27 62 0 8 0.0373384542763
43 55 0 8 0.0371799953282
38 56 0 8 0.0371670722961
48 54 0 8 0.0369455851614
15 20 0 8 0.0367740169168
34 73 0 8 0.03675769642
37 59 0 8 0.0367482416332
46 55 0 8 0.0365768447518
34 50 0 8 0.0364568158984
42 48 0 8 0.036441642791
41 74 0 8 0.0364266857505
44 50 0 8 0.0363871306181
48 53 0 8 0.0363307334483
18 39 0 8 0.0361465029418
44 63 0 8 0.0360890328884
13 69 0 8 0.0360013321042
37 55 0 8 0.0358143337071
33 68 0 8 0.035769764334
8 65 0 8 0.0357681363821
25 52 0 8 0.0357424654067
49 56 0 8 0.0355453304946
14 77 0 8 0.0354854352772
17 67 0 8 0.0352068990469
40 46 0 8 0.0351788811386
5 77 0 8 0.0349294804037
24 32 0 8 0.0349287651479
45 51 0 8 0.0349102914333
15 65 0 8 0.0348121188581
33 73 0 8 0.0347978882492
13 77 0 8 0.0343346446753
15 69 0 8 0.0341184698045
17 32 0 8 0.0340563878417
13 65 0 8 0.0340292863548
11 74 0 8 0.0339976549149
35 49 0 8 0.0339653007686
6 57 0 8 0.0337628722191
8 58 0 8 0.0334528423846
43 66 0 8 0.033249553293
41 50 0 8 0.0332125499845
21 36 0 8 0.0330330245197
41 47 0 8 0.0330173708498
7 65 0 8 0.0328538753092
9 74 0 8 0.0326336547732
16 67 0 8 0.0326143838465
47 53 0 8 0.0325931496918
35 62 0 8 0.0325266942382
15 33 0 8 0.0325181409717
23 28 0 8 0.032434977591
33 62 0 8 0.0324120074511
8 41 0 8 0.0322967432439
14 62 0 8 0.0322215072811
29 60 0 8 0.0321707762778
24 29 0 8 0.0317291915417
39 59 0 8 0.0315891206264
35 48 0 8 0.0313813984394
10 65 0 8 0.0313561186194
40 64 0 8 0.031174313277
38 48 0 8 0.0310535803437
40 50 0 8 0.0309816263616
20 27 0 8 0.0308380015194
48 56 0 8 0.0307660792023
40 58 0 8 0.0307373329997
15 40 0 8 0.0307184308767
32 76 0 8 0.0305914469063
40 48 0 8 0.0302174016833
12 74 0 8 0.0301745347679
9 40 0 8 0.0300478730351
39 60 0 8 0.0298959091306
31 73 0 8 0.0298535861075
43 56 0 8 0.0295321810991
15 72 0 8 0.0294941943139
34 58 0 8 0.0294612161815
6 58 0 8 0.0293579604477
21 32 0 8 0.0292918868363
34 56 0 8 0.0289840567857
24 73 0 8 0.0289611667395
8 74 0 8 0.028960281983
8 61 0 8 0.0287970397621
34 59 0 8 0.0286702848971
35 46 0 8 0.0285777021199
37 68 0 8 0.0284838732332
10 33 0 8 0.0283253006637
6 55 0 8 0.0280389059335
19 77 0 8 0.0278392471373
33 64 0 8 0.0276602972299
36 45 0 8 0.0276411566883
34 46 0 8 0.0270184874535
33 70 0 8 0.0269859395921
42 55 0 8 0.0269725210965
77 82 0 8 0.026880428195
41 48 0 8 0.0268392302096
19 70 0 8 0.0268178973347
42 49 0 8 0.0265110991895
13 72 0 8 0.0263873450458
33 63 0 8 0.0262219049037
13 37 0 8 0.0261611938477
9 41 0 8 0.0261301677674
6 67 0 8 0.0261107105762
43 52 0 8 0.0260928981006
39 50 0 8 0.0259475447237
33 48 0 8 0.0259436462075
29 74 0 8 0.0259431842715
16 77 0 8 0.0258129201829
23 69 0 8 0.0257261581719
24 72 0 8 0.0256853625178
42 81 0 8 0.025561703369
40 70 0 8 0.025488588959
34 45 0 8 0.0253930632025
8 70 0 8 0.0253491234034
9 70 0 8 0.0253240000457
5 45 0 8 0.0250962618738
6 74 0 8 0.025023791939
43 51 0 8 0.0249881315976
16 73 0 8 0.0247632078826
3 44 0 8 0.0247472543269
12 73 0 8 0.0245914496481
15 71 0 8 0.0245526190847
16 65 0 8 0.0245335847139
42 77 0 8 0.0245162788779
42 50 0 8 0.0242774989456
9 71 0 8 0.0241674873978
15 77 0 8 0.0241483151913
35 55 0 8 0.0241454746574
37 42 0 8 0.0241433382034
26 29 0 8 0.0241338033229
10 41 0 8 0.0241250507534
24 31 0 8 0.0241143256426
14 74 0 8 0.0240963157266
32 68 0 8 0.0239450782537
16 64 0 8 0.0239274594933
3 8 0 8 0.0239171665162
11 45 0 8 0.0238631479442
14 43 0 8 0.0237472727895
8 45 0 8 0.0235432460904
15 64 0 8 0.0235326383263
45 62 0 8 0.0234640352428
33 56 0 8 0.0234366469085
64 70 0 8 0.0233758166432
23 80 0 8 0.0233731810004
48 58 0 8 0.0233215242624
10 67 0 8 0.0232499912381
24 65 0 8 0.0231751743704
40 61 0 8 0.0230630226433
41 55 0 8 0.0229713395238
41 49 0 8 0.0229160692543
36 66 0 8 0.022915834561
16 71 0 8 0.0229091886431
10 15 0 8 0.0229019802064
8 73 0 8 0.0227523595095
40 49 0 8 0.0227501578629
12 71 0 8 0.0227116812021
38 55 0 8 0.0226873084903
26 30 0 8 0.0225961301476
44 59 0 8 0.0225728359073
13 45 0 8 0.0224817227572
43 60 0 8 0.0224094409496
8 77 0 8 0.0224049557
20 69 0 8 0.0223943479359
13 67 0 8 0.0223262272775
34 77 0 8 0.0222463943064
36 73 0 8 0.0222369283438
38 66 0 8 0.0222229249775
33 71 0 8 0.0221926961094
12 40 0 8 0.022184362635
30 74 0 8 0.0221550613642
48 59 0 8 0.0221419725567
13 71 0 8 0.022124087438
11 39 0 8 0.0220167040825
5 55 0 8 0.0219331402332
39 49 0 8 0.0218754466623
29 67 0 8 0.0217784903944
13 74 0 8 0.0216979049146
49 57 0 8 0.0216710474342
3 80 0 8 0.0216474700719
22 73 0 8 0.0216411631554
44 81 0 8 0.0216354541481
37 80 0 8 0.0216228254139
34 81 0 8 0.0216040723026
6 61 0 8 0.0215987917036
41 81 0 8 0.0215886663646
45 60 0 8 0.0215717107058
35 65 0 8 0.0215651802719
31 77 0 8 0.0215362738818
23 77 0 8 0.0215289499611
33 77 0 8 0.0215218141675
17 35 0 8 0.021516116336
18 77 0 8 0.0214823652059
2 7 0 8 0.0214016046375
48 57 0 8 0.0213516242802
23 30 0 8 0.0213502533734
44 60 0 8 0.0213045999408
33 66 0 8 0.0211550500244
37 69 0 8 0.0211178176105
41 82 0 8 0.0209530424327
6 46 0 8 0.0209324806929
22 31 0 8 0.0209244787693
45 63 0 8 0.0208989046514
44 51 0 8 0.0208956077695
16 69 0 8 0.0208748374134
14 42 0 8 0.0207513086498
38 58 0 8 0.0207194592804
21 71 0 8 0.0207073781639
17 77 0 8 0.0207004807889
8 42 0 8 0.0206866711378
7 46 0 8 0.0206775739789
6 59 0 8 0.0206425432116
9 66 0 8 0.0205884743482
16 66 0 8 0.0205408111215
39 48 0 8 0.0205014050007
50 57 0 8 0.0204569045454
42 63 0 8 0.0204443428665
7 74 0 8 0.0203981567174
37 62 0 8 0.0203827451915
10 66 0 8 0.0203807353973
73 78 0 8 0.02037473768
44 62 0 8 0.0203700661659
36 70 0 8 0.0203569158912
35 79 0 8 0.0203237459064
36 69 0 8 0.0202976297587
42 57 0 8 0.0202593561262
11 62 0 8 0.0202389415354
41 61 0 8 0.0201903749257
40 59 0 8 0.0201806277037
15 67 0 8 0.0201804395765
29 77 0 8 0.0201560854912
41 52 0 8 0.0201174672693
30 56 0 8 0.0200947187841
37 58 0 8 0.0200839601457
33 74 0 8 0.0200796369463
36 63 0 8 0.0200580433011
24 63 0 8 0.019982168451
11 72 0 8 0.019957177341
32 69 0 8 0.0199280660599
19 64 0 8 0.0199280008674
47 55 0 8 0.0199197065085
43 64 0 8 0.0198767278343
8 66 0 8 0.0198390558362
45 53 0 8 0.0198383089155
32 57 0 8 0.0198225267231
46 56 0 8 0.0198209919035
33 59 0 8 0.0197983775288
16 21 0 8 0.0197840817273
12 58 0 8 0.0197782069445
13 58 0 8 0.019666261971
11 67 0 8 0.0196476317942
12 77 0 8 0.0195886492729
71 76 0 8 0.0195712838322
19 72 0 8 0.0195680353791
36 74 0 8 0.0195582155138
6 24 0 8 0.0195574387908
35 67 0 8 0.0195117853582
7 54 0 8 0.0195082668215
40 69 0 8 0.0195067282766
25 34 0 8 0.0195006262511
32 77 0 8 0.019464245066
34 49 0 8 0.0194618981332
29 65 0 8 0.019454697147
12 63 0 8 0.0193953234702
13 39 0 8 0.0193869099021
23 60 0 8 0.0193679854274
7 62 0 8 0.0192837752402
8 24 0 8 0.0192568786442
19 54 0 8 0.0192503668368
42 56 0 8 0.0192467831075
5 52 0 8 0.019193822518
13 61 0 8 0.0191865433007
39 68 0 8 0.0191784556955
38 49 0 8 0.0191750172526
9 43 0 8 0.0191329792142
38 50 0 8 0.0190986283123
38 51 0 8 0.0190907865763
43 59 0 8 0.0190847646445
20 64 0 8 0.01907822676
9 62 0 8 0.0190640576184
24 30 0 8 0.0190545208752
6 44 0 8 0.0190286077559
45 64 0 8 0.0189940705895
17 73 0 8 0.0189736783504
3 81 0 8 0.0189642496407
46 53 0 8 0.0189614966512
48 61 0 8 0.0189612042159
10 72 0 8 0.0189402904361
15 66 0 8 0.0189389400184
30 72 0 8 0.0189273860306
43 81 0 8 0.0189002081752
43 58 0 8 0.0188410263509
13 55 0 8 0.0188223794103
36 77 0 8 0.0188065301627
44 61 0 8 0.018770840019
32 59 0 8 0.0187600832433
15 60 0 8 0.018758950755
66 71 0 8 0.0187501180917
36 50 0 8 0.0187450703233
24 69 0 8 0.0187371522188
36 71 0 8 0.0187133122236
42 52 0 8 0.0187056995928
4 42 0 8 0.0186670999974
12 62 0 8 0.0186262074858
32 65 0 8 0.0186082981527
19 27 0 8 0.0185878481716
7 42 0 8 0.0185864251107
13 63 0 8 0.0185808930546
43 68 0 8 0.0185433309525
43 80 0 8 0.0185302402824
9 44 0 8 0.0185019206256
33 76 0 8 0.018498532474
41 62 0 8 0.0184757281095
6 48 0 8 0.0184441935271
15 63 0 8 0.0184063073248
38 77 0 8 0.0183777492493
30 76 0 8 0.0183654688299
29 59 0 8 0.0183633454144
9 42 0 8 0.0183475632221
26 31 0 8 0.018319087103
46 59 0 8 0.0183159317821
13 33 0 8 0.0183153785765
7 59 0 8 0.0182984154671
14 38 0 8 0.0182226095349
8 80 0 8 0.0181906335056
33 55 0 8 0.0181788690388
8 44 0 8 0.0181727539748
45 58 0 8 0.0181025862694
41 57 0 8 0.0180997718126
46 58 0 8 0.0180740561336
23 32 0 8 0.0180634316057
42 66 0 8 0.0180199556053
13 43 0 8 0.0179558135569
32 58 0 8 0.0179387778044
36 57 0 8 0.0179241076112
23 73 0 8 0.0178872309625
24 33 0 8 0.0178830008954
5 48 0 8 0.0178761351854
24 64 0 8 0.0178290717304
23 64 0 8 0.0178066324443
9 49 0 8 0.017796177417
9 67 0 8 0.0177846029401
31 52 0 8 0.0177457295358
73 80 0 8 0.0177321955562
21 33 0 8 0.0177284684032
14 68 0 8 0.0176851991564
34 52 0 8 0.0176480170339
24 77 0 8 0.0176448691636
15 35 0 8 0.0176155846566
34 75 0 8 0.0175951067358
34 68 0 8 0.0175920072943
19 66 0 8 0.0175825748593
16 70 0 8 0.0175644624978
11 58 0 8 0.0175476111472
32 64 0 8 0.017538882792
40 56 0 8 0.0174980107695
17 27 0 8 0.0174759812653
20 77 0 8 0.0174589175731
30 77 0 8 0.0174359809607
33 67 0 8 0.0174201223999
9 69 0 8 0.0174044761807
33 53 0 8 0.0173874571919
4 80 0 8 0.017380239442
32 61 0 8 0.0173794925213
4 44 0 8 0.0173792224377
44 56 0 8 0.0173738729209
11 16 0 8 0.0173551514745
33 65 0 8 0.0173233766109
43 61 0 8 0.0172571185976
16 63 0 8 0.0172547660768
15 73 0 8 0.0172145757824
36 48 0 8 0.017201738432
33 72 0 8 0.0171987805516
8 40 0 8 0.0171923413873
37 56 0 8 0.0171783100814
46 54 0 8 0.0171634145081
45 54 0 8 0.0171450208873
8 69 0 8 0.0171441528946
35 56 0 8 0.0171174835414
41 65 0 8 0.0171092376113
7 55 0 8 0.0171067677438
12 65 0 8 0.0171035844833
6 80 0 8 0.0171024370939
8 59 0 8 0.0170517172664
11 63 0 8 0.017039263621
32 50 0 8 0.0170344542712
33 58 0 8 0.017033720389
6 54 0 8 0.0169942062348
12 67 0 8 0.0169931612909
36 55 0 8 0.0169861540198
43 74 0 8 0.0169789493084
9 63 0 8 0.0169461518526
44 58 0 8 0.0169385187328
10 60 0 8 0.0169041957706
44 65 0 8 0.0168646275997
43 57 0 8 0.0168548598886
27 77 0 8 0.0168314166367
12 49 0 8 0.0168149620295
40 51 0 8 0.0167717859149
40 73 0 8 0.0167663153261
7 77 0 8 0.016748148948
7 66 0 8 0.0167443342507
17 64 0 8 0.0167384240776
5 43 0 8 0.0167373958975
16 74 0 8 0.0167267173529
37 45 0 8 0.0166999734938
19 65 0 8 0.0166929587722
32 56 0 8 0.0166449453682
10 45 0 8 0.0166078042239
41 59 0 8 0.0165841244161
39 55 0 8 0.0165819525719
42 51 0 8 0.0165703874081
42 59 0 8 0.0165616236627
7 40 0 8 0.0165209230036
47 54 0 8 0.0165001414716
7 48 0 8 0.0164564568549
14 67 0 8 0.0164522342384
32 73 0 8 0.0164457857609
32 66 0 8 0.0164338182658
46 60 0 8 0.0164167322218
19 60 0 8 0.0164120886475
40 47 0 8 0.0163894668221
6 81 0 8 0.0163837578148
21 31 0 8 0.0163575876504
17 39 0 8 0.0163532942533
16 40 0 8 0.0163446273655
20 26 0 8 0.0163357891142
30 67 0 8 0.0163301061839
9 55 0 8 0.0163073725998
6 63 0 8 0.0163031592965
32 60 0 8 0.0162851829082
41 58 0 8 0.0162810347974
43 65 0 8 0.0162744000554
35 51 0 8 0.0162160415202
38 64 0 8 0.0162126943469
36 61 0 8 0.016196731478
12 69 0 8 0.0161736421287
36 46 0 8 0.0161701142788
4 81 0 8 0.0161619167775
4 9 0 8 0.0161313191056
43 77 0 8 0.0161250103265
11 73 0 8 0.0161226410419
44 64 0 8 0.0161121170968
34 63 0 8 0.0160866323858
17 70 0 8 0.0160820428282
44 57 0 8 0.0160668399185
41 56 0 8 0.0160280205309
30 64 0 8 0.0160106569529
19 35 0 8 0.0159615334123
8 82 0 8 0.0159429609776
60 65 0 8 0.0159345939755
40 57 0 8 0.0159253627062
48 63 0 8 0.0158778447658
5 54 0 8 0.0158718563616
19 73 0 8 0.0158575307578
33 50 0 8 0.0158481579274
37 48 0 8 0.0158462245017
37 72 0 8 0.0158407595009
11 44 0 8 0.0158244352788
9 59 0 8 0.0158187188208
7 41 0 8 0.0157613828778
6 36 0 8 0.0157419480383
37 74 0 8 0.0157373994589
4 45 0 8 0.0157332774252
6 39 0 8 0.0157248470932
28 76 0 8 0.0157068111002
39 62 0 8 0.0157016664743
11 80 0 8 0.0156875681132
38 65 0 8 0.0156773291528
15 81 0 8 0.0156657062471
33 61 0 8 0.01566487737
37 46 0 8 0.015662971884
1 82 0 8 0.0156538970768
38 59 0 8 0.0156252514571
9 68 0 8 0.0156185412779
51 57 0 8 0.0156053220853
45 67 0 8 0.0155953560024
46 57 0 8 0.015574593097
15 37 0 8 0.015558918938
49 58 0 8 0.0155417434871
11 54 0 8 0.0155373746529
7 80 0 8 0.0154831521213
36 80 0 8 0.0154654476792
42 58 0 8 0.0154629508033
3 77 0 8 0.0154627030715
21 65 0 8 0.0154420714825
29 64 0 8 0.0154197439551
6 37 0 8 0.0153900180012
44 53 0 8 0.0153664955869
9 37 0 8 0.0153627302498
40 55 0 8 0.0153609914705
23 31 0 8 0.0153558067977
9 81 0 8 0.0153484987095
36 56 0 8 0.0153399826959
20 33 0 8 0.0153318457305
18 66 0 8 0.0152959441766
8 68 0 8 0.0152761125937
37 44 0 8 0.0152435032651
20 73 0 8 0.0152131905779
3 48 0 8 0.0152082471177
23 33 0 8 0.0151655711234
35 77 0 8 0.0151392864063
27 73 0 8 0.0151357883587
40 74 0 8 0.0151315880939
8 71 0 8 0.0151239503175
19 80 0 8 0.0151209328324
38 71 0 8 0.0151096675545
30 58 0 8 0.0151071194559
71 77 0 8 0.0150888124481
6 73 0 8 0.015087720938
5 74 0 8 0.0150556489825
38 69 0 8 0.0150479776785
38 67 0 8 0.0150408698246
15 76 0 8 0.015021815896
48 60 0 8 0.0150191774592
34 70 0 8 0.0150025384501
33 54 0 8 0.014977298677
18 38 0 8 0.014975736849
11 36 0 8 0.014954874292
37 50 0 8 0.0149350212887
49 60 0 8 0.01492948737
35 74 0 8 0.0149257220328
23 76 0 8 0.0149223925546
40 77 0 8 0.0148629229516
17 63 0 8 0.014857317321
1 81 0 8 0.014840953052
43 70 0 8 0.0148237925023
5 49 0 8 0.0148157924414
3 42 0 8 0.0147943291813
11 37 0 8 0.0147752910852
28 73 0 8 0.0147591885179
27 68 0 8 0.0147554101422
23 81 0 8 0.0147356940433
11 64 0 8 0.0147340260446
36 58 0 8 0.0147097418085
46 63 0 8 0.0147086428478
37 77 0 8 0.0146858692169
40 72 0 8 0.0146825509146
15 29 0 8 0.0146749578416
14 19 0 8 0.0146688437089
16 58 0 8 0.0146646611392
29 75 0 8 0.0146579788998
29 57 0 8 0.0146557539701
19 25 0 8 0.0146239334717
44 67 0 8 0.0146046383306
28 53 0 8 0.0145538626239
23 72 0 8 0.0145273031667
20 60 0 8 0.014515593648
46 61 0 8 0.0145155182108
7 81 0 8 0.0145109696314
10 57 0 8 0.0144692352042
9 80 0 8 0.0144232474267
39 66 0 8 0.0144183943048
46 62 0 8 0.0143939731643
10 76 0 8 0.0143479239196
16 55 0 8 0.0143452938646
4 49 0 8 0.0143451122567
3 45 0 8 0.0143328057602
10 36 0 8 0.0143287312239
12 45 0 8 0.0143275866285
15 43 0 8 0.0143212033436
5 44 0 8 0.0142951915041
48 64 0 8 0.0142763564363
18 74 0 8 0.0142661398277
42 53 0 8 0.0142536200583
38 62 0 8 0.0142299346626
19 74 0 8 0.0142244715244
19 76 0 8 0.0142222587019
17 74 0 8 0.0142205338925
7 12 0 8 0.0142202666029
19 37 0 8 0.0142149329185
42 69 0 8 0.0142128420994
42 54 0 8 0.0142097091302
9 75 0 8 0.0141992326826
13 29 0 8 0.0141887115315
19 61 0 8 0.0141464807093
47 59 0 8 0.0141332531348
46 64 0 8 0.0141248237342
29 58 0 8 0.0141204148531
39 77 0 8 0.0140804443508
1 7 0 8 0.014079994522
22 58 0 8 0.0140756256878
43 69 0 8 0.0140620665625
27 51 0 8 0.0140534220263
5 58 0 8 0.0140431718901
40 54 0 8 0.0140365445986
16 61 0 8 0.0140354158357
6 56 0 8 0.0140124121681
8 56 0 8 0.0139630744234
6 47 0 8 0.0139121217653
45 61 0 8 0.0139082698151
3 43 0 8 0.0139023195952
20 36 0 8 0.0138952285051
39 58 0 8 0.0138813396916
14 71 0 8 0.0138422362506
43 54 0 8 0.0138421515003
27 65 0 8 0.0138403158635
8 67 0 8 0.0138221569359
17 40 0 8 0.0138150285929
37 65 0 8 0.0137998284772
37 57 0 8 0.0137749239802
19 30 0 8 0.0137717509642
35 58 0 8 0.0137620270252
21 77 0 8 0.0137481186539
76 81 0 8 0.0137212676927
21 62 0 8 0.0137117663398
9 45 0 8 0.0137090897188
8 55 0 8 0.0137073872611
14 20 0 8 0.0137019930407
36 64 0 8 0.0136954151094
5 73 0 8 0.0136651946232
11 71 0 8 0.013648590073
34 53 0 8 0.013631013222
4 77 0 8 0.0136195290834
4 43 0 8 0.0136119015515
25 51 0 8 0.0136088868603
4 46 0 8 0.0136085469276
18 81 0 8 0.0136024607345
29 61 0 8 0.0135993519798
7 50 0 8 0.0135651091114
15 61 0 8 0.0135487914085
41 64 0 8 0.0135412095115
21 70 0 8 0.0135197602212
41 51 0 8 0.0134920040146
8 48 0 8 0.0134894149378
18 76 0 8 0.0134558314458
32 49 0 8 0.0133954389021
20 68 0 8 0.0133869210258
15 58 0 8 0.013384623453
6 78 0 8 0.0133762257174
35 69 0 8 0.013358076103
41 80 0 8 0.0133452499285
17 37 0 8 0.0133440755308
17 68 0 8 0.0132902599871
37 78 0 8 0.0132738994434
16 23 0 8 0.0131960324943
3 50 0 8 0.0131917111576
6 69 0 8 0.0131717454642
43 67 0 8 0.0131657039747
42 70 0 8 0.013161293231
10 81 0 8 0.0131498156115
36 44 0 8 0.0131481392309
3 54 0 8 0.0131467096508
32 74 0 8 0.0131390532479
66 72 0 8 0.0131161045283
18 59 0 8 0.0131081258878
12 72 0 8 0.0130528109148
16 33 0 8 0.0130437845364
41 71 0 8 0.0129463383928
58 63 0 8 0.0129229547456
20 70 0 8 0.0129196392372
22 30 0 8 0.0128743480891
44 69 0 8 0.0128575665876
8 64 0 8 0.0128523027524
39 52 0 8 0.012845909223
39 61 0 8 0.0128448279575
3 82 0 8 0.0128031987697
59 64 0 8 0.0128029640764
9 36 0 8 0.0127882380038
42 79 0 8 0.0127790356055
19 28 0 8 0.0127753429115
12 59 0 8 0.0127605572343
5 81 0 8 0.0126981446519
15 55 0 8 0.0126932617277
20 76 0 8 0.0126727335155
10 38 0 8 0.0126691302285
21 55 0 8 0.0126326261088
11 82 0 8 0.0126108163968
34 72 0 8 0.0125781726092
41 73 0 8 0.0125729497522
10 69 0 8 0.0125702926889
16 29 0 8 0.0125526608899
67 72 0 8 0.0125167174265
18 28 0 8 0.0124919461086
19 62 0 8 0.0124675706029
38 52 0 8 0.0124610560015
10 64 0 8 0.0124562392011
4 82 0 8 0.0124487569556
42 62 0 8 0.0124474903569
30 65 0 8 0.0124356206506
35 61 0 8 0.012421766296
18 58 0 8 0.0124184563756
9 72 0 8 0.0124133052304
14 63 0 8 0.0123942513019
44 54 0 8 0.0123806707561
21 48 0 8 0.012380618602
14 61 0 8 0.0123767070472
24 74 0 8 0.012373897247
40 53 0 8 0.0123629709706
18 55 0 8 0.0123451203108
20 31 0 8 0.0123420683667
2 81 0 8 0.0123128835112
27 48 0 8 0.0122822439298
32 70 0 8 0.0122564313933
44 68 0 8 0.0122439395636
42 80 0 8 0.0122333783656
21 61 0 8 0.0122246127576
40 81 0 8 0.0122215896845
11 76 0 8 0.0122168818489
29 54 0 8 0.012196034193
40 60 0 8 0.0121573591605
15 32 0 8 0.0121489614248
5 67 0 8 0.0121444351971
16 62 0 8 0.0121248979121
42 60 0 8 0.0121041601524
24 35 0 8 0.0121024670079
36 67 0 8 0.0120730157942
18 70 0 8 0.0120485853404
21 34 0 8 0.0120242536068
67 74 0 8 0.0120037021115
20 54 0 8 0.0119983199984
41 54 0 8 0.0119671067223
21 64 0 8 0.0119488919154
29 69 0 8 0.011939432472
7 73 0 8 0.0119350682944
38 60 0 8 0.0119346128777
18 50 0 8 0.0118693336844
33 52 0 8 0.0118571985513
37 49 0 8 0.0118332933635
5 46 0 8 0.0118066929281
37 71 0 8 0.0117631666362
32 62 0 8 0.0117597691715
22 81 0 8 0.0117395324633
11 55 0 8 0.0117345489562
34 76 0 8 0.0117041459307
38 61 0 8 0.0116991056129
11 46 0 8 0.0116952247918
13 42 0 8 0.0116669628769
24 60 0 8 0.011646005325
5 42 0 8 0.0116416094825
29 52 0 8 0.0116326641291
36 52 0 8 0.0116269541904
29 56 0 8 0.0116265974939
7 57 0 8 0.0116143897176
18 73 0 8 0.0115631073713
3 46 0 8 0.0115489410236
39 57 0 8 0.0115349814296
38 73 0 8 0.0115213971585
15 46 0 8 0.0115197682753
11 57 0 8 0.0115143079311
13 60 0 8 0.0115040168166
9 82 0 8 0.0114991264418
20 66 0 8 0.0114883128554
9 48 0 8 0.0114673804492
13 68 0 8 0.0114506091923
45 70 0 8 0.0114423111081
14 72 0 8 0.011436955072
5 50 0 8 0.0114197758958
51 58 0 8 0.0113988863304
40 71 0 8 0.0113920588046
35 63 0 8 0.0113753322512
39 64 0 8 0.0113722970709
8 54 0 8 0.0113635836169
5 70 0 8 0.0113358134404
10 71 0 8 0.0113146556541
44 70 0 8 0.0113140475005
16 81 0 8 0.0113085648045
33 80 0 8 0.0112818591297
17 66 0 8 0.0112689472735
14 59 0 8 0.0112577797845
10 75 0 8 0.0112577369437
5 51 0 8 0.0112410997972
34 66 0 8 0.0112101528794
21 72 0 8 0.0111951204017
35 73 0 8 0.0111841252074
40 52 0 8 0.0111650247127
35 44 0 8 0.0111604258418
49 59 0 8 0.0111603569239
15 57 0 8 0.0111528662965
10 46 0 8 0.0111486706883
18 71 0 8 0.0111381458119
13 18 0 8 0.0111249340698
36 68 0 8 0.0111071914434
6 49 0 8 0.0110928863287
30 55 0 8 0.0110659692436
3 41 0 8 0.0110600320622
10 80 0 8 0.0110467206687
27 59 0 8 0.011040283367
7 64 0 8 0.0110336681828
13 46 0 8 0.0109771592543
7 16 0 8 0.010973520577
16 57 0 8 0.0109668048099
21 40 0 8 0.010961862281
36 47 0 8 0.0109588224441
35 72 0 8 0.0109557369724
24 34 0 8 0.0109415221959
30 59 0 8 0.0109310001135
6 76 0 8 0.0109266191721
12 60 0 8 0.0109145157039
52 58 0 8 0.0109011912718
21 60 0 8 0.0108807887882
13 81 0 8 0.010870160535
33 38 0 8 0.010868745856
12 41 0 8 0.0108681349084
11 41 0 8 0.0108591532335
4 50 0 8 0.0108455372974
34 65 0 8 0.0108297932893
68 78 0 8 0.0108200823888
33 81 0 8 0.0108151780441
18 40 0 8 0.0108061274514
47 60 0 8 0.0107959778979
21 68 0 8 0.0107950409874
11 68 0 8 0.0107878800482
2 80 0 8 0.0107794152573
13 64 0 8 0.0107764312997
20 28 0 8 0.0107739511877
28 62 0 8 0.0107729034498
5 80 0 8 0.010761029087
21 69 0 8 0.0107479617
35 66 0 8 0.010747754015
29 53 0 8 0.010733557865
11 38 0 8 0.0107286320999
42 61 0 8 0.0107217915356
35 45 0 8 0.0107121560723
53 58 0 8 0.0107094729319
41 77 0 8 0.0107025643811
45 57 0 8 0.0106853414327
24 71 0 8 0.0106822019443
36 49 0 8 0.0106802014634
16 54 0 8 0.0106636174023
17 29 0 8 0.0106572667137
18 27 0 8 0.0106487320736
36 72 0 8 0.0106363259256
16 27 0 8 0.0106325037777
11 81 0 8 0.0106205064803
12 64 0 8 0.0105804977939
8 49 0 8 0.0105730425566
14 64 0 8 0.0105660706758
48 77 0 8 0.0105598913506
13 35 0 8 0.0105549702421
8 72 0 8 0.0105300405994
68 73 0 8 0.0105278640985
35 80 0 8 0.0105061745271
34 60 0 8 0.0105020962656
3 49 0 8 0.0104927541688
12 43 0 8 0.01048532594
38 57 0 8 0.0104772252962
61 66 0 8 0.0104353222996
9 64 0 8 0.0104329986498
21 76 0 8 0.0104246614501
31 53 0 8 0.0103923985735
64 69 0 8 0.0103814043105
65 70 0 8 0.0103615829721
19 58 0 8 0.0103458790109
15 80 0 8 0.0103282695636
4 41 0 8 0.0103158922866
27 67 0 8 0.0103128980845
20 80 0 8 0.0103073520586
34 67 0 8 0.0103054549545
47 58 0 8 0.0102822137997
35 57 0 8 0.0102232974023
7 72 0 8 0.0101944021881
1 80 0 8 0.0101896356791
16 72 0 8 0.0101882256567
37 81 0 8 0.0101752951741
23 34 0 8 0.0101601779461
75 80 0 8 0.010098987259
12 37 0 8 0.0100903771818
4 78 0 8 0.0100516332313
36 65 0 8 0.0100494222715
19 81 0 8 0.0100463824347
34 44 0 8 0.0100204367191
24 49 0 8 0.0100200343877
38 80 0 8 0.00997745897621
10 68 0 8 0.00997444055974
38 76 0 8 0.0099695911631
15 68 0 8 0.00996690057218
41 69 0 8 0.00995175540447
16 36 0 8 0.00995084457099
15 62 0 8 0.00994955282658
48 74 0 8 0.00993925333023
39 81 0 8 0.00992996618152
31 59 0 8 0.00987694971263
20 62 0 8 0.0098719894886
18 68 0 8 0.00984811689705
30 52 0 8 0.00984663423151
24 70 0 8 0.00983523204923
48 82 0 8 0.00982598587871
7 82 0 8 0.0097938682884
8 62 0 8 0.00978381652385
31 62 0 8 0.00978380721062
3 63 0 8 0.00976349599659
20 30 0 8 0.00975848641247
23 57 0 8 0.00975365471095
4 68 0 8 0.00975165981799
22 60 0 8 0.00974469073117
25 74 0 8 0.00970699079335
22 33 0 8 0.00968033168465
1 52 0 8 0.00967504922301
9 61 0 8 0.00966558232903
29 71 0 8 0.00964854937047
17 28 0 8 0.00964163523167
36 41 0 8 0.00960857141763
8 76 0 8 0.00960436183959
18 42 0 8 0.0095968991518
4 76 0 8 0.00959238130599
13 41 0 8 0.00957812648267
11 60 0 8 0.00957749318331
39 65 0 8 0.00955084804446
21 66 0 8 0.00953236222267
21 63 0 8 0.00951695535332
14 58 0 8 0.00951314438134
7 76 0 8 0.00950392428786
2 50 0 8 0.00949301850051
24 51 0 8 0.00948619749397
35 81 0 8 0.00948066078126
22 68 0 8 0.00946505460888
35 40 0 8 0.00946003571153
2 46 0 8 0.00944682303816
30 69 0 8 0.00943898223341
6 72 0 8 0.00943774729967
32 75 0 8 0.00943743065
6 11 0 8 0.00940547883511
39 74 0 8 0.00940049532801
4 48 0 8 0.00934148486704
29 63 0 8 0.00933711323887
19 63 0 8 0.00932011567056
10 48 0 8 0.00931296870112
4 52 0 8 0.0093003641814
6 82 0 8 0.00928402971476
14 29 0 8 0.0092684160918
43 53 0 8 0.00926517602056
34 61 0 8 0.00923950504512
52 60 0 8 0.00923717021942
47 57 0 8 0.00923587474972
25 56 0 8 0.00921337027103
2 48 0 8 0.00920886080712
39 51 0 8 0.00919785629958
10 55 0 8 0.00918669067323
40 82 0 8 0.00916885957122
12 17 0 8 0.00915314443409
11 48 0 8 0.00914590712637
15 34 0 8 0.0091447243467
34 64 0 8 0.00913284067065
12 48 0 8 0.00913227535784
35 78 0 8 0.00912564620376
33 75 0 8 0.00909261219203
40 68 0 8 0.00908441003412
34 57 0 8 0.00907226279378
25 69 0 8 0.0090715168044
6 62 0 8 0.00906090158969
23 58 0 8 0.00906053278595
40 75 0 8 0.00904641114175
4 74 0 8 0.009032567963
25 73 0 8 0.00901724491268
9 14 0 8 0.0090048070997
12 68 0 8 0.00900094024837
10 44 0 8 0.00899774208665
35 64 0 8 0.00898927636445
24 62 0 8 0.00898293219507
25 71 0 8 0.00897378940135
23 70 0 8 0.00895272567868
7 52 0 8 0.00894659198821
5 82 0 8 0.00894189253449
2 44 0 8 0.00892924144864
8 38 0 8 0.00892758741975
12 81 0 8 0.00892237387598
7 37 0 8 0.00891423970461
18 65 0 8 0.00889790896326
9 65 0 8 0.00889484398067
3 47 0 8 0.00887099467218
1 48 0 8 0.00885990355164
12 36 0 8 0.00885681435466
17 65 0 8 0.00885025784373
46 81 0 8 0.00884230993688
5 41 0 8 0.00884007383138
1 51 0 8 0.00883367937058
4 58 0 8 0.00883274059743
33 49 0 8 0.00879758410156
31 74 0 8 0.00879545602947
16 34 0 8 0.00878626573831
31 50 0 8 0.00878021679819
12 38 0 8 0.00875418446958
38 68 0 8 0.00874435435981
22 55 0 8 0.00873776525259
13 80 0 8 0.00872739218175
15 38 0 8 0.00872355699539
9 50 0 8 0.00870165135711
39 56 0 8 0.00869458448142
12 19 0 8 0.00867544859648
7 51 0 8 0.00867078267038
7 70 0 8 0.00865973159671
66 73 0 8 0.00865907222033
61 70 0 8 0.0086468057707
16 43 0 8 0.00863956101239
20 61 0 8 0.00862860307097
16 68 0 8 0.00862066075206
18 64 0 8 0.00861902721226
4 73 0 8 0.00861546676606
38 82 0 8 0.00861363392323
18 30 0 8 0.00860452186316
34 69 0 8 0.00857834517956
23 66 0 8 0.00857790280133
10 35 0 8 0.00857099983841
14 35 0 8 0.008559637703
37 52 0 8 0.00854142289609
16 35 0 8 0.00853820890188
4 51 0 8 0.00849322229624
16 45 0 8 0.00849062018096
7 53 0 8 0.0084904031828
16 80 0 8 0.00844078045338
29 80 0 8 0.00838683545589
12 33 0 8 0.00838057138026
12 80 0 8 0.00837388541549
7 75 0 8 0.00836272258312
10 39 0 8 0.00833967793733
1 50 0 8 0.00831741467118
39 67 0 8 0.00831658020616
35 68 0 8 0.00831442605704
32 63 0 8 0.0083103729412
17 34 0 8 0.00830676686019
20 81 0 8 0.00827895477414
24 57 0 8 0.00826878566295
14 34 0 8 0.00826793722808
12 46 0 8 0.00826179329306
21 81 0 8 0.00825961772352
23 59 0 8 0.00822473224252
26 32 0 8 0.00822149310261
25 49 0 8 0.00822137203068
3 79 0 8 0.00820680521429
25 50 0 8 0.0081976428628
21 73 0 8 0.00819178670645
4 57 0 8 0.00817455351353
1 45 0 8 0.00817081611603
24 61 0 8 0.00816966407001
17 55 0 8 0.00816769059747
16 44 0 8 0.00815378408879
25 67 0 8 0.00813648756593
16 32 0 8 0.00813343934715
3 55 0 8 0.00812811404467
36 78 0 8 0.00812790263444
13 20 0 8 0.00812055543065
16 37 0 8 0.00811869744211
39 80 0 8 0.0081115309149
24 80 0 8 0.00811055675149
4 47 0 8 0.0081018153578
33 78 0 8 0.00809844024479
63 73 0 8 0.00809670146555
9 76 0 8 0.00808762665838
4 40 0 8 0.00808318983763
29 50 0 8 0.0080693308264
2 82 0 8 0.00806280039251
45 81 0 8 0.00804558768868
17 61 0 8 0.00804378464818
4 79 0 8 0.00804346147925
22 65 0 8 0.0080410419032
47 82 0 8 0.00803260970861
18 31 0 8 0.00803135242313
3 69 0 8 0.00802598707378
12 44 0 8 0.00802177749574
20 65 0 8 0.00801274459809
63 74 0 8 0.00800425093621
26 34 0 8 0.00799549464136
2 49 0 8 0.00798946432769
1 77 0 8 0.00798919983208
19 31 0 8 0.00798594672233
3 58 0 8 0.00796962529421
8 36 0 8 0.0079690637067
29 34 0 8 0.00795661099255
15 59 0 8 0.00795156136155
7 49 0 8 0.00795053131878
20 63 0 8 0.00794827472419
10 78 0 8 0.00794659461826
12 30 0 8 0.00794391427189
25 70 0 8 0.00794199761003
70 77 0 8 0.0079402429983
24 81 0 8 0.00793610140681
35 70 0 8 0.00793056562543
3 76 0 8 0.00791603513062
6 60 0 8 0.00791413616389
14 76 0 8 0.00791379902512
19 68 0 8 0.00791020970792
3 68 0 8 0.0079039670527
25 65 0 8 0.00790229532868
32 52 0 8 0.00789258535951
7 69 0 8 0.00788441579789
2 54 0 8 0.00787520129234
4 72 0 8 0.00786922406405
8 78 0 8 0.00785639509559
5 71 0 8 0.00785542000085
28 54 0 8 0.007847847417
15 82 0 8 0.00784286204726
5 47 0 8 0.00783966016024
22 71 0 8 0.00783647503704
27 54 0 8 0.00782144442201
20 78 0 8 0.00780939450487
27 81 0 8 0.00780702289194
27 69 0 8 0.00780552392825
8 57 0 8 0.00776176294312
30 62 0 8 0.00775588536635
3 78 0 8 0.00775418244302
10 82 0 8 0.0077531482093
25 61 0 8 0.00774749042466
3 70 0 8 0.00771934865043
19 34 0 8 0.00771054020151
45 65 0 8 0.00770744634792
6 64 0 8 0.00769666302949
1 8 0 8 0.00769587978721
35 52 0 8 0.00768425082788
35 60 0 8 0.007670649793
22 52 0 8 0.00766373099759
20 67 0 8 0.00765982270241
69 77 0 8 0.007655702997
11 35 0 8 0.007633225061
23 65 0 8 0.00762462615967
9 60 0 8 0.00762412138283
18 52 0 8 0.00761172035709
48 81 0 8 0.0075878626667
22 77 0 8 0.00758670642972
27 76 0 8 0.00758653040975
31 72 0 8 0.00758184678853
25 68 0 8 0.00757263135165
24 68 0 8 0.00756239658222
41 78 0 8 0.00756167713553
8 75 0 8 0.00755879702047
17 72 0 8 0.00755565334111
18 60 0 8 0.00755359791219
17 59 0 8 0.00752816395834
45 68 0 8 0.00751528143883
3 57 0 8 0.00749238673598
7 60 0 8 0.00748429214582
25 80 0 8 0.00748142739758
12 79 0 8 0.00747884996235
3 67 0 8 0.00747879315168
43 71 0 8 0.00745759345591
9 78 0 8 0.00744703691453
24 48 0 8 0.00742902280763
31 68 0 8 0.00742406677455
18 54 0 8 0.00741933193058
11 59 0 8 0.00739274779335
12 42 0 8 0.00738151697442
8 13 0 8 0.00736317643896
4 61 0 8 0.00735916988924
3 9 0 8 0.00735829537734
18 34 0 8 0.00735793309286
7 35 0 8 0.00735314236954
31 76 0 8 0.00735148228705
48 65 0 8 0.00734170759097
17 33 0 8 0.00733704213053
31 54 0 8 0.00733213638887
41 53 0 8 0.00733101554215
13 44 0 8 0.00731498049572
32 72 0 8 0.00726745184511
27 79 0 8 0.00725918216631
11 49 0 8 0.00724756671116
1 49 0 8 0.00723703438416
3 64 0 8 0.00722493417561
27 53 0 8 0.00722139514983
30 70 0 8 0.00721036503091
13 38 0 8 0.00719786901027
17 30 0 8 0.00719481660053
10 59 0 8 0.00717627070844
21 80 0 8 0.0071701509878
8 46 0 8 0.0071652950719
8 37 0 8 0.00716165918857
3 65 0 8 0.0071608661674
15 78 0 8 0.00713955704123
30 61 0 8 0.00713826902211
3 73 0 8 0.00709559535608
12 76 0 8 0.0070632500574
28 70 0 8 0.00703723588958
9 39 0 8 0.00703686615452
18 61 0 8 0.00703500723466
18 62 0 8 0.00702475197613
17 44 0 8 0.00702024996281
11 78 0 8 0.00701260194182
39 69 0 8 0.00701064011082
43 72 0 8 0.00700332131237
22 36 0 8 0.00699888868257
44 80 0 8 0.00698805740103
43 76 0 8 0.00698379660025
8 60 0 8 0.00697981286794
16 76 0 8 0.00697784032673
9 46 0 8 0.00695862015709
34 80 0 8 0.00695662014186
3 72 0 8 0.00693767564371
46 82 0 8 0.00693051423877
23 54 0 8 0.00692494073883
17 50 0 8 0.00690785748884
7 68 0 8 0.00689538568258
36 43 0 8 0.00689111603424
17 80 0 8 0.00688997050747
3 60 0 8 0.00688441935927
7 78 0 8 0.00688206264749
22 72 0 8 0.00687222741544
27 34 0 8 0.00687115686014
30 63 0 8 0.00686866836622
12 39 0 8 0.0068645416759
6 70 0 8 0.00685992371291
4 62 0 8 0.00685888435692
42 65 0 8 0.0068556079641
4 56 0 8 0.00685378024355
67 73 0 8 0.00685080466792
44 82 0 8 0.00684067653492
38 72 0 8 0.00681609334424
4 65 0 8 0.00681527657434
23 35 0 8 0.00680618407205
18 80 0 8 0.0068022236228
9 38 0 8 0.00678879022598
17 31 0 8 0.00678745936602
28 61 0 8 0.00678586168215
45 77 0 8 0.00678568240255
6 75 0 8 0.00677008088678
6 79 0 8 0.00677007483318
31 49 0 8 0.00674656452611
18 67 0 8 0.00674502458423
42 71 0 8 0.00673908228055
29 72 0 8 0.00673309061676
18 37 0 8 0.00672316784039
18 72 0 8 0.00672065885738
59 66 0 8 0.00671769911423
8 63 0 8 0.00671136751771
7 71 0 8 0.00670438073575
27 72 0 8 0.00670170783997
50 80 0 8 0.00669272756204
12 50 0 8 0.00667958147824
21 54 0 8 0.00667391764
30 54 0 8 0.00667014438659
25 62 0 8 0.00665393751115
13 48 0 8 0.00664200959727
20 71 0 8 0.00664007756859
44 77 0 8 0.00663810921833
27 74 0 8 0.00662669539452
3 10 0 8 0.00661584408954
60 80 0 8 0.00661184033379
35 76 0 8 0.00661128293723
31 60 0 8 0.00660853041336
15 42 0 8 0.00660554785281
43 82 0 8 0.00659095821902
7 39 0 8 0.00657456833869
23 71 0 8 0.00657142326236
19 57 0 8 0.00657085096464
4 69 0 8 0.00656756199896
8 39 0 8 0.00655830651522
28 77 0 8 0.00653404742479
45 82 0 8 0.00652959756553
1 9 0 8 0.00652793375775
33 46 0 8 0.00652121705934
19 82 0 8 0.00651835091412
23 63 0 8 0.0065182489343
4 63 0 8 0.00651802960783
36 53 0 8 0.00651025958359
21 67 0 8 0.00649672513828
16 24 0 8 0.00649455888197
24 45 0 8 0.00649359868839
3 62 0 8 0.00648566661403
32 53 0 8 0.00647820811719
4 54 0 8 0.00647759716958
4 55 0 8 0.00646844040602
21 58 0 8 0.00646694516763
38 54 0 8 0.00645890738815
2 66 0 8 0.00644888496026
4 64 0 8 0.00644468190148
5 76 0 8 0.00644198060036
31 58 0 8 0.00643892306834
25 77 0 8 0.00643029576167
64 73 0 8 0.00641670729965
45 66 0 8 0.00641582906246
22 61 0 8 0.00641423929483
10 19 0 8 0.00640979222953
19 59 0 8 0.00640726881102
12 35 0 8 0.00638072239235
3 75 0 8 0.00637847045437
10 34 0 8 0.00637640338391
15 41 0 8 0.00637275492772
4 59 0 8 0.00636991439387
17 81 0 8 0.00636486755684
24 37 0 8 0.00636026123539
8 79 0 8 0.00635089259595
8 52 0 8 0.00634697917849
19 78 0 8 0.00634520500898
32 81 0 8 0.00634457357228
22 70 0 8 0.00633702380583
6 50 0 8 0.00633417489007
19 38 0 8 0.00632667634636
50 81 0 8 0.00631399359554
25 72 0 8 0.00631280289963
2 45 0 8 0.00631175329909
18 78 0 8 0.00630217790604
3 59 0 8 0.00628862669691
27 64 0 8 0.00628535589203
20 34 0 8 0.00627141492441
32 54 0 8 0.00626493711025
25 76 0 8 0.00624904222786
60 69 0 8 0.00624500773847
41 79 0 8 0.0062413951382
60 70 0 8 0.00623716134578
25 33 0 8 0.00623357761651
9 27 0 8 0.00622698199004
4 71 0 8 0.00622365763411
22 74 0 8 0.00621524034068
50 61 0 8 0.00621382985264
17 38 0 8 0.00621231878176
60 81 0 8 0.00620023719966
39 71 0 8 0.00618792092428
6 65 0 8 0.00618778634816
1 46 0 8 0.00618113903329
44 74 0 8 0.00616950634867
6 66 0 8 0.00616043526679
26 77 0 8 0.00615580054
14 82 0 8 0.0061426316388
14 55 0 8 0.00613836245611
32 71 0 8 0.00613171327859
6 68 0 8 0.00611805869266
24 59 0 8 0.00611630501226
2 47 0 8 0.00611337274313
50 60 0 8 0.00611323630437
15 48 0 8 0.00609535723925
3 52 0 8 0.00609445944428
20 74 0 8 0.00609424291179
1 47 0 8 0.00608921051025
45 73 0 8 0.00608025630936
25 35 0 8 0.00607138173655
14 80 0 8 0.00607102457434
9 15 0 8 0.00606783758849
32 51 0 8 0.00606589671224
48 76 0 8 0.00606470648199
24 56 0 8 0.00605993717909
20 59 0 8 0.00605106260628
6 71 0 8 0.00604594592005
4 66 0 8 0.00604440737516
31 57 0 8 0.0060441265814
12 54 0 8 0.00603716121987
1 54 0 8 0.00603597937152
19 55 0 8 0.00603542709723
14 81 0 8 0.00602821167558
74 79 0 8 0.00602604588494
48 80 0 8 0.00598604138941
1 55 0 8 0.00598144438118
14 32 0 8 0.00597592396662
18 41 0 8 0.00597501173615
6 38 0 8 0.00596903637052
7 67 0 8 0.00595696177334
46 77 0 8 0.00594759220257
18 24 0 8 0.00594725366682
28 52 0 8 0.00594435352832
25 64 0 8 0.0059442804195
13 34 0 8 0.00593929225579
31 70 0 8 0.00593525078148
25 57 0 8 0.00590623728931
42 82 0 8 0.00589903816581
12 34 0 8 0.00587336812168
41 72 0 8 0.0058714998886
42 64 0 8 0.00586942955852
13 32 0 8 0.00586102716625
1 43 0 8 0.00585406878963
12 82 0 8 0.00584888504818
12 57 0 8 0.0058486959897
23 82 0 8 0.00584670575336
18 23 0 8 0.00584408128634
25 66 0 8 0.0058439206332
17 45 0 8 0.00584231456742
18 43 0 8 0.00584123423323
25 58 0 8 0.00583260133862
52 59 0 8 0.0058320290409
34 54 0 8 0.00582302547991
38 75 0 8 0.00581352924928
7 79 0 8 0.00580811593682
35 54 0 8 0.00579434586689
24 75 0 8 0.0057915057987
10 79 0 8 0.00578323705122
27 66 0 8 0.00578123563901
4 70 0 8 0.005770069547
3 71 0 8 0.00576043780893
11 56 0 8 0.00575879402459
30 75 0 8 0.00575755164027
3 56 0 8 0.00575134251267
27 61 0 8 0.00573212699965
31 63 0 8 0.00573046924546
18 63 0 8 0.0057170172222
51 81 0 8 0.0057160500437
37 54 0 8 0.00568838790059
19 39 0 8 0.00568576110527
23 48 0 8 0.00568169215694
55 80 0 8 0.00567852007225
2 55 0 8 0.00566350808367
4 60 0 8 0.00566335488111
8 50 0 8 0.00564444204792
4 75 0 8 0.00562518974766
70 81 0 8 0.00561467185616
13 76 0 8 0.00561112677678
25 81 0 8 0.00560948811471
23 67 0 8 0.00560577632859
46 80 0 8 0.00560177490115
27 55 0 8 0.0056015891023
16 41 0 8 0.00557886948809
19 71 0 8 0.00557122705504
63 72 0 8 0.00556105747819
23 78 0 8 0.00556071475148
37 47 0 8 0.00555789656937
5 72 0 8 0.00555355474353
31 67 0 8 0.00554674398154
16 30 0 8 0.00554140983149
26 53 0 8 0.0055366740562
48 69 0 8 0.0055298442021
5 68 0 8 0.00552983907983
59 77 0 8 0.00551466131583
45 80 0 8 0.00551441032439
15 45 0 8 0.00550663331524
12 75 0 8 0.00549555663019
7 38 0 8 0.00549527816474
16 82 0 8 0.00548850419
11 34 0 8 0.00548413302749
28 33 0 8 0.00548366224393
14 75 0 8 0.00548220146447
12 32 0 8 0.00547140464187
43 73 0 8 0.00545244384557
17 43 0 8 0.00544776348397
12 29 0 8 0.00544545659795
3 61 0 8 0.00543657736853
33 51 0 8 0.00542077794671
21 52 0 8 0.00542053859681
22 64 0 8 0.00541455950588
19 67 0 8 0.00541189778596
33 47 0 8 0.00541140465066
15 44 0 8 0.00541024515405
22 76 0 8 0.00539613328874
32 48 0 8 0.00539387157187
17 82 0 8 0.00537626398727
57 77 0 8 0.00537353940308
1 10 0 8 0.0053724842146
31 65 0 8 0.00537128932774
3 74 0 8 0.00537096569315
62 70 0 8 0.00536285107955
42 72 0 8 0.00535845244303
27 80 0 8 0.00535585312173
14 44 0 8 0.00535483472049
15 27 0 8 0.00532583566383
24 66 0 8 0.00532414158806
39 54 0 8 0.00532288849354
23 49 0 8 0.00530580198392
45 69 0 8 0.00529875978827
26 54 0 8 0.00527935754508
6 53 0 8 0.00525474455208
9 57 0 8 0.00525043718517
13 82 0 8 0.00524978199974
25 54 0 8 0.0052465707995
27 58 0 8 0.00523663545027
17 60 0 8 0.00521207693964
22 62 0 8 0.00521106086671
39 82 0 8 0.00520590227097
44 73 0 8 0.00519471988082
62 71 0 8 0.00518801948056
14 78 0 8 0.00517631787807
43 78 0 8 0.00517183914781
16 38 0 8 0.00517153460532
24 82 0 8 0.00515760667622
19 40 0 8 0.00515735009685
8 15 0 8 0.00515706837177
16 60 0 8 0.00515247089788
4 67 0 8 0.00515067065135
49 81 0 8 0.0051457346417
23 68 0 8 0.0051420526579
22 34 0 8 0.00512504624203
16 75 0 8 0.00512087857351
14 41 0 8 0.00511777494103
5 78 0 8 0.00510885799304
42 68 0 8 0.00509825302288
3 12 0 8 0.00509039591998
37 51 0 8 0.00509020546451
36 42 0 8 0.00508392369375
38 81 0 8 0.00508198002353
14 60 0 8 0.00505420425907
28 75 0 8 0.00504665682092
13 78 0 8 0.00504136318341
14 25 0 8 0.00504097342491
1 53 0 8 0.00503893848509
20 37 0 8 0.00503875175491
3 66 0 8 0.00503735616803
14 24 0 8 0.00503044901416
18 75 0 8 0.00502060679719
19 41 0 8 0.00501810433343
64 77 0 8 0.00501182721928
3 40 0 8 0.00500538293272
9 35 0 8 0.00499858614057
15 23 0 8 0.00499616982415
30 51 0 8 0.00497199967504
27 78 0 8 0.00497081317008
72 81 0 8 0.0049488642253
42 73 0 8 0.00494078593329
48 70 0 8 0.0049361018464
62 73 0 8 0.00493059167638
25 60 0 8 0.00491980649531
10 21 0 8 0.00491485977545
31 51 0 8 0.00490860221907
40 76 0 8 0.00490708416328
3 35 0 8 0.00486019765958
34 39 0 8 0.00485955458134
36 76 0 8 0.00485697947443
39 53 0 8 0.00485406955704
11 75 0 8 0.00484975753352
30 68 0 8 0.00484631117433
38 79 0 8 0.00484320754185
27 60 0 8 0.00483721960336
30 49 0 8 0.00482605630532
39 78 0 8 0.00480726733804
58 77 0 8 0.00479215756059
30 48 0 8 0.00478941109031
55 60 0 8 0.00478858174756
29 82 0 8 0.00478119030595
44 72 0 8 0.00476946495473
29 49 0 8 0.00474647898227
19 42 0 8 0.00473414408043
15 30 0 8 0.00473351730034
63 70 0 8 0.00473201042041
29 81 0 8 0.00473025022075
21 75 0 8 0.00472493516281
31 64 0 8 0.00472004711628
13 57 0 8 0.00471339607611
14 23 0 8 0.00471294857562
24 52 0 8 0.00471008894965
17 48 0 8 0.00470903143287
2 76 0 8 0.00470243720338
24 67 0 8 0.00469536054879
13 56 0 8 0.00468622893095
11 29 0 8 0.00468509225175
14 48 0 8 0.00467909034342
13 27 0 8 0.00467621069402
25 63 0 8 0.00467309588566
31 66 0 8 0.00466326996684
46 78 0 8 0.00465067755431
22 51 0 8 0.00464850850403
42 78 0 8 0.00463543925434
47 71 0 8 0.00463512493297
22 48 0 8 0.00463497079909
1 79 0 8 0.00463330559433
45 78 0 8 0.00463045202196
23 62 0 8 0.00462010782212
27 82 0 8 0.00461142789572
30 80 0 8 0.00460684485734
29 51 0 8 0.00460675964132
1 78 0 8 0.00459877448156
12 78 0 8 0.00459527876228
4 35 0 8 0.0045808297582
2 69 0 8 0.00457597523928
22 50 0 8 0.00457419222221
2 8 0 8 0.00457390351221
2 43 0 8 0.00456811441109
2 72 0 8 0.00455403141677
25 36 0 8 0.00452971551567
2 77 0 8 0.00452489266172
24 50 0 8 0.00451295962557
12 27 0 8 0.00447340169922
36 54 0 8 0.00446360791102
22 80 0 8 0.00446059787646
22 63 0 8 0.00445868400857
63 77 0 8 0.00445689400658
1 44 0 8 0.00445583602414
5 61 0 8 0.00445553380996
2 52 0 8 0.00445508118719
4 10 0 8 0.00444828858599
24 76 0 8 0.00444737449288
23 79 0 8 0.00444058328867
44 78 0 8 0.00443932134658
15 50 0 8 0.00443582236767
2 78 0 8 0.00443561142311
32 37 0 8 0.00442608492449
16 78 0 8 0.00442580785602
3 36 0 8 0.00442452635616
27 52 0 8 0.00441373232752
70 75 0 8 0.00440582772717
12 55 0 8 0.00439271796495
3 53 0 8 0.00439030164853
25 82 0 8 0.00438434025273
31 61 0 8 0.00436707353219
18 25 0 8 0.00435778684914
43 79 0 8 0.00432709697634
22 69 0 8 0.00432638870552
18 46 0 8 0.00432619126514
15 25 0 8 0.00432086875662
71 80 0 8 0.00431315414608
63 71 0 8 0.00430905632675
15 24 0 8 0.00430813338608
24 43 0 8 0.00430484348908
16 25 0 8 0.00429801410064
16 59 0 8 0.00429494632408
7 29 0 8 0.00429179891944
34 43 0 8 0.00428258208558
74 81 0 8 0.00427571311593
19 48 0 8 0.00426689907908
11 50 0 8 0.00426524225622
50 82 0 8 0.00426437333226
47 62 0 8 0.00426271557808
33 82 0 8 0.00426085619256
16 47 0 8 0.00425162445754
16 42 0 8 0.00425102328882
45 76 0 8 0.00424042297527
46 74 0 8 0.00424007698894
4 33 0 8 0.00423138868064
39 73 0 8 0.00423124153167
17 24 0 8 0.00422295881435
17 76 0 8 0.00422029243782
20 75 0 8 0.0042159864679
5 10 0 8 0.00421548588201
14 30 0 8 0.004205012694
14 52 0 8 0.00419734837487
4 24 0 8 0.00419110246003
5 40 0 8 0.00419101724401
18 82 0 8 0.00418557552621
33 44 0 8 0.00416236463934
63 81 0 8 0.00415272451937
5 75 0 8 0.00415106629953
64 71 0 8 0.00414210697636
27 57 0 8 0.00414149742573
10 17 0 8 0.00414138147607
49 80 0 8 0.0041286139749
34 51 0 8 0.00412751641124
36 82 0 8 0.00412143114954
35 71 0 8 0.00411723321304
14 50 0 8 0.00411120755598
26 55 0 8 0.0041076540947
14 54 0 8 0.00410755490884
11 53 0 8 0.00410614488646
35 82 0 8 0.004105088301
18 48 0 8 0.0040937056765
24 78 0 8 0.00408800551668
28 66 0 8 0.00407969718799
34 42 0 8 0.00407675746828
65 77 0 8 0.00406557088718
26 52 0 8 0.00405609235168
7 13 0 8 0.00404406711459
44 71 0 8 0.00404210481793
4 53 0 8 0.00404045591131
2 36 0 8 0.00403875065967
2 42 0 8 0.00403569685295
22 67 0 8 0.00402377732098
2 51 0 8 0.00401756027713
6 35 0 8 0.00400204723701
48 73 0 8 0.00400128308684
3 37 0 8 0.00399640994146
33 43 0 8 0.00399242993444
21 57 0 8 0.00398869812489
76 82 0 8 0.0039857532829
3 29 0 8 0.00398567924276
14 46 0 8 0.0039854994975
14 57 0 8 0.00398237770423
18 57 0 8 0.00397812249139
45 72 0 8 0.00397670222446
12 52 0 8 0.00395775260404
11 27 0 8 0.00395763618872
9 29 0 8 0.00395123707131
57 62 0 8 0.00394855253398
16 52 0 8 0.00394749315456
60 66 0 8 0.00394187076017
70 76 0 8 0.0039407229051
60 71 0 8 0.00394003977999
28 81 0 8 0.00393384089693
20 57 0 8 0.00392667111009
18 44 0 8 0.0039242436178
67 77 0 8 0.00391745939851
39 72 0 8 0.00391645822674
11 18 0 8 0.00390588794835
1 76 0 8 0.00389968184754
14 45 0 8 0.00389817054383
10 29 0 8 0.00389672117308
36 51 0 8 0.00389635120519
17 42 0 8 0.00388094852678
11 30 0 8 0.00387654174119
28 72 0 8 0.00387163949199
21 37 0 8 0.00387113378383
40 78 0 8 0.00386342057027
32 46 0 8 0.00386200216599
15 75 0 8 0.00385884637944
55 73 0 8 0.00385736930184
12 47 0 8 0.00385563261807
46 65 0 8 0.00385378906503
29 48 0 8 0.00385200837627
6 51 0 8 0.00384687935002
23 55 0 8 0.00384391658008
15 31 0 8 0.00384183390997
51 60 0 8 0.00383958267048
15 56 0 8 0.00383533560671
2 53 0 8 0.00383515516296
68 74 0 8 0.00383258913644
16 46 0 8 0.00383124756627
21 44 0 8 0.00381522416137
61 67 0 8 0.00380272371694
1 56 0 8 0.00380218005739
20 55 0 8 0.00379435461946
5 79 0 8 0.00377503503114
25 59 0 8 0.00377084128559
14 56 0 8 0.00376588059589
11 52 0 8 0.0037605909165
22 66 0 8 0.00375998904929
21 78 0 8 0.00375781394541
28 64 0 8 0.00375160342082
41 75 0 8 0.00375063205138
65 74 0 8 0.00374900759198
16 50 0 8 0.00374765601009
28 56 0 8 0.00374271185137
15 21 0 8 0.00373494997621
8 29 0 8 0.00373468198813
25 53 0 8 0.0037252465263
26 76 0 8 0.00371946208179
15 52 0 8 0.00371549557894
8 31 0 8 0.00371511420235
27 71 0 8 0.0037130783312
4 30 0 8 0.00371191068552
65 72 0 8 0.00370975816622
44 76 0 8 0.00370129058138
24 36 0 8 0.00369809870608
10 24 0 8 0.00369350938126
17 57 0 8 0.00369275477715
17 56 0 8 0.00369058176875
35 53 0 8 0.00369048351422
36 81 0 8 0.00368747278117
18 49 0 8 0.00368550606072
9 56 0 8 0.0036824834533
6 52 0 8 0.00367684732191
13 50 0 8 0.00367672857828
28 82 0 8 0.00367380748503
46 66 0 8 0.00367086590268
46 69 0 8 0.00366384419613
5 64 0 8 0.00366039760411
16 31 0 8 0.00365672493353
2 59 0 8 0.00365038425662
74 80 0 8 0.00364092714153
19 75 0 8 0.00364001397975
61 81 0 8 0.00362160103396
17 75 0 8 0.00361956795678
69 74 0 8 0.00361463055015
15 28 0 8 0.00361406919546
33 45 0 8 0.00361356092617
16 39 0 8 0.00361048895866
65 71 0 8 0.0036093054805
11 20 0 8 0.00360464258119
27 75 0 8 0.00359457940795
4 36 0 8 0.00358445057645
35 43 0 8 0.00357708707452
10 50 0 8 0.00356624508277
20 41 0 8 0.00356311490759
42 74 0 8 0.00356254633516
28 65 0 8 0.0035595681984
10 47 0 8 0.0035588867031
10 56 0 8 0.00355515675619
46 72 0 8 0.00355448108166
4 29 0 8 0.00354312127456
20 82 0 8 0.00354192452505
23 50 0 8 0.00354018132202
49 77 0 8 0.00353913195431
10 20 0 8 0.00353750260547
25 78 0 8 0.00353625579737
73 81 0 8 0.00353138474748
2 9 0 8 0.00353095517494
57 64 0 8 0.0035269157961
46 73 0 8 0.00352535606362
43 75 0 8 0.00352468760684
9 52 0 8 0.00351385166869
16 49 0 8 0.00350740435533
66 81 0 8 0.00350253633223
17 52 0 8 0.00349773140624
49 62 0 8 0.00349095533602
58 64 0 8 0.00349022890441
12 23 0 8 0.00348305678926
7 36 0 8 0.00347082247026
28 58 0 8 0.00346987578087
7 47 0 8 0.00346923945472
3 27 0 8 0.00345703866333
32 80 0 8 0.00345546030439
45 74 0 8 0.003453142941
2 56 0 8 0.00344514288008
4 32 0 8 0.00343929510564
2 73 0 8 0.00343792070635
61 80 0 8 0.00343711208552
22 54 0 8 0.00343616819009
57 81 0 8 0.00343336910009
46 70 0 8 0.00343063892797
1 73 0 8 0.00342110870406
3 51 0 8 0.00341960368678
2 10 0 8 0.00341541692615
17 78 0 8 0.00341269280761
28 68 0 8 0.00340158259496
23 75 0 8 0.00340079539455
7 56 0 8 0.00339878234081
50 78 0 8 0.00339172803797
47 81 0 8 0.00338272983208
16 28 0 8 0.00337090785615
27 70 0 8 0.00337087409571
21 49 0 8 0.00336511828937
23 36 0 8 0.00336466915905
28 60 0 8 0.00335692614317
8 35 0 8 0.00335356174037
47 61 0 8 0.00335154123604
39 79 0 8 0.00334915774874
23 53 0 8 0.00334781315178
12 56 0 8 0.00334313558415
60 73 0 8 0.00333678955212
31 78 0 8 0.00333581771702
27 56 0 8 0.00332381133921
15 47 0 8 0.00331854098476
47 80 0 8 0.00331567320973
41 76 0 8 0.00331350415945
59 68 0 8 0.00331274373457
3 25 0 8 0.0033119188156
27 63 0 8 0.0033118778374
35 42 0 8 0.0033072582446
13 75 0 8 0.00330447405577
49 61 0 8 0.00329378247261
13 30 0 8 0.00328960688785
8 27 0 8 0.00328397843987
5 69 0 8 0.00328355235979
16 53 0 8 0.00326997227967
69 76 0 8 0.00326511450112
22 75 0 8 0.00326461507939
1 75 0 8 0.00326405465603
5 65 0 8 0.00326264020987
48 72 0 8 0.00326246512122
4 37 0 8 0.00326102809049
20 48 0 8 0.00326085579582
16 56 0 8 0.00325732119381
46 79 0 8 0.00323224952444
49 82 0 8 0.00323076872155
26 82 0 8 0.00322926114313
5 56 0 8 0.00322702433914
9 51 0 8 0.00322556588799
10 27 0 8 0.00322548323311
5 60 0 8 0.00322389230132
9 79 0 8 0.00322240451351
25 48 0 8 0.00321858702227
67 80 0 8 0.00321840797551
11 79 0 8 0.00321830413304
2 64 0 8 0.00321769830771
27 33 0 8 0.00321754836477
51 59 0 8 0.00321287987754
4 28 0 8 0.00320949451998
4 27 0 8 0.0032015228644
10 52 0 8 0.00320060411468
2 79 0 8 0.00319956196472
9 47 0 8 0.00319745508023
1 59 0 8 0.00318510923535
31 71 0 8 0.00318493065424
6 29 0 8 0.00317742768675
21 50 0 8 0.00317602348514
8 47 0 8 0.00317191705108
37 53 0 8 0.0031704606954
72 80 0 8 0.00316974357702
8 53 0 8 0.00316397682764
15 54 0 8 0.00316337216645
4 38 0 8 0.0031580447685
31 81 0 8 0.00315076066181
19 50 0 8 0.00314860930666
3 30 0 8 0.0031384783797
3 31 0 8 0.00312994606793
54 59 0 8 0.00312494370155
72 78 0 8 0.00312343332916
25 75 0 8 0.00312235858291
31 69 0 8 0.00311980093829
16 48 0 8 0.00311939301901
1 72 0 8 0.00311555946246
19 52 0 8 0.00311463396065
4 34 0 8 0.00309865991585
28 74 0 8 0.00309751275927
1 74 0 8 0.00309142260812
17 41 0 8 0.0030880458653
24 46 0 8 0.00307807140052
49 64 0 8 0.00307774194516
5 39 0 8 0.0030768525321
23 45 0 8 0.00306615442969
3 33 0 8 0.00306183146313
38 78 0 8 0.00306042283773
14 27 0 8 0.00305995717645
21 45 0 8 0.00305954692885
20 49 0 8 0.00305913551711
20 45 0 8 0.00305854226463
3 34 0 8 0.00305699417368
19 26 0 8 0.00304984813556
30 81 0 8 0.00304890749976
20 40 0 8 0.00304529489949
5 62 0 8 0.00304491701536
1 30 0 8 0.00303916144185
48 78 0 8 0.00302404304966
27 37 0 8 0.00301206554286
1 29 0 8 0.00301196682267
22 57 0 8 0.00300950766541
3 38 0 8 0.00300479587168
62 81 0 8 0.00300114392303
59 81 0 8 0.00300050922669
22 49 0 8 0.00299782422371
10 16 0 8 0.00299740233459
58 81 0 8 0.00299677974544
6 32 0 8 0.00299670430832
28 67 0 8 0.00299397739582
14 31 0 8 0.00299346912652
13 24 0 8 0.00299164094031
47 77 0 8 0.002989907749
6 34 0 8 0.00298757175915
30 82 0 8 0.00296452804469
26 73 0 8 0.00295805605128
8 33 0 8 0.00295651913621
66 77 0 8 0.00295603158884
22 59 0 8 0.00295468280092
64 81 0 8 0.00294720893726
32 79 0 8 0.00294506619684
11 24 0 8 0.00294118723832
2 58 0 8 0.00293735973537
23 52 0 8 0.00292465370148
1 65 0 8 0.00291947857477
17 51 0 8 0.00291867507622
9 30 0 8 0.00291489483789
24 53 0 8 0.0029122447595
20 46 0 8 0.00291038863361
15 53 0 8 0.00290684145875
9 33 0 8 0.00290410895832
36 75 0 8 0.00289631797932
25 79 0 8 0.00289625208825
33 79 0 8 0.00289437291212
19 44 0 8 0.00287865870632
10 49 0 8 0.00287401163951
33 42 0 8 0.00286901043728
2 62 0 8 0.00286767142825
58 70 0 8 0.00285943527706
32 82 0 8 0.00285555352457
14 49 0 8 0.00285146548413
19 43 0 8 0.00284668360837
61 77 0 8 0.00284548173659
19 49 0 8 0.00284460815601
29 46 0 8 0.00284442398697
22 82 0 8 0.00284359115176
17 22 0 8 0.00284277461469
23 46 0 8 0.00283452915028
18 56 0 8 0.00283285160549
34 79 0 8 0.00283228722401
19 46 0 8 0.00283105135895
46 76 0 8 0.00282856309786
26 80 0 8 0.00280970288441
20 50 0 8 0.00280845654197
9 23 0 8 0.00280786911026
26 81 0 8 0.00280589913018
50 76 0 8 0.00280437991023
38 53 0 8 0.00280373729765
21 47 0 8 0.00280319340527
3 11 0 8 0.00280056055635
50 74 0 8 0.00279576820321
24 44 0 8 0.00279095722362
59 65 0 8 0.00279024732299
14 47 0 8 0.00278914510272
61 72 0 8 0.00278438115492
45 71 0 8 0.00278328219429
1 71 0 8 0.00278094760142
64 74 0 8 0.00277597992681
2 75 0 8 0.00277242460288
2 71 0 8 0.00277103274129
44 75 0 8 0.00276496377774
42 76 0 8 0.00276375957765
1 69 0 8 0.00276209227741
60 74 0 8 0.00276200543158
14 28 0 8 0.0027481096331
2 19 0 8 0.00274753849953
2 65 0 8 0.00274556758814
20 38 0 8 0.00273650465533
6 12 0 8 0.00273555121385
1 28 0 8 0.00273332744837
48 67 0 8 0.00273291952908
27 49 0 8 0.00272389291786
70 80 0 8 0.002720749937
52 61 0 8 0.00271693430841
8 32 0 8 0.00271442136727
70 78 0 8 0.00270977197215
65 81 0 8 0.00270487042144
20 52 0 8 0.00269631226547
46 68 0 8 0.00268613244407
68 77 0 8 0.00268222764134
3 24 0 8 0.00268094986677
1 68 0 8 0.00267886742949
24 42 0 8 0.00267471116967
44 79 0 8 0.00267424061894
22 45 0 8 0.00267392140813
23 56 0 8 0.00267311534844
22 44 0 8 0.00266784103587
46 67 0 8 0.00265887216665
3 39 0 8 0.00265802908689
46 71 0 8 0.00265747657977
1 63 0 8 0.00265491870232
59 70 0 8 0.00265325885266
21 82 0 8 0.00265098595992
13 52 0 8 0.00264755636454
28 63 0 8 0.0026468844153
18 26 0 8 0.00263443752192
7 24 0 8 0.00262963841669
58 74 0 8 0.00262925215065
8 14 0 8 0.00262921326794
12 21 0 8 0.00262919440866
5 59 0 8 0.00262718088925
2 68 0 8 0.00262533733621
5 66 0 8 0.00262354244478
8 34 0 8 0.00261808815412
8 19 0 8 0.002615487203
22 56 0 8 0.00260689225979
23 37 0 8 0.00259477994405
61 74 0 8 0.00259230076335
2 70 0 8 0.00258857873268
25 46 0 8 0.00257865875028
2 67 0 8 0.00257103680633
13 31 0 8 0.00256238039583
32 78 0 8 0.00256228423677
18 79 0 8 0.00256170285866
63 69 0 8 0.0025600171648
2 13 0 8 0.00255743716843
31 80 0 8 0.00255259335972
28 51 0 8 0.00254732603207
26 64 0 8 0.00254589924589
5 57 0 8 0.00254503730685
22 43 0 8 0.00254497909918
5 33 0 8 0.00253998232074
26 50 0 8 0.00253941724077
34 78 0 8 0.00253885192797
9 34 0 8 0.00253816368058
49 69 0 8 0.00253509427421
25 45 0 8 0.00253285374492
51 77 0 8 0.00253005325794
3 28 0 8 0.00252763438039
51 61 0 8 0.0025272751227
17 54 0 8 0.00252650352195
10 30 0 8 0.00252455868758
25 47 0 8 0.00251909275539
17 46 0 8 0.00250936066732
2 57 0 8 0.00250824750401
21 43 0 8 0.00249881180935
10 54 0 8 0.00249521643855
37 75 0 8 0.00248592300341
13 49 0 8 0.0024846594315
51 82 0 8 0.0024810358882
28 80 0 8 0.00247437739745
31 82 0 8 0.00247277482413
13 21 0 8 0.00246974569745
58 69 0 8 0.00246493262239
48 79 0 8 0.00246332469396
45 79 0 8 0.00246025668457
48 68 0 8 0.00245695398189
10 53 0 8 0.00245038885623
7 30 0 8 0.00244271638803
28 57 0 8 0.00243701785803
58 80 0 8 0.00243637454696
1 60 0 8 0.00243583787233
11 31 0 8 0.00243542087264
1 64 0 8 0.00243303668685
5 63 0 8 0.00243054190651
31 36 0 8 0.00242703524418
1 70 0 8 0.0024259458296
28 69 0 8 0.00242498586886
1 57 0 8 0.00242484966293
25 44 0 8 0.00241809291765
31 75 0 8 0.00241574179381
21 38 0 8 0.00241428869776
1 67 0 8 0.00241183442995
34 82 0 8 0.00240322342142
26 56 0 8 0.00239799800329
22 78 0 8 0.0023959307
13 47 0 8 0.00238666101359
66 75 0 8 0.00238221907057
7 27 0 8 0.00238031824119
60 76 0 8 0.00237849820405
17 49 0 8 0.00237790751271
28 71 0 8 0.00237579108216
46 75 0 8 0.0023681644816
20 43 0 8 0.00236672745086
1 37 0 8 0.00236509880051
22 46 0 8 0.00235907360911
9 24 0 8 0.00235836883076
47 64 0 8 0.00235632364638
8 30 0 8 0.00235555577092
2 63 0 8 0.00235458905809
20 44 0 8 0.00235336716287
2 41 0 8 0.0023530179169
3 13 0 8 0.00234814593568
40 79 0 8 0.00234481948428
4 13 0 8 0.00234251050279
4 11 0 8 0.00233572907746
60 67 0 8 0.00233534257859
42 75 0 8 0.00233518821187
1 62 0 8 0.00233094184659
7 32 0 8 0.00232833065093
21 56 0 8 0.00232527428307
26 72 0 8 0.00232431455515
35 75 0 8 0.00231301784515
13 28 0 8 0.00231196614914
29 79 0 8 0.00230851303786
37 82 0 8 0.00230621779338
48 66 0 8 0.00230417679995
28 50 0 8 0.00230171042494
67 76 0 8 0.00230104802176
52 80 0 8 0.00230039353482
4 39 0 8 0.00229955883697
11 32 0 8 0.00229616323486
11 21 0 8 0.0022939753253
22 42 0 8 0.00229144794866
14 21 0 8 0.00228948099539
3 32 0 8 0.00228645745665
67 81 0 8 0.00228557083756
62 74 0 8 0.00228259572759
2 21 0 8 0.00227971980348
3 23 0 8 0.00227801222354
27 50 0 8 0.00227797986008
1 27 0 8 0.0022733763326
50 77 0 8 0.00227129086852
49 75 0 8 0.00226308242418
1 42 0 8 0.00226306961849
47 78 0 8 0.00226160045713
6 15 0 8 0.00226069474593
10 28 0 8 0.00226040300913
62 77 0 8 0.00224979780614
20 47 0 8 0.00224457285367
64 80 0 8 0.00224096095189
23 44 0 8 0.00223861122504
11 47 0 8 0.00223802868277
31 47 0 8 0.00223131477833
1 58 0 8 0.00222995202057
19 53 0 8 0.00222861324437
4 12 0 8 0.00222485256381
2 30 0 8 0.00222277757712
2 74 0 8 0.00222273427062
59 73 0 8 0.00222215056419
1 41 0 8 0.00221818196587
21 46 0 8 0.00221735797822
10 32 0 8 0.00221636448987
48 75 0 8 0.00221580243669
60 77 0 8 0.00221405411139
11 17 0 8 0.00221386132762
49 73 0 8 0.00221220497042
23 43 0 8 0.00220937142149
26 60 0 8 0.00220919796266
11 28 0 8 0.00220801052637
49 66 0 8 0.00220502493903
19 56 0 8 0.00220501539297
9 32 0 8 0.00220469431952
1 61 0 8 0.00220413319767
2 24 0 8 0.00220203376375
9 19 0 8 0.00219320459291
21 42 0 8 0.00219113845378
15 49 0 8 0.00219086743891
30 35 0 8 0.00218988675624
69 80 0 8 0.00218947743997
47 76 0 8 0.00218656961806
48 71 0 8 0.00218619289808
64 76 0 8 0.00218585203402
50 65 0 8 0.00218299287371
56 61 0 8 0.00217875069939
52 81 0 8 0.00217870203778
12 31 0 8 0.00217581889592
45 75 0 8 0.00216987356544
57 80 0 8 0.00216921279207
12 18 0 8 0.00216521602124
7 33 0 8 0.00215646135621
2 60 0 8 0.00214798841625
1 11 0 8 0.00214310945012
60 72 0 8 0.00214057695121
18 45 0 8 0.0021383415442
14 79 0 8 0.00213336688466
6 23 0 8 0.00213019200601
62 72 0 8 0.00212952005677
49 76 0 8 0.00212847581133
61 69 0 8 0.00212724949233
24 79 0 8 0.00212505506352
12 28 0 8 0.0021241735667
8 28 0 8 0.00211944361217
31 79 0 8 0.00211885385215
56 80 0 8 0.00211666710675
54 81 0 8 0.00211664079688
17 23 0 8 0.00211376929656
65 75 0 8 0.00211247638799
7 34 0 8 0.00211208336987
63 76 0 8 0.00211189431138
47 63 0 8 0.00210747146048
9 16 0 8 0.00210584839806
50 62 0 8 0.00209566554986
20 56 0 8 0.00209482712671
1 66 0 8 0.00209474610165
20 39 0 8 0.00209026550874
2 27 0 8 0.00208533904515
56 81 0 8 0.00208264170215
10 51 0 8 0.00208098441362
7 25 0 8 0.00207899021916
64 72 0 8 0.00207385793328
19 45 0 8 0.00206992845051
5 37 0 8 0.00206882623024
2 29 0 8 0.00206641876139
9 17 0 8 0.00205874931999
75 81 0 8 0.00204827031121
62 80 0 8 0.00204800791107
13 54 0 8 0.00204436364584
6 30 0 8 0.00204271730036
11 19 0 8 0.00203663739376
26 70 0 8 0.0020322999917
10 25 0 8 0.00203151092865
52 82 0 8 0.00202980730683
49 74 0 8 0.00202938145958
8 51 0 8 0.00202741799876
16 26 0 8 0.00202628667466
12 25 0 8 0.00201764516532
6 33 0 8 0.00201568449847
59 74 0 8 0.00201326678507
2 40 0 8 0.00200564740226
2 61 0 8 0.002003390342
5 53 0 8 0.00199677259661
7 17 0 8 0.0019940729253
2 11 0 8 0.00199165265076
63 78 0 8 0.00198623770848
22 53 0 8 0.00198335945606
28 48 0 8 0.00196800776757
2 37 0 8 0.00196692720056
15 79 0 8 0.00196479237638
16 51 0 8 0.00196188827977
2 28 0 8 0.00196126289666
9 31 0 8 0.00195684260689
68 81 0 8 0.00195606704801
20 53 0 8 0.00195605517365
60 78 0 8 0.00195583351888
2 31 0 8 0.00195107457694
1 36 0 8 0.00194561225362
11 25 0 8 0.00194398523308
23 42 0 8 0.00194308615755
1 25 0 8 0.00193847157061
64 78 0 8 0.00193575571757
1 40 0 8 0.00193465873599
23 51 0 8 0.00193375942763
1 12 0 8 0.00192564656027
31 46 0 8 0.00192253955174
21 51 0 8 0.00192111451179
24 47 0 8 0.00192073883954
23 41 0 8 0.00191579794046
65 73 0 8 0.00191288057249
10 31 0 8 0.00190643046517
5 36 0 8 0.00190247222781
6 13 0 8 0.00189764786046
9 28 0 8 0.00189649674576
18 53 0 8 0.00188070035074
23 38 0 8 0.00188049278222
6 16 0 8 0.00187517225277
36 79 0 8 0.00187386700418
19 79 0 8 0.00187197187915
54 82 0 8 0.0018704009708
6 14 0 8 0.00186955370009
47 74 0 8 0.00186898245011
29 78 0 8 0.00186702911742
50 73 0 8 0.00186552631203
26 75 0 8 0.00186455424409
61 71 0 8 0.00186176272109
49 68 0 8 0.00186135864351
47 68 0 8 0.00185750541277
20 42 0 8 0.00185366196092
20 79 0 8 0.00184478471056
21 39 0 8 0.00184383674059
57 73 0 8 0.00183800642844
28 78 0 8 0.00183273351286
67 78 0 8 0.00182886025868
32 47 0 8 0.001824929961
52 62 0 8 0.00182380713522
54 77 0 8 0.00181524641812
13 79 0 8 0.00181089446414
9 18 0 8 0.00180957792327
9 20 0 8 0.00180798850488
26 51 0 8 0.00180732866284
23 47 0 8 0.00180460209958
26 48 0 8 0.00179227197077
56 62 0 8 0.00179191026837
12 24 0 8 0.00178672012407
28 59 0 8 0.00178503454663
15 22 0 8 0.00177752319723
61 73 0 8 0.00177601107862
39 76 0 8 0.0017689964734
21 79 0 8 0.00176724430639
12 51 0 8 0.00176542659756
1 33 0 8 0.00176343950443
57 76 0 8 0.00175824284088
62 78 0 8 0.00175770069472
59 80 0 8 0.00175712257624
23 40 0 8 0.00175619951915
29 37 0 8 0.00175309507176
57 67 0 8 0.00173600926064
17 25 0 8 0.00173443916719
47 66 0 8 0.00172921014018
65 76 0 8 0.00172824901529
5 38 0 8 0.00171704939567
37 79 0 8 0.00171427999157
13 19 0 8 0.00171220605262
18 47 0 8 0.00171146215871
50 63 0 8 0.00170943967532
26 65 0 8 0.0017092776252
26 71 0 8 0.00170541065745
26 66 0 8 0.00170480192173
47 79 0 8 0.00170392903965
20 51 0 8 0.00169987650588
9 53 0 8 0.00169548927806
22 37 0 8 0.00169286492746
6 31 0 8 0.00169283268042
8 17 0 8 0.00168961239979
25 42 0 8 0.00168733287137
59 69 0 8 0.00168398278765
34 41 0 8 0.00167225580662
33 39 0 8 0.00166902295314
8 25 0 8 0.00166574318428
22 38 0 8 0.00166566704866
2 25 0 8 0.00166406924836
69 81 0 8 0.00165201269556
49 63 0 8 0.00165129546076
56 74 0 8 0.00164713454433
66 80 0 8 0.00164247327484
59 71 0 8 0.00164127803873
14 51 0 8 0.00164037279319
1 24 0 8 0.0016369872028
47 70 0 8 0.00163499568589
51 80 0 8 0.00163459486794
17 47 0 8 0.00163284339942
61 68 0 8 0.0016304354649
19 51 0 8 0.00162902567536
1 31 0 8 0.00162860308774
65 80 0 8 0.00162071327213
53 82 0 8 0.00161452335306
26 68 0 8 0.0016033280408
49 67 0 8 0.00160303735174
13 53 0 8 0.00159808667377
63 80 0 8 0.0015965490602
34 40 0 8 0.00159471225925
2 35 0 8 0.00159316125792
57 63 0 8 0.00159296090715
13 51 0 8 0.0015839090338
1 38 0 8 0.00158251915127
18 51 0 8 0.00158174859826
49 72 0 8 0.00158021983225
8 23 0 8 0.00157883844804
5 29 0 8 0.00157838524319
25 43 0 8 0.00157508836128
12 20 0 8 0.00157064036466
3 17 0 8 0.00156712904572
2 38 0 8 0.0015670559369
4 31 0 8 0.00156627653632
16 79 0 8 0.00156505929772
50 75 0 8 0.00156397325918
47 65 0 8 0.00156159233302
73 82 0 8 0.00156112411059
49 65 0 8 0.00156066555064
5 34 0 8 0.00155990116764
59 72 0 8 0.00155982619617
50 72 0 8 0.00155369972344
47 73 0 8 0.0015532936668
5 12 0 8 0.00155133963563
47 72 0 8 0.00155090168118
59 82 0 8 0.00154909817502
11 23 0 8 0.00154621421825
30 79 0 8 0.00154508906417
50 69 0 8 0.00154482852668
58 72 0 8 0.00154110474978
71 81 0 8 0.0015302314423
5 30 0 8 0.00152936030645
58 67 0 8 0.00151564204134
22 79 0 8 0.00151481304783
58 73 0 8 0.00151071848813
16 22 0 8 0.00150954362471
7 18 0 8 0.00150889263023
30 46 0 8 0.00150852056686
15 51 0 8 0.00150799134281
58 82 0 8 0.00150746072177
50 64 0 8 0.00150737538934
49 70 0 8 0.00150653591845
5 14 0 8 0.00150642544031
53 81 0 8 0.00150250154547
71 78 0 8 0.00150032981765
33 40 0 8 0.00149906810839
3 14 0 8 0.00149549578782
26 74 0 8 0.00148179929238
32 42 0 8 0.00147939822637
3 19 0 8 0.00147799367551
6 27 0 8 0.00147754896898
57 78 0 8 0.00147527630907
30 78 0 8 0.00147402647417
21 41 0 8 0.00146670837421
7 14 0 8 0.00146649952512
26 62 0 8 0.00146458414383
28 49 0 8 0.00146299367771
29 47 0 8 0.00146076909732
2 33 0 8 0.00145689875353
24 40 0 8 0.00145165959839
27 45 0 8 0.00145111093298
10 23 0 8 0.00144329329487
3 26 0 8 0.00144027476199
72 82 0 8 0.00143810652662
64 82 0 8 0.00142961612437
17 79 0 8 0.00142324913759
75 82 0 8 0.00142016774043
1 26 0 8 0.001419029315
58 71 0 8 0.00141851324588
17 26 0 8 0.00141758623067
54 80 0 8 0.00141229992732
39 75 0 8 0.00141064741183
2 34 0 8 0.00140882015694
67 75 0 8 0.00140783633105
7 31 0 8 0.00139421969652
32 45 0 8 0.00139401189517
2 32 0 8 0.00139276927803
4 25 0 8 0.00139103864785
28 79 0 8 0.00138962524943
17 53 0 8 0.00138869707007
30 45 0 8 0.00138773862273
22 41 0 8 0.00138542579953
50 79 0 8 0.00138206337579
8 16 0 8 0.00137772411108
54 61 0 8 0.00137475470547
56 77 0 8 0.00137123139575
11 51 0 8 0.00137045921292
22 39 0 8 0.00136813591234
67 82 0 8 0.0013667405583
49 79 0 8 0.0013609235175
57 68 0 8 0.00135574897286
32 44 0 8 0.0013543558307
27 36 0 8 0.00135173404124
55 81 0 8 0.00135147862602
1 23 0 8 0.00134889653418
58 65 0 8 0.00134179822635
50 70 0 8 0.00134001020342
14 53 0 8 0.00133004190866
50 66 0 8 0.00131702062208
6 28 0 8 0.00131229578983
7 15 0 8 0.00131135433912
4 23 0 8 0.00130854151212
8 18 0 8 0.00130717689171
19 47 0 8 0.00130423705559
57 66 0 8 0.0013025450753
22 47 0 8 0.00129853421822
26 49 0 8 0.00129740114789
2 12 0 8 0.00129557494074
55 70 0 8 0.00129441800527
24 38 0 8 0.00129430077504
6 17 0 8 0.00129420042504
2 39 0 8 0.001289218897
5 35 0 8 0.00128554785624
1 35 0 8 0.00128095655236
7 23 0 8 0.00127816142049
74 82 0 8 0.00127796048764
26 33 0 8 0.00127643335145
65 78 0 8 0.00127160199918
29 43 0 8 0.00126745202579
68 76 0 8 0.00126456038561
57 69 0 8 0.0012604262447
35 41 0 8 0.00125534576364
4 14 0 8 0.00125465658493
53 62 0 8 0.00124403543305
56 72 0 8 0.00124318385497
5 32 0 8 0.00124242145102
53 77 0 8 0.00123805063777
1 39 0 8 0.00123387144413
47 69 0 8 0.00122973904945
29 44 0 8 0.001228241832
6 20 0 8 0.0012219051132
55 72 0 8 0.00122188578825
24 41 0 8 0.00121372495778
47 75 0 8 0.00121317524463
65 79 0 8 0.0012093258556
28 46 0 8 0.00120883632917
29 45 0 8 0.00120823667385
61 76 0 8 0.00119982601609
15 26 0 8 0.00119743810501
27 47 0 8 0.00119741423987
60 68 0 8 0.00119223573711
69 78 0 8 0.00118862418458
58 76 0 8 0.00118405045941
13 25 0 8 0.00118400529027
12 26 0 8 0.00118252425455
3 18 0 8 0.0011795925675
26 69 0 8 0.00117911503185
57 72 0 8 0.0011715083383
50 68 0 8 0.00117149937432
29 38 0 8 0.00116960995365
7 28 0 8 0.00116546615027
65 82 0 8 0.0011621756712
3 21 0 8 0.00116140441969
59 78 0 8 0.00115973607171
55 77 0 8 0.00115616002586
13 23 0 8 0.00115298607852
22 40 0 8 0.001149828895
26 79 0 8 0.00114921515342
26 78 0 8 0.00114820571616
55 67 0 8 0.00114459230099
6 25 0 8 0.00114250078332
32 43 0 8 0.00114235223737
55 65 0 8 0.00113925768528
57 82 0 8 0.00113697990309
3 20 0 8 0.00112828111742
2 17 0 8 0.00112631591037
56 63 0 8 0.0011242373148
59 76 0 8 0.00111986615229
9 25 0 8 0.00111822295003
68 80 0 8 0.00111413723789
29 35 0 8 0.00111136375926
10 18 0 8 0.00110907026101
58 68 0 8 0.00110501237214
33 41 0 8 0.0011018011719
26 58 0 8 0.00109744491056
26 67 0 8 0.00109701161273
61 82 0 8 0.0010891581187
2 23 0 8 0.00108520232607
21 53 0 8 0.00107873044908
1 13 0 8 0.00107367394958
25 37 0 8 0.00107164401561
26 35 0 8 0.0010654797079
4 21 0 8 0.00106428877916
26 47 0 8 0.00106221379247
27 46 0 8 0.00105941900983
73 79 0 8 0.00105887872633
52 77 0 8 0.00105553935282
63 82 0 8 0.00104912463576
7 26 0 8 0.00104749831371
4 15 0 8 0.00104284042027
1 32 0 8 0.00104141666088
58 75 0 8 0.00103770627175
31 45 0 8 0.00103264464997
6 21 0 8 0.00103250693064
7 21 0 8 0.00103130657226
53 60 0 8 0.00103089550976
50 67 0 8 0.00102383759804
30 44 0 8 0.00102345237974
32 41 0 8 0.00102330476511
63 75 0 8 0.00102077552583
71 82 0 8 0.00101924838964
8 22 0 8 0.00101829774212
4 17 0 8 0.0010182011174
53 61 0 8 0.00101477245335
55 62 0 8 0.00100995914545
6 19 0 8 0.00100863468833
47 67 0 8 0.0010071026627
54 74 0 8 0.00100380356889
59 75 0 8 0.00100264092907
57 74 0 8 0.00100100308191
3 16 0 8 0.00100083707366
54 62 0 8 0.000998959993012
49 78 0 8 0.000996753457002
66 76 0 8 0.000996471382678
25 41 0 8 0.000996176735498
30 47 0 8 0.00098979845643
26 57 0 8 0.000985462218523
3 22 0 8 0.000982288271189
5 11 0 8 0.000980935408734
55 64 0 8 0.000979388481937
61 78 0 8 0.000971368339378
4 16 0 8 0.000969693763182
59 79 0 8 0.000965109735262
1 34 0 8 0.000963720434811
10 26 0 8 0.000960937759373
51 79 0 8 0.00096070341533
50 71 0 8 0.00096031994326
5 15 0 8 0.00095775234513
62 82 0 8 0.000957237381954
4 19 0 8 0.000956525327638
7 19 0 8 0.000955768802669
64 75 0 8 0.000950325629674
68 82 0 8 0.000948318105657
52 75 0 8 0.000947444350459
2 16 0 8 0.000941463978961
52 72 0 8 0.000934659328777
53 59 0 8 0.000933040864766
5 27 0 8 0.00093060330255
57 65 0 8 0.000925755710341
60 82 0 8 0.000924639694858
56 75 0 8 0.000921709346585
59 67 0 8 0.000913364463486
49 71 0 8 0.00091056607198
58 66 0 8 0.000910510541871
51 74 0 8 0.000908323505428
2 26 0 8 0.000905505672563
60 75 0 8 0.000901135499589
56 70 0 8 0.000900109997019
51 62 0 8 0.00089768570615
51 64 0 8 0.000894678290933
13 22 0 8 0.000884616863914
1 15 0 8 0.000884473556653
66 74 0 8 0.000882216612808
5 28 0 8 0.000880833656993
69 75 0 8 0.000879858911503
5 24 0 8 0.00086890446255
2 22 0 8 0.000865208974574
51 69 0 8 0.000865000009071
31 44 0 8 0.000864425790496
68 75 0 8 0.000863773631863
9 21 0 8 0.000853406614624
53 64 0 8 0.000850570504554
6 26 0 8 0.000849926844239
8 21 0 8 0.000847085320856
62 76 0 8 0.000846963084769
5 23 0 8 0.000845490721986
56 82 0 8 0.000845135480631
66 78 0 8 0.000844885478728
26 59 0 8 0.000838968087919
4 20 0 8 0.000835516082589
56 67 0 8 0.00082754867617
5 13 0 8 0.000826098199468
52 79 0 8 0.000825644121505
32 38 0 8 0.000824462505989
56 73 0 8 0.000823957088869
70 82 0 8 0.000822982459795
1 22 0 8 0.000822799862362
66 82 0 8 0.00082091090735
57 70 0 8 0.000820078246761
26 46 0 8 0.000819132023025
54 65 0 8 0.00081705651246
11 22 0 8 0.000814842118416
2 18 0 8 0.000813539489172
51 71 0 8 0.0008126476896
51 70 0 8 0.000812074053101
26 45 0 8 0.000811799836811
54 63 0 8 0.000808736076578
8 20 0 8 0.000808443292044
1 16 0 8 0.000804139941465
32 39 0 8 0.000800003588665
7 20 0 8 0.000798420631327
26 63 0 8 0.000797457993031
26 61 0 8 0.000796814623754
32 40 0 8 0.000795399362687
31 38 0 8 0.0007941055228
55 78 0 8 0.000793780956883
62 75 0 8 0.000789943907876
54 60 0 8 0.000788322242443
13 26 0 8 0.000778379326221
12 22 0 8 0.000774595653638
56 79 0 8 0.000773209903855
29 36 0 8 0.000769455044065
53 78 0 8 0.000767547637224
3 15 0 8 0.000767104909755
52 69 0 8 0.000766663462855
57 71 0 8 0.000762516225222
5 31 0 8 0.000759036745876
53 76 0 8 0.000752509047743
69 82 0 8 0.00075011519948
27 44 0 8 0.000745439087041
54 78 0 8 0.000744756078348
14 26 0 8 0.000738346541766
61 75 0 8 0.000735597335733
54 76 0 8 0.000735069334041
11 26 0 8 0.000734900939278
54 72 0 8 0.000732252490707
1 17 0 8 0.000729953229893
56 69 0 8 0.000725424557459
1 14 0 8 0.000718799303286
14 22 0 8 0.000717973685823
5 25 0 8 0.000711719156243
4 22 0 8 0.000710406282451
9 22 0 8 0.000710313848685
68 79 0 8 0.000703820493072
52 73 0 8 0.000700465112459
2 15 0 8 0.000700321223121
52 76 0 8 0.000697622424923
9 26 0 8 0.000697361479979
30 36 0 8 0.00069693668047
54 69 0 8 0.000693850335665
25 40 0 8 0.000691332272254
30 37 0 8 0.000689146691002
57 79 0 8 0.000680966302752
4 18 0 8 0.000680090743117
24 39 0 8 0.000678093521856
1 20 0 8 0.000677924545016
53 80 0 8 0.000674874521792
8 26 0 8 0.000671253190376
4 26 0 8 0.000667746469844
51 78 0 8 0.000667031214107
57 75 0 8 0.000665152503643
55 75 0 8 0.000659041223116
1 19 0 8 0.000656974909361
58 78 0 8 0.00065283238655
52 68 0 8 0.000650317408144
53 73 0 8 0.000639424484689
55 61 0 8 0.000639267906081
58 79 0 8 0.000637754157651
56 78 0 8 0.0006354097859
27 43 0 8 0.000633797317278
1 21 0 8 0.000633150455542
30 40 0 8 0.000632023322396
7 22 0 8 0.000631808361504
2 20 0 8 0.000623908708803
25 38 0 8 0.000618613732513
54 64 0 8 0.000615280063357
2 14 0 8 0.000613941636402
61 79 0 8 0.000611675728578
52 64 0 8 0.000610666524153
28 47 0 8 0.000603430962656
26 44 0 8 0.000601750740316
1 18 0 8 0.000601498759352
55 82 0 8 0.000598132959567
56 76 0 8 0.000593753182329
64 79 0 8 0.000591238786001
56 64 0 8 0.000587993708905
55 71 0 8 0.000585687579587
51 73 0 8 0.000574358156882
51 63 0 8 0.000573091150727
54 73 0 8 0.000570304808207
5 19 0 8 0.000567607523408
56 66 0 8 0.00056668423349
52 74 0 8 0.000563224486541
56 65 0 8 0.000560077314731
30 43 0 8 0.000557659717742
31 42 0 8 0.000554933561943
55 76 0 8 0.000547218718566
52 63 0 8 0.000543637026567
55 66 0 8 0.000534409307875
6 18 0 8 0.000526268850081
29 42 0 8 0.000524246715941
72 79 0 8 0.000518497196026
55 74 0 8 0.000516978907399
71 79 0 8 0.000513944716658
25 39 0 8 0.000507320452016
60 79 0 8 0.000503777409904
6 22 0 8 0.000499350542668
5 16 0 8 0.000492448220029
52 70 0 8 0.000491168349981
54 70 0 8 0.000490232894663
26 37 0 8 0.000489665486384
5 22 0 8 0.000488958437927
31 37 0 8 0.000487725541461
27 38 0 8 0.000487197452458
23 39 0 8 0.000487174693262
5 26 0 8 0.000485606025904
52 65 0 8 0.000483386480482
56 71 0 8 0.000482167204609
28 45 0 8 0.000477078778204
54 79 0 8 0.000476223678561
52 66 0 8 0.000469659862574
51 72 0 8 0.000468709040433
66 79 0 8 0.000466257915832
31 43 0 8 0.000465964229079
5 20 0 8 0.00046336199739
67 79 0 8 0.000463286502054
53 72 0 8 0.000462897587568
30 38 0 8 0.000457028741948
53 74 0 8 0.000450865161838
26 36 0 8 0.000446470046882
63 79 0 8 0.000442371732788
51 76 0 8 0.000441779004177
70 79 0 8 0.000439709838247
27 42 0 8 0.000439252558863
31 39 0 8 0.000433569279267
53 79 0 8 0.000431594467955
10 22 0 8 0.000420863943873
55 68 0 8 0.000418016512413
51 68 0 8 0.000414960581111
27 40 0 8 0.000414522743085
31 41 0 8 0.000411365850596
52 67 0 8 0.000409166677855
55 69 0 8 0.000403226818889
51 65 0 8 0.000402975507313
31 40 0 8 0.000402780773584
55 63 0 8 0.000400043616537
28 44 0 8 0.000390246743336
55 79 0 8 0.000387794483686
51 67 0 8 0.000387374748243
52 78 0 8 0.000381269928766
28 34 0 8 0.000381007033866
62 79 0 8 0.000370190333342
51 75 0 8 0.000370122375898
56 68 0 8 0.000365074025467
54 68 0 8 0.000363854283933
5 18 0 8 0.000354627962224
69 79 0 8 0.000352029921487
53 69 0 8 0.000348469853634
53 67 0 8 0.000345400010701
53 66 0 8 0.000345061998814
26 42 0 8 0.000344087718986
51 66 0 8 0.00034142259392
53 63 0 8 0.000324536085827
5 21 0 8 0.000323656131513
52 71 0 8 0.000321491097566
27 41 0 8 0.000321101455484
30 42 0 8 0.000319615617627
30 39 0 8 0.000317101017572
53 70 0 8 0.000311201234581
29 39 0 8 0.000309482536977
53 71 0 8 0.000305929366732
29 40 0 8 0.00030536466511
53 75 0 8 0.000299290579278
28 36 0 8 0.000297169521218
26 43 0 8 0.000286074064206
54 75 0 8 0.000278820691165
53 68 0 8 0.000258099666098
30 41 0 8 0.000257553212577
28 37 0 8 0.000254148384556
5 17 0 8 0.000252730969805
29 41 0 8 0.000250148819759
28 42 0 8 0.000247679272434
28 35 0 8 0.000235000668908
26 41 0 8 0.000232907012105
54 71 0 8 0.000216638218262
53 65 0 8 0.000215846288484
54 67 0 8 0.000198834939511
28 43 0 8 0.00017345546803
27 39 0 8 0.00017342652427
26 38 0 8 0.000163835153216
28 41 0 8 0.000153928325744
26 40 0 8 0.000151847722009
28 38 0 8 0.000148825434735
54 66 0 8 0.000125073900563
26 39 0 8 0.000121939716337
28 39 0 8 0.000115715025458
28 40 0 8 4.2600397137e-05
