1 2 0 8 0.999999701977
82 83 0 8 0.999998569489
3 4 0 8 0.999998450279
53 54 0 8 0.999998390675
52 53 0 8 0.999997138977
68 69 0 8 0.999995946884
28 29 0 8 0.999995470047
50 51 0 8 0.999994874001
2 3 0 8 0.999994814396
54 55 0 8 0.999993085861
55 56 0 8 0.999992012978
65 66 0 8 0.99999165535
27 28 0 8 0.999991416931
75 76 0 8 0.999991357327
57 58 0 8 0.999990880489
49 50 0 8 0.999989449978
20 21 0 8 0.99998909235
26 27 0 8 0.999988555908
16 17 0 8 0.99998831749
25 26 0 8 0.999987840652
15 16 0 8 0.999986886978
56 57 0 8 0.999986827374
21 22 0 8 0.999984204769
76 77 0 8 0.999984025955
51 52 0 8 0.999983727932
12 13 0 8 0.999977171421
17 18 0 8 0.999975562096
4 5 0 8 0.999975502491
61 62 0 8 0.999974966049
74 75 0 8 0.999972641468
11 12 0 8 0.999972105026
81 82 0 8 0.999970138073
66 67 0 8 0.999969303608
59 60 0 8 0.999964535236
29 30 0 8 0.999960958958
19 20 0 8 0.999959349632
18 19 0 8 0.99995559454
14 15 0 8 0.999954402447
48 49 0 8 0.999954044819
73 74 0 8 0.999952197075
13 14 0 8 0.999951303005
24 25 0 8 0.999940574169
69 70 0 8 0.999939858913
23 24 0 8 0.999934732914
63 64 0 8 0.999934613705
67 68 0 8 0.999921321869
62 63 0 8 0.999918818474
58 59 0 8 0.999914824963
60 61 0 8 0.999913156033
22 23 0 8 0.999904036522
71 72 0 8 0.999879181385
5 6 0 8 0.999859988689
70 71 0 8 0.999856591225
80 81 0 8 0.999855399132
45 46 0 8 0.999843418598
79 80 0 8 0.999830305576
44 45 0 8 0.9998087883
77 78 0 8 0.999760568142
64 65 0 8 0.999752104282
47 48 0 8 0.999732553959
31 32 0 8 0.999694705009
37 38 0 8 0.999683797359
30 31 0 8 0.99961745739
72 73 0 8 0.999605894089
10 11 0 8 0.999489545822
6 7 0 8 0.999465346336
43 44 0 8 0.99945306778
46 47 0 8 0.999426424503
38 39 0 8 0.999344885349
78 79 0 8 0.999333143234
36 37 0 8 0.999282896519
35 36 0 8 0.999142944813
33 34 0 8 0.999111533165
32 33 0 8 0.999024450779
7 8 0 8 0.998909592628
51 53 0 8 0.998827278614
42 43 0 8 0.998805522919
52 54 0 8 0.998798072338
9 10 0 8 0.998796403408
53 55 0 8 0.998704135418
15 17 0 8 0.998530745506
54 56 0 8 0.998432517052
8 9 0 8 0.998365283012
39 40 0 8 0.998298943043
40 41 0 8 0.99821382761
56 58 0 8 0.998179137707
54 57 0 8 0.998023033142
34 35 0 8 0.998017132282
57 59 0 8 0.997980952263
49 51 0 8 0.997911512852
41 42 0 8 0.997518897057
17 19 0 8 0.99733376503
13 15 0 8 0.997300744057
14 16 0 8 0.997285485268
55 57 0 8 0.997194290161
16 18 0 8 0.997089385986
57 60 0 8 0.996635556221
58 60 0 8 0.996263384819
17 20 0 8 0.996014893055
50 52 0 8 0.995609402657
52 55 0 8 0.995521247387
13 16 0 8 0.995439469814
12 14 0 8 0.99534624815
51 54 0 8 0.995218932629
59 61 0 8 0.994600534439
50 53 0 8 0.994199037552
55 58 0 8 0.993922948837
15 18 0 8 0.993906974792
53 56 0 8 0.993826031685
13 17 0 8 0.993730604649
60 62 0 8 0.993601024151
18 20 0 8 0.993471086025
19 21 0 8 0.993340969086
14 17 0 8 0.992652118206
14 18 0 8 0.992068886757
20 22 0 8 0.991961181164
54 58 0 8 0.991848230362
56 59 0 8 0.991825759411
53 57 0 8 0.991740763187
17 21 0 8 0.991333425045
16 19 0 8 0.991189599037
50 54 0 8 0.990970790386
58 61 0 8 0.990319013596
57 61 0 8 0.989636003971
16 20 0 8 0.989562809467
59 62 0 8 0.989158630371
58 62 0 8 0.988378226757
55 59 0 8 0.983917653561
51 55 0 8 0.983660757542
18 21 0 8 0.98338341713
52 56 0 8 0.983121097088
15 19 0 8 0.980262756348
56 60 0 8 0.979333162308
49 52 0 8 0.976207196712
19 22 0 8 0.975760042667
60 63 0 8 0.974825501442
61 63 0 8 0.974272012711
12 15 0 8 0.974102854729
12 16 0 8 0.9736790061
49 53 0 8 0.971814274788
68 70 0 8 0.971669137478
24 26 0 8 0.969735205173
21 23 0 8 0.967893242836
18 22 0 8 0.958089649677
70 75 0 8 0.95776695013
75 77 0 8 0.956035494804
66 68 0 8 0.955557405949
64 66 0 8 0.955068349838
61 64 0 8 0.95372480154
20 23 0 8 0.953706741333
69 75 0 8 0.951991438866
72 74 0 8 0.94887393713
62 64 0 8 0.947772741318
74 76 0 8 0.947743475437
11 13 0 8 0.947498440742
37 39 0 8 0.945140898228
68 75 0 8 0.944938838482
59 63 0 8 0.936640679836
19 23 0 8 0.934425055981
26 28 0 8 0.932936191559
5 7 0 8 0.927624285221
36 38 0 8 0.924776494503
21 24 0 8 0.924470603466
69 76 0 8 0.918957293034
67 77 0 8 0.908896505833
67 69 0 8 0.908465385437
68 76 0 8 0.904491782188
68 77 0 8 0.903755068779
2 4 0 8 0.903625547886
70 74 0 8 0.90301823616
28 30 0 8 0.900812923908
70 76 0 8 0.900483429432
22 24 0 8 0.899340033531
66 78 0 8 0.898998022079
76 78 0 8 0.892825901508
30 32 0 8 0.8916644454
4 6 0 8 0.886654257774
71 74 0 8 0.872893095016
3 5 0 8 0.871085464954
32 34 0 8 0.868849813938
11 15 0 8 0.867659032345
43 45 0 8 0.85685646534
67 78 0 8 0.856136679649
34 36 0 8 0.855340719223
60 64 0 8 0.846186935902
38 40 0 8 0.844010412693
27 29 0 8 0.843633949757
42 44 0 8 0.843321561813
61 66 0 8 0.842706382275
20 24 0 8 0.84075576067
21 26 0 8 0.839515626431
41 43 0 8 0.835458815098
40 42 0 8 0.832641422749
71 73 0 8 0.831203937531
11 14 0 8 0.828090488911
69 71 0 8 0.826220810413
71 76 0 8 0.825317442417
44 46 0 8 0.824615180492
10 12 0 8 0.823742568493
66 79 0 8 0.809515714645
66 77 0 8 0.80854010582
70 72 0 8 0.792705714703
1 3 0 8 0.789679646492
23 25 0 8 0.786488294601
81 83 0 8 0.785702228546
9 11 0 8 0.78452038765
7 9 0 8 0.782181620598
68 78 0 8 0.776833236217
54 70 0 8 0.773910462856
65 67 0 8 0.7736774683
10 14 0 8 0.769873321056
63 65 0 8 0.76409715414
48 52 0 8 0.759577333927
46 48 0 8 0.759445250034
35 37 0 8 0.757418751717
80 82 0 8 0.75543487072
29 31 0 8 0.750317931175
77 79 0 8 0.748852312565
48 53 0 8 0.744730651379
78 80 0 8 0.743492484093
22 25 0 8 0.742251515388
6 8 0 8 0.740620911121
48 50 0 8 0.740103363991
39 41 0 8 0.733452141285
42 45 0 8 0.732265532017
47 49 0 8 0.727716982365
33 35 0 8 0.72447425127
45 47 0 8 0.717653095722
61 77 0 8 0.712331235409
79 81 0 8 0.711988806725
31 33 0 8 0.707410573959
61 65 0 8 0.700154423714
25 27 0 8 0.6986784935
21 28 0 8 0.694011449814
10 13 0 8 0.688446879387
65 79 0 8 0.685327768326
67 79 0 8 0.679435551167
67 80 0 8 0.672998905182
73 75 0 8 0.672067224979
54 68 0 8 0.660766422749
69 77 0 8 0.656855642796
17 28 0 8 0.65507298708
65 80 0 8 0.65319955349
20 57 0 8 0.647383093834
8 10 0 8 0.640544831753
9 13 0 8 0.6361079216
61 67 0 8 0.62753200531
60 66 0 8 0.62593537569
70 73 0 8 0.62538677454
20 26 0 8 0.622267961502
66 80 0 8 0.615832567215
17 57 0 8 0.615113735199
57 75 0 8 0.606655299664
54 75 0 8 0.603126168251
67 76 0 8 0.592849314213
69 78 0 8 0.58712798357
50 70 0 8 0.584472000599
28 38 0 8 0.583031773567
41 44 0 8 0.577191531658
57 68 0 8 0.570820748806
6 30 0 8 0.569567203522
64 80 0 8 0.567035317421
27 39 0 8 0.564774036407
45 53 0 8 0.559842348099
38 75 0 8 0.555593311787
66 81 0 8 0.555464446545
16 60 0 8 0.555231153965
16 57 0 8 0.549544274807
21 27 0 8 0.523836374283
17 42 0 8 0.516036570072
62 65 0 8 0.51437664032
20 60 0 8 0.482906728983
20 28 0 8 0.481845259666
21 25 0 8 0.471281141043
38 77 0 8 0.463995784521
32 36 0 8 0.463704556227
54 69 0 8 0.462885946035
20 53 0 8 0.452108442783
39 75 0 8 0.445530176163
27 40 0 8 0.444568634033
41 45 0 8 0.426036387682
64 81 0 8 0.425120651722
8 30 0 8 0.423686534166
13 77 0 8 0.423051506281
71 75 0 8 0.420314371586
65 81 0 8 0.41321927309
40 44 0 8 0.408800631762
40 43 0 8 0.396478265524
53 75 0 8 0.391598343849
47 50 0 8 0.387529164553
17 75 0 8 0.384368538857
16 61 0 8 0.374648153782
61 68 0 8 0.374048441648
62 66 0 8 0.37273684144
17 38 0 8 0.357906162739
68 79 0 8 0.357735514641
28 68 0 8 0.357269465923
40 45 0 8 0.354093015194
24 53 0 8 0.352204412222
5 29 0 8 0.351226061583
17 36 0 8 0.349719315767
6 77 0 8 0.349193155766
14 30 0 8 0.339075833559
13 57 0 8 0.334370076656
20 75 0 8 0.33386349678
17 30 0 8 0.332153499126
13 66 0 8 0.331391096115
65 78 0 8 0.330557823181
45 50 0 8 0.327015042305
13 68 0 8 0.325395256281
6 9 0 8 0.324179321527
58 68 0 8 0.322274267673
17 77 0 8 0.322082221508
6 28 0 8 0.319074779749
30 36 0 8 0.312110692263
47 52 0 8 0.304543018341
9 12 0 8 0.302874863148
38 57 0 8 0.301990151405
16 28 0 8 0.301815032959
47 53 0 8 0.298383206129
50 75 0 8 0.294760137796
37 77 0 8 0.290223568678
28 40 0 8 0.289444833994
33 36 0 8 0.286899298429
65 82 0 8 0.285764664412
30 38 0 8 0.285712391138
18 42 0 8 0.285505086184
21 42 0 8 0.284505784512
17 50 0 8 0.28158479929
32 35 0 8 0.281164318323
5 75 0 8 0.279624670744
39 43 0 8 0.275400370359
29 68 0 8 0.274868547916
30 35 0 8 0.274706184864
26 40 0 8 0.272974133492
28 39 0 8 0.269663721323
46 50 0 8 0.267149835825
4 68 0 8 0.263012140989
8 32 0 8 0.262601286173
22 26 0 8 0.262215286493
60 68 0 8 0.25832349062
21 38 0 8 0.257341980934
36 77 0 8 0.254943788052
80 83 0 8 0.251549959183
17 61 0 8 0.250816106796
21 53 0 8 0.248511970043
57 77 0 8 0.2478428334
20 68 0 8 0.247400581837
30 37 0 8 0.246213570237
37 75 0 8 0.246007606387
13 36 0 8 0.244185760617
17 53 0 8 0.243255466223
28 42 0 8 0.243005931377
3 80 0 8 0.240955024958
30 68 0 8 0.239015027881
26 39 0 8 0.237913519144
4 77 0 8 0.235898911953
17 60 0 8 0.235595881939
6 75 0 8 0.234860450029
39 42 0 8 0.232730671763
64 79 0 8 0.232136175036
18 47 0 8 0.231708198786
5 76 0 8 0.230573147535
18 28 0 8 0.22967018187
5 77 0 8 0.229400336742
36 75 0 8 0.227936550975
9 14 0 8 0.227118521929
27 70 0 8 0.22589699924
17 68 0 8 0.225636765361
28 69 0 8 0.225338086486
42 57 0 8 0.225039377809
28 66 0 8 0.223889246583
64 78 0 8 0.22302736342
16 68 0 8 0.222434818745
62 82 0 8 0.22191748023
70 77 0 8 0.22147475183
51 70 0 8 0.221022069454
30 67 0 8 0.219992265105
29 69 0 8 0.219659507275
30 77 0 8 0.216475591063
20 38 0 8 0.216064095497
16 66 0 8 0.215654417872
62 67 0 8 0.215161904693
66 76 0 8 0.214833959937
72 75 0 8 0.213989019394
28 57 0 8 0.212224930525
6 76 0 8 0.212174415588
63 81 0 8 0.21076759696
31 35 0 8 0.210282489657
4 76 0 8 0.210112392902
38 42 0 8 0.209882959723
8 36 0 8 0.209616467357
67 75 0 8 0.208180204034
28 67 0 8 0.207888990641
29 67 0 8 0.207576692104
8 11 0 8 0.207083538175
17 66 0 8 0.206756517291
30 34 0 8 0.206752553582
5 78 0 8 0.206086829305
16 64 0 8 0.205457627773
6 29 0 8 0.202564418316
69 74 0 8 0.201419100165
38 45 0 8 0.200621172786
27 68 0 8 0.200579598546
6 68 0 8 0.200478479266
28 70 0 8 0.200439065695
4 75 0 8 0.199918106198
42 53 0 8 0.19991761446
39 45 0 8 0.199641063809
17 54 0 8 0.198387771845
64 82 0 8 0.197426691651
17 45 0 8 0.197420313954
53 70 0 8 0.196312665939
63 82 0 8 0.195756614208
27 38 0 8 0.193525731564
21 41 0 8 0.192320555449
4 78 0 8 0.192073509097
29 37 0 8 0.191525906324
21 43 0 8 0.19099098444
65 77 0 8 0.190980866551
3 79 0 8 0.18974776566
7 10 0 8 0.189132526517
31 34 0 8 0.189024195075
6 38 0 8 0.188552290201
27 41 0 8 0.18795864284
6 36 0 8 0.187779352069
28 77 0 8 0.187617436051
4 80 0 8 0.187584400177
27 69 0 8 0.186820879579
2 80 0 8 0.186739221215
4 79 0 8 0.186586469412
38 68 0 8 0.186211660504
5 35 0 8 0.185908868909
45 57 0 8 0.185381382704
31 36 0 8 0.18407599628
21 57 0 8 0.183503761888
13 38 0 8 0.177542686462
7 37 0 8 0.177073538303
3 81 0 8 0.176889821887
3 45 0 8 0.175056353211
16 54 0 8 0.174377411604
9 17 0 8 0.17401304841
13 75 0 8 0.173966631293
36 66 0 8 0.173839196563
16 75 0 8 0.173431605101
32 77 0 8 0.173245668411
25 41 0 8 0.171038851142
63 80 0 8 0.170714840293
13 54 0 8 0.170694082975
4 69 0 8 0.170031741261
5 68 0 8 0.170027211308
29 38 0 8 0.169695988297
32 75 0 8 0.16934107244
5 31 0 8 0.16857612133
2 79 0 8 0.167556256056
13 60 0 8 0.167238950729
14 47 0 8 0.167173027992
7 31 0 8 0.165425717831
23 26 0 8 0.165228530765
50 73 0 8 0.16508205235
4 45 0 8 0.164908900857
21 40 0 8 0.164855197072
5 28 0 8 0.164810463786
57 70 0 8 0.164667367935
4 67 0 8 0.164530783892
64 83 0 8 0.164504781365
30 66 0 8 0.1638161093
28 75 0 8 0.16379596293
77 80 0 8 0.163021638989
5 30 0 8 0.162616491318
6 67 0 8 0.162485197186
62 80 0 8 0.162341654301
16 53 0 8 0.161617532372
6 16 0 8 0.161597132683
60 67 0 8 0.161312311888
13 53 0 8 0.16123342514
6 37 0 8 0.160977184772
39 77 0 8 0.16082637012
5 17 0 8 0.160814151168
30 75 0 8 0.16050709784
28 37 0 8 0.160264074802
16 77 0 8 0.160135045648
38 76 0 8 0.159512892365
26 70 0 8 0.159052982926
26 41 0 8 0.159033864737
2 81 0 8 0.15841434896
29 39 0 8 0.157992735505
9 75 0 8 0.157558441162
4 66 0 8 0.157058000565
20 61 0 8 0.156464517117
8 13 0 8 0.156369686127
57 66 0 8 0.156020477414
8 12 0 8 0.155918985605
20 77 0 8 0.155451148748
26 38 0 8 0.154825136065
13 45 0 8 0.153722733259
34 37 0 8 0.153252989054
25 40 0 8 0.152598574758
42 75 0 8 0.152184858918
4 70 0 8 0.151518538594
20 56 0 8 0.151320546865
3 78 0 8 0.151270806789
8 53 0 8 0.15120023489
38 61 0 8 0.150232419372
7 11 0 8 0.150054469705
16 50 0 8 0.149657517672
28 41 0 8 0.149258002639
5 79 0 8 0.149167403579
3 68 0 8 0.149021551013
62 81 0 8 0.148562788963
21 60 0 8 0.147894501686
6 13 0 8 0.147074282169
30 33 0 8 0.14692120254
45 77 0 8 0.146592453122
13 30 0 8 0.146513268352
45 48 0 8 0.146256089211
6 10 0 8 0.146195024252
20 66 0 8 0.144880771637
16 30 0 8 0.144853189588
28 76 0 8 0.144457414746
22 28 0 8 0.144371017814
75 78 0 8 0.143976762891
38 69 0 8 0.143209427595
3 75 0 8 0.142722517252
38 53 0 8 0.141766563058
6 78 0 8 0.140496253967
7 13 0 8 0.139882564545
1 81 0 8 0.139559343457
44 47 0 8 0.139222607017
29 70 0 8 0.138718560338
5 67 0 8 0.138647556305
21 29 0 8 0.137948989868
5 69 0 8 0.136206537485
3 77 0 8 0.135944679379
50 77 0 8 0.135555416346
2 78 0 8 0.135494157672
61 81 0 8 0.135130986571
20 45 0 8 0.13483081758
63 79 0 8 0.134692907333
6 66 0 8 0.134455665946
28 45 0 8 0.134126424789
9 38 0 8 0.133748665452
62 68 0 8 0.133440136909
20 42 0 8 0.133241981268
4 20 0 8 0.133092850447
30 53 0 8 0.132957413793
3 70 0 8 0.132462471724
13 50 0 8 0.132403627038
28 60 0 8 0.132350087166
38 60 0 8 0.131788805127
3 42 0 8 0.131223902106
28 36 0 8 0.130569219589
9 36 0 8 0.130022883415
29 77 0 8 0.130000934005
5 9 0 8 0.129810839891
3 46 0 8 0.129240721464
7 30 0 8 0.127919584513
3 47 0 8 0.127481281757
26 71 0 8 0.127469405532
28 32 0 8 0.127202644944
30 39 0 8 0.127132996917
30 69 0 8 0.127050280571
4 42 0 8 0.126781597733
3 66 0 8 0.126686275005
26 42 0 8 0.126176506281
29 36 0 8 0.126166000962
48 51 0 8 0.125548437238
13 61 0 8 0.125544294715
64 67 0 8 0.125430271029
62 83 0 8 0.124968849123
29 78 0 8 0.124142043293
36 78 0 8 0.123764328659
29 76 0 8 0.123444512486
9 73 0 8 0.123121246696
9 42 0 8 0.123013906181
4 47 0 8 0.122716218233
7 77 0 8 0.122635789216
2 71 0 8 0.122165106237
38 41 0 8 0.122164055705
69 73 0 8 0.122045382857
38 54 0 8 0.121922835708
3 76 0 8 0.121911428869
8 75 0 8 0.121516406536
46 53 0 8 0.121463663876
2 47 0 8 0.121234811842
47 51 0 8 0.12102792412
17 76 0 8 0.120935052633
29 66 0 8 0.119562298059
4 46 0 8 0.119445763528
30 76 0 8 0.119266934693
3 26 0 8 0.119091950357
39 78 0 8 0.119081221521
27 67 0 8 0.118519440293
5 74 0 8 0.118477299809
46 49 0 8 0.118419960141
18 43 0 8 0.118361353874
13 32 0 8 0.117753252387
24 41 0 8 0.117395073175
50 76 0 8 0.117358736694
7 67 0 8 0.117095321417
63 66 0 8 0.116687618196
17 47 0 8 0.115218192339
68 74 0 8 0.115009501576
27 66 0 8 0.114587068558
27 37 0 8 0.114045903087
9 50 0 8 0.113916009665
42 46 0 8 0.113793201745
20 41 0 8 0.113233081996
6 80 0 8 0.112971797585
37 78 0 8 0.112721584737
6 40 0 8 0.111670620739
60 65 0 8 0.111452490091
43 46 0 8 0.111262850463
16 42 0 8 0.111218065023
46 51 0 8 0.111202277243
16 63 0 8 0.111136257648
9 77 0 8 0.111041001976
36 74 0 8 0.11075630039
30 65 0 8 0.110092110932
30 70 0 8 0.109761066735
6 31 0 8 0.1093589589
17 46 0 8 0.109289549291
5 36 0 8 0.109158948064
26 45 0 8 0.108973309398
21 39 0 8 0.108968451619
16 45 0 8 0.108719684184
4 81 0 8 0.108375512064
17 32 0 8 0.108335897326
28 78 0 8 0.10745087266
38 70 0 8 0.106982342899
6 70 0 8 0.10693474859
6 42 0 8 0.106614477932
32 37 0 8 0.106601461768
5 8 0 8 0.106471963227
23 53 0 8 0.106451667845
79 82 0 8 0.106305070221
9 33 0 8 0.106120720506
1 47 0 8 0.10611192137
21 66 0 8 0.105900369585
2 65 0 8 0.105672806501
18 30 0 8 0.105611376464
1 82 0 8 0.105565309525
8 73 0 8 0.105467580259
38 78 0 8 0.104908742011
3 27 0 8 0.104658976197
6 79 0 8 0.104557812214
36 76 0 8 0.104400232434
12 64 0 8 0.104320317507
36 50 0 8 0.104051455855
20 54 0 8 0.10371030122
8 38 0 8 0.103668116033
16 76 0 8 0.103608995676
57 67 0 8 0.103530533612
17 39 0 8 0.102955535054
44 48 0 8 0.102710425854
38 66 0 8 0.10208953917
32 38 0 8 0.102027401328
17 70 0 8 0.101402655244
20 50 0 8 0.101316377521
37 69 0 8 0.101312555373
2 27 0 8 0.101171396673
9 76 0 8 0.101125352085
24 40 0 8 0.101063273847
33 37 0 8 0.101059250534
37 76 0 8 0.10091496259
58 67 0 8 0.100852526724
2 70 0 8 0.100365325809
7 40 0 8 0.099686935544
27 78 0 8 0.0995488762856
30 42 0 8 0.0991434454918
34 78 0 8 0.0987041667104
2 66 0 8 0.0986896157265
48 56 0 8 0.0986607596278
36 67 0 8 0.0986101552844
46 52 0 8 0.0985753461719
7 76 0 8 0.0983979552984
30 57 0 8 0.0982667654753
36 70 0 8 0.0982342138886
7 39 0 8 0.0979741737247
2 46 0 8 0.0979489162564
79 83 0 8 0.0978836715221
3 41 0 8 0.0976212471724
36 39 0 8 0.0975880250335
37 74 0 8 0.0973899587989
21 63 0 8 0.0973190590739
22 43 0 8 0.09717374295
36 60 0 8 0.0971085801721
5 37 0 8 0.096656486392
39 68 0 8 0.0965971723199
5 80 0 8 0.0964640751481
27 42 0 8 0.0959101691842
16 38 0 8 0.0957947075367
28 61 0 8 0.0956647023559
29 32 0 8 0.0951900780201
21 61 0 8 0.0950986295938
6 45 0 8 0.0947209522128
4 28 0 8 0.0945901051164
4 64 0 8 0.0944236069918
29 40 0 8 0.0943235754967
3 69 0 8 0.0942508876324
7 70 0 8 0.0940563231707
25 43 0 8 0.0939201340079
30 78 0 8 0.0937456190586
29 35 0 8 0.0936207324266
45 56 0 8 0.0935759469867
9 68 0 8 0.0929363593459
9 32 0 8 0.0928493067622
28 53 0 8 0.0927270203829
45 49 0 8 0.0927031338215
7 66 0 8 0.0926292464137
6 39 0 8 0.0925605967641
9 60 0 8 0.09219109267
7 16 0 8 0.0921649113297
2 26 0 8 0.0921003222466
37 47 0 8 0.092082940042
2 82 0 8 0.0920476838946
7 75 0 8 0.0920136347413
43 81 0 8 0.0919239372015
54 77 0 8 0.0918108448386
8 50 0 8 0.0916546434164
3 65 0 8 0.0916291847825
32 66 0 8 0.0915480479598
31 67 0 8 0.0915070548654
4 71 0 8 0.0912299230695
13 76 0 8 0.0909421592951
3 28 0 8 0.0909158065915
3 82 0 8 0.0907514616847
7 42 0 8 0.0906675681472
36 79 0 8 0.0905440822244
13 42 0 8 0.0903182849288
26 68 0 8 0.0903105437756
26 66 0 8 0.0902564004064
1 80 0 8 0.0897783860564
3 71 0 8 0.0896285995841
8 39 0 8 0.0895897224545
39 79 0 8 0.0888504385948
5 39 0 8 0.0887196585536
78 81 0 8 0.0886546671391
17 37 0 8 0.0886191353202
32 70 0 8 0.0885957553983
21 62 0 8 0.0880179926753
4 40 0 8 0.0876207500696
8 41 0 8 0.0874599665403
7 78 0 8 0.087309345603
12 57 0 8 0.0872006714344
40 46 0 8 0.0871052071452
27 79 0 8 0.0870284959674
28 54 0 8 0.0869791731238
8 16 0 8 0.0868248194456
36 57 0 8 0.0866590514779
45 75 0 8 0.0866386145353
9 66 0 8 0.0864920392632
5 70 0 8 0.0864878743887
3 48 0 8 0.0864222273231
27 45 0 8 0.086049310863
14 35 0 8 0.0860011279583
2 64 0 8 0.0859790965915
3 67 0 8 0.0859101116657
4 41 0 8 0.0858535692096
25 42 0 8 0.085776373744
6 14 0 8 0.0856551676989
38 50 0 8 0.085124514997
27 65 0 8 0.0850693657994
45 80 0 8 0.0849191620946
4 65 0 8 0.0848238095641
13 70 0 8 0.0843817219138
1 79 0 8 0.0842118561268
8 31 0 8 0.0841022059321
61 82 0 8 0.0838072896004
50 74 0 8 0.0837465152144
17 62 0 8 0.083733163774
4 27 0 8 0.083732560277
2 77 0 8 0.0836263448
4 57 0 8 0.0835902839899
19 30 0 8 0.0834279954433
9 57 0 8 0.0831753015518
42 70 0 8 0.0831356495619
21 75 0 8 0.0827971845865
7 38 0 8 0.0827743634582
1 83 0 8 0.0825261026621
31 37 0 8 0.0824258103967
9 67 0 8 0.0821602419019
26 79 0 8 0.0820821896195
8 74 0 8 0.0818841159344
9 74 0 8 0.0818743258715
38 80 0 8 0.0818208828568
25 39 0 8 0.0817488878965
17 43 0 8 0.0816669389606
30 61 0 8 0.0816529542208
34 38 0 8 0.081598252058
8 14 0 8 0.0813509821892
4 38 0 8 0.0812379494309
24 27 0 8 0.0810349434614
2 72 0 8 0.0809805393219
58 70 0 8 0.0808920264244
2 45 0 8 0.0808880254626
4 39 0 8 0.0806964635849
40 78 0 8 0.0805823802948
2 48 0 8 0.080372415483
41 46 0 8 0.0802923589945
61 80 0 8 0.080228663981
26 60 0 8 0.0800909250975
39 69 0 8 0.0799052715302
5 66 0 8 0.0798846483231
36 61 0 8 0.0798505544662
6 41 0 8 0.0795809477568
28 80 0 8 0.0794983208179
2 83 0 8 0.0791260972619
32 57 0 8 0.0791235938668
33 74 0 8 0.079061076045
6 69 0 8 0.0790223777294
7 36 0 8 0.0787570104003
26 69 0 8 0.0783924311399
7 45 0 8 0.0783251523972
9 54 0 8 0.0781638473272
36 65 0 8 0.0780196115375
1 48 0 8 0.077838100493
57 69 0 8 0.0777792111039
8 34 0 8 0.0775499716401
20 39 0 8 0.0773093849421
4 30 0 8 0.077182918787
1 46 0 8 0.0770925879478
46 80 0 8 0.0770184397697
29 33 0 8 0.0767853483558
9 16 0 8 0.0767486840487
7 73 0 8 0.0767235830426
7 41 0 8 0.0763962119818
5 45 0 8 0.0762757584453
28 79 0 8 0.0762117505074
39 46 0 8 0.076128013432
45 54 0 8 0.0760406330228
3 72 0 8 0.0759939104319
39 44 0 8 0.0758167430758
24 42 0 8 0.0757173374295
36 68 0 8 0.0756997019053
37 68 0 8 0.075514882803
34 77 0 8 0.0754186585546
10 15 0 8 0.0754184052348
4 29 0 8 0.0753897801042
6 73 0 8 0.0752505660057
20 64 0 8 0.0750750079751
5 42 0 8 0.0750684142113
42 80 0 8 0.0749342739582
58 75 0 8 0.0747190564871
43 47 0 8 0.0744019597769
32 64 0 8 0.0742560699582
4 19 0 8 0.0742540806532
37 66 0 8 0.074202388525
26 43 0 8 0.0741315037012
32 76 0 8 0.0741086825728
24 45 0 8 0.0739683583379
37 41 0 8 0.073870331049
39 80 0 8 0.0738587230444
1 4 0 8 0.0736883580685
25 71 0 8 0.0734751597047
8 37 0 8 0.0734059214592
45 76 0 8 0.0732622742653
37 79 0 8 0.0732269436121
37 45 0 8 0.0729670673609
38 79 0 8 0.0728709697723
30 45 0 8 0.0723813474178
29 65 0 8 0.0722684264183
30 64 0 8 0.0722512602806
8 67 0 8 0.072215937078
22 27 0 8 0.072108566761
61 79 0 8 0.0720891878009
78 82 0 8 0.0720434561372
8 42 0 8 0.071658320725
6 18 0 8 0.0715175122023
2 42 0 8 0.07126095891
6 53 0 8 0.0712087526917
42 68 0 8 0.0711549073458
4 72 0 8 0.0711370334029
9 39 0 8 0.0710604190826
31 66 0 8 0.0709817558527
41 78 0 8 0.0709017962217
40 79 0 8 0.0708706080914
4 74 0 8 0.070736669004
29 34 0 8 0.0707241073251
35 65 0 8 0.070425465703
4 8 0 8 0.0704040378332
1 78 0 8 0.0700761452317
4 50 0 8 0.0700418800116
26 77 0 8 0.0698559358716
39 76 0 8 0.0697644427419
4 61 0 8 0.0696609690785
21 77 0 8 0.0696561113
4 82 0 8 0.0695144236088
4 17 0 8 0.0694954022765
37 40 0 8 0.0694128200412
9 70 0 8 0.0693814903498
4 53 0 8 0.069300621748
26 44 0 8 0.0692330524325
8 77 0 8 0.0692213624716
20 76 0 8 0.069178596139
9 37 0 8 0.0691470652819
19 56 0 8 0.069011606276
7 80 0 8 0.06893889606
3 43 0 8 0.068927526474
55 70 0 8 0.0688879862428
29 75 0 8 0.0687795653939
45 70 0 8 0.0686977729201
2 5 0 8 0.0686404556036
2 75 0 8 0.0685397163033
38 62 0 8 0.068526506424
42 58 0 8 0.068470671773
38 46 0 8 0.0682715252042
41 80 0 8 0.0682158246636
41 79 0 8 0.068215213716
8 66 0 8 0.0682035163045
20 40 0 8 0.0681959688663
8 76 0 8 0.0681066662073
14 36 0 8 0.0680517628789
26 75 0 8 0.0679956376553
4 16 0 8 0.0679781287909
26 61 0 8 0.0678156539798
3 50 0 8 0.0677644312382
7 68 0 8 0.0676836520433
31 38 0 8 0.0674903690815
2 20 0 8 0.0674506798387
42 78 0 8 0.0673427954316
13 64 0 8 0.0672584325075
33 75 0 8 0.0672134831548
20 29 0 8 0.0671420395374
9 62 0 8 0.0670105516911
10 38 0 8 0.0669964104891
6 11 0 8 0.0669785290956
44 80 0 8 0.0669135972857
2 76 0 8 0.0666194781661
2 68 0 8 0.0664538294077
35 74 0 8 0.0664208680391
17 26 0 8 0.0664003491402
9 35 0 8 0.0662781223655
40 75 0 8 0.0662560984492
4 21 0 8 0.0662271901965
24 28 0 8 0.0660943239927
34 65 0 8 0.0660396590829
8 40 0 8 0.0660129785538
42 77 0 8 0.0659808069468
60 80 0 8 0.0656427592039
19 61 0 8 0.0656228139997
7 12 0 8 0.0656095594168
31 70 0 8 0.0656062811613
43 79 0 8 0.0654886960983
17 63 0 8 0.0653810873628
14 53 0 8 0.0652631148696
36 40 0 8 0.0651403814554
35 38 0 8 0.0649460405111
9 15 0 8 0.0648861974478
18 61 0 8 0.064642444253
36 53 0 8 0.0646243020892
24 57 0 8 0.0643960013986
12 53 0 8 0.0643511936069
27 43 0 8 0.0643400326371
33 70 0 8 0.0642829164863
19 28 0 8 0.0642450749874
12 38 0 8 0.0639494433999
2 41 0 8 0.0639083012938
14 61 0 8 0.0634940564632
16 36 0 8 0.0634154602885
6 43 0 8 0.0634070932865
1 65 0 8 0.0630684792995
47 56 0 8 0.0630493834615
16 32 0 8 0.0628704056144
1 26 0 8 0.0628668069839
21 45 0 8 0.0628474131227
17 64 0 8 0.0627618804574
2 73 0 8 0.0626232251525
13 34 0 8 0.062613889575
5 65 0 8 0.0625828355551
45 52 0 8 0.062458243221
39 70 0 8 0.0622038505971
9 41 0 8 0.0620917640626
5 40 0 8 0.0619606003165
29 79 0 8 0.0618985369802
26 29 0 8 0.0618605241179
54 76 0 8 0.0618480928242
30 74 0 8 0.0618112049997
41 60 0 8 0.0616909898818
67 81 0 8 0.0616546981037
6 50 0 8 0.0616456642747
50 72 0 8 0.0614643357694
46 54 0 8 0.0614017620683
45 78 0 8 0.0613206624985
7 65 0 8 0.0612912550569
9 45 0 8 0.0609499551356
26 80 0 8 0.0609419606626
13 37 0 8 0.0609273687005
35 39 0 8 0.0607909597456
5 41 0 8 0.0607793070376
45 79 0 8 0.0606999993324
10 35 0 8 0.0606032721698
9 80 0 8 0.0605686530471
2 53 0 8 0.0605164431036
46 79 0 8 0.0605049319565
20 30 0 8 0.0604937411845
3 83 0 8 0.0603069663048
44 81 0 8 0.0603016838431
27 71 0 8 0.0602884180844
39 57 0 8 0.0602798387408
17 58 0 8 0.060223530978
5 38 0 8 0.060133703053
8 72 0 8 0.0599411539733
7 79 0 8 0.0596914887428
2 49 0 8 0.0596876107156
38 67 0 8 0.0595416426659
42 79 0 8 0.0595258995891
24 38 0 8 0.0594648122787
26 57 0 8 0.059445977211
35 79 0 8 0.059420928359
6 12 0 8 0.0592884272337
7 32 0 8 0.0591919124126
44 56 0 8 0.0591132976115
76 79 0 8 0.0590103603899
32 71 0 8 0.0590004585683
26 50 0 8 0.0589467771351
47 77 0 8 0.0587613210082
24 39 0 8 0.0585991926491
20 70 0 8 0.0584722571075
38 74 0 8 0.0584312789142
31 65 0 8 0.0583957284689
34 73 0 8 0.0583048686385
20 63 0 8 0.0583040937781
40 56 0 8 0.058265645057
18 64 0 8 0.0582216009498
12 61 0 8 0.0581857785583
7 15 0 8 0.0581371299922
32 65 0 8 0.0577347278595
3 64 0 8 0.0577276721597
21 50 0 8 0.0575952976942
40 57 0 8 0.0575820207596
2 23 0 8 0.0574897378683
7 74 0 8 0.0573668256402
2 44 0 8 0.0572842657566
38 58 0 8 0.0572674646974
2 69 0 8 0.0572172217071
6 54 0 8 0.0570907220244
9 40 0 8 0.0570165216923
17 41 0 8 0.0567351356149
43 80 0 8 0.0565952695906
20 62 0 8 0.0565595850348
6 74 0 8 0.0564765259624
23 57 0 8 0.0564393401146
17 29 0 8 0.0563309937716
9 34 0 8 0.0563170537353
36 69 0 8 0.0562554188073
13 58 0 8 0.0561614558101
17 67 0 8 0.0560764148831
31 64 0 8 0.0560624077916
4 48 0 8 0.0560318045318
6 57 0 8 0.0560042224824
30 79 0 8 0.0558862574399
26 65 0 8 0.0558729507029
7 33 0 8 0.055676098913
35 64 0 8 0.0556677132845
4 43 0 8 0.0556243620813
32 68 0 8 0.0555920600891
63 83 0 8 0.0553482733667
1 43 0 8 0.055283088237
31 68 0 8 0.0552643537521
39 61 0 8 0.0551573112607
2 67 0 8 0.0551501326263
5 20 0 8 0.0550151057541
19 53 0 8 0.0550071336329
37 70 0 8 0.0549465641379
17 80 0 8 0.0548833571374
43 82 0 8 0.0546176284552
4 54 0 8 0.0546169877052
36 48 0 8 0.0544832162559
46 78 0 8 0.0544755682349
9 61 0 8 0.0544427223504
33 76 0 8 0.0543733350933
6 34 0 8 0.0543655529618
40 53 0 8 0.0543376617134
16 62 0 8 0.0542590618134
8 70 0 8 0.0542027875781
4 7 0 8 0.0541820861399
16 70 0 8 0.0539832860231
69 72 0 8 0.0539717562497
47 73 0 8 0.0536959432065
30 54 0 8 0.0536610633135
37 73 0 8 0.0536108650267
26 78 0 8 0.053565621376
38 43 0 8 0.0535305552185
20 80 0 8 0.0533968694508
19 57 0 8 0.0533503480256
35 78 0 8 0.0532677583396
32 60 0 8 0.0532395578921
24 66 0 8 0.0530247353017
58 80 0 8 0.0530157089233
6 65 0 8 0.0529227554798
28 50 0 8 0.0528900846839
20 65 0 8 0.0528834536672
21 54 0 8 0.0527881458402
30 73 0 8 0.0525461323559
25 70 0 8 0.0525249503553
2 50 0 8 0.0523049049079
34 74 0 8 0.052210111171
27 80 0 8 0.0521470420063
2 25 0 8 0.0520770959556
28 31 0 8 0.0520593523979
5 72 0 8 0.0520383194089
9 53 0 8 0.052031993866
5 46 0 8 0.0517637692392
38 47 0 8 0.0517397597432
40 80 0 8 0.0516227930784
21 68 0 8 0.0516174025834
21 64 0 8 0.0515486299992
3 73 0 8 0.0515291690826
44 79 0 8 0.0514723099768
37 46 0 8 0.0514280237257
9 64 0 8 0.0513633973897
25 44 0 8 0.0513374730945
26 67 0 8 0.051089681685
61 83 0 8 0.0508168078959
32 79 0 8 0.0507370270789
32 63 0 8 0.0507287830114
26 76 0 8 0.0506989955902
31 76 0 8 0.0506015047431
2 61 0 8 0.0505941621959
40 70 0 8 0.0505879558623
3 39 0 8 0.0505471490324
36 47 0 8 0.0504602454603
13 80 0 8 0.0503579340875
4 44 0 8 0.0502748787403
34 66 0 8 0.0500718280673
27 44 0 8 0.0499753318727
6 17 0 8 0.0499189198017
20 25 0 8 0.049917075783
7 14 0 8 0.0498866811395
62 79 0 8 0.0498531870544
39 73 0 8 0.0497750043869
3 29 0 8 0.0497431270778
77 81 0 8 0.0496288724244
6 20 0 8 0.0494910851121
8 65 0 8 0.0494780763984
32 39 0 8 0.0493009909987
32 78 0 8 0.0492671653628
30 63 0 8 0.0492518357933
32 72 0 8 0.0492042191327
8 80 0 8 0.0491542294621
53 76 0 8 0.0490517653525
47 80 0 8 0.0489761456847
12 66 0 8 0.0487933382392
14 45 0 8 0.0487019270658
2 57 0 8 0.0486660972238
23 40 0 8 0.048649828881
16 58 0 8 0.0484981387854
13 35 0 8 0.0484961345792
33 63 0 8 0.0484841242433
2 40 0 8 0.0484837703407
24 70 0 8 0.0483537390828
26 37 0 8 0.048299882561
27 77 0 8 0.0482958704233
30 60 0 8 0.0481700338423
41 70 0 8 0.0481405742466
11 53 0 8 0.0481116063893
21 44 0 8 0.0480510443449
32 73 0 8 0.0478526465595
5 71 0 8 0.0477724224329
66 82 0 8 0.0477126613259
32 67 0 8 0.047658354044
57 76 0 8 0.0476081706583
17 34 0 8 0.0475188679993
8 64 0 8 0.0473102219403
37 48 0 8 0.0473045893013
32 69 0 8 0.0472869277
1 27 0 8 0.0472396276891
32 50 0 8 0.0471902564168
31 73 0 8 0.0471787117422
31 74 0 8 0.0471419095993
33 71 0 8 0.0470529086888
28 73 0 8 0.0470346435905
6 71 0 8 0.0469799563289
5 73 0 8 0.0469551980495
26 47 0 8 0.0469237752259
36 80 0 8 0.0467829741538
37 50 0 8 0.0467759929597
1 41 0 8 0.0466815419495
58 69 0 8 0.0464940369129
37 80 0 8 0.0464768558741
32 74 0 8 0.0463078916073
44 78 0 8 0.0462407842278
41 53 0 8 0.0462062843144
28 71 0 8 0.046189006418
3 74 0 8 0.046126767993
13 28 0 8 0.0460772141814
37 67 0 8 0.0460744798183
12 54 0 8 0.0460690744221
6 46 0 8 0.0459107123315
32 53 0 8 0.0458459854126
20 27 0 8 0.04581752792
43 75 0 8 0.0457782112062
16 67 0 8 0.0456092581153
45 68 0 8 0.0455464795232
40 73 0 8 0.0454994291067
20 36 0 8 0.0454810522497
4 60 0 8 0.0454082936049
10 34 0 8 0.0454008728266
45 60 0 8 0.0452696979046
42 81 0 8 0.04516742751
32 54 0 8 0.0450384952128
8 45 0 8 0.0449894219637
36 64 0 8 0.0449779219925
39 54 0 8 0.044931948185
13 62 0 8 0.0448763668537
9 63 0 8 0.0448580235243
36 45 0 8 0.0448142103851
24 43 0 8 0.0447273589671
32 61 0 8 0.0447104535997
25 79 0 8 0.0446174293756
33 64 0 8 0.0445751994848
2 43 0 8 0.0444183759391
29 72 0 8 0.0443122386932
9 43 0 8 0.0443033874035
34 50 0 8 0.0442730002105
12 45 0 8 0.0441713519394
58 82 0 8 0.0441368594766
21 37 0 8 0.0441005602479
42 60 0 8 0.0441002398729
28 64 0 8 0.0440377779305
7 46 0 8 0.0439820215106
34 63 0 8 0.0438040867448
6 72 0 8 0.0437367781997
26 56 0 8 0.0437219291925
6 15 0 8 0.0436889976263
8 33 0 8 0.0436683744192
42 54 0 8 0.0436372309923
11 50 0 8 0.043619081378
1 71 0 8 0.0435105040669
39 60 0 8 0.043236322701
31 72 0 8 0.0432307943702
30 50 0 8 0.043196644634
36 46 0 8 0.0431239418685
7 71 0 8 0.0431148707867
31 78 0 8 0.0430564619601
33 66 0 8 0.0429889261723
22 40 0 8 0.0429445281625
30 62 0 8 0.042879704386
28 65 0 8 0.0428791940212
30 40 0 8 0.0428526327014
17 48 0 8 0.0428501106799
8 68 0 8 0.0428157858551
54 72 0 8 0.0428098812699
46 77 0 8 0.0427796654403
11 34 0 8 0.0427569523454
13 47 0 8 0.042674601078
21 36 0 8 0.0426030084491
14 28 0 8 0.042573492974
19 60 0 8 0.0424775667489
5 81 0 8 0.0424207635224
16 80 0 8 0.0424126498401
75 79 0 8 0.0423911698163
47 79 0 8 0.0423447936773
39 53 0 8 0.0422857217491
2 74 0 8 0.0422147922218
40 54 0 8 0.0421836636961
20 58 0 8 0.0420977808535
4 73 0 8 0.0420400574803
36 54 0 8 0.0420220792294
17 40 0 8 0.04201798141
39 67 0 8 0.041929576546
23 41 0 8 0.0418599545956
6 60 0 8 0.041846241802
33 38 0 8 0.0417809039354
76 80 0 8 0.0417139194906
41 57 0 8 0.0417075529695
34 64 0 8 0.0416881293058
41 81 0 8 0.0416686460376
54 74 0 8 0.0415013767779
40 77 0 8 0.0414766035974
31 71 0 8 0.041371639818
4 13 0 8 0.0412934161723
24 75 0 8 0.0412438362837
5 19 0 8 0.0412398502231
21 30 0 8 0.0412275977433
14 57 0 8 0.0411855094135
38 73 0 8 0.0410898737609
34 75 0 8 0.0410890318453
3 20 0 8 0.0410554595292
1 42 0 8 0.0410246066749
9 65 0 8 0.0408949702978
29 71 0 8 0.0408531725407
7 60 0 8 0.0408273376524
2 63 0 8 0.040807146579
4 9 0 8 0.0407507903874
21 48 0 8 0.0406032130122
45 69 0 8 0.0404573380947
24 56 0 8 0.0404242798686
38 63 0 8 0.040390279144
30 71 0 8 0.0403533317149
40 47 0 8 0.0402380265296
7 72 0 8 0.040229305625
34 79 0 8 0.040215741843
6 47 0 8 0.0401208028197
10 37 0 8 0.0401173047721
39 81 0 8 0.0400806330144
2 19 0 8 0.0400270074606
29 64 0 8 0.0400257594883
22 64 0 8 0.0399498678744
21 47 0 8 0.0399233661592
37 53 0 8 0.0398842170835
68 80 0 8 0.0398586168885
34 76 0 8 0.0398261398077
47 78 0 8 0.0396394841373
3 44 0 8 0.0396295748651
41 56 0 8 0.0395336896181
10 57 0 8 0.0393901616335
4 18 0 8 0.0393771119416
26 53 0 8 0.0392629876733
42 82 0 8 0.0392570607364
58 66 0 8 0.0392327345908
7 50 0 8 0.039213553071
11 35 0 8 0.0392051897943
54 80 0 8 0.0391983687878
24 77 0 8 0.0391681715846
67 82 0 8 0.0390531420708
29 41 0 8 0.0390430763364
5 34 0 8 0.0389386415482
4 26 0 8 0.0388714522123
29 74 0 8 0.0388465337455
7 69 0 8 0.0388230420649
26 72 0 8 0.0387921370566
42 50 0 8 0.0387175939977
59 68 0 8 0.0387079045177
5 43 0 8 0.0386686511338
13 69 0 8 0.0386378280818
36 63 0 8 0.0385869704187
12 50 0 8 0.038552429527
35 77 0 8 0.0384996645153
4 36 0 8 0.0384460054338
33 65 0 8 0.0383137688041
6 81 0 8 0.0382206514478
2 54 0 8 0.0382177270949
13 46 0 8 0.0381904877722
13 67 0 8 0.0381647162139
60 82 0 8 0.0381336584687
21 80 0 8 0.0380627289414
31 77 0 8 0.0380257964134
13 39 0 8 0.0380250252783
16 39 0 8 0.037928018719
12 36 0 8 0.037913672626
7 64 0 8 0.0378878004849
40 60 0 8 0.0378599762917
31 69 0 8 0.0378457531333
29 45 0 8 0.0378225110471
40 69 0 8 0.0378148928285
2 60 0 8 0.0377951450646
39 47 0 8 0.0377339981496
34 57 0 8 0.0377040803432
14 34 0 8 0.0376720167696
30 80 0 8 0.0376715399325
24 60 0 8 0.0376570001245
57 80 0 8 0.0375867560506
26 58 0 8 0.0375736504793
37 65 0 8 0.0374716594815
66 83 0 8 0.0373618081212
37 61 0 8 0.0373520590365
12 35 0 8 0.0373423546553
18 40 0 8 0.0373343043029
33 79 0 8 0.0373147465289
18 46 0 8 0.0372847877443
14 56 0 8 0.0372774265707
12 58 0 8 0.0372039042413
9 71 0 8 0.0371987335384
32 80 0 8 0.0371396653354
27 46 0 8 0.0370803885162
50 79 0 8 0.0370416752994
22 42 0 8 0.0369109734893
36 62 0 8 0.0368784330785
1 25 0 8 0.0368596054614
24 50 0 8 0.0368152782321
47 75 0 8 0.0367415770888
2 62 0 8 0.0367062203586
35 76 0 8 0.036533575505
5 16 0 8 0.0364596433938
41 71 0 8 0.0364353395998
46 81 0 8 0.0364209860563
8 78 0 8 0.0364178828895
30 72 0 8 0.0364148877561
53 77 0 8 0.0363946445286
12 37 0 8 0.036394353956
1 66 0 8 0.0363778695464
50 80 0 8 0.0362893380225
6 64 0 8 0.0362465344369
29 57 0 8 0.036215711385
24 54 0 8 0.0361040830612
11 47 0 8 0.0360761396587
35 67 0 8 0.0360247828066
38 59 0 8 0.0359120592475
6 61 0 8 0.0359043739736
4 37 0 8 0.0357670374215
44 73 0 8 0.0357532165945
27 31 0 8 0.0357344634831
12 60 0 8 0.0357134304941
7 17 0 8 0.0356134176254
10 39 0 8 0.0356118865311
38 44 0 8 0.0355724580586
13 48 0 8 0.0355357266963
3 38 0 8 0.0354696251452
25 28 0 8 0.0354361720383
13 63 0 8 0.0354068763554
28 43 0 8 0.0354037843645
27 74 0 8 0.0353980921209
9 69 0 8 0.0353498831391
4 83 0 8 0.0353469215333
27 72 0 8 0.0352934524417
3 54 0 8 0.0352171696723
12 56 0 8 0.0352099463344
4 63 0 8 0.035021930933
13 41 0 8 0.0350170657039
20 67 0 8 0.0349933318794
10 64 0 8 0.0349799394608
3 63 0 8 0.0349613502622
9 44 0 8 0.0348604246974
2 16 0 8 0.034759413451
13 33 0 8 0.0347393192351
28 58 0 8 0.0346683450043
27 76 0 8 0.03463351354
1 73 0 8 0.0344970487058
14 32 0 8 0.0344390720129
47 70 0 8 0.0343942083418
39 72 0 8 0.0342812538147
41 77 0 8 0.0341782681644
43 58 0 8 0.0341764315963
39 71 0 8 0.034170024097
34 67 0 8 0.0341534726322
25 49 0 8 0.0341089256108
37 49 0 8 0.0340985320508
10 65 0 8 0.0340800061822
26 81 0 8 0.0339943580329
42 56 0 8 0.0339741706848
8 71 0 8 0.0339349843562
37 60 0 8 0.0339051634073
10 41 0 8 0.033869959414
15 56 0 8 0.0338258929551
2 21 0 8 0.0338235795498
12 42 0 8 0.0337552279234
16 56 0 8 0.0337154753506
35 68 0 8 0.0336912386119
34 68 0 8 0.0336857177317
45 81 0 8 0.0336765497923
36 73 0 8 0.0336605794728
40 82 0 8 0.0334630347788
8 69 0 8 0.0333617478609
9 78 0 8 0.0333517789841
26 73 0 8 0.0333103276789
10 61 0 8 0.0332818105817
29 42 0 8 0.0331226699054
18 48 0 8 0.0330868475139
16 40 0 8 0.03304419294
28 34 0 8 0.0329762138426
24 71 0 8 0.0328969657421
7 43 0 8 0.0328759104013
28 62 0 8 0.0327000617981
5 82 0 8 0.0326639898121
7 54 0 8 0.0325492210686
26 46 0 8 0.0325254835188
4 23 0 8 0.0324969030917
33 72 0 8 0.0324853621423
10 66 0 8 0.0324607640505
8 35 0 8 0.0323843248188
21 70 0 8 0.0322947613895
12 68 0 8 0.0322933979332
37 57 0 8 0.0322435982525
16 78 0 8 0.0321652814746
36 71 0 8 0.0320825167
24 61 0 8 0.0320169627666
4 62 0 8 0.0319962538779
16 69 0 8 0.0318631455302
5 47 0 8 0.0318464003503
65 83 0 8 0.0318336226046
25 80 0 8 0.0318075418472
8 54 0 8 0.0317872315645
33 77 0 8 0.0317377857864
5 61 0 8 0.0317047946155
39 74 0 8 0.0316748656332
5 13 0 8 0.0316014438868
29 80 0 8 0.0315940752625
24 29 0 8 0.0315694399178
33 78 0 8 0.0315269567072
28 81 0 8 0.031526915729
9 48 0 8 0.0314886756241
38 48 0 8 0.0314122363925
3 21 0 8 0.0313576981425
18 29 0 8 0.0312944352627
34 72 0 8 0.0312648378313
10 45 0 8 0.0312382765114
54 73 0 8 0.0311766248196
11 57 0 8 0.0311656724662
5 10 0 8 0.0311377961189
27 64 0 8 0.0311136525124
14 42 0 8 0.0310208834708
27 36 0 8 0.0310184396803
32 58 0 8 0.0309886336327
3 40 0 8 0.0309645943344
36 81 0 8 0.030922409147
3 57 0 8 0.0309194456786
2 29 0 8 0.030881440267
35 47 0 8 0.0308378506452
6 32 0 8 0.030818965286
26 64 0 8 0.0307398177683
8 61 0 8 0.0306901037693
24 44 0 8 0.0306856203824
31 39 0 8 0.0306338742375
33 80 0 8 0.0306130945683
27 73 0 8 0.0306058526039
18 37 0 8 0.0305698532611
39 62 0 8 0.0305499695241
25 64 0 8 0.0305365249515
22 41 0 8 0.0305327158421
19 64 0 8 0.0303965490311
1 70 0 8 0.0303046833724
20 69 0 8 0.0302020851523
42 47 0 8 0.0301022306085
58 79 0 8 0.0300818476826
1 45 0 8 0.0300550218672
27 81 0 8 0.0300305746496
20 43 0 8 0.0300220325589
7 53 0 8 0.0300039239228
37 81 0 8 0.0299980193377
17 78 0 8 0.0299769379199
34 69 0 8 0.0299676973373
65 68 0 8 0.0298919342458
13 56 0 8 0.0298730302602
45 55 0 8 0.0298307798803
62 78 0 8 0.0298259425908
23 28 0 8 0.02976593934
8 43 0 8 0.0297185685486
16 79 0 8 0.0296836365014
17 56 0 8 0.029625268653
43 50 0 8 0.029516203329
40 81 0 8 0.0295158289373
33 73 0 8 0.0294961445034
37 64 0 8 0.0294764470309
12 77 0 8 0.0294562187046
35 69 0 8 0.0293408706784
17 65 0 8 0.0293261539191
35 66 0 8 0.0292576514184
8 79 0 8 0.0292183347046
21 58 0 8 0.0292152017355
13 78 0 8 0.0292146764696
7 57 0 8 0.0291126910597
2 58 0 8 0.0291007533669
1 5 0 8 0.0289786159992
34 81 0 8 0.0289659071714
47 72 0 8 0.0289243720472
43 70 0 8 0.0288815703243
53 69 0 8 0.0288162566721
28 74 0 8 0.0287709794939
9 79 0 8 0.0286142341793
27 75 0 8 0.0285588707775
44 50 0 8 0.0285356696695
10 42 0 8 0.0284349806607
10 40 0 8 0.0283556245267
36 49 0 8 0.0283189155161
2 17 0 8 0.0282536130399
62 77 0 8 0.0281932968646
36 58 0 8 0.028082003817
32 62 0 8 0.0280725900084
13 40 0 8 0.0280421357602
23 61 0 8 0.0280189067125
41 72 0 8 0.0279865395278
9 46 0 8 0.0279503054917
10 36 0 8 0.0278512537479
45 73 0 8 0.0278507303447
34 61 0 8 0.0278277453035
3 61 0 8 0.0277927424759
15 57 0 8 0.0277566891164
35 71 0 8 0.0276276897639
15 61 0 8 0.0275223832577
26 54 0 8 0.0275129657239
28 33 0 8 0.0275070592761
17 59 0 8 0.0274911839515
9 72 0 8 0.0274601187557
11 16 0 8 0.0274584628642
15 47 0 8 0.0274514239281
2 39 0 8 0.0273875296116
5 33 0 8 0.0273341760039
3 62 0 8 0.0272940229625
40 61 0 8 0.0271819382906
10 50 0 8 0.0271179582924
8 47 0 8 0.0271170772612
9 47 0 8 0.0269579831511
59 82 0 8 0.0269571263343
25 72 0 8 0.0269554127008
4 58 0 8 0.0268736127764
35 75 0 8 0.0268143583089
41 47 0 8 0.0267729349434
8 57 0 8 0.0267721265554
12 39 0 8 0.0267720650882
14 37 0 8 0.0267120338976
45 82 0 8 0.026669960469
42 48 0 8 0.0266398787498
2 59 0 8 0.0266159642488
29 60 0 8 0.0266158115119
63 67 0 8 0.0266100112349
35 61 0 8 0.026601491496
34 80 0 8 0.0265618599951
6 21 0 8 0.0264869816601
3 49 0 8 0.0264037642628
30 41 0 8 0.0263894759119
22 29 0 8 0.02637520805
43 78 0 8 0.0263443291187
37 42 0 8 0.0262863207608
15 53 0 8 0.0262684822083
29 73 0 8 0.0262557286769
24 47 0 8 0.0262518264353
35 80 0 8 0.0262278243899
2 56 0 8 0.0262034423649
8 15 0 8 0.0261070374399
47 76 0 8 0.026093589142
74 78 0 8 0.026070792228
15 60 0 8 0.0260506644845
37 71 0 8 0.026037286967
11 36 0 8 0.0260212700814
38 64 0 8 0.0259931646287
12 75 0 8 0.0258638337255
29 61 0 8 0.025857526809
10 53 0 8 0.0258248541504
41 76 0 8 0.0257163587958
8 44 0 8 0.0257031377405
7 61 0 8 0.0256241876632
54 71 0 8 0.0254655685276
38 71 0 8 0.0254377610981
41 82 0 8 0.0253975708038
66 70 0 8 0.0253730807453
13 65 0 8 0.025328097865
26 49 0 8 0.0253151636571
28 63 0 8 0.0252826884389
23 72 0 8 0.0252498760819
13 59 0 8 0.0251786205918
32 59 0 8 0.0249674264342
40 68 0 8 0.0249568298459
33 67 0 8 0.0247995201498
31 79 0 8 0.0247817095369
31 75 0 8 0.0247652474791
12 80 0 8 0.0247480478138
47 81 0 8 0.0247455053031
4 56 0 8 0.0246593914926
7 63 0 8 0.0246244911104
42 76 0 8 0.0245508663356
58 81 0 8 0.0244903154671
10 67 0 8 0.0244121327996
37 62 0 8 0.0243439357728
43 53 0 8 0.024335205555
23 27 0 8 0.0242992900312
20 32 0 8 0.0242794062942
17 69 0 8 0.0242778025568
11 54 0 8 0.0242683049291
19 62 0 8 0.0242488011718
1 31 0 8 0.024241797626
12 46 0 8 0.0242377147079
18 60 0 8 0.024184115231
20 59 0 8 0.0241833720356
38 81 0 8 0.0241685789078
7 62 0 8 0.0241272617131
15 30 0 8 0.0241248421371
46 70 0 8 0.024043077603
3 17 0 8 0.0240235272795
59 67 0 8 0.0240153893828
1 49 0 8 0.0240106508136
53 80 0 8 0.0239432957023
25 66 0 8 0.0239354632795
18 45 0 8 0.0239283293486
10 77 0 8 0.0239030774683
34 39 0 8 0.0238076727837
21 46 0 8 0.02380245924
28 56 0 8 0.023750834167
10 75 0 8 0.0237039234489
2 28 0 8 0.0236488264054
10 73 0 8 0.0235977116972
24 49 0 8 0.023584915325
12 65 0 8 0.0234856773168
1 24 0 8 0.0234711486846
19 43 0 8 0.0234700646251
3 37 0 8 0.0234168302268
40 50 0 8 0.0233745742589
10 46 0 8 0.0233135484159
33 39 0 8 0.0232828799635
16 34 0 8 0.0232462398708
39 48 0 8 0.0232436899096
16 41 0 8 0.0232359617949
78 83 0 8 0.0232288073748
37 63 0 8 0.0232269261032
7 44 0 8 0.0231555793434
11 61 0 8 0.0231410544366
44 53 0 8 0.0231315381825
25 45 0 8 0.0230521969497
20 79 0 8 0.023002307862
1 39 0 8 0.0229842644185
11 38 0 8 0.0229829587042
16 65 0 8 0.0228102654219
50 78 0 8 0.0226260889322
24 69 0 8 0.0226103607565
34 62 0 8 0.0226077586412
14 46 0 8 0.0225043334067
24 72 0 8 0.02250052616
5 50 0 8 0.022499172017
25 29 0 8 0.0224421415478
6 19 0 8 0.0224124714732
5 12 0 8 0.0224033538252
16 46 0 8 0.0223505999893
16 43 0 8 0.0223148372024
51 75 0 8 0.022168526426
42 71 0 8 0.02208795771
1 67 0 8 0.0220865998417
59 66 0 8 0.022083086893
24 62 0 8 0.0220802240074
3 53 0 8 0.0220648013055
43 48 0 8 0.0220385678113
2 22 0 8 0.0220345910639
32 45 0 8 0.0220285467803
16 47 0 8 0.021981228143
9 58 0 8 0.0219233222306
18 58 0 8 0.0219038520008
46 72 0 8 0.0218888502568
39 66 0 8 0.0218882076442
14 50 0 8 0.0218798592687
55 68 0 8 0.021853113547
28 59 0 8 0.0218505337834
27 60 0 8 0.0217809770256
35 73 0 8 0.0217641498893
58 77 0 8 0.021763831377
61 75 0 8 0.0217572376132
5 18 0 8 0.0217292122543
60 81 0 8 0.0216659326106
39 58 0 8 0.0216458272189
13 79 0 8 0.0216228123754
3 19 0 8 0.0216145254672
20 73 0 8 0.0215821247548
54 66 0 8 0.0215733703226
18 57 0 8 0.0215146001428
8 17 0 8 0.0215027239174
39 64 0 8 0.0214687567204
4 31 0 8 0.0214263107628
48 80 0 8 0.0214259643108
41 69 0 8 0.0213717594743
25 81 0 8 0.0213717389852
1 72 0 8 0.0213661305606
33 69 0 8 0.0213402789086
18 63 0 8 0.0213252548128
5 44 0 8 0.0213064197451
23 44 0 8 0.0212893486023
46 76 0 8 0.0212722122669
40 58 0 8 0.0212614629418
1 23 0 8 0.02123102732
43 83 0 8 0.0212163962424
19 45 0 8 0.0212037749588
23 64 0 8 0.0211952608079
9 51 0 8 0.0211668387055
4 12 0 8 0.0211593601853
41 54 0 8 0.0211300347
36 44 0 8 0.0211299695075
2 31 0 8 0.0211179759353
5 48 0 8 0.0211143828928
46 69 0 8 0.0210751984268
6 44 0 8 0.0210707616061
7 81 0 8 0.0210546664894
24 64 0 8 0.0210454314947
39 82 0 8 0.0209832899272
11 58 0 8 0.0209755040705
4 32 0 8 0.0209649652243
11 56 0 8 0.0209595728666
3 31 0 8 0.0209580473602
14 54 0 8 0.0209564510733
56 68 0 8 0.0209422707558
11 75 0 8 0.0209256168455
12 62 0 8 0.0209211669862
11 48 0 8 0.0209185127169
20 81 0 8 0.0209105778486
39 50 0 8 0.0208993051201
15 50 0 8 0.0208724811673
25 78 0 8 0.020843571052
16 37 0 8 0.020833954215
6 82 0 8 0.0207760091871
11 62 0 8 0.0207454767078
44 82 0 8 0.0207450073212
46 82 0 8 0.0207229088992
24 79 0 8 0.0206997990608
22 72 0 8 0.0206662397832
12 32 0 8 0.0206634420902
26 48 0 8 0.0206561721861
48 77 0 8 0.020655920729
18 66 0 8 0.0206295177341
30 81 0 8 0.0206181574613
35 49 0 8 0.0205959882587
41 73 0 8 0.0205904692411
40 72 0 8 0.02053418383
35 81 0 8 0.0205339454114
23 69 0 8 0.0205295234919
34 54 0 8 0.0205243080854
20 46 0 8 0.020518284291
53 68 0 8 0.0205076541752
14 38 0 8 0.0205004625022
60 77 0 8 0.0204971730709
5 83 0 8 0.0204854067415
9 30 0 8 0.0204799249768
22 62 0 8 0.0204725414515
9 56 0 8 0.0204668566585
21 65 0 8 0.0204587522894
12 70 0 8 0.0204421207309
45 51 0 8 0.0204172171652
35 46 0 8 0.0204026810825
48 79 0 8 0.0204024296254
54 82 0 8 0.0203959587961
33 60 0 8 0.0203902050853
15 58 0 8 0.0203852578998
50 68 0 8 0.0203584656119
24 78 0 8 0.0203489530832
16 48 0 8 0.0203394871205
37 43 0 8 0.0202973634005
18 53 0 8 0.0202854443341
24 80 0 8 0.0202422309667
36 42 0 8 0.0202275793999
60 75 0 8 0.0202272478491
20 44 0 8 0.0201907530427
4 49 0 8 0.0201893504709
27 57 0 8 0.0201814137399
30 56 0 8 0.0201639644802
12 34 0 8 0.0201545599848
33 54 0 8 0.020151918754
17 79 0 8 0.0201478898525
23 60 0 8 0.0201372019947
19 63 0 8 0.0201077032834
13 43 0 8 0.020104682073
33 81 0 8 0.0200541112572
32 56 0 8 0.0200375653803
34 48 0 8 0.0200308337808
20 78 0 8 0.0200014468282
24 68 0 8 0.0199901685119
18 62 0 8 0.019973071292
31 80 0 8 0.0199554003775
28 72 0 8 0.0199391283095
68 72 0 8 0.019921483472
20 74 0 8 0.0199006199837
13 72 0 8 0.0198769457638
10 74 0 8 0.0198721904308
8 46 0 8 0.0198664050549
11 49 0 8 0.0198632311076
34 71 0 8 0.0198563523591
20 47 0 8 0.0198001731187
16 59 0 8 0.0197968184948
42 72 0 8 0.0197744574398
44 83 0 8 0.0197718366981
33 68 0 8 0.0197656191885
1 64 0 8 0.0197504963726
37 44 0 8 0.0197457745671
30 46 0 8 0.0197032075375
47 82 0 8 0.0196885727346
66 75 0 8 0.0196843389422
35 50 0 8 0.0196483172476
43 72 0 8 0.0196433477104
33 50 0 8 0.0196277797222
34 60 0 8 0.0196231007576
3 9 0 8 0.0196167435497
1 33 0 8 0.019584082067
50 71 0 8 0.0195704456419
18 65 0 8 0.0195565260947
39 59 0 8 0.019543427974
3 22 0 8 0.0195199549198
5 64 0 8 0.0194823835045
7 34 0 8 0.0194570254534
29 43 0 8 0.0194405782968
4 22 0 8 0.019430456683
27 35 0 8 0.0194278676063
4 15 0 8 0.0193820558488
33 47 0 8 0.0193802099675
23 42 0 8 0.0193648971617
46 75 0 8 0.0193639378995
13 44 0 8 0.0193543322384
14 60 0 8 0.0193297304213
29 44 0 8 0.0193188153207
29 53 0 8 0.0193141866475
9 81 0 8 0.0193128231913
12 79 0 8 0.0193050354719
10 44 0 8 0.0193045381457
34 70 0 8 0.019264601171
42 73 0 8 0.0192607287318
28 44 0 8 0.019247494638
5 14 0 8 0.0192307103425
15 54 0 8 0.0192125923932
41 83 0 8 0.0191910993308
60 83 0 8 0.0191566944122
8 63 0 8 0.0191390812397
34 58 0 8 0.0191299375147
28 35 0 8 0.0191176328808
27 47 0 8 0.0191032737494
15 80 0 8 0.0191029217094
26 63 0 8 0.0190953314304
1 29 0 8 0.0190797746181
3 7 0 8 0.0190724767745
4 33 0 8 0.0190101116896
25 47 0 8 0.0190031621605
4 10 0 8 0.0189971867949
44 70 0 8 0.018983328715
25 65 0 8 0.0189810730517
10 19 0 8 0.0189802069217
22 61 0 8 0.0189729779959
59 81 0 8 0.0189229417592
14 62 0 8 0.018916612491
21 56 0 8 0.0189161039889
43 59 0 8 0.0189156923443
16 33 0 8 0.0189022589475
10 43 0 8 0.0188891272992
11 42 0 8 0.0188782922924
18 36 0 8 0.0188682880253
34 46 0 8 0.0188372321427
2 6 0 8 0.0188201367855
40 76 0 8 0.0188075769693
23 71 0 8 0.0187841802835
10 54 0 8 0.0187647007406
31 40 0 8 0.0187400989234
21 67 0 8 0.0187294650823
1 74 0 8 0.0187267661095
24 73 0 8 0.0187168940902
37 82 0 8 0.01868840307
16 29 0 8 0.0186747387052
11 66 0 8 0.0186563581228
25 56 0 8 0.0186431594193
34 53 0 8 0.0186264365911
5 57 0 8 0.0186168253422
8 60 0 8 0.0185867678374
23 39 0 8 0.018574539572
7 58 0 8 0.0185666903853
19 66 0 8 0.018552986905
3 30 0 8 0.018511755392
13 81 0 8 0.0185026135296
1 63 0 8 0.0184648633003
7 35 0 8 0.0184533428401
25 82 0 8 0.0184390787035
24 81 0 8 0.0184152480215
18 38 0 8 0.0184122100472
60 79 0 8 0.0183672681451
7 48 0 8 0.0183666367084
63 78 0 8 0.0183296818286
1 77 0 8 0.0183176770806
1 75 0 8 0.0183052774519
13 82 0 8 0.0182986650616
22 44 0 8 0.0182980038226
54 67 0 8 0.0182755496353
19 54 0 8 0.0182494465262
15 49 0 8 0.0182447936386
48 81 0 8 0.0182388089597
3 58 0 8 0.0182298403233
14 58 0 8 0.0182165373117
23 79 0 8 0.0182098448277
4 35 0 8 0.0182066522539
2 37 0 8 0.0182056073099
24 76 0 8 0.0181649699807
59 83 0 8 0.0181587412953
16 73 0 8 0.0181580539793
8 62 0 8 0.018141862005
2 18 0 8 0.0181393399835
24 82 0 8 0.0181309208274
2 32 0 8 0.0181223358959
46 56 0 8 0.0181138031185
37 72 0 8 0.0181005224586
51 73 0 8 0.0180861409754
7 18 0 8 0.0180839318782
7 82 0 8 0.0180647596717
42 59 0 8 0.0180115364492
24 63 0 8 0.0179779753089
36 56 0 8 0.0179565716535
3 60 0 8 0.0179536957294
2 38 0 8 0.0178981069475
43 74 0 8 0.0178927015513
27 30 0 8 0.0178784374148
16 21 0 8 0.017875874415
43 57 0 8 0.0178481526673
77 82 0 8 0.0178409162909
8 81 0 8 0.0178315099329
43 73 0 8 0.0178203471005
50 81 0 8 0.0178028810769
59 80 0 8 0.0177999716252
25 50 0 8 0.0177892353386
37 54 0 8 0.0177858620882
38 65 0 8 0.0177828557789
26 36 0 8 0.0177667383105
27 61 0 8 0.0177612043917
68 71 0 8 0.0177493374795
39 56 0 8 0.0177492368966
23 43 0 8 0.0177338160574
12 43 0 8 0.0177326276898
23 29 0 8 0.0177313480526
18 50 0 8 0.0176884457469
14 33 0 8 0.0176733322442
1 22 0 8 0.0176698062569
19 58 0 8 0.0176552198827
2 13 0 8 0.017652630806
38 82 0 8 0.0176444705576
43 77 0 8 0.0176387950778
67 70 0 8 0.0176322031766
16 74 0 8 0.0176222603768
17 44 0 8 0.0176214259118
26 62 0 8 0.017609493807
8 82 0 8 0.0175882838666
26 30 0 8 0.0175645686686
12 69 0 8 0.0175547637045
1 44 0 8 0.0175524931401
43 54 0 8 0.0175336897373
33 61 0 8 0.0175288952887
2 52 0 8 0.0175246652216
41 61 0 8 0.0175184924155
17 33 0 8 0.0175164397806
1 50 0 8 0.0175152756274
1 40 0 8 0.0175041370094
40 83 0 8 0.0175039879978
6 58 0 8 0.0174673628062
30 59 0 8 0.0174601115286
25 46 0 8 0.0174565222114
35 63 0 8 0.0174539126456
14 64 0 8 0.0174460392445
8 48 0 8 0.0174459237605
3 16 0 8 0.0174453947693
33 46 0 8 0.0174030568451
41 55 0 8 0.0173704717308
7 47 0 8 0.0173440296203
23 80 0 8 0.0173427388072
35 72 0 8 0.0173365492374
38 49 0 8 0.0173338819295
30 58 0 8 0.0173001196235
19 50 0 8 0.0172815583646
10 58 0 8 0.0172749180347
38 72 0 8 0.01727283746
25 73 0 8 0.0172720197588
31 63 0 8 0.0172683224082
6 33 0 8 0.0172341261059
22 60 0 8 0.0172212086618
10 70 0 8 0.0172210950404
32 47 0 8 0.0172113403678
3 23 0 8 0.017210945487
66 69 0 8 0.0172060355544
35 48 0 8 0.0172005351633
61 78 0 8 0.0171914622188
12 67 0 8 0.0171888675541
19 42 0 8 0.0171767733991
23 74 0 8 0.0171623378992
42 69 0 8 0.0171537976712
23 70 0 8 0.0171404257417
5 54 0 8 0.0171188469976
35 58 0 8 0.0171079542488
4 59 0 8 0.0170943606645
3 36 0 8 0.0170721989125
17 35 0 8 0.0170601122081
44 49 0 8 0.0170480329543
5 60 0 8 0.0170471221209
15 48 0 8 0.0170347429812
1 28 0 8 0.0169952102005
29 56 0 8 0.0169860981405
11 64 0 8 0.016963802278
33 57 0 8 0.0169501621276
29 81 0 8 0.0169465970248
51 74 0 8 0.0169145632535
24 58 0 8 0.0169031899422
5 53 0 8 0.0168943647295
33 58 0 8 0.0168747436255
14 75 0 8 0.0168747194111
64 68 0 8 0.0168590862304
18 82 0 8 0.0168150123209
15 32 0 8 0.0168113224208
6 63 0 8 0.0168073344976
32 81 0 8 0.0168019607663
71 77 0 8 0.016799589619
8 51 0 8 0.0167911574244
10 48 0 8 0.016782971099
54 79 0 8 0.0167685318738
63 77 0 8 0.0167618263513
10 69 0 8 0.0167395155877
12 41 0 8 0.0167203824967
5 56 0 8 0.0166911352426
54 78 0 8 0.0166908055544
18 34 0 8 0.0166724491864
3 18 0 8 0.0166471470147
55 82 0 8 0.016630474478
40 71 0 8 0.0166298579425
5 11 0 8 0.0166253913194
12 63 0 8 0.0165914259851
23 46 0 8 0.0165748186409
12 78 0 8 0.01656341739
32 48 0 8 0.0165615528822
3 24 0 8 0.0165599007159
41 50 0 8 0.0165545046329
17 27 0 8 0.0164834279567
18 54 0 8 0.0164711810648
41 58 0 8 0.0164707489312
42 83 0 8 0.0164692029357
33 82 0 8 0.0164290033281
13 71 0 8 0.0164258982986
12 76 0 8 0.0164167396724
65 76 0 8 0.0163818132132
12 40 0 8 0.0163749512285
12 82 0 8 0.0163553711027
9 31 0 8 0.0162996947765
32 46 0 8 0.016285251826
35 70 0 8 0.0162844937295
77 83 0 8 0.0162679199129
31 81 0 8 0.0162379033864
64 77 0 8 0.0162057448179
28 47 0 8 0.0161894075572
23 73 0 8 0.0161792337894
12 59 0 8 0.0161747485399
14 82 0 8 0.0161654036492
63 68 0 8 0.0161624904722
15 66 0 8 0.0161308888346
46 55 0 8 0.0161240641028
57 62 0 8 0.0161170847714
17 74 0 8 0.0161088053137
17 81 0 8 0.0161084514111
1 32 0 8 0.0160886850208
23 45 0 8 0.0160385966301
23 56 0 8 0.0160224922001
10 80 0 8 0.0160026047379
11 60 0 8 0.0160007439554
11 37 0 8 0.0159965232015
26 82 0 8 0.0159833338112
22 45 0 8 0.0159462764859
60 76 0 8 0.0159422215074
11 43 0 8 0.0159146785736
12 73 0 8 0.0159108564258
34 82 0 8 0.0158708058298
22 63 0 8 0.0158506277949
10 56 0 8 0.0158469751477
36 72 0 8 0.0158463642001
6 62 0 8 0.0158455166966
24 46 0 8 0.0158406477422
17 73 0 8 0.0158310681581
12 47 0 8 0.0158308316022
25 38 0 8 0.0158216059208
20 72 0 8 0.0158180724829
4 14 0 8 0.0158030316234
11 40 0 8 0.0158025640994
5 15 0 8 0.015796944499
34 45 0 8 0.015796314925
3 33 0 8 0.0157905854285
15 65 0 8 0.0157359354198
43 71 0 8 0.0157261453569
4 51 0 8 0.0157154686749
21 59 0 8 0.0157145690173
34 47 0 8 0.015706429258
3 13 0 8 0.0157040785998
15 79 0 8 0.0156957432628
23 75 0 8 0.0156720764935
6 48 0 8 0.0156622882932
2 24 0 8 0.0156606286764
44 77 0 8 0.015652500093
5 21 0 8 0.0156463067979
74 77 0 8 0.0156423784792
31 46 0 8 0.0156338196248
2 33 0 8 0.0156320072711
21 69 0 8 0.0156274959445
21 76 0 8 0.015598218888
3 32 0 8 0.0155893759802
31 56 0 8 0.0155841223896
31 61 0 8 0.0155536103994
20 37 0 8 0.0155423497781
36 82 0 8 0.0155349588022
26 59 0 8 0.0155348507687
67 71 0 8 0.0155185526237
4 11 0 8 0.0154876075685
14 80 0 8 0.0154752442613
11 80 0 8 0.0154612157494
13 74 0 8 0.0154524212703
10 72 0 8 0.0154451392591
18 78 0 8 0.0154205039144
9 49 0 8 0.0154104949906
46 73 0 8 0.0154094528407
48 78 0 8 0.0153939062729
55 72 0 8 0.0153687978163
12 72 0 8 0.0153611069545
44 52 0 8 0.0153560815379
8 58 0 8 0.0153171243146
45 74 0 8 0.0153059735894
35 45 0 8 0.015264891088
47 69 0 8 0.0152617944404
34 40 0 8 0.0152141042054
15 75 0 8 0.0151569275185
26 74 0 8 0.0151533195749
10 71 0 8 0.015141078271
4 34 0 8 0.0151217496023
68 73 0 8 0.0150964530185
35 82 0 8 0.0150727909058
23 78 0 8 0.0150688486174
15 82 0 8 0.015056354925
48 76 0 8 0.0150481620803
18 77 0 8 0.0150403333828
11 45 0 8 0.0150263104588
48 75 0 8 0.0149921905249
30 82 0 8 0.0149824908003
10 47 0 8 0.0149739561602
10 62 0 8 0.0149665251374
1 68 0 8 0.0149608524516
2 36 0 8 0.0149589208886
11 39 0 8 0.0149442143738
31 62 0 8 0.0149178449064
25 48 0 8 0.0149127850309
46 71 0 8 0.0148448022082
16 81 0 8 0.014841879718
23 62 0 8 0.014840031974
30 43 0 8 0.0148012880236
40 55 0 8 0.0147647717968
31 41 0 8 0.0147630581632
24 48 0 8 0.0147499553859
13 55 0 8 0.0147450082004
49 80 0 8 0.0147387618199
6 35 0 8 0.0147336451337
23 59 0 8 0.0147335343063
11 65 0 8 0.0147303370759
23 77 0 8 0.0146723994985
25 77 0 8 0.014668719843
14 66 0 8 0.014667885378
37 59 0 8 0.0146453604102
24 65 0 8 0.0146447960287
32 41 0 8 0.0146366171539
33 48 0 8 0.0146235972643
12 81 0 8 0.014606683515
37 58 0 8 0.0145975993946
11 79 0 8 0.0145870260894
22 80 0 8 0.0145667381585
38 56 0 8 0.0144624784589
3 6 0 8 0.0144306374714
19 29 0 8 0.0144264390692
40 48 0 8 0.0144035685807
9 82 0 8 0.0143879195675
29 63 0 8 0.0143874334171
35 53 0 8 0.0143727473915
21 81 0 8 0.0143451988697
20 71 0 8 0.0143328867853
36 41 0 8 0.014328670688
36 59 0 8 0.014318080619
61 69 0 8 0.0143057573587
2 55 0 8 0.0142746856436
58 83 0 8 0.0142632368952
11 41 0 8 0.0142513755709
72 76 0 8 0.0141944075003
32 82 0 8 0.0141733251512
20 48 0 8 0.014166418463
33 45 0 8 0.014163788408
46 83 0 8 0.0141511103138
5 63 0 8 0.0141488946974
23 81 0 8 0.0141466939822
7 83 0 8 0.0141429761425
14 70 0 8 0.014128934592
14 48 0 8 0.0141194192693
9 59 0 8 0.0141076436266
11 73 0 8 0.0141047323123
15 76 0 8 0.0141045330092
19 82 0 8 0.0140976384282
19 68 0 8 0.0140855293721
19 35 0 8 0.0140703730285
76 81 0 8 0.0140696186572
29 82 0 8 0.0140691883862
17 31 0 8 0.0140546634793
19 80 0 8 0.014043956995
39 83 0 8 0.0140397194773
18 41 0 8 0.0140376864001
1 69 0 8 0.014034057036
2 51 0 8 0.0140252904966
22 82 0 8 0.0140145076439
21 79 0 8 0.0139863472432
17 82 0 8 0.0139791155234
17 72 0 8 0.0139723811299
15 64 0 8 0.013968215324
32 42 0 8 0.013963422738
23 47 0 8 0.0139477932826
10 76 0 8 0.013941203244
73 76 0 8 0.0139194186777
1 62 0 8 0.013917317614
51 77 0 8 0.0138967512175
23 58 0 8 0.0138945626095
23 82 0 8 0.0138621488586
22 59 0 8 0.0138578219339
19 75 0 8 0.013846761547
32 40 0 8 0.0138304596767
26 83 0 8 0.013830024749
25 67 0 8 0.0138096502051
7 56 0 8 0.0138096176088
9 83 0 8 0.013806338422
10 68 0 8 0.0137975569814
14 81 0 8 0.0137890204787
10 63 0 8 0.0137386564165
15 34 0 8 0.0137382177636
2 30 0 8 0.0137339923531
13 31 0 8 0.0137243978679
10 78 0 8 0.0137203512713
33 40 0 8 0.0137109924108
24 74 0 8 0.0137109663337
1 76 0 8 0.0137086063623
33 62 0 8 0.0136853773147
12 74 0 8 0.0136794056743
18 73 0 8 0.0136770633981
37 56 0 8 0.0136489691213
45 72 0 8 0.0136364819482
11 82 0 8 0.0136312562972
27 82 0 8 0.0136235589162
56 70 0 8 0.0136212967336
5 62 0 8 0.0135978935286
29 62 0 8 0.0135978497565
18 32 0 8 0.0135948751122
14 78 0 8 0.0135800484568
14 77 0 8 0.0135769052431
29 58 0 8 0.0135535011068
57 82 0 8 0.0135408975184
42 61 0 8 0.0135387703776
35 40 0 8 0.0135168554261
5 58 0 8 0.0135059738532
58 63 0 8 0.0134989619255
30 47 0 8 0.0134912617505
23 68 0 8 0.0134878726676
18 44 0 8 0.013482988812
11 67 0 8 0.0134758045897
25 61 0 8 0.0134753538296
5 49 0 8 0.0134643344209
14 44 0 8 0.0134332217276
13 73 0 8 0.0133900018409
18 79 0 8 0.0133858006448
31 60 0 8 0.0133658526465
54 81 0 8 0.0133618656546
14 63 0 8 0.0133592197672
18 75 0 8 0.0133520066738
3 34 0 8 0.0133389160037
43 56 0 8 0.0133372405544
30 44 0 8 0.0133353704587
12 48 0 8 0.0133310295641
3 59 0 8 0.0133258625865
43 76 0 8 0.0133255366236
11 44 0 8 0.013319619
15 62 0 8 0.0133182657883
19 81 0 8 0.0133079811931
58 78 0 8 0.0133007382974
10 30 0 8 0.0132846403867
8 56 0 8 0.0132674369961
24 37 0 8 0.0132387457415
18 31 0 8 0.0132315102965
11 78 0 8 0.0132162347436
8 49 0 8 0.0131921153516
25 37 0 8 0.0131842903793
11 70 0 8 0.0131842773408
29 46 0 8 0.013173035346
28 82 0 8 0.0131684858352
15 45 0 8 0.013166074641
13 29 0 8 0.0131536899135
2 35 0 8 0.013149519451
11 63 0 8 0.0131398206577
12 71 0 8 0.0131369512528
2 15 0 8 0.0131203820929
11 77 0 8 0.0131047330797
48 83 0 8 0.0130878901109
23 63 0 8 0.0130836898461
22 56 0 8 0.0130820954219
11 46 0 8 0.0130812767893
16 82 0 8 0.0130789680406
19 24 0 8 0.0130721684545
53 73 0 8 0.0130637194961
31 53 0 8 0.013062434271
28 46 0 8 0.0130513673648
18 26 0 8 0.0130493771285
10 82 0 8 0.01304463204
3 35 0 8 0.013043618761
15 70 0 8 0.0130034899339
33 53 0 8 0.0129815991968
44 51 0 8 0.0129786245525
25 69 0 8 0.0129547314718
12 44 0 8 0.0129515919834
18 83 0 8 0.0129483556375
34 49 0 8 0.012946520932
15 38 0 8 0.012943547219
51 82 0 8 0.0129209961742
21 49 0 8 0.0129148922861
5 22 0 8 0.0128867281601
19 26 0 8 0.0128753306344
33 56 0 8 0.0128686660901
35 62 0 8 0.0128468647599
57 81 0 8 0.012843019329
1 35 0 8 0.0128363352269
15 77 0 8 0.0128270341083
10 79 0 8 0.012821642682
61 76 0 8 0.0128163509071
13 52 0 8 0.0128150116652
47 83 0 8 0.0127941444516
6 56 0 8 0.0127781694755
50 82 0 8 0.0127673773095
29 54 0 8 0.012759626843
16 44 0 8 0.0127339912578
57 79 0 8 0.012715511024
19 77 0 8 0.0126786585897
25 63 0 8 0.0126569801942
4 52 0 8 0.0126260314137
36 43 0 8 0.012623950839
1 37 0 8 0.0126039246097
21 72 0 8 0.0125978076831
14 65 0 8 0.0125848902389
69 79 0 8 0.0125754959881
33 59 0 8 0.0125728612766
1 18 0 8 0.0125613994896
14 79 0 8 0.0125326691195
60 69 0 8 0.0125189097598
40 49 0 8 0.0125007852912
1 34 0 8 0.0124804694206
15 40 0 8 0.0124797122553
40 74 0 8 0.0124574303627
41 68 0 8 0.0124510489404
11 81 0 8 0.0124316038564
19 38 0 8 0.0124142412096
14 51 0 8 0.0123938312754
47 55 0 8 0.0123819187284
18 68 0 8 0.0123616950586
10 81 0 8 0.0123564507812
34 56 0 8 0.0123285148293
14 39 0 8 0.0123245902359
1 61 0 8 0.0123055614531
6 83 0 8 0.0123031912372
12 30 0 8 0.0123005313799
15 36 0 8 0.0122814569622
15 63 0 8 0.0122692938894
20 35 0 8 0.0122668780386
14 29 0 8 0.0122522348538
15 81 0 8 0.0122415926307
18 59 0 8 0.0122352344915
35 57 0 8 0.0122290756553
41 49 0 8 0.0122233629227
56 75 0 8 0.0122062927112
41 48 0 8 0.0121863819659
44 72 0 8 0.0121830301359
14 31 0 8 0.0121791511774
27 63 0 8 0.0121780093759
23 38 0 8 0.0121439378709
47 71 0 8 0.012136795558
51 78 0 8 0.0121170468628
31 42 0 8 0.0121121509001
10 49 0 8 0.0120795415714
10 32 0 8 0.0120654823259
53 79 0 8 0.0120487092063
24 36 0 8 0.0120363822207
51 80 0 8 0.0120306899771
23 66 0 8 0.0120113957673
2 34 0 8 0.0120035437867
16 52 0 8 0.0119946412742
16 35 0 8 0.0119760408998
34 42 0 8 0.0119741791859
20 52 0 8 0.0119659854099
18 56 0 8 0.0119636682793
24 67 0 8 0.0119590358809
23 54 0 8 0.0119473896921
3 55 0 8 0.0119248228148
59 65 0 8 0.011915021576
25 68 0 8 0.0119095724076
3 56 0 8 0.0118927890435
12 55 0 8 0.0118914507329
56 82 0 8 0.0118879042566
10 33 0 8 0.0118743516505
10 60 0 8 0.0118567962199
1 6 0 8 0.0118309408426
9 55 0 8 0.0118299927562
50 69 0 8 0.0118039231747
6 49 0 8 0.0117985503748
60 78 0 8 0.011797583662
35 44 0 8 0.0117838429287
17 55 0 8 0.0117785474285
22 46 0 8 0.0117562171072
27 34 0 8 0.011751294136
42 55 0 8 0.0117291137576
21 32 0 8 0.0117284506559
44 71 0 8 0.0116842957214
39 63 0 8 0.0116837443784
22 39 0 8 0.0116786137223
23 50 0 8 0.0116553287953
14 40 0 8 0.0116539560258
1 21 0 8 0.0116406278685
3 11 0 8 0.0116368597373
38 55 0 8 0.0116205047816
3 10 0 8 0.0116201331839
20 82 0 8 0.011618479155
75 80 0 8 0.0116167711094
23 37 0 8 0.0116082550958
30 48 0 8 0.0116068320349
8 83 0 8 0.0115948589519
1 30 0 8 0.0115911541507
36 51 0 8 0.0115873524919
46 74 0 8 0.011576756835
25 36 0 8 0.0115725398064
44 57 0 8 0.0115714650601
14 43 0 8 0.0115630477667
22 71 0 8 0.01155197341
11 83 0 8 0.011535606347
18 23 0 8 0.0115302307531
1 59 0 8 0.011523748748
10 18 0 8 0.0115194702521
15 52 0 8 0.0115179335698
53 78 0 8 0.0115176457912
9 18 0 8 0.0115115782246
58 64 0 8 0.0114779751748
29 50 0 8 0.0114380726591
11 74 0 8 0.0114277135581
39 55 0 8 0.0114141786471
50 83 0 8 0.0113944271579
32 52 0 8 0.0113929994404
19 79 0 8 0.0113836368546
3 12 0 8 0.0113762971014
55 71 0 8 0.0113295000046
4 55 0 8 0.0112858815119
68 81 0 8 0.0112768663093
15 42 0 8 0.0112733365968
23 67 0 8 0.0112670566887
42 49 0 8 0.0112556247041
5 27 0 8 0.01124051027
5 32 0 8 0.0112242847681
49 82 0 8 0.011215201579
17 22 0 8 0.0112148998305
41 59 0 8 0.01120449882
22 79 0 8 0.0111997183412
1 20 0 8 0.0111968517303
43 49 0 8 0.0111961234361
43 69 0 8 0.0111924335361
21 82 0 8 0.0111703388393
56 67 0 8 0.0111604994163
46 57 0 8 0.0111496057361
2 14 0 8 0.0111202560365
23 48 0 8 0.0111146727577
21 73 0 8 0.0110977888107
43 51 0 8 0.0110744833946
19 41 0 8 0.0110706249252
24 59 0 8 0.0110643208027
3 15 0 8 0.0110465846956
7 20 0 8 0.0110461423174
53 74 0 8 0.011030795984
43 55 0 8 0.0110283987597
14 73 0 8 0.0110251531005
19 65 0 8 0.0110055077821
31 47 0 8 0.010984021239
25 60 0 8 0.0109784891829
19 39 0 8 0.0109704053029
20 55 0 8 0.0109634436667
22 70 0 8 0.0109505457804
76 82 0 8 0.0109491003677
45 71 0 8 0.010916297324
59 64 0 8 0.0109015917405
54 60 0 8 0.0108863525093
19 47 0 8 0.0108832214028
56 80 0 8 0.0108322091401
51 76 0 8 0.0108275609091
1 19 0 8 0.0108113884926
32 43 0 8 0.0108058210462
15 78 0 8 0.0108049148694
3 14 0 8 0.0108019476756
35 60 0 8 0.0107826953754
29 47 0 8 0.0107815461233
15 68 0 8 0.0107617909089
34 59 0 8 0.0107592279091
23 65 0 8 0.0107534890994
18 33 0 8 0.0107457004488
24 83 0 8 0.010731395334
11 55 0 8 0.0107309455052
19 48 0 8 0.0107266381383
36 83 0 8 0.0107149099931
59 70 0 8 0.0107035636902
16 72 0 8 0.0106875188649
18 67 0 8 0.0106799937785
25 74 0 8 0.0106562906876
34 83 0 8 0.0106559535488
37 83 0 8 0.0106483157724
25 62 0 8 0.0106370188296
32 55 0 8 0.0106225963682
53 72 0 8 0.0105976630002
19 78 0 8 0.0105915749446
27 50 0 8 0.0105867786333
33 41 0 8 0.0105795487761
19 27 0 8 0.0105784907937
28 48 0 8 0.0105708129704
40 51 0 8 0.0105675114319
19 36 0 8 0.0105547308922
41 52 0 8 0.0105507178232
13 49 0 8 0.0105346869677
39 49 0 8 0.0105264829472
27 33 0 8 0.0105258971453
18 80 0 8 0.0105254845694
19 69 0 8 0.0105197802186
25 83 0 8 0.0105153098702
49 78 0 8 0.0104928044602
49 75 0 8 0.0104859890416
33 42 0 8 0.0104778083041
15 46 0 8 0.0104493396357
15 83 0 8 0.0104286521673
11 76 0 8 0.0103988293558
17 52 0 8 0.0103937275708
16 31 0 8 0.0103912362829
27 59 0 8 0.0103803267702
17 71 0 8 0.0103620719165
43 52 0 8 0.0103605026379
19 76 0 8 0.0103603806347
22 47 0 8 0.010360326618
49 79 0 8 0.0103484289721
16 71 0 8 0.0103404037654
31 57 0 8 0.0103387339041
23 76 0 8 0.0103316623718
47 54 0 8 0.0103288348764
15 59 0 8 0.0103199379519
32 49 0 8 0.010313667357
55 80 0 8 0.0102923754603
55 60 0 8 0.0102492459118
18 27 0 8 0.0102395759895
11 71 0 8 0.0102359270677
22 53 0 8 0.0102219702676
59 79 0 8 0.0102196745574
43 68 0 8 0.0101948063821
54 59 0 8 0.0101930499077
12 49 0 8 0.0101850386709
11 68 0 8 0.0101827653125
15 31 0 8 0.0101742232218
27 48 0 8 0.0101678436622
15 73 0 8 0.0101619511843
16 55 0 8 0.0101511087269
6 59 0 8 0.0101398555562
24 30 0 8 0.0101388785988
27 56 0 8 0.0101337451488
15 43 0 8 0.0101202651858
23 83 0 8 0.0101130409166
31 82 0 8 0.0101036746055
19 46 0 8 0.0100847538561
1 58 0 8 0.010057637468
19 59 0 8 0.0100549031049
39 52 0 8 0.010046761483
22 81 0 8 0.0100426170975
21 35 0 8 0.0100265452638
19 70 0 8 0.0100095812231
42 52 0 8 0.00999181251973
40 59 0 8 0.00998145435005
18 70 0 8 0.00996853783727
21 34 0 8 0.00996738951653
22 73 0 8 0.00995162408799
48 82 0 8 0.00990500021726
19 72 0 8 0.00984759628773
19 73 0 8 0.00982661731541
18 35 0 8 0.00982113927603
20 33 0 8 0.00980567280203
27 58 0 8 0.00979966018349
19 40 0 8 0.00979544967413
3 25 0 8 0.0097817229107
14 55 0 8 0.00977856479585
41 75 0 8 0.00976734235883
44 69 0 8 0.00975568965077
13 83 0 8 0.00974881555885
20 34 0 8 0.00972853507847
15 69 0 8 0.00972690526396
14 49 0 8 0.00971641112119
38 52 0 8 0.00969237089157
40 63 0 8 0.00966644939035
14 68 0 8 0.00960617233068
18 81 0 8 0.0096023157239
30 55 0 8 0.00960189010948
32 44 0 8 0.00958473328501
60 70 0 8 0.00958067364991
24 35 0 8 0.0095620136708
22 57 0 8 0.00956180598587
54 83 0 8 0.00952987279743
35 41 0 8 0.00952146481723
1 36 0 8 0.00951519422233
27 54 0 8 0.00951114948839
15 41 0 8 0.00950662232935
1 60 0 8 0.00950541440398
15 29 0 8 0.0094904191792
55 81 0 8 0.00947915576398
19 52 0 8 0.00946780480444
31 45 0 8 0.00946341454983
36 55 0 8 0.00946154631674
18 52 0 8 0.00946076400578
62 76 0 8 0.00945469364524
33 43 0 8 0.00943458732218
2 10 0 8 0.00942706782371
14 69 0 8 0.0093726022169
26 52 0 8 0.0093455100432
10 59 0 8 0.00934055354446
35 59 0 8 0.00933038443327
44 55 0 8 0.0093120932579
22 48 0 8 0.00930881686509
67 83 0 8 0.00929876510054
2 9 0 8 0.00929454900324
26 35 0 8 0.00928746443242
14 67 0 8 0.0092789568007
18 76 0 8 0.00927880778909
14 76 0 8 0.00927756261081
29 83 0 8 0.00923036038876
18 72 0 8 0.00921833701432
64 76 0 8 0.00920374225825
33 49 0 8 0.00916791986674
49 81 0 8 0.00915547087789
11 69 0 8 0.00913790799677
12 83 0 8 0.0091125741601
23 52 0 8 0.00908160861582
27 83 0 8 0.00908050965518
31 48 0 8 0.00905198324472
40 52 0 8 0.00904913526028
53 71 0 8 0.00902601890266
3 52 0 8 0.00902372878045
35 43 0 8 0.00900093186647
7 51 0 8 0.0089888907969
28 83 0 8 0.00898723769933
18 74 0 8 0.00896747689694
13 51 0 8 0.00895760953426
55 83 0 8 0.00895370729268
12 33 0 8 0.0089502884075
1 56 0 8 0.00894810259342
61 70 0 8 0.00894743017852
22 66 0 8 0.00892148353159
57 78 0 8 0.0089054396376
12 51 0 8 0.00889482721686
35 56 0 8 0.00884687807411
36 52 0 8 0.00884420331568
21 71 0 8 0.00883640255779
5 59 0 8 0.00883139204234
38 83 0 8 0.008823514916
51 72 0 8 0.00880828965455
19 67 0 8 0.00877605099231
41 74 0 8 0.00876723323017
44 76 0 8 0.00876354519278
7 19 0 8 0.00876019522548
11 72 0 8 0.00875812023878
8 59 0 8 0.00875619240105
14 83 0 8 0.00875104870647
5 52 0 8 0.00869846809655
65 69 0 8 0.00868819188327
7 49 0 8 0.00868389289826
12 52 0 8 0.00865780375898
45 83 0 8 0.00863740593195
62 75 0 8 0.00862470362335
15 39 0 8 0.00860557984561
44 59 0 8 0.00859991461039
15 67 0 8 0.00859838537872
21 78 0 8 0.00859334692359
1 51 0 8 0.00858531519771
56 79 0 8 0.00855958089232
22 83 0 8 0.00855430588126
1 54 0 8 0.00853309594095
8 19 0 8 0.00852974038571
6 51 0 8 0.00849673245102
34 44 0 8 0.00848175771534
9 52 0 8 0.00847817771137
28 55 0 8 0.00845516845584
22 30 0 8 0.00844849832356
2 12 0 8 0.00844800006598
15 72 0 8 0.00842958595604
5 51 0 8 0.00841029733419
48 57 0 8 0.00837005395442
49 77 0 8 0.00836284551769
35 42 0 8 0.0083424821496
25 58 0 8 0.00833980366588
51 81 0 8 0.0083298990503
17 83 0 8 0.00830688048154
51 83 0 8 0.00830648373812
35 52 0 8 0.00829986762255
15 33 0 8 0.00827832520008
21 74 0 8 0.00825169216841
1 17 0 8 0.00825144257396
32 83 0 8 0.00821732264012
19 55 0 8 0.00821210071445
27 32 0 8 0.00820199772716
42 74 0 8 0.00816733855754
19 32 0 8 0.00815723650157
55 75 0 8 0.00811581779271
7 59 0 8 0.00809464883059
31 59 0 8 0.00808708369732
40 67 0 8 0.00807415787131
11 59 0 8 0.00802539475262
44 75 0 8 0.00802434235811
14 41 0 8 0.00801052711904
42 66 0 8 0.00799632258713
22 38 0 8 0.007987216115
48 74 0 8 0.00798416789621
26 55 0 8 0.00794597063214
19 44 0 8 0.00791697017848
8 52 0 8 0.00790854077786
14 72 0 8 0.0079063270241
18 39 0 8 0.00789972394705
31 83 0 8 0.00789568852633
42 51 0 8 0.0078912563622
1 10 0 8 0.00786147732288
3 51 0 8 0.00784991495311
39 51 0 8 0.00783977564424
4 24 0 8 0.00782244373113
10 83 0 8 0.00781597755849
7 29 0 8 0.0078150536865
31 50 0 8 0.00778234750032
21 52 0 8 0.00777467386797
1 15 0 8 0.00777364056557
44 54 0 8 0.00776528567076
51 79 0 8 0.00772369233891
69 80 0 8 0.00771926064044
22 50 0 8 0.00766230979934
2 11 0 8 0.00765883736312
10 55 0 8 0.00765080656856
21 55 0 8 0.0076199118048
29 59 0 8 0.00761602260172
15 55 0 8 0.00760599551722
56 69 0 8 0.00757496850565
25 75 0 8 0.00755423028022
19 71 0 8 0.00752906873822
57 72 0 8 0.00749808736145
75 81 0 8 0.00749738095328
35 54 0 8 0.00748700927943
27 53 0 8 0.00747006293386
14 59 0 8 0.0074610565789
48 72 0 8 0.00742816878483
35 83 0 8 0.00742450263351
35 51 0 8 0.00742051564157
16 26 0 8 0.00741106690839
10 16 0 8 0.00738432677463
14 52 0 8 0.00737177254632
10 52 0 8 0.00736160483211
51 71 0 8 0.00735797826201
34 41 0 8 0.00735162850469
30 83 0 8 0.00733123067766
19 51 0 8 0.00732120871544
4 25 0 8 0.00727557484061
1 55 0 8 0.00726719014347
11 32 0 8 0.0072575090453
22 58 0 8 0.00723771285266
1 16 0 8 0.00723504461348
73 77 0 8 0.00723275030032
22 75 0 8 0.00721677113324
14 71 0 8 0.00720694195479
48 54 0 8 0.00718594575301
18 69 0 8 0.00718439137563
10 51 0 8 0.00717529887334
44 68 0 8 0.00716855563223
23 36 0 8 0.00715718511492
1 14 0 8 0.00715228449553
22 78 0 8 0.00715076038614
22 65 0 8 0.00712003652006
56 66 0 8 0.00711768399924
52 75 0 8 0.00710323546082
19 37 0 8 0.00709777930751
55 69 0 8 0.00707387924194
8 18 0 8 0.00705961883068
34 43 0 8 0.00704841688275
49 76 0 8 0.0070334286429
43 60 0 8 0.00702783279121
22 54 0 8 0.00701548811048
58 76 0 8 0.00701308995485
25 76 0 8 0.00699414825067
10 31 0 8 0.00698857335374
33 44 0 8 0.00698602944613
31 43 0 8 0.00698226923123
33 83 0 8 0.00697025796399
31 54 0 8 0.00693883514032
22 52 0 8 0.00691848015413
15 35 0 8 0.00689280964434
13 18 0 8 0.0068896994926
15 37 0 8 0.0068836370483
24 34 0 8 0.00687834853306
37 52 0 8 0.00686973519623
27 62 0 8 0.0068680732511
1 38 0 8 0.00684359297156
7 52 0 8 0.00683259172365
31 58 0 8 0.00681434059516
1 12 0 8 0.00679960194975
70 78 0 8 0.00679619237781
26 32 0 8 0.00679437117651
53 58 0 8 0.00679262075573
67 74 0 8 0.00677278777584
18 55 0 8 0.00676357187331
44 74 0 8 0.00675471080467
58 72 0 8 0.00674889795482
17 49 0 8 0.00671588582918
16 49 0 8 0.00670739170164
11 33 0 8 0.00670601287857
9 20 0 8 0.00668772077188
19 34 0 8 0.00668629212305
6 52 0 8 0.00668168254197
34 55 0 8 0.00667183147743
19 74 0 8 0.00666888058186
47 74 0 8 0.00661482242867
22 68 0 8 0.00654885359108
49 83 0 8 0.00650416826829
15 74 0 8 0.00649578636512
12 17 0 8 0.00648569129407
53 82 0 8 0.00648514134809
48 70 0 8 0.00646941736341
5 55 0 8 0.00646166829392
57 74 0 8 0.0064451158978
11 51 0 8 0.00644211471081
23 30 0 8 0.00641120085493
1 57 0 8 0.00639867736027
48 73 0 8 0.00639071222395
1 7 0 8 0.00638711638749
55 74 0 8 0.0063733770512
56 72 0 8 0.00636645965278
42 62 0 8 0.00635733548552
22 77 0 8 0.00635706447065
21 83 0 8 0.00634419219568
7 55 0 8 0.00628266995773
45 58 0 8 0.00625333748758
37 55 0 8 0.00625198055059
55 67 0 8 0.00624607596546
3 8 0 8 0.00622447161004
19 49 0 8 0.00620605750009
56 83 0 8 0.00620430195704
41 51 0 8 0.00619742041454
1 52 0 8 0.00614845333621
19 83 0 8 0.00614571198821
26 34 0 8 0.00614033266902
15 71 0 8 0.00612609274685
21 31 0 8 0.00611423607916
11 19 0 8 0.00611270871013
49 72 0 8 0.00604465650395
29 48 0 8 0.00601904699579
6 55 0 8 0.00600958568975
58 73 0 8 0.00599606521428
24 55 0 8 0.00598865561187
16 83 0 8 0.00594880990684
22 36 0 8 0.00594104640186
62 69 0 8 0.0059263589792
17 51 0 8 0.00592454476282
1 9 0 8 0.00591717753559
34 52 0 8 0.00590938515961
20 49 0 8 0.00589767098427
21 33 0 8 0.00587776303291
56 71 0 8 0.00585857499391
14 74 0 8 0.00580794783309
1 53 0 8 0.00580418528989
41 67 0 8 0.00579853635281
68 82 0 8 0.00579520314932
31 44 0 8 0.00576673075557
22 34 0 8 0.00576115306467
23 35 0 8 0.00576091557741
68 83 0 8 0.00573783414438
57 83 0 8 0.00573656382039
18 24 0 8 0.00573019497097
54 61 0 8 0.00569925364107
46 68 0 8 0.00568410381675
24 52 0 8 0.00567846605554
42 67 0 8 0.00567390955985
27 49 0 8 0.00567094562575
37 51 0 8 0.00566293578595
14 23 0 8 0.00566152110696
48 71 0 8 0.00564216263592
5 23 0 8 0.00562294432893
16 51 0 8 0.00561482692137
38 51 0 8 0.00560943828896
72 77 0 8 0.00557776400819
22 37 0 8 0.00556623376906
52 83 0 8 0.00554668344557
22 69 0 8 0.0054991543293
30 52 0 8 0.0054884236306
34 51 0 8 0.00548823038116
47 68 0 8 0.00545979477465
59 69 0 8 0.00542559474707
15 44 0 8 0.00540635129437
11 30 0 8 0.00538705056533
63 76 0 8 0.0053822286427
25 35 0 8 0.0053801308386
56 76 0 8 0.00534054264426
20 51 0 8 0.00533897476271
1 13 0 8 0.00532170524821
58 71 0 8 0.00532065238804
15 51 0 8 0.00530683854595
49 73 0 8 0.00524271465838
45 61 0 8 0.00522454781458
53 81 0 8 0.00521575426683
56 77 0 8 0.00521139474586
25 53 0 8 0.00520394928753
30 49 0 8 0.00519686937332
9 29 0 8 0.00519254710525
33 51 0 8 0.00514982454479
28 52 0 8 0.00513040786609
15 20 0 8 0.0051278215833
55 79 0 8 0.00511289248243
25 59 0 8 0.00510922865942
57 71 0 8 0.00504768360406
25 54 0 8 0.00504637649283
29 55 0 8 0.00504299951717
19 25 0 8 0.0050301104784
76 83 0 8 0.00501918978989
8 55 0 8 0.00501090008765
44 67 0 8 0.0050088558346
40 66 0 8 0.00495997397229
22 67 0 8 0.00490033905953
59 77 0 8 0.00489184539765
23 55 0 8 0.00487297261134
25 57 0 8 0.00486268941313
56 61 0 8 0.00486256275326
51 69 0 8 0.00485468422994
18 71 0 8 0.00483965780586
11 52 0 8 0.0048345644027
55 76 0 8 0.0048308884725
64 69 0 8 0.00481803575531
43 67 0 8 0.00480956118554
27 55 0 8 0.00477677071467
59 78 0 8 0.00477592926472
41 64 0 8 0.00475894520059
15 28 0 8 0.00475056888536
18 49 0 8 0.00472448440269
9 28 0 8 0.00471981801093
29 52 0 8 0.00470923492685
44 60 0 8 0.00470250146464
44 58 0 8 0.00468982663006
58 74 0 8 0.00468725617975
8 29 0 8 0.00466678570956
40 62 0 8 0.00466192001477
25 30 0 8 0.00465705897659
58 65 0 8 0.00464286422357
31 49 0 8 0.00464225141332
22 76 0 8 0.00463496847078
2 7 0 8 0.00463041896001
5 26 0 8 0.00460709398612
18 51 0 8 0.00458498857915
24 51 0 8 0.00455553643405
2 8 0 8 0.00454771518707
56 81 0 8 0.00453258631751
23 49 0 8 0.00453250482678
19 31 0 8 0.0044957860373
12 31 0 8 0.00448245275766
29 49 0 8 0.00446651596576
52 82 0 8 0.00444072717801
25 55 0 8 0.00440231710672
12 29 0 8 0.0043641012162
53 83 0 8 0.00434459233657
23 34 0 8 0.00432336190715
26 51 0 8 0.00432040495798
20 31 0 8 0.0042635272257
49 54 0 8 0.00426322128624
65 75 0 8 0.00425011059269
55 77 0 8 0.00416608620435
25 34 0 8 0.00414820294827
45 67 0 8 0.00413035135716
26 33 0 8 0.00411685602739
19 33 0 8 0.00410061655566
20 83 0 8 0.00408489862457
21 51 0 8 0.00407800637186
64 75 0 8 0.00406682444736
59 75 0 8 0.00405474426225
30 51 0 8 0.00404188456014
61 74 0 8 0.00400821585208
22 35 0 8 0.00400537857786
52 80 0 8 0.00400147540495
35 55 0 8 0.00398043775931
48 69 0 8 0.00397645449266
22 74 0 8 0.0039660600014
17 23 0 8 0.00395653629676
74 80 0 8 0.00387660437264
67 73 0 8 0.00383750046603
32 51 0 8 0.00382880424149
67 72 0 8 0.00379961612634
28 49 0 8 0.00374219426885
52 79 0 8 0.00374083290808
39 65 0 8 0.00369748589583
49 70 0 8 0.0036974682007
7 28 0 8 0.00365097215399
33 52 0 8 0.00364516768605
11 31 0 8 0.00363066839054
74 83 0 8 0.00362110044807
50 57 0 8 0.00360785005614
25 51 0 8 0.00358512857929
50 55 0 8 0.00358387664892
31 55 0 8 0.00357923447154
63 75 0 8 0.00357306981459
6 27 0 8 0.0035601281561
41 66 0 8 0.00354483537376
22 49 0 8 0.00353024224751
22 31 0 8 0.00350409769453
49 74 0 8 0.00349239865318
1 11 0 8 0.00344467139803
53 61 0 8 0.00343854003586
16 27 0 8 0.00343726249412
18 25 0 8 0.00343225477263
33 55 0 8 0.00343145406805
65 70 0 8 0.00342595530674
55 78 0 8 0.00340061774477
69 81 0 8 0.0033924987074
57 73 0 8 0.0033893387299
25 52 0 8 0.0033758757636
52 70 0 8 0.00335629913025
41 62 0 8 0.00333137530833
27 52 0 8 0.0033280744683
55 73 0 8 0.00332130212337
12 28 0 8 0.00330247543752
52 77 0 8 0.00328213116154
56 74 0 8 0.00327402027324
55 66 0 8 0.00325587997213
9 19 0 8 0.00323263346218
22 55 0 8 0.00323095149361
74 79 0 8 0.00322467996739
54 63 0 8 0.00318796583451
51 68 0 8 0.00317929196171
45 66 0 8 0.0031688848976
63 69 0 8 0.00315102282912
50 67 0 8 0.00312113296241
8 20 0 8 0.00310704344884
26 31 0 8 0.00310314679518
22 51 0 8 0.00309789390303
22 32 0 8 0.00309500889853
61 72 0 8 0.00307924789377
52 81 0 8 0.00307681597769
25 33 0 8 0.00306157954037
50 66 0 8 0.00305862072855
75 83 0 8 0.00303405965678
23 33 0 8 0.00301726371981
43 66 0 8 0.00300384592265
56 73 0 8 0.00298593309708
47 57 0 8 0.00297001563013
52 76 0 8 0.00296936626546
74 82 0 8 0.00296665262431
6 23 0 8 0.00295919110067
31 52 0 8 0.00291591486894
23 51 0 8 0.00287636835128
48 55 0 8 0.00287003931589
59 76 0 8 0.00284746196121
22 33 0 8 0.00284047890455
13 20 0 8 0.00281307008117
57 65 0 8 0.00279563106596
29 51 0 8 0.00278326380067
55 61 0 8 0.00278137717396
28 51 0 8 0.00278010126203
61 73 0 8 0.00268184114248
73 83 0 8 0.00263416580856
6 26 0 8 0.00261568371207
1 8 0 8 0.00261138053611
27 51 0 8 0.00260873883963
64 70 0 8 0.0025962612126
74 81 0 8 0.00259624887258
60 73 0 8 0.00259315781295
52 78 0 8 0.0025709439069
53 67 0 8 0.00256443955004
17 24 0 8 0.00255989306606
45 59 0 8 0.00255800271407
70 80 0 8 0.00253899209201
56 78 0 8 0.00252216053195
71 78 0 8 0.00246115075424
54 62 0 8 0.00243905559182
31 51 0 8 0.0024156854488
13 21 0 8 0.00238090497442
69 82 0 8 0.00237198895775
50 58 0 8 0.00236442731693
14 19 0 8 0.00236428109929
24 33 0 8 0.00235982565209
60 72 0 8 0.00233777123503
70 79 0 8 0.00233576702885
57 63 0 8 0.00233258469962
59 74 0 8 0.0022953748703
48 68 0 8 0.00227090297267
51 56 0 8 0.0022611990571
52 74 0 8 0.00223298300989
8 28 0 8 0.00222391285934
53 60 0 8 0.00219157314859
62 70 0 8 0.00217562331818
49 71 0 8 0.00217126985081
47 67 0 8 0.00216961232945
5 24 0 8 0.00215906486847
24 32 0 8 0.00212988792919
25 31 0 8 0.00212162011303
59 72 0 8 0.00211074599065
53 66 0 8 0.00210493290797
72 82 0 8 0.00209896173328
43 61 0 8 0.00209859735332
10 17 0 8 0.00208072620444
7 21 0 8 0.00207213172689
40 65 0 8 0.00205629994161
52 72 0 8 0.00198794924654
72 78 0 8 0.00195456063375
71 81 0 8 0.00194754847325
73 82 0 8 0.00194423866924
12 20 0 8 0.0019120859215
52 73 0 8 0.00187503837515
70 81 0 8 0.00186502921861
63 70 0 8 0.00183444586582
7 27 0 8 0.00181159970816
10 29 0 8 0.00181098061148
60 74 0 8 0.00180788023863
9 21 0 8 0.00180024385918
11 28 0 8 0.00178975448944
71 82 0 8 0.00178574328311
11 29 0 8 0.00174356205389
15 26 0 8 0.00173292390537
72 83 0 8 0.00172814785037
46 67 0 8 0.00170378130861
73 78 0 8 0.00168618152384
75 82 0 8 0.00167805713136
52 71 0 8 0.00165358465165
41 65 0 8 0.00164911558386
59 71 0 8 0.00164837157354
59 73 0 8 0.00164573302027
70 82 0 8 0.00162345543504
6 22 0 8 0.00162161549088
5 25 0 8 0.00161652604584
69 83 0 8 0.00160938862246
14 20 0 8 0.00157097238116
40 64 0 8 0.00156213378068
44 61 0 8 0.00154420942999
17 25 0 8 0.00154061836656
13 26 0 8 0.0015232648002
60 71 0 8 0.00147254066542
73 81 0 8 0.00145499850623
45 62 0 8 0.00144208373968
46 61 0 8 0.00143307156395
23 31 0 8 0.00142039079219
66 74 0 8 0.00141758285463
42 65 0 8 0.00141342892312
15 21 0 8 0.00140297517646
71 83 0 8 0.00138994154986
49 69 0 8 0.00138711102773
25 32 0 8 0.00138076883741
62 73 0 8 0.00137705379166
61 71 0 8 0.00134190032259
13 19 0 8 0.0013410137035
49 57 0 8 0.00133855361491
72 81 0 8 0.00132947578095
11 20 0 8 0.00132600450888
71 80 0 8 0.00131098960992
15 23 0 8 0.00130304764025
66 71 0 8 0.00130299979355
43 65 0 8 0.00129926286172
24 31 0 8 0.00125307776034
46 58 0 8 0.00124677573331
50 60 0 8 0.0012432418298
55 62 0 8 0.0012381344568
55 63 0 8 0.00120178598445
57 64 0 8 0.00119183049537
51 67 0 8 0.00118913326878
16 24 0 8 0.00118430820294
23 32 0 8 0.00118152948562
53 59 0 8 0.00117649196181
63 74 0 8 0.00117001612671
55 64 0 8 0.00116995419376
48 67 0 8 0.0011686187936
73 79 0 8 0.00115958973765
52 57 0 8 0.00114898371976
65 71 0 8 0.001146762399
62 74 0 8 0.00114657438826
11 17 0 8 0.00114005454816
10 28 0 8 0.00113786838483
70 83 0 8 0.00113585405052
47 58 0 8 0.00113514019176
47 64 0 8 0.00113474123646
52 69 0 8 0.00113426032476
46 60 0 8 0.00113412959035
6 25 0 8 0.00113261432853
47 66 0 8 0.00110158964526
51 58 0 8 0.0010969270952
43 62 0 8 0.00109539460391
65 74 0 8 0.00109075615183
7 23 0 8 0.00108670350164
6 24 0 8 0.00108543038368
48 59 0 8 0.00107390154153
16 23 0 8 0.00106010853779
66 72 0 8 0.00105924741365
56 64 0 8 0.00105853728019
51 60 0 8 0.00105744262692
14 27 0 8 0.0010553257307
50 59 0 8 0.00105140241794
14 26 0 8 0.00104791903868
50 61 0 8 0.00104147125967
50 56 0 8 0.00103257433511
51 59 0 8 0.00103043345734
42 63 0 8 0.00101932510734
47 61 0 8 0.00101919833105
7 26 0 8 0.00101898377761
46 59 0 8 0.00101775117218
12 18 0 8 0.00101671612356
9 26 0 8 0.00100749998819
43 64 0 8 0.00100614351686
56 65 0 8 0.000996988965198
71 79 0 8 0.000993396039121
45 63 0 8 0.000990454107523
44 66 0 8 0.000990077154711
63 73 0 8 0.000985622173175
54 64 0 8 0.000984328566119
54 65 0 8 0.000979261705652
45 65 0 8 0.00097207701765
62 72 0 8 0.000948537723161
44 62 0 8 0.000945915991906
64 74 0 8 0.000939205754548
15 27 0 8 0.000926315551624
16 22 0 8 0.000922181003261
56 62 0 8 0.000904649263248
43 63 0 8 0.000901339808479
47 60 0 8 0.000897610909306
7 22 0 8 0.000894103082828
51 57 0 8 0.000889073009603
14 21 0 8 0.000861624081153
10 27 0 8 0.000857699196786
42 64 0 8 0.000855625839904
10 20 0 8 0.000844772730488
47 62 0 8 0.000841626431793
8 21 0 8 0.000840551685542
49 68 0 8 0.00083751679631
52 68 0 8 0.000830563658383
46 62 0 8 0.000830529665109
41 63 0 8 0.000826580042485
48 58 0 8 0.000821493857075
11 18 0 8 0.000811773526948
8 27 0 8 0.000803226663265
46 66 0 8 0.000801691610832
44 65 0 8 0.000797329179477
44 63 0 8 0.000794148305431
65 72 0 8 0.000792788807303
48 66 0 8 0.000790764868725
52 60 0 8 0.000784503703471
13 27 0 8 0.000781394366641
16 25 0 8 0.000781383947469
72 79 0 8 0.000773935287725
12 19 0 8 0.000772562867496
9 27 0 8 0.000765728182159
63 72 0 8 0.000763284682762
53 62 0 8 0.000752761901822
14 22 0 8 0.000749092607293
51 66 0 8 0.000742299540434
64 72 0 8 0.000737059686799
7 24 0 8 0.000736697693355
62 71 0 8 0.000731525302399
8 23 0 8 0.000727337144781
55 65 0 8 0.000724064651877
47 63 0 8 0.000720083771739
12 21 0 8 0.000717066577636
51 61 0 8 0.000706625753082
47 59 0 8 0.000706392107531
8 26 0 8 0.000696541916113
10 26 0 8 0.000687877705786
47 65 0 8 0.000677948177326
48 60 0 8 0.000677333970089
73 80 0 8 0.000677333970089
46 64 0 8 0.000657668686472
72 80 0 8 0.000655317737255
15 24 0 8 0.000647646025755
46 65 0 8 0.000618027697783
52 61 0 8 0.000617485085968
13 22 0 8 0.000616907491349
49 58 0 8 0.000612355244812
45 64 0 8 0.000610727351159
7 25 0 8 0.000601765641477
44 64 0 8 0.000601422798354
63 71 0 8 0.000595870835241
49 67 0 8 0.0005947057507
64 71 0 8 0.000593597244006
65 73 0 8 0.000590763345826
12 26 0 8 0.000582091684919
46 63 0 8 0.000573018274736
66 73 0 8 0.000569340249058
9 23 0 8 0.000559211068321
51 62 0 8 0.000558150815777
8 22 0 8 0.000551766366698
56 63 0 8 0.000515637861099
12 27 0 8 0.000510599755216
11 26 0 8 0.000509733392391
50 64 0 8 0.000502166047227
10 21 0 8 0.00050189398462
11 27 0 8 0.000500079826452
64 73 0 8 0.000499528599903
49 56 0 8 0.000485923868837
48 62 0 8 0.000480528949993
10 25 0 8 0.000469300954137
13 23 0 8 0.000462121650344
52 58 0 8 0.000457011512481
53 65 0 8 0.000455618079286
50 65 0 8 0.00045425031567
9 25 0 8 0.000447924947366
48 61 0 8 0.00042809068691
8 25 0 8 0.000409130414482
11 21 0 8 0.000408275023801
15 25 0 8 0.00040347018512
12 23 0 8 0.000400258752052
15 22 0 8 0.000397848431021
8 24 0 8 0.000394417322241
9 24 0 8 0.00038121122634
50 62 0 8 0.000379227276426
11 22 0 8 0.000375177216483
14 24 0 8 0.000373767281417
13 24 0 8 0.000372610171326
48 64 0 8 0.000369112327462
48 65 0 8 0.000364317151252
11 23 0 8 0.000336522149155
9 22 0 8 0.000321061059367
10 22 0 8 0.000319876853609
48 63 0 8 0.000299227278447
51 65 0 8 0.000292168959277
52 67 0 8 0.000291287287837
13 25 0 8 0.000289756688289
50 63 0 8 0.000286348047666
12 22 0 8 0.000280124688288
10 24 0 8 0.000279608910205
49 55 0 8 0.000275232916465
12 24 0 8 0.000273644953268
49 66 0 8 0.000270485848887
14 25 0 8 0.000266859482508
52 59 0 8 0.000266578252194
49 59 0 8 0.000258801213931
53 64 0 8 0.000256320025073
53 63 0 8 0.000244158989517
49 60 0 8 0.000237208791077
49 61 0 8 0.000217750275624
49 64 0 8 0.000201469665626
49 65 0 8 0.000199360016268
51 63 0 8 0.000195922068087
52 66 0 8 0.000191907020053
49 62 0 8 0.000190645325347
49 63 0 8 0.00019009024254
52 62 0 8 0.000183374795597
11 24 0 8 0.00017717810988
12 25 0 8 0.000173282882315
10 23 0 8 0.000168495884282
52 63 0 8 0.000158547743922
11 25 0 8 0.000145024765516
51 64 0 8 0.000137990544317
52 64 0 8 9.44037237787e-05
52 65 0 8 7.56825102144e-05
