49 50 0 8 0.99999922514
54 55 0 8 0.999998986721
51 52 0 8 0.999998927116
53 54 0 8 0.99999833107
50 51 0 8 0.999997913837
55 56 0 8 0.999997913837
52 53 0 8 0.999996781349
13 14 0 8 0.999993979931
44 45 0 8 0.999993622303
45 46 0 8 0.999986410141
29 30 0 8 0.999984920025
28 29 0 8 0.999983787537
30 31 0 8 0.999974548817
35 36 0 8 0.999974250793
48 49 0 8 0.999972820282
47 48 0 8 0.999972224236
33 34 0 8 0.99997150898
3 4 0 8 0.999963581562
42 43 0 8 0.999960184097
22 23 0 8 0.999950766563
15 16 0 8 0.999948263168
12 13 0 8 0.999947786331
14 15 0 8 0.999930381775
6 7 0 8 0.999929904938
31 32 0 8 0.999929666519
2 3 0 8 0.999929010868
43 44 0 8 0.999928534031
25 26 0 8 0.999926626682
24 25 0 8 0.999924600124
46 47 0 8 0.999920010567
23 24 0 8 0.999916911125
5 6 0 8 0.999897003174
21 22 0 8 0.999886929989
34 35 0 8 0.999879717827
11 12 0 8 0.999856233597
4 5 0 8 0.999845445156
32 33 0 8 0.999844372272
17 18 0 8 0.999844372272
1 2 0 8 0.999800205231
7 8 0 8 0.999769568443
27 28 0 8 0.99975836277
16 17 0 8 0.999735713005
26 27 0 8 0.999656736851
19 20 0 8 0.999580204487
18 19 0 8 0.999552369118
40 41 0 8 0.999303102493
9 10 0 8 0.999296307564
36 37 0 8 0.999238669872
10 11 0 8 0.999117016792
20 21 0 8 0.999028801918
38 39 0 8 0.998925209045
41 42 0 8 0.998802423477
37 38 0 8 0.998426198959
8 9 0 8 0.99833124876
39 40 0 8 0.996306836605
51 53 0 8 0.996301412582
49 51 0 8 0.995397150517
48 50 0 8 0.993930995464
48 51 0 8 0.992465496063
50 52 0 8 0.992150247097
47 49 0 8 0.990427196026
49 52 0 8 0.98937702179
48 52 0 8 0.985410034657
47 50 0 8 0.984347343445
50 53 0 8 0.983299851418
47 51 0 8 0.979789853096
52 54 0 8 0.979647636414
19 32 0 8 0.974769353867
51 54 0 8 0.972298026085
52 55 0 8 0.971710681915
49 53 0 8 0.962114095688
30 51 0 8 0.961420297623
51 55 0 8 0.949366092682
17 34 0 8 0.938577592373
21 48 0 8 0.931956470013
14 36 0 8 0.931531846523
23 51 0 8 0.929133474827
24 31 0 8 0.927946746349
18 20 0 8 0.923189878464
22 24 0 8 0.923149883747
41 43 0 8 0.91984796524
50 54 0 8 0.915117740631
19 34 0 8 0.913842916489
22 31 0 8 0.912431895733
30 48 0 8 0.906793177128
35 37 0 8 0.899851262569
45 47 0 8 0.896934688091
16 18 0 8 0.896536111832
20 46 0 8 0.895608365536
32 34 0 8 0.895351529121
18 34 0 8 0.888165354729
5 23 0 8 0.887602925301
21 51 0 8 0.885226666927
17 36 0 8 0.884306490421
21 32 0 8 0.883805632591
16 36 0 8 0.87704873085
22 33 0 8 0.875158905983
46 50 0 8 0.874782204628
21 23 0 8 0.873109817505
23 30 0 8 0.87195789814
29 31 0 8 0.871871709824
5 7 0 8 0.869486749172
20 33 0 8 0.867562770844
24 28 0 8 0.867015600204
7 9 0 8 0.866300523281
30 32 0 8 0.866089820862
22 45 0 8 0.863616406918
34 36 0 8 0.863406658173
12 40 0 8 0.862520992756
25 27 0 8 0.858314394951
53 55 0 8 0.858018875122
43 45 0 8 0.856641769409
2 4 0 8 0.855536937714
13 15 0 8 0.853229641914
14 16 0 8 0.853029608727
11 36 0 8 0.851130187511
12 35 0 8 0.846021056175
9 22 0 8 0.835460960865
14 38 0 8 0.834777712822
36 38 0 8 0.827965676785
26 28 0 8 0.826526403427
4 6 0 8 0.82197111845
20 44 0 8 0.821695625782
12 14 0 8 0.818168818951
15 36 0 8 0.816757142544
13 36 0 8 0.81357049942
24 30 0 8 0.811630547047
22 44 0 8 0.810679256916
13 39 0 8 0.810652673244
14 37 0 8 0.809482336044
9 11 0 8 0.807375848293
21 45 0 8 0.805023372173
33 35 0 8 0.79886931181
27 29 0 8 0.797556221485
23 43 0 8 0.797489583492
45 51 0 8 0.795352220535
12 37 0 8 0.795235276222
21 33 0 8 0.795074105263
16 35 0 8 0.792123556137
1 3 0 8 0.792087733746
35 40 0 8 0.791481375694
19 21 0 8 0.787805199623
25 28 0 8 0.781316578388
6 8 0 8 0.776906073093
54 56 0 8 0.773740947247
22 51 0 8 0.77245002985
20 32 0 8 0.770800590515
23 45 0 8 0.768165647984
21 50 0 8 0.767733752728
8 10 0 8 0.760965645313
20 22 0 8 0.759976267815
40 42 0 8 0.758962571621
38 40 0 8 0.753445446491
30 33 0 8 0.753012776375
15 17 0 8 0.75282561779
17 19 0 8 0.750302612782
22 43 0 8 0.747893810272
22 30 0 8 0.747642219067
44 46 0 8 0.745679616928
28 30 0 8 0.743833065033
16 34 0 8 0.735885977745
39 41 0 8 0.735823154449
40 44 0 8 0.735503256321
16 37 0 8 0.735422849655
10 12 0 8 0.734373092651
18 37 0 8 0.725075423717
18 35 0 8 0.720726668835
7 42 0 8 0.718849003315
21 47 0 8 0.712618291378
24 29 0 8 0.705754697323
4 54 0 8 0.705472350121
3 5 0 8 0.702985644341
37 39 0 8 0.693338096142
12 36 0 8 0.68701428175
24 27 0 8 0.685002446175
21 46 0 8 0.681334793568
23 25 0 8 0.676703333855
42 44 0 8 0.672195017338
20 35 0 8 0.669351398945
20 45 0 8 0.665845155716
13 38 0 8 0.664857745171
23 28 0 8 0.662021696568
5 25 0 8 0.660385966301
5 43 0 8 0.6574665308
7 43 0 8 0.648640811443
52 56 0 8 0.648136675358
10 39 0 8 0.646839976311
7 41 0 8 0.644776523113
7 45 0 8 0.639772415161
11 13 0 8 0.63952600956
10 40 0 8 0.636008679867
4 45 0 8 0.635293364525
22 32 0 8 0.632220745087
18 36 0 8 0.631614029408
8 43 0 8 0.625380754471
10 41 0 8 0.616201937199
41 44 0 8 0.614540338516
32 48 0 8 0.603076994419
12 38 0 8 0.600657761097
23 33 0 8 0.590570390224
21 31 0 8 0.584705293179
11 34 0 8 0.581123709679
33 41 0 8 0.578784167767
6 25 0 8 0.576418757439
23 31 0 8 0.575514554977
4 42 0 8 0.573049366474
12 39 0 8 0.572475790977
27 31 0 8 0.563574969769
3 6 0 8 0.563164234161
45 50 0 8 0.560869812965
21 30 0 8 0.560787498951
9 43 0 8 0.558139443398
30 55 0 8 0.540694475174
24 26 0 8 0.539666235447
37 40 0 8 0.530261218548
53 56 0 8 0.52782958746
8 11 0 8 0.521741986275
11 33 0 8 0.515837371349
46 48 0 8 0.51089900732
9 33 0 8 0.500545024872
20 34 0 8 0.492100387812
23 29 0 8 0.485159605742
11 40 0 8 0.449255824089
40 43 0 8 0.444452166557
33 45 0 8 0.443158626556
31 33 0 8 0.405604958534
36 39 0 8 0.397394150496
5 8 0 8 0.391420185566
37 41 0 8 0.390156120062
11 35 0 8 0.386141270399
43 51 0 8 0.376370996237
9 12 0 8 0.368967920542
14 18 0 8 0.366022050381
37 44 0 8 0.363883554935
33 44 0 8 0.362049549818
45 48 0 8 0.361938089132
33 40 0 8 0.354071110487
19 35 0 8 0.333508908749
5 55 0 8 0.331419765949
5 9 0 8 0.331243515015
15 37 0 8 0.326514601707
30 45 0 8 0.325164735317
35 44 0 8 0.324368804693
14 39 0 8 0.323824733496
7 10 0 8 0.322268158197
10 44 0 8 0.321085989475
37 43 0 8 0.318642646074
13 17 0 8 0.313168823719
7 11 0 8 0.309732526541
8 15 0 8 0.303114771843
19 36 0 8 0.297677695751
38 43 0 8 0.294428557158
9 17 0 8 0.284882575274
23 32 0 8 0.28028011322
21 34 0 8 0.278899669647
43 46 0 8 0.275132983923
5 30 0 8 0.274849385023
32 54 0 8 0.267422586679
38 42 0 8 0.267361700535
35 45 0 8 0.267107367516
39 42 0 8 0.260140508413
14 17 0 8 0.249717086554
35 43 0 8 0.248000741005
14 55 0 8 0.246404960752
14 51 0 8 0.244175225496
6 54 0 8 0.244174644351
25 29 0 8 0.243957236409
23 55 0 8 0.23687364161
10 15 0 8 0.234296754003
15 34 0 8 0.23269559443
6 10 0 8 0.230798691511
38 41 0 8 0.230574011803
5 51 0 8 0.228542089462
6 9 0 8 0.228077277541
5 45 0 8 0.223322555423
39 43 0 8 0.222047671676
46 51 0 8 0.219947397709
15 38 0 8 0.219747006893
15 18 0 8 0.217684224248
35 38 0 8 0.216177344322
8 12 0 8 0.215772926807
25 30 0 8 0.214546009898
42 45 0 8 0.213199540973
12 15 0 8 0.213196665049
39 44 0 8 0.212486892939
10 13 0 8 0.21206574142
5 24 0 8 0.21149276197
13 16 0 8 0.211263626814
38 51 0 8 0.209557667375
5 14 0 8 0.207800477743
21 43 0 8 0.206370607018
15 35 0 8 0.201686039567
33 51 0 8 0.19886867702
11 18 0 8 0.198272079229
9 13 0 8 0.196515500546
11 15 0 8 0.195592433214
36 43 0 8 0.191650107503
4 7 0 8 0.191505715251
5 21 0 8 0.187373697758
5 18 0 8 0.187220484018
12 20 0 8 0.18589617312
4 19 0 8 0.18485635519
12 44 0 8 0.184015125036
5 20 0 8 0.183009564877
4 8 0 8 0.182880610228
12 33 0 8 0.182171791792
17 38 0 8 0.18215765059
5 10 0 8 0.179477214813
5 12 0 8 0.175649300218
14 45 0 8 0.174991458654
35 41 0 8 0.174394384027
9 44 0 8 0.173489913344
5 19 0 8 0.170262217522
24 55 0 8 0.168277069926
41 45 0 8 0.167592912912
21 55 0 8 0.167352959514
8 22 0 8 0.166637003422
5 17 0 8 0.164566040039
40 45 0 8 0.164513200521
17 35 0 8 0.163100466132
39 45 0 8 0.162977203727
29 52 0 8 0.162435010076
18 38 0 8 0.16171015799
33 55 0 8 0.161065101624
8 41 0 8 0.159807637334
38 44 0 8 0.157657980919
5 33 0 8 0.152910858393
2 5 0 8 0.152813374996
24 33 0 8 0.152768552303
2 6 0 8 0.152599945664
26 29 0 8 0.152317553759
10 17 0 8 0.150981023908
5 35 0 8 0.148610845208
3 21 0 8 0.148366138339
1 4 0 8 0.146361246705
33 43 0 8 0.145792469382
4 14 0 8 0.144811108708
10 43 0 8 0.144687563181
9 31 0 8 0.14276202023
4 9 0 8 0.14244478941
14 35 0 8 0.142234295607
38 45 0 8 0.14044713974
6 15 0 8 0.140141904354
14 40 0 8 0.138963311911
2 21 0 8 0.137647345662
8 13 0 8 0.136661633849
34 45 0 8 0.13656064868
22 34 0 8 0.135777145624
43 55 0 8 0.135749951005
36 45 0 8 0.133188769221
23 27 0 8 0.132803797722
38 55 0 8 0.128812104464
8 19 0 8 0.128080070019
28 31 0 8 0.128040507436
2 20 0 8 0.126847594976
7 12 0 8 0.12653529644
20 36 0 8 0.123570665717
43 47 0 8 0.12350884825
22 55 0 8 0.122809916735
4 23 0 8 0.118998557329
35 51 0 8 0.118249826133
13 37 0 8 0.117302663624
3 25 0 8 0.117194101214
14 43 0 8 0.117126658559
33 46 0 8 0.1168397367
35 39 0 8 0.11604706943
34 55 0 8 0.115996897221
30 43 0 8 0.115271359682
8 17 0 8 0.114138193429
37 55 0 8 0.111818894744
35 55 0 8 0.111696459353
14 33 0 8 0.111031450331
5 15 0 8 0.110215730965
1 5 0 8 0.109665244818
17 48 0 8 0.109386667609
12 43 0 8 0.108639732003
23 41 0 8 0.108472175896
38 46 0 8 0.108050346375
19 38 0 8 0.106785021722
18 33 0 8 0.106700822711
19 33 0 8 0.106070794165
2 19 0 8 0.106061011553
24 51 0 8 0.105542488396
45 54 0 8 0.103449895978
3 54 0 8 0.103004291654
25 31 0 8 0.102925039828
35 46 0 8 0.102838248014
17 37 0 8 0.102816656232
16 19 0 8 0.10255369544
21 38 0 8 0.102425068617
21 36 0 8 0.101853877306
5 22 0 8 0.101410932839
2 18 0 8 0.101203858852
18 45 0 8 0.100090220571
4 43 0 8 0.100059151649
17 39 0 8 0.0997198075056
37 51 0 8 0.0993013009429
36 44 0 8 0.0991492122412
1 45 0 8 0.0991216003895
12 16 0 8 0.098161444068
2 45 0 8 0.0976596623659
24 32 0 8 0.0976186394691
33 36 0 8 0.0975762456656
4 30 0 8 0.0968155413866
51 56 0 8 0.0967884212732
12 18 0 8 0.0966822206974
2 28 0 8 0.0964698344469
44 51 0 8 0.0963166207075
14 41 0 8 0.0961632877588
4 21 0 8 0.0960593149066
40 46 0 8 0.095369271934
24 45 0 8 0.0952165275812
13 40 0 8 0.0945599973202
4 18 0 8 0.0944766998291
19 37 0 8 0.0939654931426
11 16 0 8 0.0935755074024
35 47 0 8 0.093523465097
9 16 0 8 0.0933552533388
16 39 0 8 0.0932566002011
3 45 0 8 0.0928920954466
45 55 0 8 0.0919364988804
4 20 0 8 0.0918728038669
5 38 0 8 0.0916697308421
1 20 0 8 0.0913351178169
3 7 0 8 0.0911109596491
34 38 0 8 0.0910118967295
22 41 0 8 0.0908519849181
37 45 0 8 0.090812779963
42 46 0 8 0.0903804004192
15 40 0 8 0.0900042206049
39 46 0 8 0.0897103622556
22 35 0 8 0.0896628051996
9 19 0 8 0.0877252742648
5 16 0 8 0.0877231806517
21 37 0 8 0.0874576419592
5 11 0 8 0.0873492509127
9 18 0 8 0.086908698082
5 31 0 8 0.0868883952498
36 40 0 8 0.0868811905384
7 20 0 8 0.0867539793253
4 55 0 8 0.0865453630686
3 20 0 8 0.086512118578
8 20 0 8 0.0854833871126
4 11 0 8 0.0854548588395
14 34 0 8 0.0849848985672
23 47 0 8 0.0846338123083
34 51 0 8 0.0839089676738
5 47 0 8 0.0837693288922
9 55 0 8 0.0833931937814
9 14 0 8 0.0833886787295
6 28 0 8 0.0829350873828
34 40 0 8 0.0826609432697
36 55 0 8 0.0826548561454
15 48 0 8 0.0825224369764
36 41 0 8 0.0824043676257
8 14 0 8 0.0822053775191
7 15 0 8 0.0820869356394
18 39 0 8 0.0816884487867
22 29 0 8 0.081687361002
12 55 0 8 0.0808750987053
13 55 0 8 0.0805758982897
15 39 0 8 0.0801082476974
5 34 0 8 0.0795304551721
30 47 0 8 0.0794585347176
8 18 0 8 0.0793888568878
5 36 0 8 0.0793872848153
13 35 0 8 0.0791777074337
12 17 0 8 0.0788816660643
18 21 0 8 0.0788712501526
32 55 0 8 0.0786285325885
12 45 0 8 0.0785329416394
20 55 0 8 0.0781372562051
16 38 0 8 0.0779385343194
5 13 0 8 0.0779231488705
23 34 0 8 0.0773111432791
23 44 0 8 0.0770606175065
5 37 0 8 0.0768560469151
41 55 0 8 0.0768335312605
27 30 0 8 0.0767037048936
30 56 0 8 0.0765249356627
6 30 0 8 0.0758998915553
28 47 0 8 0.0757350921631
37 42 0 8 0.0754114538431
2 22 0 8 0.075182966888
40 55 0 8 0.0749047100544
8 45 0 8 0.0748098865151
4 51 0 8 0.0748016834259
12 47 0 8 0.0745861008763
1 22 0 8 0.0743740871549
1 21 0 8 0.0742883607745
25 55 0 8 0.0741184651852
17 33 0 8 0.0740814730525
34 47 0 8 0.07401907444
9 30 0 8 0.0739727318287
15 55 0 8 0.073747292161
14 46 0 8 0.0737419053912
44 47 0 8 0.0734499692917
41 46 0 8 0.0734131038189
29 47 0 8 0.0730802938342
3 42 0 8 0.073042832315
24 43 0 8 0.073016859591
11 19 0 8 0.0729957222939
12 41 0 8 0.0727889090776
19 45 0 8 0.0725751370192
31 55 0 8 0.0720177665353
34 41 0 8 0.0713746622205
14 44 0 8 0.0707019343972
36 51 0 8 0.0706926584244
22 36 0 8 0.0705353543162
3 19 0 8 0.0700080469251
5 44 0 8 0.0695313736796
34 43 0 8 0.0687527805567
1 23 0 8 0.0687524601817
31 45 0 8 0.0684726536274
34 44 0 8 0.0684635266662
2 11 0 8 0.0683869719505
8 16 0 8 0.0680585205555
33 47 0 8 0.0679250210524
7 35 0 8 0.0674861371517
18 54 0 8 0.0673429816961
11 14 0 8 0.0673139169812
5 32 0 8 0.0671400129795
2 34 0 8 0.0671295896173
4 17 0 8 0.0669925063848
5 29 0 8 0.0669276788831
18 55 0 8 0.0667162463069
13 18 0 8 0.0667010396719
40 51 0 8 0.0664442107081
23 35 0 8 0.0663265809417
1 39 0 8 0.0663015022874
18 51 0 8 0.0662635490298
6 29 0 8 0.0656407251954
21 35 0 8 0.0654827430844
41 51 0 8 0.0654334947467
24 47 0 8 0.0650926157832
11 17 0 8 0.0650626644492
4 12 0 8 0.0650272220373
4 33 0 8 0.0649233907461
22 54 0 8 0.0646436884999
23 46 0 8 0.0643619522452
13 45 0 8 0.0643267259002
39 55 0 8 0.0642454251647
13 43 0 8 0.0642112866044
15 45 0 8 0.0641685351729
4 28 0 8 0.0636671334505
9 15 0 8 0.0629280954599
24 44 0 8 0.062592074275
23 26 0 8 0.0623929314315
15 43 0 8 0.062210470438
25 46 0 8 0.062206517905
6 14 0 8 0.0618815757334
29 45 0 8 0.0615318231285
35 42 0 8 0.0612101741135
14 56 0 8 0.0608323179185
8 23 0 8 0.0606061853468
19 55 0 8 0.0605268366635
37 47 0 8 0.0603730939329
23 36 0 8 0.0602997355163
17 55 0 8 0.0601952411234
7 19 0 8 0.0598953738809
14 42 0 8 0.0591192878783
5 41 0 8 0.0589882135391
21 29 0 8 0.0585353597999
2 47 0 8 0.0582921467721
23 54 0 8 0.0580933466554
30 46 0 8 0.0578551404178
5 40 0 8 0.0578072443604
3 23 0 8 0.0578040406108
22 47 0 8 0.0577742084861
34 37 0 8 0.0576595291495
1 19 0 8 0.0576032698154
16 43 0 8 0.057558581233
39 51 0 8 0.0574145354331
9 41 0 8 0.0573573894799
15 19 0 8 0.0571239367127
31 47 0 8 0.0570091754198
38 47 0 8 0.0569917857647
7 30 0 8 0.0566396340728
2 23 0 8 0.0564998835325
10 14 0 8 0.0563741140068
3 22 0 8 0.0562933906913
7 18 0 8 0.0562802962959
2 7 0 8 0.0562577322125
43 50 0 8 0.0561867393553
14 30 0 8 0.0560707338154
12 51 0 8 0.0560669749975
26 30 0 8 0.0560481771827
41 47 0 8 0.0558936037123
28 55 0 8 0.0557559356093
10 26 0 8 0.0556946024299
1 47 0 8 0.055665191263
1 6 0 8 0.0554297827184
23 38 0 8 0.055349458009
26 31 0 8 0.0547231175005
29 55 0 8 0.0546088181436
35 54 0 8 0.0545943900943
42 47 0 8 0.0545074902475
2 29 0 8 0.0544717982411
30 54 0 8 0.0543397590518
10 54 0 8 0.0543391816318
5 39 0 8 0.0540548637509
2 8 0 8 0.0539802312851
1 40 0 8 0.0538418330252
6 11 0 8 0.0536864958704
33 50 0 8 0.0535971261561
9 20 0 8 0.0534890145063
20 37 0 8 0.0534876026213
19 54 0 8 0.0534017421305
23 48 0 8 0.0528476536274
16 55 0 8 0.0527269169688
4 10 0 8 0.052692592144
20 51 0 8 0.0523370839655
1 46 0 8 0.0520328171551
10 55 0 8 0.0518641993403
14 47 0 8 0.0517558343709
10 18 0 8 0.0513128638268
40 47 0 8 0.0504007861018
4 50 0 8 0.0501867607236
44 50 0 8 0.0501342006028
6 12 0 8 0.0499977394938
5 54 0 8 0.0499932430685
3 14 0 8 0.0498928539455
4 35 0 8 0.0498578846455
33 56 0 8 0.049763854593
43 48 0 8 0.0497593320906
18 32 0 8 0.0497373528779
36 47 0 8 0.0496885627508
3 43 0 8 0.0496884584427
10 35 0 8 0.0495554916561
16 41 0 8 0.0495009794831
10 19 0 8 0.0493213348091
4 47 0 8 0.0491947419941
24 56 0 8 0.0490852072835
32 45 0 8 0.0490291751921
23 37 0 8 0.0487613901496
24 48 0 8 0.048424564302
33 48 0 8 0.0481804646552
22 40 0 8 0.0481741651893
1 11 0 8 0.0478513427079
1 7 0 8 0.0478440076113
32 51 0 8 0.0473975986242
7 17 0 8 0.0472918376327
20 43 0 8 0.0472592450678
26 49 0 8 0.0472310520709
1 44 0 8 0.0471280626953
20 50 0 8 0.0469524860382
23 56 0 8 0.0468004383147
17 47 0 8 0.0467640869319
2 54 0 8 0.0466616302729
6 21 0 8 0.0465133748949
17 40 0 8 0.0464506037533
9 35 0 8 0.0463682748377
24 34 0 8 0.0461566112936
11 39 0 8 0.045908421278
32 43 0 8 0.0458186790347
28 49 0 8 0.0452440939844
5 56 0 8 0.0452214889228
1 43 0 8 0.0451599508524
31 51 0 8 0.0449712052941
21 54 0 8 0.0449145585299
12 46 0 8 0.0449106507003
37 48 0 8 0.0448407828808
36 42 0 8 0.0448258593678
4 22 0 8 0.0448255427182
25 33 0 8 0.0447081103921
6 17 0 8 0.0446331873536
4 39 0 8 0.0445013307035
5 28 0 8 0.0444860979915
11 37 0 8 0.0443822592497
29 48 0 8 0.044108774513
1 55 0 8 0.0440715961158
3 9 0 8 0.0439387783408
5 48 0 8 0.0439283028245
3 47 0 8 0.0438961498439
3 11 0 8 0.0435422584414
1 35 0 8 0.0433315597475
1 13 0 8 0.0432347171009
15 41 0 8 0.0430701300502
6 20 0 8 0.0428721010685
1 36 0 8 0.0428575575352
1 25 0 8 0.042697455734
25 45 0 8 0.0425912067294
22 52 0 8 0.0425411835313
1 30 0 8 0.0422820821404
30 34 0 8 0.0422356575727
22 48 0 8 0.0422200933099
7 21 0 8 0.0421812385321
1 34 0 8 0.0416653901339
28 54 0 8 0.0415878221393
17 51 0 8 0.0415514446795
1 38 0 8 0.0407767817378
7 44 0 8 0.0407632142305
1 37 0 8 0.0406493544579
1 54 0 8 0.0405828803778
6 18 0 8 0.0404872335494
6 13 0 8 0.0402659773827
14 19 0 8 0.0401897244155
2 13 0 8 0.0401649363339
32 47 0 8 0.0399120151997
10 16 0 8 0.0395206212997
3 8 0 8 0.0394037440419
14 54 0 8 0.0393409542739
4 44 0 8 0.0393293499947
7 23 0 8 0.0392234697938
21 44 0 8 0.0391742177308
12 21 0 8 0.0391416028142
20 31 0 8 0.0390584021807
35 48 0 8 0.0389638654888
1 8 0 8 0.0386690720916
4 16 0 8 0.0385375544429
36 48 0 8 0.0385208688676
11 55 0 8 0.0384159348905
24 41 0 8 0.0383659638464
10 34 0 8 0.0383114218712
2 55 0 8 0.0382592715323
18 40 0 8 0.0381842441857
6 16 0 8 0.038085475564
18 43 0 8 0.0380482748151
29 33 0 8 0.0380194112659
2 25 0 8 0.0377839021385
19 43 0 8 0.037714574486
13 41 0 8 0.0376466214657
8 55 0 8 0.037537869066
20 30 0 8 0.0375098064542
46 49 0 8 0.037441316992
29 51 0 8 0.0374194122851
7 16 0 8 0.0373749621212
12 34 0 8 0.0373210534453
11 32 0 8 0.0372317954898
18 41 0 8 0.0372264385223
3 12 0 8 0.037042029202
12 42 0 8 0.0369521602988
1 17 0 8 0.0369289368391
33 54 0 8 0.0368555486202
3 13 0 8 0.0367690436542
14 48 0 8 0.0367262400687
21 41 0 8 0.0366749763489
36 46 0 8 0.0365936085582
4 37 0 8 0.0365934558213
16 40 0 8 0.0365054942667
1 24 0 8 0.0364825353026
10 23 0 8 0.0363710671663
3 18 0 8 0.0361029058695
34 54 0 8 0.0361027047038
1 15 0 8 0.0359950251877
17 20 0 8 0.0359872095287
29 32 0 8 0.035951923579
45 49 0 8 0.0359185710549
31 56 0 8 0.0359097905457
12 19 0 8 0.0359086506069
23 40 0 8 0.0357599556446
40 48 0 8 0.0356515794992
25 54 0 8 0.0355718359351
6 33 0 8 0.0355348847806
13 51 0 8 0.0355243980885
2 31 0 8 0.0354680418968
7 13 0 8 0.0354558080435
3 30 0 8 0.0353304296732
1 41 0 8 0.0352808497846
13 33 0 8 0.0352572761476
16 47 0 8 0.0351039767265
20 48 0 8 0.0350150763988
2 12 0 8 0.0349685996771
17 41 0 8 0.0349675752223
8 42 0 8 0.0348732769489
9 45 0 8 0.0348545052111
30 52 0 8 0.0347560532391
37 46 0 8 0.0345773585141
6 55 0 8 0.0344037897885
1 32 0 8 0.0343047678471
8 31 0 8 0.0341207049787
1 28 0 8 0.0340660996735
32 52 0 8 0.0339024104178
1 18 0 8 0.0338030681014
9 40 0 8 0.0336954630911
18 46 0 8 0.0336277224123
2 30 0 8 0.0335999689996
4 13 0 8 0.0335490442812
17 32 0 8 0.0334930159152
39 47 0 8 0.0334052890539
3 34 0 8 0.0333904474974
1 42 0 8 0.0332757346332
12 56 0 8 0.0332656279206
28 45 0 8 0.0331351421773
39 54 0 8 0.0330038815737
3 55 0 8 0.0329593233764
44 48 0 8 0.0328863523901
3 17 0 8 0.0328686237335
2 24 0 8 0.0328168794513
10 21 0 8 0.0326982028782
1 9 0 8 0.0326581932604
6 35 0 8 0.0325707755983
4 15 0 8 0.0325627326965
12 50 0 8 0.0324941761792
29 34 0 8 0.0324048437178
6 19 0 8 0.0323136337101
4 46 0 8 0.0323015227914
28 51 0 8 0.0319265574217
21 40 0 8 0.031867172569
17 45 0 8 0.0316462144256
7 22 0 8 0.0316060222685
8 24 0 8 0.0315576940775
6 47 0 8 0.0315186046064
5 46 0 8 0.0314146243036
8 33 0 8 0.0313930399716
24 36 0 8 0.0313900522888
10 20 0 8 0.0313883088529
12 24 0 8 0.0311173032969
9 34 0 8 0.0311093684286
2 15 0 8 0.031109187752
24 54 0 8 0.0310197994113
1 12 0 8 0.0310086868703
2 56 0 8 0.0309631228447
3 37 0 8 0.0309132430702
27 55 0 8 0.0307480320334
12 23 0 8 0.0306657347828
4 24 0 8 0.030562594533
31 34 0 8 0.0305447503924
15 47 0 8 0.0305320620537
1 33 0 8 0.0301162805408
7 14 0 8 0.0301007553935
6 23 0 8 0.0299577452242
10 45 0 8 0.0299466978759
9 48 0 8 0.0299125351012
2 9 0 8 0.0299056675285
23 42 0 8 0.029857557267
1 31 0 8 0.0297580156475
28 56 0 8 0.0296640712768
2 35 0 8 0.0296489354223
2 33 0 8 0.0295640490949
7 52 0 8 0.0295062754303
8 30 0 8 0.0294370371848
11 38 0 8 0.0294155739248
12 22 0 8 0.0290048327297
9 37 0 8 0.0288427378982
2 14 0 8 0.0286892075092
7 25 0 8 0.0286254566163
26 55 0 8 0.0285816602409
1 26 0 8 0.0285815820098
14 21 0 8 0.0284988805652
8 39 0 8 0.0284516550601
18 47 0 8 0.0284424964339
33 37 0 8 0.0283857788891
32 46 0 8 0.0283838063478
22 37 0 8 0.0280819591135
1 29 0 8 0.028014998883
19 40 0 8 0.0279416199774
4 48 0 8 0.0278920270503
15 54 0 8 0.0278442949057
8 26 0 8 0.0278114378452
2 37 0 8 0.0276570133865
34 39 0 8 0.027626324445
5 42 0 8 0.0275098532438
8 21 0 8 0.0274405144155
8 25 0 8 0.0273165795952
27 48 0 8 0.0272734351456
17 43 0 8 0.0271225310862
19 51 0 8 0.0269939918071
24 40 0 8 0.0269414782524
33 42 0 8 0.0267853736877
9 51 0 8 0.0267479959875
15 51 0 8 0.0267437510192
3 24 0 8 0.0267145391554
1 14 0 8 0.0267020389438
10 33 0 8 0.0266887508333
10 47 0 8 0.0263546071947
34 48 0 8 0.0263415109366
4 34 0 8 0.0262709595263
3 15 0 8 0.026123251766
35 56 0 8 0.0259468220174
3 32 0 8 0.0259203463793
20 40 0 8 0.0258916225284
26 32 0 8 0.0255874898285
28 48 0 8 0.0255794543773
1 10 0 8 0.0253626164049
6 43 0 8 0.0253115110099
6 46 0 8 0.0249193906784
28 52 0 8 0.0249149426818
10 24 0 8 0.0247694868594
4 38 0 8 0.0247407928109
20 47 0 8 0.0244895517826
2 43 0 8 0.0244373194873
3 52 0 8 0.0243002735078
2 48 0 8 0.0242426190525
20 39 0 8 0.0241910926998
7 37 0 8 0.0241623166949
13 47 0 8 0.0240893047303
22 56 0 8 0.024073721841
13 44 0 8 0.0240007694811
31 54 0 8 0.0239108335227
11 43 0 8 0.0237692613155
8 34 0 8 0.0237460359931
30 44 0 8 0.0237413216382
6 22 0 8 0.023734729737
25 56 0 8 0.0237139072269
25 51 0 8 0.0236651543528
7 55 0 8 0.023588731885
7 39 0 8 0.0235636662692
11 47 0 8 0.0235114786774
2 44 0 8 0.0234226342291
10 25 0 8 0.0233919434249
18 44 0 8 0.0233610589057
42 51 0 8 0.023336071521
11 48 0 8 0.0233326647431
1 51 0 8 0.0232125204057
1 48 0 8 0.0229828730226
3 48 0 8 0.0229587554932
2 10 0 8 0.0228567384183
9 54 0 8 0.0228329263628
2 39 0 8 0.0226033721119
25 32 0 8 0.0224210806191
10 22 0 8 0.0223785061389
19 31 0 8 0.0223370697349
7 33 0 8 0.0222280342132
6 31 0 8 0.0221977196634
6 48 0 8 0.0221928562969
3 35 0 8 0.0221758149564
2 32 0 8 0.0221720151603
17 42 0 8 0.0220955610275
19 39 0 8 0.0220484416932
9 21 0 8 0.0220143329352
6 45 0 8 0.0219807252288
9 46 0 8 0.0218948349357
15 42 0 8 0.0218328889459
3 39 0 8 0.021762765944
34 46 0 8 0.0217537768185
43 54 0 8 0.0215516332537
20 38 0 8 0.0214703846723
38 48 0 8 0.0214240811765
4 41 0 8 0.0213933624327
11 45 0 8 0.0213847141713
12 30 0 8 0.0213843341917
3 33 0 8 0.0213647000492
4 32 0 8 0.0213551204652
33 52 0 8 0.0213338695467
42 55 0 8 0.0212830957025
16 51 0 8 0.02113754116
10 38 0 8 0.0210931207985
4 29 0 8 0.0210752468556
25 48 0 8 0.0210029687732
1 16 0 8 0.0209377482533
9 24 0 8 0.0208688154817
31 48 0 8 0.0208072867244
38 54 0 8 0.0207532178611
9 36 0 8 0.0207263734192
3 44 0 8 0.0207130610943
12 54 0 8 0.0206057596952
2 17 0 8 0.0205916278064
21 56 0 8 0.0205883104354
36 54 0 8 0.020450072363
23 50 0 8 0.0204119998962
25 43 0 8 0.0203505307436
1 56 0 8 0.0203095991164
15 33 0 8 0.0202299952507
10 29 0 8 0.0202127378434
17 56 0 8 0.0201907381415
24 35 0 8 0.020080447197
23 52 0 8 0.0200741607696
10 56 0 8 0.0200487244874
16 44 0 8 0.0200281627476
8 56 0 8 0.0199414268136
9 23 0 8 0.0199370179325
6 50 0 8 0.0198570806533
32 56 0 8 0.0198472645134
3 41 0 8 0.0198125950992
33 38 0 8 0.0197556260973
32 44 0 8 0.0197419263422
33 39 0 8 0.0197106264532
2 38 0 8 0.0196799878031
16 48 0 8 0.0196509603411
26 54 0 8 0.0196386110038
41 48 0 8 0.01963108778
7 32 0 8 0.0196074210107
22 28 0 8 0.0196002032608
3 38 0 8 0.0195848289877
11 23 0 8 0.0195084474981
2 51 0 8 0.0194226168096
19 53 0 8 0.0193138029426
13 21 0 8 0.0191651228815
10 36 0 8 0.01912525855
1 27 0 8 0.0191175155342
14 20 0 8 0.0190202556551
30 42 0 8 0.0189753156155
13 34 0 8 0.0189703647047
11 20 0 8 0.0189305730164
8 44 0 8 0.0188736114651
1 52 0 8 0.0188481397927
18 50 0 8 0.0188232157379
22 39 0 8 0.0187513437122
2 46 0 8 0.0187446512282
13 19 0 8 0.0187205020338
3 51 0 8 0.0187008734792
14 50 0 8 0.0186723228544
9 47 0 8 0.01859918423
44 55 0 8 0.0185640063137
20 41 0 8 0.0185354929417
25 47 0 8 0.0184627752751
6 52 0 8 0.0184077303857
19 46 0 8 0.0184000581503
25 35 0 8 0.0183875225484
6 34 0 8 0.0183523893356
13 42 0 8 0.0183243788779
38 56 0 8 0.0183143988252
2 40 0 8 0.0182664450258
20 42 0 8 0.0182663984597
5 52 0 8 0.0182251613587
29 43 0 8 0.0182125810534
2 42 0 8 0.0180794689804
22 38 0 8 0.0180002134293
11 46 0 8 0.0179590526968
2 52 0 8 0.0179012678564
3 28 0 8 0.0178712122142
16 45 0 8 0.0178677160293
12 25 0 8 0.0178478192538
34 42 0 8 0.0178087092936
12 48 0 8 0.0177792254835
20 54 0 8 0.0177726708353
37 54 0 8 0.0176938399673
3 16 0 8 0.0176919419318
31 49 0 8 0.0176762454212
2 41 0 8 0.0176490005106
6 37 0 8 0.0176254957914
29 54 0 8 0.0176129769534
8 37 0 8 0.017503939569
39 48 0 8 0.0174949616194
6 39 0 8 0.0174620859325
14 23 0 8 0.0174471437931
5 50 0 8 0.0173899009824
7 24 0 8 0.0173777006567
9 29 0 8 0.0172709356993
3 46 0 8 0.0172485560179
7 31 0 8 0.017245830968
2 26 0 8 0.0171656515449
7 48 0 8 0.0169569402933
4 25 0 8 0.0169561784714
7 34 0 8 0.0169345252216
27 32 0 8 0.0169120430946
15 46 0 8 0.0168172027916
4 31 0 8 0.0167933925986
4 40 0 8 0.0167826265097
19 30 0 8 0.0167526584119
2 16 0 8 0.0167455114424
8 46 0 8 0.0167135410011
3 31 0 8 0.0166796334088
39 56 0 8 0.016638353467
30 41 0 8 0.016635466367
1 49 0 8 0.0165240224451
30 35 0 8 0.0164857786149
2 36 0 8 0.0164492800832
25 39 0 8 0.0163925494999
10 46 0 8 0.0163751896471
8 29 0 8 0.0163585394621
19 47 0 8 0.0163293015212
3 29 0 8 0.0162797216326
6 53 0 8 0.0162723846734
6 36 0 8 0.0162431672215
21 39 0 8 0.016132902354
16 54 0 8 0.0161233749241
21 52 0 8 0.0160882007331
13 56 0 8 0.0160558987409
19 22 0 8 0.0160319153219
8 35 0 8 0.0160179901868
17 54 0 8 0.0159855410457
10 37 0 8 0.0159810017794
29 56 0 8 0.0159516427666
3 10 0 8 0.015925437212
3 27 0 8 0.0158979073167
5 26 0 8 0.0158408544958
30 38 0 8 0.0158289801329
6 40 0 8 0.0157663915306
13 25 0 8 0.0157106313854
9 38 0 8 0.0157095696777
8 38 0 8 0.0157055072486
7 38 0 8 0.01564219594
5 27 0 8 0.015593056567
6 41 0 8 0.0155388116837
22 42 0 8 0.0155162010342
3 40 0 8 0.0154734365642
35 50 0 8 0.0154565554112
7 47 0 8 0.0153569756076
9 56 0 8 0.0153532773256
31 43 0 8 0.0152870481834
16 20 0 8 0.0152678871527
41 50 0 8 0.0152111053467
14 22 0 8 0.015187850222
6 56 0 8 0.0151536399499
3 36 0 8 0.015144505538
16 56 0 8 0.0151038141921
11 25 0 8 0.0150783918798
11 21 0 8 0.0150383207947
15 44 0 8 0.0149735342711
9 39 0 8 0.0149643318728
8 28 0 8 0.0149107752368
6 42 0 8 0.0148381916806
3 50 0 8 0.0148355439305
35 49 0 8 0.0148150268942
2 53 0 8 0.0148093346506
26 56 0 8 0.0146674448624
8 47 0 8 0.0146328620613
11 51 0 8 0.0146312946454
20 56 0 8 0.0146064711735
26 33 0 8 0.0145910019055
9 52 0 8 0.0145086785778
7 56 0 8 0.014443391934
2 49 0 8 0.014364913106
14 24 0 8 0.0143429348245
4 56 0 8 0.014236016199
12 32 0 8 0.014235782437
19 48 0 8 0.0142197515815
3 56 0 8 0.0141874970868
30 40 0 8 0.0141698084772
37 56 0 8 0.0141211058944
37 50 0 8 0.0141135798767
6 38 0 8 0.0140457274392
8 32 0 8 0.0139915952459
25 53 0 8 0.0139872748405
34 56 0 8 0.0139623265713
11 24 0 8 0.0139611708
30 50 0 8 0.0138647565618
28 50 0 8 0.0138646718115
11 30 0 8 0.0138560682535
4 49 0 8 0.0138523224741
8 54 0 8 0.0138049945235
3 49 0 8 0.0137568889186
8 51 0 8 0.0137547608465
6 51 0 8 0.0137286325917
9 42 0 8 0.013718964532
11 41 0 8 0.0135729853064
4 36 0 8 0.0134861730039
10 30 0 8 0.0134636070579
9 25 0 8 0.0134158972651
47 55 0 8 0.013411341235
13 24 0 8 0.0133703052998
10 51 0 8 0.0133552104235
24 46 0 8 0.0133452741429
4 27 0 8 0.0132274515927
18 56 0 8 0.013219313696
25 34 0 8 0.0132136857137
9 32 0 8 0.0131729291752
38 50 0 8 0.0130892759189
2 27 0 8 0.0130810542032
27 52 0 8 0.0130710797384
13 23 0 8 0.0130472769961
38 52 0 8 0.0130275757983
19 44 0 8 0.0129441143945
23 53 0 8 0.0129008870572
7 28 0 8 0.0128813674673
6 24 0 8 0.0128548983485
11 28 0 8 0.0127762872726
22 27 0 8 0.0127653758973
21 42 0 8 0.0127094546333
22 50 0 8 0.0126724224538
11 22 0 8 0.0126492064446
22 25 0 8 0.0125829707831
41 49 0 8 0.0125798191875
28 32 0 8 0.012552513741
15 56 0 8 0.0125423045829
36 56 0 8 0.012466872111
17 21 0 8 0.0124174738303
13 22 0 8 0.0123055903241
12 26 0 8 0.0123024377972
27 47 0 8 0.0122918793932
32 42 0 8 0.0122678950429
21 27 0 8 0.0122569324449
13 20 0 8 0.0122129293159
7 40 0 8 0.0121844187379
24 37 0 8 0.0121503975242
22 26 0 8 0.0121456831694
22 46 0 8 0.0121128074825
14 52 0 8 0.0120994001627
16 33 0 8 0.0120642893016
3 26 0 8 0.0120523599908
16 21 0 8 0.0120319193229
19 41 0 8 0.0119805159047
18 30 0 8 0.0119659462944
27 56 0 8 0.0119534032419
31 42 0 8 0.0119079621509
13 26 0 8 0.0119046242908
35 52 0 8 0.0118738757446
32 41 0 8 0.0118721975014
8 40 0 8 0.0118637811393
41 56 0 8 0.011834140867
18 31 0 8 0.0118012307212
11 26 0 8 0.0117936702445
34 49 0 8 0.011785203591
26 48 0 8 0.0117187546566
23 39 0 8 0.01168735791
12 52 0 8 0.0116834472865
17 46 0 8 0.0116660725325
21 24 0 8 0.0116559164599
24 52 0 8 0.0116198370233
32 40 0 8 0.0115990182385
11 44 0 8 0.0115764895454
34 50 0 8 0.0115569243208
23 49 0 8 0.0115527026355
8 48 0 8 0.0115199591964
31 52 0 8 0.0115018906072
25 36 0 8 0.011476633139
24 42 0 8 0.0114024225622
6 26 0 8 0.0113922199234
32 35 0 8 0.0113671682775
17 44 0 8 0.0113579388708
4 53 0 8 0.0112213632092
7 54 0 8 0.0111593464389
27 34 0 8 0.0111533077434
25 52 0 8 0.0111239692196
26 47 0 8 0.0110891936347
29 49 0 8 0.0110851787031
13 30 0 8 0.0110846767202
11 56 0 8 0.0110699674115
10 48 0 8 0.0110584842041
43 52 0 8 0.0110553707927
32 36 0 8 0.0110457204282
9 26 0 8 0.0109413573518
42 49 0 8 0.0108995661139
12 49 0 8 0.0108119649813
12 53 0 8 0.0107706841081
7 29 0 8 0.010750638321
7 51 0 8 0.010701498948
18 48 0 8 0.0105300890282
42 48 0 8 0.0105006340891
24 38 0 8 0.0104526095092
15 20 0 8 0.0103841330856
8 36 0 8 0.0103716943413
41 54 0 8 0.0103385196999
14 25 0 8 0.010333978571
36 50 0 8 0.0103288982064
15 49 0 8 0.0103209801018
7 36 0 8 0.0103126401082
46 54 0 8 0.0102946301922
10 42 0 8 0.0102224387228
4 26 0 8 0.0101806595922
39 50 0 8 0.0101789254695
30 49 0 8 0.0101600820199
19 56 0 8 0.0100725796074
19 52 0 8 0.0100694559515
27 51 0 8 0.0100089339539
10 27 0 8 0.00997206754982
12 31 0 8 0.00984854064882
26 52 0 8 0.00977021176368
14 32 0 8 0.00970517192036
7 26 0 8 0.0096044158563
2 50 0 8 0.00953214243054
32 39 0 8 0.00951826851815
27 45 0 8 0.00950951408595
16 46 0 8 0.00943828653544
42 54 0 8 0.00941678788513
16 42 0 8 0.00932773202658
26 46 0 8 0.00928833801299
40 50 0 8 0.00924235209823
29 41 0 8 0.00912840105593
12 27 0 8 0.00910089537501
33 49 0 8 0.00903755892068
26 51 0 8 0.00903348531574
42 50 0 8 0.0089405067265
6 32 0 8 0.00893436092883
40 54 0 8 0.00888157449663
11 42 0 8 0.00881782080978
10 28 0 8 0.00875570718199
7 50 0 8 0.00870154891163
11 54 0 8 0.00855944305658
4 52 0 8 0.00847921986133
34 52 0 8 0.00845481175929
30 53 0 8 0.00844251271337
40 56 0 8 0.00842144712806
32 50 0 8 0.00840490590781
25 50 0 8 0.00833831727505
31 46 0 8 0.00828510709107
16 50 0 8 0.00822973623872
9 28 0 8 0.00821717455983
5 49 0 8 0.008216323331
14 49 0 8 0.00821624975652
31 35 0 8 0.00817054510117
50 55 0 8 0.00816214922816
13 54 0 8 0.00795864406973
8 27 0 8 0.00786633975804
19 29 0 8 0.00785319507122
21 28 0 8 0.00782631617039
18 22 0 8 0.00778162200004
28 33 0 8 0.00770575460047
5 53 0 8 0.00764355901629
24 53 0 8 0.00761175621301
45 52 0 8 0.00761001324281
6 44 0 8 0.00760348001495
15 25 0 8 0.00758250663057
26 53 0 8 0.00735073443502
7 46 0 8 0.00734280189499
1 53 0 8 0.00734120700508
1 50 0 8 0.00734109245241
12 28 0 8 0.00720560830086
25 49 0 8 0.00711210211739
25 41 0 8 0.0070839272812
12 29 0 8 0.00706788012758
29 35 0 8 0.00700438208878
24 39 0 8 0.00696501554921
31 44 0 8 0.00689440267161
28 34 0 8 0.00685905618593
6 49 0 8 0.00682164449245
3 53 0 8 0.00679669436067
42 53 0 8 0.00677430536598
24 50 0 8 0.00664127338678
28 43 0 8 0.00663879141212
37 52 0 8 0.00655732164159
14 53 0 8 0.00649267621338
13 52 0 8 0.00647320086136
31 41 0 8 0.0064009455964
13 50 0 8 0.00638393359259
47 52 0 8 0.00634707510471
19 50 0 8 0.00633864849806
36 52 0 8 0.00629562977701
18 42 0 8 0.0062111034058
30 37 0 8 0.00613572774455
30 36 0 8 0.00613207370043
25 44 0 8 0.00610319711268
27 42 0 8 0.00609966367483
17 50 0 8 0.00606430415064
20 24 0 8 0.00603247294202
42 52 0 8 0.00598560739309
43 49 0 8 0.00592090049759
33 53 0 8 0.00582614028826
13 48 0 8 0.00575717771426
19 49 0 8 0.00571941956878
42 56 0 8 0.00571514526382
25 40 0 8 0.00570355681702
29 53 0 8 0.00570302410051
28 44 0 8 0.00568729545921
27 53 0 8 0.00564709259197
18 52 0 8 0.00563127174973
28 46 0 8 0.00562230497599
10 53 0 8 0.00561172049493
16 32 0 8 0.00560727296397
18 29 0 8 0.00559167703614
43 56 0 8 0.00556289590895
21 25 0 8 0.00554189598188
44 54 0 8 0.00551507156342
15 52 0 8 0.00550876418129
9 27 0 8 0.00547877326608
41 52 0 8 0.00546800112352
11 52 0 8 0.00545126246288
8 49 0 8 0.00543793616816
13 32 0 8 0.00533182313666
25 38 0 8 0.00531697971746
28 42 0 8 0.00529871694744
10 49 0 8 0.00525533268228
6 27 0 8 0.00525332149118
19 42 0 8 0.0052301757969
26 35 0 8 0.00519197806716
29 42 0 8 0.00517952581868
25 37 0 8 0.00514214718714
27 43 0 8 0.00512055819854
27 49 0 8 0.00509547954425
27 54 0 8 0.00507461931556
15 26 0 8 0.00505806133151
32 37 0 8 0.00504733901471
29 39 0 8 0.00503426464275
15 23 0 8 0.0049487631768
13 46 0 8 0.00493884505704
27 33 0 8 0.00487698661163
28 38 0 8 0.00480285799131
38 49 0 8 0.00480122631416
17 52 0 8 0.00479985680431
20 52 0 8 0.00479180505499
29 46 0 8 0.00477707386017
26 45 0 8 0.0047659650445
22 53 0 8 0.00467700976878
10 32 0 8 0.00462713930756
15 30 0 8 0.00459586782381
15 21 0 8 0.00459399446845
20 23 0 8 0.00458153011277
15 24 0 8 0.00456654513255
27 37 0 8 0.00453334208578
27 46 0 8 0.00450085941702
13 53 0 8 0.00450047105551
16 52 0 8 0.00447177514434
31 53 0 8 0.00443484913558
26 34 0 8 0.00441009690985
31 40 0 8 0.00438319193199
29 40 0 8 0.00436858693138
40 52 0 8 0.00432090368122
18 53 0 8 0.00429204152897
15 53 0 8 0.00429100450128
8 53 0 8 0.00427324697375
39 52 0 8 0.00426809024066
37 49 0 8 0.00426142849028
24 49 0 8 0.00425015529618
32 49 0 8 0.00423131417483
10 31 0 8 0.00422824546695
46 55 0 8 0.00419139117002
17 30 0 8 0.00417626649141
14 26 0 8 0.00414702342823
7 27 0 8 0.004121045582
17 53 0 8 0.00411390885711
11 31 0 8 0.00409054197371
44 49 0 8 0.00405296543613
18 49 0 8 0.00402108766139
10 52 0 8 0.00400378508493
25 42 0 8 0.00399520108476
36 49 0 8 0.00392448203638
9 50 0 8 0.00386702083051
15 32 0 8 0.00382205913775
7 49 0 8 0.00381501042284
13 29 0 8 0.00380500569008
15 50 0 8 0.00378163810819
15 22 0 8 0.00372990360484
20 29 0 8 0.00371726998128
21 49 0 8 0.00369644956663
19 23 0 8 0.00365582341328
28 39 0 8 0.0036402544938
10 50 0 8 0.0036226559896
8 52 0 8 0.00362240988761
28 40 0 8 0.00361454300582
35 53 0 8 0.00356800924055
26 50 0 8 0.00356397847645
9 49 0 8 0.00351928896271
8 50 0 8 0.00347492005676
34 53 0 8 0.00344241806306
7 53 0 8 0.00343831954524
26 43 0 8 0.00342617975548
21 53 0 8 0.00342418928631
14 31 0 8 0.00342373037711
17 49 0 8 0.00341281457804
28 41 0 8 0.00337408296764
13 31 0 8 0.00336223142222
27 39 0 8 0.00334707181901
37 53 0 8 0.00330670829862
20 53 0 8 0.00330177089199
29 50 0 8 0.00322747370228
31 50 0 8 0.00320969591849
29 37 0 8 0.00318821286783
11 49 0 8 0.00317345210351
13 28 0 8 0.00311459251679
29 44 0 8 0.00309961149469
13 49 0 8 0.003082228126
26 42 0 8 0.00307468301617
32 53 0 8 0.00307314260863
40 49 0 8 0.00306229153648
43 53 0 8 0.00305850151926
16 49 0 8 0.00303190550767
22 49 0 8 0.00302700907923
27 41 0 8 0.00299955508672
26 39 0 8 0.00297704874538
31 38 0 8 0.00294950790703
14 28 0 8 0.00294336676598
28 35 0 8 0.0029400549829
30 39 0 8 0.0029261643067
36 53 0 8 0.00290553714149
11 53 0 8 0.00289842439815
21 26 0 8 0.00287670083344
17 26 0 8 0.00286033144221
11 50 0 8 0.00282453815453
38 53 0 8 0.00279387435876
11 27 0 8 0.00276800640859
32 38 0 8 0.00272965920158
16 30 0 8 0.00270099658519
26 37 0 8 0.00268989452161
39 49 0 8 0.00264228601009
19 28 0 8 0.00256848009303
20 28 0 8 0.00256325188093
41 53 0 8 0.00254760705866
27 44 0 8 0.00252266926691
9 53 0 8 0.00248791975901
28 36 0 8 0.00247981282882
45 56 0 8 0.00247160252184
26 36 0 8 0.00246501830406
28 53 0 8 0.00240537128411
16 53 0 8 0.00228587212041
13 27 0 8 0.00227826042101
19 27 0 8 0.00227396260016
16 23 0 8 0.00222556805238
27 38 0 8 0.00219181412831
46 53 0 8 0.00214749062434
31 36 0 8 0.00214016577229
17 31 0 8 0.00207583559677
17 24 0 8 0.00202856468968
18 23 0 8 0.00202704290859
39 53 0 8 0.00201376900077
26 38 0 8 0.00199992419221
27 50 0 8 0.00199957494624
26 41 0 8 0.00199818611145
45 53 0 8 0.00190108572133
14 27 0 8 0.0018932861276
29 36 0 8 0.00187296827789
44 52 0 8 0.00185124168638
15 31 0 8 0.00181880523451
11 29 0 8 0.00175370252691
20 49 0 8 0.0017243794864
40 53 0 8 0.00170894083567
26 44 0 8 0.00168345856946
50 56 0 8 0.00162791565526
26 40 0 8 0.00161214394029
14 29 0 8 0.00157860992476
49 54 0 8 0.00157167564612
17 22 0 8 0.00156113889534
31 39 0 8 0.00150664860848
27 35 0 8 0.0015053327661
19 26 0 8 0.00150393799413
16 31 0 8 0.00150202296209
28 37 0 8 0.00148233631626
46 56 0 8 0.00146575609688
19 25 0 8 0.00142611877527
46 52 0 8 0.00141093879938
27 36 0 8 0.00140775588807
19 24 0 8 0.00140123732854
16 24 0 8 0.00135546224192
48 55 0 8 0.00132843409665
16 22 0 8 0.00127485499252
20 25 0 8 0.00127286091447
17 23 0 8 0.00126522127539
47 54 0 8 0.00125602097251
15 29 0 8 0.00124614581
29 38 0 8 0.00118688866496
17 27 0 8 0.00112448155414
31 37 0 8 0.00112011854071
15 28 0 8 0.00111841631588
48 56 0 8 0.00110359524842
44 53 0 8 0.00110130209941
27 40 0 8 0.00109860813245
16 25 0 8 0.00102924439125
18 24 0 8 0.00102115736809
18 28 0 8 0.00101764686406
16 27 0 8 0.0010130868759
47 56 0 8 0.000856072350871
17 29 0 8 0.000765455304645
15 27 0 8 0.000730348110665
20 27 0 8 0.00071178941289
17 25 0 8 0.000704818987288
49 55 0 8 0.00060602434678
18 25 0 8 0.000586679263506
16 26 0 8 0.000580695224926
16 28 0 8 0.000573756871745
20 26 0 8 0.000542055757251
44 56 0 8 0.000530448043719
18 27 0 8 0.000491349375807
17 28 0 8 0.000471631152323
48 54 0 8 0.000436822563643
48 53 0 8 0.000393807335058
16 29 0 8 0.000393370777601
49 56 0 8 0.00028948803083
18 26 0 8 0.000211582126212
47 53 0 8 0.000182151983608
