85 86 0 8 0.999999463558
3 4 0 8 0.999999463558
2 3 0 8 0.999998927116
28 29 0 8 0.999997854233
51 52 0 8 0.999997138977
22 23 0 8 0.999997019768
82 83 0 8 0.999996900558
86 87 0 8 0.999996840954
24 25 0 8 0.999996840954
15 16 0 8 0.999996721745
4 5 0 8 0.999996364117
30 31 0 8 0.999996185303
23 24 0 8 0.99999576807
80 81 0 8 0.99999499321
20 21 0 8 0.999994933605
27 28 0 8 0.999994695187
46 47 0 8 0.999994158745
47 48 0 8 0.999993860722
21 22 0 8 0.999993383884
29 30 0 8 0.999992787838
69 70 0 8 0.999992668629
5 6 0 8 0.999992311001
33 34 0 8 0.999991416931
26 27 0 8 0.999990522861
45 46 0 8 0.999989569187
52 53 0 8 0.999988913536
48 49 0 8 0.999988555908
50 51 0 8 0.999987900257
83 84 0 8 0.999987483025
6 7 0 8 0.99998664856
1 2 0 8 0.99998575449
84 85 0 8 0.99998575449
78 79 0 8 0.999984502792
18 19 0 8 0.999984264374
68 69 0 8 0.999982953072
49 50 0 8 0.9999807477
19 20 0 8 0.999979615211
79 80 0 8 0.999979615211
17 18 0 8 0.999978721142
81 82 0 8 0.999976873398
32 33 0 8 0.999974012375
31 32 0 8 0.999972939491
75 76 0 8 0.99996972084
53 54 0 8 0.999964952469
25 26 0 8 0.99996471405
76 77 0 8 0.999963641167
35 36 0 8 0.999963462353
66 67 0 8 0.999961853027
13 14 0 8 0.999959051609
34 35 0 8 0.9999563694
14 15 0 8 0.999951779842
8 9 0 8 0.999950945377
60 61 0 8 0.999948680401
73 74 0 8 0.999945402145
54 55 0 8 0.999942481518
72 73 0 8 0.999941885471
9 10 0 8 0.99994045496
7 8 0 8 0.99993956089
70 71 0 8 0.999923110008
58 59 0 8 0.999917030334
11 12 0 8 0.999916017056
36 37 0 8 0.999916017056
44 45 0 8 0.999914467335
77 78 0 8 0.999906480312
16 17 0 8 0.999899625778
63 64 0 8 0.9998960495
59 60 0 8 0.999883770943
12 13 0 8 0.999877095222
42 43 0 8 0.999869585037
67 68 0 8 0.999863147736
55 56 0 8 0.999852776527
71 72 0 8 0.999841153622
37 38 0 8 0.999777913094
39 40 0 8 0.999773323536
74 75 0 8 0.999706149101
38 39 0 8 0.999704778194
57 58 0 8 0.999689340591
41 42 0 8 0.999661743641
10 11 0 8 0.999619364738
61 62 0 8 0.999618530273
65 66 0 8 0.9996124506
43 44 0 8 0.999581098557
40 41 0 8 0.999572694302
56 57 0 8 0.999253511429
62 63 0 8 0.999074518681
78 80 0 8 0.997495651245
64 65 0 8 0.996837973595
48 50 0 8 0.996567606926
20 22 0 8 0.995297014713
51 53 0 8 0.995222091675
47 49 0 8 0.993959665298
19 21 0 8 0.992389380932
21 23 0 8 0.992265462875
50 52 0 8 0.992253303528
20 23 0 8 0.991940915585
52 54 0 8 0.991590380669
23 25 0 8 0.991429686546
17 19 0 8 0.989783525467
22 24 0 8 0.989396989346
82 84 0 8 0.989346921444
21 24 0 8 0.989270210266
18 20 0 8 0.989009141922
79 81 0 8 0.988674163818
49 51 0 8 0.988586246967
48 51 0 8 0.987992405891
79 82 0 8 0.985113084316
23 26 0 8 0.984215080738
80 82 0 8 0.984086036682
51 54 0 8 0.983722627163
49 52 0 8 0.983287751675
81 83 0 8 0.982955574989
46 48 0 8 0.982323586941
16 18 0 8 0.980846643448
52 55 0 8 0.980751395226
22 25 0 8 0.980549633503
20 24 0 8 0.980223417282
50 53 0 8 0.979418873787
17 20 0 8 0.979299604893
48 52 0 8 0.978790104389
27 29 0 8 0.975726664066
83 85 0 8 0.972898244858
47 50 0 8 0.970744073391
19 22 0 8 0.970216333866
82 85 0 8 0.970128118992
81 84 0 8 0.969843447208
29 31 0 8 0.969569683075
68 82 0 8 0.968253135681
18 21 0 8 0.968146324158
24 26 0 8 0.966787159443
45 48 0 8 0.965701699257
45 47 0 8 0.964967906475
24 27 0 8 0.961826682091
21 25 0 8 0.961082994938
5 34 0 8 0.960312008858
83 86 0 8 0.959182024002
49 53 0 8 0.955392301083
80 83 0 8 0.954401135445
25 27 0 8 0.951580524445
44 46 0 8 0.940566241741
67 75 0 8 0.939529895782
51 55 0 8 0.937969624996
31 33 0 8 0.936481893063
79 83 0 8 0.93646043539
16 19 0 8 0.936047613621
17 21 0 8 0.935507655144
2 4 0 8 0.934448361397
50 54 0 8 0.932831525803
47 51 0 8 0.930377602577
19 23 0 8 0.929529726505
78 81 0 8 0.929411292076
44 47 0 8 0.927562713623
16 20 0 8 0.925652623177
78 82 0 8 0.922761797905
14 16 0 8 0.918438374996
22 26 0 8 0.917825996876
53 55 0 8 0.914523899555
18 22 0 8 0.912116825581
6 35 0 8 0.910213470459
82 86 0 8 0.909558653831
23 27 0 8 0.908608913422
52 56 0 8 0.907226026058
46 49 0 8 0.903883993626
24 29 0 8 0.903639018536
44 48 0 8 0.902136743069
6 33 0 8 0.900289177895
53 56 0 8 0.8992882967
9 11 0 8 0.897695541382
84 86 0 8 0.897486805916
4 6 0 8 0.894563496113
80 84 0 8 0.894085466862
69 75 0 8 0.891790926456
67 77 0 8 0.888453364372
71 73 0 8 0.887467563152
54 56 0 8 0.887371599674
32 34 0 8 0.884109377861
35 37 0 8 0.883413791656
67 69 0 8 0.873025536537
3 32 0 8 0.872983932495
75 77 0 8 0.867365956306
61 63 0 8 0.866497278214
7 36 0 8 0.858405172825
59 61 0 8 0.855265438557
8 35 0 8 0.851508617401
3 5 0 8 0.850920557976
33 35 0 8 0.850310385227
66 78 0 8 0.84584069252
6 36 0 8 0.840504586697
7 35 0 8 0.839185297489
39 41 0 8 0.837014496326
70 76 0 8 0.832944393158
21 33 0 8 0.830190598965
85 87 0 8 0.830013811588
81 85 0 8 0.82813167572
20 68 0 8 0.824259877205
34 36 0 8 0.823445379734
68 70 0 8 0.822507739067
20 82 0 8 0.817939758301
3 34 0 8 0.815051078796
38 40 0 8 0.813529074192
12 14 0 8 0.812530934811
46 50 0 8 0.812296032906
7 65 0 8 0.800887167454
68 76 0 8 0.80071157217
5 36 0 8 0.800470650196
24 31 0 8 0.793013632298
11 13 0 8 0.78977227211
45 49 0 8 0.788042843342
63 65 0 8 0.784034788609
5 7 0 8 0.779814779758
66 68 0 8 0.778185367584
57 59 0 8 0.776959955692
73 75 0 8 0.776560544968
70 72 0 8 0.77582025528
15 17 0 8 0.775476276875
26 28 0 8 0.76602435112
6 8 0 8 0.76350402832
64 66 0 8 0.761596679688
67 76 0 8 0.759928584099
8 10 0 8 0.75985366106
65 67 0 8 0.756465375423
68 75 0 8 0.755040287971
42 44 0 8 0.754120647907
14 17 0 8 0.754086911678
1 3 0 8 0.752406358719
40 42 0 8 0.750202596188
72 74 0 8 0.74812990427
25 31 0 8 0.744350910187
6 34 0 8 0.742882072926
62 64 0 8 0.739802241325
41 43 0 8 0.737324476242
74 76 0 8 0.736386954784
58 60 0 8 0.734757006168
55 57 0 8 0.727402925491
76 78 0 8 0.724547147751
20 79 0 8 0.714483559132
2 29 0 8 0.710987508297
84 87 0 8 0.705346763134
36 38 0 8 0.704348683357
7 9 0 8 0.700256466866
83 87 0 8 0.697380781174
56 58 0 8 0.696224868298
62 67 0 8 0.688627064228
15 18 0 8 0.680334985256
19 79 0 8 0.678562104702
25 28 0 8 0.677071332932
30 32 0 8 0.677033424377
77 79 0 8 0.67649191618
60 62 0 8 0.674687922001
4 24 0 8 0.671707391739
10 12 0 8 0.65439748764
3 69 0 8 0.647462427616
16 65 0 8 0.643664896488
4 33 0 8 0.642964720726
13 15 0 8 0.641726911068
68 77 0 8 0.639121055603
16 64 0 8 0.633891046047
69 71 0 8 0.62276494503
37 39 0 8 0.618117272854
4 68 0 8 0.615633547306
5 69 0 8 0.60788589716
43 48 0 8 0.607832312584
70 73 0 8 0.606698870659
69 76 0 8 0.602627933025
23 79 0 8 0.600656270981
28 30 0 8 0.599172830582
36 65 0 8 0.596708118916
4 14 0 8 0.594253063202
43 47 0 8 0.58832347393
64 78 0 8 0.577482044697
15 19 0 8 0.573395550251
16 79 0 8 0.570700764656
7 37 0 8 0.568552494049
24 30 0 8 0.564725995064
66 77 0 8 0.537566840649
69 73 0 8 0.529914677143
69 77 0 8 0.529496788979
6 21 0 8 0.528275549412
77 81 0 8 0.514651060104
21 31 0 8 0.508512794971
65 78 0 8 0.506335258484
38 41 0 8 0.506329536438
69 74 0 8 0.504866182804
4 31 0 8 0.495025366545
5 14 0 8 0.492937028408
24 28 0 8 0.476171821356
6 11 0 8 0.463154643774
4 34 0 8 0.445721119642
8 11 0 8 0.440583378077
3 14 0 8 0.435197740793
7 11 0 8 0.431052446365
6 12 0 8 0.424919247627
5 33 0 8 0.419020831585
25 29 0 8 0.416187137365
23 29 0 8 0.400877684355
6 17 0 8 0.397688180208
4 32 0 8 0.397621065378
2 14 0 8 0.390262365341
35 38 0 8 0.38601025939
6 63 0 8 0.38408485055
52 57 0 8 0.380047291517
3 31 0 8 0.376706719398
53 57 0 8 0.376573383808
24 82 0 8 0.374241441488
7 13 0 8 0.372282326221
70 74 0 8 0.368101894855
4 13 0 8 0.363490849733
7 64 0 8 0.35924577713
67 78 0 8 0.35797855258
5 66 0 8 0.354334056377
37 41 0 8 0.353079617023
52 58 0 8 0.352777153254
66 76 0 8 0.346786886454
2 31 0 8 0.343384921551
70 75 0 8 0.338958054781
3 33 0 8 0.337773233652
43 45 0 8 0.337680459023
14 18 0 8 0.333034783602
8 37 0 8 0.331599801779
64 77 0 8 0.32343968749
6 66 0 8 0.319067180157
2 32 0 8 0.315830409527
38 42 0 8 0.309907019138
66 79 0 8 0.294183015823
37 43 0 8 0.292639344931
7 66 0 8 0.291931003332
77 82 0 8 0.288552224636
6 14 0 8 0.285020112991
36 39 0 8 0.283376783133
19 83 0 8 0.276925981045
16 62 0 8 0.273715019226
37 40 0 8 0.273105800152
7 63 0 8 0.269468337297
6 62 0 8 0.268734812737
14 66 0 8 0.268210709095
4 76 0 8 0.267215788364
24 68 0 8 0.264392316341
59 63 0 8 0.261457085609
39 42 0 8 0.258396267891
2 30 0 8 0.257288575172
6 9 0 8 0.257222235203
7 12 0 8 0.252474427223
5 12 0 8 0.250499606133
37 42 0 8 0.250353723764
12 38 0 8 0.247820064425
7 10 0 8 0.240517795086
20 76 0 8 0.239851430058
54 57 0 8 0.239604055882
3 70 0 8 0.238069444895
16 66 0 8 0.232823714614
56 59 0 8 0.23236516118
14 19 0 8 0.23039381206
2 15 0 8 0.228014662862
52 59 0 8 0.227987408638
4 66 0 8 0.22673869133
5 67 0 8 0.223118498921
6 10 0 8 0.222679495811
5 13 0 8 0.220993310213
68 78 0 8 0.220442503691
40 43 0 8 0.220392048359
42 47 0 8 0.219171226025
57 60 0 8 0.218799307942
8 13 0 8 0.215853139758
62 75 0 8 0.214481890202
6 65 0 8 0.212989762425
3 16 0 8 0.212800830603
5 11 0 8 0.212581038475
16 63 0 8 0.211890220642
59 64 0 8 0.207754120231
1 31 0 8 0.204810023308
5 68 0 8 0.20191565156
7 16 0 8 0.201614275575
39 43 0 8 0.201298832893
14 65 0 8 0.199382126331
58 61 0 8 0.199107974768
64 67 0 8 0.198759526014
9 12 0 8 0.198117122054
48 63 0 8 0.197718337178
17 65 0 8 0.197222307324
17 66 0 8 0.196913063526
65 75 0 8 0.196236431599
2 68 0 8 0.194857344031
4 12 0 8 0.193233057857
2 16 0 8 0.190992623568
5 17 0 8 0.189880728722
63 79 0 8 0.188798069954
36 43 0 8 0.187571004033
76 82 0 8 0.187077894807
60 63 0 8 0.18583419919
6 13 0 8 0.184744521976
41 44 0 8 0.179551884532
4 65 0 8 0.178999647498
36 41 0 8 0.178432583809
20 66 0 8 0.178091943264
59 62 0 8 0.177569448948
5 31 0 8 0.176293939352
38 43 0 8 0.173921346664
56 61 0 8 0.173316627741
71 74 0 8 0.173086941242
13 37 0 8 0.172220006585
2 33 0 8 0.170973569155
13 18 0 8 0.170890763402
76 81 0 8 0.170020729303
65 79 0 8 0.169772297144
57 61 0 8 0.169750615954
42 48 0 8 0.169219851494
60 64 0 8 0.167305752635
2 69 0 8 0.16624301672
65 76 0 8 0.16568158567
1 32 0 8 0.163085192442
3 30 0 8 0.161441475153
2 70 0 8 0.160132080317
72 75 0 8 0.157503738999
52 65 0 8 0.157138720155
12 37 0 8 0.156985238194
23 82 0 8 0.156975969672
3 54 0 8 0.15686032176
42 45 0 8 0.154191419482
4 67 0 8 0.153235703707
14 78 0 8 0.153206542134
3 13 0 8 0.150524243712
63 66 0 8 0.149556785822
58 62 0 8 0.149219751358
5 65 0 8 0.147257477045
61 64 0 8 0.146459504962
5 63 0 8 0.146004498005
1 16 0 8 0.14568978548
36 40 0 8 0.144292086363
58 63 0 8 0.142486527562
59 65 0 8 0.141810417175
4 20 0 8 0.1416374892
2 13 0 8 0.140707492828
8 65 0 8 0.140649750829
66 82 0 8 0.140318244696
1 30 0 8 0.139675363898
36 47 0 8 0.139022514224
2 71 0 8 0.138807982206
7 38 0 8 0.13871704042
13 16 0 8 0.138634711504
5 73 0 8 0.137971118093
12 17 0 8 0.136549696326
55 59 0 8 0.136444494128
5 32 0 8 0.135970786214
56 60 0 8 0.135621577501
4 77 0 8 0.135364964604
36 42 0 8 0.13493168354
68 74 0 8 0.134806066751
4 35 0 8 0.134322941303
24 33 0 8 0.133504509926
5 51 0 8 0.13313151896
25 30 0 8 0.131875157356
38 44 0 8 0.130480930209
3 36 0 8 0.129486590624
77 80 0 8 0.129428207874
20 64 0 8 0.128718107939
58 64 0 8 0.1279296875
15 62 0 8 0.127345725894
2 34 0 8 0.127308368683
5 75 0 8 0.126217514277
36 48 0 8 0.12594974041
11 37 0 8 0.124525226653
55 65 0 8 0.122980564833
2 17 0 8 0.122627399862
37 44 0 8 0.122591085732
17 63 0 8 0.120733082294
69 72 0 8 0.120484545827
12 41 0 8 0.120365433395
8 12 0 8 0.118589401245
13 65 0 8 0.118441417813
23 76 0 8 0.118327081203
34 47 0 8 0.117922194302
57 63 0 8 0.117829062045
4 15 0 8 0.117230281234
7 14 0 8 0.115203030407
1 70 0 8 0.113757506013
40 44 0 8 0.113524869084
48 82 0 8 0.112864159048
66 75 0 8 0.112586684525
53 59 0 8 0.112427689135
23 86 0 8 0.110343597829
24 32 0 8 0.109024874866
13 17 0 8 0.108916051686
2 78 0 8 0.108833909035
14 64 0 8 0.108608558774
1 36 0 8 0.107067748904
68 79 0 8 0.106867007911
15 20 0 8 0.106583684683
17 62 0 8 0.105932436883
23 64 0 8 0.105193682015
3 77 0 8 0.105068124831
5 76 0 8 0.104086555541
70 85 0 8 0.103890798986
3 76 0 8 0.103407077491
23 83 0 8 0.102448455989
52 63 0 8 0.101176187396
53 58 0 8 0.101009659469
39 44 0 8 0.100131541491
76 85 0 8 0.0996418595314
59 66 0 8 0.0986713394523
5 9 0 8 0.0985561311245
55 61 0 8 0.0982743874192
20 31 0 8 0.0972429737449
16 78 0 8 0.096938945353
4 17 0 8 0.0963210165501
36 44 0 8 0.096247702837
2 86 0 8 0.0958139821887
2 76 0 8 0.0954215750098
4 86 0 8 0.0951440706849
43 51 0 8 0.094038143754
55 69 0 8 0.0934702008963
16 77 0 8 0.0934430062771
5 35 0 8 0.0929639190435
70 82 0 8 0.0918241590261
10 13 0 8 0.0908539295197
14 68 0 8 0.0905573368073
58 66 0 8 0.0901484340429
56 65 0 8 0.08914604038
62 66 0 8 0.0887229964137
8 36 0 8 0.0883495360613
41 47 0 8 0.0877429693937
3 29 0 8 0.0877036452293
8 33 0 8 0.0875943079591
61 65 0 8 0.0875934883952
20 62 0 8 0.0871194452047
41 48 0 8 0.0868840813637
55 62 0 8 0.086457721889
34 86 0 8 0.0863748267293
7 68 0 8 0.0863527953625
7 67 0 8 0.0856889337301
58 65 0 8 0.0849167481065
4 69 0 8 0.0844659432769
1 69 0 8 0.0833801776171
52 86 0 8 0.0823797285557
2 36 0 8 0.0812801942229
5 8 0 8 0.0811136811972
36 70 0 8 0.0811076909304
1 14 0 8 0.0808127224445
11 14 0 8 0.0807857066393
16 71 0 8 0.0805684104562
6 67 0 8 0.0800691097975
1 33 0 8 0.0797541812062
66 81 0 8 0.0794012770057
13 35 0 8 0.0790691301227
11 65 0 8 0.0787917375565
1 15 0 8 0.0786889865994
51 56 0 8 0.0786800533533
38 45 0 8 0.0784507021308
1 37 0 8 0.0781482160091
31 86 0 8 0.0776352956891
54 69 0 8 0.0775305628777
57 62 0 8 0.0772415101528
63 67 0 8 0.0771325975657
48 79 0 8 0.0769607201219
56 67 0 8 0.0766251087189
62 65 0 8 0.0765465423465
4 70 0 8 0.0761616155505
29 51 0 8 0.0760175064206
14 67 0 8 0.0758581459522
37 48 0 8 0.0757367908955
2 24 0 8 0.0754122883081
51 75 0 8 0.0752549096942
6 31 0 8 0.075242549181
16 61 0 8 0.0748487189412
3 66 0 8 0.0738521590829
60 65 0 8 0.0735820308328
41 45 0 8 0.0734720751643
1 78 0 8 0.0733485966921
23 31 0 8 0.0732457488775
71 75 0 8 0.0729406028986
1 79 0 8 0.0728943124413
14 36 0 8 0.072581268847
36 45 0 8 0.0724807307124
73 76 0 8 0.072346329689
2 77 0 8 0.0719359144568
65 77 0 8 0.0715403333306
15 65 0 8 0.0714403092861
36 51 0 8 0.0708971321583
55 63 0 8 0.0699868276715
35 39 0 8 0.0699048042297
7 41 0 8 0.0698476359248
5 64 0 8 0.0697984546423
68 73 0 8 0.0697726756334
7 62 0 8 0.069685459137
68 81 0 8 0.06968075037
9 13 0 8 0.0695051625371
2 23 0 8 0.0690506920218
3 15 0 8 0.0690482407808
5 15 0 8 0.068932056427
5 61 0 8 0.0687701925635
41 76 0 8 0.068682089448
6 68 0 8 0.06825671345
24 34 0 8 0.0679644420743
48 62 0 8 0.0679625123739
2 79 0 8 0.0679587349296
8 14 0 8 0.0672348514199
4 21 0 8 0.0668183937669
36 86 0 8 0.0667983740568
11 39 0 8 0.0667821466923
62 69 0 8 0.0666475147009
24 86 0 8 0.0665769204497
23 68 0 8 0.0664167627692
55 60 0 8 0.0661178007722
55 66 0 8 0.0659074783325
2 66 0 8 0.0657878518105
17 76 0 8 0.0652649924159
54 59 0 8 0.0650237575173
1 29 0 8 0.0647511705756
55 67 0 8 0.0641517937183
6 64 0 8 0.064102396369
3 68 0 8 0.0638844594359
6 37 0 8 0.0638575255871
1 34 0 8 0.06336466223
67 82 0 8 0.0631174147129
68 72 0 8 0.0631158649921
76 79 0 8 0.0628856047988
51 85 0 8 0.0621795393527
5 62 0 8 0.0621684938669
2 85 0 8 0.0620696507394
15 66 0 8 0.0619952119887
1 71 0 8 0.0617581494153
4 16 0 8 0.0617262199521
37 45 0 8 0.0616989918053
4 29 0 8 0.0615236274898
70 77 0 8 0.0614616721869
68 71 0 8 0.0613790862262
66 86 0 8 0.0613133460283
14 20 0 8 0.060770329088
1 77 0 8 0.0604986213148
37 70 0 8 0.0604444555938
6 61 0 8 0.0602919645607
15 63 0 8 0.060248836875
16 81 0 8 0.0600629858673
61 66 0 8 0.0600538551807
62 80 0 8 0.0595797821879
24 55 0 8 0.0595737993717
61 79 0 8 0.0593105107546
14 77 0 8 0.0591761507094
61 69 0 8 0.0591705776751
57 65 0 8 0.0590315423906
34 85 0 8 0.0589563772082
14 63 0 8 0.0589368008077
3 78 0 8 0.0587115101516
7 71 0 8 0.0584557317197
7 77 0 8 0.0583692118526
14 79 0 8 0.058181848377
35 42 0 8 0.0581449121237
55 58 0 8 0.0580007769167
65 86 0 8 0.0580004900694
64 76 0 8 0.0579354800284
63 81 0 8 0.0576890856028
4 11 0 8 0.0573769696057
67 80 0 8 0.0573237016797
7 69 0 8 0.0570376887918
6 71 0 8 0.0570153035223
61 68 0 8 0.0568767525256
36 66 0 8 0.056542981416
4 75 0 8 0.0562888048589
8 63 0 8 0.0559708550572
4 64 0 8 0.0559682324529
7 61 0 8 0.0558183901012
55 71 0 8 0.0557849407196
68 86 0 8 0.0557781942189
51 67 0 8 0.0557716935873
5 77 0 8 0.0557555966079
62 68 0 8 0.0557345151901
14 69 0 8 0.0556152947247
41 72 0 8 0.0554848350585
11 38 0 8 0.0552551783621
51 86 0 8 0.05493138358
71 76 0 8 0.0548425130546
16 76 0 8 0.054697971791
33 86 0 8 0.0545729473233
55 85 0 8 0.0544321238995
20 86 0 8 0.0543383993208
43 71 0 8 0.0542999431491
27 31 0 8 0.0542948693037
17 75 0 8 0.0542670153081
12 15 0 8 0.0542344748974
40 48 0 8 0.053635571152
14 71 0 8 0.0535301156342
35 41 0 8 0.0531816743314
5 70 0 8 0.053036455065
5 44 0 8 0.0528004281223
69 82 0 8 0.0527895539999
27 86 0 8 0.0527264289558
42 78 0 8 0.0525684170425
26 31 0 8 0.0525369681418
27 30 0 8 0.0523639582098
56 63 0 8 0.0523043423891
13 69 0 8 0.0521737150848
17 33 0 8 0.0521308630705
4 36 0 8 0.0521303117275
55 86 0 8 0.0520745068789
29 86 0 8 0.0519771464169
62 79 0 8 0.0515515208244
34 51 0 8 0.0514320246875
68 85 0 8 0.0513705313206
7 31 0 8 0.0510921254754
17 34 0 8 0.0510335043073
12 42 0 8 0.0509317144752
39 47 0 8 0.0509210191667
74 77 0 8 0.050891507417
34 82 0 8 0.0508276559412
36 71 0 8 0.0508258864284
41 78 0 8 0.0506865009665
37 71 0 8 0.0505445040762
34 68 0 8 0.0505332127213
56 62 0 8 0.0503818020225
72 76 0 8 0.0503426417708
5 43 0 8 0.050259321928
64 79 0 8 0.0502553395927
11 17 0 8 0.0497810728848
7 42 0 8 0.0497390218079
17 78 0 8 0.0497264713049
34 63 0 8 0.049587674439
2 37 0 8 0.0494070127606
56 69 0 8 0.0493984520435
1 73 0 8 0.0493345744908
54 86 0 8 0.0492725931108
51 57 0 8 0.0492344982922
2 65 0 8 0.0492126196623
55 64 0 8 0.0491890273988
57 64 0 8 0.04901406914
34 42 0 8 0.0487805455923
37 47 0 8 0.0487129092216
23 85 0 8 0.0485312007368
3 35 0 8 0.0483318716288
38 71 0 8 0.0481552705169
43 78 0 8 0.0480855070055
52 61 0 8 0.0480259768665
65 82 0 8 0.0478611811996
37 73 0 8 0.0478111729026
41 77 0 8 0.0477270931005
15 64 0 8 0.0475322529674
59 80 0 8 0.0474843941629
43 76 0 8 0.0473112426698
7 43 0 8 0.047236546874
67 79 0 8 0.0472037680447
38 72 0 8 0.0471579357982
11 35 0 8 0.0467738211155
42 76 0 8 0.0467344522476
3 17 0 8 0.0466838143766
3 71 0 8 0.0464623384178
20 69 0 8 0.0464379861951
75 81 0 8 0.0458931811154
15 71 0 8 0.0457985438406
5 86 0 8 0.0457326173782
20 61 0 8 0.0456978529692
14 43 0 8 0.0456798709929
57 79 0 8 0.0456392914057
17 64 0 8 0.0456298105419
5 42 0 8 0.0454443953931
36 76 0 8 0.0453746542335
38 47 0 8 0.0452896133065
31 47 0 8 0.0452452525496
64 80 0 8 0.0452315062284
1 35 0 8 0.0451052561402
66 69 0 8 0.0449784845114
8 42 0 8 0.0446145646274
66 85 0 8 0.0444165952504
17 61 0 8 0.0442021861672
36 68 0 8 0.0441827997565
5 10 0 8 0.0441737771034
62 81 0 8 0.0441734939814
19 62 0 8 0.0440983623266
56 66 0 8 0.0439613386989
4 30 0 8 0.0439412891865
52 60 0 8 0.0438432879746
17 36 0 8 0.0438346043229
42 77 0 8 0.0438302792609
20 63 0 8 0.0436103530228
39 45 0 8 0.0434272624552
3 12 0 8 0.0428209342062
51 68 0 8 0.0427499748766
20 34 0 8 0.0427237786353
27 54 0 8 0.0426692068577
13 71 0 8 0.0426543839276
56 64 0 8 0.0425628945231
41 75 0 8 0.0424872413278
40 45 0 8 0.0424407944083
57 66 0 8 0.0423808321357
12 16 0 8 0.0422291457653
5 55 0 8 0.0421562418342
1 38 0 8 0.0421066023409
35 43 0 8 0.0417724661529
66 80 0 8 0.0417132042348
60 66 0 8 0.0416167713702
33 47 0 8 0.0415732786059
6 41 0 8 0.0415256917477
14 41 0 8 0.0414972230792
2 67 0 8 0.0414185151458
62 78 0 8 0.0413889959455
51 76 0 8 0.0413372516632
70 86 0 8 0.0412237681448
12 18 0 8 0.041072152555
12 81 0 8 0.0410227589309
6 20 0 8 0.0409718900919
14 75 0 8 0.04096570611
4 85 0 8 0.0409353524446
36 67 0 8 0.0409218147397
51 66 0 8 0.040835339576
61 67 0 8 0.0407021678984
34 76 0 8 0.0406449176371
75 79 0 8 0.0403830446303
51 59 0 8 0.04027088359
31 54 0 8 0.0400925576687
34 44 0 8 0.0398924909532
33 48 0 8 0.0397430807352
29 59 0 8 0.0396781377494
12 20 0 8 0.0396370887756
52 79 0 8 0.0396222956479
34 48 0 8 0.0396012738347
36 85 0 8 0.0395752899349
36 63 0 8 0.0394584909081
14 76 0 8 0.0393584482372
59 69 0 8 0.039318010211
2 64 0 8 0.0392403490841
5 54 0 8 0.0391466580331
8 61 0 8 0.0391147993505
20 65 0 8 0.0390987731516
5 71 0 8 0.0388648509979
69 78 0 8 0.0387853197753
48 64 0 8 0.0384801253676
42 75 0 8 0.0384276919067
9 14 0 8 0.038077019155
5 20 0 8 0.0378346480429
4 23 0 8 0.0378132201731
36 75 0 8 0.03770955652
54 58 0 8 0.0376259237528
34 45 0 8 0.0374645404518
64 75 0 8 0.037398353219
40 47 0 8 0.0373636744916
19 66 0 8 0.0373516865075
35 40 0 8 0.0373455770314
43 46 0 8 0.037331096828
41 71 0 8 0.0372515842319
11 19 0 8 0.0372259095311
5 16 0 8 0.0371610485017
70 78 0 8 0.0371551513672
24 51 0 8 0.0370907746255
24 66 0 8 0.036895044148
6 15 0 8 0.0368502028286
16 36 0 8 0.036782886833
17 68 0 8 0.0367527157068
5 52 0 8 0.0367091037333
34 41 0 8 0.0364121682942
54 63 0 8 0.0362403281033
20 71 0 8 0.0362297259271
23 63 0 8 0.036176584661
26 29 0 8 0.0361559092999
37 72 0 8 0.0360952578485
16 60 0 8 0.036070510745
3 75 0 8 0.0360455028713
40 71 0 8 0.0359667278826
42 51 0 8 0.0359251759946
51 63 0 8 0.0358371660113
37 86 0 8 0.0358206294477
23 67 0 8 0.0358016341925
29 32 0 8 0.0357039794326
35 86 0 8 0.0356892645359
14 62 0 8 0.0354641638696
21 62 0 8 0.0353481918573
65 68 0 8 0.0353269316256
6 32 0 8 0.0351971611381
64 68 0 8 0.035155300051
7 15 0 8 0.0349534600973
23 71 0 8 0.0348371788859
6 70 0 8 0.0346525683999
1 17 0 8 0.0346190743148
63 82 0 8 0.0345972217619
31 78 0 8 0.0345388315618
11 40 0 8 0.0345296449959
39 71 0 8 0.0344848185778
43 74 0 8 0.0344155840576
67 86 0 8 0.0342948623002
12 76 0 8 0.0342035293579
15 79 0 8 0.0341418683529
82 87 0 8 0.0340978652239
36 82 0 8 0.0340953916311
15 81 0 8 0.033978022635
24 64 0 8 0.0337889678776
24 65 0 8 0.0337367318571
13 36 0 8 0.033635571599
42 46 0 8 0.0335965119302
3 73 0 8 0.0335677042603
7 48 0 8 0.0335427112877
6 38 0 8 0.0334872640669
42 63 0 8 0.0333816185594
36 61 0 8 0.0333801358938
27 71 0 8 0.0333646163344
42 79 0 8 0.0333433784544
19 71 0 8 0.0332314260304
64 82 0 8 0.0330540798604
1 66 0 8 0.0329149365425
17 51 0 8 0.0329104810953
23 28 0 8 0.032615955919
6 69 0 8 0.0325720049441
42 65 0 8 0.0325213074684
12 63 0 8 0.0324281938374
64 69 0 8 0.0322013236582
31 34 0 8 0.0320868417621
13 38 0 8 0.0319996103644
12 35 0 8 0.0319912023842
12 69 0 8 0.0318631455302
23 55 0 8 0.0317918881774
31 68 0 8 0.0317328050733
8 38 0 8 0.0317260064185
49 63 0 8 0.0316985286772
51 65 0 8 0.0316743627191
73 77 0 8 0.0316638834774
63 68 0 8 0.031634233892
65 85 0 8 0.0315817184746
38 73 0 8 0.0314999744296
14 82 0 8 0.0314864069223
63 86 0 8 0.0314378477633
75 78 0 8 0.0314056128263
16 68 0 8 0.031405556947
64 85 0 8 0.0313965789974
52 76 0 8 0.0313236787915
8 64 0 8 0.0312918424606
77 85 0 8 0.0312788672745
12 75 0 8 0.0310378801078
63 78 0 8 0.0310152806342
1 68 0 8 0.0308874826878
32 76 0 8 0.0307289902121
23 75 0 8 0.0305206999183
15 77 0 8 0.0301748197526
19 61 0 8 0.0301377158612
15 76 0 8 0.0300471354276
38 48 0 8 0.0299970768392
54 85 0 8 0.0299818329513
13 41 0 8 0.029948387295
6 42 0 8 0.0298582948744
5 79 0 8 0.0298291798681
36 77 0 8 0.0296528190374
33 63 0 8 0.0295749325305
16 41 0 8 0.0295288339257
23 66 0 8 0.029474934563
15 67 0 8 0.0294647999108
43 86 0 8 0.0294260457158
54 60 0 8 0.0294223558158
34 43 0 8 0.0294048208743
17 71 0 8 0.0293775200844
52 85 0 8 0.0293265338987
70 81 0 8 0.0293106101453
42 86 0 8 0.0290471315384
42 74 0 8 0.0289757922292
76 80 0 8 0.0289745721966
43 63 0 8 0.0285981874913
6 16 0 8 0.0284242704511
7 75 0 8 0.028416370973
23 34 0 8 0.0283662807196
71 77 0 8 0.0283179972321
20 67 0 8 0.0281853601336
7 34 0 8 0.0280140899122
14 86 0 8 0.0279184672982
12 68 0 8 0.0278830043972
7 33 0 8 0.0278789196163
4 51 0 8 0.0278608072549
42 71 0 8 0.0278093423694
64 81 0 8 0.0277330353856
39 75 0 8 0.0277034137398
43 75 0 8 0.0276585333049
29 79 0 8 0.0276122838259
20 51 0 8 0.0275666397065
2 75 0 8 0.0275643449277
1 4 0 8 0.0275037046522
17 82 0 8 0.0274914633483
20 77 0 8 0.0273316353559
36 73 0 8 0.0273260902613
23 61 0 8 0.0273141860962
41 65 0 8 0.0272636450827
10 14 0 8 0.0270610041916
23 69 0 8 0.0270521789789
24 54 0 8 0.0270519219339
14 74 0 8 0.0270020719618
51 64 0 8 0.0269988887012
31 79 0 8 0.0269409511238
55 82 0 8 0.0268314275891
5 74 0 8 0.0268005803227
3 72 0 8 0.0267933607101
20 83 0 8 0.0267519205809
2 35 0 8 0.0266790166497
60 67 0 8 0.0265098121017
9 71 0 8 0.0265032108873
1 65 0 8 0.026469675824
7 17 0 8 0.0263249576092
54 65 0 8 0.0263177584857
20 55 0 8 0.0261779762805
33 68 0 8 0.0261548589915
12 65 0 8 0.0261450707912
16 67 0 8 0.0261313803494
48 61 0 8 0.0260967165232
51 82 0 8 0.026085531339
13 75 0 8 0.0260313507169
7 39 0 8 0.0259840991348
5 82 0 8 0.0259426161647
30 71 0 8 0.0258746314794
18 33 0 8 0.0258559174836
39 46 0 8 0.0257986672223
3 65 0 8 0.0257933326066
25 33 0 8 0.0256593320519
1 67 0 8 0.0256376434118
55 68 0 8 0.0255975686014
9 36 0 8 0.0255924239755
42 80 0 8 0.0255477000028
24 58 0 8 0.0255330428481
23 62 0 8 0.0255229473114
42 64 0 8 0.0254714917392
6 51 0 8 0.0254669059068
38 46 0 8 0.0254218671471
34 75 0 8 0.0253736991435
52 68 0 8 0.0253656879067
33 85 0 8 0.0253608189523
34 61 0 8 0.0253046881407
34 66 0 8 0.0250801909715
15 61 0 8 0.0250458195806
2 19 0 8 0.0250316411257
14 81 0 8 0.0249753613025
16 57 0 8 0.0249716807157
29 85 0 8 0.0249113384634
34 59 0 8 0.0249080378562
17 79 0 8 0.0248966105282
64 86 0 8 0.024727134034
75 80 0 8 0.0247019901872
12 19 0 8 0.024680018425
32 86 0 8 0.0246401429176
34 65 0 8 0.0246165506542
14 70 0 8 0.0246081780642
17 86 0 8 0.0245578102767
42 69 0 8 0.0245171356946
8 39 0 8 0.0245145857334
5 48 0 8 0.0244898870587
41 69 0 8 0.0244620777667
13 39 0 8 0.0244088694453
34 79 0 8 0.0243638921529
42 68 0 8 0.0243254806846
13 70 0 8 0.0243182405829
14 80 0 8 0.0243037752807
60 77 0 8 0.0242999643087
42 70 0 8 0.0242839753628
11 69 0 8 0.0242546238005
36 72 0 8 0.0242338012904
33 65 0 8 0.0242014266551
5 59 0 8 0.0241194032133
59 79 0 8 0.0240720417351
3 6 0 8 0.0240579526871
6 18 0 8 0.0240503512323
42 82 0 8 0.0240141712129
20 78 0 8 0.0240072328597
27 85 0 8 0.0239518657327
8 17 0 8 0.0239319931716
19 64 0 8 0.0238979496062
17 77 0 8 0.0238781701773
15 75 0 8 0.0238493401557
54 64 0 8 0.0238487161696
7 20 0 8 0.0237326752394
13 63 0 8 0.0235955808312
6 76 0 8 0.0235807653517
35 44 0 8 0.023455535993
16 75 0 8 0.023407286033
61 78 0 8 0.0233891773969
21 34 0 8 0.0233673695475
34 64 0 8 0.0232674758881
63 77 0 8 0.0231740679592
41 81 0 8 0.0231597423553
15 80 0 8 0.0231272410601
53 63 0 8 0.0230795964599
16 43 0 8 0.0230321139097
43 68 0 8 0.023027382791
27 79 0 8 0.0230120774359
4 82 0 8 0.022991001606
43 77 0 8 0.0229404624552
23 70 0 8 0.0229251626879
7 76 0 8 0.0228810012341
27 32 0 8 0.0228610727936
48 66 0 8 0.0228335168213
38 63 0 8 0.0228251833469
43 66 0 8 0.0228225719184
8 15 0 8 0.022821046412
52 64 0 8 0.0228050164878
29 82 0 8 0.0227690096945
5 85 0 8 0.0227138046175
5 78 0 8 0.0226534903049
9 16 0 8 0.0226357504725
37 75 0 8 0.0225974041969
31 51 0 8 0.0225879792124
27 59 0 8 0.0225680600852
43 65 0 8 0.0224855747074
59 67 0 8 0.0224446710199
6 77 0 8 0.0224235486239
36 69 0 8 0.0223664902151
43 85 0 8 0.0223617944866
14 85 0 8 0.0223594959825
12 77 0 8 0.0223541073501
43 82 0 8 0.0223293136805
13 80 0 8 0.0223232302815
67 81 0 8 0.0222716704011
7 79 0 8 0.0222091637552
12 36 0 8 0.0221610143781
32 44 0 8 0.0221551861614
27 87 0 8 0.0221417248249
51 69 0 8 0.0220261104405
1 80 0 8 0.0220122784376
61 86 0 8 0.0219842940569
3 20 0 8 0.0219136048108
35 85 0 8 0.0218361895531
31 58 0 8 0.0218307301402
7 74 0 8 0.0218133851886
16 48 0 8 0.0217895433307
7 51 0 8 0.0217520166188
17 67 0 8 0.0217224135995
48 78 0 8 0.021694585681
23 77 0 8 0.0216690804809
41 86 0 8 0.0216540247202
31 85 0 8 0.021597199142
2 63 0 8 0.0215784646571
11 15 0 8 0.0215439666063
49 62 0 8 0.021526362747
34 50 0 8 0.0215047653764
23 59 0 8 0.021499928087
34 67 0 8 0.0214953459799
2 18 0 8 0.0214384105057
2 21 0 8 0.0214029978961
12 64 0 8 0.0213959291577
7 30 0 8 0.0213706418872
2 20 0 8 0.0213314369321
12 78 0 8 0.0213236417621
24 61 0 8 0.0212643761188
34 49 0 8 0.0211979970336
6 86 0 8 0.0211110860109
63 76 0 8 0.0210750997066
13 66 0 8 0.0210734270513
19 76 0 8 0.0210620891303
1 75 0 8 0.0210573691875
14 37 0 8 0.0210385005921
44 72 0 8 0.0210351273417
62 77 0 8 0.021003857255
6 43 0 8 0.0209641736001
9 35 0 8 0.0208965837955
13 67 0 8 0.0208880789578
7 73 0 8 0.0208292361349
34 39 0 8 0.0207756590098
6 48 0 8 0.0207747966051
16 37 0 8 0.0207255445421
11 70 0 8 0.0207084137946
14 35 0 8 0.0206620860845
9 15 0 8 0.020615009591
6 74 0 8 0.0206104554236
12 70 0 8 0.0205975566059
48 65 0 8 0.0205490887165
30 86 0 8 0.020528415218
2 82 0 8 0.0205223243684
2 27 0 8 0.0204814281315
52 66 0 8 0.0204613860697
23 58 0 8 0.0204310398549
13 68 0 8 0.0203923825175
33 69 0 8 0.0203864760697
61 75 0 8 0.0203770715743
28 31 0 8 0.020365504548
34 55 0 8 0.0203261617571
13 77 0 8 0.0203154589981
31 48 0 8 0.0203024093062
12 21 0 8 0.020276773721
8 16 0 8 0.0202500261366
61 82 0 8 0.0202294141054
29 54 0 8 0.020210089162
40 46 0 8 0.0202041938901
4 78 0 8 0.0201870724559
17 69 0 8 0.0201796703041
63 85 0 8 0.0201732683927
16 86 0 8 0.0201730206609
14 38 0 8 0.0201553646475
34 52 0 8 0.0201468952
33 43 0 8 0.0201112125069
20 70 0 8 0.0200567971915
16 70 0 8 0.0200406089425
8 72 0 8 0.0200389735401
1 72 0 8 0.0199721455574
17 81 0 8 0.0199613980949
59 68 0 8 0.0199608840048
37 85 0 8 0.0199489295483
15 78 0 8 0.0199364311993
3 79 0 8 0.0199102535844
40 74 0 8 0.0199036579579
26 32 0 8 0.0198934711516
15 68 0 8 0.0198468696326
7 45 0 8 0.0198334623128
7 78 0 8 0.0198108926415
8 31 0 8 0.0198007430881
39 72 0 8 0.0197981372476
7 59 0 8 0.0197627786547
23 30 0 8 0.0197555758059
8 71 0 8 0.0197527166456
20 36 0 8 0.0197514742613
24 59 0 8 0.0197398830205
2 72 0 8 0.0197247974575
43 67 0 8 0.0196637883782
44 71 0 8 0.0195885375142
60 79 0 8 0.0195379182696
8 41 0 8 0.019465399906
4 52 0 8 0.0194548889995
33 51 0 8 0.0194442700595
9 37 0 8 0.0194180179387
13 73 0 8 0.0194045174867
59 70 0 8 0.0193954948336
32 59 0 8 0.0193403828889
5 18 0 8 0.0193188879639
1 74 0 8 0.0193005446345
52 62 0 8 0.0192610248923
21 86 0 8 0.0192515011877
16 82 0 8 0.0192287191749
7 52 0 8 0.0192115008831
61 80 0 8 0.0191652849317
4 63 0 8 0.0191169977188
33 66 0 8 0.0190499275923
33 42 0 8 0.0190408769995
15 70 0 8 0.0190393850207
62 76 0 8 0.0190303791314
37 74 0 8 0.0190181788057
14 51 0 8 0.0189980044961
24 85 0 8 0.0189735367894
44 75 0 8 0.0189694222063
54 61 0 8 0.0189217813313
57 67 0 8 0.0189072694629
49 61 0 8 0.0188906900585
65 69 0 8 0.0188864320517
26 30 0 8 0.0188863538206
72 77 0 8 0.0188766662031
7 60 0 8 0.0188492070884
16 59 0 8 0.0188188515604
29 61 0 8 0.0187862496823
17 85 0 8 0.0187481064349
60 68 0 8 0.0187480878085
12 79 0 8 0.0187353733927
35 45 0 8 0.0187253989279
35 66 0 8 0.0187149345875
9 38 0 8 0.0187127683312
19 80 0 8 0.0186805129051
52 82 0 8 0.0186783187091
11 36 0 8 0.0186405330896
3 86 0 8 0.0186350699514
14 73 0 8 0.0186340454966
1 41 0 8 0.0186250656843
48 67 0 8 0.018621314317
43 79 0 8 0.018595777452
32 85 0 8 0.0185679644346
11 20 0 8 0.0185530912131
7 40 0 8 0.0185271762311
12 71 0 8 0.0184912607074
7 70 0 8 0.0184853672981
12 43 0 8 0.0184834264219
12 67 0 8 0.0184785015881
13 64 0 8 0.0184761174023
4 59 0 8 0.0184635035694
8 40 0 8 0.0184535011649
27 61 0 8 0.0184385869652
54 75 0 8 0.0184172131121
45 64 0 8 0.0184160619974
4 74 0 8 0.0183635763824
19 82 0 8 0.0183175485581
31 64 0 8 0.0183097906411
35 48 0 8 0.0182978361845
21 35 0 8 0.0182770658284
48 68 0 8 0.0182677321136
40 70 0 8 0.0182556547225
41 82 0 8 0.0182452388108
40 76 0 8 0.0181928612292
35 47 0 8 0.0181805118918
41 46 0 8 0.018161194399
8 34 0 8 0.0181593075395
16 69 0 8 0.0181237123907
34 69 0 8 0.018108477816
41 70 0 8 0.018050795421
59 75 0 8 0.0180215295404
60 78 0 8 0.0179918706417
33 82 0 8 0.0179910119623
37 69 0 8 0.0179582033306
1 86 0 8 0.0179444402456
43 73 0 8 0.0179416593164
16 58 0 8 0.0179304722697
7 86 0 8 0.0179051160812
57 69 0 8 0.0179018527269
2 81 0 8 0.0178878102452
44 86 0 8 0.0178732648492
23 81 0 8 0.0178551264107
49 59 0 8 0.0178128127009
70 79 0 8 0.0177747868001
3 59 0 8 0.0177712980658
60 75 0 8 0.0177284087986
61 76 0 8 0.0177268721163
1 76 0 8 0.0177143476903
40 78 0 8 0.0176725536585
38 75 0 8 0.0176651459187
12 86 0 8 0.0176597032696
20 85 0 8 0.0176532436162
63 69 0 8 0.017643166706
14 48 0 8 0.0176306813955
16 73 0 8 0.0176098830998
32 63 0 8 0.0175633113831
15 69 0 8 0.0175532586873
39 70 0 8 0.0175476837903
33 76 0 8 0.0174796748906
57 68 0 8 0.0174629259855
61 77 0 8 0.0174383185804
44 76 0 8 0.0174306873232
36 79 0 8 0.0174051038921
16 72 0 8 0.0173983443528
18 36 0 8 0.017368549481
6 47 0 8 0.0173651985824
71 78 0 8 0.0173612609506
19 60 0 8 0.0173578914255
13 19 0 8 0.017355337739
24 67 0 8 0.0173547379673
52 67 0 8 0.0173399932683
14 72 0 8 0.0173361897469
29 58 0 8 0.0173168182373
4 18 0 8 0.0172825455666
60 86 0 8 0.0172574818134
40 75 0 8 0.0171859767288
5 23 0 8 0.0171848256141
55 75 0 8 0.0171619839966
37 46 0 8 0.0171453822404
12 47 0 8 0.0170999057591
19 86 0 8 0.0170804429799
41 68 0 8 0.0170685909688
5 37 0 8 0.0170494318008
3 74 0 8 0.0170014481992
29 52 0 8 0.0169860664755
11 47 0 8 0.0169844664633
2 83 0 8 0.0169678982347
29 71 0 8 0.0169649645686
2 55 0 8 0.0168904606253
2 80 0 8 0.0168440360576
3 42 0 8 0.0168334133923
4 27 0 8 0.016813583672
2 52 0 8 0.0168040879071
6 75 0 8 0.0167751144618
19 85 0 8 0.0167392157018
3 67 0 8 0.0167269706726
43 87 0 8 0.0167166758329
26 85 0 8 0.0166867077351
36 74 0 8 0.0166798941791
51 77 0 8 0.016667984426
61 85 0 8 0.0166636183858
37 66 0 8 0.0166554953903
28 71 0 8 0.0166540723294
43 61 0 8 0.0166458580643
21 32 0 8 0.0166346076876
65 81 0 8 0.0166343338788
20 33 0 8 0.0166103374213
40 72 0 8 0.0165367368609
6 59 0 8 0.0165125112981
51 70 0 8 0.0164873637259
12 85 0 8 0.0164740551263
8 74 0 8 0.016436509788
23 78 0 8 0.0164249036461
16 85 0 8 0.0163714811206
39 69 0 8 0.0163550879806
38 70 0 8 0.0163444895297
40 73 0 8 0.0163269899786
13 42 0 8 0.0163209177554
67 70 0 8 0.0163117554039
61 70 0 8 0.0162785220891
13 76 0 8 0.0162569191307
41 74 0 8 0.0162270683795
55 79 0 8 0.0162073485553
60 76 0 8 0.0161717459559
1 42 0 8 0.0161563530564
43 69 0 8 0.0161531995982
12 62 0 8 0.016152318567
10 37 0 8 0.0161440614611
43 70 0 8 0.0161388143897
15 36 0 8 0.0161256529391
6 19 0 8 0.0161109305918
7 18 0 8 0.0161070059985
17 35 0 8 0.016101045534
5 57 0 8 0.0160985533148
37 65 0 8 0.0160954203457
31 55 0 8 0.0160895064473
8 73 0 8 0.0160831138492
31 76 0 8 0.0160701870918
8 59 0 8 0.0160686727613
5 50 0 8 0.0160621665418
27 33 0 8 0.0160580147058
32 48 0 8 0.0160577893257
2 73 0 8 0.0160505343229
32 47 0 8 0.0160479079932
59 78 0 8 0.0160285234451
40 77 0 8 0.0160222295672
4 55 0 8 0.016003664583
5 24 0 8 0.016000488773
29 57 0 8 0.0159951895475
29 70 0 8 0.0159914977849
45 65 0 8 0.0159869343042
10 17 0 8 0.0159810483456
11 18 0 8 0.0159640423954
40 68 0 8 0.0159606207162
12 66 0 8 0.0159526765347
36 87 0 8 0.0159468688071
48 85 0 8 0.0159332398325
1 64 0 8 0.0159187279642
20 81 0 8 0.0159082431346
40 69 0 8 0.0158758480102
27 51 0 8 0.0158731583506
29 33 0 8 0.0158633589745
37 81 0 8 0.0158309508115
11 48 0 8 0.015824733302
34 87 0 8 0.0158176999539
59 77 0 8 0.0157720092684
24 69 0 8 0.0157211124897
11 72 0 8 0.0157181918621
15 37 0 8 0.0156993381679
35 76 0 8 0.0156954787672
8 79 0 8 0.0156823787838
4 57 0 8 0.0156683847308
15 86 0 8 0.0156524498016
8 62 0 8 0.0156257785857
42 67 0 8 0.0156196113676
2 87 0 8 0.0155973620713
40 85 0 8 0.0155892809853
37 87 0 8 0.0155656179413
24 79 0 8 0.015552777797
30 33 0 8 0.0155411530286
48 76 0 8 0.0155366882682
19 68 0 8 0.0155340638012
25 32 0 8 0.0155292218551
51 78 0 8 0.0155181959271
3 64 0 8 0.0155116626993
13 81 0 8 0.0155095299706
5 47 0 8 0.0155042512342
4 38 0 8 0.0155009403825
5 80 0 8 0.0154946325347
23 33 0 8 0.0154473222792
7 85 0 8 0.015444711782
9 33 0 8 0.0154370199889
32 64 0 8 0.0153820291162
67 74 0 8 0.0153688620776
6 73 0 8 0.0153397945687
33 67 0 8 0.0153370155022
41 73 0 8 0.015325541608
31 75 0 8 0.0153025314212
15 41 0 8 0.0152993565425
38 74 0 8 0.0152969714254
33 64 0 8 0.0152544081211
14 34 0 8 0.0152411190793
24 63 0 8 0.0152271343395
9 17 0 8 0.0152207082137
11 71 0 8 0.0152090694755
69 86 0 8 0.0151975387707
58 78 0 8 0.0151872299612
64 87 0 8 0.0151787456125
47 68 0 8 0.0151726026088
19 59 0 8 0.015168491751
44 73 0 8 0.0151657564566
8 18 0 8 0.015165258199
2 5 0 8 0.0151183828712
2 48 0 8 0.0150790428743
41 85 0 8 0.0150757720694
23 51 0 8 0.0150318946689
39 73 0 8 0.015028427355
42 72 0 8 0.0150190927088
58 76 0 8 0.0149936480448
58 80 0 8 0.0149729447439
43 81 0 8 0.0149650415406
58 68 0 8 0.0149546135217
11 79 0 8 0.0149527387694
8 66 0 8 0.0149286463857
59 86 0 8 0.0149071961641
29 55 0 8 0.0149028273299
58 67 0 8 0.0149025544524
66 70 0 8 0.0148958154023
7 44 0 8 0.01488550473
22 86 0 8 0.0148854563013
6 78 0 8 0.0148849803954
27 82 0 8 0.0148755451664
9 21 0 8 0.0148625876755
14 42 0 8 0.014834491536
37 76 0 8 0.0148084238172
34 38 0 8 0.0148059818894
81 86 0 8 0.0148058841005
38 50 0 8 0.0148058636114
55 70 0 8 0.0147915147245
67 85 0 8 0.0147830257192
36 55 0 8 0.0147584667429
4 71 0 8 0.0147498585284
2 58 0 8 0.0147485695779
21 85 0 8 0.0147441634908
11 76 0 8 0.0147430282086
8 43 0 8 0.0147344823927
1 59 0 8 0.0147063490003
51 61 0 8 0.0147018246353
41 87 0 8 0.0146955121309
52 87 0 8 0.0146741997451
6 24 0 8 0.0146335158497
48 70 0 8 0.0146309165284
4 58 0 8 0.0146257001907
39 74 0 8 0.0146196400747
10 15 0 8 0.0146072395146
29 69 0 8 0.0145927099511
2 42 0 8 0.014592085965
10 35 0 8 0.0145346708596
12 39 0 8 0.0145327448845
19 70 0 8 0.0145305804908
3 24 0 8 0.0145111400634
12 23 0 8 0.0145095651969
17 70 0 8 0.0144827114418
38 86 0 8 0.0144806699827
13 59 0 8 0.0144683383405
16 34 0 8 0.014460330829
9 43 0 8 0.0144507316872
1 85 0 8 0.0144346999004
18 78 0 8 0.014378179796
7 32 0 8 0.0143649205565
8 70 0 8 0.0143542168662
29 62 0 8 0.0143347531557
41 80 0 8 0.0143344020471
44 78 0 8 0.014328812249
45 66 0 8 0.0143217081204
13 78 0 8 0.0143143935129
73 78 0 8 0.014302060008
12 45 0 8 0.0142835108563
8 60 0 8 0.0142488703132
43 80 0 8 0.0142392693087
39 48 0 8 0.0142353540286
33 59 0 8 0.0141954496503
1 24 0 8 0.0141709344462
11 43 0 8 0.0141705144197
7 58 0 8 0.0141662582755
75 82 0 8 0.0141611248255
20 75 0 8 0.0141594149172
1 63 0 8 0.0141558004543
49 64 0 8 0.0141317984089
3 85 0 8 0.0141268158332
5 29 0 8 0.0141266370192
42 85 0 8 0.0141120078042
14 47 0 8 0.0141109135002
16 38 0 8 0.0140911256894
36 52 0 8 0.014089290984
4 7 0 8 0.0140708489344
41 50 0 8 0.0140589792281
8 77 0 8 0.0140554048121
16 42 0 8 0.014053137973
31 83 0 8 0.0140276383609
54 62 0 8 0.0140196541324
1 23 0 8 0.0139905828983
74 78 0 8 0.0139825074002
13 86 0 8 0.0139816850424
15 43 0 8 0.0139659959823
14 58 0 8 0.0139571074396
4 81 0 8 0.0139445075765
24 52 0 8 0.0139438649639
52 77 0 8 0.0139283016324
8 19 0 8 0.0139114484191
6 72 0 8 0.0139034120366
7 80 0 8 0.0138951307163
34 46 0 8 0.0138939153403
11 16 0 8 0.0138814104721
48 59 0 8 0.0138663211837
38 51 0 8 0.0138631854206
34 37 0 8 0.0138488830999
32 54 0 8 0.0138366203755
36 78 0 8 0.0138335293159
16 74 0 8 0.0138292107731
53 61 0 8 0.0138146709651
29 68 0 8 0.0138033917174
22 31 0 8 0.0137707404792
6 55 0 8 0.0137697625905
14 57 0 8 0.0137654310092
21 64 0 8 0.0137583445758
9 41 0 8 0.0137486625463
1 58 0 8 0.0137334428728
45 62 0 8 0.0137297501788
27 58 0 8 0.0137064727023
45 79 0 8 0.0136962849647
1 39 0 8 0.0136951701716
15 73 0 8 0.0136939594522
62 85 0 8 0.0136878164485
7 55 0 8 0.0136719513685
4 37 0 8 0.0136704267934
34 70 0 8 0.0136631829664
62 70 0 8 0.0136435460299
18 34 0 8 0.0136414291337
48 86 0 8 0.0136389648542
39 86 0 8 0.0136157823727
4 43 0 8 0.0135978432372
12 33 0 8 0.0135569898412
9 63 0 8 0.0135500216857
60 70 0 8 0.0135265607387
19 63 0 8 0.013517706655
42 50 0 8 0.0134995458648
1 21 0 8 0.0134983835742
2 74 0 8 0.0134890209883
5 58 0 8 0.0134862232953
43 62 0 8 0.0134783405811
38 69 0 8 0.0134770665318
38 81 0 8 0.0134648419917
49 65 0 8 0.0134615805
18 35 0 8 0.0134525597095
14 39 0 8 0.013403236866
18 62 0 8 0.0133875766769
3 41 0 8 0.0133653245866
1 13 0 8 0.0133642992005
4 19 0 8 0.0133571149781
60 80 0 8 0.0133489044383
9 61 0 8 0.013348150067
14 33 0 8 0.0133346682414
3 37 0 8 0.0133322151378
48 60 0 8 0.0133110620081
44 85 0 8 0.0133105609566
54 68 0 8 0.0133088827133
22 71 0 8 0.0132802473381
12 44 0 8 0.0132797155529
6 79 0 8 0.0132605414838
51 58 0 8 0.0132603663951
8 75 0 8 0.0132567733526
19 31 0 8 0.0132487602532
10 72 0 8 0.0132456189021
54 71 0 8 0.0132214594632
74 82 0 8 0.0132145993412
9 39 0 8 0.0132111925632
14 55 0 8 0.0132087497041
35 68 0 8 0.0131896017119
58 71 0 8 0.0131578510627
1 19 0 8 0.0131544461474
34 77 0 8 0.0131521606818
41 79 0 8 0.0131280897185
38 76 0 8 0.0131170554087
42 81 0 8 0.0131035558879
74 85 0 8 0.0130741130561
14 45 0 8 0.0130714243278
8 67 0 8 0.0130627108738
7 72 0 8 0.0130543708801
30 59 0 8 0.0130184432492
35 70 0 8 0.0130148353055
14 23 0 8 0.013013953343
2 59 0 8 0.0129903880879
33 87 0 8 0.0129901496693
7 19 0 8 0.0129745686427
19 69 0 8 0.0129631301388
27 62 0 8 0.0129218418151
43 72 0 8 0.0129203274846
48 77 0 8 0.0129081886262
8 76 0 8 0.0129069369286
13 79 0 8 0.0129039185122
15 45 0 8 0.012872427702
7 81 0 8 0.0128676723689
5 38 0 8 0.0128652006388
31 74 0 8 0.0128605635837
48 75 0 8 0.0128464540467
24 57 0 8 0.0128289116547
36 46 0 8 0.012819041498
53 60 0 8 0.012815669179
48 69 0 8 0.0128145655617
2 56 0 8 0.0128095289692
47 78 0 8 0.0127856368199
3 11 0 8 0.012769558467
6 85 0 8 0.0127407247201
15 85 0 8 0.0127337994054
11 78 0 8 0.0127268657088
40 50 0 8 0.0127000873908
15 42 0 8 0.012697971426
22 59 0 8 0.0126866241917
15 35 0 8 0.0126801216975
38 77 0 8 0.0126638403162
63 87 0 8 0.012661062181
17 55 0 8 0.0126481875777
65 80 0 8 0.0126430327073
42 73 0 8 0.0126362834126
41 67 0 8 0.0126202423126
23 32 0 8 0.0126170814037
72 78 0 8 0.0126034915447
17 37 0 8 0.0125938048586
39 81 0 8 0.0125893233344
60 87 0 8 0.0125597612932
60 69 0 8 0.0125497477129
27 68 0 8 0.0125404316932
13 43 0 8 0.0125370845199
11 41 0 8 0.0125311408192
11 73 0 8 0.0125074675307
4 79 0 8 0.0124891530722
14 59 0 8 0.0124841313809
21 59 0 8 0.0124799814075
7 82 0 8 0.0124582219869
6 39 0 8 0.0124401422217
5 83 0 8 0.0124309137464
1 5 0 8 0.0124172000214
63 80 0 8 0.0123892566189
44 70 0 8 0.0123863862827
9 42 0 8 0.0123762581497
49 82 0 8 0.0123577257618
2 57 0 8 0.0123562067747
40 86 0 8 0.012349691242
57 78 0 8 0.0123366462067
31 52 0 8 0.012333996594
31 67 0 8 0.012333846651
18 59 0 8 0.0123278303072
19 78 0 8 0.0123239820823
8 51 0 8 0.0123095437884
12 31 0 8 0.0122994771227
10 41 0 8 0.0122875617817
7 21 0 8 0.0122855072841
43 50 0 8 0.0122776292264
33 44 0 8 0.0122775593773
59 76 0 8 0.0122658209875
24 62 0 8 0.0122652379796
59 85 0 8 0.0122549133375
56 68 0 8 0.0122534409165
5 19 0 8 0.0122406184673
13 85 0 8 0.0122371939942
21 36 0 8 0.0122233461589
33 36 0 8 0.0122170140967
67 71 0 8 0.0121719250455
58 79 0 8 0.0121617522091
5 45 0 8 0.0121475476772
32 43 0 8 0.0121473362669
40 63 0 8 0.0121395736933
10 33 0 8 0.0121304970235
18 82 0 8 0.0121245160699
31 87 0 8 0.0121221505105
20 32 0 8 0.0121060134843
3 55 0 8 0.0121034700423
11 34 0 8 0.012101970613
21 76 0 8 0.0120983561501
35 71 0 8 0.0120972217992
69 85 0 8 0.0120778568089
3 19 0 8 0.0120729757473
16 51 0 8 0.0120520191267
2 51 0 8 0.0120470868424
61 87 0 8 0.0120458323509
11 63 0 8 0.0120167098939
4 61 0 8 0.0120130535215
69 81 0 8 0.0120075885206
21 30 0 8 0.0120065864176
20 72 0 8 0.0119987493381
40 51 0 8 0.011995584704
44 77 0 8 0.0119951386005
69 79 0 8 0.0119719626382
12 73 0 8 0.0119591709226
68 83 0 8 0.0119562698528
21 66 0 8 0.0119499228895
43 60 0 8 0.011948059313
34 40 0 8 0.0119135743007
38 85 0 8 0.0118958493695
3 7 0 8 0.0118919434026
18 86 0 8 0.0118800699711
29 76 0 8 0.0118704522029
15 38 0 8 0.0118516962975
37 77 0 8 0.0118236569688
40 81 0 8 0.0118234558031
12 48 0 8 0.0118090519682
31 62 0 8 0.0117807239294
1 40 0 8 0.0117745688185
62 82 0 8 0.0117712728679
15 59 0 8 0.0117525784299
33 41 0 8 0.0117450654507
3 63 0 8 0.011742176488
12 59 0 8 0.0117406109348
41 49 0 8 0.0117340227589
53 64 0 8 0.0117331389338
55 73 0 8 0.0117311542854
37 63 0 8 0.0117249032483
2 38 0 8 0.0117205493152
21 78 0 8 0.0117203900591
59 74 0 8 0.0117191197351
34 78 0 8 0.0116907721385
75 85 0 8 0.0116771496832
11 68 0 8 0.0116744479164
44 87 0 8 0.0116632683203
18 79 0 8 0.0116551090032
21 55 0 8 0.0116550046951
8 78 0 8 0.0116504346952
6 40 0 8 0.0116382846609
21 58 0 8 0.0116359107196
17 74 0 8 0.0116244545206
8 80 0 8 0.0116185229272
12 58 0 8 0.0116177070886
37 51 0 8 0.0116077298298
2 41 0 8 0.0116058811545
47 69 0 8 0.0115984436125
38 68 0 8 0.0115699442104
3 38 0 8 0.0115689951926
13 34 0 8 0.011552398093
57 77 0 8 0.0115236956626
6 82 0 8 0.011498763226
47 85 0 8 0.0114723872393
23 60 0 8 0.0114630842581
22 33 0 8 0.0114583512768
44 74 0 8 0.0114525575191
59 87 0 8 0.0114402500913
55 87 0 8 0.011436755769
42 66 0 8 0.0114081921056
32 87 0 8 0.0114017296582
25 71 0 8 0.0113971838728
73 79 0 8 0.0113858580589
11 42 0 8 0.0113819725811
44 79 0 8 0.011379558593
38 80 0 8 0.0113612804562
31 70 0 8 0.0113578746095
1 22 0 8 0.0113561982289
34 58 0 8 0.0113536873832
1 83 0 8 0.0113503271714
45 76 0 8 0.0113480584696
29 56 0 8 0.0113349221647
3 18 0 8 0.0113181499764
24 78 0 8 0.011317525059
40 87 0 8 0.0113148204982
6 60 0 8 0.0112794823945
9 59 0 8 0.0112757869065
58 77 0 8 0.0112666366622
62 86 0 8 0.0112620275468
9 60 0 8 0.0112559916452
5 41 0 8 0.0112372683361
4 8 0 8 0.0111980559304
13 20 0 8 0.0111579941586
30 58 0 8 0.0111454008147
11 33 0 8 0.0111440243199
10 38 0 8 0.0111171789467
1 81 0 8 0.0111154643819
38 67 0 8 0.0111139183864
32 35 0 8 0.0110715329647
19 33 0 8 0.011058290489
18 76 0 8 0.0110555998981
44 49 0 8 0.0110506229103
55 77 0 8 0.011047674343
54 66 0 8 0.0110281230882
16 45 0 8 0.0110276658088
55 76 0 8 0.0109913479537
52 69 0 8 0.0109642194584
9 72 0 8 0.0109629165381
30 72 0 8 0.01094082091
20 35 0 8 0.0109210759401
40 79 0 8 0.0109130842611
11 77 0 8 0.0109101459384
11 86 0 8 0.0108664492145
36 50 0 8 0.0108556505293
58 70 0 8 0.0108441049233
44 81 0 8 0.010816953145
26 71 0 8 0.0108061470091
30 85 0 8 0.0107890954241
34 71 0 8 0.0107767311856
15 74 0 8 0.0107699213549
65 83 0 8 0.0107450829819
9 75 0 8 0.0107322763652
12 56 0 8 0.0107112918049
66 83 0 8 0.0106821712106
36 64 0 8 0.010677642189
21 71 0 8 0.0106656653807
47 76 0 8 0.0106649305671
26 86 0 8 0.0106431273744
12 80 0 8 0.0106363659725
49 85 0 8 0.0106290681288
11 85 0 8 0.0106062768027
17 38 0 8 0.010562421754
13 60 0 8 0.0105595774949
8 85 0 8 0.010556075722
36 83 0 8 0.0105510866269
24 83 0 8 0.0105489119887
18 63 0 8 0.0105413841084
11 51 0 8 0.0105350939557
47 86 0 8 0.0105093382299
13 40 0 8 0.0104812448844
35 51 0 8 0.0104569802061
13 61 0 8 0.0104414047673
67 73 0 8 0.0104408878833
26 33 0 8 0.0104386461899
32 57 0 8 0.0104271024466
12 74 0 8 0.0104130106047
41 51 0 8 0.0104119395837
60 71 0 8 0.0103738969192
60 85 0 8 0.0103713711724
45 75 0 8 0.0103526925668
32 66 0 8 0.0103521402925
3 51 0 8 0.0103436438367
30 87 0 8 0.0103289959952
35 69 0 8 0.0103228455409
12 51 0 8 0.0103205414489
1 43 0 8 0.01031657774
1 60 0 8 0.01031288784
42 49 0 8 0.0102919768542
1 20 0 8 0.0102877086028
10 39 0 8 0.0102812973782
21 51 0 8 0.0102805448696
31 35 0 8 0.0102427219972
1 55 0 8 0.010225860402
12 72 0 8 0.0102128274739
35 75 0 8 0.0101893125102
4 48 0 8 0.0101794404909
1 87 0 8 0.0101704020053
8 86 0 8 0.0101455226541
74 81 0 8 0.0101298708469
1 18 0 8 0.0100738732144
70 87 0 8 0.0100691188127
21 87 0 8 0.0100640244782
3 62 0 8 0.010063345544
10 36 0 8 0.0100605292246
33 75 0 8 0.0100445272401
18 85 0 8 0.0100418590009
35 87 0 8 0.0100071253255
58 86 0 8 0.00998542271554
23 57 0 8 0.00997153576463
28 32 0 8 0.00995717477053
64 83 0 8 0.00995564647019
57 81 0 8 0.00995313283056
42 87 0 8 0.00993984378874
37 78 0 8 0.00993009284139
9 18 0 8 0.00992516241968
3 58 0 8 0.00991885736585
57 70 0 8 0.00991735327989
37 82 0 8 0.00988272484392
14 61 0 8 0.00983718317002
13 45 0 8 0.00982241891325
24 73 0 8 0.00981560442597
40 80 0 8 0.00980594567955
39 85 0 8 0.00978656020015
21 57 0 8 0.00978331640363
38 78 0 8 0.00978050380945
11 50 0 8 0.00977332983166
11 81 0 8 0.00977025739849
23 80 0 8 0.00976460333914
65 87 0 8 0.00975989177823
12 55 0 8 0.00974165089428
21 56 0 8 0.00973710138351
10 40 0 8 0.0097227813676
17 73 0 8 0.00972206983715
17 41 0 8 0.00971823651344
47 70 0 8 0.00971470400691
11 59 0 8 0.00970169343054
31 65 0 8 0.00969147402793
32 42 0 8 0.00969060882926
8 55 0 8 0.00967618264258
17 48 0 8 0.00967593956739
35 46 0 8 0.00967240426689
38 87 0 8 0.00967218913138
12 34 0 8 0.00967072788626
40 83 0 8 0.00966785103083
23 65 0 8 0.00965757574886
11 44 0 8 0.00965302065015
24 56 0 8 0.00961271114647
14 56 0 8 0.00960449315608
16 35 0 8 0.00960257463157
9 40 0 8 0.00960165914148
10 71 0 8 0.009596535936
25 34 0 8 0.00956967566162
13 72 0 8 0.00953447446227
12 83 0 8 0.00950699578971
10 61 0 8 0.00950102973729
3 61 0 8 0.00949915871024
34 74 0 8 0.00947976112366
4 56 0 8 0.00946621689945
11 67 0 8 0.00945413485169
33 50 0 8 0.00945216137916
20 60 0 8 0.00943085830659
50 59 0 8 0.00939989089966
50 61 0 8 0.00939691718668
7 24 0 8 0.00936966668814
15 60 0 8 0.00936600752175
43 49 0 8 0.00936558749527
1 61 0 8 0.00936066079885
19 36 0 8 0.00935753434896
41 83 0 8 0.00934709049761
4 54 0 8 0.00934601388872
26 72 0 8 0.00934150721878
1 62 0 8 0.0093015152961
3 21 0 8 0.00929324049503
37 68 0 8 0.00929274410009
1 28 0 8 0.00929034408182
11 74 0 8 0.00928728934377
4 80 0 8 0.00925617292523
51 60 0 8 0.00924132578075
14 50 0 8 0.00917821377516
39 51 0 8 0.00916637852788
18 84 0 8 0.00916156359017
49 66 0 8 0.0091608716175
17 80 0 8 0.00915520265698
56 85 0 8 0.00914837513119
8 29 0 8 0.00914466287941
31 59 0 8 0.00912043079734
16 80 0 8 0.0091170175001
9 65 0 8 0.00911594554782
47 82 0 8 0.00911486893892
58 74 0 8 0.00910546351224
33 45 0 8 0.0090833120048
5 21 0 8 0.00907537061721
31 60 0 8 0.00906519591808
27 69 0 8 0.00905552506447
12 57 0 8 0.00904915574938
17 59 0 8 0.00903535541147
47 74 0 8 0.00902250502259
9 64 0 8 0.00901447981596
18 83 0 8 0.00900918710977
6 58 0 8 0.00900017470121
28 72 0 8 0.00897144526243
33 52 0 8 0.00894813984632
28 73 0 8 0.0089394627139
24 70 0 8 0.00892753247172
14 22 0 8 0.00891768559813
27 60 0 8 0.00891235284507
5 30 0 8 0.00889785867184
11 55 0 8 0.00888073071837
31 57 0 8 0.00887280143797
13 44 0 8 0.00886119809002
31 66 0 8 0.0088600507006
17 42 0 8 0.00884574558586
36 81 0 8 0.00883755087852
51 79 0 8 0.00882815383375
26 73 0 8 0.00881641265005
3 57 0 8 0.00881304591894
5 39 0 8 0.00880136992782
54 82 0 8 0.00879974290729
38 66 0 8 0.0087795984
4 83 0 8 0.00877704657614
33 70 0 8 0.00876536406577
11 80 0 8 0.00876226555556
16 49 0 8 0.00872683897614
9 19 0 8 0.00872128549963
9 55 0 8 0.00871994905174
58 87 0 8 0.0087185446173
35 65 0 8 0.00871647521853
24 35 0 8 0.00870897993445
59 71 0 8 0.00870360527188
7 23 0 8 0.00870140083134
2 47 0 8 0.00868280045688
8 47 0 8 0.00867814291269
31 69 0 8 0.00867701601237
14 52 0 8 0.00867305416614
32 58 0 8 0.00866800919175
58 72 0 8 0.008639161475
50 85 0 8 0.00863511580974
4 42 0 8 0.00862344447523
5 72 0 8 0.00861006788909
17 72 0 8 0.0086058229208
58 69 0 8 0.00859584938735
6 83 0 8 0.00858109910041
23 73 0 8 0.00856760051101
32 49 0 8 0.00856013130397
32 45 0 8 0.00855873525143
2 43 0 8 0.0085544353351
34 54 0 8 0.00855249352753
25 85 0 8 0.0085511598736
30 51 0 8 0.0085456520319
39 50 0 8 0.00854379776865
11 64 0 8 0.00852382648736
41 84 0 8 0.00849819462746
56 86 0 8 0.00849503744394
49 86 0 8 0.00845856685191
9 74 0 8 0.00843703839928
2 54 0 8 0.00842848606408
1 57 0 8 0.00841474719346
57 86 0 8 0.0083913654089
7 57 0 8 0.00839071534574
23 72 0 8 0.00838771555573
59 73 0 8 0.00836993474513
1 27 0 8 0.00836728326976
66 74 0 8 0.00836646463722
29 87 0 8 0.00834999606013
26 58 0 8 0.00833683088422
21 63 0 8 0.00831708405167
39 76 0 8 0.00831399299204
15 47 0 8 0.00829358305782
8 22 0 8 0.00828861072659
15 82 0 8 0.00828677695245
45 71 0 8 0.0082846255973
20 58 0 8 0.00827974174172
1 56 0 8 0.00827017426491
5 56 0 8 0.00826702266932
5 81 0 8 0.0082622775808
8 69 0 8 0.00825559161603
27 56 0 8 0.0082482593134
33 61 0 8 0.00823508575559
38 82 0 8 0.00821632705629
24 60 0 8 0.00821382924914
35 59 0 8 0.00821034517139
8 44 0 8 0.00820955727249
24 76 0 8 0.00820455141366
40 82 0 8 0.0082031507045
31 71 0 8 0.0082029402256
33 83 0 8 0.00819907337427
4 73 0 8 0.00819667801261
19 65 0 8 0.00818666256964
9 34 0 8 0.00817187037319
9 44 0 8 0.00816565472633
15 72 0 8 0.00816271267831
11 75 0 8 0.00814552418888
56 75 0 8 0.00810563284904
45 68 0 8 0.00810397323221
14 83 0 8 0.00810014083982
33 71 0 8 0.00809992663562
27 73 0 8 0.00808886159211
26 55 0 8 0.00807677023113
27 57 0 8 0.00806866306812
31 56 0 8 0.00806717481464
32 82 0 8 0.00805684458464
3 43 0 8 0.00805490184575
21 79 0 8 0.00805297028273
7 83 0 8 0.00799830537289
68 80 0 8 0.00799764692783
13 62 0 8 0.00799390580505
61 71 0 8 0.00798488222063
8 52 0 8 0.00796339195222
6 23 0 8 0.00795829761773
53 62 0 8 0.00794599670917
33 37 0 8 0.00793944299221
37 79 0 8 0.00792473461479
28 55 0 8 0.00791442021728
45 85 0 8 0.00790887419134
63 83 0 8 0.00785748381168
2 22 0 8 0.00785740930587
15 40 0 8 0.00785315409303
20 59 0 8 0.0078476909548
17 47 0 8 0.00784514471889
27 70 0 8 0.00784108135849
31 77 0 8 0.00783915258944
2 39 0 8 0.00783322472125
9 73 0 8 0.00782545376569
70 83 0 8 0.00781253539026
8 81 0 8 0.00781222106889
18 68 0 8 0.00780839333311
37 67 0 8 0.00780530180782
71 82 0 8 0.00780061678961
66 87 0 8 0.0077989124693
2 44 0 8 0.00779767660424
54 87 0 8 0.007797177881
3 23 0 8 0.00777186080813
23 36 0 8 0.00776016945019
37 50 0 8 0.00775277800858
4 9 0 8 0.00774918776006
23 54 0 8 0.00774346990511
12 54 0 8 0.00773848127574
11 58 0 8 0.00769586209208
10 19 0 8 0.00769583648071
15 58 0 8 0.00768889905885
33 58 0 8 0.00768522173166
31 81 0 8 0.00767029775307
49 60 0 8 0.007668283768
9 58 0 8 0.00765448622406
6 87 0 8 0.00764663377777
45 82 0 8 0.00763645861298
36 54 0 8 0.00763443903998
5 27 0 8 0.00763248139992
47 72 0 8 0.0076202834025
34 57 0 8 0.0076139611192
22 61 0 8 0.00760846119374
17 58 0 8 0.00760734919459
8 68 0 8 0.00760006625205
9 79 0 8 0.00757590774447
56 73 0 8 0.00756764831021
45 86 0 8 0.00756276166067
39 79 0 8 0.00756178796291
18 71 0 8 0.00754527002573
70 80 0 8 0.00753969093785
29 83 0 8 0.00753955170512
18 65 0 8 0.00753699755296
36 57 0 8 0.00753590278327
32 71 0 8 0.00752336671576
2 28 0 8 0.00752315670252
24 36 0 8 0.00751905981451
64 70 0 8 0.0075162560679
58 85 0 8 0.00750063546002
8 57 0 8 0.00749815767631
14 40 0 8 0.0074833962135
12 61 0 8 0.00747848907486
26 80 0 8 0.00747844995931
21 61 0 8 0.00746914697811
36 49 0 8 0.00745922420174
54 67 0 8 0.00745343323797
22 85 0 8 0.00744857359678
45 74 0 8 0.00744433049113
8 58 0 8 0.00743926223367
18 61 0 8 0.00742395455018
7 87 0 8 0.00741312978789
5 60 0 8 0.00741020031273
32 70 0 8 0.00740012014285
43 84 0 8 0.00737117230892
38 79 0 8 0.00736862188205
27 55 0 8 0.00736733200029
3 82 0 8 0.00735965371132
27 72 0 8 0.00735875172541
45 87 0 8 0.00733155990019
13 47 0 8 0.00732209254056
11 57 0 8 0.0073120649904
3 60 0 8 0.00730393594131
8 21 0 8 0.00730331381783
61 83 0 8 0.00729379942641
2 84 0 8 0.00726544298232
34 83 0 8 0.00725879753008
47 64 0 8 0.00725784897804
1 26 0 8 0.00724284769967
19 34 0 8 0.00724171940237
9 76 0 8 0.00723353074864
34 73 0 8 0.0072052157484
31 50 0 8 0.00719186058268
14 44 0 8 0.00719012133777
8 48 0 8 0.00718706147745
1 82 0 8 0.00718148006126
11 21 0 8 0.00718083791435
19 74 0 8 0.00716214068234
62 87 0 8 0.00713945226744
12 40 0 8 0.00711972592399
21 69 0 8 0.00711423065513
13 74 0 8 0.00710702640936
8 24 0 8 0.00710054207593
63 75 0 8 0.00708780577406
14 60 0 8 0.00707798684016
42 84 0 8 0.00707698427141
57 73 0 8 0.00707234907895
7 50 0 8 0.00706915836781
35 82 0 8 0.00706859584898
16 40 0 8 0.00704084895551
26 83 0 8 0.00704009225592
30 46 0 8 0.00703168381006
60 74 0 8 0.0070279291831
2 61 0 8 0.00702640553936
18 40 0 8 0.00702189188451
25 58 0 8 0.00702158967033
63 74 0 8 0.00699345581234
39 87 0 8 0.00698604574427
20 37 0 8 0.00698517914861
21 68 0 8 0.00698442850262
2 6 0 8 0.00698104593903
3 27 0 8 0.00697673670948
18 66 0 8 0.00696132611483
9 62 0 8 0.00695098657161
35 77 0 8 0.00694801146165
32 74 0 8 0.00694287102669
7 47 0 8 0.00693822745234
47 75 0 8 0.00691876513883
16 83 0 8 0.00691792974249
32 75 0 8 0.00691705849022
16 47 0 8 0.00691500492394
30 55 0 8 0.0069037200883
19 55 0 8 0.00689855357632
56 79 0 8 0.0068875271827
5 40 0 8 0.00688712950796
50 86 0 8 0.00688432203606
61 81 0 8 0.00688301771879
13 58 0 8 0.00687839090824
71 81 0 8 0.00687308004126
44 69 0 8 0.00687144976109
61 72 0 8 0.00686188973486
58 73 0 8 0.00685140164569
47 61 0 8 0.00682312110439
45 73 0 8 0.00681114988402
59 72 0 8 0.0068105594255
35 63 0 8 0.00680394750088
11 45 0 8 0.00679451227188
47 73 0 8 0.00679060071707
34 56 0 8 0.00678361253813
47 77 0 8 0.00676919287071
4 62 0 8 0.00676915142685
71 86 0 8 0.00676081469283
17 43 0 8 0.0067576165311
2 60 0 8 0.00674975430593
26 34 0 8 0.00674564111978
62 71 0 8 0.00673449411988
14 54 0 8 0.00673044426367
8 32 0 8 0.00671830074862
40 64 0 8 0.00671386299655
42 83 0 8 0.00671294424683
51 87 0 8 0.0067074582912
36 80 0 8 0.00670275837183
18 57 0 8 0.00669626286253
49 79 0 8 0.00669554295018
6 44 0 8 0.00669438531622
19 73 0 8 0.00667012529448
40 49 0 8 0.00666261650622
48 74 0 8 0.00665739923716
21 65 0 8 0.00665639620274
10 60 0 8 0.00665529258549
45 78 0 8 0.00665256660432
3 47 0 8 0.00664026662707
18 32 0 8 0.00664019118994
8 23 0 8 0.0066130021587
37 64 0 8 0.00661295838654
12 87 0 8 0.00661030272022
26 57 0 8 0.00660808011889
32 46 0 8 0.00659719249234
9 86 0 8 0.0065802950412
39 68 0 8 0.00657550897449
27 76 0 8 0.0065603973344
1 6 0 8 0.0065443101339
20 48 0 8 0.0065392088145
12 84 0 8 0.00653431657702
16 55 0 8 0.00653304718435
53 86 0 8 0.00652543548495
21 52 0 8 0.00652110297233
29 73 0 8 0.00651901494712
1 45 0 8 0.00651167845353
26 59 0 8 0.00649761175737
7 54 0 8 0.0064837099053
40 66 0 8 0.00648148590699
12 82 0 8 0.00647606281564
47 63 0 8 0.0064725051634
40 84 0 8 0.00647035893053
60 72 0 8 0.00646569486707
32 55 0 8 0.0064507946372
9 54 0 8 0.00642345985398
39 78 0 8 0.00642285775393
52 70 0 8 0.00642153387889
31 82 0 8 0.00641945051029
71 79 0 8 0.00640374235809
10 59 0 8 0.00640268065035
32 56 0 8 0.00638823024929
18 58 0 8 0.00638352241367
9 56 0 8 0.00638018129393
32 51 0 8 0.00637600151822
37 84 0 8 0.0063713057898
9 85 0 8 0.0063677597791
33 55 0 8 0.0063551729545
21 77 0 8 0.00635256897658
11 82 0 8 0.00633796071634
54 76 0 8 0.00633741728961
33 46 0 8 0.00632686214522
41 66 0 8 0.00631452025846
2 26 0 8 0.00631193304434
35 64 0 8 0.00630642613396
6 29 0 8 0.00628276215866
3 87 0 8 0.0062646609731
20 52 0 8 0.00624503428116
12 46 0 8 0.0062197893858
23 87 0 8 0.00621484545991
27 83 0 8 0.00620395503938
8 50 0 8 0.0061937328428
7 26 0 8 0.00619068974629
50 63 0 8 0.00618543801829
40 67 0 8 0.00617696344852
9 51 0 8 0.00617614714429
8 54 0 8 0.00617501745
9 77 0 8 0.00617073755711
16 33 0 8 0.00616350723431
30 78 0 8 0.0061628324911
36 84 0 8 0.00615349970758
30 70 0 8 0.0061160880141
20 80 0 8 0.00611447356641
64 84 0 8 0.00611377507448
11 61 0 8 0.00611053686589
29 84 0 8 0.00610498199239
48 71 0 8 0.00610216706991
21 82 0 8 0.00609754212201
17 45 0 8 0.00609686598182
10 58 0 8 0.00609538378194
57 71 0 8 0.00609237421304
21 29 0 8 0.00609075184911
44 80 0 8 0.0060730217956
31 49 0 8 0.00604489445686
1 12 0 8 0.0060414946638
62 72 0 8 0.00603626249358
13 21 0 8 0.00603392254561
11 54 0 8 0.00603012321517
18 60 0 8 0.00602628616616
25 59 0 8 0.00601888727397
2 62 0 8 0.00601608352736
55 81 0 8 0.00601277966052
19 58 0 8 0.00600701710209
18 38 0 8 0.00600319169462
55 78 0 8 0.00600121729076
15 23 0 8 0.00598262948915
1 84 0 8 0.00597738008946
3 40 0 8 0.00596432154998
11 22 0 8 0.00596403051168
73 81 0 8 0.00594674097374
10 75 0 8 0.00594614027068
72 81 0 8 0.00594290811568
33 54 0 8 0.00594082148746
35 74 0 8 0.00593848992139
10 43 0 8 0.00593734998256
26 82 0 8 0.00593702681363
24 75 0 8 0.00593632040545
10 16 0 8 0.00592946959659
10 42 0 8 0.00591632211581
11 60 0 8 0.00591617869213
67 83 0 8 0.00591414887458
14 21 0 8 0.00590033316985
57 85 0 8 0.00589904375374
33 77 0 8 0.00589140923694
25 56 0 8 0.00588440895081
53 65 0 8 0.00588417751715
31 45 0 8 0.00588392978534
25 86 0 8 0.00588040519506
63 84 0 8 0.00587870227173
48 87 0 8 0.00586989987642
26 54 0 8 0.00586075801402
14 87 0 8 0.00585372792557
57 87 0 8 0.00584754813462
38 65 0 8 0.00583017989993
4 10 0 8 0.00582896638662
3 80 0 8 0.00581923685968
44 82 0 8 0.00581723405048
17 83 0 8 0.00581696117297
24 48 0 8 0.0058155413717
15 57 0 8 0.00580942397937
32 78 0 8 0.00580799207091
8 87 0 8 0.00578587781638
62 74 0 8 0.00574446422979
23 56 0 8 0.00573734426871
52 75 0 8 0.00573429604992
9 80 0 8 0.00572984712198
11 56 0 8 0.00572539120913
74 79 0 8 0.00572511134669
3 56 0 8 0.00572204776108
50 64 0 8 0.00571969896555
5 26 0 8 0.00571956299245
8 45 0 8 0.0057113096118
35 50 0 8 0.00569017603993
11 84 0 8 0.0056881532073
35 73 0 8 0.00568494712934
13 57 0 8 0.00567998969927
53 85 0 8 0.00567867886275
9 23 0 8 0.00566923059523
4 47 0 8 0.00566370924935
18 41 0 8 0.00566245801747
80 85 0 8 0.00564920017496
6 52 0 8 0.0056374752894
18 87 0 8 0.00563657190651
25 55 0 8 0.00563593534753
18 72 0 8 0.00562072684988
32 77 0 8 0.00561675196514
45 72 0 8 0.00560688273981
47 65 0 8 0.00560039933771
11 52 0 8 0.00559273781255
6 57 0 8 0.00555754592642
1 51 0 8 0.00555167533457
27 84 0 8 0.00555124366656
11 66 0 8 0.00554753560573
32 62 0 8 0.00554228760302
46 74 0 8 0.00554116535932
35 58 0 8 0.00553452922031
10 76 0 8 0.00553403049707
29 34 0 8 0.0055247512646
16 39 0 8 0.0055103818886
7 84 0 8 0.00549633614719
18 54 0 8 0.00548962829635
39 80 0 8 0.00548860058188
6 45 0 8 0.0054823262617
37 52 0 8 0.00548127572984
7 56 0 8 0.00548060284927
35 67 0 8 0.00547380791977
3 45 0 8 0.00547106750309
22 58 0 8 0.00545287597924
1 44 0 8 0.005445885472
44 66 0 8 0.00543872825801
2 12 0 8 0.00543064298108
26 51 0 8 0.00542286550626
9 57 0 8 0.00541738746688
19 87 0 8 0.00540574640036
19 38 0 8 0.00540145626292
61 74 0 8 0.00539783760905
52 73 0 8 0.0053976890631
12 50 0 8 0.00539697520435
11 83 0 8 0.00538773275912
9 78 0 8 0.00538237718865
51 62 0 8 0.00537925586104
12 60 0 8 0.00537780160084
27 53 0 8 0.0053577888757
19 72 0 8 0.00534576270729
61 73 0 8 0.00534247793257
1 54 0 8 0.00533641781658
29 80 0 8 0.00533490162343
19 75 0 8 0.0053307460621
65 84 0 8 0.00533033674583
11 23 0 8 0.00532689178362
9 20 0 8 0.00531600881368
39 66 0 8 0.00531442509964
18 70 0 8 0.00531111937016
20 42 0 8 0.00529734790325
20 54 0 8 0.00529654882848
7 22 0 8 0.005296013318
13 87 0 8 0.00528926821426
51 74 0 8 0.00527369929478
39 83 0 8 0.00527104036883
4 72 0 8 0.00524158356711
24 71 0 8 0.00523828994483
77 86 0 8 0.00523754442111
39 63 0 8 0.00522437412292
5 87 0 8 0.0052219806239
9 22 0 8 0.00521764298901
4 50 0 8 0.00521177286282
3 81 0 8 0.00520041026175
58 75 0 8 0.00519927591085
32 50 0 8 0.00519076408818
9 45 0 8 0.0051852716133
45 63 0 8 0.00518185831606
5 22 0 8 0.00518108857796
19 77 0 8 0.00517418701202
21 60 0 8 0.00516894925386
10 63 0 8 0.0051525789313
59 83 0 8 0.00513196364045
4 41 0 8 0.00513124046847
4 60 0 8 0.00512738386169
3 28 0 8 0.00512589048594
29 50 0 8 0.00512478128076
21 70 0 8 0.00512373587117
32 65 0 8 0.00511988019571
62 83 0 8 0.00511256977916
45 67 0 8 0.00510751781985
20 73 0 8 0.00510724913329
23 84 0 8 0.00510654365644
6 81 0 8 0.00510003603995
72 85 0 8 0.00509656500071
38 83 0 8 0.00509171700105
4 49 0 8 0.00506867934018
51 83 0 8 0.0050684697926
63 70 0 8 0.0050682076253
10 74 0 8 0.00506463553756
17 87 0 8 0.00505862524733
13 48 0 8 0.00505092041567
58 81 0 8 0.00504643656313
3 83 0 8 0.00504497159272
18 75 0 8 0.00503982091323
14 84 0 8 0.00503588886932
15 51 0 8 0.00503193633631
22 55 0 8 0.0050305519253
54 73 0 8 0.00502872653306
57 82 0 8 0.00502099748701
47 71 0 8 0.00501082651317
67 72 0 8 0.00500508816913
38 49 0 8 0.00499818474054
35 52 0 8 0.00499271741137
31 44 0 8 0.00499099539593
9 52 0 8 0.00499069690704
39 77 0 8 0.00497613893822
28 58 0 8 0.00497164111584
7 49 0 8 0.00497007742524
35 55 0 8 0.00496586039662
20 57 0 8 0.0049638110213
37 80 0 8 0.00496251368895
19 42 0 8 0.00496185896918
40 65 0 8 0.00496163312346
22 34 0 8 0.00495036970824
28 57 0 8 0.00493631279096
22 72 0 8 0.00493321474642
33 78 0 8 0.00492512714118
8 20 0 8 0.00492143398151
12 22 0 8 0.00491495570168
10 73 0 8 0.00490468926728
17 54 0 8 0.00490201776847
1 25 0 8 0.00489737978205
51 81 0 8 0.00487824529409
44 68 0 8 0.00486878724769
8 83 0 8 0.0048666135408
9 50 0 8 0.0048663020134
19 43 0 8 0.00485573522747
9 87 0 8 0.00484824972227
13 55 0 8 0.00484159216285
2 50 0 8 0.00484087783843
17 31 0 8 0.00484013557434
76 86 0 8 0.00483902916312
21 67 0 8 0.00482668867335
9 24 0 8 0.00481175724417
9 47 0 8 0.00481085991487
18 73 0 8 0.00480906805024
65 70 0 8 0.00480294181034
21 75 0 8 0.00480204867199
38 59 0 8 0.00479757785797
31 63 0 8 0.00479101855308
45 77 0 8 0.00479048863053
72 86 0 8 0.00478707952425
29 72 0 8 0.00477857049555
62 73 0 8 0.00477742543444
30 57 0 8 0.00477579142898
3 26 0 8 0.00477373367175
3 52 0 8 0.00476616201922
23 52 0 8 0.00475621782243
2 45 0 8 0.00474936747923
32 73 0 8 0.0047476394102
24 81 0 8 0.00472094258294
43 83 0 8 0.00471873860806
18 37 0 8 0.00471328897402
31 80 0 8 0.00470928428695
8 56 0 8 0.00470143277198
1 47 0 8 0.00468810647726
10 44 0 8 0.00467934133485
4 44 0 8 0.00467883236706
13 22 0 8 0.00467866193503
30 83 0 8 0.00467865495011
15 87 0 8 0.0046716411598
14 46 0 8 0.0046636108309
50 60 0 8 0.00466345110908
72 82 0 8 0.00465348642319
4 39 0 8 0.00464557716623
45 50 0 8 0.00464455038309
47 87 0 8 0.00463605066761
26 48 0 8 0.00462437281385
27 65 0 8 0.00462224660441
16 44 0 8 0.0046102325432
16 56 0 8 0.00460657989606
26 77 0 8 0.0045977095142
9 70 0 8 0.00459282379597
29 65 0 8 0.00458649918437
4 84 0 8 0.00458337226883
22 57 0 8 0.00457837991416
7 46 0 8 0.00457774102688
20 56 0 8 0.00457598175853
21 42 0 8 0.00457576662302
28 86 0 8 0.00455639045686
19 37 0 8 0.00454902369529
30 73 0 8 0.00453754840419
10 56 0 8 0.00453641125932
8 53 0 8 0.00452668219805
27 52 0 8 0.00451947283
4 87 0 8 0.00451729819179
63 73 0 8 0.00451514357701
20 29 0 8 0.00450555421412
10 54 0 8 0.00450436072424
11 46 0 8 0.00450299028307
16 87 0 8 0.00450183590874
29 81 0 8 0.0044909552671
31 43 0 8 0.0044850576669
13 56 0 8 0.00448481505737
55 74 0 8 0.00447500310838
1 50 0 8 0.00446712877601
26 64 0 8 0.0044577466324
36 59 0 8 0.00444730045274
45 80 0 8 0.0044436622411
31 72 0 8 0.00442790891975
34 81 0 8 0.00441976264119
78 85 0 8 0.00441783294082
71 85 0 8 0.00441395258531
15 34 0 8 0.00440894765779
10 86 0 8 0.00440890761092
21 81 0 8 0.0044039520435
18 74 0 8 0.00440230267122
15 55 0 8 0.00440073758364
7 29 0 8 0.0043917731382
22 56 0 8 0.00438995985314
73 85 0 8 0.00438326690346
73 82 0 8 0.00437502376735
37 55 0 8 0.00437141070142
45 70 0 8 0.00436272611842
8 82 0 8 0.00436129514128
15 83 0 8 0.0043572653085
2 25 0 8 0.00434807362035
35 72 0 8 0.00434648897499
18 64 0 8 0.0043396409601
20 74 0 8 0.00433918368071
78 83 0 8 0.00433696154505
17 57 0 8 0.00432961434126
19 57 0 8 0.00432927161455
17 52 0 8 0.00432886648923
20 47 0 8 0.00431399745867
33 60 0 8 0.00430695153773
30 54 0 8 0.0043032434769
8 25 0 8 0.0042860750109
57 76 0 8 0.00428446941078
26 75 0 8 0.00428124004975
10 55 0 8 0.00427991710603
9 48 0 8 0.00427465513349
10 62 0 8 0.00426900479943
57 75 0 8 0.00425680121407
47 66 0 8 0.00425451435149
48 81 0 8 0.00425205472857
66 84 0 8 0.00424449471757
48 80 0 8 0.00423752050847
60 73 0 8 0.00423283316195
30 61 0 8 0.00423055095598
26 56 0 8 0.00422720331699
17 50 0 8 0.00422587106004
9 84 0 8 0.004225211218
60 83 0 8 0.00422340771183
27 47 0 8 0.00422322750092
56 76 0 8 0.00422174157575
13 46 0 8 0.00421004882082
54 70 0 8 0.00420799013227
75 86 0 8 0.00420551747084
28 59 0 8 0.0042029125616
69 80 0 8 0.00420083291829
10 70 0 8 0.00419988017529
22 41 0 8 0.00419054133818
3 44 0 8 0.00418815994635
29 45 0 8 0.00418015709147
6 30 0 8 0.00417917082086
24 77 0 8 0.00417602108791
32 69 0 8 0.0041488846764
12 52 0 8 0.00414476729929
39 67 0 8 0.00414238218218
32 52 0 8 0.00414170371369
60 84 0 8 0.00413750531152
9 83 0 8 0.004127393011
18 48 0 8 0.00412458926439
19 41 0 8 0.00412361230701
34 84 0 8 0.00411827163771
6 56 0 8 0.00411763601005
6 26 0 8 0.00411389535293
31 46 0 8 0.00411117682233
25 54 0 8 0.00409036735073
51 73 0 8 0.00408874312416
47 79 0 8 0.0040867747739
18 39 0 8 0.00408395985141
3 48 0 8 0.00408092979342
10 47 0 8 0.00407377863303
71 80 0 8 0.00406537018716
12 49 0 8 0.00406211614609
1 49 0 8 0.00404937332496
35 78 0 8 0.00404874095693
2 49 0 8 0.00404764898121
74 86 0 8 0.00404623430222
38 55 0 8 0.00404580961913
9 69 0 8 0.00403867429122
15 44 0 8 0.0040366970934
15 39 0 8 0.00403069145977
10 57 0 8 0.00402596406639
27 78 0 8 0.00402172189206
27 81 0 8 0.00401076581329
36 53 0 8 0.00401049712673
27 34 0 8 0.00401034438983
10 50 0 8 0.00399553496391
21 83 0 8 0.00399037683383
78 86 0 8 0.00398270506412
11 62 0 8 0.00397484237328
10 22 0 8 0.00396899227053
10 45 0 8 0.00395001936704
18 69 0 8 0.00394681794569
2 40 0 8 0.0039465688169
47 67 0 8 0.00393170071766
1 48 0 8 0.00392945483327
28 56 0 8 0.00392549065873
10 27 0 8 0.00391859095544
10 65 0 8 0.0039155841805
51 71 0 8 0.00391475856304
59 81 0 8 0.00391330663115
41 64 0 8 0.00390897272155
18 42 0 8 0.00390189606696
56 81 0 8 0.00390165857971
44 65 0 8 0.00390067114495
1 52 0 8 0.00389529997483
39 82 0 8 0.00389049435034
21 41 0 8 0.00388583843596
24 74 0 8 0.00388491945341
20 30 0 8 0.00387769634835
18 51 0 8 0.00387714942917
33 56 0 8 0.00387631496415
37 83 0 8 0.00387108232826
44 67 0 8 0.00386748183519
4 26 0 8 0.00386380031705
35 81 0 8 0.00386010017246
19 35 0 8 0.00385629758239
33 49 0 8 0.00385167892091
44 84 0 8 0.00385082093999
30 56 0 8 0.00384803442284
6 54 0 8 0.00384532636963
15 48 0 8 0.0038387128152
5 84 0 8 0.00383309903555
26 87 0 8 0.00383149692789
32 79 0 8 0.00382866431028
8 84 0 8 0.00382717140019
18 77 0 8 0.00382198649459
55 83 0 8 0.0038214980159
3 39 0 8 0.00381675059907
33 72 0 8 0.00381629006006
11 87 0 8 0.00381301017478
49 54 0 8 0.00381204136647
18 55 0 8 0.00380606320687
10 18 0 8 0.00379848643206
54 81 0 8 0.00379802449606
44 83 0 8 0.00379502167925
11 49 0 8 0.00377748371102
29 78 0 8 0.00377656146884
26 63 0 8 0.00377559824847
6 27 0 8 0.00377486646175
54 83 0 8 0.00376735511236
29 60 0 8 0.00376469665207
13 82 0 8 0.00373471761122
48 73 0 8 0.00373184261844
35 79 0 8 0.0037276505027
54 77 0 8 0.00371163920499
47 81 0 8 0.0037085916847
17 44 0 8 0.00370856677182
60 81 0 8 0.00370832742192
32 40 0 8 0.0037078903988
56 80 0 8 0.00370755232871
32 60 0 8 0.00370611879043
7 25 0 8 0.00370597094297
30 50 0 8 0.00370200816542
27 64 0 8 0.00369982630946
72 79 0 8 0.00368369254284
4 28 0 8 0.0036817365326
61 84 0 8 0.0036650437396
18 67 0 8 0.00366392964497
40 62 0 8 0.00366261205636
13 54 0 8 0.00365743390284
40 52 0 8 0.00365343783051
38 64 0 8 0.00363991013728
9 31 0 8 0.00363618368283
27 63 0 8 0.00361890415661
22 63 0 8 0.00361473369412
26 61 0 8 0.00361027265899
14 49 0 8 0.00360975298099
22 36 0 8 0.00360434106551
9 49 0 8 0.00360131124035
73 86 0 8 0.00359670794569
13 33 0 8 0.00359022873454
8 26 0 8 0.00358762638643
44 64 0 8 0.00358126545325
45 69 0 8 0.00357653317042
59 82 0 8 0.0035679906141
39 65 0 8 0.00356709398329
62 84 0 8 0.00356139359064
35 61 0 8 0.00355864176527
56 71 0 8 0.00355189293623
15 56 0 8 0.00355080282316
28 85 0 8 0.00354830850847
21 48 0 8 0.00353927141987
22 79 0 8 0.00353769934736
28 54 0 8 0.00353766744956
56 87 0 8 0.00353753962554
69 83 0 8 0.00353468162939
35 60 0 8 0.00353233632632
57 72 0 8 0.00353195541538
19 81 0 8 0.00352881010622
17 39 0 8 0.00352588039823
18 80 0 8 0.00352419354022
32 61 0 8 0.00352323427796
37 61 0 8 0.00352321751416
50 62 0 8 0.00351609964855
27 80 0 8 0.00351452291943
38 84 0 8 0.00350630958565
31 84 0 8 0.00350315240212
30 60 0 8 0.00349876028486
13 83 0 8 0.00349566806108
6 80 0 8 0.0034918396268
55 84 0 8 0.00348556344397
10 34 0 8 0.00348524050787
29 53 0 8 0.00348062813282
39 64 0 8 0.00348051544279
32 67 0 8 0.00347581179813
32 72 0 8 0.00347542203963
17 56 0 8 0.00347004574724
10 64 0 8 0.00346665573306
26 79 0 8 0.0034629215952
75 83 0 8 0.00346107082441
9 27 0 8 0.00345290498808
22 32 0 8 0.00345173664391
21 37 0 8 0.00344859226607
3 22 0 8 0.00344632659107
26 52 0 8 0.0034406632185
22 87 0 8 0.00343912350945
50 87 0 8 0.00342824007384
24 72 0 8 0.00342562468722
52 71 0 8 0.00342408008873
32 68 0 8 0.00341917783953
22 27 0 8 0.00341155310161
45 81 0 8 0.00340544502251
10 79 0 8 0.0034010282252
21 84 0 8 0.00338842719793
46 76 0 8 0.00338784581982
19 51 0 8 0.00337445316836
26 70 0 8 0.00337401079014
26 45 0 8 0.00337386643514
24 87 0 8 0.0033734254539
19 56 0 8 0.00337269436568
47 80 0 8 0.00337205501273
32 41 0 8 0.00336879561655
30 63 0 8 0.00336229545064
34 72 0 8 0.00335688120686
53 87 0 8 0.00335514452308
33 74 0 8 0.0033493025694
35 83 0 8 0.00334883295
5 46 0 8 0.00332169374451
16 21 0 8 0.00331656076014
18 81 0 8 0.00331234699115
46 64 0 8 0.00331190926954
30 44 0 8 0.0032945368439
49 76 0 8 0.00329113937914
56 70 0 8 0.00327854999341
33 62 0 8 0.00327588175423
25 57 0 8 0.00327018671669
22 54 0 8 0.00326855666935
26 76 0 8 0.00326710613444
52 80 0 8 0.00326508353464
41 63 0 8 0.00326383463107
32 83 0 8 0.00326078617945
4 45 0 8 0.0032561479602
11 24 0 8 0.0032527775038
50 76 0 8 0.00324722891673
22 76 0 8 0.00324119068682
49 71 0 8 0.0032352511771
26 84 0 8 0.0032344548963
22 29 0 8 0.0032293596305
30 47 0 8 0.00322496797889
24 80 0 8 0.00320620415732
5 25 0 8 0.00320592685603
23 48 0 8 0.00320587190799
52 74 0 8 0.00320513290353
24 84 0 8 0.00319339521229
30 76 0 8 0.00319328764454
10 80 0 8 0.00318156252615
7 27 0 8 0.00317438738421
22 60 0 8 0.00317395757884
20 50 0 8 0.00316925975494
42 52 0 8 0.0031678637024
29 44 0 8 0.00316409254447
39 84 0 8 0.00315001350828
64 71 0 8 0.00314605119638
19 40 0 8 0.00314444093965
27 50 0 8 0.00314021366648
19 67 0 8 0.00313849933445
3 8 0 8 0.00312264193781
30 80 0 8 0.00311430660076
15 50 0 8 0.00311266398057
30 74 0 8 0.00310310092755
23 42 0 8 0.00309973373078
41 52 0 8 0.00309542822652
29 47 0 8 0.00309517676942
50 66 0 8 0.00309353065677
53 66 0 8 0.00309239863418
9 30 0 8 0.00308584352024
21 38 0 8 0.00308451172896
66 73 0 8 0.00308153382502
15 33 0 8 0.00308100646362
35 57 0 8 0.00307673122734
34 60 0 8 0.00307556288317
46 87 0 8 0.00307458336465
25 83 0 8 0.00307443435304
52 83 0 8 0.00307433353737
30 52 0 8 0.00306889158674
29 48 0 8 0.00306800170802
50 82 0 8 0.0030593376141
53 76 0 8 0.00305805797689
57 74 0 8 0.00305080972612
49 69 0 8 0.00304863345809
26 78 0 8 0.00304574216716
24 47 0 8 0.0030427291058
29 63 0 8 0.00303887226619
30 81 0 8 0.0030361446552
9 81 0 8 0.00303244031966
37 54 0 8 0.00303140538745
49 87 0 8 0.00302572851069
3 9 0 8 0.00302503653802
6 28 0 8 0.00301359966397
40 59 0 8 0.00301247066818
29 75 0 8 0.00301200849935
57 80 0 8 0.00300689483993
33 40 0 8 0.00300206453539
35 56 0 8 0.00299723842181
46 75 0 8 0.00299714459106
20 87 0 8 0.0029928914737
51 80 0 8 0.00299236061983
10 77 0 8 0.00299212476239
47 62 0 8 0.00298838573508
1 11 0 8 0.00298647559248
24 50 0 8 0.00298463762738
68 87 0 8 0.00298397359438
46 85 0 8 0.00298288278282
9 46 0 8 0.00298053538427
27 75 0 8 0.00297301611863
34 62 0 8 0.00296818488277
56 72 0 8 0.00296275829896
19 47 0 8 0.00295709585771
3 84 0 8 0.00295673729852
29 64 0 8 0.00295636174269
22 78 0 8 0.00294891628437
9 53 0 8 0.00294714607298
4 22 0 8 0.00293369474821
59 84 0 8 0.00292957341298
24 45 0 8 0.00292840064503
17 60 0 8 0.00292260223068
23 47 0 8 0.00292196171358
54 84 0 8 0.002915058285
29 43 0 8 0.00290177366696
30 49 0 8 0.00287189986557
4 53 0 8 0.00285525759682
5 28 0 8 0.00285231042653
26 69 0 8 0.00284728594124
50 65 0 8 0.00284420093521
73 80 0 8 0.00284125423059
27 44 0 8 0.00283930147998
51 84 0 8 0.00283234519884
38 52 0 8 0.00283043202944
28 45 0 8 0.00282662315294
28 44 0 8 0.00282362080179
35 49 0 8 0.00281426496804
22 82 0 8 0.0028108721599
37 49 0 8 0.00280602579005
64 73 0 8 0.00280450936407
7 53 0 8 0.00280101480894
23 35 0 8 0.00280098966323
26 74 0 8 0.0027988885995
17 40 0 8 0.00279780011624
9 26 0 8 0.00279728928581
60 82 0 8 0.00279478472658
54 72 0 8 0.00279429159127
31 73 0 8 0.00278695882298
55 72 0 8 0.00277926470153
66 71 0 8 0.00277608539909
23 74 0 8 0.00277350726537
50 69 0 8 0.00277249980718
24 42 0 8 0.00276939151809
26 60 0 8 0.00276913470589
38 61 0 8 0.00276166526601
49 70 0 8 0.00275881448761
33 38 0 8 0.00275853392668
23 41 0 8 0.00275611365214
33 57 0 8 0.00275179045275
10 23 0 8 0.00274285604246
17 23 0 8 0.00273840269074
30 64 0 8 0.00273553677835
71 87 0 8 0.00273285317235
9 68 0 8 0.00273194490001
22 30 0 8 0.00272934674285
9 66 0 8 0.00272696721368
50 68 0 8 0.0027219094336
11 53 0 8 0.00272014830261
10 78 0 8 0.00271888868883
19 48 0 8 0.00271811825223
19 32 0 8 0.00271042669192
53 75 0 8 0.00270745065063
67 87 0 8 0.00270283897407
6 84 0 8 0.00269868667237
22 62 0 8 0.00269683683291
25 51 0 8 0.00269538513385
19 54 0 8 0.00268682884052
79 85 0 8 0.00267700548284
35 54 0 8 0.0026764695067
50 75 0 8 0.00267315865494
15 22 0 8 0.00267049157992
45 59 0 8 0.00267030228861
35 62 0 8 0.00266845524311
2 46 0 8 0.00266292551532
10 30 0 8 0.0026578695979
46 51 0 8 0.00265480647795
48 55 0 8 0.00265453755856
51 72 0 8 0.00265278457664
21 54 0 8 0.00264462316409
69 87 0 8 0.00264245201834
38 53 0 8 0.00264020101167
53 68 0 8 0.00263695605099
28 87 0 8 0.00263108708896
21 74 0 8 0.00262622768059
33 73 0 8 0.00262258062139
7 28 0 8 0.00262137618847
24 49 0 8 0.00261994148605
32 36 0 8 0.00261923996732
52 81 0 8 0.00261727161705
52 78 0 8 0.002615342848
50 71 0 8 0.00261248112656
14 53 0 8 0.00261236284859
24 43 0 8 0.00260345148854
37 56 0 8 0.00259585515596
39 52 0 8 0.00259524048306
49 68 0 8 0.00259300484322
21 73 0 8 0.00259052077308
13 52 0 8 0.00258983601816
25 60 0 8 0.00257901335135
20 41 0 8 0.0025739511475
37 53 0 8 0.0025721155107
13 50 0 8 0.00256878649816
25 52 0 8 0.00256756879389
10 46 0 8 0.0025657156948
48 83 0 8 0.00256552523933
50 58 0 8 0.00255807093345
28 46 0 8 0.00255245389417
50 55 0 8 0.00254783383571
64 72 0 8 0.0025459791068
29 77 0 8 0.0025434193667
25 61 0 8 0.00253913574852
25 44 0 8 0.00253355642781
40 58 0 8 0.00253320811316
8 30 0 8 0.0025297801476
54 74 0 8 0.00252591236494
3 50 0 8 0.00252466322854
35 84 0 8 0.00251596746966
31 36 0 8 0.0025118815247
12 24 0 8 0.00250722630881
6 22 0 8 0.00250021927059
40 53 0 8 0.00249038008042
43 52 0 8 0.00248750206083
34 53 0 8 0.0024831907358
6 50 0 8 0.00247941166162
10 69 0 8 0.00247835880145
29 67 0 8 0.0024691959843
11 32 0 8 0.00246616289951
39 59 0 8 0.0024641896598
37 59 0 8 0.00246121641248
17 84 0 8 0.00245782150887
49 75 0 8 0.00245753489435
10 87 0 8 0.00245442963205
20 43 0 8 0.00245362333953
39 54 0 8 0.00245278398506
25 72 0 8 0.00244871573523
39 49 0 8 0.00244363653474
21 72 0 8 0.00244312523864
1 46 0 8 0.00244028680027
30 77 0 8 0.00243804976344
26 81 0 8 0.00242962152697
46 72 0 8 0.00242644874379
39 60 0 8 0.0024175029248
16 23 0 8 0.00241403933614
18 43 0 8 0.00241171615198
5 49 0 8 0.00240816245787
6 25 0 8 0.00239587482065
18 52 0 8 0.00239473418333
13 51 0 8 0.00239188922569
9 29 0 8 0.00239000446163
8 49 0 8 0.00238328450359
30 48 0 8 0.00236838054843
22 83 0 8 0.00236516515724
6 46 0 8 0.00236111693084
50 70 0 8 0.00235606567003
46 63 0 8 0.0023519739043
33 81 0 8 0.00235167285427
49 58 0 8 0.00234615174122
74 87 0 8 0.00234476709738
4 40 0 8 0.00233946111985
46 70 0 8 0.00233863340691
37 62 0 8 0.00233719870448
14 32 0 8 0.00233433512039
46 71 0 8 0.00232817442156
10 21 0 8 0.00232136063278
28 52 0 8 0.00231346045621
21 80 0 8 0.00230840197764
81 87 0 8 0.00230471417308
49 67 0 8 0.00229857536033
10 85 0 8 0.00229591876268
21 26 0 8 0.00229580164887
52 84 0 8 0.00229399162345
26 44 0 8 0.00227851839736
22 81 0 8 0.00227727647871
58 82 0 8 0.00227716052905
10 51 0 8 0.00227526878007
28 43 0 8 0.00227235211059
9 32 0 8 0.00226736976765
46 78 0 8 0.00226497929543
36 62 0 8 0.00226471410133
28 33 0 8 0.00226053106599
25 87 0 8 0.00225832755677
25 82 0 8 0.00225728540681
26 42 0 8 0.00225569447502
42 62 0 8 0.00225434591994
27 66 0 8 0.00224883435294
39 53 0 8 0.00224155792966
22 70 0 8 0.00223286938854
10 26 0 8 0.0022325029131
1 53 0 8 0.00222760206088
21 43 0 8 0.00222732010297
46 86 0 8 0.00221726717427
30 53 0 8 0.00221152207814
16 46 0 8 0.00221026176587
36 58 0 8 0.00220465031452
80 86 0 8 0.00219899439253
8 46 0 8 0.00219165440649
16 54 0 8 0.00218921387568
64 74 0 8 0.00218907836825
18 44 0 8 0.00218639499508
48 72 0 8 0.00218041939661
47 59 0 8 0.00217120465823
2 53 0 8 0.00216617225669
31 61 0 8 0.0021647401154
12 32 0 8 0.00215677125379
27 45 0 8 0.00215254328214
22 84 0 8 0.00214136345312
73 87 0 8 0.00213255896233
48 84 0 8 0.00213030842133
28 61 0 8 0.00212552561425
10 29 0 8 0.00211999332532
11 31 0 8 0.002117308788
58 83 0 8 0.00211257487535
30 79 0 8 0.00211018091068
28 64 0 8 0.00210884376429
46 73 0 8 0.00210652709939
10 52 0 8 0.00210454128683
27 48 0 8 0.00209728535265
22 73 0 8 0.00209627486765
4 46 0 8 0.00209353049286
36 60 0 8 0.00209099380299
12 53 0 8 0.00208600005135
9 28 0 8 0.00208244961686
76 83 0 8 0.0020824347157
30 69 0 8 0.00208170851693
32 53 0 8 0.00207626819611
22 68 0 8 0.00207469402812
31 53 0 8 0.00207331543788
26 68 0 8 0.00206770235673
18 26 0 8 0.0020639738068
22 51 0 8 0.00206283782609
26 65 0 8 0.00205623917282
36 56 0 8 0.00205513555557
35 80 0 8 0.00205244030803
11 26 0 8 0.00205188570544
30 34 0 8 0.00204656040296
46 65 0 8 0.00204292521812
19 50 0 8 0.00204139761627
10 20 0 8 0.00203883554786
26 47 0 8 0.00203720433637
26 62 0 8 0.00203692703508
16 84 0 8 0.002031509066
13 84 0 8 0.0020311078988
27 74 0 8 0.00202988949604
40 54 0 8 0.00202821614221
46 68 0 8 0.00202821311541
27 43 0 8 0.00201940606348
25 62 0 8 0.00201780558564
41 61 0 8 0.00201593688689
30 75 0 8 0.00200622202829
50 73 0 8 0.002004125854
18 56 0 8 0.00199797516689
26 43 0 8 0.00199627387337
22 64 0 8 0.00198662886396
27 49 0 8 0.00198473152705
37 60 0 8 0.00198212824762
27 42 0 8 0.00198166887276
10 48 0 8 0.00198136339895
32 84 0 8 0.00197876640595
1 7 0 8 0.00197754614055
10 83 0 8 0.00197697803378
27 77 0 8 0.00197180639952
9 67 0 8 0.00197107181884
28 63 0 8 0.00196737190709
15 52 0 8 0.0019663637504
53 70 0 8 0.00196465384215
25 42 0 8 0.0019589504227
10 84 0 8 0.0019448910607
22 28 0 8 0.00194038404152
28 60 0 8 0.0019403276965
6 49 0 8 0.0019369822694
10 68 0 8 0.00193370238412
25 73 0 8 0.00193101714831
38 54 0 8 0.00191838364117
10 81 0 8 0.00191806408111
25 70 0 8 0.00191643810831
21 50 0 8 0.00191529921722
30 68 0 8 0.00191090512089
46 62 0 8 0.0019003484631
16 50 0 8 0.00189999036957
72 87 0 8 0.0018995545106
55 80 0 8 0.00189908896573
38 58 0 8 0.00189737055916
19 84 0 8 0.00189708173275
50 72 0 8 0.00189486099407
54 78 0 8 0.00189348973799
19 39 0 8 0.00188757386059
39 62 0 8 0.00188467337284
46 77 0 8 0.00188348791562
9 82 0 8 0.00188278441783
45 51 0 8 0.00187813583761
30 45 0 8 0.00187489832751
65 74 0 8 0.00187356211245
50 79 0 8 0.00186961330473
29 49 0 8 0.00186715531163
24 44 0 8 0.00186523771845
22 65 0 8 0.00185982324183
50 78 0 8 0.00185321643949
25 84 0 8 0.00184968975373
47 83 0 8 0.00184435630217
65 71 0 8 0.00184134428855
14 31 0 8 0.00183246762026
38 60 0 8 0.00183166621719
3 49 0 8 0.00183004885912
3 25 0 8 0.00182977097575
34 80 0 8 0.0018281674711
39 58 0 8 0.00182778027374
45 83 0 8 0.00181045057252
25 76 0 8 0.00180640327744
50 81 0 8 0.00180316378828
8 27 0 8 0.0018013229128
28 80 0 8 0.00179492530879
15 46 0 8 0.00179456826299
20 38 0 8 0.00178870104719
39 61 0 8 0.00178788136691
56 82 0 8 0.00178182474338
21 47 0 8 0.00177472573705
10 32 0 8 0.00177221605554
74 83 0 8 0.00177180103492
31 42 0 8 0.00177108694334
22 75 0 8 0.00176998111419
53 69 0 8 0.0017668827204
15 54 0 8 0.00176405988168
33 79 0 8 0.00175673549529
20 84 0 8 0.00174539384898
45 61 0 8 0.00174355541822
68 84 0 8 0.00174241873901
23 53 0 8 0.00173871358857
63 72 0 8 0.00173448456917
24 41 0 8 0.00173419550993
18 50 0 8 0.00172871386167
29 74 0 8 0.00172815029509
22 43 0 8 0.00172133510932
42 61 0 8 0.0017198510468
18 47 0 8 0.00171241885982
22 35 0 8 0.00169495493174
22 42 0 8 0.00168356439099
41 58 0 8 0.00168309477158
50 77 0 8 0.00167795806192
41 59 0 8 0.0016766062472
3 46 0 8 0.0016667424934
10 25 0 8 0.00165740295779
14 24 0 8 0.00165459571872
47 84 0 8 0.00165121385362
3 10 0 8 0.00164983957075
17 46 0 8 0.00164733128622
25 75 0 8 0.0016467833193
63 71 0 8 0.00163608335424
79 86 0 8 0.00162887142505
21 49 0 8 0.0016242362326
29 42 0 8 0.00162259244826
56 74 0 8 0.00162132293917
16 52 0 8 0.00162130210083
56 78 0 8 0.00161590357311
26 36 0 8 0.00161251227837
22 74 0 8 0.00159889785573
29 39 0 8 0.001595021924
72 80 0 8 0.00159492786042
30 84 0 8 0.00159372703638
18 23 0 8 0.00158925971482
25 64 0 8 0.00158841419034
10 49 0 8 0.00158700591419
28 78 0 8 0.00158588890918
23 43 0 8 0.00158419786021
28 34 0 8 0.00157853402197
58 84 0 8 0.00157461373601
29 66 0 8 0.0015714825131
46 81 0 8 0.00156989879906
24 53 0 8 0.0015698367497
22 40 0 8 0.00156901637092
67 84 0 8 0.00156563310884
54 79 0 8 0.00155657099094
33 84 0 8 0.00155614700634
28 50 0 8 0.00155154336244
26 53 0 8 0.00154573272448
66 72 0 8 0.00153472798411
25 45 0 8 0.00153313670307
54 80 0 8 0.00153289735317
26 41 0 8 0.00153203262016
25 78 0 8 0.00152527133469
26 50 0 8 0.00152159191202
30 82 0 8 0.00152140203863
20 39 0 8 0.00151998805813
30 62 0 8 0.00151635811199
25 43 0 8 0.00151529710274
5 53 0 8 0.00151486578397
25 41 0 8 0.00151350465603
15 84 0 8 0.00151214702055
25 35 0 8 0.00151067750994
10 66 0 8 0.00149624503683
25 53 0 8 0.0014856311027
24 38 0 8 0.00148529163562
74 80 0 8 0.00148004922085
53 71 0 8 0.00147875456605
37 58 0 8 0.00147534930147
57 83 0 8 0.00146929803304
13 23 0 8 0.00146860140376
52 72 0 8 0.00146533397492
29 46 0 8 0.00146439787932
40 61 0 8 0.00146063347347
3 53 0 8 0.0014580457937
28 75 0 8 0.00145564018749
38 62 0 8 0.0014538129326
48 58 0 8 0.00144721858669
21 45 0 8 0.00144477305003
50 67 0 8 0.00144064927008
28 79 0 8 0.00143922585994
25 36 0 8 0.00143076758832
27 67 0 8 0.0014205876505
10 53 0 8 0.00141675956547
35 53 0 8 0.00141134939622
17 49 0 8 0.00141118338797
73 84 0 8 0.00140932539944
56 77 0 8 0.00140806287527
30 43 0 8 0.00140668451786
9 25 0 8 0.00138994096778
15 21 0 8 0.00137816369534
28 42 0 8 0.00137403153349
16 31 0 8 0.00137333816383
22 66 0 8 0.00137069739867
24 37 0 8 0.00136793009005
49 73 0 8 0.00136713823304
18 49 0 8 0.00136141479015
46 66 0 8 0.00136133574415
70 84 0 8 0.0013538915664
30 65 0 8 0.00135353626683
2 11 0 8 0.00134879897814
44 63 0 8 0.00134787813295
46 79 0 8 0.00134782935493
25 69 0 8 0.0013464334188
26 46 0 8 0.0013452997664
46 83 0 8 0.00134378043003
45 84 0 8 0.00134317134507
19 24 0 8 0.00133763160557
11 30 0 8 0.00133388058748
56 84 0 8 0.00132164789829
21 39 0 8 0.00132028781809
30 66 0 8 0.00131755636539
46 69 0 8 0.00131342734676
19 52 0 8 0.00131336657796
53 78 0 8 0.00131096097175
46 80 0 8 0.00130703626201
56 83 0 8 0.00129600439686
32 81 0 8 0.00129584083334
25 79 0 8 0.00129255396314
30 41 0 8 0.00128714425955
22 48 0 8 0.00128675380256
39 55 0 8 0.00128299870994
53 74 0 8 0.001278145588
21 40 0 8 0.00127728213556
19 45 0 8 0.00127698783763
20 44 0 8 0.00127518712543
44 51 0 8 0.00126227585133
15 31 0 8 0.00126097921748
25 74 0 8 0.0012573992135
18 31 0 8 0.00125352840405
10 24 0 8 0.00124891218729
13 49 0 8 0.00124650029466
76 84 0 8 0.00124603311997
50 74 0 8 0.00124524533749
53 67 0 8 0.00123908941168
30 67 0 8 0.00123761210125
33 53 0 8 0.00123388960492
41 60 0 8 0.00122864730656
28 70 0 8 0.00122335855849
13 53 0 8 0.00122097495478
18 46 0 8 0.00121891638264
40 57 0 8 0.00121890939772
4 25 0 8 0.00121884502005
28 84 0 8 0.00121601379942
10 31 0 8 0.00120642827824
74 84 0 8 0.0012059394503
25 65 0 8 0.00120345840696
26 67 0 8 0.0011979395058
28 83 0 8 0.00119459629059
26 66 0 8 0.00118868192658
1 9 0 8 0.00118745409418
22 52 0 8 0.00118476676289
28 53 0 8 0.00117963238154
46 82 0 8 0.00117642816622
40 60 0 8 0.00117452687118
33 39 0 8 0.00117367121857
31 41 0 8 0.00117177399807
23 49 0 8 0.0011697007576
49 74 0 8 0.0011689143721
49 78 0 8 0.00116870459169
25 48 0 8 0.00116708141286
23 37 0 8 0.00116686418187
21 44 0 8 0.00116449117195
23 45 0 8 0.0011627941858
25 77 0 8 0.00115717155859
72 83 0 8 0.00115562439896
49 77 0 8 0.00114182336256
22 69 0 8 0.00113501201849
6 53 0 8 0.00113028415944
26 40 0 8 0.00112741126213
27 35 0 8 0.00112126138993
43 54 0 8 0.00111801363528
26 35 0 8 0.00111667893361
18 53 0 8 0.00111097155605
27 36 0 8 0.0011096377857
17 22 0 8 0.00110681273509
73 83 0 8 0.00110673520248
25 63 0 8 0.00110479281284
43 64 0 8 0.00110344588757
13 24 0 8 0.0010985651752
11 25 0 8 0.00109783606604
25 81 0 8 0.00109702267218
42 60 0 8 0.00109596189577
25 40 0 8 0.00109325069934
46 67 0 8 0.00109262706246
75 84 0 8 0.00109230296221
44 50 0 8 0.00109141157009
49 72 0 8 0.00108994799666
32 39 0 8 0.0010864023352
19 44 0 8 0.00108165654819
41 62 0 8 0.00107668479905
22 67 0 8 0.00107610027771
20 45 0 8 0.00107114901766
13 31 0 8 0.0010682309512
8 28 0 8 0.00106693117414
46 61 0 8 0.001065016957
42 53 0 8 0.00106354570016
53 82 0 8 0.00105966371484
10 67 0 8 0.00105807441287
45 60 0 8 0.00105120067019
39 56 0 8 0.00105118914507
32 37 0 8 0.00105066411197
25 47 0 8 0.00105021474883
48 53 0 8 0.00104623765219
40 55 0 8 0.00104323832784
2 7 0 8 0.0010416052537
12 29 0 8 0.00104011083022
25 50 0 8 0.00103767716791
53 73 0 8 0.00103445141576
25 66 0 8 0.00102833041456
53 72 0 8 0.00102666963357
16 24 0 8 0.00102662516292
28 76 0 8 0.00102482864168
23 44 0 8 0.00102347438224
28 81 0 8 0.00102213735227
18 45 0 8 0.00102169788443
50 56 0 8 0.00101711717434
22 77 0 8 0.00101579597685
32 80 0 8 0.00101303961128
19 46 0 8 0.00101155485027
22 80 0 8 0.0010006360244
21 46 0 8 0.00099512282759
20 49 0 8 0.000986457918771
23 40 0 8 0.00098615384195
57 84 0 8 0.000982967438176
16 22 0 8 0.00098192889709
25 80 0 8 0.000980586395599
11 27 0 8 0.000980039010756
38 57 0 8 0.000976127164904
77 87 0 8 0.000968591310084
28 49 0 8 0.000963973870967
22 44 0 8 0.000960965233389
25 68 0 8 0.000957494135946
42 57 0 8 0.000955955008976
69 84 0 8 0.000954431539867
80 87 0 8 0.000949103152379
17 24 0 8 0.000945057952777
49 80 0 8 0.000944353116211
21 53 0 8 0.000943749619182
49 83 0 8 0.000943689374253
28 47 0 8 0.000938240264077
32 38 0 8 0.000937379372772
40 56 0 8 0.000936963711865
13 32 0 8 0.000934694951866
47 52 0 8 0.000932960829232
42 59 0 8 0.000927722547203
65 72 0 8 0.000922917213757
38 56 0 8 0.000917358498555
15 49 0 8 0.000913055147976
25 49 0 8 0.000907218549401
22 37 0 8 0.000902985106222
23 38 0 8 0.000901330437046
37 57 0 8 0.000895638309885
76 87 0 8 0.000895070959814
53 81 0 8 0.000881896005012
26 49 0 8 0.000874762656167
77 83 0 8 0.000872753735166
39 57 0 8 0.000861632230226
47 58 0 8 0.000859829597175
27 41 0 8 0.000857870443724
28 62 0 8 0.000853198056575
25 38 0 8 0.000852382218
28 74 0 8 0.000841001106892
43 59 0 8 0.000836795661598
24 40 0 8 0.000836616265588
29 41 0 8 0.000836393912323
10 82 0 8 0.000831494515296
72 84 0 8 0.000825666880701
23 46 0 8 0.00082496739924
53 77 0 8 0.000822154805064
28 77 0 8 0.000814356957562
79 84 0 8 0.000812705431599
20 40 0 8 0.00080604251707
71 83 0 8 0.00080554804299
17 53 0 8 0.000803906237707
28 69 0 8 0.000803808972705
42 58 0 8 0.000802740454674
27 40 0 8 0.000801373855211
49 81 0 8 0.000796078820713
27 46 0 8 0.000788943376392
2 8 0 8 0.000787205994129
79 87 0 8 0.000781094364356
65 73 0 8 0.000777775014285
28 51 0 8 0.000771239225287
10 28 0 8 0.000763547664974
50 83 0 8 0.000757194822654
1 10 0 8 0.000752789143007
24 39 0 8 0.000752783031203
44 52 0 8 0.000750935927499
28 65 0 8 0.000737580703571
33 80 0 8 0.000736013578717
23 50 0 8 0.000735413050279
12 30 0 8 0.000733380962629
53 83 0 8 0.000731984851882
46 60 0 8 0.000726646045223
15 32 0 8 0.000725703197531
15 24 0 8 0.000718395225704
26 37 0 8 0.000716887589078
1 8 0 8 0.000716108537745
27 38 0 8 0.000710265128873
42 56 0 8 0.000704866251908
49 56 0 8 0.000703030498698
20 27 0 8 0.000702037592418
49 84 0 8 0.00070114195114
28 67 0 8 0.00070093019167
46 84 0 8 0.000697259209119
16 53 0 8 0.000693024951033
44 59 0 8 0.000689824519213
50 80 0 8 0.000688862754032
26 39 0 8 0.000688677246217
25 46 0 8 0.000686546263751
28 48 0 8 0.000681667297613
47 60 0 8 0.000681601290125
22 46 0 8 0.000680748955347
45 58 0 8 0.000675543444231
71 84 0 8 0.00067152956035
50 84 0 8 0.000666752806865
27 39 0 8 0.000665582716465
30 42 0 8 0.000658676144667
12 27 0 8 0.000657044991385
28 66 0 8 0.000655982876197
18 29 0 8 0.000649019610137
44 62 0 8 0.000647430948447
53 79 0 8 0.000629404268693
42 54 0 8 0.000627578818239
26 38 0 8 0.000626906577963
45 56 0 8 0.000626865366939
12 25 0 8 0.00062593765324
19 30 0 8 0.00062498979969
15 53 0 8 0.000613435637206
18 27 0 8 0.000612991803791
41 55 0 8 0.000605127948802
25 67 0 8 0.000600899686106
28 38 0 8 0.000600401894189
46 59 0 8 0.000599966559093
44 61 0 8 0.000589842617046
78 87 0 8 0.000587302842177
25 37 0 8 0.000585690082517
43 53 0 8 0.000582931446843
20 46 0 8 0.000581025495194
18 24 0 8 0.000576812948566
13 30 0 8 0.000576021790039
43 58 0 8 0.000575157464482
48 54 0 8 0.000572832883336
53 80 0 8 0.000566823815461
16 32 0 8 0.000564496556763
24 46 0 8 0.000555257312953
41 57 0 8 0.000554372614715
22 47 0 8 0.000553735473659
41 54 0 8 0.000540229841135
44 60 0 8 0.000531264289748
22 45 0 8 0.000530901073944
53 84 0 8 0.000525550509337
25 39 0 8 0.000522760732565
31 40 0 8 0.000515686988365
12 26 0 8 0.000513548089657
14 30 0 8 0.000510971643962
11 29 0 8 0.000510848709382
48 56 0 8 0.000505294709001
19 49 0 8 0.000496003311127
28 40 0 8 0.000495797023177
20 53 0 8 0.000488687190227
44 58 0 8 0.000487623969093
30 40 0 8 0.000482767121866
17 32 0 8 0.000482533418108
22 38 0 8 0.000481733033666
75 87 0 8 0.000478946021758
23 39 0 8 0.000475711916806
43 55 0 8 0.000475342705613
29 40 0 8 0.000473379826872
49 55 0 8 0.00046795970411
45 52 0 8 0.000467641511932
22 39 0 8 0.0004671238421
12 28 0 8 0.000456369656604
29 36 0 8 0.000456038484117
44 53 0 8 0.000447266822448
28 82 0 8 0.000440062052803
43 57 0 8 0.000439958646894
47 54 0 8 0.000432890112279
18 30 0 8 0.000426883430919
46 58 0 8 0.000424773839768
14 29 0 8 0.000424648926128
22 53 0 8 0.000422562850872
45 53 0 8 0.0004181972472
2 10 0 8 0.000418033450842
45 54 0 8 0.000414076028392
14 25 0 8 0.000409927422879
28 68 0 8 0.000400365592213
22 50 0 8 0.000397583062295
21 27 0 8 0.0003927819198
42 55 0 8 0.000392045330955
11 28 0 8 0.000390201923437
28 39 0 8 0.000388073123759
41 53 0 8 0.00038605183363
77 84 0 8 0.000384480808862
2 9 0 8 0.000377505668439
31 39 0 8 0.000375448435079
30 36 0 8 0.000365186278941
41 56 0 8 0.000362364255125
28 41 0 8 0.000357814569725
27 37 0 8 0.000357480283128
50 57 0 8 0.00035217765253
19 29 0 8 0.000351700349711
46 57 0 8 0.000339304708177
31 37 0 8 0.000338714569807
44 54 0 8 0.000336392899044
13 26 0 8 0.000331397721311
20 25 0 8 0.00032967023435
13 29 0 8 0.00032675897819
19 53 0 8 0.000322829611832
14 27 0 8 0.000317711383104
20 26 0 8 0.000311477575451
28 35 0 8 0.000310397095745
48 57 0 8 0.000307999900542
30 39 0 8 0.000305692054098
19 26 0 8 0.000302631582599
31 38 0 8 0.000299228413496
47 55 0 8 0.000293303484796
18 25 0 8 0.000290185213089
30 35 0 8 0.000289905903628
29 35 0 8 0.000286379974568
22 49 0 8 0.000281549961073
21 28 0 8 0.000271252880339
19 27 0 8 0.000268386851531
14 26 0 8 0.000262334855506
49 57 0 8 0.000260202563368
30 38 0 8 0.000259539549006
17 27 0 8 0.00025110587012
17 26 0 8 0.000249433651334
46 54 0 8 0.000244982133154
15 29 0 8 0.000230296282098
45 55 0 8 0.00022847422224
13 27 0 8 0.000199130721739
47 56 0 8 0.000199013229576
45 57 0 8 0.000195396351046
15 26 0 8 0.000191382947378
44 57 0 8 0.000190146442037
14 28 0 8 0.000185626733582
28 36 0 8 0.000183617827133
78 84 0 8 0.000182345567737
44 55 0 8 0.000181606737897
43 56 0 8 0.00017935190408
29 38 0 8 0.000169208797161
47 57 0 8 0.000168610946275
46 52 0 8 0.000167995342053
16 30 0 8 0.000166689642356
16 26 0 8 0.000165421530255
29 37 0 8 0.000163008968229
44 56 0 8 0.000148218867253
19 25 0 8 0.000146782171214
28 37 0 8 0.000146519843838
20 28 0 8 0.000136686474434
46 53 0 8 0.000129914085846
30 37 0 8 0.000129057443701
46 55 0 8 0.000124878220959
17 29 0 8 0.000120765893371
13 28 0 8 0.000119037431432
13 25 0 8 0.000112959591206
15 30 0 8 0.000111052839202
19 28 0 8 0.000109630615043
47 53 0 8 0.000109480286483
16 27 0 8 9.94328074739e-05
18 28 0 8 9.81705234153e-05
46 56 0 8 9.69483007793e-05
17 30 0 8 9.10170347197e-05
15 25 0 8 8.82976091816e-05
16 25 0 8 8.82132808329e-05
16 29 0 8 8.72776581673e-05
17 28 0 8 8.30715434859e-05
17 25 0 8 7.95588202891e-05
15 27 0 8 6.38010315015e-05
15 28 0 8 5.60255793971e-05
16 28 0 8 2.80271888187e-05
