9 10 0 8 0.999998271465
18 19 0 8 0.999998152256
69 70 0 8 0.999996721745
11 12 0 8 0.999996721745
19 20 0 8 0.99999666214
52 53 0 8 0.999996542931
72 73 0 8 0.999996542931
68 69 0 8 0.999996185303
50 51 0 8 0.99999588728
21 22 0 8 0.999995827675
36 37 0 8 0.999995648861
20 21 0 8 0.999995231628
10 11 0 8 0.999994695187
55 56 0 8 0.999993801117
70 71 0 8 0.99999332428
49 50 0 8 0.999993264675
79 80 0 8 0.999992787838
4 5 0 8 0.999992370605
80 81 0 8 0.999992132187
16 17 0 8 0.999991059303
12 13 0 8 0.999990940094
17 18 0 8 0.999989807606
51 52 0 8 0.999988853931
48 49 0 8 0.999988734722
39 40 0 8 0.999988019466
60 61 0 8 0.999987900257
8 9 0 8 0.999987244606
32 33 0 8 0.999986767769
14 15 0 8 0.999986588955
33 34 0 8 0.999985933304
13 14 0 8 0.999985814095
54 55 0 8 0.999985635281
2 3 0 8 0.999985396862
40 41 0 8 0.999984920025
73 74 0 8 0.999984383583
59 60 0 8 0.999984383583
65 66 0 8 0.999983251095
74 75 0 8 0.999981045723
34 35 0 8 0.999980926514
71 72 0 8 0.999979734421
29 30 0 8 0.999977350235
42 43 0 8 0.999976217747
15 16 0 8 0.999973297119
58 59 0 8 0.999972999096
31 32 0 8 0.999972999096
56 57 0 8 0.999972522259
22 23 0 8 0.999971389771
5 6 0 8 0.999971210957
61 62 0 8 0.999969065189
67 68 0 8 0.999966144562
3 4 0 8 0.999962091446
75 76 0 8 0.999958395958
23 24 0 8 0.999955177307
6 7 0 8 0.999955058098
76 77 0 8 0.999954581261
38 39 0 8 0.999951541424
30 31 0 8 0.999949514866
24 25 0 8 0.999948620796
77 78 0 8 0.99994546175
78 79 0 8 0.999942660332
35 36 0 8 0.999941051006
7 8 0 8 0.999935209751
46 47 0 8 0.999934017658
57 58 0 8 0.999933004379
1 2 0 8 0.99993044138
44 45 0 8 0.999911904335
37 38 0 8 0.999911725521
41 42 0 8 0.999899864197
47 48 0 8 0.999898672104
53 54 0 8 0.999850809574
45 46 0 8 0.999831259251
43 44 0 8 0.999795734882
27 28 0 8 0.999795615673
63 64 0 8 0.999759733677
66 67 0 8 0.99971050024
62 63 0 8 0.999600529671
25 26 0 8 0.999362587929
28 29 0 8 0.999351084232
26 27 0 8 0.998940348625
64 65 0 8 0.998930573463
52 54 0 8 0.994890391827
52 55 0 8 0.994791269302
20 22 0 8 0.994240522385
36 38 0 8 0.99360114336
72 74 0 8 0.993454515934
51 53 0 8 0.993415951729
55 57 0 8 0.993380665779
56 59 0 8 0.993133604527
68 70 0 8 0.992830097675
15 17 0 8 0.992568671703
19 21 0 8 0.992470562458
73 75 0 8 0.99246442318
12 14 0 8 0.992388546467
35 37 0 8 0.992229819298
16 18 0 8 0.992170214653
69 71 0 8 0.991555333138
13 16 0 8 0.990674436092
20 23 0 8 0.990524470806
56 58 0 8 0.990209460258
69 72 0 8 0.989827036858
37 39 0 8 0.989651024342
13 15 0 8 0.989530563354
36 39 0 8 0.98944735527
11 13 0 8 0.989139914513
53 56 0 8 0.989127457142
39 41 0 8 0.988842785358
70 72 0 8 0.987406253815
75 77 0 8 0.986399829388
16 19 0 8 0.986189007759
34 36 0 8 0.986182510853
73 76 0 8 0.985874354839
54 56 0 8 0.985689759254
52 56 0 8 0.985350251198
33 35 0 8 0.985039949417
54 57 0 8 0.984872341156
32 34 0 8 0.984457075596
51 54 0 8 0.983630895615
17 19 0 8 0.98349148035
18 20 0 8 0.983028948307
38 40 0 8 0.982831656933
53 55 0 8 0.982392847538
76 78 0 8 0.980962514877
71 73 0 8 0.980405032635
20 72 0 8 0.979465842247
34 37 0 8 0.978955745697
55 58 0 8 0.978900313377
72 75 0 8 0.978854477406
48 51 0 8 0.978779494762
14 16 0 8 0.978611469269
10 12 0 8 0.978127121925
37 40 0 8 0.977637350559
16 20 0 8 0.977421760559
53 57 0 8 0.977372944355
50 52 0 8 0.977282762527
19 22 0 8 0.976949632168
77 79 0 8 0.976569414139
49 51 0 8 0.97590970993
40 42 0 8 0.974503159523
20 69 0 8 0.973922848701
74 76 0 8 0.973813593388
33 36 0 8 0.973725557327
12 15 0 8 0.973159193993
17 20 0 8 0.972781658173
38 41 0 8 0.971922874451
68 71 0 8 0.971882402897
35 38 0 8 0.971622526646
31 67 0 8 0.971312820911
36 40 0 8 0.970944404602
18 21 0 8 0.969214260578
9 12 0 8 0.968430101871
49 52 0 8 0.967844545841
69 73 0 8 0.966892123222
72 76 0 8 0.966766059399
73 77 0 8 0.966740131378
37 41 0 8 0.966163694859
70 73 0 8 0.965517640114
10 13 0 8 0.964484512806
55 59 0 8 0.961898624897
40 43 0 8 0.961837649345
33 37 0 8 0.961694598198
50 53 0 8 0.96048283577
74 77 0 8 0.960440993309
32 35 0 8 0.957126498222
39 42 0 8 0.956680178642
14 17 0 8 0.955117225647
13 17 0 8 0.954336345196
48 50 0 8 0.95186072588
76 79 0 8 0.946963429451
31 36 0 8 0.946147501469
4 6 0 8 0.945394039154
75 78 0 8 0.945005655289
60 62 0 8 0.944227933884
17 21 0 8 0.943489134312
70 74 0 8 0.942850351334
11 14 0 8 0.942729771137
71 74 0 8 0.942528069019
51 55 0 8 0.939908027649
15 18 0 8 0.939621150494
12 16 0 8 0.938046693802
23 35 0 8 0.936843395233
37 52 0 8 0.936808645725
32 36 0 8 0.9366132617
54 58 0 8 0.936275959015
9 11 0 8 0.9362590909
77 80 0 8 0.934941828251
59 75 0 8 0.934638679028
19 23 0 8 0.932401061058
32 66 0 8 0.931447565556
48 52 0 8 0.928934812546
3 5 0 8 0.927939534187
30 68 0 8 0.927310943604
68 72 0 8 0.926644086838
18 22 0 8 0.925925910473
40 52 0 8 0.921804785728
16 73 0 8 0.921264469624
49 53 0 8 0.91999489069
36 52 0 8 0.919043242931
33 56 0 8 0.918524444103
74 78 0 8 0.917667984962
36 56 0 8 0.917032778263
20 24 0 8 0.915641546249
13 73 0 8 0.913183629513
38 42 0 8 0.912666857243
50 54 0 8 0.91264039278
35 39 0 8 0.912111341953
78 80 0 8 0.906181633472
41 43 0 8 0.905022382736
39 43 0 8 0.904051065445
56 60 0 8 0.900816261768
43 45 0 8 0.898073136806
22 24 0 8 0.89654558897
36 55 0 8 0.895442187786
47 51 0 8 0.895258247852
21 24 0 8 0.89496833086
34 38 0 8 0.894826769829
9 13 0 8 0.891411423683
16 76 0 8 0.891402721405
16 72 0 8 0.890346705914
47 52 0 8 0.885178148746
58 60 0 8 0.88291144371
5 7 0 8 0.882131278515
67 71 0 8 0.876532554626
24 26 0 8 0.872117340565
8 12 0 8 0.870821297169
71 75 0 8 0.869337439537
21 23 0 8 0.866913855076
26 28 0 8 0.862567663193
33 52 0 8 0.862354040146
14 18 0 8 0.860749304295
59 72 0 8 0.860435128212
10 14 0 8 0.85873478651
67 72 0 8 0.856442809105
8 13 0 8 0.855622470379
57 60 0 8 0.84964877367
62 64 0 8 0.849593937397
29 69 0 8 0.847967803478
75 79 0 8 0.847182869911
15 19 0 8 0.840176105499
30 66 0 8 0.840089023113
29 31 0 8 0.838675558567
27 29 0 8 0.833156824112
31 35 0 8 0.830162763596
36 67 0 8 0.83006644249
2 4 0 8 0.825707376003
28 30 0 8 0.82320100069
64 66 0 8 0.82149720192
63 65 0 8 0.821032166481
59 71 0 8 0.81973272562
55 75 0 8 0.816581130028
45 47 0 8 0.810366153717
79 81 0 8 0.80891263485
6 8 0 8 0.807958006859
11 15 0 8 0.80178385973
60 63 0 8 0.80067640543
23 39 0 8 0.797690331936
57 59 0 8 0.795588612556
4 7 0 8 0.795316100121
76 80 0 8 0.789596915245
65 67 0 8 0.789428889751
31 66 0 8 0.786081731319
5 8 0 8 0.779471337795
31 72 0 8 0.754458367825
67 69 0 8 0.740456044674
1 3 0 8 0.73859256506
24 29 0 8 0.73771828413
23 25 0 8 0.735168874264
30 67 0 8 0.728651881218
42 44 0 8 0.728375017643
60 65 0 8 0.726373255253
61 63 0 8 0.725423336029
22 25 0 8 0.723749518394
22 39 0 8 0.715923368931
29 68 0 8 0.7149335742
66 68 0 8 0.708730101585
17 69 0 8 0.705243825912
30 32 0 8 0.703494668007
59 67 0 8 0.698156476021
3 6 0 8 0.694048464298
24 27 0 8 0.689509212971
8 10 0 8 0.683834433556
77 81 0 8 0.683717310429
78 81 0 8 0.681866288185
4 8 0 8 0.680735468864
26 35 0 8 0.669625639915
40 47 0 8 0.665107548237
44 46 0 8 0.661136686802
19 39 0 8 0.66051119566
33 53 0 8 0.648394703865
25 27 0 8 0.639414429665
23 36 0 8 0.638448834419
23 72 0 8 0.638095617294
23 31 0 8 0.637441456318
40 45 0 8 0.631845533848
60 71 0 8 0.624900698662
7 9 0 8 0.621477603912
41 44 0 8 0.60007673502
8 73 0 8 0.59393042326
40 44 0 8 0.593052148819
59 74 0 8 0.57989948988
33 65 0 8 0.579397320747
2 5 0 8 0.578021705151
25 38 0 8 0.575668215752
8 16 0 8 0.572119057178
46 48 0 8 0.568902015686
16 69 0 8 0.561629295349
31 39 0 8 0.56139844656
62 71 0 8 0.55662882328
59 61 0 8 0.555139958858
28 35 0 8 0.552010655403
58 75 0 8 0.538877427578
3 7 0 8 0.537647604942
32 65 0 8 0.517453730106
37 49 0 8 0.517238855362
22 42 0 8 0.513602972031
47 55 0 8 0.511562168598
37 47 0 8 0.510337173939
21 25 0 8 0.506162703037
28 66 0 8 0.501438558102
1 5 0 8 0.501131653786
31 33 0 8 0.499067723751
2 6 0 8 0.495961129665
21 69 0 8 0.494508117437
24 35 0 8 0.484281241894
36 59 0 8 0.484083741903
19 72 0 8 0.468839436769
20 31 0 8 0.451174497604
47 49 0 8 0.439585596323
57 61 0 8 0.438229203224
40 46 0 8 0.436992049217
21 27 0 8 0.43187174201
60 67 0 8 0.424409896135
58 61 0 8 0.420535326004
60 64 0 8 0.414042323828
43 52 0 8 0.412756204605
24 31 0 8 0.400423288345
31 68 0 8 0.392262488604
23 67 0 8 0.386808723211
20 39 0 8 0.384952813387
55 72 0 8 0.381790518761
39 55 0 8 0.375528633595
33 66 0 8 0.37386187911
41 45 0 8 0.36384755373
64 71 0 8 0.361975848675
20 67 0 8 0.353890538216
40 55 0 8 0.352094590664
41 46 0 8 0.349786877632
30 64 0 8 0.344558924437
1 4 0 8 0.328885167837
31 69 0 8 0.309145003557
40 51 0 8 0.305757761002
19 75 0 8 0.305147767067
5 70 0 8 0.303031057119
39 72 0 8 0.299023717642
25 35 0 8 0.299000948668
24 30 0 8 0.295021981001
41 52 0 8 0.287892907858
41 47 0 8 0.284296363592
19 76 0 8 0.284215629101
20 36 0 8 0.275368094444
24 67 0 8 0.274649053812
20 73 0 8 0.27248775959
62 65 0 8 0.265754371881
19 42 0 8 0.265186488628
36 69 0 8 0.263197153807
23 43 0 8 0.261322915554
32 67 0 8 0.257588237524
26 29 0 8 0.257004529238
56 67 0 8 0.25607714057
42 51 0 8 0.251445323229
13 69 0 8 0.245045825839
60 66 0 8 0.243989601731
40 69 0 8 0.241449207067
39 45 0 8 0.240694060922
26 32 0 8 0.230313748121
61 74 0 8 0.227021202445
22 76 0 8 0.22429138422
33 49 0 8 0.223599374294
61 71 0 8 0.223413690925
62 68 0 8 0.220172181726
43 47 0 8 0.218426808715
21 29 0 8 0.216054543853
19 43 0 8 0.212457329035
20 29 0 8 0.210504204035
25 29 0 8 0.209075719118
59 65 0 8 0.207927882671
39 47 0 8 0.206625059247
46 51 0 8 0.206586822867
8 76 0 8 0.206335738301
59 76 0 8 0.203992336988
36 76 0 8 0.202216282487
29 67 0 8 0.201898887753
64 68 0 8 0.201771065593
20 55 0 8 0.199808508158
67 75 0 8 0.199579268694
60 68 0 8 0.197441965342
5 9 0 8 0.193780377507
31 65 0 8 0.192616909742
24 32 0 8 0.192156001925
44 52 0 8 0.190393164754
24 28 0 8 0.190008759499
19 36 0 8 0.189115166664
28 32 0 8 0.184676706791
40 48 0 8 0.184644982219
43 55 0 8 0.177304014564
26 31 0 8 0.174165576696
5 73 0 8 0.173007801175
22 26 0 8 0.171507135034
55 76 0 8 0.17116484046
43 46 0 8 0.170314908028
23 42 0 8 0.169806912541
44 47 0 8 0.168308004737
62 66 0 8 0.168171793222
52 67 0 8 0.165027499199
56 65 0 8 0.164754405618
12 73 0 8 0.161379158497
56 61 0 8 0.160425469279
43 51 0 8 0.156909450889
58 62 0 8 0.156819745898
23 27 0 8 0.153084233403
23 29 0 8 0.152841091156
22 43 0 8 0.150362253189
25 31 0 8 0.14758759737
20 25 0 8 0.147575363517
33 59 0 8 0.147108465433
19 59 0 8 0.142024710774
29 66 0 8 0.140881732106
17 73 0 8 0.140304282308
29 65 0 8 0.138294532895
36 72 0 8 0.138220861554
29 32 0 8 0.136373594403
63 66 0 8 0.13513982296
30 69 0 8 0.134835660458
57 63 0 8 0.134718805552
25 28 0 8 0.131866335869
40 56 0 8 0.130413427949
44 51 0 8 0.129836633801
45 51 0 8 0.129453793168
29 36 0 8 0.127179041505
23 69 0 8 0.126517921686
24 36 0 8 0.126068964601
41 51 0 8 0.126026630402
26 30 0 8 0.125988230109
23 26 0 8 0.125436529517
59 63 0 8 0.125314429402
44 55 0 8 0.124747410417
32 64 0 8 0.12442176044
12 76 0 8 0.124146051705
66 71 0 8 0.122539103031
24 69 0 8 0.120555333793
20 68 0 8 0.120116651058
42 52 0 8 0.119365312159
60 72 0 8 0.118613876402
30 35 0 8 0.116772592068
45 52 0 8 0.116769321263
39 52 0 8 0.11635068059
23 75 0 8 0.116035528481
5 74 0 8 0.115935720503
20 26 0 8 0.11428039521
16 31 0 8 0.114193104208
75 80 0 8 0.113403186202
26 66 0 8 0.113210558891
61 64 0 8 0.113128311932
7 12 0 8 0.111627608538
56 76 0 8 0.111568167806
62 67 0 8 0.111219972372
20 40 0 8 0.109731905162
22 29 0 8 0.109666191041
5 13 0 8 0.10653179884
31 71 0 8 0.106305301189
16 59 0 8 0.10606598109
22 31 0 8 0.105552636087
61 65 0 8 0.105084128678
46 52 0 8 0.105021342635
52 72 0 8 0.104723267257
36 47 0 8 0.104394324124
35 67 0 8 0.104224584997
27 30 0 8 0.104185573757
76 81 0 8 0.104102380574
23 38 0 8 0.103917524219
19 55 0 8 0.10279006511
42 45 0 8 0.102094851434
15 43 0 8 0.10179591924
16 36 0 8 0.101177938282
64 67 0 8 0.100824959576
59 69 0 8 0.100163601339
33 67 0 8 0.0999238938093
22 75 0 8 0.0990739017725
61 67 0 8 0.0971495211124
25 39 0 8 0.095780402422
20 35 0 8 0.0940814390779
59 64 0 8 0.0929509699345
16 39 0 8 0.0928295329213
40 59 0 8 0.0921514108777
23 40 0 8 0.0908380746841
6 9 0 8 0.0901798903942
44 48 0 8 0.0896063894033
65 72 0 8 0.089431591332
20 59 0 8 0.0893881097436
37 53 0 8 0.089089371264
55 67 0 8 0.0884106755257
57 65 0 8 0.0883577316999
42 47 0 8 0.0881438106298
46 49 0 8 0.0877559259534
19 31 0 8 0.0871206149459
12 80 0 8 0.0866430103779
31 63 0 8 0.0864544659853
28 65 0 8 0.0863211601973
43 69 0 8 0.0860999077559
16 40 0 8 0.0850563049316
63 67 0 8 0.0844844728708
19 69 0 8 0.0844821184874
28 68 0 8 0.0843206718564
42 55 0 8 0.0835585296154
43 72 0 8 0.0829994603992
39 56 0 8 0.0829370841384
56 71 0 8 0.0829140394926
8 11 0 8 0.0828215032816
20 27 0 8 0.0823032706976
45 48 0 8 0.0816230624914
4 55 0 8 0.0815987288952
31 60 0 8 0.0802103802562
37 46 0 8 0.0801675245166
30 65 0 8 0.0799574926496
17 29 0 8 0.0797684341669
43 48 0 8 0.0781699120998
45 55 0 8 0.0773248448968
40 76 0 8 0.0770281180739
8 80 0 8 0.0763005465269
65 71 0 8 0.0761971101165
39 59 0 8 0.0759689956903
52 80 0 8 0.0758891105652
37 56 0 8 0.0757599100471
33 60 0 8 0.0752176195383
56 73 0 8 0.0748608112335
31 55 0 8 0.0745865479112
20 76 0 8 0.0738821402192
63 68 0 8 0.0738465860486
27 31 0 8 0.07359906286
47 80 0 8 0.0732488334179
59 62 0 8 0.0731390044093
56 63 0 8 0.0729606598616
23 55 0 8 0.0721243917942
61 66 0 8 0.0719701498747
43 76 0 8 0.071969255805
13 80 0 8 0.0715691745281
65 68 0 8 0.0712178200483
16 56 0 8 0.0704737454653
27 66 0 8 0.0704512223601
13 70 0 8 0.0702563971281
29 71 0 8 0.0700483694673
25 30 0 8 0.0699726119637
31 56 0 8 0.0686236917973
16 45 0 8 0.0685633718967
31 75 0 8 0.068220064044
20 33 0 8 0.0681257247925
12 79 0 8 0.0680679231882
35 55 0 8 0.0680536925793
61 70 0 8 0.0676285177469
56 64 0 8 0.0671189278364
45 81 0 8 0.0670040398836
29 72 0 8 0.0665503144264
36 58 0 8 0.0665284320712
22 27 0 8 0.0663735046983
25 32 0 8 0.0662043020129
20 30 0 8 0.065897397697
52 79 0 8 0.0658185258508
8 74 0 8 0.065326847136
27 65 0 8 0.0651641115546
56 69 0 8 0.0649241954088
56 66 0 8 0.0644302219152
15 39 0 8 0.0637606754899
43 80 0 8 0.0636884868145
43 56 0 8 0.0633429437876
1 6 0 8 0.0627196282148
63 71 0 8 0.061689786613
21 26 0 8 0.061673656106
19 51 0 8 0.0613828450441
8 55 0 8 0.0604200474918
27 35 0 8 0.0596591308713
45 49 0 8 0.0595713555813
56 72 0 8 0.0587772428989
17 70 0 8 0.0586735494435
49 81 0 8 0.0584322251379
39 67 0 8 0.057917021215
16 80 0 8 0.0577872395515
52 73 0 8 0.0573734007776
42 46 0 8 0.0570610947907
15 76 0 8 0.0566207319498
20 37 0 8 0.0561021640897
7 13 0 8 0.0560380853713
21 31 0 8 0.0558136925101
36 80 0 8 0.0555893033743
20 75 0 8 0.0554293319583
37 80 0 8 0.0550719499588
56 75 0 8 0.0550620518625
16 43 0 8 0.0544052645564
20 71 0 8 0.0542555004358
20 28 0 8 0.0542475655675
13 40 0 8 0.0535415932536
37 48 0 8 0.0526382215321
15 55 0 8 0.0524849072099
27 32 0 8 0.0512728728354
8 69 0 8 0.0511128865182
4 12 0 8 0.0507331676781
59 66 0 8 0.0505235008895
56 68 0 8 0.0505008585751
23 59 0 8 0.0504705868661
23 71 0 8 0.0504192188382
29 76 0 8 0.0500429421663
39 80 0 8 0.0498921871185
35 71 0 8 0.0491944365203
13 55 0 8 0.0489571914077
29 55 0 8 0.0488881468773
29 64 0 8 0.0488698147237
8 59 0 8 0.048869471997
31 59 0 8 0.0487495772541
24 72 0 8 0.0485275350511
20 32 0 8 0.0484033115208
16 75 0 8 0.0482148826122
33 57 0 8 0.0481393486261
32 68 0 8 0.0479754135013
23 76 0 8 0.047563791275
28 31 0 8 0.0474641546607
33 76 0 8 0.047375112772
30 71 0 8 0.0472530834377
23 73 0 8 0.0469361245632
40 80 0 8 0.0466437861323
25 36 0 8 0.0465702004731
27 33 0 8 0.0465113334358
19 40 0 8 0.0464437119663
24 39 0 8 0.0462929643691
43 75 0 8 0.0462657511234
56 62 0 8 0.0460011847317
4 9 0 8 0.0457455515862
29 59 0 8 0.0456338189542
47 50 0 8 0.0451232343912
39 44 0 8 0.04484673962
35 66 0 8 0.0446835793555
33 80 0 8 0.0444402694702
46 80 0 8 0.0443338304758
43 54 0 8 0.0442329980433
32 60 0 8 0.0441895648837
16 51 0 8 0.0441644638777
23 32 0 8 0.0439536422491
58 63 0 8 0.0438184961677
4 13 0 8 0.0437245741487
20 56 0 8 0.0436016917229
29 39 0 8 0.0434674024582
48 80 0 8 0.0430715531111
8 43 0 8 0.0426436960697
22 35 0 8 0.0425551906228
51 80 0 8 0.0425516366959
45 80 0 8 0.0424594506621
19 35 0 8 0.0423732176423
32 63 0 8 0.0420980900526
24 66 0 8 0.04209542647
28 71 0 8 0.0420830771327
31 76 0 8 0.0420399047434
23 45 0 8 0.0419642403722
24 33 0 8 0.0419220477343
52 69 0 8 0.0413739196956
55 69 0 8 0.0412398502231
28 69 0 8 0.0411771498621
52 76 0 8 0.0411723144352
9 67 0 8 0.0407690033317
30 33 0 8 0.040715854615
8 79 0 8 0.0407024733722
9 80 0 8 0.0404528789222
55 80 0 8 0.0403918139637
57 62 0 8 0.040239777416
38 47 0 8 0.0399496853352
18 42 0 8 0.0399083457887
40 67 0 8 0.0394206643105
30 34 0 8 0.0394045524299
51 72 0 8 0.0393132120371
6 12 0 8 0.039242181927
44 56 0 8 0.0390050187707
41 48 0 8 0.038870356977
23 28 0 8 0.0384066961706
35 59 0 8 0.038135021925
8 77 0 8 0.0380187667906
19 67 0 8 0.0379877537489
16 55 0 8 0.0379405915737
30 63 0 8 0.0379299595952
23 44 0 8 0.0378068350255
45 54 0 8 0.0377083607018
12 59 0 8 0.0369961708784
9 79 0 8 0.036855623126
45 79 0 8 0.0368172042072
35 56 0 8 0.0366376526654
39 51 0 8 0.0364961475134
27 63 0 8 0.0361485816538
29 70 0 8 0.0360722579062
2 7 0 8 0.0358641296625
49 80 0 8 0.0356881804764
52 75 0 8 0.0355947129428
27 69 0 8 0.0355650633574
28 67 0 8 0.0354010313749
34 59 0 8 0.0353772342205
56 80 0 8 0.0353303775191
66 72 0 8 0.035258565098
13 79 0 8 0.0352384597063
17 31 0 8 0.0351825393736
19 73 0 8 0.0351714044809
47 81 0 8 0.0350342690945
3 8 0 8 0.0349975265563
42 59 0 8 0.0345204100013
60 69 0 8 0.0345104373991
29 63 0 8 0.0344488061965
39 76 0 8 0.0342369936407
53 80 0 8 0.0342322401702
12 42 0 8 0.0340859405696
24 71 0 8 0.0339967235923
4 42 0 8 0.0336946807802
32 62 0 8 0.0334908366203
4 15 0 8 0.0334275178611
16 42 0 8 0.0331810005009
38 80 0 8 0.0330560840666
29 73 0 8 0.0328313708305
42 79 0 8 0.0327407419682
59 73 0 8 0.0326541773975
40 72 0 8 0.0324771292508
26 67 0 8 0.0323316045105
18 43 0 8 0.0321892723441
19 29 0 8 0.0320807099342
48 81 0 8 0.0317545756698
16 77 0 8 0.0317385680974
56 77 0 8 0.0316759608686
31 34 0 8 0.0316529087722
42 54 0 8 0.0316495746374
24 65 0 8 0.0316207632422
43 79 0 8 0.0315833948553
33 79 0 8 0.0313930995762
46 81 0 8 0.0312706083059
42 48 0 8 0.0310613624752
36 65 0 8 0.0309926457703
19 44 0 8 0.0308817159384
58 65 0 8 0.0307709127665
47 76 0 8 0.0306986514479
46 79 0 8 0.0306597650051
67 70 0 8 0.0306214448065
40 79 0 8 0.0304218139499
20 52 0 8 0.0300990566611
24 59 0 8 0.030053820461
65 69 0 8 0.0300380960107
7 76 0 8 0.0300147645175
33 64 0 8 0.0299997199327
55 79 0 8 0.0299245547503
36 75 0 8 0.0298463702202
23 65 0 8 0.029751682654
46 50 0 8 0.0291988179088
42 58 0 8 0.0291539207101
33 69 0 8 0.0290535464883
46 55 0 8 0.0288328491151
8 67 0 8 0.0285797081888
8 15 0 8 0.0283771324903
4 46 0 8 0.0283018313348
25 65 0 8 0.028165306896
55 71 0 8 0.0276324357837
6 13 0 8 0.0276073236018
20 66 0 8 0.0272807274014
58 71 0 8 0.0267671700567
48 79 0 8 0.0267097353935
31 70 0 8 0.0266965795308
7 10 0 8 0.0265563726425
7 80 0 8 0.0264056585729
47 79 0 8 0.026398262009
39 58 0 8 0.0263657066971
19 80 0 8 0.0263550709933
31 38 0 8 0.0262572336942
52 81 0 8 0.026217462495
8 75 0 8 0.0258993394673
15 40 0 8 0.0258559305221
29 60 0 8 0.025847222656
7 81 0 8 0.0257325470448
9 46 0 8 0.0257024746388
55 73 0 8 0.0256525203586
16 67 0 8 0.0255841743201
7 11 0 8 0.0254684779793
49 79 0 8 0.0253926254809
22 36 0 8 0.0253493785858
23 30 0 8 0.0252888705581
59 68 0 8 0.0252563543618
7 74 0 8 0.0252076145262
37 51 0 8 0.0251241382211
37 55 0 8 0.0249832067639
8 70 0 8 0.0245439372957
51 79 0 8 0.0245195403695
23 37 0 8 0.024483634159
25 67 0 8 0.0241266787052
42 76 0 8 0.024095389992
45 50 0 8 0.0240063834935
10 81 0 8 0.0240060463548
23 80 0 8 0.0239254273474
27 67 0 8 0.0239118784666
16 29 0 8 0.023903567344
32 56 0 8 0.0234305430204
6 10 0 8 0.0232910327613
31 73 0 8 0.0232885610312
25 73 0 8 0.0232829432935
29 33 0 8 0.0232527945191
22 79 0 8 0.0231859814376
30 72 0 8 0.0231348574162
29 35 0 8 0.0229883231223
31 64 0 8 0.0229150820524
45 76 0 8 0.0228936970234
29 62 0 8 0.0228729210794
51 76 0 8 0.0228512436152
12 43 0 8 0.022850997746
1 46 0 8 0.0227054264396
1 45 0 8 0.0227020513266
39 69 0 8 0.022644655779
24 68 0 8 0.022557431832
12 55 0 8 0.0225117299706
12 65 0 8 0.0224903970957
12 69 0 8 0.0224771387875
13 77 0 8 0.0224330406636
4 80 0 8 0.0224145390093
26 65 0 8 0.0222881082445
34 80 0 8 0.0222398098558
23 33 0 8 0.0222391560674
9 14 0 8 0.0222276970744
57 67 0 8 0.0221152380109
5 10 0 8 0.0218983162194
8 51 0 8 0.0217966549098
4 16 0 8 0.0217770375311
33 55 0 8 0.0217669419944
25 42 0 8 0.0216922368854
59 80 0 8 0.0216130483896
31 80 0 8 0.0215735770762
20 43 0 8 0.0215700753033
24 76 0 8 0.0215579327196
8 46 0 8 0.0215504653752
58 67 0 8 0.0215383991599
24 73 0 8 0.0215066615492
37 79 0 8 0.0215034093708
63 69 0 8 0.0214801747352
16 74 0 8 0.0214771088213
42 80 0 8 0.0213670581579
33 62 0 8 0.021364511922
8 47 0 8 0.0213005933911
29 75 0 8 0.0209069028497
39 79 0 8 0.0209000464529
5 46 0 8 0.0208589397371
31 61 0 8 0.020788948983
18 29 0 8 0.0207814797759
4 51 0 8 0.0207778215408
8 14 0 8 0.020739628002
26 63 0 8 0.0206988360733
8 42 0 8 0.0206897631288
22 72 0 8 0.0206531584263
26 68 0 8 0.0205898731947
12 67 0 8 0.0205327365547
34 49 0 8 0.0205260813236
57 64 0 8 0.0204630959779
4 10 0 8 0.0204118844122
12 77 0 8 0.0203999374062
53 65 0 8 0.0203617606312
25 69 0 8 0.0203508064151
22 59 0 8 0.020295239985
39 48 0 8 0.0201216414571
31 40 0 8 0.0201091654599
46 54 0 8 0.020103611052
53 79 0 8 0.0200640242547
61 68 0 8 0.0200528483838
12 20 0 8 0.0200164243579
24 63 0 8 0.0199900139123
61 72 0 8 0.0199798382819
32 69 0 8 0.0199425909668
54 75 0 8 0.019762173295
17 43 0 8 0.0197548270226
23 56 0 8 0.0197524391115
35 80 0 8 0.0197383407503
22 47 0 8 0.0196895115077
44 80 0 8 0.0196847394109
4 45 0 8 0.0196613948792
27 71 0 8 0.0196431670338
20 65 0 8 0.0196421574801
35 63 0 8 0.0196385774761
13 42 0 8 0.0196366347373
43 73 0 8 0.0196343511343
40 49 0 8 0.0196257531643
31 62 0 8 0.0195921882987
21 28 0 8 0.0195860527456
7 73 0 8 0.0195657201111
36 74 0 8 0.0195156019181
47 54 0 8 0.0195077247918
27 68 0 8 0.0194716453552
36 66 0 8 0.0194600969553
30 36 0 8 0.019440356642
63 72 0 8 0.0194313973188
17 72 0 8 0.0194311328232
19 45 0 8 0.0194270499051
33 75 0 8 0.0193989109248
28 36 0 8 0.0193889308721
28 60 0 8 0.0193707738072
15 79 0 8 0.0193637069315
35 62 0 8 0.0192694384605
26 69 0 8 0.0192556846887
29 34 0 8 0.0192128941417
31 81 0 8 0.0191766750067
57 80 0 8 0.0191364809871
28 63 0 8 0.0191149786115
15 80 0 8 0.0190698616207
55 65 0 8 0.0190385300666
38 79 0 8 0.0190235916525
12 39 0 8 0.0189285762608
37 81 0 8 0.0189192611724
35 72 0 8 0.0187980346382
39 46 0 8 0.0187951829284
24 75 0 8 0.018748993054
1 7 0 8 0.0187075845897
54 79 0 8 0.0186948440969
27 62 0 8 0.0186669267714
26 36 0 8 0.0186112690717
52 77 0 8 0.0185738988221
35 75 0 8 0.0185467600822
33 63 0 8 0.0185285322368
38 51 0 8 0.0185152664781
8 81 0 8 0.0185021590441
55 60 0 8 0.0184588879347
6 74 0 8 0.0183701142669
25 33 0 8 0.0183559972793
13 72 0 8 0.0183268357068
4 56 0 8 0.0182964280248
13 43 0 8 0.0182943139225
27 36 0 8 0.0182641334832
39 75 0 8 0.018149882555
37 60 0 8 0.0180951487273
24 37 0 8 0.0180806852877
74 79 0 8 0.0179750453681
16 79 0 8 0.0179491564631
29 56 0 8 0.0179377105087
14 80 0 8 0.0179190132767
29 74 0 8 0.0179065410048
24 62 0 8 0.0178985670209
9 43 0 8 0.017777543515
16 33 0 8 0.017756704241
26 33 0 8 0.0177554246038
4 43 0 8 0.0177481826395
35 60 0 8 0.0177452899516
7 79 0 8 0.0177392978221
5 12 0 8 0.01767420955
8 58 0 8 0.0176684316248
26 34 0 8 0.0176542848349
13 31 0 8 0.0176492482424
7 55 0 8 0.0176275279373
41 49 0 8 0.0176066253334
38 55 0 8 0.0175703633577
13 52 0 8 0.0175592042506
35 65 0 8 0.0175358913839
8 56 0 8 0.0174819752574
41 80 0 8 0.0174644812942
4 76 0 8 0.017439102754
66 69 0 8 0.0174244344234
18 23 0 8 0.0174012482166
5 71 0 8 0.0173527114093
30 60 0 8 0.0173376034945
17 39 0 8 0.0173181183636
14 79 0 8 0.017280779779
44 76 0 8 0.017245169729
31 58 0 8 0.0172202084213
24 34 0 8 0.0171681139618
25 63 0 8 0.0171593297273
27 38 0 8 0.0171378068626
8 52 0 8 0.0171088837087
33 81 0 8 0.0170834288001
8 40 0 8 0.0170503593981
19 79 0 8 0.0169893223792
51 81 0 8 0.0169613622129
12 72 0 8 0.0169591344893
9 47 0 8 0.0169483684003
19 52 0 8 0.0169227980077
18 72 0 8 0.0169125180691
13 76 0 8 0.0169069860131
28 33 0 8 0.0168607793748
37 59 0 8 0.016834218055
1 9 0 8 0.0167321711779
24 38 0 8 0.0166965760291
42 75 0 8 0.0166831221431
19 24 0 8 0.016682388261
22 65 0 8 0.0166355352849
12 75 0 8 0.0166203472763
13 47 0 8 0.0165777560323
34 65 0 8 0.0165738221258
8 45 0 8 0.0165730379522
30 74 0 8 0.0165181420743
22 28 0 8 0.0165025871247
30 62 0 8 0.0164757166058
8 39 0 8 0.0164602827281
44 79 0 8 0.0164470206946
60 73 0 8 0.0164172723889
42 81 0 8 0.016412621364
10 80 0 8 0.0163740236312
7 54 0 8 0.0163615643978
44 81 0 8 0.0163513217121
4 47 0 8 0.0163399912417
67 73 0 8 0.0163306966424
6 70 0 8 0.0163285452873
13 65 0 8 0.0162898413837
35 79 0 8 0.0162804927677
37 42 0 8 0.0162461325526
8 19 0 8 0.0161505229771
64 69 0 8 0.0161426607519
43 67 0 8 0.0161216594279
57 69 0 8 0.0159999784082
33 72 0 8 0.0159786865115
16 52 0 8 0.015968920663
43 50 0 8 0.0159609187394
43 59 0 8 0.0159489344805
21 33 0 8 0.0159421917051
7 15 0 8 0.0159220006317
5 45 0 8 0.0158905163407
22 80 0 8 0.0158826503903
37 76 0 8 0.0158739108592
9 81 0 8 0.0158714372665
1 59 0 8 0.015834806487
5 11 0 8 0.0157491024584
29 61 0 8 0.0157338306308
12 40 0 8 0.0157335661352
9 45 0 8 0.0157248396426
15 42 0 8 0.0157084558159
28 64 0 8 0.0156878847629
43 81 0 8 0.0156682152301
13 36 0 8 0.0156670752913
58 64 0 8 0.0156453810632
40 75 0 8 0.0156418662518
58 68 0 8 0.0156154567376
45 77 0 8 0.0156105449423
12 45 0 8 0.0155904302374
9 42 0 8 0.015501530841
35 52 0 8 0.0154319694266
3 46 0 8 0.0154278548434
17 80 0 8 0.0153980124742
1 81 0 8 0.0153496591374
15 36 0 8 0.0153467608616
19 47 0 8 0.0152775691822
9 59 0 8 0.0152318757027
38 46 0 8 0.0152315320447
13 67 0 8 0.0152290724218
5 42 0 8 0.0152028072625
22 69 0 8 0.0152011141181
36 60 0 8 0.0152008859441
1 18 0 8 0.0151904970407
58 78 0 8 0.0151765001938
23 77 0 8 0.0151102486998
20 47 0 8 0.0151024023071
13 38 0 8 0.0150900380686
33 77 0 8 0.0150814158842
47 77 0 8 0.0150552596897
27 72 0 8 0.0150400362909
59 79 0 8 0.0150089031085
4 19 0 8 0.0150051042438
6 71 0 8 0.015001129359
5 76 0 8 0.0149853974581
4 59 0 8 0.0149649847299
20 58 0 8 0.0149610070512
31 52 0 8 0.0149528225884
16 58 0 8 0.0149366492406
29 38 0 8 0.0149330925196
57 66 0 8 0.0149215720594
12 81 0 8 0.0148978726938
4 40 0 8 0.0148798497394
4 77 0 8 0.0148751819506
46 78 0 8 0.0148545680568
24 70 0 8 0.0148490350693
51 69 0 8 0.0148394266143
33 58 0 8 0.014827539213
30 39 0 8 0.0148258190602
1 10 0 8 0.0148009192199
21 36 0 8 0.0147487912327
18 69 0 8 0.0147413993254
2 46 0 8 0.0147160803899
11 79 0 8 0.0147134531289
4 54 0 8 0.0146863460541
8 60 0 8 0.0146692432463
54 65 0 8 0.0146666653454
26 71 0 8 0.0146622210741
17 46 0 8 0.0146252876148
54 80 0 8 0.0146089689806
23 63 0 8 0.0146088246256
41 55 0 8 0.014606738463
33 38 0 8 0.0145921204239
33 54 0 8 0.0145904608071
7 16 0 8 0.0145706404001
13 46 0 8 0.0145632065833
22 67 0 8 0.0145484674722
25 79 0 8 0.0145262107253
21 32 0 8 0.0145142432302
22 33 0 8 0.0144559275359
22 70 0 8 0.0144247924909
25 71 0 8 0.014414918609
26 64 0 8 0.014408910647
52 65 0 8 0.0144069399685
53 81 0 8 0.0144026549533
25 72 0 8 0.014397139661
17 68 0 8 0.0143859190866
21 80 0 8 0.0143830114976
60 76 0 8 0.0143697215244
41 50 0 8 0.0143617009744
22 55 0 8 0.0143506750464
15 67 0 8 0.0143428193405
60 75 0 8 0.0143047487363
11 80 0 8 0.0143046882004
7 59 0 8 0.0142684541643
43 68 0 8 0.0142148062587
30 54 0 8 0.0142023237422
12 38 0 8 0.0141895581037
1 58 0 8 0.014180409722
38 59 0 8 0.0141624296084
24 80 0 8 0.0141541967168
36 79 0 8 0.0140755334869
4 79 0 8 0.0140546774492
4 52 0 8 0.0140543607995
25 68 0 8 0.0140503300354
22 32 0 8 0.0140333445743
27 70 0 8 0.0139713427052
48 77 0 8 0.013953525573
58 72 0 8 0.0139422127977
32 71 0 8 0.0138816330582
1 47 0 8 0.0138591639698
4 67 0 8 0.0138262780383
20 34 0 8 0.0137872258201
65 70 0 8 0.0137825971469
22 71 0 8 0.0137363830581
43 77 0 8 0.0137272253633
8 72 0 8 0.0137136420235
23 60 0 8 0.0137080578133
22 52 0 8 0.0137040428817
20 38 0 8 0.0136743942276
14 69 0 8 0.0136638451368
1 60 0 8 0.0136562893167
1 80 0 8 0.0136260706931
18 80 0 8 0.0136061785743
3 45 0 8 0.0136020388454
33 78 0 8 0.01358698681
34 67 0 8 0.013578643091
38 49 0 8 0.0135770272464
2 45 0 8 0.0135583421215
9 51 0 8 0.013549759984
8 53 0 8 0.0135332057253
21 35 0 8 0.0135302077979
22 30 0 8 0.0134962247685
55 68 0 8 0.0134854046628
64 72 0 8 0.0134731866419
18 79 0 8 0.0134674515575
8 78 0 8 0.0134586552158
27 64 0 8 0.0134563818574
63 75 0 8 0.0134190414101
43 49 0 8 0.0134145477787
66 70 0 8 0.0133945764974
32 80 0 8 0.0133721735328
22 38 0 8 0.013363965787
48 53 0 8 0.0133244330063
48 76 0 8 0.0133197074756
55 77 0 8 0.0133055523038
31 79 0 8 0.0133027415723
1 8 0 8 0.0132850529626
33 61 0 8 0.0132825151086
16 35 0 8 0.013274605386
24 60 0 8 0.0132648656145
29 77 0 8 0.0132599547505
36 51 0 8 0.0132541041821
20 42 0 8 0.0132462978363
8 44 0 8 0.013240410015
65 73 0 8 0.0132394814864
6 73 0 8 0.0132352774963
8 63 0 8 0.013234985061
41 58 0 8 0.0132095701993
9 69 0 8 0.0131875658408
24 55 0 8 0.0131810400635
25 64 0 8 0.0131598813459
20 60 0 8 0.0131182149053
34 60 0 8 0.013085543178
60 70 0 8 0.0130838993937
17 27 0 8 0.0130534134805
16 37 0 8 0.0130434827879
53 63 0 8 0.0130302244797
16 28 0 8 0.0130279930308
4 11 0 8 0.0130229536444
41 79 0 8 0.0130218015984
22 40 0 8 0.0129997702315
2 8 0 8 0.0129951937124
16 71 0 8 0.0129888169467
7 42 0 8 0.0129857789725
15 51 0 8 0.0129846362397
8 65 0 8 0.0129574146122
20 63 0 8 0.0129438163713
41 54 0 8 0.0129356365651
22 73 0 8 0.0129182226956
33 39 0 8 0.0129121374339
25 66 0 8 0.0129010947421
61 69 0 8 0.0128980521113
1 29 0 8 0.012790386565
40 54 0 8 0.0127735873684
1 43 0 8 0.0127443121746
62 72 0 8 0.0127437487245
23 47 0 8 0.0127068338916
19 71 0 8 0.0126859853044
37 67 0 8 0.012654537335
1 17 0 8 0.0126529941335
25 34 0 8 0.0126442946494
8 17 0 8 0.0126417819411
27 60 0 8 0.0126308174804
3 9 0 8 0.0126086557284
32 72 0 8 0.0126066189259
13 44 0 8 0.0125875035301
24 64 0 8 0.0125873433426
17 40 0 8 0.0125492094085
21 30 0 8 0.0125294886529
13 45 0 8 0.0125260967761
4 69 0 8 0.0125214504078
39 73 0 8 0.0125149134547
38 48 0 8 0.0125098293647
16 68 0 8 0.0124518284574
51 73 0 8 0.0124398441985
14 77 0 8 0.0124295968562
1 30 0 8 0.0124187199399
22 50 0 8 0.0124096060172
10 46 0 8 0.0123964585364
38 52 0 8 0.0123932072893
29 37 0 8 0.0123843671754
6 80 0 8 0.0123685607687
37 54 0 8 0.0123527850956
58 66 0 8 0.0123510984704
31 47 0 8 0.0123507268727
19 65 0 8 0.0123505461961
56 79 0 8 0.0123162819073
12 78 0 8 0.0123137934133
34 63 0 8 0.0123045407236
51 75 0 8 0.01230386924
7 78 0 8 0.0122778369114
4 75 0 8 0.0122767034918
61 75 0 8 0.0122528001666
5 47 0 8 0.0122465975583
18 40 0 8 0.0122361788526
4 17 0 8 0.0122330160812
1 44 0 8 0.0122322095558
7 43 0 8 0.0122213307768
39 54 0 8 0.012205908075
44 54 0 8 0.0121958041564
5 16 0 8 0.0121635459363
12 35 0 8 0.0121569121256
10 15 0 8 0.0121504087001
35 47 0 8 0.0121428221464
23 79 0 8 0.0121415518224
8 54 0 8 0.0121330227703
35 81 0 8 0.012125258334
7 46 0 8 0.0121251149103
44 49 0 8 0.0121206315234
13 56 0 8 0.0121140507981
13 39 0 8 0.0121058421209
18 39 0 8 0.0121049694717
12 46 0 8 0.0120745804161
63 70 0 8 0.012064925395
5 52 0 8 0.012030412443
8 36 0 8 0.0120092742145
40 81 0 8 0.0119896801189
13 33 0 8 0.011967885308
43 58 0 8 0.0119553515688
24 74 0 8 0.0119297280908
37 65 0 8 0.0119289802387
19 41 0 8 0.0119179980829
23 52 0 8 0.0119038559496
1 65 0 8 0.0118862744421
26 62 0 8 0.0118844881654
66 74 0 8 0.0118804005906
36 46 0 8 0.0118707092479
14 81 0 8 0.0118623226881
1 55 0 8 0.0118485689163
1 63 0 8 0.0118441991508
11 46 0 8 0.0118294963613
31 37 0 8 0.0118216238916
24 77 0 8 0.0118020428345
4 44 0 8 0.0118000181392
63 74 0 8 0.011779518798
28 62 0 8 0.011772621423
62 69 0 8 0.0117674414068
1 62 0 8 0.0117668034509
42 49 0 8 0.011756837368
4 81 0 8 0.0117503246292
57 68 0 8 0.0117479935288
27 59 0 8 0.0117479441687
7 58 0 8 0.0117183402181
37 72 0 8 0.0117133380845
9 77 0 8 0.0117092160508
7 47 0 8 0.011705910787
17 42 0 8 0.0117018129677
52 78 0 8 0.0116589386016
49 76 0 8 0.0116286417469
7 75 0 8 0.0116233536974
18 31 0 8 0.0116183366627
5 80 0 8 0.011615534313
2 58 0 8 0.0116046275944
35 51 0 8 0.011512179859
9 39 0 8 0.0114950947464
9 60 0 8 0.0114928837866
1 12 0 8 0.0114920549095
12 47 0 8 0.0114747937769
27 34 0 8 0.0114567428827
33 73 0 8 0.011449508369
3 15 0 8 0.0114462543279
25 62 0 8 0.0114299925044
12 52 0 8 0.0113976569846
38 81 0 8 0.0113963829353
20 80 0 8 0.0113900722936
12 36 0 8 0.0113844359294
35 58 0 8 0.0113712465391
31 78 0 8 0.0113573335111
37 50 0 8 0.0113475136459
35 64 0 8 0.0113380374387
25 80 0 8 0.0113179795444
54 72 0 8 0.0113023715094
41 81 0 8 0.0112979449332
22 77 0 8 0.0112701170146
6 81 0 8 0.011244257912
30 80 0 8 0.011237940751
24 40 0 8 0.0112275658175
1 66 0 8 0.0112256659195
42 56 0 8 0.0112250950187
7 45 0 8 0.01117910631
9 55 0 8 0.0111755011603
34 66 0 8 0.0111698964611
62 70 0 8 0.0111642787233
44 69 0 8 0.0111574521288
48 78 0 8 0.0111120790243
59 77 0 8 0.011110810563
3 55 0 8 0.0111084440723
65 75 0 8 0.0111064892262
34 62 0 8 0.0110973026603
5 77 0 8 0.0110930074006
58 69 0 8 0.0110804969445
40 50 0 8 0.0110040958971
8 41 0 8 0.011002461426
25 59 0 8 0.0109930224717
18 73 0 8 0.0109686050564
38 56 0 8 0.0109258713201
9 65 0 8 0.0109198652208
5 81 0 8 0.010905155912
1 54 0 8 0.0108867892995
38 67 0 8 0.0108636822551
19 38 0 8 0.0108585692942
12 19 0 8 0.0108561366796
75 81 0 8 0.0108384443447
51 77 0 8 0.0108112152666
14 43 0 8 0.0107933813706
25 60 0 8 0.0107776969671
29 79 0 8 0.0107719283551
4 58 0 8 0.010760740377
25 70 0 8 0.0107540171593
27 39 0 8 0.0107396300882
8 62 0 8 0.0107249841094
44 50 0 8 0.0107029378414
42 50 0 8 0.0106972595677
37 45 0 8 0.0106954025105
23 68 0 8 0.0106740510091
2 59 0 8 0.0106634926051
38 58 0 8 0.0106503497809
3 12 0 8 0.0106342239305
20 46 0 8 0.0106298699975
35 40 0 8 0.0105985328555
13 75 0 8 0.0105854310095
36 73 0 8 0.0105801578611
35 76 0 8 0.0105473836884
40 53 0 8 0.0105472588912
30 59 0 8 0.0105417817831
15 65 0 8 0.0105294194072
32 61 0 8 0.0105147389695
20 51 0 8 0.0105014266446
65 76 0 8 0.0104902647436
1 19 0 8 0.0104852113873
9 44 0 8 0.0104644382372
16 47 0 8 0.0104637769982
2 55 0 8 0.0104450369254
8 68 0 8 0.0104094538838
13 78 0 8 0.0103878146037
19 33 0 8 0.0103505281731
12 44 0 8 0.0103369979188
1 64 0 8 0.0103112291545
68 73 0 8 0.010310090147
4 73 0 8 0.0103083439171
24 58 0 8 0.0102997031063
33 68 0 8 0.0102960634977
19 37 0 8 0.0102926427498
29 80 0 8 0.0102695180103
2 81 0 8 0.0102691641077
17 55 0 8 0.0102689266205
33 71 0 8 0.0102106444538
26 37 0 8 0.010195822455
50 81 0 8 0.0101893516257
55 74 0 8 0.01018170733
12 63 0 8 0.0101530542597
19 56 0 8 0.0101495655254
10 79 0 8 0.0101312054321
34 79 0 8 0.0101179294288
9 78 0 8 0.0100903483108
49 77 0 8 0.0100486865267
40 58 0 8 0.0100244246423
13 19 0 8 0.0100244060159
18 36 0 8 0.0100163593888
1 48 0 8 0.0100041162223
16 38 0 8 0.00999828986824
12 51 0 8 0.00999302882701
62 75 0 8 0.00998115818948
27 80 0 8 0.00997418165207
23 51 0 8 0.00996992085129
1 13 0 8 0.00995930936188
57 72 0 8 0.00995720177889
59 78 0 8 0.00991725083441
15 35 0 8 0.00987807381898
49 78 0 8 0.00986317079514
4 39 0 8 0.00986075773835
27 47 0 8 0.00985478702933
43 78 0 8 0.00985191203654
34 46 0 8 0.00984472408891
23 34 0 8 0.00984389148653
5 49 0 8 0.0098266126588
3 81 0 8 0.00981969665736
16 44 0 8 0.00979730114341
4 18 0 8 0.00975665729493
37 69 0 8 0.00974168255925
37 58 0 8 0.00969794671983
39 81 0 8 0.00966364704072
42 77 0 8 0.00965160690248
73 78 0 8 0.00964416749775
19 46 0 8 0.00964324735105
4 53 0 8 0.00963537301868
42 67 0 8 0.00962793081999
2 42 0 8 0.00961735192686
54 81 0 8 0.00957885477692
31 54 0 8 0.00956198666245
55 66 0 8 0.0095564648509
27 79 0 8 0.00952084828168
16 46 0 8 0.00950706284493
9 73 0 8 0.00948899798095
20 45 0 8 0.00948611274362
47 69 0 8 0.00944936275482
52 59 0 8 0.00944432895631
35 68 0 8 0.00942920986563
31 74 0 8 0.00939571857452
69 75 0 8 0.00938685052097
21 65 0 8 0.00936173461378
1 42 0 8 0.00935196690261
13 66 0 8 0.00933015905321
28 72 0 8 0.00932531245053
26 72 0 8 0.00932272709906
20 41 0 8 0.00932143256068
40 77 0 8 0.0093031283468
1 79 0 8 0.00930269341916
31 42 0 8 0.00930010899901
38 78 0 8 0.00929695554078
9 52 0 8 0.00926455110312
19 30 0 8 0.0092579619959
26 38 0 8 0.00922265369445
13 81 0 8 0.00921894330531
11 81 0 8 0.00921597704291
8 66 0 8 0.00920244213194
27 46 0 8 0.00919954199344
38 63 0 8 0.00919584464282
5 56 0 8 0.00918872188777
13 37 0 8 0.00918415654451
19 32 0 8 0.00918177329004
28 34 0 8 0.00918040331453
15 81 0 8 0.00917833019048
1 11 0 8 0.0091622825712
47 75 0 8 0.00916034262627
2 12 0 8 0.00915972050279
9 56 0 8 0.00915816240013
50 80 0 8 0.00915800593793
11 45 0 8 0.00915728788823
3 58 0 8 0.00912230089307
1 15 0 8 0.00912185199559
8 38 0 8 0.00912029203027
5 17 0 8 0.00910794176161
21 37 0 8 0.0090869050473
41 56 0 8 0.00905269291252
53 76 0 8 0.00905159302056
37 73 0 8 0.00904643721879
58 76 0 8 0.00904376991093
44 72 0 8 0.00904294103384
5 15 0 8 0.00904124509543
21 73 0 8 0.00903985556215
34 55 0 8 0.00903574749827
9 76 0 8 0.00902438070625
7 51 0 8 0.00901638902724
21 72 0 8 0.00900974031538
55 81 0 8 0.00900511816144
3 11 0 8 0.00898384023458
26 70 0 8 0.00896400306374
2 11 0 8 0.00895570404828
7 39 0 8 0.00889967102557
53 64 0 8 0.00889944378287
32 55 0 8 0.00887886341661
22 51 0 8 0.00886371918023
28 70 0 8 0.00885536242276
42 73 0 8 0.00885460805148
17 28 0 8 0.00882401131094
17 47 0 8 0.00882339011878
5 43 0 8 0.00881595350802
24 79 0 8 0.00881272926927
20 77 0 8 0.0088098347187
18 37 0 8 0.00879223551601
45 75 0 8 0.00879048090428
4 74 0 8 0.00877553690225
21 79 0 8 0.00877548754215
15 77 0 8 0.00875783991069
7 48 0 8 0.00873557571322
25 76 0 8 0.00872528087348
30 38 0 8 0.00872471556067
2 62 0 8 0.00871677137911
33 46 0 8 0.0087063498795
35 69 0 8 0.00869875214994
36 68 0 8 0.00867056567222
4 41 0 8 0.00863922294229
15 31 0 8 0.00863110367209
13 59 0 8 0.00862593110651
26 60 0 8 0.00862273480743
12 41 0 8 0.00861722230911
34 58 0 8 0.00861003901809
19 77 0 8 0.00860637240112
29 58 0 8 0.00859886873513
36 71 0 8 0.00858156569302
33 51 0 8 0.00857811793685
33 70 0 8 0.00854291766882
4 60 0 8 0.00852554384619
5 14 0 8 0.00851618871093
5 51 0 8 0.00850960891694
20 62 0 8 0.00850776210427
45 53 0 8 0.00850137416273
7 77 0 8 0.00849927216768
12 71 0 8 0.00849064905196
3 54 0 8 0.00846732128412
15 75 0 8 0.00846123415977
9 48 0 8 0.00846049096435
6 46 0 8 0.00845543202013
2 18 0 8 0.0084453234449
5 44 0 8 0.00843236781657
39 60 0 8 0.00841261912137
22 34 0 8 0.00840782746673
18 67 0 8 0.00838934257627
45 56 0 8 0.00837766379118
55 78 0 8 0.00836605764925
27 45 0 8 0.00836583226919
35 61 0 8 0.00835392158478
5 48 0 8 0.0083537241444
26 39 0 8 0.00834325514734
42 72 0 8 0.00832235999405
46 76 0 8 0.00831648241729
3 80 0 8 0.00830839667469
21 34 0 8 0.00830718688667
59 70 0 8 0.00829932186753
12 56 0 8 0.00826672557741
6 15 0 8 0.00826163776219
10 43 0 8 0.00825453735888
47 78 0 8 0.00823820568621
30 81 0 8 0.0082235308364
5 55 0 8 0.00822193641216
6 11 0 8 0.00821061339229
23 66 0 8 0.00821030698717
1 68 0 8 0.00818409305066
65 74 0 8 0.00817921385169
67 76 0 8 0.00814513862133
17 44 0 8 0.00814147200435
43 74 0 8 0.00814146455377
29 54 0 8 0.00813796091825
6 55 0 8 0.00812043622136
20 74 0 8 0.0081153800711
30 70 0 8 0.00809200387448
21 46 0 8 0.00808592420071
26 75 0 8 0.0080827055499
8 61 0 8 0.00807125214487
15 69 0 8 0.00805636495352
12 70 0 8 0.0080536948517
36 81 0 8 0.00803055148572
52 74 0 8 0.00803010258824
2 9 0 8 0.00802486669272
34 81 0 8 0.00801310036331
8 48 0 8 0.00800447817892
25 81 0 8 0.00800334196538
10 42 0 8 0.00799858942628
4 78 0 8 0.00798282399774
10 69 0 8 0.00797463767231
17 79 0 8 0.00796996895224
18 51 0 8 0.00795897096395
13 41 0 8 0.00795368291438
53 66 0 8 0.00792559701949
38 60 0 8 0.00790450163186
17 36 0 8 0.00788754317909
64 70 0 8 0.0078855138272
7 69 0 8 0.00788296572864
32 79 0 8 0.00783191621304
2 13 0 8 0.00782195478678
7 14 0 8 0.00779128121212
9 63 0 8 0.00778389768675
30 79 0 8 0.00778051093221
7 44 0 8 0.00777754373848
13 58 0 8 0.00777574488893
2 15 0 8 0.00776429707184
1 22 0 8 0.00775566883385
1 70 0 8 0.00774951046333
20 44 0 8 0.00773819955066
38 65 0 8 0.00773119134828
42 57 0 8 0.0077305440791
58 79 0 8 0.00772066693753
9 38 0 8 0.00771731045097
1 53 0 8 0.00768045242876
12 68 0 8 0.00765944598243
5 78 0 8 0.00765657285228
1 67 0 8 0.00764997443184
36 48 0 8 0.00764409033582
38 45 0 8 0.00764123350382
22 46 0 8 0.00763879297301
25 40 0 8 0.00763593846932
64 75 0 8 0.00762570509687
25 75 0 8 0.00760196894407
26 59 0 8 0.00759938312694
1 49 0 8 0.007585729938
2 17 0 8 0.00758158881217
53 77 0 8 0.00757956132293
32 78 0 8 0.00757658854127
23 48 0 8 0.00755581818521
2 44 0 8 0.00754718761891
27 76 0 8 0.00754600903019
47 67 0 8 0.0075415680185
14 78 0 8 0.00752747291699
33 74 0 8 0.00752685684711
23 70 0 8 0.00752549571916
17 76 0 8 0.0075251897797
4 48 0 8 0.00751884607598
3 42 0 8 0.0075149401091
4 65 0 8 0.0075124297291
2 54 0 8 0.00750626018271
15 44 0 8 0.00749749457464
8 71 0 8 0.00749197881669
26 80 0 8 0.00748984096572
18 76 0 8 0.00747295562178
42 68 0 8 0.00746643636376
33 47 0 8 0.0074552888982
58 73 0 8 0.00744124455377
21 40 0 8 0.00743658654392
5 39 0 8 0.00742550101131
23 62 0 8 0.00740954466164
24 61 0 8 0.00740279303864
1 51 0 8 0.00739484047517
9 41 0 8 0.00738970795646
18 35 0 8 0.00738361012191
17 67 0 8 0.00738033605739
3 18 0 8 0.00737872254103
12 37 0 8 0.00737724546343
33 48 0 8 0.00735385902226
24 52 0 8 0.0073350938037
51 78 0 8 0.00732243526727
53 67 0 8 0.00731897726655
4 49 0 8 0.0073151118122
24 41 0 8 0.00731160864234
32 37 0 8 0.0072953668423
47 72 0 8 0.0072876769118
5 41 0 8 0.00728323869407
2 10 0 8 0.00727662211284
32 81 0 8 0.00726212467998
49 69 0 8 0.00725461682305
2 19 0 8 0.00725181866437
7 65 0 8 0.0072499345988
28 79 0 8 0.00722743477672
30 76 0 8 0.0072217094712
22 63 0 8 0.00720143411309
9 75 0 8 0.00719855725765
31 77 0 8 0.00719823362306
13 32 0 8 0.00719020608813
13 18 0 8 0.00717481318861
4 66 0 8 0.0071638263762
27 58 0 8 0.00714489258826
4 27 0 8 0.00713659031317
7 62 0 8 0.00712727755308
13 74 0 8 0.00712051521987
45 69 0 8 0.00711155030876
5 18 0 8 0.00708564789966
23 46 0 8 0.00708500063047
15 72 0 8 0.00707869371399
19 81 0 8 0.00706827500835
37 74 0 8 0.00702882464975
1 69 0 8 0.0070227002725
29 57 0 8 0.00701356539503
30 75 0 8 0.00701075326651
11 16 0 8 0.00699743721634
27 77 0 8 0.00699398573488
5 79 0 8 0.00696153054014
27 41 0 8 0.00696100620553
1 56 0 8 0.00695621874183
27 61 0 8 0.00693297246471
7 38 0 8 0.00693277548999
12 74 0 8 0.00690781790763
20 48 0 8 0.00688197510317
10 47 0 8 0.00685320235789
1 14 0 8 0.0068528293632
32 59 0 8 0.00685107382014
2 30 0 8 0.00684186536819
5 69 0 8 0.00683608092368
5 34 0 8 0.00682595884427
1 34 0 8 0.00682172831148
12 60 0 8 0.00681210448965
5 54 0 8 0.00680582644418
7 53 0 8 0.00680465297773
5 40 0 8 0.00680101569742
4 57 0 8 0.00678926287219
44 53 0 8 0.00678382115439
19 66 0 8 0.00676560681313
38 43 0 8 0.00675685796887
38 54 0 8 0.00673350831494
51 67 0 8 0.00673111062497
2 80 0 8 0.00671223178506
66 75 0 8 0.00670806551352
56 74 0 8 0.006705946289
3 79 0 8 0.00669439183548
36 63 0 8 0.00668965000659
50 79 0 8 0.00668732123449
69 74 0 8 0.00668308138847
23 58 0 8 0.00668162573129
43 53 0 8 0.00667724991217
3 47 0 8 0.00667673768476
3 62 0 8 0.0066756089218
40 60 0 8 0.00667403731495
16 65 0 8 0.00667082052678
8 31 0 8 0.0066693732515
27 55 0 8 0.00666851736605
18 55 0 8 0.00666096666828
6 79 0 8 0.00666008610278
48 75 0 8 0.00665755337104
16 78 0 8 0.00664651626721
27 74 0 8 0.00664386246353
4 38 0 8 0.00664217909798
27 78 0 8 0.00663470150903
9 62 0 8 0.00663095340133
1 27 0 8 0.00662428233773
27 75 0 8 0.00662387441844
15 73 0 8 0.00660321069881
8 49 0 8 0.00659272214398
18 59 0 8 0.00657728128135
23 78 0 8 0.00655935006216
21 47 0 8 0.00655823806301
42 69 0 8 0.00654803123325
6 45 0 8 0.00654423236847
34 64 0 8 0.00654313806444
2 16 0 8 0.00652437843382
26 74 0 8 0.00652434118092
4 63 0 8 0.0065222736448
37 57 0 8 0.00651025958359
15 78 0 8 0.00650977808982
18 81 0 8 0.00649602012709
13 35 0 8 0.00648930855095
47 73 0 8 0.00648098858073
22 60 0 8 0.00647975131869
28 80 0 8 0.00647605676204
25 58 0 8 0.00647524977103
53 69 0 8 0.00647506909445
2 47 0 8 0.00646543130279
17 48 0 8 0.0064573106356
17 52 0 8 0.00645517837256
25 46 0 8 0.00645113689825
53 73 0 8 0.00644194427878
2 43 0 8 0.00643938360736
10 65 0 8 0.0064268023707
32 75 0 8 0.00641563115641
7 71 0 8 0.00639801099896
50 55 0 8 0.00638211285695
12 66 0 8 0.00638185581192
3 16 0 8 0.00637343758717
15 45 0 8 0.00635493826121
21 81 0 8 0.0063373092562
7 68 0 8 0.00633596116677
22 41 0 8 0.00633503030986
15 37 0 8 0.00633008545265
38 44 0 8 0.00632708659396
39 77 0 8 0.00627982150763
34 69 0 8 0.00627943500876
45 78 0 8 0.00626865774393
16 54 0 8 0.00626564677805
22 37 0 8 0.0062649990432
42 78 0 8 0.00625421758741
17 81 0 8 0.0062534827739
30 58 0 8 0.00625309720635
1 57 0 8 0.00625064456835
16 48 0 8 0.00623047957197
20 70 0 8 0.00622810050845
2 66 0 8 0.00622766371816
7 49 0 8 0.00621453346685
41 60 0 8 0.00621340842918
28 39 0 8 0.00621003238484
16 32 0 8 0.00620371708646
3 44 0 8 0.00619974080473
24 56 0 8 0.00619851006195
46 77 0 8 0.00619390886277
6 77 0 8 0.00617136666551
41 59 0 8 0.00616474589333
5 66 0 8 0.00616089627147
56 70 0 8 0.00614514993504
40 73 0 8 0.00613760948181
3 53 0 8 0.00613684440032
36 53 0 8 0.00613319594413
17 65 0 8 0.00611821562052
47 53 0 8 0.00610758084804
7 67 0 8 0.00610611028969
4 62 0 8 0.00609501963481
32 58 0 8 0.00608906056732
46 70 0 8 0.00607589818537
55 61 0 8 0.00606199353933
9 64 0 8 0.00605787523091
20 79 0 8 0.00604612380266
2 63 0 8 0.00604427838698
9 58 0 8 0.00604119105265
22 45 0 8 0.00603801663965
9 16 0 8 0.00603559333831
44 68 0 8 0.00603532977402
3 13 0 8 0.00602052174509
56 81 0 8 0.0060202027671
4 70 0 8 0.00599937746301
4 50 0 8 0.00598884280771
19 27 0 8 0.00598393380642
24 42 0 8 0.00597235606983
27 73 0 8 0.00594436191022
44 58 0 8 0.00593385566026
2 51 0 8 0.00591831328347
73 80 0 8 0.00591765111312
5 65 0 8 0.00588571187109
23 81 0 8 0.00586931593716
58 70 0 8 0.00585704995319
7 70 0 8 0.00585643947124
34 71 0 8 0.00585496239364
4 36 0 8 0.0058545935899
37 64 0 8 0.00584980240092
58 74 0 8 0.00584930879995
36 64 0 8 0.00584915094078
25 74 0 8 0.00584242772311
18 27 0 8 0.00583891710266
28 59 0 8 0.00582591909915
6 42 0 8 0.00579858897254
42 53 0 8 0.00579758826643
1 33 0 8 0.00579534005374
34 53 0 8 0.0057937335223
7 66 0 8 0.00578832766041
13 51 0 8 0.00576092675328
3 10 0 8 0.00575728947297
12 58 0 8 0.00575718889013
7 63 0 8 0.00574913993478
19 54 0 8 0.00572499772534
15 46 0 8 0.00572012737393
10 45 0 8 0.00571606913581
60 77 0 8 0.00571231404319
22 62 0 8 0.00570307811722
7 52 0 8 0.0056668119505
34 68 0 8 0.0056666075252
29 40 0 8 0.00564663764089
57 71 0 8 0.00563713815063
12 17 0 8 0.00563414255157
4 14 0 8 0.0056207398884
36 77 0 8 0.00560721987858
46 71 0 8 0.0055989837274
49 73 0 8 0.00559862842783
1 41 0 8 0.00559570081532
7 60 0 8 0.00559521000832
25 54 0 8 0.0055934060365
13 71 0 8 0.0055923666805
12 31 0 8 0.00558993034065
21 59 0 8 0.00557018117979
5 33 0 8 0.00556685123593
48 55 0 8 0.00556062208489
46 53 0 8 0.00555814197287
23 74 0 8 0.00555591285229
13 48 0 8 0.00555547792464
6 68 0 8 0.00555477989838
29 81 0 8 0.00554499216378
21 67 0 8 0.00554456654936
35 73 0 8 0.00553872529417
17 33 0 8 0.00553688965738
15 20 0 8 0.00553629593924
15 71 0 8 0.00552861439064
16 81 0 8 0.00552691053599
2 48 0 8 0.00551228178665
21 39 0 8 0.00550841446966
3 66 0 8 0.00550653412938
37 63 0 8 0.00549284741282
3 51 0 8 0.00549142248929
51 71 0 8 0.00548986298963
60 80 0 8 0.00548461684957
6 51 0 8 0.00548225548118
14 46 0 8 0.00547852367163
8 50 0 8 0.00546845514327
9 71 0 8 0.00545651791617
29 78 0 8 0.00545092625543
8 37 0 8 0.00545029062778
1 26 0 8 0.00542433420196
17 37 0 8 0.00540950102732
28 75 0 8 0.00540907494724
6 47 0 8 0.00539665529504
12 48 0 8 0.0053961458616
41 76 0 8 0.00538782728836
17 62 0 8 0.00538151152432
60 74 0 8 0.00534583162516
9 50 0 8 0.00534258456901
6 65 0 8 0.00533055700362
4 22 0 8 0.00532332295552
22 81 0 8 0.005308449734
9 66 0 8 0.00530733168125
27 40 0 8 0.00530692422763
17 75 0 8 0.00530431233346
19 48 0 8 0.00530193978921
28 81 0 8 0.00530037889257
26 79 0 8 0.00529618421569
54 78 0 8 0.00529309781268
19 28 0 8 0.00528638670221
48 69 0 8 0.0052731661126
1 61 0 8 0.00527042523026
4 72 0 8 0.00524306017905
74 80 0 8 0.00524201104417
38 53 0 8 0.0052340105176
46 75 0 8 0.00522968452424
61 78 0 8 0.00522464886308
57 73 0 8 0.0052205491811
30 77 0 8 0.0052183852531
30 73 0 8 0.00520584033802
55 63 0 8 0.00520530436188
1 77 0 8 0.0051951315254
6 44 0 8 0.00519386306405
26 81 0 8 0.00519061647356
19 58 0 8 0.00518027087674
28 37 0 8 0.00517768366262
18 65 0 8 0.00517741870135
54 67 0 8 0.00517639704049
49 54 0 8 0.0051753949374
15 47 0 8 0.00517500471324
2 34 0 8 0.00517174089327
5 50 0 8 0.00516223534942
18 45 0 8 0.00515469629318
30 56 0 8 0.00515106879175
17 77 0 8 0.00514314277098
30 61 0 8 0.00514076929539
5 59 0 8 0.00513634737581
16 60 0 8 0.0051360889338
22 48 0 8 0.00513049773872
10 60 0 8 0.00511933863163
2 79 0 8 0.00511704431847
21 71 0 8 0.00510233733803
9 74 0 8 0.00510037969798
63 77 0 8 0.00509279733524
8 57 0 8 0.00508861709386
1 50 0 8 0.00507382769138
55 70 0 8 0.00507198646665
12 64 0 8 0.00506599619985
21 55 0 8 0.00506199104711
14 73 0 8 0.00505259772763
27 81 0 8 0.00504709221423
6 54 0 8 0.00502867158502
15 52 0 8 0.00502599775791
1 16 0 8 0.00501799443737
8 64 0 8 0.00501721585169
41 78 0 8 0.00501125911251
7 56 0 8 0.00500548724085
40 57 0 8 0.00500425463542
44 73 0 8 0.00498031731695
3 65 0 8 0.00497303064913
5 53 0 8 0.00496099283919
1 52 0 8 0.00495611550286
34 52 0 8 0.00494501460344
50 77 0 8 0.00494309095666
17 71 0 8 0.0049376222305
5 75 0 8 0.00493411626667
46 69 0 8 0.00492132641375
2 49 0 8 0.00491354940459
16 66 0 8 0.00490997452289
34 39 0 8 0.00490193627775
9 49 0 8 0.00489696115255
2 57 0 8 0.00488115381449
44 67 0 8 0.00487796775997
17 51 0 8 0.00487099634483
18 38 0 8 0.00486909691244
41 75 0 8 0.00486642634496
23 41 0 8 0.00486578000709
1 21 0 8 0.00486417347565
11 76 0 8 0.00485882349312
16 41 0 8 0.00485793827102
41 69 0 8 0.00484202895314
15 33 0 8 0.00484187947586
9 17 0 8 0.00483822263777
3 63 0 8 0.00483201630414
3 17 0 8 0.00482832361013
42 74 0 8 0.00482670171186
28 38 0 8 0.00482597807422
5 58 0 8 0.0048251147382
11 67 0 8 0.00482164043933
48 67 0 8 0.00482017593458
43 71 0 8 0.00480987830088
10 77 0 8 0.0048072040081
17 35 0 8 0.00480438023806
4 33 0 8 0.00479291938245
24 78 0 8 0.00478867487982
35 74 0 8 0.00478215469047
22 58 0 8 0.00477522658184
32 76 0 8 0.00477425893769
7 50 0 8 0.00477010570467
46 74 0 8 0.00475952075794
18 46 0 8 0.00475728092715
18 77 0 8 0.00475656054914
25 44 0 8 0.00474034482613
26 76 0 8 0.00473195174709
5 32 0 8 0.0047290311195
10 44 0 8 0.0047199302353
13 63 0 8 0.00470616761595
21 77 0 8 0.0046929679811
3 43 0 8 0.00469093490392
7 40 0 8 0.00468555698171
34 57 0 8 0.00468459213153
23 64 0 8 0.00467536319047
34 76 0 8 0.00465067382902
70 75 0 8 0.00463268114254
62 74 0 8 0.00463204178959
57 79 0 8 0.00462992908433
53 74 0 8 0.00461822701618
39 49 0 8 0.00461570871994
44 75 0 8 0.00460866233334
52 66 0 8 0.00460169790313
7 41 0 8 0.0045963935554
31 51 0 8 0.00459561916068
22 64 0 8 0.0045723579824
6 16 0 8 0.00457079755142
13 60 0 8 0.00456348340958
23 54 0 8 0.00455889990553
45 72 0 8 0.00455716485158
6 38 0 8 0.00454667722806
2 64 0 8 0.00453898543492
2 53 0 8 0.00452727591619
43 65 0 8 0.00452373735607
1 38 0 8 0.0045227794908
1 75 0 8 0.00450823642313
3 56 0 8 0.00450818520039
18 30 0 8 0.0045047882013
37 75 0 8 0.00449788011611
4 61 0 8 0.00449427962303
52 71 0 8 0.00449258601293
15 59 0 8 0.00449072476476
21 63 0 8 0.00448392517865
59 81 0 8 0.00448332726955
37 77 0 8 0.00447622640058
30 52 0 8 0.00447523873299
16 63 0 8 0.00446751900017
27 42 0 8 0.00446292990819
28 58 0 8 0.00446227518842
10 78 0 8 0.00445410609245
1 32 0 8 0.00445221411064
2 52 0 8 0.00445094378665
17 30 0 8 0.00444704527035
21 38 0 8 0.00442459993064
14 42 0 8 0.00442459573969
7 32 0 8 0.00440899981186
54 73 0 8 0.00440212106332
4 31 0 8 0.00439939415082
54 76 0 8 0.00438984343782
38 76 0 8 0.00438298797235
6 48 0 8 0.00438187876716
73 79 0 8 0.00438168970868
53 78 0 8 0.00437901727855
19 63 0 8 0.00437733158469
28 77 0 8 0.00437531201169
27 56 0 8 0.00437468290329
24 43 0 8 0.00437004584819
10 55 0 8 0.00436558108777
41 53 0 8 0.00436507351696
39 65 0 8 0.00435876986012
28 61 0 8 0.00435632653534
6 43 0 8 0.00434980168939
9 40 0 8 0.00434768991545
35 54 0 8 0.00434415554628
34 56 0 8 0.0043414295651
1 73 0 8 0.00434078043327
20 54 0 8 0.00433588866144
28 40 0 8 0.00432794541121
4 68 0 8 0.00432574935257
12 54 0 8 0.00430956389755
3 52 0 8 0.00430592056364
34 54 0 8 0.00430309632793
54 71 0 8 0.00429068645462
38 75 0 8 0.00428478093818
22 68 0 8 0.00428446941078
5 68 0 8 0.00428433902562
52 68 0 8 0.00428383890539
6 62 0 8 0.00427926518023
36 54 0 8 0.00427115382627
15 41 0 8 0.00426655262709
42 71 0 8 0.00426369905472
7 18 0 8 0.00425749691203
18 47 0 8 0.00425141816959
3 50 0 8 0.00424511311576
49 67 0 8 0.00424495758489
1 74 0 8 0.00424449052662
54 77 0 8 0.00423953915015
10 38 0 8 0.00423462642357
14 47 0 8 0.00422948272899
14 65 0 8 0.0042231711559
40 65 0 8 0.00421837484464
58 77 0 8 0.00421791663393
26 61 0 8 0.00421652663499
19 60 0 8 0.00421640649438
3 59 0 8 0.00421105697751
3 49 0 8 0.00420094141737
1 78 0 8 0.00419013714418
52 64 0 8 0.00418862560764
16 27 0 8 0.00418333476409
44 77 0 8 0.00417946279049
36 70 0 8 0.00417692912742
1 31 0 8 0.00417667906731
10 54 0 8 0.0041761957109
5 67 0 8 0.00417589768767
35 70 0 8 0.00417501945049
37 71 0 8 0.00416646804661
27 37 0 8 0.00415924470872
3 48 0 8 0.00414599198848
28 47 0 8 0.00413589598611
6 17 0 8 0.0041349735111
11 43 0 8 0.0041328552179
14 31 0 8 0.00412490265444
51 74 0 8 0.00412146234885
37 68 0 8 0.00411091884598
6 49 0 8 0.00410623056814
9 54 0 8 0.00410042377189
11 77 0 8 0.0040913131088
47 71 0 8 0.00408611726016
35 77 0 8 0.00408150721341
58 80 0 8 0.00407820567489
13 29 0 8 0.00406780326739
34 51 0 8 0.00405947258696
6 69 0 8 0.00405901949853
21 62 0 8 0.00405888818204
4 30 0 8 0.00405709026381
26 58 0 8 0.00405044667423
3 41 0 8 0.00404930021614
9 53 0 8 0.0040419511497
40 78 0 8 0.00404194369912
37 62 0 8 0.00403211405501
9 15 0 8 0.00401098839939
19 70 0 8 0.00400986708701
7 57 0 8 0.00400750944391
26 73 0 8 0.00400305120274
38 72 0 8 0.00400022463873
3 57 0 8 0.00399126578122
4 37 0 8 0.00398005964234
19 68 0 8 0.00396640133113
71 76 0 8 0.00396378338337
6 78 0 8 0.00396339967847
6 67 0 8 0.00395581126213
57 75 0 8 0.00395413162187
57 70 0 8 0.00395362079144
14 45 0 8 0.00394677324221
7 37 0 8 0.00394340232015
11 42 0 8 0.0039421399124
5 60 0 8 0.00393446721137
2 70 0 8 0.00393209466711
21 42 0 8 0.00392949581146
3 14 0 8 0.00391987897456
40 74 0 8 0.00391776068136
13 20 0 8 0.00390496803448
35 46 0 8 0.00390425743535
6 76 0 8 0.00390201061964
10 62 0 8 0.00389837450348
38 62 0 8 0.00389684317634
12 32 0 8 0.00389378122054
14 76 0 8 0.00388525356539
17 78 0 8 0.00388438440859
9 33 0 8 0.00388034945354
49 75 0 8 0.00387537619099
17 38 0 8 0.00387499528006
6 14 0 8 0.00387077149935
6 59 0 8 0.00386789697222
6 58 0 8 0.00384890823625
41 77 0 8 0.00384494289756
18 75 0 8 0.00384433288127
54 66 0 8 0.00384385813959
5 38 0 8 0.00384273915552
22 66 0 8 0.00383922900073
2 50 0 8 0.00383543036878
55 64 0 8 0.00382350455038
2 65 0 8 0.00381503230892
13 64 0 8 0.00380620965734
6 40 0 8 0.00380551372655
7 64 0 8 0.00380551000126
7 61 0 8 0.00380245083943
19 74 0 8 0.00380032719113
21 43 0 8 0.00378251867369
11 44 0 8 0.00377429812215
30 55 0 8 0.00377276912332
21 45 0 8 0.00377228530124
4 35 0 8 0.00373991252854
13 54 0 8 0.00373969576322
28 78 0 8 0.00373865314759
63 76 0 8 0.00373826944269
1 28 0 8 0.00372627470642
53 72 0 8 0.00372492778115
25 37 0 8 0.00371786695905
38 50 0 8 0.00370281026699
54 69 0 8 0.00369694642723
19 78 0 8 0.00369190238416
6 41 0 8 0.0036853288766
39 78 0 8 0.00368113839068
38 57 0 8 0.00368047738448
45 73 0 8 0.00367826060392
11 65 0 8 0.00367797585204
17 22 0 8 0.00367515510879
51 65 0 8 0.00366814085282
37 66 0 8 0.00366780464537
24 47 0 8 0.00365414423868
17 59 0 8 0.00363713735715
1 71 0 8 0.00363701116294
2 60 0 8 0.0036364342086
47 56 0 8 0.00363431847654
14 40 0 8 0.00362002360635
2 56 0 8 0.00359793333337
4 71 0 8 0.00359368789941
24 54 0 8 0.00359287532046
24 81 0 8 0.00358907040209
15 74 0 8 0.00358742522076
3 61 0 8 0.00358327059075
26 78 0 8 0.00358284148388
31 57 0 8 0.00357636506669
25 78 0 8 0.00357196992263
22 54 0 8 0.00357120973058
36 49 0 8 0.00356815336272
8 35 0 8 0.00356043921784
1 76 0 8 0.0035597558599
2 61 0 8 0.00355597608723
1 20 0 8 0.00355185079388
13 34 0 8 0.00354900304228
3 60 0 8 0.00354318367317
9 35 0 8 0.00353933870792
43 57 0 8 0.0035379214678
5 63 0 8 0.00353296403773
60 79 0 8 0.00352838076651
41 67 0 8 0.00352537422441
67 74 0 8 0.00352357747033
61 76 0 8 0.00352062704042
11 41 0 8 0.0035039014183
6 66 0 8 0.00350331026129
8 18 0 8 0.00350296567194
4 29 0 8 0.00349728949368
13 68 0 8 0.00349107477814
13 62 0 8 0.00348337274045
45 71 0 8 0.00348170963116
10 48 0 8 0.00348076689988
18 33 0 8 0.00347581179813
10 58 0 8 0.00347557547502
23 61 0 8 0.00347087043338
39 71 0 8 0.00346928555518
45 74 0 8 0.00346741173416
3 67 0 8 0.00346473022364
9 68 0 8 0.00346126151271
2 67 0 8 0.00346056255512
25 61 0 8 0.00345532246865
53 68 0 8 0.00344442739151
22 78 0 8 0.00343944039196
18 41 0 8 0.00343572092243
28 74 0 8 0.00343358609825
10 34 0 8 0.00341716385446
25 55 0 8 0.00341377803124
6 52 0 8 0.00341216102242
3 77 0 8 0.00341164856218
24 46 0 8 0.00341134215705
36 62 0 8 0.00340803200379
32 70 0 8 0.00340753467754
44 78 0 8 0.00340432859957
18 71 0 8 0.00340395327657
9 70 0 8 0.00340013951063
17 56 0 8 0.00339911016636
4 34 0 8 0.00339084980078
10 49 0 8 0.00337740522809
17 58 0 8 0.00337331811897
12 33 0 8 0.00337312254123
12 62 0 8 0.00336873624474
2 14 0 8 0.00336486427113
14 36 0 8 0.00335854571313
9 37 0 8 0.00335587188601
26 77 0 8 0.0033536972478
5 30 0 8 0.00334332627244
5 64 0 8 0.00333476974629
57 76 0 8 0.00332863605581
40 63 0 8 0.00332845887169
2 69 0 8 0.00332205975428
54 64 0 8 0.00331861991435
2 78 0 8 0.00331476726569
25 47 0 8 0.00331465573981
6 39 0 8 0.00331102171913
63 73 0 8 0.00330989062786
54 59 0 8 0.00330576836132
17 60 0 8 0.00329768727534
3 19 0 8 0.00329597922973
22 74 0 8 0.00329499109648
6 75 0 8 0.00327909551561
64 74 0 8 0.00326977809891
27 48 0 8 0.00326875247993
10 59 0 8 0.00326759833843
32 54 0 8 0.0032607645262
16 34 0 8 0.00326075823978
10 40 0 8 0.0032599370461
50 76 0 8 0.00324846827425
21 60 0 8 0.00324611458927
17 32 0 8 0.00324390293099
51 68 0 8 0.0032228580676
4 64 0 8 0.00321522937156
18 56 0 8 0.00321074714884
21 76 0 8 0.00320643140003
2 77 0 8 0.00319663295522
10 51 0 8 0.00319214328192
8 32 0 8 0.00318944058381
8 33 0 8 0.0031882612966
10 37 0 8 0.00318802474067
43 70 0 8 0.00318253342994
17 63 0 8 0.00318054948002
11 47 0 8 0.00317575037479
46 67 0 8 0.00317413080484
46 72 0 8 0.00316688208841
10 63 0 8 0.00316240708344
46 73 0 8 0.00315022026189
66 73 0 8 0.00315001350828
35 57 0 8 0.00314378924668
37 70 0 8 0.00314253568649
26 56 0 8 0.00314186210744
49 70 0 8 0.00313930190168
11 78 0 8 0.00313425343484
19 34 0 8 0.00313394935802
57 81 0 8 0.00313296052627
20 64 0 8 0.00312127824873
62 79 0 8 0.0031186635606
26 55 0 8 0.00311593874358
54 63 0 8 0.00310773937963
57 74 0 8 0.00310497637838
61 79 0 8 0.00309820612893
54 74 0 8 0.0030939837452
19 25 0 8 0.00309276022017
49 68 0 8 0.00309169758111
28 76 0 8 0.00308567471802
5 62 0 8 0.00308553688228
14 33 0 8 0.00308505422436
41 72 0 8 0.00307363923639
14 67 0 8 0.00305979303084
12 49 0 8 0.00305581581779
30 48 0 8 0.00305516645312
46 68 0 8 0.00304919295013
1 37 0 8 0.0030485377647
34 74 0 8 0.00304569141008
53 75 0 8 0.00303542730398
25 77 0 8 0.00303114042617
36 57 0 8 0.00302994740196
10 75 0 8 0.00301967887208
4 32 0 8 0.00301683042198
15 54 0 8 0.0030139319133
28 73 0 8 0.00301362271421
2 29 0 8 0.00301348790526
11 69 0 8 0.00300234253518
53 71 0 8 0.00300044612959
2 41 0 8 0.0029993809294
5 29 0 8 0.00299527565949
3 78 0 8 0.00298808608204
40 66 0 8 0.0029858071357
10 72 0 8 0.00298468023539
15 38 0 8 0.00298289838247
19 49 0 8 0.00297526875511
63 79 0 8 0.00297025009058
62 73 0 8 0.00296838814393
14 39 0 8 0.00296740885824
3 70 0 8 0.00296739884652
7 35 0 8 0.00296119251288
37 78 0 8 0.00296098110266
7 72 0 8 0.00295233353972
19 26 0 8 0.0029462731909
14 72 0 8 0.00294546107762
20 78 0 8 0.00294493720867
1 35 0 8 0.00293987314217
10 67 0 8 0.00293365283869
9 72 0 8 0.00292966514826
3 69 0 8 0.00292846350931
19 64 0 8 0.00292785651982
3 34 0 8 0.00292418245226
42 60 0 8 0.00290969666094
29 52 0 8 0.00290898303501
3 68 0 8 0.00290372525342
35 48 0 8 0.00290124933235
2 21 0 8 0.00289266975597
34 70 0 8 0.00289248418994
11 75 0 8 0.00288602197543
30 51 0 8 0.00288531696424
22 56 0 8 0.00287565193139
20 49 0 8 0.00287550571375
21 70 0 8 0.00287162535824
3 64 0 8 0.00286897085607
33 40 0 8 0.00286727701314
15 58 0 8 0.00286655058153
61 80 0 8 0.0028656674549
2 68 0 8 0.00285809091292
1 39 0 8 0.00285802315921
34 47 0 8 0.00284838280641
10 41 0 8 0.00284753111191
16 30 0 8 0.00284386822022
21 74 0 8 0.00282716634683
53 58 0 8 0.00282190553844
25 45 0 8 0.00281813112088
47 70 0 8 0.00281666405499
30 78 0 8 0.00281051918864
21 48 0 8 0.00280986586586
43 66 0 8 0.00279910955578
4 23 0 8 0.00279546086676
10 64 0 8 0.00279520871118
11 53 0 8 0.0027935821563
14 41 0 8 0.0027902580332
48 74 0 8 0.00278637977317
30 50 0 8 0.00278250291012
40 71 0 8 0.00277885096148
18 28 0 8 0.00276260846294
13 53 0 8 0.00275662075728
2 38 0 8 0.00275548058562
27 44 0 8 0.00274552847259
34 75 0 8 0.00274381460622
21 64 0 8 0.00274352519773
16 49 0 8 0.0027419028338
15 63 0 8 0.00273907207884
34 50 0 8 0.00273541058414
33 50 0 8 0.00273240753449
14 38 0 8 0.00272274296731
56 78 0 8 0.00270890723914
5 35 0 8 0.00270817824639
39 50 0 8 0.00270697311498
50 78 0 8 0.00269838632084
7 33 0 8 0.00269360933453
21 50 0 8 0.00269105378538
10 66 0 8 0.00268855551258
18 48 0 8 0.00268755457364
18 44 0 8 0.0026841009967
10 33 0 8 0.00266394903883
2 27 0 8 0.0026572290808
7 34 0 8 0.00265566492453
36 45 0 8 0.00265134032816
28 46 0 8 0.00264370394871
11 55 0 8 0.0026410499122
19 50 0 8 0.00264005386271
16 62 0 8 0.00263590645045
47 74 0 8 0.00261790887453
14 44 0 8 0.00261102779768
12 50 0 8 0.00261041801423
30 49 0 8 0.00259711337276
18 78 0 8 0.00259687867947
17 41 0 8 0.00258889026009
43 60 0 8 0.0025883030612
15 29 0 8 0.00258635147475
3 27 0 8 0.00258634029888
48 68 0 8 0.00257286569104
44 74 0 8 0.00256964680739
9 57 0 8 0.00256814272143
6 53 0 8 0.00256733316928
14 37 0 8 0.00256474805064
25 43 0 8 0.00256421766244
6 63 0 8 0.0025593645405
3 38 0 8 0.00255319057032
10 76 0 8 0.00255296961404
24 45 0 8 0.00255240034312
37 43 0 8 0.00254373275675
11 62 0 8 0.00253516435623
51 59 0 8 0.00250925216824
35 78 0 8 0.00250432896428
1 24 0 8 0.00250055105425
36 61 0 8 0.00249589188024
45 67 0 8 0.00249492679723
18 54 0 8 0.00249215750955
36 78 0 8 0.00246765906923
16 70 0 8 0.00246574636549
2 32 0 8 0.00246321666054
4 28 0 8 0.00245912512764
9 61 0 8 0.00245515955612
6 50 0 8 0.00245508132502
45 68 0 8 0.0024513178505
17 66 0 8 0.00245011155494
58 81 0 8 0.00244850618765
48 72 0 8 0.00244365888648
38 66 0 8 0.00244217948057
44 59 0 8 0.0024415187072
24 51 0 8 0.0024412968196
14 62 0 8 0.00243464484811
15 68 0 8 0.00242959149182
39 57 0 8 0.00242738053203
1 40 0 8 0.00242305546999
38 73 0 8 0.0024214584846
54 70 0 8 0.00241773971356
1 25 0 8 0.00241311034188
37 61 0 8 0.00241171056405
19 62 0 8 0.00239248084836
15 66 0 8 0.00238909525797
13 49 0 8 0.00238734693266
2 76 0 8 0.00237467698753
2 74 0 8 0.00237093726173
27 43 0 8 0.00236752233468
38 69 0 8 0.00236370530911
6 56 0 8 0.00236306339502
73 81 0 8 0.00236114184372
10 68 0 8 0.00235092779621
6 64 0 8 0.0023503175471
60 78 0 8 0.00234992057085
62 77 0 8 0.00234974035993
14 51 0 8 0.00233665504493
5 57 0 8 0.00233106687665
26 42 0 8 0.00232617836446
11 48 0 8 0.00232433644123
29 51 0 8 0.00232385681011
41 65 0 8 0.00231699598953
18 34 0 8 0.00231628282927
12 57 0 8 0.00231587397866
15 60 0 8 0.002310361946
11 49 0 8 0.00230562966317
12 61 0 8 0.00230198004283
28 55 0 8 0.00229952833615
40 68 0 8 0.00229614926502
55 62 0 8 0.0022956894245
39 53 0 8 0.00229396554641
12 53 0 8 0.00228855665773
22 49 0 8 0.00228754733689
47 68 0 8 0.00228450656869
6 60 0 8 0.00228356570005
5 27 0 8 0.00228296406567
12 34 0 8 0.00228206580505
17 45 0 8 0.00227985111997
30 47 0 8 0.00227957428433
16 64 0 8 0.00227741291746
41 70 0 8 0.00227427948266
18 32 0 8 0.00227036932483
47 58 0 8 0.00225806212984
18 68 0 8 0.00225474196486
9 36 0 8 0.00224899174646
33 42 0 8 0.00224746554159
34 61 0 8 0.00224536727183
11 39 0 8 0.00224063568749
27 51 0 8 0.00223637768067
31 48 0 8 0.00223309337161
34 72 0 8 0.00223012152128
41 57 0 8 0.00222238106653
3 74 0 8 0.00219653919339
18 62 0 8 0.00219484977424
40 70 0 8 0.00219214777462
15 48 0 8 0.00218371977098
2 33 0 8 0.00217297300696
38 77 0 8 0.00216923863627
24 57 0 8 0.00216127675958
5 37 0 8 0.00215460686013
34 78 0 8 0.00215214490891
20 61 0 8 0.0021520559676
2 75 0 8 0.00214789342135
17 64 0 8 0.00214778608643
15 56 0 8 0.00214768596925
9 31 0 8 0.00214746734127
10 74 0 8 0.00214617606252
49 71 0 8 0.00213906215504
45 65 0 8 0.00213737832382
41 63 0 8 0.00212661409751
10 57 0 8 0.00212497636676
26 57 0 8 0.00212398474105
64 73 0 8 0.00212227017619
2 71 0 8 0.0021187721286
3 76 0 8 0.00211855233647
4 26 0 8 0.00211823987775
2 73 0 8 0.00211352808401
16 53 0 8 0.00211312272586
62 76 0 8 0.00210782326758
42 65 0 8 0.00210764189251
17 34 0 8 0.00209502130747
21 75 0 8 0.00209117797203
49 65 0 8 0.00208958028816
22 44 0 8 0.00208147172816
52 57 0 8 0.00207925518043
61 73 0 8 0.00207608263008
25 48 0 8 0.0020627209451
21 44 0 8 0.00204844679683
11 60 0 8 0.00204619043507
3 31 0 8 0.00204300391488
3 30 0 8 0.00204017967917
14 71 0 8 0.00203963718377
6 33 0 8 0.00203693658113
14 19 0 8 0.00202829530463
30 40 0 8 0.00202446896583
28 56 0 8 0.00202423403971
2 31 0 8 0.00202261726372
26 47 0 8 0.00202237651683
15 49 0 8 0.00202151550911
12 18 0 8 0.00201916578226
10 73 0 8 0.00201433268376
15 64 0 8 0.00201066629961
16 23 0 8 0.0020035658963
14 32 0 8 0.00199036882259
7 31 0 8 0.00198849989101
5 61 0 8 0.00198792736046
10 56 0 8 0.00198627333157
74 81 0 8 0.00197701202706
10 27 0 8 0.00197563879192
5 28 0 8 0.00197014794685
38 68 0 8 0.00197012466379
31 41 0 8 0.00196598120965
53 62 0 8 0.00196326035075
1 23 0 8 0.0019557850901
14 55 0 8 0.00195292604621
34 77 0 8 0.00194391026162
10 29 0 8 0.00194277544506
10 70 0 8 0.00193523988128
7 17 0 8 0.00192719139159
30 37 0 8 0.00192483200226
57 77 0 8 0.00192335771862
51 66 0 8 0.00192171987146
48 70 0 8 0.00191578420345
14 52 0 8 0.00191336404532
41 68 0 8 0.0019124263199
11 58 0 8 0.00190842582379
48 71 0 8 0.00190282182302
21 66 0 8 0.00189941260032
29 47 0 8 0.00189399009105
5 31 0 8 0.00189359171782
21 68 0 8 0.00189084303565
8 23 0 8 0.00189018808305
52 58 0 8 0.00188349327073
27 57 0 8 0.00187978497706
69 77 0 8 0.00187638564967
10 71 0 8 0.00187415955588
20 81 0 8 0.00187106954399
16 24 0 8 0.00187045079656
32 74 0 8 0.00186469533946
11 19 0 8 0.00185856665485
43 63 0 8 0.00185799261089
3 75 0 8 0.00185757002328
18 63 0 8 0.0018575451104
46 65 0 8 0.00184370949864
14 56 0 8 0.00182835536543
10 50 0 8 0.00182736711577
9 18 0 8 0.00182573974598
63 78 0 8 0.00182419701014
20 53 0 8 0.00182193040382
26 54 0 8 0.00182031304576
29 50 0 8 0.00181526888628
17 50 0 8 0.00181413558312
14 75 0 8 0.00181155651808
18 64 0 8 0.00180840853136
41 71 0 8 0.00180541037116
1 72 0 8 0.00180384458508
21 51 0 8 0.00180091487709
18 66 0 8 0.0018005145248
64 76 0 8 0.00179941789247
13 50 0 8 0.0017951799091
49 74 0 8 0.00179504067637
6 34 0 8 0.00179260468576
7 19 0 8 0.00178844400216
38 71 0 8 0.00178137619514
24 44 0 8 0.00178097689059
31 43 0 8 0.00177854474168
5 26 0 8 0.00177815533243
39 63 0 8 0.00177657674067
11 63 0 8 0.00177603808697
24 49 0 8 0.00177136925049
17 54 0 8 0.00177135749254
11 54 0 8 0.00176928122528
54 68 0 8 0.00176006753463
17 26 0 8 0.00175316934474
64 81 0 8 0.00175306666642
17 74 0 8 0.00175107840914
3 73 0 8 0.00175095093437
16 57 0 8 0.00173847284168
6 57 0 8 0.00173130305484
6 32 0 8 0.00172875181306
2 37 0 8 0.00172874273267
32 77 0 8 0.00172762386501
4 25 0 8 0.00172408879735
69 76 0 8 0.00171378965024
18 70 0 8 0.00170766259544
2 22 0 8 0.00170468667056
62 80 0 8 0.00170130468905
30 41 0 8 0.00170080084354
31 45 0 8 0.00169923342764
11 59 0 8 0.0016942282673
6 29 0 8 0.00168947887141
14 64 0 8 0.00168787606526
42 70 0 8 0.00168310117442
35 53 0 8 0.00168291933369
9 34 0 8 0.00168198626488
39 68 0 8 0.0016814499395
44 70 0 8 0.00167112890631
3 37 0 8 0.00166706473101
72 77 0 8 0.00166622374672
3 32 0 8 0.00166537042242
32 73 0 8 0.00166364386678
44 65 0 8 0.0016614216147
10 53 0 8 0.00166065373924
14 58 0 8 0.001657608198
60 81 0 8 0.00165134191047
36 43 0 8 0.00163617148064
49 63 0 8 0.00163417321164
18 60 0 8 0.00163371581584
8 22 0 8 0.00163371348754
11 71 0 8 0.00163330591749
30 57 0 8 0.00162697187625
14 66 0 8 0.00162636791356
2 35 0 8 0.0016177194193
21 49 0 8 0.00161764305085
7 30 0 8 0.00161720113829
5 19 0 8 0.00160374795087
50 67 0 8 0.00160273350775
28 45 0 8 0.00160266715102
39 74 0 8 0.00159753893968
44 63 0 8 0.00159466743935
27 50 0 8 0.00159331201576
11 64 0 8 0.00159292528406
34 45 0 8 0.00158733921126
15 30 0 8 0.00157814030536
13 61 0 8 0.00157487241086
44 57 0 8 0.00157371140085
10 35 0 8 0.00157295714598
4 20 0 8 0.00157149299048
11 73 0 8 0.00156827771571
8 34 0 8 0.0015596478479
68 76 0 8 0.00155758135952
26 40 0 8 0.00155109725893
28 41 0 8 0.00154255458619
34 48 0 8 0.00153487268835
14 59 0 8 0.00153473240789
13 23 0 8 0.001532227383
14 48 0 8 0.00153078511357
5 25 0 8 0.0015303560067
38 70 0 8 0.00151567813009
5 22 0 8 0.00151505984832
8 20 0 8 0.00151323294267
14 35 0 8 0.0015128281666
32 52 0 8 0.00151233270299
16 50 0 8 0.00151113071479
66 76 0 8 0.00150964141358
53 70 0 8 0.00150567037053
27 49 0 8 0.00150548689999
15 70 0 8 0.00150468281936
36 41 0 8 0.00150332588237
11 74 0 8 0.0015012959484
2 28 0 8 0.00150013831444
7 36 0 8 0.00149267585948
16 21 0 8 0.00148864323273
50 72 0 8 0.0014849047875
46 66 0 8 0.00148193119094
42 66 0 8 0.00147618900519
11 66 0 8 0.00147442310117
35 49 0 8 0.00147198198829
64 79 0 8 0.0014677423751
57 78 0 8 0.00146644515917
14 50 0 8 0.00145825964864
25 41 0 8 0.00145489734132
26 45 0 8 0.0014535326045
9 19 0 8 0.00144565105438
44 66 0 8 0.00144149386324
18 74 0 8 0.00143846543506
18 52 0 8 0.00143605784979
28 54 0 8 0.00143250043038
61 81 0 8 0.00143231556285
70 79 0 8 0.00143099587876
50 69 0 8 0.00142706162296
44 71 0 8 0.00142699631397
4 24 0 8 0.00142596126534
11 38 0 8 0.00142431759741
11 50 0 8 0.00142329803202
11 51 0 8 0.00142232375219
22 57 0 8 0.00142177997623
4 21 0 8 0.00142144900747
9 24 0 8 0.00142123783007
26 49 0 8 0.00141722429544
48 73 0 8 0.00141670217272
10 36 0 8 0.00141393439844
37 44 0 8 0.00141255895142
11 68 0 8 0.00141172169242
14 70 0 8 0.00140999653377
39 62 0 8 0.00140646880027
40 61 0 8 0.00140642328188
45 59 0 8 0.00140338018537
69 80 0 8 0.00140237342566
64 80 0 8 0.00139812089037
11 70 0 8 0.00139350222889
18 26 0 8 0.00139252527151
26 46 0 8 0.00139154552016
10 52 0 8 0.00139144086279
11 40 0 8 0.00138806190807
11 35 0 8 0.0013870211551
9 32 0 8 0.00138526409864
47 65 0 8 0.00138206931297
3 71 0 8 0.00138079712633
26 41 0 8 0.00137773517054
24 48 0 8 0.00137639488094
20 57 0 8 0.00137598987203
31 53 0 8 0.00137332442682
2 26 0 8 0.00137278379407
20 50 0 8 0.00137096899562
3 33 0 8 0.0013700624695
25 49 0 8 0.00136211980134
6 35 0 8 0.00136107450817
38 61 0 8 0.00136069022119
15 50 0 8 0.00136039347854
29 45 0 8 0.00135576433968
54 62 0 8 0.0013556224294
14 54 0 8 0.00135237537324
14 63 0 8 0.00135225232225
11 34 0 8 0.00134119263384
61 77 0 8 0.00134078448173
18 58 0 8 0.00133935629856
2 40 0 8 0.00133774173446
41 73 0 8 0.00133677455597
41 66 0 8 0.00133670191281
2 39 0 8 0.00133288558573
21 78 0 8 0.00133057346102
16 22 0 8 0.00132982083596
52 70 0 8 0.00132977648173
16 25 0 8 0.00132789905183
21 61 0 8 0.00132705131546
8 29 0 8 0.00132337026298
46 56 0 8 0.00131731969304
47 66 0 8 0.00131642166525
5 23 0 8 0.00131543097086
7 23 0 8 0.00130980333779
10 61 0 8 0.00130520318635
15 34 0 8 0.00130300666206
64 77 0 8 0.00129495875444
22 61 0 8 0.00128847628366
15 62 0 8 0.00128559139557
14 30 0 8 0.00128382991534
3 22 0 8 0.0012802942656
13 24 0 8 0.00127835012972
5 72 0 8 0.00127787294332
28 44 0 8 0.00127313367557
21 56 0 8 0.00126809743233
10 18 0 8 0.00126784632448
49 72 0 8 0.00126055348665
6 72 0 8 0.0012576848967
21 41 0 8 0.00125747348648
3 29 0 8 0.00124706374481
6 31 0 8 0.00124473136384
28 51 0 8 0.00124109792523
5 36 0 8 0.00124072679318
7 27 0 8 0.00122932507657
10 16 0 8 0.00122453307267
28 57 0 8 0.00122387486044
18 49 0 8 0.00122137332801
42 63 0 8 0.00122089288197
26 43 0 8 0.00121949298773
52 63 0 8 0.0012127807131
21 52 0 8 0.00121053657494
8 24 0 8 0.00120831944514
10 31 0 8 0.00120750372298
2 25 0 8 0.00120594736654
50 75 0 8 0.00120507308748
45 66 0 8 0.00120266550221
14 74 0 8 0.00119736173656
39 66 0 8 0.00118877307978
29 48 0 8 0.00118455360644
5 21 0 8 0.00117624772247
13 21 0 8 0.00117391336244
13 57 0 8 0.0011729018297
9 27 0 8 0.00116969132796
45 70 0 8 0.00116678571794
26 44 0 8 0.00116445682943
50 71 0 8 0.00116244645324
43 62 0 8 0.00115431740414
24 53 0 8 0.00115162925795
30 53 0 8 0.00114967883565
32 51 0 8 0.00114918395411
6 61 0 8 0.00114742619917
18 50 0 8 0.00114619825035
31 49 0 8 0.00114247016609
63 81 0 8 0.00113550352398
3 72 0 8 0.00113377103116
13 27 0 8 0.00112974527292
30 46 0 8 0.00112864375114
8 25 0 8 0.0011258374434
51 70 0 8 0.00112413673196
63 80 0 8 0.00111759942956
50 73 0 8 0.00111737800762
36 50 0 8 0.00111528777052
14 60 0 8 0.00111355271656
21 58 0 8 0.00111343967728
11 72 0 8 0.00111326039769
19 53 0 8 0.00111055304296
3 26 0 8 0.001110282843
14 29 0 8 0.00110949459486
27 52 0 8 0.00110733055044
32 39 0 8 0.00109954515938
50 66 0 8 0.00109912303742
50 68 0 8 0.00109790707938
50 74 0 8 0.00109679321758
1 36 0 8 0.00109583244193
11 52 0 8 0.00109040562529
51 56 0 8 0.00108754378743
6 27 0 8 0.00108733412344
15 32 0 8 0.00108692550566
48 56 0 8 0.00108172150794
2 20 0 8 0.00108029099647
38 74 0 8 0.00107631040737
39 61 0 8 0.00107239722274
25 57 0 8 0.0010714577511
46 57 0 8 0.00106787786353
5 24 0 8 0.00106590404175
10 28 0 8 0.00106068793684
33 41 0 8 0.00105889269616
32 48 0 8 0.00105617812369
8 27 0 8 0.00104364543222
8 30 0 8 0.00104225543328
49 66 0 8 0.00104200723581
3 28 0 8 0.00104034226388
17 53 0 8 0.00104029662907
32 57 0 8 0.00103299936745
16 61 0 8 0.00103195570409
72 80 0 8 0.00103063171264
62 78 0 8 0.00102561339736
2 72 0 8 0.00102122442331
12 29 0 8 0.00101932848338
34 43 0 8 0.00101899448782
7 29 0 8 0.00101786316372
32 40 0 8 0.00101767899469
6 28 0 8 0.00101655244362
10 32 0 8 0.00101521739271
52 62 0 8 0.00101390038617
33 44 0 8 0.00101338420063
23 50 0 8 0.00100909988396
44 62 0 8 0.00100850255694
9 20 0 8 0.00100576935802
14 68 0 8 0.00100298866164
41 62 0 8 0.00100087898318
11 56 0 8 0.000997631228529
29 44 0 8 0.000996386515908
7 24 0 8 0.000995076377876
14 34 0 8 0.0009943760233
10 39 0 8 0.0009876874974
10 17 0 8 0.000985645223409
3 35 0 8 0.000985033111647
27 54 0 8 0.00097911094781
28 48 0 8 0.000972612004261
46 58 0 8 0.000970219087321
2 23 0 8 0.000967954285443
69 78 0 8 0.00096474570455
33 43 0 8 0.000962180958595
45 58 0 8 0.000956771895289
30 42 0 8 0.000952457136009
48 54 0 8 0.000952224421781
32 47 0 8 0.000950879009906
2 36 0 8 0.000949778943323
17 49 0 8 0.000949532375671
65 77 0 8 0.000948302331381
3 20 0 8 0.000945278967265
26 51 0 8 0.00094379595248
43 64 0 8 0.00093933736207
13 30 0 8 0.000938824203331
15 23 0 8 0.00093692849623
39 70 0 8 0.00093540456146
26 48 0 8 0.000931618618779
28 49 0 8 0.000927128305193
25 56 0 8 0.000915863318369
7 26 0 8 0.000908899644855
23 49 0 8 0.000907634850591
12 23 0 8 0.000907531531993
12 30 0 8 0.000899992068298
11 57 0 8 0.000899272039533
7 22 0 8 0.000891585310455
14 49 0 8 0.000889447110239
5 20 0 8 0.000886311405338
29 43 0 8 0.000885678688064
8 26 0 8 0.000882692576852
21 57 0 8 0.000880497973412
32 49 0 8 0.000879176368471
34 42 0 8 0.000878193008248
10 24 0 8 0.000875069468748
25 51 0 8 0.000874811841641
62 81 0 8 0.000867753115017
40 64 0 8 0.000866866437718
6 30 0 8 0.000863668275997
23 57 0 8 0.000859363935888
70 76 0 8 0.00085829681484
6 18 0 8 0.000857899431139
41 74 0 8 0.000854776299093
11 37 0 8 0.000850474461913
10 19 0 8 0.000848036666866
66 79 0 8 0.000843367248308
6 19 0 8 0.000842111359816
28 50 0 8 0.000839006039314
66 80 0 8 0.000838819425553
33 45 0 8 0.000836660910863
11 36 0 8 0.000835463521071
14 53 0 8 0.000835247861687
34 73 0 8 0.000824941846076
11 33 0 8 0.000824127055239
13 22 0 8 0.000823904876597
48 66 0 8 0.000818694301415
70 81 0 8 0.000815135717858
50 70 0 8 0.000813292572275
10 30 0 8 0.000803915085271
7 25 0 8 0.000802421476692
31 44 0 8 0.0008001953247
21 54 0 8 0.000796925916802
28 43 0 8 0.000796899257693
29 49 0 8 0.000794879626483
41 61 0 8 0.000787575496361
30 45 0 8 0.000787166587543
48 59 0 8 0.000785737473052
71 80 0 8 0.000783605675679
8 28 0 8 0.00077730306657
51 58 0 8 0.000774711894337
9 29 0 8 0.000771510472987
17 57 0 8 0.000768336874899
3 39 0 8 0.000768094614614
71 79 0 8 0.000764394702855
6 36 0 8 0.00076151342364
67 79 0 8 0.000758155132644
29 41 0 8 0.000755435146857
51 63 0 8 0.000753584725317
18 24 0 8 0.000753417843953
3 40 0 8 0.000750424456783
9 26 0 8 0.000742339121643
15 26 0 8 0.000741603726055
3 21 0 8 0.000740543706343
67 77 0 8 0.000738286413252
25 52 0 8 0.000736403628252
42 61 0 8 0.000732076587155
29 46 0 8 0.000730767613277
32 38 0 8 0.000727748323698
40 62 0 8 0.000727167353034
12 22 0 8 0.000714571215212
49 57 0 8 0.000712529174052
42 62 0 8 0.000712431035936
26 52 0 8 0.000709869957063
15 53 0 8 0.000707968778443
7 28 0 8 0.000701284967363
35 45 0 8 0.000698865100276
10 21 0 8 0.000697228999343
44 64 0 8 0.000696477887686
17 24 0 8 0.000694916816428
24 50 0 8 0.000694199581631
45 63 0 8 0.000689238018822
50 58 0 8 0.000688527012244
15 57 0 8 0.000684580300003
31 50 0 8 0.000683143211063
43 61 0 8 0.000680463912431
29 53 0 8 0.000680235621985
68 74 0 8 0.000676662602928
36 44 0 8 0.000673104543239
12 27 0 8 0.000666519044898
41 64 0 8 0.000660348683596
48 65 0 8 0.000655568554066
30 43 0 8 0.00065431924304
32 43 0 8 0.000653168477584
3 25 0 8 0.000651510315947
38 64 0 8 0.000646673084702
16 26 0 8 0.000645505904686
68 75 0 8 0.000644121319056
6 26 0 8 0.000642635859549
27 53 0 8 0.000640733574983
31 46 0 8 0.000639178964775
39 64 0 8 0.000626291788649
47 57 0 8 0.000624878448434
9 28 0 8 0.000617251207586
15 24 0 8 0.000610799004789
17 61 0 8 0.000610329094343
3 36 0 8 0.00060271989787
14 22 0 8 0.000596569851041
19 61 0 8 0.000595439982135
69 79 0 8 0.000593948177993
49 55 0 8 0.000593132630456
8 21 0 8 0.000592128955759
6 37 0 8 0.000591552758124
14 61 0 8 0.000591523654293
25 53 0 8 0.000591242744122
32 46 0 8 0.000585030356888
67 78 0 8 0.000583400484174
19 57 0 8 0.000582186272368
11 31 0 8 0.000582040112931
11 32 0 8 0.000580297433771
46 63 0 8 0.000580160005484
53 60 0 8 0.000576825812459
46 61 0 8 0.000574168283492
28 42 0 8 0.00057291041594
47 59 0 8 0.000569896190427
11 18 0 8 0.000568327493966
6 25 0 8 0.000567896699067
64 78 0 8 0.000566533824895
44 60 0 8 0.000565418798942
65 80 0 8 0.000560131506063
52 60 0 8 0.000559043139219
71 77 0 8 0.000557601742912
66 77 0 8 0.000549372867681
28 52 0 8 0.000548958603758
11 61 0 8 0.000547325646039
69 81 0 8 0.000542761466932
35 50 0 8 0.000542463094462
70 80 0 8 0.000542396621313
42 64 0 8 0.000539140135515
25 50 0 8 0.000535396917257
14 20 0 8 0.000532289443072
6 24 0 8 0.000531375699211
67 80 0 8 0.000530163291842
53 59 0 8 0.000529494893271
50 65 0 8 0.000526924442966
47 64 0 8 0.000525555282366
23 53 0 8 0.00052553624846
15 22 0 8 0.000524979259353
34 41 0 8 0.000518074841239
66 81 0 8 0.000512399536092
10 26 0 8 0.000509050732944
11 29 0 8 0.000508314464241
65 79 0 8 0.000507325748913
54 60 0 8 0.000503369432408
15 61 0 8 0.000500666210428
9 23 0 8 0.000496987486258
36 42 0 8 0.000496244698297
45 60 0 8 0.00049248081632
13 28 0 8 0.000483236071886
35 44 0 8 0.000483007635921
11 27 0 8 0.000480372982565
22 53 0 8 0.000478160509374
3 23 0 8 0.000470197177492
46 64 0 8 0.000469941762276
17 23 0 8 0.000469836755656
12 21 0 8 0.000468675745651
12 24 0 8 0.000465602817712
9 25 0 8 0.000458197144326
35 42 0 8 0.000450177612947
14 57 0 8 0.000447313301265
9 30 0 8 0.000446342164651
34 44 0 8 0.000444648379926
14 25 0 8 0.000442910997663
14 21 0 8 0.000440496223746
29 42 0 8 0.000438575574663
2 24 0 8 0.000438412156655
48 57 0 8 0.00043501536129
6 22 0 8 0.000425769103458
71 81 0 8 0.000425279285992
14 27 0 8 0.000424603000283
67 81 0 8 0.00042403669795
46 60 0 8 0.000419268821133
72 81 0 8 0.000417180737713
15 27 0 8 0.000413003959693
18 57 0 8 0.000411604327383
11 17 0 8 0.000403335026931
6 21 0 8 0.000402555073379
10 22 0 8 0.000401555851568
30 44 0 8 0.000393501512008
49 56 0 8 0.00039345517871
46 59 0 8 0.000393202644773
7 20 0 8 0.000391534587834
18 61 0 8 0.000389736116631
70 78 0 8 0.000383809005143
51 62 0 8 0.000371727946913
45 57 0 8 0.000368664477719
49 64 0 8 0.000367237516912
48 64 0 8 0.000366532069165
15 25 0 8 0.000364115403499
34 40 0 8 0.00036353134783
32 53 0 8 0.000357621553121
10 25 0 8 0.000357546232408
46 62 0 8 0.000356342439773
18 25 0 8 0.000356326840119
35 43 0 8 0.000352967355866
65 81 0 8 0.000350723188603
11 20 0 8 0.000349920446752
45 61 0 8 0.000345416483469
44 61 0 8 0.000344394211425
47 63 0 8 0.000343023246387
68 80 0 8 0.000339736172464
7 21 0 8 0.000339502876159
45 62 0 8 0.000337383535225
14 28 0 8 0.000336627854267
72 79 0 8 0.000333219999447
14 26 0 8 0.000331392337102
49 60 0 8 0.000329912028974
13 25 0 8 0.000328026217176
9 22 0 8 0.000326495530317
28 53 0 8 0.000322448468069
49 61 0 8 0.000319787184708
32 50 0 8 0.000319249258609
10 20 0 8 0.000318527512718
66 78 0 8 0.000315799494274
17 25 0 8 0.000314881355735
11 22 0 8 0.000312013173243
47 60 0 8 0.000311718205921
6 23 0 8 0.000309957948048
18 53 0 8 0.000309368653689
70 77 0 8 0.000308796996251
14 24 0 8 0.000308509217575
50 61 0 8 0.000308117974782
68 79 0 8 0.000307758920826
3 24 0 8 0.000307664478896
12 26 0 8 0.000299653213006
35 41 0 8 0.00029938048101
48 62 0 8 0.000291408388875
15 28 0 8 0.000289616378723
32 42 0 8 0.000288959679892
11 26 0 8 0.000287012197077
9 21 0 8 0.000284316221951
21 53 0 8 0.000283836008748
11 28 0 8 0.000283408211544
14 23 0 8 0.000282924971543
52 61 0 8 0.000282306864392
47 61 0 8 0.000282224500552
11 30 0 8 0.000279858562863
51 57 0 8 0.000279848405626
13 26 0 8 0.000278060935671
51 60 0 8 0.00027750924346
68 81 0 8 0.000272843084531
49 59 0 8 0.000272787146969
12 28 0 8 0.000272685749223
53 61 0 8 0.000269100710284
48 63 0 8 0.000262926274445
26 50 0 8 0.000259211374214
32 45 0 8 0.000258965330431
49 58 0 8 0.00025804748293
65 78 0 8 0.000256251834799
47 62 0 8 0.000248156982707
32 41 0 8 0.000247485702857
11 23 0 8 0.000246785406489
12 25 0 8 0.000246307521593
51 64 0 8 0.000230297795497
68 77 0 8 0.000228510602028
15 21 0 8 0.000219417153858
45 64 0 8 0.00021548497898
26 53 0 8 0.000199045869522
49 62 0 8 0.00017835937615
6 20 0 8 0.000176615416422
32 44 0 8 0.00017050691531
50 64 0 8 0.000169262697455
54 61 0 8 0.000166042897035
10 23 0 8 0.000161480813404
71 78 0 8 0.000160968265845
48 58 0 8 0.000159233008162
11 21 0 8 0.000151645144797
50 57 0 8 0.000149740706547
11 24 0 8 0.000148565668496
50 62 0 8 0.000138886593049
11 25 0 8 0.000137438226375
50 56 0 8 0.000131903929287
50 60 0 8 0.00012345155119
50 63 0 8 0.000123337405967
72 78 0 8 0.000121853707242
48 60 0 8 0.000121813041915
51 61 0 8 0.00011800716311
50 59 0 8 0.00011363763042
48 61 0 8 9.21351456782e-05
68 78 0 8 7.48646489228e-05
