48 49 0 8 0.999997437
65 66 0 8 0.999996960163
4 5 0 8 0.999995112419
7 8 0 8 0.999995112419
5 6 0 8 0.999994158745
47 48 0 8 0.999993503094
49 50 0 8 0.999992012978
3 4 0 8 0.999990463257
63 64 0 8 0.999989569187
2 3 0 8 0.99998831749
1 2 0 8 0.999987483025
46 47 0 8 0.999986290932
18 19 0 8 0.999980509281
6 7 0 8 0.999978482723
17 18 0 8 0.999978005886
19 20 0 8 0.999976158142
24 25 0 8 0.999975025654
45 46 0 8 0.999971151352
50 51 0 8 0.999968588352
23 24 0 8 0.999965667725
26 27 0 8 0.99996304512
8 9 0 8 0.99995803833
64 65 0 8 0.999957680702
51 52 0 8 0.9999538064
25 26 0 8 0.999948561192
20 21 0 8 0.999947369099
22 23 0 8 0.999939441681
62 63 0 8 0.999926745892
56 57 0 8 0.999905109406
9 10 0 8 0.999898552895
11 12 0 8 0.999894559383
27 28 0 8 0.99989014864
42 43 0 8 0.999887704849
44 45 0 8 0.999884724617
16 17 0 8 0.999882102013
53 54 0 8 0.999873995781
21 22 0 8 0.99985986948
38 39 0 8 0.999843537807
34 35 0 8 0.999810039997
43 44 0 8 0.999806702137
40 41 0 8 0.999804735184
60 61 0 8 0.999787807465
57 58 0 8 0.999773740768
10 11 0 8 0.999749660492
13 14 0 8 0.999742388725
15 16 0 8 0.999740839005
55 56 0 8 0.999733328819
39 40 0 8 0.999719977379
52 53 0 8 0.999715805054
14 15 0 8 0.999643564224
41 42 0 8 0.999633491039
54 55 0 8 0.999602973461
33 34 0 8 0.999585568905
35 36 0 8 0.999573171139
37 38 0 8 0.999558091164
61 62 0 8 0.99952596426
31 32 0 8 0.999425113201
59 60 0 8 0.999379098415
12 13 0 8 0.999307513237
28 29 0 8 0.999291241169
36 37 0 8 0.999204576015
32 33 0 8 0.99916768074
30 31 0 8 0.998695552349
58 59 0 8 0.998675465584
29 30 0 8 0.99713075161
49 51 0 8 0.980949163437
47 49 0 8 0.980014801025
5 19 0 8 0.964086472988
17 27 0 8 0.962199151516
27 29 0 8 0.959417164326
18 47 0 8 0.959247291088
6 8 0 8 0.952167570591
20 23 0 8 0.950900673866
16 28 0 8 0.950652420521
26 51 0 8 0.942325174809
54 56 0 8 0.942238271236
6 18 0 8 0.941263258457
6 41 0 8 0.940281271935
9 30 0 8 0.936730504036
7 19 0 8 0.935161113739
6 47 0 8 0.933528721333
15 27 0 8 0.931320726871
20 26 0 8 0.931171774864
20 22 0 8 0.929150700569
21 23 0 8 0.925604104996
20 24 0 8 0.922106921673
18 26 0 8 0.918789446354
4 6 0 8 0.918037176132
18 27 0 8 0.917630076408
50 52 0 8 0.914823830128
15 29 0 8 0.91474199295
10 12 0 8 0.914698123932
48 50 0 8 0.909576833248
23 25 0 8 0.909351766109
20 49 0 8 0.905037879944
6 45 0 8 0.902386307716
28 63 0 8 0.901488482952
18 28 0 8 0.894629061222
7 25 0 8 0.890027344227
35 37 0 8 0.887947499752
18 49 0 8 0.885208547115
29 31 0 8 0.88192564249
18 20 0 8 0.879684090614
50 62 0 8 0.879115223885
32 34 0 8 0.877995312214
60 62 0 8 0.876376569271
6 44 0 8 0.874272167683
62 64 0 8 0.872810602188
52 61 0 8 0.87171125412
5 7 0 8 0.871325194836
46 48 0 8 0.869441509247
40 42 0 8 0.869178295135
15 17 0 8 0.868461430073
19 26 0 8 0.865390479565
33 38 0 8 0.864803195
56 58 0 8 0.863626122475
5 44 0 8 0.8634339571
16 18 0 8 0.86279708147
57 59 0 8 0.860179781914
8 10 0 8 0.857844889164
22 24 0 8 0.85513061285
45 65 0 8 0.854556441307
64 66 0 8 0.853767573833
41 47 0 8 0.852778971195
8 43 0 8 0.848343014717
38 40 0 8 0.846361458302
41 45 0 8 0.84528785944
28 41 0 8 0.842229902744
26 28 0 8 0.840543031693
48 64 0 8 0.837661325932
14 30 0 8 0.836045026779
39 41 0 8 0.834547519684
41 43 0 8 0.833512544632
43 45 0 8 0.832987964153
33 39 0 8 0.830142021179
34 36 0 8 0.830121517181
54 57 0 8 0.82996481657
7 9 0 8 0.821748137474
44 46 0 8 0.820915281773
59 61 0 8 0.815862476826
36 38 0 8 0.815403163433
45 47 0 8 0.810539722443
6 43 0 8 0.805541932583
30 33 0 8 0.80502897501
60 63 0 8 0.803109943867
51 53 0 8 0.801329314709
58 60 0 8 0.798539876938
14 29 0 8 0.794538140297
17 29 0 8 0.79192262888
17 28 0 8 0.789212763309
19 21 0 8 0.787172794342
2 20 0 8 0.785075724125
37 39 0 8 0.782800137997
11 13 0 8 0.780628681183
42 44 0 8 0.778101086617
19 25 0 8 0.776547372341
61 63 0 8 0.77325719595
1 3 0 8 0.766382336617
3 5 0 8 0.765693306923
33 35 0 8 0.763182759285
16 29 0 8 0.76231777668
14 16 0 8 0.76152586937
31 33 0 8 0.761025846004
52 54 0 8 0.760989189148
13 15 0 8 0.760384082794
17 19 0 8 0.755919933319
42 45 0 8 0.753348350525
10 14 0 8 0.751270532608
28 49 0 8 0.747854113579
30 39 0 8 0.744311630726
2 4 0 8 0.744099318981
63 65 0 8 0.742542862892
10 13 0 8 0.733210146427
20 25 0 8 0.731512665749
55 57 0 8 0.726541101933
32 61 0 8 0.717594206333
5 46 0 8 0.71650236845
3 21 0 8 0.715796947479
3 46 0 8 0.71388399601
8 28 0 8 0.713555634022
3 48 0 8 0.71047013998
12 14 0 8 0.704191446304
9 41 0 8 0.700634837151
6 28 0 8 0.697217166424
11 40 0 8 0.693335533142
21 46 0 8 0.691982090473
50 61 0 8 0.687910854816
24 26 0 8 0.682207643986
17 26 0 8 0.680257558823
53 55 0 8 0.6775354743
28 30 0 8 0.671545624733
25 27 0 8 0.671545147896
9 16 0 8 0.671279788017
9 43 0 8 0.668981015682
53 58 0 8 0.668570160866
33 40 0 8 0.668192505836
54 59 0 8 0.662607014179
10 15 0 8 0.658325731754
34 37 0 8 0.657023668289
33 47 0 8 0.655646324158
46 66 0 8 0.652312934399
34 62 0 8 0.644718885422
11 42 0 8 0.642276465893
48 66 0 8 0.639203965664
34 64 0 8 0.638185918331
5 45 0 8 0.634550392628
41 44 0 8 0.633590817451
51 58 0 8 0.633251309395
30 32 0 8 0.63070166111
8 25 0 8 0.63003796339
7 43 0 8 0.628914058208
9 11 0 8 0.619959175587
18 60 0 8 0.619106054306
8 15 0 8 0.612076222897
9 14 0 8 0.611832678318
8 37 0 8 0.611750841141
8 17 0 8 0.610174298286
11 38 0 8 0.606184899807
4 18 0 8 0.604691445827
15 28 0 8 0.601858019829
33 37 0 8 0.599419951439
9 28 0 8 0.594251930714
47 63 0 8 0.592045485973
57 60 0 8 0.588220059872
15 30 0 8 0.588138818741
33 41 0 8 0.586871623993
7 44 0 8 0.583733856678
32 59 0 8 0.582352161407
28 47 0 8 0.581921041012
6 9 0 8 0.576429486275
28 60 0 8 0.575020551682
35 38 0 8 0.57104074955
5 47 0 8 0.568129956722
19 23 0 8 0.565062642097
6 42 0 8 0.550406992435
5 18 0 8 0.542299211025
11 14 0 8 0.52368670702
9 17 0 8 0.515253067017
24 58 0 8 0.507970929146
9 15 0 8 0.505819618702
9 38 0 8 0.50129109621
27 58 0 8 0.497591286898
19 44 0 8 0.495905965567
11 39 0 8 0.489731043577
35 65 0 8 0.488082945347
26 58 0 8 0.471921861172
40 44 0 8 0.459796667099
18 29 0 8 0.447522312403
20 51 0 8 0.43871858716
16 27 0 8 0.437351197004
8 16 0 8 0.436739087105
30 59 0 8 0.43200019002
9 13 0 8 0.426117062569
32 52 0 8 0.424279987812
27 49 0 8 0.423959940672
30 38 0 8 0.420366466045
10 16 0 8 0.417528182268
7 18 0 8 0.415835350752
26 60 0 8 0.411873936653
49 60 0 8 0.410872936249
30 41 0 8 0.400025755167
4 20 0 8 0.394821941853
8 18 0 8 0.375968903303
21 24 0 8 0.373438566923
19 24 0 8 0.368628054857
34 38 0 8 0.367996752262
51 62 0 8 0.361009836197
49 61 0 8 0.359535723925
29 59 0 8 0.35788115859
52 59 0 8 0.355369865894
16 30 0 8 0.348379433155
18 25 0 8 0.347571074963
17 57 0 8 0.344523638487
24 53 0 8 0.334401249886
10 27 0 8 0.326078981161
47 66 0 8 0.324036896229
32 63 0 8 0.321131706238
19 27 0 8 0.315297007561
51 60 0 8 0.31469386816
40 47 0 8 0.313191175461
6 17 0 8 0.310231387615
39 47 0 8 0.310181856155
51 61 0 8 0.297035872936
11 30 0 8 0.290991455317
57 61 0 8 0.289986014366
4 19 0 8 0.287222802639
33 36 0 8 0.279969543219
53 56 0 8 0.275245159864
49 62 0 8 0.273451209068
4 21 0 8 0.271580636501
40 45 0 8 0.26907530427
16 31 0 8 0.267142117023
59 63 0 8 0.263793200254
29 57 0 8 0.257332473993
45 66 0 8 0.253891289234
48 65 0 8 0.252796322107
29 60 0 8 0.251322805882
28 33 0 8 0.245732501149
10 37 0 8 0.245408698916
30 40 0 8 0.24464944005
8 33 0 8 0.244248017669
3 66 0 8 0.244189590216
4 49 0 8 0.242215424776
56 60 0 8 0.238625138998
17 49 0 8 0.230975389481
59 62 0 8 0.228637173772
1 4 0 8 0.224461436272
38 49 0 8 0.22294421494
47 65 0 8 0.221981525421
18 63 0 8 0.221368864179
53 57 0 8 0.220155894756
2 51 0 8 0.218375563622
17 30 0 8 0.217578038573
38 47 0 8 0.216142714024
36 39 0 8 0.215088844299
9 29 0 8 0.214615553617
6 40 0 8 0.213649690151
27 47 0 8 0.213129505515
26 49 0 8 0.212112471461
31 39 0 8 0.210947394371
8 41 0 8 0.209344372153
16 47 0 8 0.208837017417
53 59 0 8 0.20758856833
14 31 0 8 0.206692844629
15 32 0 8 0.205299779773
29 41 0 8 0.201862514019
27 57 0 8 0.201074123383
46 65 0 8 0.199775785208
49 63 0 8 0.197674512863
9 47 0 8 0.195322617888
9 33 0 8 0.193926885724
6 46 0 8 0.192916691303
7 17 0 8 0.192064017057
18 41 0 8 0.191977754235
38 41 0 8 0.190656244755
21 25 0 8 0.189547717571
32 38 0 8 0.188742354512
9 27 0 8 0.187772855163
32 39 0 8 0.18638625741
6 49 0 8 0.185077875853
60 64 0 8 0.18142926693
16 63 0 8 0.178911730647
5 35 0 8 0.174197137356
50 64 0 8 0.173833429813
31 41 0 8 0.173684105277
2 21 0 8 0.172928586602
20 28 0 8 0.171526521444
32 41 0 8 0.170757591724
5 65 0 8 0.169922977686
46 64 0 8 0.169384405017
13 17 0 8 0.169017091393
47 64 0 8 0.168174490333
31 50 0 8 0.166990816593
29 49 0 8 0.165114074945
9 39 0 8 0.16331730783
40 46 0 8 0.160422846675
24 55 0 8 0.15980938077
14 17 0 8 0.159353554249
28 51 0 8 0.158942833543
55 58 0 8 0.158820971847
23 26 0 8 0.15875069797
16 60 0 8 0.154773265123
5 66 0 8 0.154765278101
2 22 0 8 0.154679328203
31 38 0 8 0.15461216867
41 46 0 8 0.153591781855
40 43 0 8 0.153551697731
26 52 0 8 0.153075963259
32 40 0 8 0.152619883418
17 63 0 8 0.152491241693
17 25 0 8 0.150824487209
12 42 0 8 0.149741113186
29 63 0 8 0.149307116866
50 65 0 8 0.148901805282
51 63 0 8 0.148892492056
17 47 0 8 0.148837372661
27 60 0 8 0.147283598781
30 45 0 8 0.144522503018
6 66 0 8 0.144360646605
27 51 0 8 0.140933528543
27 63 0 8 0.139142692089
20 27 0 8 0.13859590888
15 18 0 8 0.137757107615
12 32 0 8 0.137603968382
48 63 0 8 0.137044876814
54 58 0 8 0.135792389512
1 31 0 8 0.133745878935
52 62 0 8 0.132074922323
56 59 0 8 0.131712645292
6 33 0 8 0.131687089801
55 59 0 8 0.130026593804
29 50 0 8 0.129762321711
50 63 0 8 0.129637658596
4 44 0 8 0.12793238461
4 22 0 8 0.126185372472
52 60 0 8 0.12597733736
5 43 0 8 0.125804454088
26 59 0 8 0.125536650419
58 61 0 8 0.125419080257
37 40 0 8 0.125105887651
30 64 0 8 0.124884702265
6 37 0 8 0.1246657148
17 60 0 8 0.124482214451
11 43 0 8 0.124026499689
6 19 0 8 0.122902862728
1 50 0 8 0.122471667826
9 63 0 8 0.121807709336
13 37 0 8 0.120052389801
27 59 0 8 0.119706653059
4 65 0 8 0.119300559163
4 16 0 8 0.11906683445
24 51 0 8 0.118127137423
4 60 0 8 0.117606297135
30 60 0 8 0.117315158248
16 57 0 8 0.116896554828
33 60 0 8 0.11679341644
5 21 0 8 0.116290196776
49 64 0 8 0.116169370711
21 26 0 8 0.115888096392
54 60 0 8 0.115367367864
6 27 0 8 0.11482770741
31 60 0 8 0.114401586354
44 66 0 8 0.114178515971
5 20 0 8 0.113821439445
11 15 0 8 0.113577291369
8 44 0 8 0.113395377994
26 66 0 8 0.113389119506
32 47 0 8 0.112863950431
13 32 0 8 0.1128096506
10 17 0 8 0.112649731338
27 41 0 8 0.112422756851
52 58 0 8 0.111687734723
18 65 0 8 0.11155641824
30 63 0 8 0.11138112843
48 62 0 8 0.111187189817
32 60 0 8 0.110888056457
6 20 0 8 0.110780276358
8 13 0 8 0.109807133675
5 49 0 8 0.108784131706
31 40 0 8 0.108687318861
30 49 0 8 0.107259914279
16 44 0 8 0.106836430728
54 61 0 8 0.10652384907
9 40 0 8 0.105531029403
4 66 0 8 0.104851312935
7 31 0 8 0.104834571481
27 66 0 8 0.104828841984
16 49 0 8 0.104669630527
31 45 0 8 0.104507513344
33 63 0 8 0.104483500123
6 63 0 8 0.104482516646
53 60 0 8 0.103500679135
32 49 0 8 0.102958917618
1 5 0 8 0.10269164294
5 48 0 8 0.101237751544
3 20 0 8 0.101116485894
29 62 0 8 0.0995547994971
26 32 0 8 0.0986862182617
13 16 0 8 0.0985203161836
2 23 0 8 0.0981315746903
11 16 0 8 0.0977335423231
22 25 0 8 0.0974730476737
18 43 0 8 0.0955993384123
19 28 0 8 0.0955343842506
52 57 0 8 0.0953455939889
9 37 0 8 0.0951122194529
27 62 0 8 0.0950913876295
15 56 0 8 0.0950718894601
10 45 0 8 0.0950216427445
13 27 0 8 0.0937751680613
57 63 0 8 0.0935071110725
29 40 0 8 0.0934426039457
12 59 0 8 0.0925476029515
29 47 0 8 0.0912983044982
51 59 0 8 0.0911136493087
9 49 0 8 0.0905987769365
35 39 0 8 0.0903179496527
50 66 0 8 0.0900030657649
16 66 0 8 0.0899132862687
27 56 0 8 0.089730001986
31 47 0 8 0.0896837487817
4 43 0 8 0.0895243063569
21 27 0 8 0.0892859101295
6 38 0 8 0.0889414325356
25 66 0 8 0.0883858129382
4 41 0 8 0.0882235765457
32 62 0 8 0.0877352431417
9 18 0 8 0.0876901000738
7 63 0 8 0.0871471315622
51 54 0 8 0.0864819586277
4 40 0 8 0.0858896747231
16 41 0 8 0.0856067091227
9 60 0 8 0.0852984711528
10 56 0 8 0.0850414857268
2 5 0 8 0.0841724053025
23 60 0 8 0.0839569047093
6 65 0 8 0.0836617201567
31 49 0 8 0.0836324989796
49 65 0 8 0.0834243446589
25 58 0 8 0.0833755359054
39 42 0 8 0.0829555615783
34 41 0 8 0.0819767713547
8 49 0 8 0.0811960026622
13 33 0 8 0.0805596858263
29 52 0 8 0.0805300399661
50 60 0 8 0.0802327394485
6 60 0 8 0.0800093710423
30 57 0 8 0.0794264823198
29 38 0 8 0.0793582424521
24 54 0 8 0.0787514746189
7 62 0 8 0.0785052701831
7 66 0 8 0.0784994289279
5 64 0 8 0.0784554407001
6 16 0 8 0.0771428346634
27 54 0 8 0.0770687237382
61 64 0 8 0.0770099312067
3 19 0 8 0.0765121132135
8 47 0 8 0.0764223560691
15 33 0 8 0.0760277509689
8 51 0 8 0.0758229419589
49 66 0 8 0.0755837112665
30 47 0 8 0.0753278806806
58 62 0 8 0.07479198277
52 56 0 8 0.0747128352523
8 63 0 8 0.0745912492275
15 43 0 8 0.0744798630476
17 51 0 8 0.0744602233171
31 59 0 8 0.0741906166077
58 63 0 8 0.0739592760801
32 37 0 8 0.0736311599612
32 55 0 8 0.0731355920434
8 62 0 8 0.0730122923851
44 64 0 8 0.0728182345629
19 63 0 8 0.0726600438356
26 64 0 8 0.0723722577095
11 36 0 8 0.0718947201967
37 41 0 8 0.0712798014283
51 64 0 8 0.0712581425905
26 63 0 8 0.0712346956134
34 39 0 8 0.0712100639939
44 47 0 8 0.0703354477882
6 64 0 8 0.0703102648258
43 46 0 8 0.0702395066619
4 23 0 8 0.0701592937112
19 64 0 8 0.0697401538491
42 65 0 8 0.0695168077946
2 65 0 8 0.0692449137568
16 32 0 8 0.0690170451999
4 63 0 8 0.0689183473587
15 57 0 8 0.0686908587813
6 51 0 8 0.0685151219368
47 60 0 8 0.0680610165
15 61 0 8 0.0679972097278
6 50 0 8 0.067400380969
10 43 0 8 0.0672186240554
4 47 0 8 0.0671398639679
27 64 0 8 0.0666426345706
3 42 0 8 0.0665608197451
27 48 0 8 0.0663746148348
52 63 0 8 0.0661590024829
33 49 0 8 0.0655592232943
8 14 0 8 0.0654567480087
3 22 0 8 0.0654520019889
8 19 0 8 0.0649092122912
7 29 0 8 0.0647014006972
20 58 0 8 0.0646179690957
4 26 0 8 0.0644070059061
31 57 0 8 0.0640853792429
53 62 0 8 0.0636017844081
31 62 0 8 0.0634204223752
32 54 0 8 0.0632274597883
13 43 0 8 0.0628646612167
13 30 0 8 0.0628447681665
5 22 0 8 0.061875667423
16 26 0 8 0.0617445707321
8 38 0 8 0.0616791732609
4 27 0 8 0.0614767856896
29 32 0 8 0.0613949894905
29 56 0 8 0.0613655820489
55 60 0 8 0.0613139644265
27 52 0 8 0.0611905157566
1 49 0 8 0.0611029453576
18 24 0 8 0.0610625520349
13 29 0 8 0.0608873777092
18 64 0 8 0.0608565062284
4 28 0 8 0.0607818253338
31 56 0 8 0.0603663064539
10 61 0 8 0.0598260425031
18 51 0 8 0.0597649998963
15 37 0 8 0.0596638992429
12 33 0 8 0.0595832951367
63 66 0 8 0.0593778118491
7 41 0 8 0.0589896440506
31 63 0 8 0.0586134791374
38 42 0 8 0.0582299418747
7 47 0 8 0.0582193024457
4 46 0 8 0.0579725801945
51 57 0 8 0.0578348338604
2 48 0 8 0.0577950403094
9 36 0 8 0.0577926002443
62 65 0 8 0.0577092841268
6 32 0 8 0.0576055832207
11 17 0 8 0.0573993995786
36 64 0 8 0.0573295243084
28 57 0 8 0.057191055268
6 48 0 8 0.0571591965854
16 62 0 8 0.0570271871984
17 66 0 8 0.0562011376023
29 58 0 8 0.0560600720346
33 59 0 8 0.0558038912714
13 31 0 8 0.0555478408933
7 16 0 8 0.0554369091988
27 65 0 8 0.0551087744534
1 65 0 8 0.0544321723282
6 21 0 8 0.0544245652854
4 53 0 8 0.0543156638741
4 51 0 8 0.0542390011251
56 61 0 8 0.0541766136885
29 44 0 8 0.0541420988739
8 45 0 8 0.0541360676289
6 62 0 8 0.0536832734942
14 28 0 8 0.0536429062486
29 33 0 8 0.0535014495254
31 55 0 8 0.0534961223602
37 47 0 8 0.0533053539693
4 38 0 8 0.0532852932811
12 34 0 8 0.0532676167786
14 33 0 8 0.0527818053961
5 53 0 8 0.0527717210352
28 45 0 8 0.0527299791574
17 64 0 8 0.052612606436
33 54 0 8 0.0523349232972
18 62 0 8 0.0521963238716
4 48 0 8 0.0518191531301
16 65 0 8 0.051483463496
20 47 0 8 0.0511471927166
2 34 0 8 0.0511223562062
8 39 0 8 0.0508579164743
14 38 0 8 0.0507107824087
32 44 0 8 0.0506577827036
28 65 0 8 0.0505612455308
14 57 0 8 0.0503433607519
2 52 0 8 0.0500015318394
53 61 0 8 0.0499718114734
14 18 0 8 0.049363989383
25 57 0 8 0.049245506525
11 33 0 8 0.0492155104876
7 37 0 8 0.0491568818688
17 56 0 8 0.0491218566895
29 66 0 8 0.0490608662367
12 15 0 8 0.0489714443684
4 52 0 8 0.0486754029989
15 63 0 8 0.0486519373953
10 41 0 8 0.0485982000828
8 30 0 8 0.0485178567469
31 44 0 8 0.0482419058681
6 39 0 8 0.0481414683163
26 47 0 8 0.0481074154377
31 61 0 8 0.0480505339801
15 47 0 8 0.0480081625283
34 40 0 8 0.0473287031054
42 66 0 8 0.0473163686693
2 66 0 8 0.047304674983
14 32 0 8 0.0472980365157
5 41 0 8 0.0468162894249
19 65 0 8 0.0467814654112
3 63 0 8 0.0461951382458
43 47 0 8 0.0460374727845
29 43 0 8 0.0459846556187
12 40 0 8 0.045906689018
30 44 0 8 0.0457252264023
4 64 0 8 0.0455796383321
15 40 0 8 0.0455270595849
25 54 0 8 0.0454705767334
16 59 0 8 0.0452986583114
27 30 0 8 0.0452138222754
29 46 0 8 0.0451514907181
37 49 0 8 0.0449924990535
4 42 0 8 0.0449082292616
34 50 0 8 0.0447813421488
12 35 0 8 0.0444162636995
9 12 0 8 0.0444030351937
18 58 0 8 0.0441512726247
28 62 0 8 0.0441019386053
29 61 0 8 0.0440925396979
9 32 0 8 0.0440677963197
15 66 0 8 0.0440571084619
15 31 0 8 0.0438818521798
32 35 0 8 0.043494027108
7 20 0 8 0.0434198267758
15 60 0 8 0.0431742221117
2 50 0 8 0.0430141836405
7 49 0 8 0.0429612062871
15 26 0 8 0.0428240150213
26 54 0 8 0.0427231229842
32 57 0 8 0.0425537899137
28 59 0 8 0.0425461046398
19 22 0 8 0.0420968532562
5 27 0 8 0.0419753044844
2 55 0 8 0.0416279621422
62 66 0 8 0.0413703434169
3 62 0 8 0.0411500371993
8 31 0 8 0.0411098711193
6 30 0 8 0.0410803034902
4 62 0 8 0.0407342799008
29 48 0 8 0.0405094586313
28 39 0 8 0.0404804088175
26 65 0 8 0.0404427088797
30 54 0 8 0.040377382189
15 38 0 8 0.0402993001044
28 58 0 8 0.0402688160539
27 39 0 8 0.0402398742735
1 25 0 8 0.040234323591
15 41 0 8 0.0400985069573
52 64 0 8 0.0400414280593
8 26 0 8 0.0399635322392
30 34 0 8 0.0399468429387
3 41 0 8 0.0398743748665
4 37 0 8 0.0398624241352
22 26 0 8 0.0398575924337
18 40 0 8 0.0398255996406
19 29 0 8 0.0396552346647
3 38 0 8 0.0395830050111
8 55 0 8 0.0395619943738
10 57 0 8 0.0394882075489
4 57 0 8 0.0391936711967
19 47 0 8 0.0391651391983
23 53 0 8 0.0391214676201
4 55 0 8 0.0389278866351
14 41 0 8 0.038864441216
12 16 0 8 0.0388546921313
9 34 0 8 0.0388218872249
15 49 0 8 0.0387469753623
57 62 0 8 0.0387352108955
8 66 0 8 0.0386957898736
32 36 0 8 0.0385329946876
39 49 0 8 0.0383713468909
4 54 0 8 0.0383660718799
23 58 0 8 0.0379798784852
4 35 0 8 0.0379602462053
19 66 0 8 0.0378674715757
31 37 0 8 0.0378531143069
29 54 0 8 0.0378459505737
17 41 0 8 0.0377339087427
13 60 0 8 0.0375431105494
19 51 0 8 0.0375413671136
5 52 0 8 0.037495393306
39 45 0 8 0.0374072045088
25 55 0 8 0.0373151451349
41 48 0 8 0.0370697975159
3 40 0 8 0.0369662195444
42 46 0 8 0.036922942847
17 59 0 8 0.0369224585593
8 60 0 8 0.0368548296392
38 63 0 8 0.0368338152766
14 56 0 8 0.0364406704903
34 49 0 8 0.0364032872021
28 66 0 8 0.0362838283181
6 25 0 8 0.0362010523677
23 66 0 8 0.0361531823874
18 57 0 8 0.0359794013202
10 63 0 8 0.0359752811491
16 54 0 8 0.0359250642359
8 11 0 8 0.0358550846577
7 65 0 8 0.0357459411025
44 65 0 8 0.035740043968
4 45 0 8 0.0357101298869
3 65 0 8 0.0356430150568
1 23 0 8 0.0356030277908
35 49 0 8 0.0355786271393
34 47 0 8 0.0354772992432
1 64 0 8 0.0354625917971
5 37 0 8 0.0353779830039
31 35 0 8 0.0352256037295
14 40 0 8 0.035175986588
26 46 0 8 0.0351605005562
39 43 0 8 0.035156160593
7 64 0 8 0.034878641367
55 61 0 8 0.0348552986979
2 24 0 8 0.0347783379257
2 64 0 8 0.0345924198627
52 66 0 8 0.0345806516707
6 61 0 8 0.0344800949097
4 24 0 8 0.0343065336347
17 62 0 8 0.0342833846807
4 17 0 8 0.0342155024409
11 37 0 8 0.0341902263463
17 65 0 8 0.0341224074364
25 56 0 8 0.0341199822724
26 62 0 8 0.0340168438852
28 61 0 8 0.0339993722737
5 34 0 8 0.0339865460992
24 66 0 8 0.033967975527
1 66 0 8 0.0339315831661
37 46 0 8 0.0338808819652
1 6 0 8 0.0337521396577
20 41 0 8 0.0337021872401
16 51 0 8 0.0336098372936
19 49 0 8 0.03349692747
7 48 0 8 0.0334956273437
16 56 0 8 0.0334432460368
8 32 0 8 0.0333895646036
52 55 0 8 0.0331735685468
25 50 0 8 0.0331484042108
25 48 0 8 0.0330921038985
7 26 0 8 0.0330828726292
33 45 0 8 0.0329082682729
27 53 0 8 0.0328924953938
14 37 0 8 0.0328844934702
21 62 0 8 0.0328474119306
4 34 0 8 0.0328059718013
36 65 0 8 0.0327386334538
10 35 0 8 0.0327103808522
42 47 0 8 0.0326703451574
31 48 0 8 0.0326540805399
32 42 0 8 0.032619509846
4 7 0 8 0.0324192903936
31 43 0 8 0.0324100479484
38 66 0 8 0.0323234125972
26 57 0 8 0.0320928543806
6 57 0 8 0.0320518426597
13 57 0 8 0.0319563560188
7 15 0 8 0.0319155938923
5 63 0 8 0.0318535715342
7 40 0 8 0.0317267738283
18 66 0 8 0.0315378606319
51 56 0 8 0.0314200520515
9 45 0 8 0.0314021632075
7 38 0 8 0.0312608443201
4 61 0 8 0.031228557229
31 34 0 8 0.0312152151018
39 46 0 8 0.0312056075782
6 26 0 8 0.0311978515238
11 62 0 8 0.0311661697924
18 33 0 8 0.0310927219689
29 45 0 8 0.0309786722064
38 43 0 8 0.0308579523116
10 33 0 8 0.0308097098023
38 48 0 8 0.030784945935
25 59 0 8 0.0307178143412
11 35 0 8 0.0305775478482
25 60 0 8 0.0305236615241
31 46 0 8 0.0304722450674
31 52 0 8 0.0304114371538
41 49 0 8 0.030365711078
3 43 0 8 0.0302927754819
18 46 0 8 0.0302279889584
9 51 0 8 0.0301625560969
10 60 0 8 0.0301478300244
4 32 0 8 0.0301352776587
17 54 0 8 0.0301000457257
17 58 0 8 0.0300654862076
8 27 0 8 0.0296990517527
27 46 0 8 0.0295149050653
31 54 0 8 0.0293996501714
4 59 0 8 0.0293630771339
9 19 0 8 0.0292287841439
5 61 0 8 0.0291135404259
1 20 0 8 0.0291038844734
6 52 0 8 0.0291013363749
51 65 0 8 0.0287570990622
33 44 0 8 0.0287242680788
11 41 0 8 0.0286732017994
6 36 0 8 0.0286700204015
14 66 0 8 0.0284679960459
8 57 0 8 0.0284108687192
32 66 0 8 0.0283346250653
4 31 0 8 0.0283230636269
32 48 0 8 0.0282565392554
30 62 0 8 0.028241192922
26 44 0 8 0.0281306151301
2 62 0 8 0.0280352532864
2 42 0 8 0.0279846843332
6 34 0 8 0.0279446709901
30 56 0 8 0.0279056373984
27 38 0 8 0.0278437715024
18 32 0 8 0.0277893804014
5 40 0 8 0.02775920555
10 49 0 8 0.0277548376471
37 50 0 8 0.027706740424
61 65 0 8 0.0274686384946
7 33 0 8 0.0273554716259
25 52 0 8 0.0273549873382
4 29 0 8 0.0273511838168
15 65 0 8 0.0271651875228
31 58 0 8 0.0270556733012
28 32 0 8 0.0270169340074
25 64 0 8 0.0269824471325
29 51 0 8 0.0269714202732
16 19 0 8 0.026657262817
3 64 0 8 0.0265738219023
11 44 0 8 0.026553587988
4 36 0 8 0.0264831092209
12 30 0 8 0.0264752674848
14 39 0 8 0.0264144204557
52 65 0 8 0.0263997446746
25 43 0 8 0.0263283979148
1 63 0 8 0.0261453334242
31 42 0 8 0.0260752178729
33 52 0 8 0.0259831827134
32 45 0 8 0.0258852988482
41 65 0 8 0.0258585717529
21 65 0 8 0.0257839951664
14 34 0 8 0.0255994461477
4 25 0 8 0.0255966279656
23 50 0 8 0.0254710186273
18 59 0 8 0.0254547018558
16 33 0 8 0.0253810528666
30 58 0 8 0.0253678224981
1 21 0 8 0.025296844542
14 43 0 8 0.0251519884914
28 50 0 8 0.0249429214746
22 53 0 8 0.0248903241009
28 44 0 8 0.0248676165938
1 38 0 8 0.0248245820403
6 59 0 8 0.0247233845294
8 64 0 8 0.0246968846768
28 38 0 8 0.0246963799
45 64 0 8 0.0246949549764
32 65 0 8 0.0246926881373
13 40 0 8 0.0245520658791
16 64 0 8 0.0244014095515
10 18 0 8 0.0242407750338
15 50 0 8 0.0242206677794
1 37 0 8 0.0241539794952
29 64 0 8 0.0241521596909
40 66 0 8 0.0241193138063
16 58 0 8 0.0241175182164
60 65 0 8 0.0240732394159
24 59 0 8 0.0240413323045
31 51 0 8 0.0240149702877
1 43 0 8 0.0239245593548
27 50 0 8 0.0238725021482
9 57 0 8 0.0236806664616
15 51 0 8 0.0236768312752
34 45 0 8 0.0236015953124
20 65 0 8 0.0235475935042
11 31 0 8 0.0235418211669
9 31 0 8 0.023513244465
1 42 0 8 0.023504499346
1 34 0 8 0.0234955474734
9 42 0 8 0.0234856326133
8 29 0 8 0.0234710071236
11 59 0 8 0.023418745026
5 42 0 8 0.0233751628548
12 39 0 8 0.0233736615628
25 45 0 8 0.023373214528
9 66 0 8 0.0233507417142
2 49 0 8 0.0232618767768
1 41 0 8 0.0232520960271
9 59 0 8 0.0232341960073
1 24 0 8 0.0232091471553
13 41 0 8 0.0231735538691
14 64 0 8 0.0230939500034
11 66 0 8 0.023091930896
6 15 0 8 0.0230871345848
9 44 0 8 0.0230831932276
36 49 0 8 0.0230810698122
35 58 0 8 0.0230303164572
18 50 0 8 0.0230060592294
56 62 0 8 0.0229880008847
41 66 0 8 0.0229500625283
15 59 0 8 0.0229199305177
29 65 0 8 0.0228613782674
12 43 0 8 0.0228610839695
14 60 0 8 0.0228420346975
7 46 0 8 0.0227889977396
19 46 0 8 0.0227885730565
1 22 0 8 0.0227748248726
11 60 0 8 0.0227748136967
18 30 0 8 0.0226507298648
4 33 0 8 0.0226122997701
10 32 0 8 0.0225437115878
3 52 0 8 0.0225435439497
12 17 0 8 0.0225399602205
32 56 0 8 0.0225372612476
4 56 0 8 0.0225011128932
25 51 0 8 0.0224736500531
14 63 0 8 0.0224603302777
41 60 0 8 0.0224109664559
2 36 0 8 0.0223131421953
20 29 0 8 0.0222631525248
11 47 0 8 0.0221943557262
36 53 0 8 0.0221264101565
33 51 0 8 0.0221149288118
7 45 0 8 0.0220415852964
2 53 0 8 0.0220281351358
36 60 0 8 0.021919650957
4 39 0 8 0.0218939352781
8 40 0 8 0.0218720119447
9 62 0 8 0.0218256358057
9 26 0 8 0.0217402148992
25 65 0 8 0.0216973684728
11 63 0 8 0.0215156599879
35 40 0 8 0.0215080771595
10 34 0 8 0.0214732009917
13 34 0 8 0.0213862750679
9 56 0 8 0.0213794540614
28 40 0 8 0.0213793758303
23 51 0 8 0.0213343426585
13 56 0 8 0.0213201195002
3 6 0 8 0.0212922208011
7 57 0 8 0.0212855637074
9 35 0 8 0.0212497133762
3 35 0 8 0.021159119904
5 60 0 8 0.0211435649544
12 66 0 8 0.0211201589555
29 55 0 8 0.0210489965975
5 54 0 8 0.0210445709527
3 25 0 8 0.0210367236286
8 46 0 8 0.0209795683622
1 32 0 8 0.0208886191249
2 44 0 8 0.0208539031446
28 46 0 8 0.020814448595
37 59 0 8 0.0207846052945
1 45 0 8 0.0206752959639
32 46 0 8 0.020665474236
30 51 0 8 0.0206390488893
11 55 0 8 0.0206078626215
12 58 0 8 0.0205942392349
54 62 0 8 0.0205584522337
9 64 0 8 0.0205493718386
43 66 0 8 0.0205452926457
2 40 0 8 0.0205425154418
1 62 0 8 0.0205251518637
36 40 0 8 0.0205111689866
8 65 0 8 0.0205076113343
3 23 0 8 0.0204389672726
10 62 0 8 0.0203899256885
16 37 0 8 0.0203862059861
26 53 0 8 0.0203464627266
34 46 0 8 0.0203310288489
1 40 0 8 0.0202949494123
35 56 0 8 0.020238308236
1 26 0 8 0.0202115867287
33 48 0 8 0.0201997775584
28 53 0 8 0.0201967377216
14 51 0 8 0.0201862901449
1 33 0 8 0.0201756116003
9 46 0 8 0.02017268911
1 7 0 8 0.0200889017433
9 61 0 8 0.0200689937919
20 44 0 8 0.0200571436435
17 33 0 8 0.0200266372412
3 37 0 8 0.0200165007263
53 63 0 8 0.0200048498809
36 48 0 8 0.0199858769774
27 31 0 8 0.0199404470623
3 58 0 8 0.0199014022946
26 61 0 8 0.0198805779219
39 48 0 8 0.0197996646166
24 60 0 8 0.0197922680527
31 53 0 8 0.0197873413563
39 66 0 8 0.0197869166732
5 24 0 8 0.019743559882
7 51 0 8 0.0196967236698
26 50 0 8 0.0196932628751
30 48 0 8 0.0196842942387
10 39 0 8 0.0196731816977
19 62 0 8 0.0196530465037
35 52 0 8 0.0196282938123
7 10 0 8 0.0195971205831
6 35 0 8 0.0195574089885
4 50 0 8 0.019553815946
24 62 0 8 0.0195387639105
32 51 0 8 0.0195369105786
8 35 0 8 0.0194168053567
35 57 0 8 0.0193635039032
24 65 0 8 0.0193619281054
23 55 0 8 0.0193481035531
17 32 0 8 0.0192511472851
16 53 0 8 0.0192485842854
28 52 0 8 0.0192097853869
38 46 0 8 0.0191629845649
19 58 0 8 0.0191038008779
18 52 0 8 0.019093291834
9 65 0 8 0.019031688571
18 53 0 8 0.0190027859062
24 27 0 8 0.0189990922809
14 62 0 8 0.0189818404615
5 17 0 8 0.018979433924
7 39 0 8 0.0189772453159
34 58 0 8 0.0188912842423
18 48 0 8 0.018886834383
27 61 0 8 0.0188677851111
3 44 0 8 0.0188496001065
18 23 0 8 0.0188356097788
2 26 0 8 0.0188330672681
27 43 0 8 0.0188080389053
15 39 0 8 0.0187918022275
39 44 0 8 0.0187667571008
8 48 0 8 0.018722480163
8 50 0 8 0.0187019985169
33 57 0 8 0.0186595618725
54 63 0 8 0.018658677116
7 32 0 8 0.0186028759927
36 47 0 8 0.0185732897371
8 54 0 8 0.0185725968331
5 57 0 8 0.0185672026128
30 61 0 8 0.018557947129
17 50 0 8 0.0185171402991
27 40 0 8 0.0184850133955
34 59 0 8 0.0184238664806
37 66 0 8 0.0184165667742
53 66 0 8 0.0184091161937
11 65 0 8 0.0183726772666
15 62 0 8 0.0183659363538
5 62 0 8 0.0183614064008
17 53 0 8 0.0183405578136
19 56 0 8 0.0183344520628
1 44 0 8 0.0183251984417
32 64 0 8 0.01827843301
23 64 0 8 0.0182731002569
41 63 0 8 0.0182566065341
12 60 0 8 0.0181731488556
43 65 0 8 0.0181672424078
8 34 0 8 0.0181417763233
23 27 0 8 0.0181363038719
18 31 0 8 0.0181061793119
37 48 0 8 0.0180955007672
14 27 0 8 0.0180628690869
34 65 0 8 0.0180565267801
26 41 0 8 0.0180345922709
29 39 0 8 0.0180249493569
10 29 0 8 0.0179393589497
30 42 0 8 0.017912780866
21 53 0 8 0.0178749803454
31 65 0 8 0.0177766848356
33 46 0 8 0.0177278686315
19 60 0 8 0.017672304064
31 66 0 8 0.0176344886422
35 48 0 8 0.0176250338554
7 50 0 8 0.017519230023
10 28 0 8 0.0175187308341
17 61 0 8 0.0175130516291
34 57 0 8 0.0174940861762
30 65 0 8 0.0174905266613
10 44 0 8 0.0174733363092
25 44 0 8 0.0174584183842
51 66 0 8 0.0174388736486
25 49 0 8 0.0174154154956
51 55 0 8 0.0174016859382
1 16 0 8 0.0173934884369
4 58 0 8 0.0173083171248
28 64 0 8 0.0173027869314
25 61 0 8 0.0172618012875
20 63 0 8 0.0172414686531
10 30 0 8 0.0172408800572
9 58 0 8 0.0172182228416
7 35 0 8 0.0171891581267
1 18 0 8 0.0171473678201
35 51 0 8 0.0171348359436
2 58 0 8 0.017130099237
18 61 0 8 0.0171118676662
35 47 0 8 0.0171114187688
16 52 0 8 0.017111171037
26 48 0 8 0.0171067994088
21 59 0 8 0.0170640293509
2 61 0 8 0.0170432720333
26 29 0 8 0.0170318353921
14 61 0 8 0.0170314852148
39 65 0 8 0.0170206315815
30 37 0 8 0.0170198343694
16 50 0 8 0.0169302783906
8 56 0 8 0.0169274061918
25 53 0 8 0.016921242699
5 38 0 8 0.016870431602
2 6 0 8 0.0168678462505
1 27 0 8 0.0168522913009
16 40 0 8 0.0168514624238
5 56 0 8 0.0168308466673
14 59 0 8 0.0167971402407
19 57 0 8 0.0167856141925
30 66 0 8 0.0167825929821
28 43 0 8 0.0167780462652
5 23 0 8 0.0167125221342
6 58 0 8 0.0166857820004
33 61 0 8 0.0166477486491
39 64 0 8 0.0166417397559
31 64 0 8 0.0166369080544
1 61 0 8 0.0166052728891
10 31 0 8 0.0165926646441
35 53 0 8 0.0164996925741
8 59 0 8 0.0164552982897
27 45 0 8 0.0164290871471
12 65 0 8 0.0164198800921
16 46 0 8 0.016419287771
34 51 0 8 0.0163631811738
10 25 0 8 0.0163556095213
13 66 0 8 0.0163130871952
25 40 0 8 0.0162964072078
21 66 0 8 0.0162678416818
2 19 0 8 0.0162584222853
34 48 0 8 0.016232771799
36 46 0 8 0.0162057522684
16 61 0 8 0.0161796230823
1 59 0 8 0.0161787718534
25 62 0 8 0.0161571335047
19 59 0 8 0.0160965658724
20 64 0 8 0.0160791613162
7 21 0 8 0.0160742830485
33 65 0 8 0.0160691924393
8 42 0 8 0.0160586237907
7 59 0 8 0.0160120986402
10 66 0 8 0.0160101763904
36 59 0 8 0.0160092897713
33 56 0 8 0.0160092674196
2 63 0 8 0.0159735959023
18 21 0 8 0.0159690473229
3 47 0 8 0.0159465093166
9 54 0 8 0.0159422680736
5 51 0 8 0.0158975627273
19 48 0 8 0.0158701129258
35 46 0 8 0.0158226378262
20 60 0 8 0.0158178862184
11 64 0 8 0.0157336834818
7 34 0 8 0.0157259833068
10 48 0 8 0.0157077927142
56 63 0 8 0.0156930834055
47 62 0 8 0.015639655292
1 19 0 8 0.0156311858445
17 45 0 8 0.0156197594479
14 49 0 8 0.0156110078096
14 35 0 8 0.0156019302085
5 59 0 8 0.0155968423933
16 45 0 8 0.0155786219984
32 58 0 8 0.0154871055856
10 38 0 8 0.0154789146036
6 29 0 8 0.0154779851437
28 31 0 8 0.0154600618407
12 55 0 8 0.015372232534
58 64 0 8 0.0153717854992
20 62 0 8 0.0153175201267
16 35 0 8 0.0153141180053
29 53 0 8 0.0152619164437
1 57 0 8 0.0152050917968
12 41 0 8 0.0151908537373
33 64 0 8 0.0151557112113
23 61 0 8 0.0151454936713
49 59 0 8 0.0151208406314
2 41 0 8 0.0150608960539
58 66 0 8 0.0150453709066
9 48 0 8 0.0150020383298
17 52 0 8 0.0150009114295
10 59 0 8 0.0149787832052
25 28 0 8 0.01495816838
12 53 0 8 0.014953693375
11 61 0 8 0.0149325812235
54 66 0 8 0.0149171501398
5 26 0 8 0.0149007355794
10 36 0 8 0.0149001898244
34 44 0 8 0.0148155139759
17 46 0 8 0.0147943980992
36 57 0 8 0.0147842755541
28 48 0 8 0.0147461174056
2 35 0 8 0.0147435255349
17 31 0 8 0.0147213153541
37 54 0 8 0.0147196622565
1 35 0 8 0.0147164817899
22 65 0 8 0.014708857052
15 54 0 8 0.014706114307
1 52 0 8 0.0147007601336
18 56 0 8 0.0146960709244
16 39 0 8 0.0146519606933
29 42 0 8 0.0146409980953
14 20 0 8 0.0146236661822
13 58 0 8 0.0145949590951
2 43 0 8 0.0145921334624
12 29 0 8 0.0145681956783
25 63 0 8 0.0145644452423
12 61 0 8 0.0145466830581
39 62 0 8 0.0145462043583
12 31 0 8 0.0145207783207
53 64 0 8 0.0143973696977
7 28 0 8 0.0143470000476
11 46 0 8 0.0143334120512
11 34 0 8 0.0142481671646
35 66 0 8 0.0142403868958
28 54 0 8 0.0141515014693
23 63 0 8 0.0141399586573
14 65 0 8 0.0141348140314
10 42 0 8 0.0141193270683
16 48 0 8 0.0141181983054
15 53 0 8 0.0140968700871
3 56 0 8 0.0140946693718
36 41 0 8 0.0140842711553
9 50 0 8 0.0140697369352
10 65 0 8 0.0140110617504
16 55 0 8 0.0139895100147
13 38 0 8 0.0139885963872
4 30 0 8 0.0139411240816
14 19 0 8 0.0139179322869
30 43 0 8 0.0139111615717
23 54 0 8 0.0138969011605
1 47 0 8 0.013874258846
19 53 0 8 0.0138709964231
35 59 0 8 0.0138602266088
13 59 0 8 0.0138572799042
14 54 0 8 0.0138134565204
2 59 0 8 0.013758183457
18 22 0 8 0.0137406783178
24 49 0 8 0.0137204797938
1 53 0 8 0.0137042552233
3 45 0 8 0.013679315336
8 36 0 8 0.0136761954054
20 59 0 8 0.0136595722288
5 50 0 8 0.0136517425999
18 55 0 8 0.0136403376237
50 59 0 8 0.0135823152959
20 66 0 8 0.0135757625103
1 29 0 8 0.0135542675853
32 43 0 8 0.0135458027944
19 50 0 8 0.0135374711826
16 34 0 8 0.0135308820754
33 55 0 8 0.0135286096483
13 61 0 8 0.013522438705
30 53 0 8 0.0134811680764
55 65 0 8 0.0134755568579
40 49 0 8 0.0134737826884
20 52 0 8 0.0134709561244
15 45 0 8 0.0134680606425
10 54 0 8 0.0134621635079
43 48 0 8 0.0133599741384
4 8 0 8 0.0133592197672
18 54 0 8 0.0133588304743
24 57 0 8 0.0133255859837
38 59 0 8 0.0133160222322
19 61 0 8 0.0132917175069
30 46 0 8 0.0132695296779
7 14 0 8 0.0132255284116
22 66 0 8 0.0132193937898
19 30 0 8 0.0132061950862
42 48 0 8 0.0131760789081
2 32 0 8 0.0131689189002
7 27 0 8 0.0131684355438
12 45 0 8 0.0131568349898
21 48 0 8 0.013102883473
15 35 0 8 0.0131016988307
21 61 0 8 0.0130840782076
33 58 0 8 0.0130816884339
7 60 0 8 0.0130761312321
3 57 0 8 0.0130371125415
21 64 0 8 0.0130035514012
15 58 0 8 0.012914611958
7 36 0 8 0.0128960357979
2 33 0 8 0.0128779420629
28 56 0 8 0.0128749664873
15 52 0 8 0.0128514682874
38 50 0 8 0.0128201283514
59 64 0 8 0.0127832237631
15 44 0 8 0.0127822486684
26 40 0 8 0.0127613870427
24 48 0 8 0.012758443132
34 54 0 8 0.0127423806116
13 18 0 8 0.012715109624
54 64 0 8 0.0127125298604
1 48 0 8 0.0127049079165
24 64 0 8 0.0126772094518
26 43 0 8 0.0126702571288
36 66 0 8 0.0126464851201
55 63 0 8 0.0126430680975
21 60 0 8 0.0126375565305
17 40 0 8 0.0126370387152
45 63 0 8 0.0126363188028
54 65 0 8 0.0126277608797
35 64 0 8 0.0126232495531
23 65 0 8 0.012563967146
1 30 0 8 0.0125551261008
33 50 0 8 0.0125532224774
14 45 0 8 0.0125484056771
10 51 0 8 0.0125417904928
2 30 0 8 0.0124436812475
1 51 0 8 0.0124074080959
20 45 0 8 0.012399838306
20 57 0 8 0.0123921623453
3 51 0 8 0.0123855695128
45 48 0 8 0.0123712001368
26 56 0 8 0.0123701915145
33 43 0 8 0.0123217822984
55 64 0 8 0.0122773339972
12 63 0 8 0.0122672943398
32 53 0 8 0.0122466152534
21 56 0 8 0.0122313741595
25 47 0 8 0.0122276293114
37 56 0 8 0.0122165828943
32 50 0 8 0.0121982404962
11 45 0 8 0.0121831903234
20 48 0 8 0.0121496189386
6 24 0 8 0.0121358865872
50 57 0 8 0.0121320560575
23 40 0 8 0.0121056428179
6 23 0 8 0.0120896622539
8 61 0 8 0.0120734712109
19 54 0 8 0.0120681375265
10 64 0 8 0.0120673589408
17 38 0 8 0.0120465019718
36 51 0 8 0.0120289558545
11 32 0 8 0.0120187886059
23 59 0 8 0.0119850719348
7 52 0 8 0.0119833834469
11 52 0 8 0.0119697181508
23 57 0 8 0.0119621409103
30 35 0 8 0.0119534367695
33 53 0 8 0.0119437426329
24 56 0 8 0.0119056785479
3 60 0 8 0.0118804229423
14 48 0 8 0.0118639711291
3 34 0 8 0.0118619920686
13 62 0 8 0.0118468226865
12 18 0 8 0.011835668236
40 65 0 8 0.0118302050978
44 48 0 8 0.0118230655789
21 51 0 8 0.0118065038696
14 50 0 8 0.011804189533
23 47 0 8 0.0117721054703
41 64 0 8 0.0117456298321
41 51 0 8 0.0117251351476
24 61 0 8 0.0117234773934
34 52 0 8 0.0117179425433
3 59 0 8 0.0116876214743
3 26 0 8 0.0116639444605
19 43 0 8 0.0116553008556
34 55 0 8 0.011637352407
7 22 0 8 0.0116265751421
40 48 0 8 0.0116251502186
17 20 0 8 0.011612676084
1 46 0 8 0.0116096334532
37 44 0 8 0.0116088623181
15 34 0 8 0.0115892039612
5 33 0 8 0.0115027315915
1 58 0 8 0.0115018095821
12 44 0 8 0.011499164626
12 64 0 8 0.0114872893319
24 50 0 8 0.0114819845185
19 45 0 8 0.0114748151973
2 45 0 8 0.0114078531042
15 19 0 8 0.0114022614434
8 52 0 8 0.0113649126142
30 52 0 8 0.0113623468205
38 44 0 8 0.0113588701934
8 20 0 8 0.0113198999316
33 62 0 8 0.0113117434084
16 43 0 8 0.0112851634622
5 16 0 8 0.0112583898008
10 46 0 8 0.0112339090556
24 63 0 8 0.0112233478576
13 53 0 8 0.0112197976559
12 46 0 8 0.011141397059
35 42 0 8 0.0111234914511
3 53 0 8 0.0111223589629
35 41 0 8 0.0111174350604
10 40 0 8 0.0110894972458
13 50 0 8 0.0110849384218
37 42 0 8 0.0110824611038
36 50 0 8 0.0110776489601
1 39 0 8 0.0110582122579
9 20 0 8 0.0110405590385
15 64 0 8 0.0110386591405
21 50 0 8 0.010969216004
34 53 0 8 0.010963536799
13 19 0 8 0.0109364148229
10 53 0 8 0.0108822975308
53 65 0 8 0.0108509203419
55 66 0 8 0.0108480751514
35 54 0 8 0.0108230318874
18 44 0 8 0.010794563219
57 66 0 8 0.0107386624441
10 47 0 8 0.0107249384746
1 28 0 8 0.0107219582424
6 31 0 8 0.0107083823532
16 20 0 8 0.010706811212
5 25 0 8 0.0107041643932
1 60 0 8 0.0106476927176
23 49 0 8 0.0106448698789
46 62 0 8 0.0106403660029
34 66 0 8 0.0106159122661
6 54 0 8 0.0105938641354
31 36 0 8 0.0105912899598
11 18 0 8 0.0105854403228
20 30 0 8 0.0105789601803
12 54 0 8 0.0105700194836
17 48 0 8 0.0105634592474
30 50 0 8 0.0105159198865
3 49 0 8 0.0105013819411
39 50 0 8 0.0104666417465
48 60 0 8 0.0104314321652
38 45 0 8 0.0104244947433
23 48 0 8 0.0104021476582
22 64 0 8 0.010400773026
16 25 0 8 0.0103925205767
3 50 0 8 0.0103889275342
24 52 0 8 0.0103770410642
2 46 0 8 0.0103684943169
50 54 0 8 0.010363696143
23 46 0 8 0.0103350905702
35 50 0 8 0.0102936094627
9 24 0 8 0.0102646052837
21 28 0 8 0.0102060912177
48 61 0 8 0.0101932622492
34 43 0 8 0.0101702576503
14 44 0 8 0.0101654827595
11 57 0 8 0.010146968998
46 63 0 8 0.0101265534759
36 61 0 8 0.0101109975949
36 55 0 8 0.0100575517863
37 43 0 8 0.0100566213951
7 61 0 8 0.0100539019331
50 58 0 8 0.0100479563698
3 36 0 8 0.0100449267775
36 63 0 8 0.00999933388084
41 50 0 8 0.00996974203736
23 52 0 8 0.00994554162025
37 51 0 8 0.00994431227446
26 30 0 8 0.0099124526605
38 65 0 8 0.00990849919617
12 62 0 8 0.00990473944694
7 56 0 8 0.00989717058837
8 58 0 8 0.00984739605337
9 25 0 8 0.00983166135848
33 66 0 8 0.00980757083744
22 61 0 8 0.00978969410062
21 47 0 8 0.00974632054567
41 59 0 8 0.00970637239516
3 7 0 8 0.00970437005162
3 18 0 8 0.00967055000365
8 21 0 8 0.00959291122854
16 38 0 8 0.009551204741
11 56 0 8 0.0095286173746
57 64 0 8 0.00948666781187
3 17 0 8 0.00948005635291
9 55 0 8 0.00942795909941
13 51 0 8 0.00942650157958
27 44 0 8 0.00939916353673
17 24 0 8 0.00939100235701
22 50 0 8 0.00934842880815
21 57 0 8 0.00933179445565
2 25 0 8 0.00932834856212
8 12 0 8 0.00932590756565
20 50 0 8 0.0092689730227
40 50 0 8 0.00922822393477
14 58 0 8 0.00922818481922
14 52 0 8 0.00922769214958
36 56 0 8 0.00922293309122
21 45 0 8 0.00922130327672
42 64 0 8 0.00918527506292
21 49 0 8 0.00916893873364
1 54 0 8 0.00916209537536
6 53 0 8 0.009133358486
5 58 0 8 0.00895663909614
7 11 0 8 0.00894773006439
17 44 0 8 0.00894187577069
6 56 0 8 0.00892796274275
2 18 0 8 0.00884056743234
5 32 0 8 0.00879606325179
10 19 0 8 0.00879277102649
38 64 0 8 0.00877898465842
1 36 0 8 0.00863449089229
15 25 0 8 0.00863325409591
12 38 0 8 0.00863235630095
34 56 0 8 0.00861357245594
2 7 0 8 0.00858432427049
7 58 0 8 0.00852620881051
20 53 0 8 0.00848160963506
13 63 0 8 0.00846097897738
22 55 0 8 0.0084607983008
3 24 0 8 0.0084531372413
12 37 0 8 0.00844513159245
1 56 0 8 0.00843864958733
19 41 0 8 0.00841451715678
3 39 0 8 0.00841401237994
37 52 0 8 0.00840850733221
2 54 0 8 0.00840604305267
2 38 0 8 0.00839865021408
21 58 0 8 0.00837157759815
27 55 0 8 0.00836133211851
1 55 0 8 0.00833541993052
13 54 0 8 0.00827281083912
17 21 0 8 0.00826700311154
3 27 0 8 0.00823404174298
1 17 0 8 0.00823392905295
40 63 0 8 0.00821698084474
59 66 0 8 0.00821243505925
19 52 0 8 0.00820232741535
39 63 0 8 0.00812244974077
13 44 0 8 0.00809654779732
3 29 0 8 0.00808854028583
20 61 0 8 0.00808692350984
33 42 0 8 0.00807006470859
15 36 0 8 0.00801842473447
3 54 0 8 0.00801131874323
28 37 0 8 0.00799427740276
14 47 0 8 0.00798992160708
12 57 0 8 0.00797711592168
14 25 0 8 0.00796165224165
15 48 0 8 0.00794892571867
2 60 0 8 0.00792161934078
47 50 0 8 0.007911587134
22 60 0 8 0.00790825672448
11 48 0 8 0.00789528153837
23 56 0 8 0.00789417233318
12 56 0 8 0.00788916647434
2 57 0 8 0.00786687526852
20 46 0 8 0.00786628015339
23 43 0 8 0.0077154962346
23 62 0 8 0.00769947143272
11 53 0 8 0.00768293114379
36 54 0 8 0.0076651237905
18 42 0 8 0.00764274876565
34 60 0 8 0.00763966422528
17 55 0 8 0.00760941160843
19 40 0 8 0.00758398184553
35 44 0 8 0.00749300699681
7 55 0 8 0.00737862149253
49 58 0 8 0.00736644258723
13 65 0 8 0.00735307624564
4 15 0 8 0.00729461060837
15 46 0 8 0.00729033723474
3 55 0 8 0.00728374905884
22 54 0 8 0.00726336892694
14 46 0 8 0.00725492276251
56 64 0 8 0.00724142789841
8 23 0 8 0.00709866266698
5 55 0 8 0.00708212982863
8 53 0 8 0.00707422057167
20 56 0 8 0.00706502282992
10 23 0 8 0.00706224702299
17 37 0 8 0.00703186355531
7 42 0 8 0.00702445255592
25 29 0 8 0.00699117779732
1 15 0 8 0.00698071531951
11 29 0 8 0.00696181692183
47 61 0 8 0.00693191541359
7 53 0 8 0.00688294926658
5 31 0 8 0.00687723467126
18 38 0 8 0.00686767324805
21 55 0 8 0.00686135981232
13 45 0 8 0.00685260212049
6 22 0 8 0.00684133078903
2 37 0 8 0.00683432025835
37 65 0 8 0.0068097403273
14 36 0 8 0.0067701516673
26 38 0 8 0.00675671454519
37 57 0 8 0.00675626611337
49 52 0 8 0.00668389210477
5 28 0 8 0.00665019685403
38 51 0 8 0.00664648739621
34 42 0 8 0.00664221402258
22 57 0 8 0.00661685923114
13 35 0 8 0.00660123443231
14 53 0 8 0.00659934943542
21 63 0 8 0.00659889588133
3 61 0 8 0.00659143878147
56 65 0 8 0.00658897543326
19 31 0 8 0.00656585395336
10 58 0 8 0.0065605933778
60 66 0 8 0.00654313201085
9 53 0 8 0.00652533955872
21 29 0 8 0.00646460149437
24 42 0 8 0.00643953634426
7 13 0 8 0.00642897654325
11 26 0 8 0.00642235856503
37 63 0 8 0.00642143702134
2 47 0 8 0.00640871096402
7 30 0 8 0.00636686710641
2 39 0 8 0.00627301400527
15 55 0 8 0.0062707522884
2 56 0 8 0.00626755878329
21 54 0 8 0.00626085652038
13 42 0 8 0.00625164574012
38 57 0 8 0.00621607666835
23 45 0 8 0.00618325127289
49 57 0 8 0.00616345461458
11 54 0 8 0.00614898372442
50 53 0 8 0.00613687047735
36 52 0 8 0.00613669585437
17 43 0 8 0.00613125413656
11 58 0 8 0.00610441481695
37 64 0 8 0.00609521334991
34 61 0 8 0.00608215853572
21 44 0 8 0.006043728441
61 66 0 8 0.00604036962613
47 51 0 8 0.00599879445508
3 28 0 8 0.0059887515381
37 60 0 8 0.00596174411476
35 60 0 8 0.00591467600316
2 27 0 8 0.0058870096691
11 19 0 8 0.0058582527563
24 47 0 8 0.00577917229384
36 42 0 8 0.00577798858285
30 55 0 8 0.00577093986794
14 55 0 8 0.00574504490942
20 31 0 8 0.00574193196371
6 10 0 8 0.0057390909642
24 46 0 8 0.00572513556108
35 45 0 8 0.00572222657502
40 64 0 8 0.00570513587445
22 46 0 8 0.00568147655576
29 37 0 8 0.00567223364487
28 42 0 8 0.00566597096622
9 52 0 8 0.00565118761733
13 47 0 8 0.00562667287886
5 9 0 8 0.00560314022005
37 45 0 8 0.00554455071688
56 66 0 8 0.0055163949728
26 42 0 8 0.00550108682364
1 8 0 8 0.00548233604059
5 36 0 8 0.0054697599262
26 55 0 8 0.0054630767554
49 53 0 8 0.00546263856813
36 44 0 8 0.00544350454584
7 23 0 8 0.00544325681403
17 42 0 8 0.00542344944552
38 52 0 8 0.00541728269309
4 9 0 8 0.00539967091754
10 26 0 8 0.00537061924115
27 33 0 8 0.00533985625952
40 62 0 8 0.00533147668466
13 64 0 8 0.00531720882282
24 44 0 8 0.00529062561691
42 49 0 8 0.00527228834108
5 8 0 8 0.00525374524295
2 28 0 8 0.00522452779114
7 54 0 8 0.00521483691409
16 42 0 8 0.00520880194381
13 52 0 8 0.00517282309011
10 55 0 8 0.00514277908951
19 42 0 8 0.00513827055693
10 20 0 8 0.00508878799155
6 14 0 8 0.00506865466014
5 29 0 8 0.00506090838462
11 49 0 8 0.00502484384924
22 44 0 8 0.00501395855099
40 51 0 8 0.00500779366121
9 21 0 8 0.00500124040991
25 46 0 8 0.00499713467434
39 51 0 8 0.00495356693864
59 65 0 8 0.00495176715776
22 27 0 8 0.00494140060619
21 52 0 8 0.00492782704532
55 62 0 8 0.00491262879223
36 45 0 8 0.00490957172588
23 28 0 8 0.00486430013552
18 45 0 8 0.00484544178471
6 55 0 8 0.00481079146266
37 61 0 8 0.00481022521853
39 60 0 8 0.00480389920995
13 36 0 8 0.00479774130508
25 41 0 8 0.00471927132457
27 37 0 8 0.00471321493387
3 33 0 8 0.00465103331953
2 29 0 8 0.00462000258267
34 63 0 8 0.0046114125289
50 56 0 8 0.0046041496098
38 61 0 8 0.00457723718137
1 14 0 8 0.00456378655508
16 36 0 8 0.00454063387588
17 34 0 8 0.00453073484823
38 54 0 8 0.00451829936355
26 45 0 8 0.00447727646679
12 48 0 8 0.00447544874623
22 58 0 8 0.00442413147539
21 43 0 8 0.00442188931629
12 51 0 8 0.00440524611622
5 39 0 8 0.00437198998407
22 56 0 8 0.00433032820001
35 63 0 8 0.00430532777682
10 50 0 8 0.00430179107934
19 55 0 8 0.00423259427771
18 39 0 8 0.00417643319815
13 28 0 8 0.00416572997347
38 62 0 8 0.00415285490453
28 55 0 8 0.00415109377354
22 49 0 8 0.00412803003564
18 37 0 8 0.00411833031103
38 60 0 8 0.00410525174811
30 36 0 8 0.00406848546118
22 63 0 8 0.00405891146511
12 49 0 8 0.0040518604219
22 51 0 8 0.00402981694788
2 31 0 8 0.00401309784502
47 59 0 8 0.00400044163689
12 52 0 8 0.00398072926328
48 59 0 8 0.00396926002577
37 53 0 8 0.00392609881237
23 44 0 8 0.00389150343835
21 40 0 8 0.00382278184406
29 34 0 8 0.00382260396145
22 48 0 8 0.00380534538999
3 32 0 8 0.00379793252796
35 55 0 8 0.00378411612473
38 56 0 8 0.00378230307251
10 21 0 8 0.00375993875787
20 54 0 8 0.00374847138301
27 42 0 8 0.00374249136075
17 39 0 8 0.00374164688401
25 42 0 8 0.00372146628797
11 51 0 8 0.00369011191651
1 13 0 8 0.00368453073315
1 12 0 8 0.00368029717356
43 64 0 8 0.00364524056204
44 63 0 8 0.00361204170622
49 54 0 8 0.00359675404616
47 58 0 8 0.00355415022932
13 49 0 8 0.00353727745824
57 65 0 8 0.00350677967072
44 59 0 8 0.00350524671376
3 31 0 8 0.0034999079071
20 55 0 8 0.00349736399949
17 35 0 8 0.00349475443363
12 24 0 8 0.00349330157042
48 58 0 8 0.00346955936402
22 59 0 8 0.00345746264793
38 58 0 8 0.00345440325327
13 55 0 8 0.00343957939185
39 52 0 8 0.00343140540645
15 42 0 8 0.00340990466066
39 54 0 8 0.00340504827909
22 62 0 8 0.00337863154709
13 48 0 8 0.00336772156879
45 59 0 8 0.00336158764549
21 42 0 8 0.00334417168051
11 50 0 8 0.00328848743811
25 37 0 8 0.00328743900172
13 21 0 8 0.00326837203465
14 42 0 8 0.00326116289943
41 62 0 8 0.00324766407721
11 21 0 8 0.00323468376882
24 40 0 8 0.00323329749517
13 25 0 8 0.00322752748616
35 61 0 8 0.00321261421777
17 23 0 8 0.00319463689812
14 26 0 8 0.00318784592673
10 52 0 8 0.00318257743493
12 20 0 8 0.00317192426883
12 36 0 8 0.0031464099884
27 34 0 8 0.00312966643833
13 46 0 8 0.00312696164474
48 51 0 8 0.00306739076041
1 9 0 8 0.00304119754583
20 42 0 8 0.00303803873248
5 30 0 8 0.00300227990374
11 20 0 8 0.00298540387303
39 57 0 8 0.00295600225218
4 14 0 8 0.00289748050272
20 38 0 8 0.00283433240838
3 15 0 8 0.00279236305505
38 55 0 8 0.00278281676583
5 15 0 8 0.00277192774229
2 17 0 8 0.00277160201222
22 47 0 8 0.00276774074882
43 49 0 8 0.00275106960908
12 19 0 8 0.00275001674891
23 42 0 8 0.00272006029263
20 43 0 8 0.00265767634846
44 62 0 8 0.00265634572133
17 36 0 8 0.00264123221859
19 32 0 8 0.00263944012113
13 39 0 8 0.00263524590991
24 43 0 8 0.00262967217714
22 52 0 8 0.00262718088925
37 62 0 8 0.00259034964256
43 63 0 8 0.00258981250226
23 41 0 8 0.00257001351565
22 45 0 8 0.00256918487139
35 62 0 8 0.0025578008499
15 24 0 8 0.00255398638546
9 23 0 8 0.00253303814679
35 43 0 8 0.00250269775279
19 39 0 8 0.002462657867
13 23 0 8 0.00241744657978
8 24 0 8 0.00240951334126
7 24 0 8 0.00238201743923
12 47 0 8 0.00236369972117
45 49 0 8 0.00235582259484
50 55 0 8 0.00235079135746
37 58 0 8 0.00232120160945
3 30 0 8 0.00229744613171
44 60 0 8 0.00228628865443
20 40 0 8 0.00228131236508
27 32 0 8 0.00224272930063
40 57 0 8 0.00222177105024
3 16 0 8 0.00221569696441
6 13 0 8 0.00215555774048
46 60 0 8 0.00215117237531
40 59 0 8 0.00214143679477
19 36 0 8 0.00212006294169
27 36 0 8 0.00209242105484
26 33 0 8 0.00206352700479
17 22 0 8 0.00206248625182
38 53 0 8 0.00204457645305
36 43 0 8 0.00202109408565
2 16 0 8 0.00201263930649
19 38 0 8 0.00199980125763
46 49 0 8 0.00194153317716
12 22 0 8 0.00192756275646
42 63 0 8 0.00191866292153
21 37 0 8 0.0019093924202
48 52 0 8 0.00190661370289
3 8 0 8 0.00190459319856
40 60 0 8 0.00189678638708
26 37 0 8 0.00189547787886
1 10 0 8 0.00189494038932
18 34 0 8 0.00186767347623
19 33 0 8 0.00185063912068
41 61 0 8 0.00183873961214
11 23 0 8 0.00183124863543
58 65 0 8 0.00182313192636
43 59 0 8 0.00181076256558
49 56 0 8 0.00180411769543
37 55 0 8 0.00180218310561
24 35 0 8 0.00177539570723
15 20 0 8 0.00177344551776
11 27 0 8 0.00176718295552
25 39 0 8 0.00175944680814
10 24 0 8 0.0017347256653
12 28 0 8 0.001718448475
43 62 0 8 0.00171147764195
11 28 0 8 0.00170271273237
46 61 0 8 0.00168997677974
11 25 0 8 0.00168695615139
24 28 0 8 0.00168268056586
12 27 0 8 0.00167498365045
21 41 0 8 0.00167156488169
42 60 0 8 0.00166286237072
14 24 0 8 0.00164460053202
12 50 0 8 0.00164457864594
9 22 0 8 0.00163460732438
19 37 0 8 0.00163345760666
12 23 0 8 0.00163289555348
22 42 0 8 0.00163158995565
47 57 0 8 0.00163046026137
23 35 0 8 0.00162994582206
42 52 0 8 0.0015966326464
39 59 0 8 0.00158619240392
41 58 0 8 0.00158445350826
44 61 0 8 0.00158309703693
21 30 0 8 0.00158074812498
44 49 0 8 0.00157675915398
41 57 0 8 0.00156895059627
39 56 0 8 0.00155067432206
1 11 0 8 0.00154366611969
36 58 0 8 0.00151199649554
20 35 0 8 0.00151117239147
2 11 0 8 0.00150935165584
22 28 0 8 0.00150922604371
22 40 0 8 0.00150728353765
16 23 0 8 0.00150677119382
40 54 0 8 0.00149626284838
40 52 0 8 0.00146211765241
18 36 0 8 0.0014514522627
42 59 0 8 0.00145004654769
48 57 0 8 0.00144947436638
13 26 0 8 0.00144229573198
2 8 0 8 0.00142254040111
45 61 0 8 0.00137639686
23 39 0 8 0.00135224650148
12 21 0 8 0.00134657905437
46 50 0 8 0.00133710424416
25 36 0 8 0.00132636772469
24 36 0 8 0.00132600835059
29 35 0 8 0.00132357317489
36 62 0 8 0.00130772241391
28 34 0 8 0.0013077048352
41 52 0 8 0.00129327992909
11 24 0 8 0.00128529802896
19 34 0 8 0.00126847135834
29 36 0 8 0.00126379763242
4 11 0 8 0.00125502538867
44 57 0 8 0.00123288040049
4 10 0 8 0.00122208078392
24 45 0 8 0.00120619835798
39 53 0 8 0.00118535326328
11 22 0 8 0.00117445760407
40 58 0 8 0.00116920063738
15 21 0 8 0.00116736826021
42 51 0 8 0.00116671132855
2 9 0 8 0.00115943176206
3 9 0 8 0.00114276143722
2 12 0 8 0.00113547756337
3 14 0 8 0.00113086716738
10 22 0 8 0.00112619251013
45 62 0 8 0.00112412380986
42 61 0 8 0.00111797219142
22 43 0 8 0.00111781770829
24 41 0 8 0.00110979576129
14 21 0 8 0.00110179791227
42 50 0 8 0.00110050814692
13 24 0 8 0.00109835492913
42 62 0 8 0.00106605235487
39 55 0 8 0.00106559193227
16 24 0 8 0.00106137874536
39 58 0 8 0.00105250184424
18 35 0 8 0.00105156574864
40 56 0 8 0.00103063567076
21 31 0 8 0.00102918746416
41 56 0 8 0.00102194759529
49 55 0 8 0.0010185232386
19 35 0 8 0.00100276747253
13 22 0 8 0.000996773829684
24 37 0 8 0.000991721753962
21 39 0 8 0.000982261030003
21 32 0 8 0.000963364203926
8 22 0 8 0.000961721758358
6 11 0 8 0.00094603857724
5 10 0 8 0.000939739693422
7 12 0 8 0.000936521508265
14 23 0 8 0.000930840091314
24 39 0 8 0.000929460220505
20 39 0 8 0.000926096225157
26 36 0 8 0.000924732186832
20 32 0 8 0.00091944594169
25 35 0 8 0.000917499244679
43 61 0 8 0.000906387809664
27 35 0 8 0.000903838605154
40 53 0 8 0.00087162561249
21 36 0 8 0.00086364406161
16 22 0 8 0.000861476699356
16 21 0 8 0.000859863997903
43 56 0 8 0.000850179581903
25 33 0 8 0.000844628317282
5 14 0 8 0.000838954932988
42 58 0 8 0.000830809061881
5 11 0 8 0.000824288465083
12 26 0 8 0.000823133450467
14 22 0 8 0.00081257178681
3 11 0 8 0.000811889534816
25 31 0 8 0.000797534361482
23 38 0 8 0.000790967897046
39 61 0 8 0.000789779471233
46 57 0 8 0.000780855480116
5 13 0 8 0.000776330358349
25 34 0 8 0.00076987670036
13 20 0 8 0.000768719939515
45 60 0 8 0.000764549535234
2 10 0 8 0.000760587630793
46 59 0 8 0.000743452692404
22 36 0 8 0.000741462747101
2 15 0 8 0.000733954657335
43 50 0 8 0.000728958460968
20 33 0 8 0.000699335476384
20 37 0 8 0.000697580515407
22 29 0 8 0.000696455594152
2 14 0 8 0.00069016974885
23 29 0 8 0.000688161992002
23 37 0 8 0.000687192019541
46 58 0 8 0.000686779851094
43 57 0 8 0.000683147110976
41 54 0 8 0.000682648969814
22 41 0 8 0.000675911782309
2 13 0 8 0.000669163244311
3 13 0 8 0.000660376681481
28 35 0 8 0.000653538911138
21 38 0 8 0.000651266949717
4 13 0 8 0.000647474138532
4 12 0 8 0.000645227555651
43 60 0 8 0.000637002347503
23 34 0 8 0.000635969918221
40 61 0 8 0.000633034273051
21 35 0 8 0.000632148934528
23 36 0 8 0.000629660149571
20 34 0 8 0.000612940930296
40 55 0 8 0.000612744130194
22 37 0 8 0.000612656236626
44 50 0 8 0.000591924414039
48 56 0 8 0.000573648023419
15 23 0 8 0.000555389677174
24 38 0 8 0.000555095670279
43 54 0 8 0.000548968033399
25 38 0 8 0.000543947739061
44 58 0 8 0.000542986555956
24 34 0 8 0.000526589748915
26 39 0 8 0.000518306682352
21 34 0 8 0.000515538384207
26 31 0 8 0.000515230814926
42 57 0 8 0.000513117935043
26 35 0 8 0.000510705343913
3 12 0 8 0.000506770971697
12 25 0 8 0.000496094347909
44 56 0 8 0.000491656013764
48 53 0 8 0.00048570043873
26 34 0 8 0.000484888616484
28 36 0 8 0.000481786555611
45 56 0 8 0.000440075265942
20 36 0 8 0.000439988623839
3 10 0 8 0.000436314410763
22 38 0 8 0.000430587679148
44 55 0 8 0.000408675725339
47 52 0 8 0.000404238468036
24 29 0 8 0.000403921818361
22 31 0 8 0.00040017082938
22 34 0 8 0.000395023293095
25 32 0 8 0.000378685916075
24 30 0 8 0.00037131816498
47 53 0 8 0.000371029949747
43 58 0 8 0.000362388411304
23 31 0 8 0.000362051039701
44 54 0 8 0.000358933670213
48 54 0 8 0.000356820091838
42 55 0 8 0.000355745403795
43 53 0 8 0.000338268087944
47 54 0 8 0.000336236553267
46 52 0 8 0.000335312390234
15 22 0 8 0.000334166747052
47 56 0 8 0.000332976109348
6 12 0 8 0.000329841277562
41 53 0 8 0.000328120047925
45 57 0 8 0.000324523716699
22 39 0 8 0.000317533034831
23 33 0 8 0.000312191696139
46 56 0 8 0.000303351465845
48 55 0 8 0.000302719592582
21 33 0 8 0.000298681727145
43 52 0 8 0.000296253507258
22 35 0 8 0.00028432381805
46 53 0 8 0.000284214038402
25 30 0 8 0.000284207257209
22 32 0 8 0.000275300379144
24 32 0 8 0.000265038193902
23 30 0 8 0.000262418645434
46 54 0 8 0.000256023515249
42 54 0 8 0.000254305952694
22 33 0 8 0.000253788806731
47 55 0 8 0.000253507547313
5 12 0 8 0.000253206584603
23 32 0 8 0.000226983203902
41 55 0 8 0.000221763300942
42 53 0 8 0.000216107189772
44 53 0 8 0.000214645886444
46 51 0 8 0.000209393372643
24 31 0 8 0.000206757933483
45 58 0 8 0.000195592074306
24 33 0 8 0.000193089043023
45 51 0 8 0.000190812614164
45 53 0 8 0.000189723388758
46 55 0 8 0.00018309961888
43 51 0 8 0.000179914393811
44 51 0 8 0.000169204751728
44 52 0 8 0.000167896068888
45 50 0 8 0.000167664416949
43 55 0 8 0.000159509727382
22 30 0 8 0.00014635088155
45 54 0 8 0.000141903976328
42 56 0 8 0.000114070593554
45 55 0 8 0.000112858382636
45 52 0 8 0.0001114954066
