15 16 0 8 0.999999642372
31 32 0 8 0.999999582767
53 54 0 8 0.999999403954
44 45 0 8 0.99999922514
19 20 0 8 0.999999165535
52 53 0 8 0.99999910593
51 52 0 8 0.999998867512
55 56 0 8 0.999998807907
57 58 0 8 0.999998390675
45 46 0 8 0.999998390675
59 60 0 8 0.999998271465
43 44 0 8 0.999998211861
47 48 0 8 0.999998152256
58 59 0 8 0.999997854233
32 33 0 8 0.99999755621
13 14 0 8 0.99999755621
23 24 0 8 0.999997317791
49 50 0 8 0.999997198582
36 37 0 8 0.999997198582
21 22 0 8 0.999996840954
65 66 0 8 0.99999666214
34 35 0 8 0.999996602535
37 38 0 8 0.999996364117
20 21 0 8 0.999996244907
66 67 0 8 0.999995827675
46 47 0 8 0.99999576807
10 11 0 8 0.999995529652
35 36 0 8 0.999995350838
8 9 0 8 0.99999499321
3 4 0 8 0.999994575977
24 25 0 8 0.999994337559
56 57 0 8 0.999994158745
62 63 0 8 0.999994039536
41 42 0 8 0.999993860722
12 13 0 8 0.999993264675
50 51 0 8 0.999992847443
60 61 0 8 0.99999243021
2 3 0 8 0.999992012978
48 49 0 8 0.999991416931
1 2 0 8 0.999991178513
38 39 0 8 0.999990940094
63 64 0 8 0.999990820885
5 6 0 8 0.999990701675
6 7 0 8 0.999989569187
29 30 0 8 0.999989330769
18 19 0 8 0.99998909235
54 55 0 8 0.999988794327
22 23 0 8 0.999986946583
25 26 0 8 0.999986350536
33 34 0 8 0.999985814095
30 31 0 8 0.999985039234
64 65 0 8 0.999983847141
40 41 0 8 0.999983787537
16 17 0 8 0.99998319149
42 43 0 8 0.999982893467
17 18 0 8 0.999982714653
61 62 0 8 0.999981224537
14 15 0 8 0.999979317188
9 10 0 8 0.999974370003
28 29 0 8 0.999973297119
4 5 0 8 0.999972581863
71 72 0 8 0.999967396259
39 40 0 8 0.999958992004
11 12 0 8 0.999951779842
7 8 0 8 0.999949812889
67 68 0 8 0.999945223331
69 70 0 8 0.999889969826
68 69 0 8 0.99983716011
70 71 0 8 0.999716639519
27 28 0 8 0.999652922153
26 27 0 8 0.99963259697
51 53 0 8 0.999405026436
55 57 0 8 0.998188793659
17 19 0 8 0.996289253235
8 44 0 8 0.995946466923
10 44 0 8 0.9958370924
52 54 0 8 0.99571198225
54 56 0 8 0.994980871677
56 58 0 8 0.994976043701
56 59 0 8 0.994911193848
21 44 0 8 0.994553864002
21 23 0 8 0.994310855865
58 60 0 8 0.993699252605
12 42 0 8 0.993187785149
10 12 0 8 0.993122398853
59 61 0 8 0.992838680744
21 59 0 8 0.992785215378
57 59 0 8 0.992435634136
52 55 0 8 0.9917922616
20 22 0 8 0.991664409637
55 58 0 8 0.991564393044
6 46 0 8 0.990784943104
19 21 0 8 0.9892988801
55 59 0 8 0.989130198956
53 55 0 8 0.988850474358
19 22 0 8 0.988078832626
21 24 0 8 0.987414717674
44 46 0 8 0.987070143223
21 37 0 8 0.987010717392
7 45 0 8 0.98699337244
51 54 0 8 0.985752105713
8 66 0 8 0.985697746277
57 60 0 8 0.985659897327
8 10 0 8 0.985289394855
53 56 0 8 0.985188424587
8 46 0 8 0.985162317753
18 21 0 8 0.985015630722
21 25 0 8 0.983890652657
22 25 0 8 0.982985019684
14 16 0 8 0.982921779156
10 66 0 8 0.982899725437
6 48 0 8 0.982318520546
11 42 0 8 0.98163408041
20 23 0 8 0.981442630291
59 62 0 8 0.978951632977
22 24 0 8 0.978807508945
32 46 0 8 0.97832775116
54 57 0 8 0.976704895496
24 59 0 8 0.976096093655
34 47 0 8 0.975962519646
56 60 0 8 0.975745439529
9 43 0 8 0.975354075432
43 45 0 8 0.974237203598
23 25 0 8 0.974181771278
6 8 0 8 0.973600029945
35 37 0 8 0.973142445087
25 55 0 8 0.972741007805
5 47 0 8 0.972143113613
58 61 0 8 0.971910834312
6 55 0 8 0.971272051334
54 58 0 8 0.971140623093
16 18 0 8 0.969566166401
10 59 0 8 0.969238758087
8 55 0 8 0.969080924988
14 17 0 8 0.969063103199
46 48 0 8 0.968935668468
18 37 0 8 0.968835175037
18 20 0 8 0.968757450581
17 21 0 8 0.968474447727
8 59 0 8 0.968416929245
33 48 0 8 0.967856705189
32 48 0 8 0.967209100723
23 26 0 8 0.966683506966
24 26 0 8 0.966469228268
52 56 0 8 0.96602588892
28 55 0 8 0.963929653168
40 42 0 8 0.963461697102
25 46 0 8 0.962329149246
18 22 0 8 0.962308764458
24 58 0 8 0.962220966816
31 50 0 8 0.96050965786
20 62 0 8 0.959500253201
28 50 0 8 0.9591178298
10 42 0 8 0.958435237408
12 39 0 8 0.956952989101
37 39 0 8 0.956626772881
22 26 0 8 0.955860555172
10 64 0 8 0.953375935555
19 23 0 8 0.953225314617
48 50 0 8 0.952382802963
10 43 0 8 0.951535820961
9 42 0 8 0.950972497463
8 56 0 8 0.950562417507
22 37 0 8 0.948968052864
53 57 0 8 0.947777509689
21 64 0 8 0.947521269321
12 64 0 8 0.946108818054
17 64 0 8 0.945291399956
39 42 0 8 0.942731142044
20 24 0 8 0.942449629307
30 32 0 8 0.941139817238
9 66 0 8 0.938219666481
31 48 0 8 0.937436699867
21 62 0 8 0.936442553997
37 44 0 8 0.935849308968
15 18 0 8 0.934611678123
60 63 0 8 0.93412810564
12 37 0 8 0.932687044144
59 63 0 8 0.932110130787
20 64 0 8 0.931597232819
32 50 0 8 0.930997431278
25 27 0 8 0.930664896965
51 55 0 8 0.929959952831
39 41 0 8 0.927038550377
9 11 0 8 0.926562428474
57 61 0 8 0.926476359367
45 47 0 8 0.926349878311
22 35 0 8 0.926199913025
12 14 0 8 0.925305187702
6 45 0 8 0.922900676727
17 20 0 8 0.920889735222
31 49 0 8 0.920432925224
32 47 0 8 0.918202579021
50 55 0 8 0.915051758289
60 62 0 8 0.913436293602
7 9 0 8 0.913298487663
16 19 0 8 0.912724494934
68 70 0 8 0.911466300488
58 62 0 8 0.909588038921
25 28 0 8 0.908129990101
50 54 0 8 0.9076218009
15 39 0 8 0.906445682049
42 44 0 8 0.905568480492
12 21 0 8 0.904085159302
8 52 0 8 0.90315413475
61 63 0 8 0.902390122414
34 36 0 8 0.900940299034
11 66 0 8 0.887842416763
46 55 0 8 0.886361777782
28 48 0 8 0.883308887482
59 66 0 8 0.879220187664
15 19 0 8 0.878931999207
8 43 0 8 0.873991966248
16 20 0 8 0.873991191387
25 59 0 8 0.871891021729
41 43 0 8 0.871282219887
6 52 0 8 0.869525432587
25 44 0 8 0.869451224804
15 17 0 8 0.868617534637
5 7 0 8 0.867930233479
4 6 0 8 0.866137087345
14 18 0 8 0.865313529968
25 58 0 8 0.86495256424
24 27 0 8 0.862732052803
36 38 0 8 0.858575224876
35 44 0 8 0.857359588146
12 44 0 8 0.853997468948
6 47 0 8 0.852648556232
66 68 0 8 0.849323511124
44 59 0 8 0.848494708538
7 43 0 8 0.842246234417
64 66 0 8 0.841255009174
65 67 0 8 0.834681153297
63 65 0 8 0.834058701992
8 45 0 8 0.833263993263
62 64 0 8 0.832693576813
18 44 0 8 0.830287575722
38 41 0 8 0.829039752483
9 44 0 8 0.828645825386
32 34 0 8 0.827519059181
11 64 0 8 0.826975941658
33 35 0 8 0.820894241333
33 49 0 8 0.818296611309
33 47 0 8 0.817223310471
50 52 0 8 0.815187931061
1 3 0 8 0.814953804016
23 27 0 8 0.814179003239
32 55 0 8 0.812591612339
56 66 0 8 0.807956457138
36 45 0 8 0.80738145113
28 30 0 8 0.802185058594
10 67 0 8 0.800890862942
5 45 0 8 0.799268424511
10 35 0 8 0.796099245548
24 28 0 8 0.794814527035
10 65 0 8 0.788127243519
2 4 0 8 0.788036108017
25 35 0 8 0.787495553493
32 35 0 8 0.785999238491
7 44 0 8 0.785522639751
3 5 0 8 0.783953011036
26 28 0 8 0.782172203064
13 16 0 8 0.780854403973
11 67 0 8 0.779331326485
59 65 0 8 0.777023136616
11 65 0 8 0.772368490696
5 46 0 8 0.770745515823
31 33 0 8 0.768027186394
29 31 0 8 0.764801681042
70 72 0 8 0.757009744644
24 61 0 8 0.756160676479
47 49 0 8 0.755950450897
38 43 0 8 0.744870662689
35 47 0 8 0.74419271946
34 45 0 8 0.744047701359
18 39 0 8 0.729273915291
11 13 0 8 0.726213693619
28 58 0 8 0.724911391735
12 18 0 8 0.720601499081
17 39 0 8 0.717855989933
13 17 0 8 0.717587292194
9 67 0 8 0.712619185448
24 62 0 8 0.711156725883
59 64 0 8 0.707477748394
67 69 0 8 0.70682734251
27 29 0 8 0.699862122536
60 66 0 8 0.697412788868
12 17 0 8 0.695868730545
37 42 0 8 0.695800662041
38 42 0 8 0.691166698933
60 64 0 8 0.673103868961
69 71 0 8 0.647697091103
13 15 0 8 0.636916220188
35 46 0 8 0.634781360626
23 62 0 8 0.630243778229
20 63 0 8 0.62573826313
7 46 0 8 0.622898221016
13 20 0 8 0.621995687485
28 54 0 8 0.611449897289
24 55 0 8 0.609576284885
25 48 0 8 0.602520763874
25 32 0 8 0.596022069454
48 55 0 8 0.587255120277
13 44 0 8 0.58455914259
24 64 0 8 0.568772733212
60 65 0 8 0.568347752094
66 69 0 8 0.56518805027
36 44 0 8 0.565185070038
28 31 0 8 0.562851905823
38 44 0 8 0.561979532242
14 39 0 8 0.545655667782
4 49 0 8 0.543589830399
34 46 0 8 0.541905164719
49 51 0 8 0.540950000286
38 40 0 8 0.537094533443
50 58 0 8 0.509794473648
26 35 0 8 0.506478965282
27 58 0 8 0.495023280382
29 32 0 8 0.487103581429
10 46 0 8 0.47836342454
19 37 0 8 0.476041018963
28 32 0 8 0.467774659395
10 37 0 8 0.462001383305
13 18 0 8 0.449720740318
11 37 0 8 0.436326980591
13 37 0 8 0.423268347979
35 45 0 8 0.421425014734
56 68 0 8 0.418684840202
29 49 0 8 0.415479898453
6 50 0 8 0.413842052221
6 49 0 8 0.405242502689
8 67 0 8 0.40282407403
10 38 0 8 0.384514182806
7 41 0 8 0.373049587011
4 48 0 8 0.371179431677
5 43 0 8 0.366076797247
21 58 0 8 0.362350195646
17 62 0 8 0.350900292397
26 34 0 8 0.346333801746
10 21 0 8 0.345733523369
56 67 0 8 0.343357235193
8 25 0 8 0.335407972336
15 38 0 8 0.331269741058
6 51 0 8 0.33109125495
16 62 0 8 0.324562460184
18 59 0 8 0.320227265358
9 45 0 8 0.319309085608
38 45 0 8 0.315827578306
35 59 0 8 0.31320887804
21 35 0 8 0.312631368637
66 70 0 8 0.312565267086
12 20 0 8 0.307130128145
17 37 0 8 0.306531280279
37 43 0 8 0.303294092417
12 16 0 8 0.294130414724
33 45 0 8 0.284442603588
3 48 0 8 0.284274816513
9 36 0 8 0.280639588833
11 44 0 8 0.272386580706
36 46 0 8 0.268008977175
22 36 0 8 0.267860203981
13 39 0 8 0.264910727739
14 21 0 8 0.263309657574
5 48 0 8 0.258790373802
16 21 0 8 0.258372664452
7 47 0 8 0.257478684187
4 47 0 8 0.256295770407
10 36 0 8 0.256291210651
25 33 0 8 0.254210293293
12 46 0 8 0.250223070383
12 43 0 8 0.248989149928
24 35 0 8 0.245603561401
28 33 0 8 0.244546994567
10 63 0 8 0.240650743246
26 29 0 8 0.235344782472
37 45 0 8 0.23311303556
10 39 0 8 0.232489109039
27 61 0 8 0.229998260736
35 55 0 8 0.223658978939
11 43 0 8 0.218747183681
13 42 0 8 0.21805767715
55 66 0 8 0.218015402555
52 68 0 8 0.216786384583
12 63 0 8 0.20981182158
13 64 0 8 0.208944141865
8 32 0 8 0.205943703651
21 63 0 8 0.199960976839
6 66 0 8 0.199526160955
7 69 0 8 0.198804423213
67 70 0 8 0.198393195868
49 54 0 8 0.196997389197
63 66 0 8 0.19612428546
8 48 0 8 0.195821553469
14 37 0 8 0.193577468395
26 32 0 8 0.192495808005
25 29 0 8 0.190657317638
37 64 0 8 0.176437422633
36 43 0 8 0.176281958818
21 46 0 8 0.175504654646
17 48 0 8 0.175110027194
27 62 0 8 0.174084573984
5 49 0 8 0.173348352313
12 35 0 8 0.16713540256
20 59 0 8 0.164758145809
4 51 0 8 0.164352864027
3 33 0 8 0.161871135235
26 33 0 8 0.161789223552
3 47 0 8 0.160183504224
14 44 0 8 0.158904507756
52 66 0 8 0.158277496696
31 47 0 8 0.156162515283
17 35 0 8 0.155466854572
12 25 0 8 0.154434770346
21 66 0 8 0.154414311051
30 47 0 8 0.1530302912
14 32 0 8 0.150783509016
44 55 0 8 0.149786904454
39 43 0 8 0.14689950645
16 64 0 8 0.146402344108
12 66 0 8 0.14584261179
11 35 0 8 0.145435079932
3 49 0 8 0.144826129079
10 18 0 8 0.141911193728
24 63 0 8 0.141651153564
48 52 0 8 0.141321882606
10 17 0 8 0.139897376299
2 49 0 8 0.139415755868
4 52 0 8 0.139208078384
26 30 0 8 0.139046370983
39 44 0 8 0.136772379279
58 66 0 8 0.135975092649
30 48 0 8 0.134919211268
15 40 0 8 0.134326830506
68 71 0 8 0.133960291743
8 37 0 8 0.133400335908
12 36 0 8 0.133388787508
32 45 0 8 0.132441088557
16 63 0 8 0.131833910942
61 64 0 8 0.13110306859
21 55 0 8 0.128881841898
17 42 0 8 0.128772616386
14 59 0 8 0.128104537725
48 51 0 8 0.128011539578
6 33 0 8 0.12790414691
34 68 0 8 0.126648411155
67 71 0 8 0.125521078706
35 66 0 8 0.125457391143
7 48 0 8 0.124827116728
33 46 0 8 0.12382003665
14 43 0 8 0.123319670558
10 55 0 8 0.122161455452
25 31 0 8 0.120552800596
7 52 0 8 0.120520450175
30 49 0 8 0.119613006711
2 48 0 8 0.119425311685
12 45 0 8 0.119004301727
46 52 0 8 0.117601402104
12 59 0 8 0.116712801158
17 44 0 8 0.116311199963
66 71 0 8 0.115918323398
7 36 0 8 0.115556798875
8 35 0 8 0.11441963166
33 69 0 8 0.113004408777
32 66 0 8 0.112862318754
44 62 0 8 0.112638086081
69 72 0 8 0.112557679415
65 69 0 8 0.112500391901
11 46 0 8 0.111809067428
25 50 0 8 0.11153652519
3 37 0 8 0.110636457801
10 25 0 8 0.109618969262
22 34 0 8 0.109423860908
3 39 0 8 0.109342843294
18 38 0 8 0.105494059622
25 34 0 8 0.105273626745
4 36 0 8 0.105184055865
27 30 0 8 0.105084329844
12 19 0 8 0.10503411293
9 69 0 8 0.105000592768
8 24 0 8 0.103169843554
17 66 0 8 0.102740071714
12 24 0 8 0.102643325925
5 67 0 8 0.102537281811
30 66 0 8 0.100442007184
35 39 0 8 0.10004234314
46 50 0 8 0.0992307439446
30 50 0 8 0.0985323116183
7 34 0 8 0.0985305458307
14 45 0 8 0.0973762497306
25 30 0 8 0.0971449166536
29 48 0 8 0.0969083160162
43 68 0 8 0.096629448235
39 59 0 8 0.0962375625968
9 28 0 8 0.0961891114712
17 63 0 8 0.0954779088497
32 51 0 8 0.0947838798165
16 39 0 8 0.0941547825933
3 50 0 8 0.0929959863424
3 6 0 8 0.0924832522869
3 38 0 8 0.0922967344522
40 43 0 8 0.0922944620252
14 46 0 8 0.0909645110369
33 51 0 8 0.090959481895
10 45 0 8 0.090513445437
37 46 0 8 0.0901715606451
44 63 0 8 0.0899985581636
2 38 0 8 0.0897390246391
13 48 0 8 0.0892124995589
14 42 0 8 0.0884843543172
33 50 0 8 0.0879984349012
12 15 0 8 0.0869712084532
44 66 0 8 0.0864023342729
21 56 0 8 0.0861456021667
48 54 0 8 0.0855227410793
45 70 0 8 0.0846780613065
52 70 0 8 0.0843289121985
1 4 0 8 0.0835540369153
60 67 0 8 0.0828162655234
6 44 0 8 0.0826457589865
65 68 0 8 0.0822009593248
7 66 0 8 0.0817097201943
9 35 0 8 0.0815071687102
6 36 0 8 0.0810650959611
8 28 0 8 0.080677293241
28 46 0 8 0.080100633204
4 46 0 8 0.0798396170139
6 70 0 8 0.0787106305361
14 38 0 8 0.0786881893873
6 68 0 8 0.0786663815379
5 69 0 8 0.0782183781266
12 65 0 8 0.0772199928761
7 35 0 8 0.0772022902966
52 69 0 8 0.0770457684994
4 50 0 8 0.0764741674066
56 69 0 8 0.0758190974593
43 69 0 8 0.0758112594485
24 50 0 8 0.0750942081213
34 49 0 8 0.0748691633344
37 41 0 8 0.074534393847
6 35 0 8 0.0738787651062
27 31 0 8 0.0737156867981
21 32 0 8 0.0736201554537
30 33 0 8 0.0732089877129
13 38 0 8 0.0725742578506
31 51 0 8 0.0725560262799
10 47 0 8 0.0722952708602
8 42 0 8 0.0721858814359
25 42 0 8 0.0719732791185
18 42 0 8 0.071867801249
2 47 0 8 0.0708210915327
8 47 0 8 0.0707810819149
4 37 0 8 0.0706851109862
12 40 0 8 0.0705087482929
28 62 0 8 0.0702665969729
29 52 0 8 0.0700070038438
8 36 0 8 0.0698354914784
5 36 0 8 0.0694865509868
68 72 0 8 0.0690653026104
8 31 0 8 0.0687503293157
13 63 0 8 0.0686962604523
46 51 0 8 0.0686904042959
13 65 0 8 0.0683277323842
27 32 0 8 0.0673015862703
45 69 0 8 0.0671474188566
27 54 0 8 0.0669895559549
39 63 0 8 0.0663785114884
16 66 0 8 0.0656956583261
15 42 0 8 0.0656871125102
8 34 0 8 0.0651642531157
13 36 0 8 0.0650701895356
32 52 0 8 0.0650084167719
9 34 0 8 0.0649344846606
9 46 0 8 0.0639889165759
3 45 0 8 0.0634446293116
18 35 0 8 0.0630630105734
30 51 0 8 0.062915250659
13 43 0 8 0.062740445137
62 66 0 8 0.0626083165407
28 59 0 8 0.0623967312276
32 58 0 8 0.0623776912689
9 48 0 8 0.0621507614851
9 37 0 8 0.0619970932603
6 31 0 8 0.0617782361805
32 59 0 8 0.0615200251341
29 50 0 8 0.0615108720958
29 33 0 8 0.0614427924156
46 59 0 8 0.0608543716371
5 70 0 8 0.0608321391046
8 39 0 8 0.0605134218931
34 50 0 8 0.0603996627033
8 63 0 8 0.0597860142589
5 66 0 8 0.0597149804235
1 48 0 8 0.0594360157847
6 69 0 8 0.0592855215073
34 70 0 8 0.0590863674879
13 24 0 8 0.0590181164443
6 43 0 8 0.0589342936873
14 19 0 8 0.0584739372134
2 39 0 8 0.0583156682551
25 62 0 8 0.058213211596
14 35 0 8 0.0581437498331
41 69 0 8 0.0579231083393
32 49 0 8 0.0573322437704
29 51 0 8 0.05730734393
36 47 0 8 0.0572308078408
32 69 0 8 0.057216078043
18 36 0 8 0.0568083040416
3 46 0 8 0.0566132441163
47 50 0 8 0.0565897524357
16 40 0 8 0.0559169836342
16 37 0 8 0.0557833686471
20 44 0 8 0.0557803027332
8 62 0 8 0.0556461699307
22 62 0 8 0.055211674422
49 52 0 8 0.0548398047686
36 69 0 8 0.0546377971768
26 31 0 8 0.0545547418296
3 36 0 8 0.0543515793979
6 59 0 8 0.0541896484792
62 65 0 8 0.0541390106082
31 46 0 8 0.054103884846
6 67 0 8 0.0541000887752
15 41 0 8 0.0539535135031
23 35 0 8 0.0535472966731
31 58 0 8 0.052187781781
6 56 0 8 0.0520153641701
17 65 0 8 0.0518341213465
5 35 0 8 0.0518291778862
10 34 0 8 0.051818177104
66 72 0 8 0.0516372025013
37 66 0 8 0.0516251511872
4 28 0 8 0.0515836328268
4 34 0 8 0.0515645779669
29 47 0 8 0.0507303662598
12 41 0 8 0.0505342520773
2 5 0 8 0.0503043048084
13 21 0 8 0.0499760657549
12 32 0 8 0.049884095788
46 56 0 8 0.049743372947
16 61 0 8 0.0497380755842
11 39 0 8 0.0496917366982
6 25 0 8 0.0492803454399
5 50 0 8 0.0492612272501
30 65 0 8 0.0486620441079
65 71 0 8 0.0485650412738
6 32 0 8 0.0483489781618
16 42 0 8 0.0476610697806
8 33 0 8 0.0476353764534
14 64 0 8 0.0473645031452
3 28 0 8 0.0473505109549
7 70 0 8 0.0471961423755
12 38 0 8 0.0466493628919
12 34 0 8 0.0463618449867
3 40 0 8 0.0462785363197
35 43 0 8 0.0462076812983
13 46 0 8 0.0458429381251
49 55 0 8 0.0458227917552
14 20 0 8 0.0457067452371
46 58 0 8 0.0456052199006
11 38 0 8 0.0453815311193
35 69 0 8 0.0452592968941
17 22 0 8 0.0452454313636
27 33 0 8 0.0451270341873
25 66 0 8 0.0449041090906
31 52 0 8 0.0448878034949
8 69 0 8 0.0448403768241
11 45 0 8 0.0447562672198
7 37 0 8 0.0446272492409
7 32 0 8 0.0444871783257
40 64 0 8 0.0443404912949
4 69 0 8 0.0443384572864
11 68 0 8 0.0442687049508
28 56 0 8 0.0442142821848
67 72 0 8 0.0440011955798
43 72 0 8 0.0438912659883
9 70 0 8 0.0433028154075
50 53 0 8 0.0432933159173
37 59 0 8 0.0432921126485
7 33 0 8 0.0432201325893
29 54 0 8 0.0432120598853
22 39 0 8 0.0431200265884
31 34 0 8 0.042743049562
3 65 0 8 0.042651951313
3 70 0 8 0.0426114685833
15 43 0 8 0.0424212105572
13 66 0 8 0.0422820523381
15 64 0 8 0.042253933847
39 62 0 8 0.0421867892146
52 72 0 8 0.0419817380607
34 66 0 8 0.0419627465308
3 66 0 8 0.041778806597
4 66 0 8 0.0417676568031
9 68 0 8 0.0412285923958
14 66 0 8 0.0412046164274
11 36 0 8 0.0410965830088
7 72 0 8 0.0410541817546
28 49 0 8 0.0410531237721
33 67 0 8 0.0409938618541
30 67 0 8 0.0409342907369
30 52 0 8 0.0408925004303
25 37 0 8 0.0408689044416
14 36 0 8 0.0408362820745
6 72 0 8 0.0405826419592
48 58 0 8 0.0403663441539
28 35 0 8 0.0402160547674
29 67 0 8 0.039391156286
47 55 0 8 0.0392272546887
14 50 0 8 0.0391635783017
1 39 0 8 0.0389085225761
13 40 0 8 0.0384946204722
24 30 0 8 0.03831371665
45 68 0 8 0.038204792887
11 21 0 8 0.0381948426366
42 64 0 8 0.0381304956973
8 21 0 8 0.0379470400512
5 68 0 8 0.0379080735147
6 30 0 8 0.0378756821156
6 54 0 8 0.0376630648971
4 70 0 8 0.0375312566757
33 70 0 8 0.0374106206
12 33 0 8 0.0373930633068
46 69 0 8 0.0369587130845
12 47 0 8 0.036698423326
5 37 0 8 0.0366562269628
14 40 0 8 0.0365779846907
9 72 0 8 0.0365613475442
8 38 0 8 0.0365177504718
34 69 0 8 0.036207318306
6 28 0 8 0.0360509864986
33 54 0 8 0.0358841829002
22 27 0 8 0.0357549525797
9 38 0 8 0.035581048578
24 32 0 8 0.0354344025254
36 42 0 8 0.0349721647799
34 48 0 8 0.0348967500031
22 32 0 8 0.0347625352442
65 70 0 8 0.0347466021776
13 62 0 8 0.0344975106418
44 69 0 8 0.0343296714127
9 40 0 8 0.0343156829476
30 55 0 8 0.034144885838
4 38 0 8 0.0339887738228
3 69 0 8 0.0339667387307
3 53 0 8 0.0338927060366
2 70 0 8 0.0335340835154
5 34 0 8 0.0334327407181
2 50 0 8 0.0334022901952
33 68 0 8 0.0332968868315
9 33 0 8 0.0332796946168
14 63 0 8 0.0329306349158
5 44 0 8 0.032927967608
36 68 0 8 0.0328313782811
33 44 0 8 0.0328149460256
13 35 0 8 0.0327228270471
3 51 0 8 0.0325046628714
10 24 0 8 0.0323902703822
20 66 0 8 0.0323767326772
6 62 0 8 0.0323278084397
2 51 0 8 0.0323130562901
46 49 0 8 0.0322292335331
25 56 0 8 0.0319936089218
30 62 0 8 0.0319713391364
56 65 0 8 0.0316306613386
31 66 0 8 0.0314131118357
4 43 0 8 0.0313412174582
5 33 0 8 0.0312984548509
9 56 0 8 0.0312792398036
3 29 0 8 0.0310747493058
39 45 0 8 0.0309187490493
5 30 0 8 0.0308528896421
4 67 0 8 0.0307031981647
8 11 0 8 0.0305918138474
37 40 0 8 0.0303221065551
23 61 0 8 0.030132189393
17 38 0 8 0.0299652572721
28 52 0 8 0.0298734847456
40 44 0 8 0.0297858100384
10 69 0 8 0.0297188088298
2 33 0 8 0.0295357219875
1 71 0 8 0.0293910391629
6 37 0 8 0.0293212477118
1 72 0 8 0.0290558822453
15 66 0 8 0.0288837905973
7 68 0 8 0.0288387518376
27 34 0 8 0.0286430306733
21 28 0 8 0.0286424849182
14 47 0 8 0.0285755451769
46 54 0 8 0.0285403709859
3 35 0 8 0.0285105668008
44 58 0 8 0.0283094439656
29 70 0 8 0.0278886146843
47 51 0 8 0.0277654919773
24 66 0 8 0.0276093389839
12 55 0 8 0.0276078917086
4 29 0 8 0.0275776479393
3 44 0 8 0.027489060536
14 34 0 8 0.027467014268
3 41 0 8 0.0272903591394
1 5 0 8 0.0271426644176
43 70 0 8 0.0270398445427
30 46 0 8 0.0269515551627
2 28 0 8 0.0269411578774
34 43 0 8 0.0267656110227
5 72 0 8 0.0266488324851
10 33 0 8 0.0265379883349
2 40 0 8 0.0265365280211
48 56 0 8 0.0265179537237
5 28 0 8 0.0263271648437
11 63 0 8 0.0262065324932
25 63 0 8 0.0257945917547
31 55 0 8 0.0256565436721
2 71 0 8 0.0256321057677
64 72 0 8 0.0255653336644
35 48 0 8 0.0254516862333
64 68 0 8 0.0254236403853
7 30 0 8 0.0252250432968
4 33 0 8 0.0251584779471
10 62 0 8 0.0251284707338
35 70 0 8 0.0251114331186
11 34 0 8 0.024938357994
7 28 0 8 0.0249313861132
6 42 0 8 0.0248897522688
7 67 0 8 0.0248115789145
14 65 0 8 0.0246196426451
17 59 0 8 0.0244747120887
41 70 0 8 0.0243558865041
16 38 0 8 0.0242239255458
64 67 0 8 0.0241610854864
16 69 0 8 0.0241582728922
4 39 0 8 0.0241497252136
48 69 0 8 0.0240744818002
3 43 0 8 0.0240640323609
4 71 0 8 0.0240395981818
10 32 0 8 0.024030001834
58 64 0 8 0.0239635631442
21 39 0 8 0.0239357855171
25 52 0 8 0.0239116791636
4 7 0 8 0.0237598400563
17 43 0 8 0.0236706528813
24 29 0 8 0.0236328132451
2 66 0 8 0.0235803481191
18 40 0 8 0.023466328159
12 60 0 8 0.0234372634441
4 45 0 8 0.0232612881809
63 67 0 8 0.0232414975762
4 72 0 8 0.0231573302299
36 70 0 8 0.0231173634529
7 71 0 8 0.0230795796961
29 61 0 8 0.0229346659034
43 71 0 8 0.0228967629373
64 69 0 8 0.0228870771825
3 62 0 8 0.0228316225111
3 42 0 8 0.0228174719959
10 20 0 8 0.0227879155427
64 70 0 8 0.0226293895394
65 72 0 8 0.0226139072329
28 66 0 8 0.0225420724601
3 52 0 8 0.0225352440029
28 34 0 8 0.0224296655506
1 38 0 8 0.0224115680903
11 17 0 8 0.0221011564136
4 68 0 8 0.0220155473799
37 63 0 8 0.0219817236066
12 48 0 8 0.0218611005694
2 6 0 8 0.0217013768852
5 71 0 8 0.021698910743
37 69 0 8 0.0216328706592
39 66 0 8 0.0216018948704
14 55 0 8 0.021588601172
10 13 0 8 0.0215487666428
47 69 0 8 0.0215232949704
3 71 0 8 0.0215181987733
3 72 0 8 0.0215130783617
2 37 0 8 0.0214814674109
1 49 0 8 0.0214688982815
36 72 0 8 0.0214530415833
11 72 0 8 0.0214047562331
4 27 0 8 0.0214029289782
4 30 0 8 0.0213964972645
46 66 0 8 0.021385487169
34 51 0 8 0.0213199611753
3 56 0 8 0.0212374534458
24 33 0 8 0.0212338548154
14 62 0 8 0.0211632326245
17 55 0 8 0.02113090083
30 58 0 8 0.0211085043848
11 69 0 8 0.0210997276008
55 69 0 8 0.0210963785648
36 71 0 8 0.0210881233215
10 48 0 8 0.0210395865142
34 71 0 8 0.0210163854063
47 54 0 8 0.0209831185639
59 67 0 8 0.0209211967885
8 50 0 8 0.020918276161
32 62 0 8 0.0208739545196
3 32 0 8 0.0207950547338
8 64 0 8 0.0207571089268
9 71 0 8 0.0207543130964
43 67 0 8 0.0207402072847
6 71 0 8 0.0207294858992
7 38 0 8 0.0206755120307
12 58 0 8 0.0206558741629
32 54 0 8 0.0206069219857
29 34 0 8 0.0205800719559
38 63 0 8 0.0204605162144
3 67 0 8 0.0204122532159
6 34 0 8 0.0203893575817
8 58 0 8 0.0203234925866
14 51 0 8 0.0202785115689
14 48 0 8 0.0201473534107
24 52 0 8 0.0201327763498
23 28 0 8 0.0201306641102
61 66 0 8 0.0200891271234
6 38 0 8 0.0200638659298
7 31 0 8 0.0200405512005
13 45 0 8 0.0199709534645
52 71 0 8 0.0199470315129
20 37 0 8 0.0199408568442
30 53 0 8 0.0199283361435
1 40 0 8 0.0197904035449
14 41 0 8 0.0197103638202
41 62 0 8 0.0196944214404
8 68 0 8 0.0196570344269
30 34 0 8 0.0196281019598
2 69 0 8 0.0195767842233
1 70 0 8 0.019471116364
13 59 0 8 0.0194584075361
27 52 0 8 0.0194562207907
3 7 0 8 0.0194352548569
58 63 0 8 0.01942368038
13 19 0 8 0.0193936545402
4 41 0 8 0.019388590008
1 47 0 8 0.0193795897067
14 49 0 8 0.0193455796689
38 66 0 8 0.019252711907
12 62 0 8 0.0192511826754
37 47 0 8 0.019217889756
3 34 0 8 0.0192093681544
6 29 0 8 0.0191846545786
48 72 0 8 0.0191371180117
20 42 0 8 0.0191113613546
16 59 0 8 0.0190982408822
14 67 0 8 0.0190784949809
1 31 0 8 0.0190353561193
45 62 0 8 0.0190257858485
17 46 0 8 0.0189849752933
40 63 0 8 0.0189751796424
2 27 0 8 0.0189415849745
49 58 0 8 0.0189413446933
43 66 0 8 0.0189065672457
21 42 0 8 0.018893873319
1 15 0 8 0.0188931301236
4 62 0 8 0.01885651052
24 44 0 8 0.0188266281039
5 29 0 8 0.0188159644604
1 51 0 8 0.0187875069678
64 71 0 8 0.0187753327191
34 72 0 8 0.0187270082533
42 66 0 8 0.018723603338
35 58 0 8 0.0186983440071
29 46 0 8 0.0186796952039
47 70 0 8 0.0186364166439
6 64 0 8 0.0186123400927
10 56 0 8 0.0185957252979
9 32 0 8 0.0185906179249
41 72 0 8 0.0185901299119
7 42 0 8 0.0185855664313
45 71 0 8 0.0185529198498
10 31 0 8 0.0185003187507
14 58 0 8 0.0184561144561
34 44 0 8 0.0184205714613
2 72 0 8 0.0183428302407
15 63 0 8 0.0183142609894
11 70 0 8 0.0182475969195
61 65 0 8 0.0182204600424
10 28 0 8 0.0181930344552
14 25 0 8 0.0181927420199
37 70 0 8 0.0181917063892
36 39 0 8 0.018160065636
33 52 0 8 0.0181250609457
60 72 0 8 0.0180475711823
10 58 0 8 0.0179773699492
29 66 0 8 0.0179697182029
26 62 0 8 0.0179593451321
15 46 0 8 0.0178319104016
2 67 0 8 0.0177998952568
50 72 0 8 0.0177689772099
2 65 0 8 0.0177668388933
3 27 0 8 0.0177659224719
32 67 0 8 0.0177492052317
7 49 0 8 0.0176635663956
38 64 0 8 0.0176264215261
1 14 0 8 0.0176148340106
2 45 0 8 0.0176061298698
22 44 0 8 0.0175904333591
19 62 0 8 0.017574891448
5 32 0 8 0.0175659600645
4 61 0 8 0.0175142176449
29 72 0 8 0.0174626577646
56 70 0 8 0.0174512881786
22 33 0 8 0.0174410063773
29 35 0 8 0.0173938944936
35 38 0 8 0.0173725560308
21 30 0 8 0.0172801241279
27 67 0 8 0.0172638222575
11 32 0 8 0.0172547977418
16 65 0 8 0.0172508601099
51 56 0 8 0.0172300562263
2 36 0 8 0.0172084532678
35 62 0 8 0.0171821843833
45 72 0 8 0.0171679854393
38 46 0 8 0.0171206761152
14 24 0 8 0.0170980468392
11 48 0 8 0.0170577764511
46 70 0 8 0.0170286353678
35 64 0 8 0.0169809404761
2 52 0 8 0.0169759579003
14 22 0 8 0.0169530250132
23 63 0 8 0.0169425047934
39 64 0 8 0.0169298741966
11 20 0 8 0.0169135183096
22 30 0 8 0.0169133823365
6 65 0 8 0.0168967582285
37 55 0 8 0.0168905332685
9 21 0 8 0.016860825941
4 44 0 8 0.0167889669538
29 68 0 8 0.0167418941855
9 39 0 8 0.0167335271835
11 47 0 8 0.0167137850076
18 43 0 8 0.0167050939053
30 69 0 8 0.0166448447853
29 69 0 8 0.016558425501
3 30 0 8 0.0165485125035
32 44 0 8 0.0164806153625
1 69 0 8 0.0164783038199
42 72 0 8 0.0164497196674
40 72 0 8 0.0163819417357
57 66 0 8 0.0163767114282
6 63 0 8 0.0163549259305
4 42 0 8 0.0163363423198
35 67 0 8 0.0163126755506
13 72 0 8 0.016303639859
36 66 0 8 0.0162889100611
2 42 0 8 0.0162274185568
10 14 0 8 0.0162041336298
23 29 0 8 0.0161971412599
1 32 0 8 0.0161737482995
40 62 0 8 0.016122020781
3 58 0 8 0.0160997398198
41 45 0 8 0.0160533674061
7 39 0 8 0.0160340294242
13 50 0 8 0.0159854888916
2 29 0 8 0.0159473530948
39 69 0 8 0.0159211847931
44 72 0 8 0.0159173160791
34 67 0 8 0.0159053020179
3 60 0 8 0.0158857367933
13 67 0 8 0.0158851929009
33 72 0 8 0.0158739257604
57 68 0 8 0.0158729050308
2 43 0 8 0.015819022432
63 71 0 8 0.0157792139798
1 50 0 8 0.0157752744853
15 48 0 8 0.0157707221806
30 54 0 8 0.0157625004649
7 50 0 8 0.0157435815781
6 9 0 8 0.0157338101417
53 72 0 8 0.0157083980739
31 35 0 8 0.0157036930323
1 66 0 8 0.0156304296106
9 63 0 8 0.0156142981723
35 50 0 8 0.0155847659335
40 45 0 8 0.0155809111893
8 51 0 8 0.0155697986484
4 35 0 8 0.0155576122925
5 42 0 8 0.0155460489914
38 62 0 8 0.015439664945
28 51 0 8 0.0154349543154
8 49 0 8 0.0154313035309
45 55 0 8 0.015412369743
44 47 0 8 0.0154116526246
53 69 0 8 0.0153913702816
9 30 0 8 0.0153769608587
63 72 0 8 0.0153296003118
1 13 0 8 0.0152819091454
12 67 0 8 0.0152383288369
54 68 0 8 0.0152356745675
32 63 0 8 0.0152322473004
29 58 0 8 0.0152169764042
56 71 0 8 0.0151826376095
6 41 0 8 0.0151766352355
9 20 0 8 0.015176136978
8 70 0 8 0.0151450103149
44 67 0 8 0.0151414973661
12 49 0 8 0.0151333576068
39 72 0 8 0.0150849996135
1 42 0 8 0.0150796733797
35 63 0 8 0.0150637039915
2 32 0 8 0.0150636406615
8 72 0 8 0.0150174349546
33 66 0 8 0.0149999810383
29 62 0 8 0.0149950925261
6 39 0 8 0.0149615062401
13 32 0 8 0.0149543751031
25 51 0 8 0.0149429654703
3 63 0 8 0.0149385230616
16 43 0 8 0.0149086741731
10 22 0 8 0.0148886386305
28 47 0 8 0.0148613722995
31 54 0 8 0.0148474313319
29 53 0 8 0.0148425847292
29 57 0 8 0.0148400049657
1 67 0 8 0.0148010300472
45 54 0 8 0.0147880408913
32 68 0 8 0.0147722996771
50 56 0 8 0.0147472666577
4 32 0 8 0.0146725932136
38 69 0 8 0.0146458353847
35 72 0 8 0.0145728383213
22 29 0 8 0.0144664142281
3 68 0 8 0.0144446343184
39 70 0 8 0.0144349243492
3 24 0 8 0.0144010642543
15 20 0 8 0.0144002595916
42 67 0 8 0.0143950693309
2 31 0 8 0.0143887922168
29 71 0 8 0.0143851544708
1 29 0 8 0.0143228927627
2 41 0 8 0.0142846927047
38 72 0 8 0.014274363406
1 30 0 8 0.0142519120127
2 62 0 8 0.0142365191132
9 65 0 8 0.0142228743061
9 31 0 8 0.0141643406823
4 65 0 8 0.0141297783703
4 57 0 8 0.0141204753891
27 69 0 8 0.0141150401905
54 69 0 8 0.0140916351229
7 29 0 8 0.0140805961564
29 45 0 8 0.0140499537811
17 58 0 8 0.0140328491107
1 37 0 8 0.0140094282106
1 41 0 8 0.0139752589166
40 71 0 8 0.0139685319737
5 52 0 8 0.0139467762783
46 62 0 8 0.0139426458627
7 64 0 8 0.0139307714999
24 56 0 8 0.0139201572165
50 70 0 8 0.0139011107385
40 69 0 8 0.013882403262
20 46 0 8 0.0138696534559
41 44 0 8 0.0138512486592
11 71 0 8 0.0138439154252
20 39 0 8 0.0138428416103
48 71 0 8 0.0137934572995
15 44 0 8 0.0137841328979
14 23 0 8 0.0137062529102
6 61 0 8 0.0137056671083
56 72 0 8 0.0136841479689
22 28 0 8 0.0136686265469
53 71 0 8 0.0136679643765
47 71 0 8 0.0136217894033
30 59 0 8 0.0135922031477
21 45 0 8 0.0135887954384
30 61 0 8 0.0135880345479
45 59 0 8 0.0135256191716
21 26 0 8 0.0135040814057
25 64 0 8 0.0134935658425
8 40 0 8 0.0134726027027
2 34 0 8 0.0134491929784
1 33 0 8 0.0134409582242
17 50 0 8 0.0133948838338
28 61 0 8 0.013364343904
37 72 0 8 0.0133239319548
3 31 0 8 0.013322038576
35 68 0 8 0.0132389767095
27 50 0 8 0.0132349282503
46 67 0 8 0.0131972432137
13 69 0 8 0.0131691731513
35 42 0 8 0.013166192919
5 31 0 8 0.0131522240117
1 6 0 8 0.0131227467209
47 72 0 8 0.0131208570674
12 69 0 8 0.0131022427231
7 10 0 8 0.0130964843556
41 68 0 8 0.0130859622732
39 71 0 8 0.0130608547479
37 62 0 8 0.0130423353985
6 24 0 8 0.0130369104445
42 69 0 8 0.0130087239668
20 58 0 8 0.0129969185218
48 70 0 8 0.0129846055061
62 67 0 8 0.0129782510921
3 17 0 8 0.0129537926987
63 69 0 8 0.0129366898909
5 38 0 8 0.0129045005888
31 72 0 8 0.0129014160484
30 71 0 8 0.0128737846389
17 54 0 8 0.0128580452874
22 31 0 8 0.0128414062783
24 37 0 8 0.0127836214378
30 35 0 8 0.0127713503316
1 34 0 8 0.0127500491217
17 40 0 8 0.0127228572965
17 52 0 8 0.0127200903371
30 56 0 8 0.0127189112827
15 37 0 8 0.0126847065985
55 67 0 8 0.0126579040661
63 70 0 8 0.0126425018534
3 54 0 8 0.0126412585378
37 71 0 8 0.0126149794087
49 53 0 8 0.0126114990562
48 59 0 8 0.0126028573141
5 51 0 8 0.0125946886837
8 41 0 8 0.0125519633293
1 45 0 8 0.0125462729484
1 52 0 8 0.0125226946548
30 70 0 8 0.0125017501414
30 63 0 8 0.0124972118065
11 40 0 8 0.0124841080979
24 34 0 8 0.0124451927841
3 59 0 8 0.0124407699332
37 68 0 8 0.0124394400045
16 72 0 8 0.0124345552176
2 30 0 8 0.01240670681
36 67 0 8 0.0124059189111
24 46 0 8 0.0123396972194
27 35 0 8 0.0123351011425
10 41 0 8 0.0123137868941
23 34 0 8 0.012251958251
16 49 0 8 0.012248150073
13 68 0 8 0.0122401975095
1 28 0 8 0.0121807688847
43 46 0 8 0.0121419411153
25 36 0 8 0.0121218599379
9 47 0 8 0.0121136745438
35 71 0 8 0.012101338245
4 8 0 8 0.0120641188696
18 63 0 8 0.012063681148
28 70 0 8 0.0120434546843
49 72 0 8 0.0120417699218
4 63 0 8 0.0120395412669
42 45 0 8 0.0120303900912
3 8 0 8 0.0119990603998
8 30 0 8 0.0119917821139
44 68 0 8 0.0119821699336
47 52 0 8 0.0119794607162
17 51 0 8 0.0119693502784
19 61 0 8 0.0119665712118
8 61 0 8 0.0119630647823
36 48 0 8 0.0119516178966
26 37 0 8 0.0119407828897
10 23 0 8 0.0119235413149
5 65 0 8 0.0118927499279
53 70 0 8 0.0118911974132
5 9 0 8 0.0118661914021
31 69 0 8 0.0118432836607
18 64 0 8 0.0118300709873
41 71 0 8 0.0118172345683
7 24 0 8 0.0118120675907
1 65 0 8 0.0117576029152
59 68 0 8 0.0117404386401
1 17 0 8 0.0116956057027
42 62 0 8 0.0116698937491
22 46 0 8 0.0116605870426
21 34 0 8 0.0116485515609
10 52 0 8 0.0116369798779
13 71 0 8 0.0116020739079
33 36 0 8 0.0115996683016
62 72 0 8 0.0115922410041
7 63 0 8 0.011587953195
13 56 0 8 0.0115729384124
32 72 0 8 0.0115717323497
15 22 0 8 0.0115647697821
11 14 0 8 0.0115349870175
62 70 0 8 0.0115332910791
4 31 0 8 0.0115205943584
36 40 0 8 0.0115002105013
7 51 0 8 0.0114887244999
30 45 0 8 0.0114777311683
55 68 0 8 0.0114737013355
45 66 0 8 0.0114722624421
8 26 0 8 0.0114664407447
13 41 0 8 0.01142598968
18 62 0 8 0.0114193772897
49 57 0 8 0.0114070577547
8 65 0 8 0.0113648641855
40 70 0 8 0.0113563649356
1 36 0 8 0.0113510498777
30 68 0 8 0.011334083043
48 68 0 8 0.0113273896277
5 8 0 8 0.0113087091595
9 52 0 8 0.0112944291905
32 65 0 8 0.0112939020619
31 68 0 8 0.011289127171
20 72 0 8 0.0112817697227
4 54 0 8 0.0112807536498
16 23 0 8 0.011263099499
17 41 0 8 0.0112542454153
39 68 0 8 0.01124870684
5 62 0 8 0.0111882286146
21 48 0 8 0.0111813629046
42 63 0 8 0.0111672943458
2 68 0 8 0.0111343171448
42 46 0 8 0.0111328056082
20 69 0 8 0.0111169740558
30 72 0 8 0.011114243418
3 10 0 8 0.0111033003777
3 23 0 8 0.011095690541
38 70 0 8 0.0110840918496
39 58 0 8 0.0110732465982
36 63 0 8 0.0110268909484
14 53 0 8 0.0110170925036
11 24 0 8 0.010994438082
14 31 0 8 0.0109935039654
14 52 0 8 0.0109486244619
21 33 0 8 0.0109437610954
12 23 0 8 0.0109405675903
9 41 0 8 0.0109399845824
39 46 0 8 0.0109317013994
12 56 0 8 0.0109058814123
2 58 0 8 0.0109012890607
12 52 0 8 0.0108405612409
20 35 0 8 0.0108339721337
60 70 0 8 0.0108237769455
18 32 0 8 0.0108076669276
15 62 0 8 0.0108005376533
21 38 0 8 0.0107937436551
33 64 0 8 0.0107870092615
4 53 0 8 0.0107695506886
38 67 0 8 0.0106808468699
37 67 0 8 0.0106497276574
32 36 0 8 0.0106032043695
31 70 0 8 0.0105818752199
54 70 0 8 0.0105653684586
16 24 0 8 0.0105628212914
60 68 0 8 0.0105527797714
21 52 0 8 0.0105461142957
1 27 0 8 0.0105336373672
44 70 0 8 0.0105204256251
34 61 0 8 0.0105000585318
50 57 0 8 0.0104522593319
56 61 0 8 0.0104507859796
63 68 0 8 0.010448156856
7 65 0 8 0.0104458350688
15 72 0 8 0.0104453032836
29 65 0 8 0.0104119097814
30 64 0 8 0.0104111731052
1 63 0 8 0.0103930216283
32 70 0 8 0.0103914225474
25 49 0 8 0.0103905452415
5 39 0 8 0.0103310570121
48 53 0 8 0.0103300828487
8 71 0 8 0.0103249661624
35 49 0 8 0.0102947801352
20 40 0 8 0.0102008422837
25 60 0 8 0.0101715680212
2 20 0 8 0.0101541755721
3 57 0 8 0.0101232705638
10 40 0 8 0.0100852195174
7 56 0 8 0.0100581077859
46 68 0 8 0.0100015616044
1 12 0 8 0.00999487377703
36 41 0 8 0.00997719075531
11 33 0 8 0.00996883399785
3 9 0 8 0.0099490173161
2 56 0 8 0.00994556117803
4 56 0 8 0.00990473944694
15 36 0 8 0.00985574536026
31 45 0 8 0.00984218064696
24 48 0 8 0.00981799978763
7 54 0 8 0.00981615111232
6 58 0 8 0.00981394015253
45 49 0 8 0.00980112701654
58 65 0 8 0.00978128053248
22 38 0 8 0.00977472402155
39 67 0 8 0.00977308116853
29 55 0 8 0.0097543084994
57 69 0 8 0.00974476523697
13 70 0 8 0.00970653258264
62 71 0 8 0.00968040991575
62 69 0 8 0.00967625062913
24 72 0 8 0.00966030731797
28 69 0 8 0.00964297447354
2 61 0 8 0.00963372085243
1 62 0 8 0.00963175483048
31 67 0 8 0.00962993688881
20 68 0 8 0.00962681695819
27 49 0 8 0.00962549448013
11 50 0 8 0.0096230302006
1 43 0 8 0.00962016731501
47 58 0 8 0.00958349741995
40 66 0 8 0.00955739989877
24 31 0 8 0.00954097881913
35 65 0 8 0.00953328981996
3 61 0 8 0.00951048452407
11 41 0 8 0.00948029384017
21 36 0 8 0.00947014335543
21 50 0 8 0.00945841800421
37 65 0 8 0.0094218282029
40 65 0 8 0.00939066521823
3 55 0 8 0.00939029641449
43 62 0 8 0.00935628358275
33 71 0 8 0.0093548214063
14 54 0 8 0.00932541396469
23 30 0 8 0.00932375714183
42 71 0 8 0.00930594094098
1 68 0 8 0.00924461893737
25 69 0 8 0.00919757783413
55 70 0 8 0.00919300317764
17 67 0 8 0.00917052756995
25 45 0 8 0.009148016572
6 21 0 8 0.00913744606078
33 55 0 8 0.00912361964583
7 27 0 8 0.00912018865347
12 72 0 8 0.00911383889616
2 44 0 8 0.00908544100821
25 61 0 8 0.00905226077884
42 70 0 8 0.00904933549464
14 33 0 8 0.00904572755098
60 71 0 8 0.00904284697026
19 24 0 8 0.00903372000903
8 54 0 8 0.00896573998034
13 47 0 8 0.00895248819143
50 69 0 8 0.0089353537187
60 69 0 8 0.00892139505595
43 47 0 8 0.00891078542918
2 46 0 8 0.00890763662755
33 63 0 8 0.00890354160219
38 71 0 8 0.00885970704257
48 57 0 8 0.008849571459
8 27 0 8 0.00884309504181
34 37 0 8 0.00882930122316
17 49 0 8 0.00882198102772
14 56 0 8 0.0088142408058
33 65 0 8 0.00874976255
17 45 0 8 0.00873840600252
2 13 0 8 0.00870705395937
47 68 0 8 0.00870545674115
37 48 0 8 0.00870527513325
3 26 0 8 0.00868634693325
4 59 0 8 0.00867346022278
19 35 0 8 0.00866224523634
22 59 0 8 0.00861841905862
29 60 0 8 0.00860091019422
44 71 0 8 0.00858349353075
5 53 0 8 0.00857699103653
8 29 0 8 0.0085658878088
32 71 0 8 0.00856290012598
2 35 0 8 0.00854661781341
14 72 0 8 0.0085354084149
21 49 0 8 0.00852829311043
2 63 0 8 0.00852707959712
3 25 0 8 0.00852247234434
1 26 0 8 0.00852080527693
5 54 0 8 0.0085119670257
46 72 0 8 0.00850661285222
5 27 0 8 0.00849392078817
54 71 0 8 0.00847985688597
29 63 0 8 0.00847592111677
17 47 0 8 0.00847432203591
28 72 0 8 0.00839814078063
58 72 0 8 0.00838258583099
6 27 0 8 0.00838213320822
15 71 0 8 0.00836996734142
26 50 0 8 0.00835099164397
13 30 0 8 0.00830382481217
2 54 0 8 0.00828915182501
17 36 0 8 0.00826412625611
11 18 0 8 0.0082240710035
61 72 0 8 0.00822120159864
4 23 0 8 0.00821493193507
5 63 0 8 0.00817857868969
2 26 0 8 0.00817241985351
4 58 0 8 0.008172002621
4 9 0 8 0.00815393868834
20 25 0 8 0.00815168302506
27 72 0 8 0.00814327131957
9 64 0 8 0.00805351603776
16 70 0 8 0.00801788922399
2 7 0 8 0.00800367537886
13 60 0 8 0.00800229702145
45 58 0 8 0.00797805190086
41 66 0 8 0.00796286575496
7 25 0 8 0.00796002615243
20 55 0 8 0.00795067381114
57 70 0 8 0.00794014986604
41 65 0 8 0.00792657956481
9 25 0 8 0.00791098736227
11 25 0 8 0.00785900745541
16 48 0 8 0.00784180499613
2 59 0 8 0.00781402178109
2 25 0 8 0.00775870773941
33 62 0 8 0.00775460060686
2 17 0 8 0.00774880265817
14 70 0 8 0.00772642623633
10 70 0 8 0.00771994376555
2 60 0 8 0.00770704587922
11 51 0 8 0.00770653504878
3 15 0 8 0.00769377592951
41 67 0 8 0.00769310211763
58 67 0 8 0.00767096923664
9 50 0 8 0.00763759342954
18 55 0 8 0.00762262009084
10 72 0 8 0.00761883379892
10 50 0 8 0.00761757930741
52 57 0 8 0.0075768684037
18 66 0 8 0.00756623037159
38 48 0 8 0.00755599327385
49 69 0 8 0.00754563789815
42 65 0 8 0.0075398334302
9 23 0 8 0.00751335779205
53 68 0 8 0.00749779585749
1 7 0 8 0.00749476626515
28 37 0 8 0.00743333157152
9 29 0 8 0.00743186846375
11 52 0 8 0.00736772967502
23 56 0 8 0.00736290449277
12 28 0 8 0.0073433551006
1 16 0 8 0.00727462070063
14 69 0 8 0.00727186305448
16 52 0 8 0.00725504290313
61 71 0 8 0.00722344312817
44 48 0 8 0.00715171219781
7 62 0 8 0.0070701725781
3 64 0 8 0.00706683611497
45 67 0 8 0.00706358114257
19 69 0 8 0.00705298082903
21 29 0 8 0.00704798661172
43 63 0 8 0.0070452070795
12 70 0 8 0.00703408103436
21 65 0 8 0.00702271657065
24 69 0 8 0.00701731909066
2 64 0 8 0.00700739119202
25 67 0 8 0.00698128715158
27 63 0 8 0.00697824032977
5 41 0 8 0.00697360560298
19 68 0 8 0.00696100946516
15 69 0 8 0.00693515315652
1 56 0 8 0.00693508423865
1 25 0 8 0.00693436153233
46 71 0 8 0.00692839454859
16 41 0 8 0.00692477356642
54 72 0 8 0.00690738949925
4 25 0 8 0.00690205954015
4 64 0 8 0.00689445855096
31 71 0 8 0.00689412187785
11 15 0 8 0.00689279707149
4 40 0 8 0.00688279932365
10 68 0 8 0.00684526190162
12 30 0 8 0.00684096151963
24 36 0 8 0.00681885378435
2 16 0 8 0.00681595457718
11 30 0 8 0.00680457567796
18 34 0 8 0.00679475395009
59 69 0 8 0.00673568062484
51 72 0 8 0.00671779131517
13 28 0 8 0.00670663546771
32 64 0 8 0.00670419633389
14 57 0 8 0.00668700179085
2 24 0 8 0.00667284941301
1 11 0 8 0.00664780335501
20 65 0 8 0.00663252128288
19 42 0 8 0.00662432285026
2 8 0 8 0.00662371749058
47 66 0 8 0.00660500023514
57 72 0 8 0.00658966228366
38 47 0 8 0.00656658178195
42 61 0 8 0.00654236320406
30 57 0 8 0.00650613103062
4 55 0 8 0.0065025659278
9 60 0 8 0.00650254404172
16 46 0 8 0.0065021221526
1 61 0 8 0.00648827850819
5 64 0 8 0.00645510200411
1 20 0 8 0.00645301071927
11 62 0 8 0.00645253341645
2 18 0 8 0.00645146984607
21 69 0 8 0.00644230702892
25 47 0 8 0.00642133923247
34 38 0 8 0.00641782023013
14 60 0 8 0.00641546119004
45 48 0 8 0.00641224626452
5 25 0 8 0.00641011120752
34 63 0 8 0.00640928791836
44 65 0 8 0.00640318123624
29 56 0 8 0.00639175716788
29 59 0 8 0.00636995350942
20 43 0 8 0.00636255787686
10 71 0 8 0.00635053170845
42 55 0 8 0.00634676590562
3 20 0 8 0.00633170548826
1 44 0 8 0.00631263293326
25 39 0 8 0.00630820123479
32 61 0 8 0.00630755862221
40 68 0 8 0.0063010705635
13 27 0 8 0.0062923822552
15 70 0 8 0.00628421222791
11 59 0 8 0.006283512339
27 68 0 8 0.00628310441971
9 62 0 8 0.00627131713554
57 67 0 8 0.00626656692475
16 44 0 8 0.00625558989123
56 64 0 8 0.00624417606741
23 32 0 8 0.00623711105436
45 50 0 8 0.00623648473993
12 50 0 8 0.00623587612063
20 52 0 8 0.0062320092693
14 30 0 8 0.00621980661526
20 45 0 8 0.00621876912192
51 71 0 8 0.00621876353398
32 57 0 8 0.00621389737353
20 67 0 8 0.00621290784329
16 68 0 8 0.00621256045997
62 68 0 8 0.00618591252714
33 58 0 8 0.00617925869301
1 35 0 8 0.00615948624909
16 71 0 8 0.00614545028657
24 42 0 8 0.00613929657266
16 35 0 8 0.00611561816186
50 71 0 8 0.00611331732944
6 10 0 8 0.00610490981489
4 24 0 8 0.00610319385305
14 28 0 8 0.00610041525215
19 67 0 8 0.00608836486936
18 70 0 8 0.00608387123793
20 32 0 8 0.00607459666207
24 70 0 8 0.00605817371979
1 60 0 8 0.00604040967301
26 72 0 8 0.00601304741576
49 71 0 8 0.00599953066558
12 68 0 8 0.00599485775456
21 47 0 8 0.00598726747558
54 66 0 8 0.00598624022678
33 43 0 8 0.0059843477793
16 67 0 8 0.0059816846624
32 53 0 8 0.00597378285602
27 70 0 8 0.00596987921745
1 19 0 8 0.00594746507704
20 60 0 8 0.00592086138204
4 26 0 8 0.00592081621289
49 70 0 8 0.00590873835608
44 64 0 8 0.00590132037178
7 21 0 8 0.00588693423197
26 71 0 8 0.00588679220527
13 61 0 8 0.00588541664183
17 56 0 8 0.0058805141598
40 67 0 8 0.0058770775795
10 54 0 8 0.00585865275934
20 70 0 8 0.00582923740149
19 39 0 8 0.00580122834072
8 60 0 8 0.00579135213047
9 24 0 8 0.00576669489965
24 54 0 8 0.0057633058168
58 69 0 8 0.0057630026713
25 54 0 8 0.00574417831376
28 57 0 8 0.00573410838842
1 64 0 8 0.0057281954214
20 71 0 8 0.00572739727795
42 59 0 8 0.0057121948339
1 58 0 8 0.00570657011122
2 12 0 8 0.00569442939013
2 57 0 8 0.00568933412433
1 59 0 8 0.00566432159394
14 71 0 8 0.00566188339144
15 67 0 8 0.0056555676274
28 71 0 8 0.00563502684236
13 49 0 8 0.00563368573785
10 60 0 8 0.00562776159495
25 70 0 8 0.00562485866249
50 66 0 8 0.00560958124697
28 63 0 8 0.00560125149786
3 14 0 8 0.00559790851548
59 70 0 8 0.00559781352058
27 51 0 8 0.00558179616928
25 71 0 8 0.00557669857517
12 71 0 8 0.00555869797245
18 69 0 8 0.0055582919158
27 66 0 8 0.00555664487183
38 68 0 8 0.00555002177134
3 22 0 8 0.00554464850575
24 39 0 8 0.00553747499362
9 61 0 8 0.00553185073659
3 11 0 8 0.00551568344235
8 12 0 8 0.00551475258544
8 17 0 8 0.00547239044681
10 30 0 8 0.00545957265422
14 29 0 8 0.00545895891264
21 54 0 8 0.00545554514974
42 68 0 8 0.00545085407794
13 55 0 8 0.00543500995263
10 29 0 8 0.00540095148608
13 58 0 8 0.00538806756958
9 55 0 8 0.0053876764141
1 9 0 8 0.00537523906678
13 25 0 8 0.00536641525105
22 70 0 8 0.00536159984767
26 69 0 8 0.00532355811447
12 22 0 8 0.00532313622534
17 69 0 8 0.00531469518319
5 56 0 8 0.00531180715188
27 48 0 8 0.00529336929321
7 11 0 8 0.00528998812661
9 27 0 8 0.00528044998646
36 62 0 8 0.00527893472463
28 39 0 8 0.0052782362327
58 70 0 8 0.00527179334313
20 30 0 8 0.00526437396184
10 49 0 8 0.00526383286342
28 67 0 8 0.0052403723821
16 22 0 8 0.00520218163729
23 38 0 8 0.00520136021078
12 31 0 8 0.00518877012655
17 71 0 8 0.00516540557146
15 34 0 8 0.00516258087009
14 61 0 8 0.00515405787155
36 49 0 8 0.00514107663184
50 59 0 8 0.00512167299166
27 57 0 8 0.00511425361037
43 59 0 8 0.00510111544281
9 59 0 8 0.00510015711188
25 57 0 8 0.0050977114588
20 61 0 8 0.00508532719687
21 43 0 8 0.00508373277262
7 40 0 8 0.00507498765364
17 32 0 8 0.00506306253374
57 71 0 8 0.00505396910012
31 62 0 8 0.0050515816547
1 10 0 8 0.00504903960973
6 26 0 8 0.0050467713736
59 72 0 8 0.00502488156781
34 62 0 8 0.00501914182678
23 58 0 8 0.00501865893602
2 53 0 8 0.00500007998198
58 68 0 8 0.00499135768041
2 9 0 8 0.00496615748852
21 27 0 8 0.00496218120679
37 58 0 8 0.00495962286368
19 72 0 8 0.00495222536847
1 46 0 8 0.00494980113581
46 60 0 8 0.00492019159719
21 31 0 8 0.00492005888373
18 46 0 8 0.00491329561919
26 63 0 8 0.00491190608591
17 72 0 8 0.00490216910839
25 72 0 8 0.00489892298356
17 53 0 8 0.00488615222275
22 48 0 8 0.00488484231755
15 35 0 8 0.00488446699455
32 56 0 8 0.00485970918089
61 70 0 8 0.00485961697996
18 72 0 8 0.00484967883676
27 37 0 8 0.00484804529697
31 63 0 8 0.00484779477119
1 24 0 8 0.00484554283321
17 70 0 8 0.00484350183979
3 21 0 8 0.00484019517899
22 72 0 8 0.00482408003882
15 68 0 8 0.00480954255909
18 67 0 8 0.00480865454301
14 68 0 8 0.00480828527361
13 52 0 8 0.00479405466467
1 8 0 8 0.0047828857787
5 23 0 8 0.00473755411804
24 45 0 8 0.00473375339061
34 64 0 8 0.00473352894187
27 44 0 8 0.00472630746663
16 50 0 8 0.00471618631855
23 70 0 8 0.00468559470028
17 25 0 8 0.00468251574785
11 61 0 8 0.00468245800585
39 61 0 8 0.00466823903844
19 70 0 8 0.00465450901538
36 64 0 8 0.0046528019011
18 30 0 8 0.0046250927262
58 71 0 8 0.00461343349889
24 60 0 8 0.00459201959893
20 48 0 8 0.00458543328568
30 44 0 8 0.00458490848541
47 67 0 8 0.00458231708035
7 55 0 8 0.00457802368328
2 11 0 8 0.00456750532612
23 72 0 8 0.00454993918538
47 59 0 8 0.00454738270491
45 60 0 8 0.00453399820253
35 54 0 8 0.00451761716977
35 52 0 8 0.00451735407114
8 20 0 8 0.00450725015253
26 67 0 8 0.00446467380971
28 53 0 8 0.0044539286755
27 71 0 8 0.00443682260811
52 67 0 8 0.00443681003526
36 52 0 8 0.0044297426939
2 23 0 8 0.00442375568673
17 34 0 8 0.00439833151177
48 66 0 8 0.00439705559984
34 55 0 8 0.00438609765843
1 18 0 8 0.00437960773706
1 23 0 8 0.00437004584819
31 57 0 8 0.00436730589718
19 66 0 8 0.00436167186126
4 19 0 8 0.00436021201313
3 13 0 8 0.00434962240979
5 59 0 8 0.00433738343418
15 45 0 8 0.00432274444029
7 59 0 8 0.00432017119601
23 69 0 8 0.0043181758374
18 71 0 8 0.00431677605957
5 58 0 8 0.00431611388922
42 60 0 8 0.00431259069592
28 65 0 8 0.0042974408716
16 58 0 8 0.00429733702913
34 52 0 8 0.00429643550888
20 36 0 8 0.0042914506048
28 44 0 8 0.00428609922528
15 21 0 8 0.00427956180647
19 32 0 8 0.00425855442882
53 58 0 8 0.00424716761336
24 71 0 8 0.00423277309164
23 71 0 8 0.00423275120556
27 65 0 8 0.00421396689489
2 19 0 8 0.00420361105353
28 36 0 8 0.0042016133666
19 38 0 8 0.00419760914519
12 54 0 8 0.00417030788958
51 69 0 8 0.00416679214686
22 71 0 8 0.00415849033743
47 53 0 8 0.00414943462238
26 49 0 8 0.00414808094501
34 42 0 8 0.00414407858625
31 59 0 8 0.00413484172896
28 68 0 8 0.0041348063387
12 61 0 8 0.00413218233734
1 22 0 8 0.00413146195933
27 36 0 8 0.00412422697991
34 65 0 8 0.00411379151046
16 55 0 8 0.00410540774465
23 31 0 8 0.00409815227613
24 49 0 8 0.00409486051649
7 61 0 8 0.00409001344815
26 68 0 8 0.00407808180898
41 63 0 8 0.00407111784443
11 55 0 8 0.00405234005302
6 23 0 8 0.00401284638792
1 53 0 8 0.00400770176202
9 49 0 8 0.00400695763528
19 44 0 8 0.00400502281263
5 10 0 8 0.00398734584451
19 34 0 8 0.00398385152221
9 53 0 8 0.00397372292355
36 65 0 8 0.00395930930972
33 56 0 8 0.00393989356235
55 72 0 8 0.00392920477316
43 64 0 8 0.00391077389941
4 22 0 8 0.00390323786996
1 57 0 8 0.00389333907515
7 26 0 8 0.00389244407415
2 14 0 8 0.00388460746035
39 65 0 8 0.00387135264464
22 55 0 8 0.00383927440271
28 60 0 8 0.00383302243426
30 37 0 8 0.00382280535996
49 56 0 8 0.00381914991885
21 72 0 8 0.00381344510242
41 58 0 8 0.00380715727806
21 67 0 8 0.0037990079727
59 71 0 8 0.00379464682192
4 60 0 8 0.00379362306558
22 64 0 8 0.00379196740687
45 65 0 8 0.00379167543724
6 40 0 8 0.00378312240355
19 30 0 8 0.00377795752138
3 19 0 8 0.00376897165552
16 51 0 8 0.00376371666789
51 70 0 8 0.00374347995967
46 57 0 8 0.00374014512636
50 68 0 8 0.0037350403145
4 20 0 8 0.00372664839961
22 50 0 8 0.00372461648658
30 38 0 8 0.00372212775983
42 58 0 8 0.00371858058497
12 29 0 8 0.0037144490052
16 36 0 8 0.00370731623843
15 49 0 8 0.00369877368212
24 38 0 8 0.0036915584933
30 60 0 8 0.00368948443793
36 58 0 8 0.00368336355314
26 70 0 8 0.00367644033395
24 47 0 8 0.00367062352598
20 50 0 8 0.00366994854994
18 68 0 8 0.00366975157522
44 60 0 8 0.00366935064085
23 36 0 8 0.00366417341866
9 54 0 8 0.00365980993956
1 54 0 8 0.00365037191659
28 64 0 8 0.00363074941561
11 16 0 8 0.00362816103734
25 43 0 8 0.00360506563447
22 69 0 8 0.00360493548214
26 58 0 8 0.00359864812344
45 57 0 8 0.00359680037946
29 39 0 8 0.00359627744183
9 57 0 8 0.00359363341704
18 41 0 8 0.00356774474494
47 57 0 8 0.00356747210026
61 69 0 8 0.00356342992745
19 71 0 8 0.00356199778616
15 65 0 8 0.00354569451883
13 22 0 8 0.003543328261
2 22 0 8 0.00354188401252
15 50 0 8 0.00354091823101
33 60 0 8 0.00353798526339
20 38 0 8 0.00353033118881
23 33 0 8 0.00352337327786
25 38 0 8 0.00351912667975
8 22 0 8 0.00351884588599
10 51 0 8 0.00351860164665
8 14 0 8 0.00351734971628
15 52 0 8 0.00351705215871
26 52 0 8 0.003502917476
24 65 0 8 0.00348506146111
61 67 0 8 0.00348433456384
23 37 0 8 0.00347501062788
13 23 0 8 0.00346810696647
37 60 0 8 0.00346775795333
46 53 0 8 0.00346708390862
18 50 0 8 0.00346305640414
2 55 0 8 0.00346293952316
19 46 0 8 0.00344248022884
27 46 0 8 0.00343832746148
18 54 0 8 0.00343297747895
45 61 0 8 0.00343137583695
13 34 0 8 0.00342960399576
16 54 0 8 0.00342878256924
22 67 0 8 0.00341393542476
11 22 0 8 0.0034022196196
22 68 0 8 0.00340076466091
32 37 0 8 0.00339945917949
25 68 0 8 0.00339142838493
45 52 0 8 0.00338577129878
49 68 0 8 0.00337811955251
11 19 0 8 0.00336605077609
17 24 0 8 0.00336148543283
21 61 0 8 0.00335697084665
5 55 0 8 0.00335680972785
16 34 0 8 0.00335673964582
28 45 0 8 0.00334137259051
22 63 0 8 0.0033376715146
27 39 0 8 0.00331931863911
20 56 0 8 0.00331734586507
11 27 0 8 0.00329053238966
20 34 0 8 0.00328598311171
12 51 0 8 0.00327801401727
9 51 0 8 0.00327005772851
17 57 0 8 0.00326132867485
17 61 0 8 0.00325931888074
9 19 0 8 0.00324904429726
2 15 0 8 0.00324669643305
47 56 0 8 0.00323734176345
32 43 0 8 0.00323336967267
19 57 0 8 0.00323238456622
32 60 0 8 0.00323039270006
48 67 0 8 0.00322092836723
31 65 0 8 0.00321506592445
24 68 0 8 0.00321484729648
16 60 0 8 0.00320986984298
6 60 0 8 0.00320026325062
40 46 0 8 0.00319839897566
31 53 0 8 0.00318742333911
23 52 0 8 0.00316484458745
23 54 0 8 0.00315789319575
17 33 0 8 0.00314707867801
24 51 0 8 0.00314655364491
5 61 0 8 0.00313831889071
49 67 0 8 0.00313069764525
36 51 0 8 0.00311439414509
57 62 0 8 0.00311057409272
22 42 0 8 0.00310405693017
4 10 0 8 0.00310279871337
17 68 0 8 0.00310245039873
27 41 0 8 0.00308318226598
5 24 0 8 0.00307154795155
33 57 0 8 0.00306603941135
20 41 0 8 0.00306052458473
11 28 0 8 0.00305841420777
16 47 0 8 0.00304871168919
9 58 0 8 0.00304376194254
6 57 0 8 0.0030362282414
21 70 0 8 0.00303209433332
23 65 0 8 0.0030222365167
18 45 0 8 0.00301367975771
26 48 0 8 0.00299405003898
6 53 0 8 0.00299381511286
27 45 0 8 0.0029847396072
57 65 0 8 0.00298195565119
18 61 0 8 0.00297093228437
6 22 0 8 0.0029627061449
26 42 0 8 0.00295660924166
15 59 0 8 0.00294677354395
10 15 0 8 0.00294170621783
44 56 0 8 0.00293036992662
37 50 0 8 0.00292672356591
26 46 0 8 0.00292256474495
54 59 0 8 0.00292206159793
2 21 0 8 0.00291460799053
33 61 0 8 0.00291431811638
24 43 0 8 0.002908031689
26 59 0 8 0.00289570819587
18 25 0 8 0.00289140339009
16 45 0 8 0.00288097281009
41 64 0 8 0.00287708919495
27 47 0 8 0.00287679117173
18 23 0 8 0.00287004606798
10 19 0 8 0.00286718457937
33 53 0 8 0.00284754182212
9 26 0 8 0.00284257996827
23 46 0 8 0.00283692101948
18 56 0 8 0.00283521506935
4 11 0 8 0.00283437548205
4 18 0 8 0.00283394544385
5 40 0 8 0.00283052376471
21 71 0 8 0.00281987874769
33 59 0 8 0.00281299115159
22 66 0 8 0.00278789061122
34 57 0 8 0.00278663286008
22 56 0 8 0.00278466171585
17 60 0 8 0.00277607073076
15 24 0 8 0.00277017639019
27 53 0 8 0.00276554608718
43 54 0 8 0.00275834370404
19 54 0 8 0.00275720423087
4 17 0 8 0.002755462192
11 58 0 8 0.00275115063414
27 59 0 8 0.00274244393222
34 59 0 8 0.00274085719138
19 41 0 8 0.00273216166534
61 68 0 8 0.00273134489544
22 54 0 8 0.0027295970358
55 71 0 8 0.00272434018552
3 18 0 8 0.00270975125022
24 57 0 8 0.00270946905948
12 57 0 8 0.00270416704006
41 61 0 8 0.00270406808704
37 61 0 8 0.00268280692399
43 65 0 8 0.00267684902065
21 57 0 8 0.00267639849335
8 18 0 8 0.00267252791673
52 58 0 8 0.00266523007303
13 51 0 8 0.0026558872778
5 57 0 8 0.00264733354561
10 16 0 8 0.00264127971604
4 14 0 8 0.00263874977827
20 49 0 8 0.00263582263142
10 27 0 8 0.00263364100829
5 60 0 8 0.00261535518803
16 32 0 8 0.00261466251686
44 54 0 8 0.00261184759438
9 13 0 8 0.0026103076525
29 36 0 8 0.00260413391516
23 44 0 8 0.00258850376122
26 39 0 8 0.00258459057659
20 33 0 8 0.00258086365648
9 12 0 8 0.00256597925909
27 42 0 8 0.00255675497465
31 37 0 8 0.00255348579958
19 64 0 8 0.00255030347034
26 66 0 8 0.0025417432189
43 58 0 8 0.00254012364894
22 58 0 8 0.00252791820094
18 52 0 8 0.00252098403871
22 47 0 8 0.00252026738599
11 54 0 8 0.00251413369551
1 21 0 8 0.00251254951581
1 55 0 8 0.00250908639282
26 36 0 8 0.00248460262083
22 52 0 8 0.00247295480222
46 61 0 8 0.00247086095624
22 49 0 8 0.00246776803397
19 63 0 8 0.0024664150551
7 58 0 8 0.0024598329328
8 53 0 8 0.00245389621705
11 49 0 8 0.002451707609
4 21 0 8 0.00243736780249
8 23 0 8 0.00241924473085
2 10 0 8 0.00240754638799
26 54 0 8 0.00240067881532
39 55 0 8 0.00239642057568
24 67 0 8 0.00239103380591
8 57 0 8 0.00239062076434
9 17 0 8 0.00238958955742
26 60 0 8 0.00238880096003
11 29 0 8 0.00237987772562
12 53 0 8 0.0023636398837
21 68 0 8 0.00234705046751
19 40 0 8 0.00233935890719
18 58 0 8 0.00233532371931
35 61 0 8 0.00232554110698
19 56 0 8 0.00232509197667
44 61 0 8 0.00232466054149
10 57 0 8 0.00232418510132
19 50 0 8 0.00229879305698
35 51 0 8 0.00229830224998
31 61 0 8 0.00229775020853
25 65 0 8 0.00228756153956
22 45 0 8 0.0022871545516
22 43 0 8 0.00228387862444
50 67 0 8 0.00227711512707
13 54 0 8 0.00227007782087
19 59 0 8 0.00226722494699
23 64 0 8 0.00226440094411
15 51 0 8 0.00226330640726
17 31 0 8 0.00223730248399
23 66 0 8 0.00223583099432
18 49 0 8 0.0022341106087
38 59 0 8 0.00223023630679
7 60 0 8 0.00222774082795
27 64 0 8 0.00221867812797
51 58 0 8 0.00221133371815
45 56 0 8 0.00221093092114
30 36 0 8 0.00220806407742
16 56 0 8 0.00220324518159
35 41 0 8 0.00220250221901
23 45 0 8 0.00220049731433
23 59 0 8 0.00220038625412
8 13 0 8 0.00217309501022
10 61 0 8 0.00216876994818
27 55 0 8 0.00216198968701
6 20 0 8 0.0021585051436
13 31 0 8 0.00215283827856
11 31 0 8 0.00215071090497
26 44 0 8 0.00214677164331
6 11 0 8 0.00214675208554
6 19 0 8 0.00214171921834
31 64 0 8 0.00213714223355
47 60 0 8 0.00213297805749
46 63 0 8 0.00212449021637
21 40 0 8 0.002115260344
26 43 0 8 0.0021084214095
17 28 0 8 0.00210625026375
28 41 0 8 0.00210182904266
15 54 0 8 0.00209755310789
7 23 0 8 0.00207253801636
25 53 0 8 0.00206874962896
27 56 0 8 0.00206173001789
26 53 0 8 0.00205778842792
21 60 0 8 0.00204895064235
30 39 0 8 0.00202463869937
30 42 0 8 0.00201286631636
10 26 0 8 0.00199113902636
34 54 0 8 0.00198988593183
19 43 0 8 0.00198925030418
29 41 0 8 0.00198444444686
45 63 0 8 0.00197612959892
26 61 0 8 0.00197575730272
20 54 0 8 0.00196883222088
36 61 0 8 0.00196753395721
56 63 0 8 0.00196540029719
35 56 0 8 0.001951394137
30 43 0 8 0.00195125944447
29 64 0 8 0.00194370583631
7 22 0 8 0.00193182600196
36 50 0 8 0.00192763074301
36 59 0 8 0.00192561629228
15 29 0 8 0.00192249380052
38 65 0 8 0.00192223477643
21 41 0 8 0.0019210834289
6 17 0 8 0.00191793264821
28 42 0 8 0.00191412179265
26 45 0 8 0.00191366730724
23 42 0 8 0.00189996138215
18 33 0 8 0.0018888238119
4 13 0 8 0.00188441690989
15 32 0 8 0.00188242958393
18 51 0 8 0.00188084808178
27 38 0 8 0.00186181056779
28 38 0 8 0.0018557831645
15 31 0 8 0.00184976635501
15 47 0 8 0.001848035492
43 56 0 8 0.00184452044778
15 30 0 8 0.00184415350668
43 55 0 8 0.00184073613491
29 44 0 8 0.0018399504479
18 65 0 8 0.00183039112017
23 67 0 8 0.00182303984184
23 68 0 8 0.00181468739174
43 60 0 8 0.00180679268669
55 65 0 8 0.00178386562038
7 20 0 8 0.00178169843275
5 26 0 8 0.00176271109376
21 53 0 8 0.00175800686702
33 37 0 8 0.00175271788612
3 16 0 8 0.00175091915298
23 51 0 8 0.00174006901216
39 60 0 8 0.00173685827758
38 61 0 8 0.0017167837359
40 58 0 8 0.00170969264582
20 51 0 8 0.00170838134363
40 61 0 8 0.00169126118999
15 55 0 8 0.0016907074023
23 39 0 8 0.0016862481134
35 60 0 8 0.00168414390646
45 53 0 8 0.00168389372993
19 48 0 8 0.00168280967046
49 66 0 8 0.00168226566166
23 47 0 8 0.00168036087416
24 41 0 8 0.00167750043329
34 58 0 8 0.00167268724181
19 55 0 8 0.00166931527201
16 30 0 8 0.00166818650905
26 56 0 8 0.00164940289687
21 51 0 8 0.00164336711168
5 20 0 8 0.00163419253659
5 21 0 8 0.00163322663866
16 25 0 8 0.001632396481
9 22 0 8 0.00163066911045
26 51 0 8 0.00163011648692
57 63 0 8 0.00162372598425
19 33 0 8 0.00162274914328
23 50 0 8 0.0016209948808
24 40 0 8 0.00161684083287
25 40 0 8 0.00161522673443
22 61 0 8 0.00159632100258
26 38 0 8 0.0015953052789
42 52 0 8 0.00159123574849
26 57 0 8 0.00158641976304
19 65 0 8 0.00158460135572
16 27 0 8 0.00157993170433
27 60 0 8 0.00157815078273
18 48 0 8 0.00157245399896
13 57 0 8 0.0015571831027
35 53 0 8 0.00155209610239
31 56 0 8 0.00155046675354
3 12 0 8 0.00154781609308
11 23 0 8 0.0015449601924
15 58 0 8 0.0015382298734
11 56 0 8 0.00153113435954
10 53 0 8 0.00152980152052
49 59 0 8 0.00152947020251
19 53 0 8 0.00152275431901
55 60 0 8 0.00152164557949
15 60 0 8 0.00151739374269
41 59 0 8 0.00150390225463
53 67 0 8 0.00150091212709
7 13 0 8 0.00149735971354
26 55 0 8 0.00148901960347
20 28 0 8 0.00148721772712
26 64 0 8 0.00148520886432
16 53 0 8 0.00148172595073
18 57 0 8 0.00146852387115
22 57 0 8 0.00146752491128
46 64 0 8 0.00145880621858
19 45 0 8 0.00145790074021
16 57 0 8 0.00144494557753
43 61 0 8 0.00143896206282
20 31 0 8 0.0014318744652
38 58 0 8 0.00140610791277
32 39 0 8 0.00140491651837
7 57 0 8 0.00140339951031
28 43 0 8 0.00139878538903
15 23 0 8 0.00139851437416
23 55 0 8 0.0013970740838
40 60 0 8 0.00139502924867
36 56 0 8 0.0013802323956
7 53 0 8 0.00137981376611
43 57 0 8 0.00137767556589
18 28 0 8 0.00137743016239
4 16 0 8 0.00137695216108
28 40 0 8 0.00136795162689
53 66 0 8 0.00135837320704
52 59 0 8 0.00135253067128
44 57 0 8 0.00134404923301
19 29 0 8 0.00133910577279
42 56 0 8 0.00133656372782
39 52 0 8 0.00133386207744
20 57 0 8 0.00132406433113
37 56 0 8 0.00131213013083
40 59 0 8 0.0013010664843
54 67 0 8 0.00129969918635
51 68 0 8 0.00129612232558
19 52 0 8 0.00129130692221
23 48 0 8 0.00128344784025
44 52 0 8 0.00128208124079
19 58 0 8 0.0012800967088
16 33 0 8 0.00127731193788
45 51 0 8 0.00127620296553
5 11 0 8 0.00127456116024
13 33 0 8 0.00127366674133
48 64 0 8 0.00127168314066
19 49 0 8 0.00126386375632
22 53 0 8 0.00125984661281
34 53 0 8 0.00125614530407
37 52 0 8 0.00125467882026
40 56 0 8 0.00125093001407
18 47 0 8 0.00124808866531
19 36 0 8 0.00124546000734
18 29 0 8 0.00124454859179
55 63 0 8 0.00123604817782
11 53 0 8 0.00123529077973
47 62 0 8 0.00122782308608
29 40 0 8 0.00122325774282
31 36 0 8 0.00121727515943
22 40 0 8 0.00121221714653
7 19 0 8 0.00120439776219
19 60 0 8 0.00120266037993
25 41 0 8 0.00119591702241
29 43 0 8 0.00119457021356
47 61 0 8 0.00119386205915
31 44 0 8 0.00119286519475
20 47 0 8 0.00119048415218
17 23 0 8 0.00119035888929
9 14 0 8 0.00118333951104
51 66 0 8 0.00117710907944
18 53 0 8 0.00117236562073
37 54 0 8 0.00116174237337
18 60 0 8 0.00114924472291
11 60 0 8 0.00114782957826
7 12 0 8 0.00113875803072
26 47 0 8 0.00113527150825
24 53 0 8 0.00113203458022
41 60 0 8 0.00112517480738
29 42 0 8 0.00112464756239
20 29 0 8 0.00112298771273
5 22 0 8 0.00112065160647
11 57 0 8 0.00112025300041
15 61 0 8 0.00111353350803
23 49 0 8 0.00109765818343
13 29 0 8 0.00108676042873
15 33 0 8 0.00108592223842
30 41 0 8 0.00108309229836
5 15 0 8 0.00107905978803
29 37 0 8 0.00107190897688
39 47 0 8 0.00107125006616
12 27 0 8 0.00106925063301
13 53 0 8 0.00106548075564
45 64 0 8 0.00106304790825
38 55 0 8 0.00106184696779
22 60 0 8 0.00104946352076
22 41 0 8 0.00104734266642
44 50 0 8 0.00104700098746
57 64 0 8 0.00103835994378
56 62 0 8 0.00103679427411
15 56 0 8 0.00103613745887
14 27 0 8 0.00102749653161
20 27 0 8 0.00102673319634
39 56 0 8 0.0010228806641
23 57 0 8 0.00102139706723
39 50 0 8 0.0010148769943
7 18 0 8 0.000996490009129
38 52 0 8 0.000993352383375
23 53 0 8 0.000990608823486
36 60 0 8 0.000984919141047
23 43 0 8 0.000982587225735
4 15 0 8 0.000957063224632
29 38 0 8 0.000943068705965
9 18 0 8 0.000922011502553
7 17 0 8 0.000921926286537
6 14 0 8 0.000921451195609
41 46 0 8 0.000917997211218
43 48 0 8 0.000915642536711
6 16 0 8 0.000909883121494
11 26 0 8 0.000905842171051
15 57 0 8 0.000902487081476
38 49 0 8 0.000897210265975
27 43 0 8 0.000894300756045
54 61 0 8 0.000892812851816
51 67 0 8 0.000888266484253
36 54 0 8 0.000878411403392
46 65 0 8 0.000870452437084
20 26 0 8 0.000866198039148
19 47 0 8 0.000863718916662
22 65 0 8 0.000860935484525
43 49 0 8 0.000858913292177
34 41 0 8 0.000856595754158
40 57 0 8 0.000853056204505
26 41 0 8 0.000847412738949
8 19 0 8 0.000841575907543
52 65 0 8 0.000840791210067
15 53 0 8 0.000839917978738
47 64 0 8 0.000829847704154
37 49 0 8 0.00082816707436
19 28 0 8 0.0008194790571
31 38 0 8 0.000816674262751
38 60 0 8 0.000815284787677
26 65 0 8 0.00080585438991
40 55 0 8 0.000787079217844
35 40 0 8 0.000781540351454
31 39 0 8 0.000778269546572
41 48 0 8 0.000775763881393
44 53 0 8 0.000771167164203
23 60 0 8 0.000764499942306
55 64 0 8 0.000759281567298
34 56 0 8 0.000757037196308
35 57 0 8 0.000756997149438
49 60 0 8 0.000755087123252
51 57 0 8 0.000753279950004
30 40 0 8 0.000748665130232
39 57 0 8 0.000745518656913
19 51 0 8 0.000743876851629
34 39 0 8 0.000740232178941
41 57 0 8 0.000737228314392
32 38 0 8 0.000733707100153
43 52 0 8 0.000731404754333
48 63 0 8 0.000730696599931
31 42 0 8 0.000730386702344
36 55 0 8 0.000727802398615
55 62 0 8 0.000727555830963
23 40 0 8 0.000725014368072
48 62 0 8 0.000724291312508
48 65 0 8 0.00072172889486
27 40 0 8 0.000720770680346
9 15 0 8 0.000714515743311
17 29 0 8 0.000707255967427
39 48 0 8 0.000687455292791
19 31 0 8 0.000684629543684
43 53 0 8 0.000677029369399
5 19 0 8 0.000671527406666
23 41 0 8 0.000670222740155
38 50 0 8 0.000666324049234
42 48 0 8 0.000666138366796
12 26 0 8 0.000664495746605
26 40 0 8 0.000659536686726
22 51 0 8 0.000657550583128
41 56 0 8 0.000656852498651
31 43 0 8 0.000656761112623
42 54 0 8 0.000652958697174
13 26 0 8 0.000649289984722
47 63 0 8 0.000645540014375
32 42 0 8 0.000644014216959
20 53 0 8 0.000643021892756
18 24 0 8 0.000634825672023
8 16 0 8 0.00062878098106
5 17 0 8 0.000627782836091
36 53 0 8 0.000610222923569
34 60 0 8 0.00060616992414
4 12 0 8 0.000606066489127
33 42 0 8 0.000603227410465
5 16 0 8 0.0005985001917
41 55 0 8 0.000595870544203
43 51 0 8 0.000594418728724
6 13 0 8 0.000593423086684
39 54 0 8 0.000588533061091
44 49 0 8 0.000588034337852
40 49 0 8 0.000582992506679
16 28 0 8 0.000577599101234
41 54 0 8 0.000575241341721
52 62 0 8 0.000568792165723
31 60 0 8 0.000567757932004
37 57 0 8 0.000565205642488
7 14 0 8 0.000562282337341
5 14 0 8 0.000560908578336
15 25 0 8 0.000558852916583
19 27 0 8 0.00054357224144
40 50 0 8 0.000542670954019
52 64 0 8 0.000538886000868
33 39 0 8 0.000538631051313
5 13 0 8 0.000533989281394
38 56 0 8 0.000532627454959
34 40 0 8 0.000531164987478
15 28 0 8 0.000526540563442
50 65 0 8 0.00052391475765
18 27 0 8 0.000519179913681
50 64 0 8 0.000517408305313
41 52 0 8 0.000516201194841
16 31 0 8 0.000513758859597
17 30 0 8 0.000494791136589
49 63 0 8 0.000491980928928
14 26 0 8 0.000489028985612
44 51 0 8 0.000488723802846
41 51 0 8 0.000487655343022
38 51 0 8 0.000487586075906
5 18 0 8 0.000484144780785
19 26 0 8 0.000483909709146
6 18 0 8 0.000481031456729
48 61 0 8 0.000471776846098
5 12 0 8 0.000468397280201
40 48 0 8 0.000455294211861
18 31 0 8 0.000451332161902
42 47 0 8 0.000443916738732
52 63 0 8 0.00044183479622
6 12 0 8 0.000440332485596
47 65 0 8 0.000432642002124
16 26 0 8 0.000430614949437
53 62 0 8 0.000429500883911
50 60 0 8 0.000423545250669
42 57 0 8 0.000419305375544
48 60 0 8 0.000416831317125
17 27 0 8 0.000410808599554
53 59 0 8 0.000407104438636
18 26 0 8 0.000406244769692
50 61 0 8 0.000404488819186
39 49 0 8 0.000390734407119
9 16 0 8 0.000387648498872
40 52 0 8 0.000383123202482
37 51 0 8 0.000377509772079
40 47 0 8 0.000376368698198
54 62 0 8 0.000370711408323
49 65 0 8 0.000362541846698
36 57 0 8 0.000362112856237
40 51 0 8 0.000355710828444
41 49 0 8 0.000351778173354
49 64 0 8 0.000350042566424
52 60 0 8 0.00034811871592
33 41 0 8 0.000347522844095
16 29 0 8 0.000345913111232
53 61 0 8 0.000330430135364
40 54 0 8 0.000316977704642
31 41 0 8 0.000315610464895
50 63 0 8 0.000308304559439
19 25 0 8 0.000300412357319
33 38 0 8 0.000298196624499
39 53 0 8 0.000297795719234
52 61 0 8 0.000297639606288
38 54 0 8 0.000290664203931
38 57 0 8 0.000287186005153
53 64 0 8 0.000285908026854
49 61 0 8 0.000284780922811
31 40 0 8 0.000282352353679
54 65 0 8 0.00027923489688
43 50 0 8 0.000274624297163
8 15 0 8 0.000260754371993
50 62 0 8 0.000260628614342
51 59 0 8 0.000259188382188
33 40 0 8 0.00025866748183
54 64 0 8 0.000257648760453
41 53 0 8 0.000257612642599
17 26 0 8 0.000255166203715
54 63 0 8 0.000253551086644
41 47 0 8 0.000251802062849
32 41 0 8 0.000235926068854
42 50 0 8 0.000233682207181
42 51 0 8 0.000231609999901
40 53 0 8 0.000222251008381
7 16 0 8 0.000217478256673
42 49 0 8 0.000213438543142
39 51 0 8 0.00021075863333
55 61 0 8 0.00019268131291
32 40 0 8 0.000190554084838
54 60 0 8 0.000179906506673
51 65 0 8 0.000179562208359
53 63 0 8 0.00017903650587
15 27 0 8 0.000173049906152
49 62 0 8 0.00017199627473
41 50 0 8 0.000167028381838
53 65 0 8 0.00016396047431
42 53 0 8 0.000163319811691
15 26 0 8 0.000159996576258
53 60 0 8 0.000147914601257
6 15 0 8 0.000147822676809
37 53 0 8 0.000146486592712
38 53 0 8 0.000145578145748
7 15 0 8 0.000137608702062
51 63 0 8 0.000131874883664
51 64 0 8 7.61260671425e-05
51 62 0 8 6.10207789578e-05
51 60 0 8 4.95129352203e-05
51 61 0 8 4.64660661237e-05
