68 69 0 8 0.999999165535
73 74 0 8 0.999999046326
71 72 0 8 0.999998927116
10 11 0 8 0.999998748302
7 8 0 8 0.999998748302
6 7 0 8 0.999998211861
69 70 0 8 0.999997913837
8 9 0 8 0.999997675419
67 68 0 8 0.999997675419
1 2 0 8 0.999996602535
18 19 0 8 0.999996185303
65 66 0 8 0.999995529652
66 67 0 8 0.999995112419
72 73 0 8 0.999995052814
70 71 0 8 0.999994695187
20 21 0 8 0.999992191792
11 12 0 8 0.999990582466
38 39 0 8 0.999989926815
23 24 0 8 0.999989271164
16 17 0 8 0.999988675117
14 15 0 8 0.999988615513
12 13 0 8 0.999988377094
27 28 0 8 0.999988138676
2 3 0 8 0.999987721443
3 4 0 8 0.999987602234
17 18 0 8 0.999987125397
56 57 0 8 0.999987065792
9 10 0 8 0.99998575449
39 40 0 8 0.999985456467
44 45 0 8 0.999984562397
19 20 0 8 0.99998241663
13 14 0 8 0.999979376793
37 38 0 8 0.999978601933
5 6 0 8 0.999975085258
26 27 0 8 0.999972462654
34 35 0 8 0.999971926212
80 81 0 8 0.999971151352
21 22 0 8 0.999969601631
42 43 0 8 0.999968588352
54 55 0 8 0.999967157841
64 65 0 8 0.999965012074
77 78 0 8 0.999961912632
51 52 0 8 0.999961316586
78 79 0 8 0.999955713749
52 53 0 8 0.999950289726
15 16 0 8 0.999949216843
75 76 0 8 0.999948561192
40 41 0 8 0.999947607517
28 29 0 8 0.999947428703
43 44 0 8 0.99994635582
45 46 0 8 0.999940812588
63 64 0 8 0.999937057495
74 75 0 8 0.999937057495
22 23 0 8 0.9999345541
41 42 0 8 0.999933481216
50 51 0 8 0.999928414822
49 50 0 8 0.999925673008
53 54 0 8 0.999924600124
4 5 0 8 0.999922096729
31 32 0 8 0.999900698662
57 58 0 8 0.999899566174
48 49 0 8 0.999896109104
24 25 0 8 0.999885797501
55 56 0 8 0.999872803688
46 47 0 8 0.999867796898
29 30 0 8 0.999864935875
36 37 0 8 0.999860823154
35 36 0 8 0.999828696251
58 59 0 8 0.999799609184
32 33 0 8 0.999788761139
47 48 0 8 0.99978518486
59 60 0 8 0.999767482281
79 80 0 8 0.999767243862
25 26 0 8 0.999764204025
76 77 0 8 0.999699354172
33 34 0 8 0.999685168266
60 61 0 8 0.999663770199
62 63 0 8 0.999553859234
30 31 0 8 0.999464571476
61 62 0 8 0.999207139015
6 8 0 8 0.99912917614
70 72 0 8 0.997559130192
69 71 0 8 0.997202813625
9 11 0 8 0.996889591217
7 9 0 8 0.996146440506
7 10 0 8 0.995149850845
70 73 0 8 0.995132386684
69 72 0 8 0.995101988316
68 70 0 8 0.994339883327
8 10 0 8 0.993475019932
8 11 0 8 0.993182301521
66 69 0 8 0.993103146553
10 12 0 8 0.992937624454
9 12 0 8 0.991662740707
72 74 0 8 0.991583883762
67 69 0 8 0.98940217495
73 76 0 8 0.988706290722
6 9 0 8 0.988358557224
71 73 0 8 0.987475037575
66 68 0 8 0.987422049046
68 71 0 8 0.986341953278
67 70 0 8 0.986162602901
73 75 0 8 0.986044108868
6 10 0 8 0.982949495316
10 13 0 8 0.982770383358
69 73 0 8 0.978562712669
7 11 0 8 0.977330029011
71 74 0 8 0.974166512489
72 75 0 8 0.972479820251
5 10 0 8 0.97121578455
53 55 0 8 0.963603496552
66 70 0 8 0.962394893169
11 13 0 8 0.961357474327
21 30 0 8 0.959841430187
8 12 0 8 0.957497775555
45 48 0 8 0.956093668938
72 76 0 8 0.952117502689
55 57 0 8 0.948555409908
53 56 0 8 0.946445763111
44 46 0 8 0.945905566216
68 72 0 8 0.943332016468
26 28 0 8 0.938691854477
18 31 0 8 0.938307344913
56 58 0 8 0.930050969124
22 27 0 8 0.929470539093
65 69 0 8 0.927998006344
54 56 0 8 0.926831662655
21 23 0 8 0.926089763641
74 76 0 8 0.92412430048
45 47 0 8 0.923345267773
19 34 0 8 0.921152770519
5 20 0 8 0.919220149517
43 45 0 8 0.915749490261
54 57 0 8 0.91570854187
19 21 0 8 0.91558521986
49 51 0 8 0.914691448212
21 27 0 8 0.91303563118
5 9 0 8 0.911501169205
19 48 0 8 0.910965621471
19 31 0 8 0.909369885921
70 74 0 8 0.908411860466
16 18 0 8 0.906141877174
19 30 0 8 0.904904901981
9 13 0 8 0.904046356678
20 28 0 8 0.902115523815
40 42 0 8 0.901068806648
55 58 0 8 0.900703370571
15 17 0 8 0.8986338377
15 18 0 8 0.898248553276
67 71 0 8 0.897596657276
31 33 0 8 0.892988085747
61 63 0 8 0.887677490711
76 78 0 8 0.880051851273
44 48 0 8 0.877357244492
10 27 0 8 0.87667542696
34 37 0 8 0.875291883945
37 39 0 8 0.870102226734
2 4 0 8 0.863655567169
10 22 0 8 0.863634288311
24 26 0 8 0.860939919949
51 53 0 8 0.855795323849
5 27 0 8 0.852236151695
52 56 0 8 0.850767195225
40 43 0 8 0.848485827446
21 28 0 8 0.847020626068
18 20 0 8 0.844216108322
29 31 0 8 0.844019591808
23 28 0 8 0.844000399113
20 29 0 8 0.842659711838
42 44 0 8 0.841603636742
57 59 0 8 0.840923786163
23 26 0 8 0.840208232403
44 47 0 8 0.837136983871
73 77 0 8 0.829116523266
32 34 0 8 0.829006910324
71 75 0 8 0.82659059763
13 18 0 8 0.825829803944
35 37 0 8 0.824046134949
11 14 0 8 0.822033584118
63 65 0 8 0.821008503437
20 27 0 8 0.819249987602
43 46 0 8 0.815686523914
53 57 0 8 0.814852535725
12 14 0 8 0.814744055271
41 43 0 8 0.809891819954
79 81 0 8 0.805694878101
1 3 0 8 0.8043577075
46 48 0 8 0.804269492626
17 31 0 8 0.801443099976
3 5 0 8 0.801377415657
13 15 0 8 0.801221072674
56 59 0 8 0.801018357277
20 22 0 8 0.79946231842
54 58 0 8 0.799293279648
13 20 0 8 0.796018540859
58 60 0 8 0.795268654823
38 40 0 8 0.793885588646
7 22 0 8 0.785795390606
77 79 0 8 0.783089220524
26 77 0 8 0.781541824341
52 55 0 8 0.780927598476
33 35 0 8 0.774240970612
4 6 0 8 0.768692076206
27 29 0 8 0.768361568451
23 52 0 8 0.761145949364
62 64 0 8 0.761087119579
47 49 0 8 0.760207474232
21 52 0 8 0.759581446648
74 77 0 8 0.757846355438
42 46 0 8 0.752492725849
75 77 0 8 0.745329380035
14 16 0 8 0.742251932621
64 66 0 8 0.73979061842
60 62 0 8 0.737353980541
34 36 0 8 0.735668778419
36 38 0 8 0.73505628109
59 61 0 8 0.730150043964
77 80 0 8 0.72943174839
23 25 0 8 0.729010403156
22 24 0 8 0.727927923203
39 41 0 8 0.727524399757
28 30 0 8 0.725904524326
78 80 0 8 0.718650281429
10 14 0 8 0.717819273472
43 47 0 8 0.7165376544
24 57 0 8 0.713611066341
22 28 0 8 0.708362579346
42 45 0 8 0.698158621788
22 26 0 8 0.691835463047
65 70 0 8 0.690218031406
18 29 0 8 0.68088811636
5 28 0 8 0.676722168922
33 37 0 8 0.672118008137
33 36 0 8 0.667115569115
17 19 0 8 0.663304388523
23 56 0 8 0.662074446678
46 49 0 8 0.66104310751
21 29 0 8 0.660067915916
50 52 0 8 0.651095271111
55 59 0 8 0.649062931538
20 78 0 8 0.647256970406
41 45 0 8 0.646527051926
45 49 0 8 0.640523850918
47 55 0 8 0.637059986591
52 54 0 8 0.625935912132
20 30 0 8 0.623717546463
19 44 0 8 0.617008209229
24 53 0 8 0.612549483776
30 32 0 8 0.607346057892
65 67 0 8 0.60141068697
26 80 0 8 0.584922671318
39 43 0 8 0.583636522293
32 35 0 8 0.579803943634
73 78 0 8 0.578744649887
40 44 0 8 0.571187138557
37 40 0 8 0.568982541561
48 50 0 8 0.566953659058
19 29 0 8 0.56652289629
22 25 0 8 0.565125823021
60 65 0 8 0.555578708649
33 72 0 8 0.549330115318
39 42 0 8 0.533199965954
5 7 0 8 0.523209869862
47 52 0 8 0.522976994514
41 44 0 8 0.521866977215
22 49 0 8 0.521217167377
5 79 0 8 0.492410868406
20 48 0 8 0.492318958044
21 44 0 8 0.475903838873
28 73 0 8 0.469706445932
14 18 0 8 0.461904406548
31 34 0 8 0.458934813738
59 65 0 8 0.45278647542
21 47 0 8 0.445939034224
14 48 0 8 0.442258030176
6 27 0 8 0.414394915104
56 70 0 8 0.4108966887
60 63 0 8 0.397333592176
22 81 0 8 0.396561473608
34 45 0 8 0.393438160419
30 44 0 8 0.391481041908
56 60 0 8 0.381372660398
25 27 0 8 0.378615707159
22 51 0 8 0.377371877432
56 65 0 8 0.360727578402
23 73 0 8 0.359028398991
45 50 0 8 0.350393354893
33 38 0 8 0.344488054514
34 44 0 8 0.344136595726
10 48 0 8 0.343938589096
34 38 0 8 0.342160761356
15 19 0 8 0.338112711906
10 81 0 8 0.335324674845
30 34 0 8 0.334296196699
18 30 0 8 0.334093272686
23 27 0 8 0.32774156332
4 80 0 8 0.326939374208
11 15 0 8 0.326036602259
49 52 0 8 0.32387816906
51 55 0 8 0.313888847828
16 19 0 8 0.306017965078
27 79 0 8 0.301827043295
34 43 0 8 0.301689177752
46 50 0 8 0.296554505825
35 41 0 8 0.29375270009
57 60 0 8 0.293194591999
18 32 0 8 0.290062814951
20 44 0 8 0.286953449249
43 55 0 8 0.281566530466
20 31 0 8 0.280499756336
16 41 0 8 0.273529142141
56 64 0 8 0.270749300718
16 34 0 8 0.268733263016
61 64 0 8 0.264605432749
22 52 0 8 0.263983756304
60 64 0 8 0.259053468704
13 19 0 8 0.258092314005
28 79 0 8 0.247390732169
73 79 0 8 0.246217429638
48 52 0 8 0.242713838816
74 78 0 8 0.240777552128
2 77 0 8 0.238391041756
30 33 0 8 0.237894207239
33 43 0 8 0.237404599786
47 50 0 8 0.235419735312
9 27 0 8 0.233893066645
19 47 0 8 0.232850909233
27 48 0 8 0.231716156006
24 70 0 8 0.230727642775
21 48 0 8 0.230034038424
27 78 0 8 0.229945465922
34 40 0 8 0.228863239288
20 79 0 8 0.223140031099
56 63 0 8 0.222320541739
27 81 0 8 0.22161822021
76 79 0 8 0.221381291747
51 56 0 8 0.220014676452
78 81 0 8 0.219165414572
59 63 0 8 0.218204006553
35 38 0 8 0.210411325097
60 69 0 8 0.204998135567
62 65 0 8 0.204975366592
42 55 0 8 0.202163025737
45 51 0 8 0.201796680689
37 42 0 8 0.201279759407
63 66 0 8 0.199065640569
59 64 0 8 0.198988780379
22 29 0 8 0.198760837317
14 49 0 8 0.198204919696
56 69 0 8 0.192692250013
5 13 0 8 0.190788194537
37 43 0 8 0.190446853638
33 40 0 8 0.189995959401
58 61 0 8 0.186104550958
51 54 0 8 0.185728207231
18 33 0 8 0.18520770967
59 62 0 8 0.184624224901
45 52 0 8 0.18294249475
28 33 0 8 0.182536333799
57 65 0 8 0.182090699673
44 49 0 8 0.175885617733
10 20 0 8 0.173037454486
61 65 0 8 0.171577140689
42 61 0 8 0.170203700662
10 15 0 8 0.169086113572
56 61 0 8 0.167996644974
37 44 0 8 0.167881384492
38 42 0 8 0.16699641943
29 33 0 8 0.166976645589
58 65 0 8 0.164362296462
38 43 0 8 0.164110615849
10 19 0 8 0.163510382175
44 52 0 8 0.162791982293
2 80 0 8 0.160973891616
36 41 0 8 0.15719859302
5 78 0 8 0.156372889876
34 39 0 8 0.15633007884
38 41 0 8 0.155000016093
43 52 0 8 0.154483988881
27 49 0 8 0.153533607721
57 63 0 8 0.152070119977
32 36 0 8 0.151615172625
16 35 0 8 0.149922117591
55 65 0 8 0.149743407965
56 62 0 8 0.148743212223
31 37 0 8 0.145406126976
30 73 0 8 0.145018145442
57 61 0 8 0.144767209888
7 25 0 8 0.144540011883
49 53 0 8 0.144024446607
13 48 0 8 0.143174394965
5 22 0 8 0.142864137888
51 65 0 8 0.142780616879
28 37 0 8 0.141912132502
33 44 0 8 0.139317527413
46 69 0 8 0.138634026051
5 48 0 8 0.138017952442
10 49 0 8 0.137187495828
52 69 0 8 0.136993989348
45 56 0 8 0.135133773088
10 16 0 8 0.134465575218
60 66 0 8 0.134287387133
20 56 0 8 0.13414812088
57 70 0 8 0.131835594773
33 42 0 8 0.13170491159
29 37 0 8 0.130044505
74 80 0 8 0.129550814629
11 16 0 8 0.128466367722
28 56 0 8 0.128253787756
29 44 0 8 0.127248644829
64 69 0 8 0.127108573914
55 60 0 8 0.126914307475
7 47 0 8 0.125099599361
39 44 0 8 0.124766923487
56 66 0 8 0.12445218116
29 43 0 8 0.124431855977
43 61 0 8 0.124002866447
22 48 0 8 0.123495236039
22 43 0 8 0.12159447372
24 27 0 8 0.121552787721
55 66 0 8 0.120480194688
14 17 0 8 0.119698375463
2 5 0 8 0.119494043291
48 51 0 8 0.119442388415
58 62 0 8 0.119173638523
58 64 0 8 0.118848524988
43 48 0 8 0.118806779385
56 72 0 8 0.117712385952
33 39 0 8 0.117605552077
51 69 0 8 0.116670958698
14 19 0 8 0.11654663831
14 20 0 8 0.116147167981
34 41 0 8 0.116038218141
30 37 0 8 0.11600266397
19 32 0 8 0.115111097693
19 45 0 8 0.115004844964
35 42 0 8 0.114906065166
27 43 0 8 0.114021383226
5 29 0 8 0.113688133657
28 38 0 8 0.113486915827
5 45 0 8 0.113433279097
53 65 0 8 0.112794354558
29 48 0 8 0.112545028329
37 41 0 8 0.112353026867
28 76 0 8 0.111152350903
33 46 0 8 0.110960125923
36 42 0 8 0.110055185854
33 52 0 8 0.108010135591
30 52 0 8 0.107882902026
27 30 0 8 0.107366554439
29 32 0 8 0.106636680663
19 33 0 8 0.105005562305
40 45 0 8 0.10488320142
62 66 0 8 0.104634180665
44 51 0 8 0.103947542608
5 26 0 8 0.102872788906
52 65 0 8 0.102432452142
36 43 0 8 0.102276481688
33 65 0 8 0.102163083851
27 44 0 8 0.10196557641
44 56 0 8 0.101955667138
30 48 0 8 0.100788980722
28 49 0 8 0.100345820189
33 76 0 8 0.10009496659
45 53 0 8 0.0990837961435
21 79 0 8 0.0981039628386
38 44 0 8 0.0968921631575
46 56 0 8 0.0965208411217
46 51 0 8 0.0961689278483
65 68 0 8 0.0956717804074
29 51 0 8 0.095587939024
35 40 0 8 0.0952868461609
11 49 0 8 0.0947006940842
30 43 0 8 0.094202414155
52 57 0 8 0.0941568091512
58 63 0 8 0.0938134714961
47 68 0 8 0.0936601534486
22 78 0 8 0.0932298079133
65 73 0 8 0.0928691774607
22 79 0 8 0.092687740922
22 76 0 8 0.0922006890178
21 46 0 8 0.0920975729823
36 76 0 8 0.0917799919844
50 53 0 8 0.0909299328923
29 56 0 8 0.0902603343129
10 78 0 8 0.0898767113686
5 81 0 8 0.0895715206861
74 79 0 8 0.0892351493239
5 21 0 8 0.0885182023048
33 45 0 8 0.0879382416606
21 77 0 8 0.0874295607209
7 27 0 8 0.0864047035575
5 46 0 8 0.086082726717
36 40 0 8 0.0857890695333
22 53 0 8 0.0857011303306
40 59 0 8 0.0856077894568
4 21 0 8 0.085064060986
48 53 0 8 0.0848304182291
27 65 0 8 0.084508523345
21 78 0 8 0.0840110182762
28 39 0 8 0.0835236087441
20 33 0 8 0.0831044092774
40 65 0 8 0.0828481018543
31 35 0 8 0.0826942697167
34 42 0 8 0.0826934576035
53 66 0 8 0.0820624008775
51 72 0 8 0.0818299055099
30 51 0 8 0.0813544839621
1 4 0 8 0.0812752768397
30 45 0 8 0.0812626034021
13 29 0 8 0.0811257883906
21 73 0 8 0.0808239802718
29 34 0 8 0.0805447250605
50 54 0 8 0.0803286507726
58 69 0 8 0.0801244527102
57 62 0 8 0.0800681114197
23 49 0 8 0.0798701196909
28 77 0 8 0.0796890258789
24 76 0 8 0.079074293375
5 77 0 8 0.0785844922066
42 56 0 8 0.078577503562
30 49 0 8 0.0785445049405
28 43 0 8 0.0779935643077
35 39 0 8 0.0779656544328
29 39 0 8 0.0775745511055
47 76 0 8 0.0771723017097
77 81 0 8 0.0770787671208
29 45 0 8 0.0768682584167
59 66 0 8 0.0768378973007
57 69 0 8 0.0768207535148
29 50 0 8 0.0764464065433
30 47 0 8 0.0763630270958
31 38 0 8 0.0763557776809
72 78 0 8 0.0762640684843
43 76 0 8 0.0762285888195
30 40 0 8 0.0761146992445
5 76 0 8 0.0758867487311
19 81 0 8 0.0754716098309
21 72 0 8 0.0750928521156
57 66 0 8 0.0748891159892
29 40 0 8 0.0746915712953
22 50 0 8 0.0746788680553
16 45 0 8 0.0744894221425
56 73 0 8 0.0740745440125
37 65 0 8 0.0739484354854
31 49 0 8 0.073896445334
55 73 0 8 0.073800355196
21 43 0 8 0.0736596882343
58 66 0 8 0.0734627246857
76 80 0 8 0.0733006298542
55 64 0 8 0.0732334107161
7 49 0 8 0.0729249641299
43 72 0 8 0.0728497952223
17 32 0 8 0.0727687701583
31 40 0 8 0.0723770260811
40 63 0 8 0.0723003894091
23 76 0 8 0.0722090676427
30 53 0 8 0.0720475614071
2 24 0 8 0.0717943757772
47 72 0 8 0.0716639384627
27 31 0 8 0.0713215917349
40 79 0 8 0.0713077634573
14 50 0 8 0.0712361931801
47 61 0 8 0.0712310224771
9 76 0 8 0.071126639843
61 66 0 8 0.0706045031548
27 39 0 8 0.0704669356346
23 48 0 8 0.0703179091215
31 39 0 8 0.0701272264123
54 59 0 8 0.0699336230755
44 78 0 8 0.0697098448873
20 81 0 8 0.0697073340416
49 79 0 8 0.0696048811078
33 63 0 8 0.0687919780612
29 38 0 8 0.0686495155096
4 22 0 8 0.0685926228762
47 73 0 8 0.0685686096549
53 58 0 8 0.0673752054572
48 56 0 8 0.0672968551517
55 69 0 8 0.0670781508088
44 55 0 8 0.0660069361329
21 69 0 8 0.0655761510134
5 72 0 8 0.0651843249798
17 33 0 8 0.0647664293647
32 37 0 8 0.0646822974086
18 81 0 8 0.0646603778005
15 20 0 8 0.0639254748821
22 65 0 8 0.0639142766595
51 76 0 8 0.0638599097729
31 43 0 8 0.0638430640101
36 39 0 8 0.0637970417738
12 15 0 8 0.0634682476521
31 45 0 8 0.0633369460702
13 16 0 8 0.0625342726707
23 55 0 8 0.062514193356
20 76 0 8 0.0621994808316
28 52 0 8 0.0620676651597
55 62 0 8 0.061995934695
23 79 0 8 0.0618669055402
3 79 0 8 0.06067654863
4 81 0 8 0.0605813488364
10 18 0 8 0.0603877827525
72 77 0 8 0.0603121519089
6 39 0 8 0.0598217360675
27 76 0 8 0.0597468614578
33 55 0 8 0.0595833733678
5 49 0 8 0.0595522634685
22 73 0 8 0.0593727380037
52 64 0 8 0.059366427362
31 48 0 8 0.0593119077384
30 76 0 8 0.0588584281504
30 50 0 8 0.0588057115674
43 69 0 8 0.058726772666
27 52 0 8 0.058570895344
3 77 0 8 0.0585581697524
44 72 0 8 0.0583038218319
3 78 0 8 0.0581089369953
10 21 0 8 0.0580599829555
49 65 0 8 0.0580054409802
13 79 0 8 0.0578994490206
75 78 0 8 0.0576974600554
5 52 0 8 0.0575090795755
64 67 0 8 0.057106655091
7 76 0 8 0.0568449012935
27 33 0 8 0.056821923703
40 56 0 8 0.0565062388778
3 9 0 8 0.0563810020685
13 31 0 8 0.0563502125442
19 79 0 8 0.0561800636351
2 10 0 8 0.0559161677957
28 44 0 8 0.0556921698153
28 48 0 8 0.0556629113853
29 47 0 8 0.0555034279823
44 76 0 8 0.0554719381034
60 68 0 8 0.0549100264907
48 79 0 8 0.0547470226884
31 65 0 8 0.054655212909
44 53 0 8 0.0546054542065
31 44 0 8 0.0545006617904
7 16 0 8 0.0543212108314
3 80 0 8 0.0542849823833
7 43 0 8 0.054222997278
55 61 0 8 0.0541796796024
48 73 0 8 0.0541227124631
2 23 0 8 0.0541048236191
28 31 0 8 0.0538285151124
9 15 0 8 0.0536810457706
41 59 0 8 0.0534893274307
41 58 0 8 0.053476896137
29 65 0 8 0.0534169897437
23 53 0 8 0.053416877985
23 78 0 8 0.053335275501
43 78 0 8 0.0533264167607
75 79 0 8 0.05323183164
21 76 0 8 0.0531299710274
23 60 0 8 0.0531163103878
23 51 0 8 0.0529790706933
31 79 0 8 0.0528795979917
26 74 0 8 0.0528444685042
6 49 0 8 0.0528383217752
30 42 0 8 0.0527645014226
57 64 0 8 0.0526940561831
50 65 0 8 0.052466865629
63 69 0 8 0.0523939691484
30 69 0 8 0.0522628761828
31 51 0 8 0.0520038455725
7 41 0 8 0.0519523881376
26 39 0 8 0.0515030696988
22 44 0 8 0.0512766055763
4 20 0 8 0.0511801242828
47 69 0 8 0.0511535592377
27 56 0 8 0.05109795928
29 49 0 8 0.0506914108992
29 76 0 8 0.050626616925
28 34 0 8 0.0506084561348
24 79 0 8 0.050501011312
53 70 0 8 0.0504224710166
18 45 0 8 0.0499059781432
5 56 0 8 0.0497957356274
48 69 0 8 0.0497784465551
48 55 0 8 0.0495768226683
43 56 0 8 0.0495698787272
44 50 0 8 0.049517583102
25 51 0 8 0.0492934584618
25 80 0 8 0.0492860525846
24 49 0 8 0.0492783784866
3 28 0 8 0.0492715537548
5 73 0 8 0.0490763969719
4 7 0 8 0.0489728674293
31 50 0 8 0.0489664599299
9 66 0 8 0.0489198155701
47 53 0 8 0.0488750897348
52 79 0 8 0.0485177449882
30 38 0 8 0.0483853705227
31 66 0 8 0.0482659079134
29 36 0 8 0.0482562929392
13 27 0 8 0.0482303574681
31 78 0 8 0.0480619519949
47 51 0 8 0.0478690080345
3 49 0 8 0.0477552451193
44 69 0 8 0.0477215461433
47 65 0 8 0.0477034859359
54 65 0 8 0.0476459674537
28 40 0 8 0.0476186126471
49 56 0 8 0.047600183636
47 54 0 8 0.0475010871887
33 47 0 8 0.0474383383989
42 76 0 8 0.0474040433764
52 73 0 8 0.0471954867244
29 46 0 8 0.0470826365054
37 52 0 8 0.0469506718218
13 17 0 8 0.0468199066818
75 81 0 8 0.0464833416045
21 58 0 8 0.0463948883116
41 78 0 8 0.0463736318052
44 59 0 8 0.0462336242199
31 52 0 8 0.0461205653846
28 80 0 8 0.0459762476385
22 47 0 8 0.0459683649242
53 59 0 8 0.045896101743
29 81 0 8 0.0458396039903
25 65 0 8 0.0457603819668
3 23 0 8 0.0456361249089
39 45 0 8 0.0455828309059
5 80 0 8 0.0455026365817
27 38 0 8 0.0452969968319
25 81 0 8 0.0452576056123
16 32 0 8 0.0451066941023
33 48 0 8 0.0448536239564
41 56 0 8 0.0447428971529
40 53 0 8 0.0446986854076
48 78 0 8 0.0446207821369
31 42 0 8 0.0443074032664
37 45 0 8 0.0441762246192
32 43 0 8 0.0441524088383
13 81 0 8 0.044086381793
29 42 0 8 0.0440184995532
23 47 0 8 0.0440050773323
44 77 0 8 0.0439683012664
42 66 0 8 0.0437238663435
33 54 0 8 0.0434939153492
1 23 0 8 0.0432989485562
40 60 0 8 0.0432766415179
59 69 0 8 0.0430524945259
21 45 0 8 0.0430438704789
1 24 0 8 0.0427117086947
46 58 0 8 0.0426526591182
45 54 0 8 0.0425136312842
49 55 0 8 0.0423429347575
30 39 0 8 0.0420998036861
5 19 0 8 0.0420106872916
7 30 0 8 0.041965726763
34 65 0 8 0.0418997816741
41 61 0 8 0.0418993867934
10 44 0 8 0.0418122820556
46 52 0 8 0.0417328439653
33 59 0 8 0.0417072102427
19 37 0 8 0.0416939966381
40 61 0 8 0.0416662283242
22 56 0 8 0.0415318980813
39 79 0 8 0.0413204394281
30 65 0 8 0.041177071631
53 76 0 8 0.0411134809256
11 17 0 8 0.0410974361002
55 63 0 8 0.0409368909895
53 62 0 8 0.0409162677824
39 65 0 8 0.0407447144389
16 80 0 8 0.0406784005463
7 20 0 8 0.0406472273171
43 59 0 8 0.0404588542879
27 37 0 8 0.0404506549239
30 36 0 8 0.0403867922723
50 56 0 8 0.0402525663376
3 6 0 8 0.0402484945953
5 47 0 8 0.0401181802154
38 79 0 8 0.0399525649846
31 36 0 8 0.0398699939251
13 37 0 8 0.0397471114993
27 80 0 8 0.0397296622396
31 53 0 8 0.0397078767419
3 22 0 8 0.0396803282201
27 51 0 8 0.0396564863622
4 44 0 8 0.0396410003304
4 79 0 8 0.0395285598934
27 45 0 8 0.0395189188421
52 68 0 8 0.0394212640822
27 73 0 8 0.0393483228981
19 80 0 8 0.03933275491
23 70 0 8 0.0391692109406
46 73 0 8 0.0389553382993
41 79 0 8 0.0389297865331
4 25 0 8 0.0386821329594
27 47 0 8 0.0385928228498
19 65 0 8 0.0385610498488
26 49 0 8 0.0383879989386
2 26 0 8 0.0383553318679
19 76 0 8 0.0382991619408
49 73 0 8 0.0382602848113
34 48 0 8 0.037943970412
51 78 0 8 0.0378334820271
15 37 0 8 0.0377658084035
73 81 0 8 0.0377652086318
22 45 0 8 0.0376903451979
21 80 0 8 0.0376510098577
2 72 0 8 0.0376448109746
19 39 0 8 0.037493519485
23 72 0 8 0.0374907627702
32 38 0 8 0.0373927056789
31 64 0 8 0.0373808704317
20 73 0 8 0.0373802371323
26 81 0 8 0.0372278392315
15 33 0 8 0.0371988378465
61 68 0 8 0.0370518825948
28 81 0 8 0.0370111726224
17 35 0 8 0.0369915477931
7 40 0 8 0.0368957035244
4 9 0 8 0.0368807800114
11 19 0 8 0.0368779599667
23 45 0 8 0.0366744175553
37 56 0 8 0.0365733057261
4 45 0 8 0.0364960953593
38 52 0 8 0.0364849157631
3 45 0 8 0.0364706851542
38 65 0 8 0.0364378988743
23 65 0 8 0.0363794565201
28 45 0 8 0.0362373106182
13 21 0 8 0.0362272560596
53 73 0 8 0.0361814089119
33 64 0 8 0.0361618585885
3 27 0 8 0.0360702984035
51 57 0 8 0.0360688120127
2 6 0 8 0.0360286384821
25 57 0 8 0.0358029082417
49 54 0 8 0.035744510591
20 45 0 8 0.035741109401
49 78 0 8 0.0357287600636
23 69 0 8 0.0356640852988
20 49 0 8 0.035612013191
5 23 0 8 0.0355620495975
14 32 0 8 0.035555858165
2 22 0 8 0.0355498157442
28 47 0 8 0.035433229059
39 59 0 8 0.0352162234485
2 25 0 8 0.0351959131658
34 72 0 8 0.0351793840528
54 60 0 8 0.0351589359343
27 66 0 8 0.035064920783
21 65 0 8 0.0349741652608
3 24 0 8 0.0349732413888
49 76 0 8 0.0349359996617
29 78 0 8 0.0349136516452
1 25 0 8 0.0348931699991
26 51 0 8 0.0348862968385
5 30 0 8 0.0348587334156
44 73 0 8 0.0346709378064
29 79 0 8 0.0344992317259
10 28 0 8 0.0344671234488
41 68 0 8 0.0343336947262
43 73 0 8 0.0341831967235
25 49 0 8 0.0340366475284
51 60 0 8 0.0339348688722
25 77 0 8 0.033791590482
3 34 0 8 0.0337465032935
32 72 0 8 0.0336458161473
53 77 0 8 0.03363115713
4 77 0 8 0.033624459058
49 66 0 8 0.033599615097
20 52 0 8 0.0335672721267
39 60 0 8 0.0334265418351
10 77 0 8 0.0334009379148
52 70 0 8 0.0333042927086
45 72 0 8 0.0332184098661
24 51 0 8 0.0331932045519
53 64 0 8 0.0331359244883
15 31 0 8 0.0331152640283
30 77 0 8 0.033061336726
52 59 0 8 0.0330155342817
30 41 0 8 0.0330112949014
28 32 0 8 0.0329310595989
3 72 0 8 0.0329217687249
14 45 0 8 0.0329016000032
2 81 0 8 0.0328683257103
28 78 0 8 0.0327065996826
4 76 0 8 0.0326849967241
14 47 0 8 0.0326457321644
32 41 0 8 0.0326276570559
33 58 0 8 0.0324691422284
3 48 0 8 0.032405667007
45 76 0 8 0.0323542132974
27 40 0 8 0.0323530063033
50 66 0 8 0.0323193669319
3 30 0 8 0.0323088094592
41 76 0 8 0.0322647467256
22 69 0 8 0.0321657732129
25 66 0 8 0.0319503247738
21 49 0 8 0.0319202058017
4 27 0 8 0.0317499786615
14 37 0 8 0.0316917188466
28 51 0 8 0.0316793769598
42 59 0 8 0.0316470377147
22 72 0 8 0.031565271318
21 40 0 8 0.0314758345485
51 59 0 8 0.0314295850694
3 21 0 8 0.0314086824656
70 80 0 8 0.0313775986433
51 66 0 8 0.0313242785633
6 22 0 8 0.0312202572823
2 76 0 8 0.0311545077711
7 19 0 8 0.0311248078942
20 43 0 8 0.0311246439815
49 69 0 8 0.0311045125127
40 76 0 8 0.0311010386795
53 60 0 8 0.0309267006814
46 68 0 8 0.0308680217713
1 5 0 8 0.0308132935315
28 60 0 8 0.0307895746082
3 81 0 8 0.0306622218341
21 81 0 8 0.0306029506028
36 44 0 8 0.0305096600205
37 47 0 8 0.0304541755468
20 65 0 8 0.0304366350174
37 79 0 8 0.0303944479674
18 48 0 8 0.030388686806
3 76 0 8 0.0303488876671
50 55 0 8 0.0302835889161
12 18 0 8 0.0301896352321
40 52 0 8 0.0300271771848
27 34 0 8 0.0299565419555
4 41 0 8 0.0299367811531
53 63 0 8 0.0299315042794
20 38 0 8 0.0299055371433
52 63 0 8 0.0298609547317
7 46 0 8 0.029794588685
31 47 0 8 0.0297485571355
11 20 0 8 0.0296793803573
47 81 0 8 0.0296594332904
52 60 0 8 0.0296302177012
10 43 0 8 0.0295992065221
4 23 0 8 0.0295627899468
27 53 0 8 0.0294375959784
22 40 0 8 0.0294239278883
48 65 0 8 0.0293154530227
26 79 0 8 0.0292606577277
3 26 0 8 0.029166482389
53 69 0 8 0.0291624106467
37 66 0 8 0.0291225239635
47 56 0 8 0.0291055012494
37 78 0 8 0.0290408935398
45 55 0 8 0.028978811577
10 76 0 8 0.0289608314633
10 30 0 8 0.0289347656071
55 76 0 8 0.0288189519197
25 76 0 8 0.0287656094879
4 51 0 8 0.0287181679159
42 81 0 8 0.0287093445659
39 47 0 8 0.028696231544
29 53 0 8 0.0286821257323
11 18 0 8 0.0286221224815
32 40 0 8 0.0286149904132
42 78 0 8 0.0285493023694
4 48 0 8 0.0284720920026
13 72 0 8 0.0284447036684
63 67 0 8 0.0283533334732
42 47 0 8 0.0283155497164
23 30 0 8 0.0283123161644
43 79 0 8 0.0282545872033
28 53 0 8 0.0282486714423
51 80 0 8 0.0282015558332
52 72 0 8 0.0280605386943
52 66 0 8 0.0280521251261
36 68 0 8 0.0279604177922
10 73 0 8 0.0278922989964
42 54 0 8 0.0278626028448
51 79 0 8 0.0277585294098
3 65 0 8 0.0277138520032
19 38 0 8 0.0276456549764
23 44 0 8 0.0276223048568
24 28 0 8 0.0275797005743
3 10 0 8 0.0275050681084
29 35 0 8 0.0275001656264
6 79 0 8 0.0274317804724
45 78 0 8 0.0273992251605
33 41 0 8 0.0273594744503
2 21 0 8 0.0272180363536
35 43 0 8 0.0271622445434
52 78 0 8 0.0267781168222
32 49 0 8 0.0267532542348
30 79 0 8 0.0267277210951
38 56 0 8 0.0265942662954
41 54 0 8 0.0265135597438
12 16 0 8 0.026465209201
34 47 0 8 0.0263891089708
29 66 0 8 0.0263881161809
24 48 0 8 0.0263553094119
5 44 0 8 0.026354379952
4 49 0 8 0.0262681525201
5 69 0 8 0.0262038484216
7 17 0 8 0.0261639878154
21 70 0 8 0.0261043999344
2 30 0 8 0.0260353907943
45 73 0 8 0.0259870328009
70 81 0 8 0.0259688012302
4 47 0 8 0.0258818548173
30 72 0 8 0.0258629433811
7 39 0 8 0.0258556287736
10 79 0 8 0.025772145018
13 38 0 8 0.0256878510118
29 52 0 8 0.0256372932345
28 55 0 8 0.0256220791489
2 9 0 8 0.0255980975926
46 55 0 8 0.0255258008838
31 41 0 8 0.0254985168576
51 73 0 8 0.0253836419433
3 51 0 8 0.0253194533288
30 66 0 8 0.0253098104149
64 68 0 8 0.0252328775823
40 66 0 8 0.025211410597
5 33 0 8 0.0251373499632
28 50 0 8 0.0250680930912
39 63 0 8 0.0250586587936
39 78 0 8 0.0250518862158
31 56 0 8 0.0249655395746
2 27 0 8 0.0249621104449
42 69 0 8 0.024830404669
63 70 0 8 0.0248114950955
43 51 0 8 0.0247333422303
43 62 0 8 0.0247098784894
40 78 0 8 0.0246415045112
73 80 0 8 0.0244282484055
47 78 0 8 0.0243960879743
3 53 0 8 0.024356752634
39 61 0 8 0.0243258550763
6 76 0 8 0.0243179798126
31 46 0 8 0.0241724029183
53 79 0 8 0.0241493787616
5 65 0 8 0.024096114561
1 80 0 8 0.0240765661001
3 35 0 8 0.0239796899259
7 50 0 8 0.0239185802639
7 44 0 8 0.0239045247436
24 74 0 8 0.0238811969757
39 52 0 8 0.0238696113229
30 78 0 8 0.0238177552819
32 47 0 8 0.0237103030086
36 62 0 8 0.023685446009
13 44 0 8 0.0235697571188
52 76 0 8 0.0235607028008
13 22 0 8 0.0234790723771
54 64 0 8 0.0234546177089
37 48 0 8 0.0234334338456
3 47 0 8 0.0234268922359
22 80 0 8 0.023398142308
4 28 0 8 0.0233838297427
2 33 0 8 0.023369949311
3 20 0 8 0.0231831688434
56 78 0 8 0.0231503415853
48 72 0 8 0.0231486242265
39 76 0 8 0.0230773761868
41 60 0 8 0.0230313315988
9 39 0 8 0.0230239164084
35 44 0 8 0.0229379441589
27 72 0 8 0.0229321420193
33 69 0 8 0.0228938180953
42 77 0 8 0.0228689890355
19 78 0 8 0.0227987319231
63 68 0 8 0.0227663572878
4 52 0 8 0.022682165727
4 37 0 8 0.022582873702
31 81 0 8 0.0225577112287
20 47 0 8 0.0225108116865
21 38 0 8 0.0225074067712
28 65 0 8 0.0224936883897
51 62 0 8 0.0224439557642
59 68 0 8 0.0223854426295
22 66 0 8 0.0223747808486
5 51 0 8 0.0222601406276
48 81 0 8 0.0222432482988
27 69 0 8 0.0221813376993
37 64 0 8 0.0221651010215
42 64 0 8 0.0221604593098
13 47 0 8 0.0221594534814
24 78 0 8 0.0221184454858
76 81 0 8 0.0220335591584
24 81 0 8 0.0219937879592
18 65 0 8 0.0219793841243
15 48 0 8 0.021953811869
9 72 0 8 0.0219022650272
13 78 0 8 0.021878246218
13 73 0 8 0.0218730121851
16 33 0 8 0.0218544062227
44 79 0 8 0.02181003429
24 50 0 8 0.0217979047447
38 66 0 8 0.0217856168747
4 33 0 8 0.0217771138996
33 51 0 8 0.021768251434
38 60 0 8 0.0217199549079
46 65 0 8 0.0216617491096
21 39 0 8 0.0216478575021
10 56 0 8 0.0216162800789
5 66 0 8 0.0216020308435
23 62 0 8 0.0215976424515
29 69 0 8 0.0215713549405
30 64 0 8 0.0215492993593
56 68 0 8 0.0215285681188
37 60 0 8 0.0215080715716
41 53 0 8 0.0214835330844
4 59 0 8 0.0214311890304
10 47 0 8 0.021363761276
3 25 0 8 0.0213633794338
14 31 0 8 0.0213558096439
42 79 0 8 0.0213530678302
56 76 0 8 0.0213388390839
21 51 0 8 0.021327001974
23 77 0 8 0.0213199499995
4 78 0 8 0.0213185288012
36 67 0 8 0.0212955195457
17 20 0 8 0.0212554950267
51 77 0 8 0.0212437324226
14 65 0 8 0.0211554747075
4 38 0 8 0.0211502369493
39 81 0 8 0.0211189072579
4 34 0 8 0.0210901182145
23 61 0 8 0.0210307035595
5 25 0 8 0.0210269391537
38 78 0 8 0.0209632962942
7 66 0 8 0.0208795852959
21 56 0 8 0.0208762716502
37 55 0 8 0.0208695866168
46 54 0 8 0.020866272971
2 47 0 8 0.0208619907498
3 32 0 8 0.0208597611636
29 41 0 8 0.0208497177809
3 44 0 8 0.0208273697644
41 77 0 8 0.0208212379366
43 81 0 8 0.0207751244307
7 36 0 8 0.0207608807832
2 79 0 8 0.0207365229726
46 64 0 8 0.0207364745438
28 42 0 8 0.0207317303866
28 69 0 8 0.0207175482064
43 65 0 8 0.0206988677382
40 77 0 8 0.0206880867481
20 37 0 8 0.0206439346075
27 36 0 8 0.0206108745188
4 46 0 8 0.0205941312015
41 69 0 8 0.0205879025161
3 29 0 8 0.020584853366
50 73 0 8 0.0205827914178
9 56 0 8 0.0205777697265
13 69 0 8 0.0205672252923
60 72 0 8 0.0205124858767
61 69 0 8 0.0205055847764
25 53 0 8 0.0205010455102
13 45 0 8 0.0204960927367
50 77 0 8 0.0204527471215
3 66 0 8 0.0204359125346
48 54 0 8 0.0204284712672
1 32 0 8 0.0204033106565
16 37 0 8 0.020392190665
11 48 0 8 0.0203805603087
11 72 0 8 0.0203474275768
55 68 0 8 0.0203277431428
41 63 0 8 0.0203216001391
19 43 0 8 0.0202729459852
48 76 0 8 0.0202623568475
21 37 0 8 0.0202526655048
3 50 0 8 0.0202260427177
54 63 0 8 0.0202191136777
13 76 0 8 0.020218424499
39 53 0 8 0.0202136728913
32 39 0 8 0.0201698616147
28 36 0 8 0.0201672054827
2 73 0 8 0.0201517306268
30 56 0 8 0.0201493110508
50 79 0 8 0.0201444104314
39 56 0 8 0.0201406795532
43 77 0 8 0.020089648664
6 20 0 8 0.0200501997024
30 35 0 8 0.0200436655432
40 69 0 8 0.0200422573835
50 68 0 8 0.020007321611
53 80 0 8 0.0199985392392
4 35 0 8 0.0198902860284
23 66 0 8 0.019859591499
6 37 0 8 0.0198520738631
29 73 0 8 0.019845020026
32 68 0 8 0.019841870293
13 33 0 8 0.0198323689401
46 53 0 8 0.0198118332773
11 50 0 8 0.0198108330369
64 72 0 8 0.0198089201003
44 81 0 8 0.0198089107871
26 65 0 8 0.019806439057
40 51 0 8 0.0197976194322
20 72 0 8 0.0197723414749
7 21 0 8 0.0197550840676
14 46 0 8 0.0197542570531
12 17 0 8 0.019752850756
20 51 0 8 0.0197504404932
31 80 0 8 0.0197183918208
32 42 0 8 0.0197083558887
3 69 0 8 0.019690329209
46 72 0 8 0.019688475877
4 30 0 8 0.0196421574801
18 79 0 8 0.019616432488
16 31 0 8 0.0195961482823
41 66 0 8 0.0195880047977
16 81 0 8 0.019570061937
3 42 0 8 0.0195441637188
26 38 0 8 0.0195409338921
16 48 0 8 0.0195393357426
50 81 0 8 0.0195384491235
2 7 0 8 0.0195346400142
4 53 0 8 0.0195281207561
38 59 0 8 0.019462544471
40 48 0 8 0.0194348003715
16 20 0 8 0.0194220039994
28 35 0 8 0.0193876121193
54 66 0 8 0.0193764958531
52 77 0 8 0.019351048395
59 72 0 8 0.0193289685994
9 69 0 8 0.0192598942667
69 80 0 8 0.0192532800138
19 66 0 8 0.019235657528
21 33 0 8 0.0192279759794
30 81 0 8 0.0192095562816
33 75 0 8 0.0192038919777
23 39 0 8 0.0191599428654
53 72 0 8 0.0191552694887
9 65 0 8 0.0191507674754
51 63 0 8 0.0191411133856
60 70 0 8 0.0191165283322
33 73 0 8 0.0191094707698
30 55 0 8 0.0190953090787
4 69 0 8 0.0190875288099
38 81 0 8 0.0190661922097
19 40 0 8 0.0190458483994
40 58 0 8 0.0190134681761
35 64 0 8 0.0189966578037
2 66 0 8 0.0189813524485
5 34 0 8 0.0189540721476
41 55 0 8 0.0189423821867
40 81 0 8 0.0189188793302
43 54 0 8 0.0189120154828
53 61 0 8 0.0188906900585
32 51 0 8 0.0188816711307
10 23 0 8 0.0188716333359
10 17 0 8 0.0188502129167
35 45 0 8 0.0188274383545
29 64 0 8 0.0188157036901
29 80 0 8 0.018812386319
7 69 0 8 0.0187927298248
30 54 0 8 0.0187787096947
1 26 0 8 0.018775831908
32 65 0 8 0.0187689326704
15 81 0 8 0.0187464393675
26 40 0 8 0.018733760342
23 43 0 8 0.0187125075608
69 81 0 8 0.0187064446509
33 81 0 8 0.018699940294
5 50 0 8 0.0186891127378
6 47 0 8 0.0186582189053
50 64 0 8 0.0186479929835
72 81 0 8 0.0186450220644
9 14 0 8 0.0185987502337
45 79 0 8 0.0185905303806
23 81 0 8 0.0185880027711
44 65 0 8 0.0185667388141
10 51 0 8 0.0185595098883
36 81 0 8 0.0185458827764
12 39 0 8 0.0184862930328
15 47 0 8 0.0184638854116
49 81 0 8 0.0184519160539
33 56 0 8 0.0184366181493
39 50 0 8 0.0184267740697
7 23 0 8 0.0184166189283
17 34 0 8 0.0184042751789
1 50 0 8 0.0184003766626
38 53 0 8 0.0183950774372
34 49 0 8 0.0183949358761
41 70 0 8 0.0183907113969
20 80 0 8 0.0183697417378
12 37 0 8 0.0183690954
1 27 0 8 0.0183496847749
41 65 0 8 0.0182871818542
7 59 0 8 0.0182662028819
51 64 0 8 0.0182660706341
41 80 0 8 0.0182508546859
37 53 0 8 0.018248680979
26 78 0 8 0.0182390473783
43 53 0 8 0.0182178206742
55 70 0 8 0.0182085298002
23 29 0 8 0.018196221441
33 66 0 8 0.0181947089732
24 59 0 8 0.018190825358
26 53 0 8 0.018174873665
18 37 0 8 0.0181611608714
13 43 0 8 0.0181441809982
21 66 0 8 0.018137967214
34 69 0 8 0.0181313361973
7 81 0 8 0.0181267149746
2 34 0 8 0.0180919896811
33 78 0 8 0.0180841051042
62 69 0 8 0.0180614180863
10 33 0 8 0.0180252473801
13 56 0 8 0.018024014309
33 50 0 8 0.0180103387684
22 70 0 8 0.0180091653019
34 64 0 8 0.0179989282042
1 22 0 8 0.0179941374809
35 62 0 8 0.0179619379342
21 34 0 8 0.0179329663515
2 37 0 8 0.0179237145931
34 78 0 8 0.0179058369249
24 40 0 8 0.0178837794811
37 59 0 8 0.0178761091083
24 56 0 8 0.0178754739463
23 50 0 8 0.0178603194654
2 28 0 8 0.017843881622
24 61 0 8 0.0178403984755
74 81 0 8 0.0178188048303
1 6 0 8 0.0178033728153
27 55 0 8 0.0177692770958
2 40 0 8 0.0177619028836
35 60 0 8 0.0177419744432
7 79 0 8 0.0177334342152
2 39 0 8 0.0177250299603
29 77 0 8 0.017720265314
31 76 0 8 0.0177077371627
14 69 0 8 0.0176954083145
33 49 0 8 0.0176620781422
20 69 0 8 0.0176325328648
24 45 0 8 0.0176194626838
27 42 0 8 0.0175771713257
41 46 0 8 0.0175457037985
4 24 0 8 0.0175382178277
23 80 0 8 0.017536599189
58 68 0 8 0.0175253469497
55 72 0 8 0.0175102148205
45 77 0 8 0.0175032503903
2 48 0 8 0.0174919217825
31 72 0 8 0.017481982708
39 64 0 8 0.0174691043794
2 29 0 8 0.0174565464258
38 64 0 8 0.0174412187189
38 46 0 8 0.0174120441079
17 81 0 8 0.0174001120031
7 51 0 8 0.0173270218074
2 43 0 8 0.0173032656312
6 18 0 8 0.0172780584544
2 78 0 8 0.0172675512731
20 55 0 8 0.0172607973218
5 39 0 8 0.0172346681356
32 67 0 8 0.0171705689281
40 80 0 8 0.017167462036
53 78 0 8 0.0171522703022
22 77 0 8 0.0171421784908
46 76 0 8 0.0171248652041
7 28 0 8 0.0171047952026
3 43 0 8 0.0171037614346
24 72 0 8 0.0170874390751
34 76 0 8 0.0170866549015
4 66 0 8 0.0170741342008
44 64 0 8 0.0170646123588
2 44 0 8 0.0170529242605
3 73 0 8 0.017034471035
50 69 0 8 0.017031468451
7 54 0 8 0.0170169621706
28 46 0 8 0.0169923398644
34 59 0 8 0.0169829297811
38 61 0 8 0.0169757418334
23 40 0 8 0.016964096576
57 76 0 8 0.0169576648623
3 38 0 8 0.0169392339885
1 48 0 8 0.0169333424419
43 49 0 8 0.0169015172869
39 73 0 8 0.0168967247009
64 70 0 8 0.0168846417218
6 68 0 8 0.0168376192451
21 26 0 8 0.0167957637459
47 59 0 8 0.0167792662978
40 46 0 8 0.0167681872845
10 69 0 8 0.0167622901499
31 63 0 8 0.0167559739202
51 70 0 8 0.0167217776179
3 64 0 8 0.016721567139
1 19 0 8 0.0166897904128
2 56 0 8 0.0166596639901
69 79 0 8 0.0166511218995
5 38 0 8 0.0166315119714
2 51 0 8 0.016629865393
18 56 0 8 0.0165862459689
15 38 0 8 0.0165817588568
12 38 0 8 0.0165389161557
2 49 0 8 0.0165387596935
6 44 0 8 0.0165310762823
4 65 0 8 0.0165263153613
2 38 0 8 0.016517592594
39 58 0 8 0.0165069140494
39 66 0 8 0.0165052879602
37 63 0 8 0.0164771135896
48 77 0 8 0.0164583157748
50 72 0 8 0.0164513457566
43 58 0 8 0.0164405182004
7 78 0 8 0.0164133999497
26 29 0 8 0.0164078250527
1 47 0 8 0.0164056178182
4 43 0 8 0.0163845550269
49 57 0 8 0.016350723803
13 65 0 8 0.0163111835718
16 76 0 8 0.0163044203073
4 10 0 8 0.016290185973
37 69 0 8 0.0162753611803
35 53 0 8 0.0162480752915
33 53 0 8 0.016182590276
3 60 0 8 0.0161811988801
9 78 0 8 0.0161780808121
50 70 0 8 0.0161661244929
13 46 0 8 0.0161657761782
9 73 0 8 0.0161482281983
14 39 0 8 0.0161419566721
32 81 0 8 0.0161368828267
2 50 0 8 0.0161090176553
38 76 0 8 0.0160684306175
6 25 0 8 0.0160542260855
28 61 0 8 0.0160460863262
2 42 0 8 0.0160458963364
5 55 0 8 0.0160320643336
1 76 0 8 0.0160185005516
37 58 0 8 0.0159907992929
3 37 0 8 0.0159904453903
48 64 0 8 0.0159693174064
29 58 0 8 0.0159579832107
3 31 0 8 0.0159549359232
4 50 0 8 0.0159350130707
37 76 0 8 0.0159185100347
18 80 0 8 0.0159151200205
46 66 0 8 0.0158872362226
13 80 0 8 0.0158710367978
33 68 0 8 0.0158535707742
13 51 0 8 0.0158490873873
25 40 0 8 0.0158477257937
54 62 0 8 0.0158323086798
10 72 0 8 0.0158062428236
13 42 0 8 0.0158061627299
3 33 0 8 0.015785606578
7 42 0 8 0.01577966474
49 80 0 8 0.0157786961645
3 40 0 8 0.0156815238297
34 46 0 8 0.0156797580421
22 39 0 8 0.0156710613519
38 47 0 8 0.0156491138041
45 57 0 8 0.0156454481184
42 60 0 8 0.0156338345259
26 48 0 8 0.0156235713512
5 59 0 8 0.0156218120828
1 38 0 8 0.0156155508012
14 81 0 8 0.0156075926498
40 64 0 8 0.0155845172703
4 56 0 8 0.0155636528507
10 34 0 8 0.0154995722696
43 66 0 8 0.0154642798007
49 72 0 8 0.0154442759231
3 56 0 8 0.0154437180609
29 72 0 8 0.0154126510024
2 36 0 8 0.015411327593
36 59 0 8 0.0153892384842
49 68 0 8 0.015375408344
4 73 0 8 0.0153733436018
23 57 0 8 0.0153525127098
16 38 0 8 0.0153488302603
7 37 0 8 0.0153427049518
31 55 0 8 0.0153400758281
14 79 0 8 0.0152971297503
38 80 0 8 0.015288958326
5 40 0 8 0.0152859138325
2 52 0 8 0.0152846220881
6 72 0 8 0.0152591299266
25 72 0 8 0.0152549166232
51 81 0 8 0.0152547014877
6 66 0 8 0.0152486646548
48 66 0 8 0.0152434883639
3 52 0 8 0.0152393449098
37 81 0 8 0.0152110122144
22 38 0 8 0.015210647136
36 65 0 8 0.0152068408206
34 55 0 8 0.0151889845729
40 49 0 8 0.0151869589463
34 66 0 8 0.0151801928878
11 76 0 8 0.0151022328064
51 68 0 8 0.015060974285
11 39 0 8 0.0150508545339
20 46 0 8 0.0150349028409
35 81 0 8 0.0150251248851
52 81 0 8 0.0150232343003
29 59 0 8 0.0149867553264
1 81 0 8 0.0149638541043
2 75 0 8 0.0149533916265
39 49 0 8 0.0149469450116
49 63 0 8 0.0149100543931
45 81 0 8 0.0148924356326
45 65 0 8 0.0148493703455
45 69 0 8 0.0148443840444
15 79 0 8 0.0148356556892
3 59 0 8 0.0148336067796
1 37 0 8 0.0148159880191
6 40 0 8 0.0147966649383
33 80 0 8 0.0147893531248
47 79 0 8 0.0147674707696
3 61 0 8 0.0147633422166
46 60 0 8 0.0147506622598
50 61 0 8 0.0147306686267
26 30 0 8 0.0147242965177
28 72 0 8 0.0147241726518
36 61 0 8 0.0147055964917
47 60 0 8 0.0146990688518
38 58 0 8 0.01468069572
40 62 0 8 0.0146724833176
50 59 0 8 0.0146717792377
2 20 0 8 0.0146536743268
33 67 0 8 0.0146437296644
41 62 0 8 0.014633632265
43 63 0 8 0.0146252466366
31 60 0 8 0.0146235702559
34 53 0 8 0.0146218724549
28 58 0 8 0.01461473573
4 72 0 8 0.0145906247199
29 68 0 8 0.0145745230839
6 81 0 8 0.0145711814985
4 40 0 8 0.0145693048835
1 36 0 8 0.0145590398461
57 68 0 8 0.0145542100072
34 60 0 8 0.0145382639021
2 70 0 8 0.0145321711898
10 52 0 8 0.0145018752664
2 57 0 8 0.0145005946979
31 77 0 8 0.0144964596257
49 70 0 8 0.0144900297746
49 60 0 8 0.014485550113
49 64 0 8 0.0144788324833
29 55 0 8 0.0144762406126
28 74 0 8 0.0144687257707
32 76 0 8 0.0144571093842
31 73 0 8 0.0144457211718
25 78 0 8 0.0144288400188
27 50 0 8 0.014407062903
24 62 0 8 0.0143959484994
11 81 0 8 0.0143790179864
28 41 0 8 0.014374544844
2 74 0 8 0.0143682155758
38 69 0 8 0.0143611133099
34 79 0 8 0.0143420314416
28 66 0 8 0.0143372388557
9 75 0 8 0.014333688654
30 80 0 8 0.0143137201667
47 75 0 8 0.0142990751192
35 63 0 8 0.0142976436764
24 65 0 8 0.0142884869128
19 56 0 8 0.0142875332385
2 45 0 8 0.0142591549084
40 55 0 8 0.0142534123734
11 22 0 8 0.0142476586625
1 77 0 8 0.0142381852493
3 39 0 8 0.0142286503688
62 68 0 8 0.0142078129575
9 49 0 8 0.0142038054764
4 26 0 8 0.0142012154683
60 67 0 8 0.0141793964431
45 66 0 8 0.0141761377454
5 60 0 8 0.0141583560035
42 57 0 8 0.0141458818689
9 18 0 8 0.0141360573471
27 77 0 8 0.0141206877306
3 46 0 8 0.0141163468361
50 60 0 8 0.0141115430743
26 44 0 8 0.0141044203192
33 79 0 8 0.0141014698893
20 50 0 8 0.0140966316685
39 80 0 8 0.0140943517908
14 72 0 8 0.0140815498307
30 46 0 8 0.0140799069777
37 46 0 8 0.0140568707138
38 45 0 8 0.0140151660889
7 38 0 8 0.0139918066561
50 78 0 8 0.0139861442149
36 58 0 8 0.013976204209
6 26 0 8 0.0139501672238
1 39 0 8 0.0139372842386
19 73 0 8 0.013924700208
28 70 0 8 0.0139144575223
3 7 0 8 0.0139011368155
52 80 0 8 0.0138875674456
19 77 0 8 0.0138568310067
1 49 0 8 0.0138520877808
13 77 0 8 0.0138500425965
6 51 0 8 0.01382094156
1 30 0 8 0.0138202523813
50 63 0 8 0.0138081377372
51 75 0 8 0.0138020869344
9 48 0 8 0.0137951048091
52 58 0 8 0.0137948775664
16 36 0 8 0.0137625504285
22 54 0 8 0.0137567725033
4 8 0 8 0.0137560022995
24 52 0 8 0.013754915446
26 52 0 8 0.013751603663
9 22 0 8 0.0137498127297
25 47 0 8 0.0137489205226
19 52 0 8 0.0137390568852
13 66 0 8 0.0137377781793
48 68 0 8 0.0137338694185
39 48 0 8 0.0137258693576
35 46 0 8 0.0136986998841
5 24 0 8 0.0136929554865
4 31 0 8 0.0136889945716
5 43 0 8 0.0136839551851
48 70 0 8 0.0136820692569
24 47 0 8 0.0136655671522
24 66 0 8 0.0136553198099
5 75 0 8 0.0136550888419
1 31 0 8 0.0136527316645
31 54 0 8 0.0136331999674
34 73 0 8 0.0136264422908
38 63 0 8 0.013622649014
7 33 0 8 0.0136189265177
32 61 0 8 0.0136177092791
16 79 0 8 0.0136135090142
30 61 0 8 0.0136010535061
62 70 0 8 0.0135968709365
14 76 0 8 0.0135843157768
40 72 0 8 0.0135793844238
6 38 0 8 0.013570853509
23 46 0 8 0.0135697489604
37 72 0 8 0.0135611221194
32 60 0 8 0.0135204670951
61 72 0 8 0.0135170705616
3 75 0 8 0.0135068763047
61 67 0 8 0.0135066276416
1 35 0 8 0.0135043980554
19 50 0 8 0.013503972441
31 69 0 8 0.0134962508455
9 20 0 8 0.0134875876829
41 81 0 8 0.0134870037436
30 60 0 8 0.0134777184576
15 80 0 8 0.0134710436687
14 21 0 8 0.0134381074458
9 44 0 8 0.0134174181148
1 7 0 8 0.0134131591767
26 76 0 8 0.0134082883596
7 48 0 8 0.0134055074304
37 80 0 8 0.0134045602754
39 72 0 8 0.0133721735328
17 79 0 8 0.0133652929217
55 79 0 8 0.0133636398241
5 64 0 8 0.013355939649
30 59 0 8 0.013348640874
54 61 0 8 0.0133432345465
4 32 0 8 0.0133392987773
50 76 0 8 0.0133370961994
2 69 0 8 0.0133366258815
1 21 0 8 0.0133163481951
36 53 0 8 0.0133075611666
19 51 0 8 0.0132779283449
2 46 0 8 0.0132656833157
39 55 0 8 0.0132651971653
1 57 0 8 0.0132638299838
1 46 0 8 0.0132422037423
25 64 0 8 0.0132392076775
46 61 0 8 0.0132335582748
40 54 0 8 0.013211752288
4 29 0 8 0.0132065182552
27 32 0 8 0.0132018961012
3 58 0 8 0.0131731517613
32 80 0 8 0.013168442063
54 81 0 8 0.0131632750854
5 53 0 8 0.0131591195241
7 34 0 8 0.0131489001215
27 64 0 8 0.0131479473785
14 42 0 8 0.0131477126852
25 28 0 8 0.0131348986179
56 81 0 8 0.0131183322519
9 37 0 8 0.0131094027311
20 39 0 8 0.0130856176838
19 49 0 8 0.0130813382566
21 42 0 8 0.0130741558969
59 67 0 8 0.0130460187793
7 67 0 8 0.013042697683
48 59 0 8 0.0130389723927
26 43 0 8 0.0130243198946
10 64 0 8 0.0129649052396
25 39 0 8 0.0129647953436
34 56 0 8 0.0129613736644
42 62 0 8 0.0129515798762
49 77 0 8 0.0129432734102
2 55 0 8 0.0129407094792
15 21 0 8 0.0129383215681
2 53 0 8 0.0129292570055
27 41 0 8 0.0129282046109
6 69 0 8 0.0129233989865
24 80 0 8 0.0129118217155
9 40 0 8 0.0129078486934
62 67 0 8 0.0129071744159
39 69 0 8 0.0129057401791
24 37 0 8 0.0129056060687
1 33 0 8 0.0129031278193
14 80 0 8 0.0129028726369
13 34 0 8 0.0128942038864
18 78 0 8 0.0128679443151
25 50 0 8 0.0128638809547
3 70 0 8 0.0128596005961
18 34 0 8 0.0128584438935
40 57 0 8 0.0128562357277
35 65 0 8 0.0128535246477
51 61 0 8 0.0128481360152
4 39 0 8 0.0128441378474
10 45 0 8 0.012833610177
15 36 0 8 0.012829400599
1 28 0 8 0.0128240818158
21 64 0 8 0.0128113804385
15 45 0 8 0.0128110488877
30 63 0 8 0.0128048509359
7 18 0 8 0.0127951372415
58 70 0 8 0.0127839883789
6 24 0 8 0.0127774234861
2 35 0 8 0.0127761662006
65 72 0 8 0.0127698536962
72 79 0 8 0.0127589413896
9 21 0 8 0.0127552244812
2 60 0 8 0.0127321146429
14 38 0 8 0.0127173066139
2 68 0 8 0.0127168279141
26 37 0 8 0.0126880044118
4 13 0 8 0.0126826586202
40 73 0 8 0.0126570574939
3 63 0 8 0.0126570276916
43 68 0 8 0.0126441270113
24 60 0 8 0.0126396995038
1 79 0 8 0.012619048357
5 54 0 8 0.012612936087
32 44 0 8 0.0125866914168
9 51 0 8 0.0125826969743
2 65 0 8 0.012577354908
56 67 0 8 0.0125758741051
46 77 0 8 0.0125750396401
15 49 0 8 0.0125296069309
2 59 0 8 0.012500166893
14 66 0 8 0.0124989654869
2 64 0 8 0.0124869886786
42 53 0 8 0.0124452281743
37 73 0 8 0.0124440211803
43 70 0 8 0.012442403473
35 66 0 8 0.0124416593462
50 62 0 8 0.012438993901
43 64 0 8 0.0124252485111
19 61 0 8 0.0124173276126
44 68 0 8 0.0123963933438
2 31 0 8 0.0123918587342
38 73 0 8 0.0123842917383
5 68 0 8 0.0123766185716
34 67 0 8 0.0123742874712
52 61 0 8 0.012371619232
42 52 0 8 0.0123665165156
34 68 0 8 0.0123568875715
36 47 0 8 0.0123508311808
6 45 0 8 0.0123507203534
20 66 0 8 0.0123183820397
44 61 0 8 0.0123133994639
24 54 0 8 0.012305624783
35 68 0 8 0.0123006757349
29 60 0 8 0.0122984005138
33 60 0 8 0.012271316722
25 48 0 8 0.0122665492818
53 81 0 8 0.0122580071911
35 49 0 8 0.0122441351414
57 73 0 8 0.0122371073812
14 68 0 8 0.012226880528
14 33 0 8 0.0122170830145
3 62 0 8 0.0122166117653
10 38 0 8 0.0122088631615
10 37 0 8 0.0122030563653
31 62 0 8 0.0121894190088
10 50 0 8 0.0121473642066
28 63 0 8 0.0121435662732
20 53 0 8 0.0121417529881
28 54 0 8 0.0121316108853
14 73 0 8 0.0121295135468
6 78 0 8 0.0121215349063
8 39 0 8 0.0121072623879
34 52 0 8 0.0120952734724
44 66 0 8 0.0120896575972
32 62 0 8 0.0120829390362
26 50 0 8 0.0120718954131
4 57 0 8 0.0120281120762
9 19 0 8 0.0120239080861
36 60 0 8 0.0120132751763
27 59 0 8 0.0119820907712
29 63 0 8 0.0119750816375
1 72 0 8 0.0119738178328
63 72 0 8 0.0119735132903
20 60 0 8 0.0119638657197
9 47 0 8 0.0119564784691
11 66 0 8 0.0119514930993
51 71 0 8 0.0119484141469
25 70 0 8 0.0119390562177
38 68 0 8 0.0119374468923
25 79 0 8 0.0119230747223
25 55 0 8 0.011917874217
9 16 0 8 0.0119144767523
37 68 0 8 0.0119142802432
23 41 0 8 0.0118941953406
8 64 0 8 0.0118817267939
37 77 0 8 0.0118687516078
14 59 0 8 0.011866113171
18 75 0 8 0.0118624847382
41 47 0 8 0.0118582434952
13 53 0 8 0.0118437642232
5 8 0 8 0.011838240549
30 70 0 8 0.0118261920288
47 62 0 8 0.0118175018579
10 65 0 8 0.0118116056547
37 51 0 8 0.0118102319539
57 67 0 8 0.0118043730035
11 38 0 8 0.0117882872
7 72 0 8 0.0117876371369
44 58 0 8 0.0117765553296
31 61 0 8 0.0117644360289
54 69 0 8 0.0117522068322
1 51 0 8 0.0117490561679
29 61 0 8 0.0117210801691
14 56 0 8 0.0117148347199
2 58 0 8 0.0116962883621
37 57 0 8 0.0116902207956
1 78 0 8 0.0116695361212
7 45 0 8 0.0116617511958
32 79 0 8 0.0116503257304
52 62 0 8 0.0116373198107
6 73 0 8 0.0116085717455
24 73 0 8 0.0116042457521
37 54 0 8 0.0116005651653
16 47 0 8 0.0115788029507
34 81 0 8 0.0115689849481
28 64 0 8 0.0115672945976
35 77 0 8 0.0115314647555
36 64 0 8 0.0115301758051
1 64 0 8 0.0115234777331
42 63 0 8 0.0115058328956
41 52 0 8 0.0114991478622
30 58 0 8 0.0114956041798
21 31 0 8 0.0114772273228
5 31 0 8 0.0114631112665
50 57 0 8 0.0114615717903
38 72 0 8 0.0114421648905
9 81 0 8 0.0114271640778
10 70 0 8 0.0114051327109
6 75 0 8 0.0114014120772
39 46 0 8 0.0114012453705
16 50 0 8 0.0113734658808
49 67 0 8 0.0113675268367
62 72 0 8 0.0113673983142
34 58 0 8 0.0113671682775
32 52 0 8 0.0113477436826
20 77 0 8 0.0113420421258
14 64 0 8 0.0113199269399
6 50 0 8 0.0113189825788
25 42 0 8 0.0113159297034
54 73 0 8 0.0113156521693
30 62 0 8 0.0113128516823
41 64 0 8 0.011290634051
75 80 0 8 0.0112657863647
22 57 0 8 0.0112307537347
10 66 0 8 0.0112298000604
35 80 0 8 0.0112122986466
44 70 0 8 0.0111871790141
23 37 0 8 0.0111867412925
18 39 0 8 0.0111837983131
42 58 0 8 0.0111696124077
38 49 0 8 0.0111659364775
9 77 0 8 0.0111524341628
49 62 0 8 0.0111490907148
5 37 0 8 0.0111104650423
13 50 0 8 0.0111018763855
38 50 0 8 0.0110955908895
48 80 0 8 0.0110909724608
1 58 0 8 0.0110892830417
38 77 0 8 0.0110840341076
1 61 0 8 0.0110560804605
14 60 0 8 0.0110557666048
2 54 0 8 0.0110431211069
15 50 0 8 0.0110424552113
26 42 0 8 0.0110412780195
1 16 0 8 0.0110341832042
47 64 0 8 0.0110255694017
42 51 0 8 0.0110251121223
70 79 0 8 0.011023921892
34 77 0 8 0.0110129313543
3 55 0 8 0.0109951216727
13 68 0 8 0.0109645863995
25 75 0 8 0.0109635470435
4 68 0 8 0.0109632108361
50 67 0 8 0.010920714587
46 59 0 8 0.010918664746
24 43 0 8 0.010905531235
3 71 0 8 0.0108839543536
55 81 0 8 0.010864039883
6 11 0 8 0.0108603052795
34 61 0 8 0.0108553888276
36 52 0 8 0.0108266370371
7 68 0 8 0.0108088087291
36 55 0 8 0.0108035737649
23 68 0 8 0.0107973944396
40 47 0 8 0.0107963867486
8 23 0 8 0.0107877682894
16 49 0 8 0.0107860276476
2 19 0 8 0.0107829496264
29 75 0 8 0.0107703888789
2 41 0 8 0.0107693579048
45 59 0 8 0.0107547882944
34 50 0 8 0.0107429493219
23 42 0 8 0.0107413576916
19 58 0 8 0.0107377553359
37 50 0 8 0.0107282279059
27 54 0 8 0.0107074985281
13 60 0 8 0.0106799444184
3 12 0 8 0.0106794452295
1 41 0 8 0.0106426654384
26 61 0 8 0.0106387101114
22 55 0 8 0.0106297452003
28 59 0 8 0.0106237642467
22 46 0 8 0.0106136742979
39 62 0 8 0.0106081627309
5 36 0 8 0.0105839623138
20 23 0 8 0.0105838077143
16 44 0 8 0.0105724930763
25 45 0 8 0.0105627859011
8 73 0 8 0.0105527248234
54 72 0 8 0.0105506787077
21 53 0 8 0.0105169117451
32 48 0 8 0.0104942740873
36 69 0 8 0.0104935811833
17 80 0 8 0.0104872593656
6 42 0 8 0.0104819471017
47 77 0 8 0.0104669034481
9 79 0 8 0.0104561122134
5 57 0 8 0.0104417894036
7 52 0 8 0.0104370750487
11 64 0 8 0.0104312067851
7 80 0 8 0.0104213571176
1 60 0 8 0.0104033248499
44 57 0 8 0.0103789996356
14 40 0 8 0.0103718759492
26 41 0 8 0.0103636570275
18 21 0 8 0.0103515051305
33 70 0 8 0.0103503521532
23 58 0 8 0.010331642814
19 69 0 8 0.0103241857141
30 68 0 8 0.0102945277467
34 51 0 8 0.0102709336206
29 54 0 8 0.0102678658441
22 37 0 8 0.0102610103786
16 78 0 8 0.0102537348866
26 56 0 8 0.0102495886385
21 55 0 8 0.0102418083698
27 63 0 8 0.010235125199
11 59 0 8 0.0102297747508
6 80 0 8 0.0102262841538
21 25 0 8 0.0102210883051
5 58 0 8 0.0102042714134
14 78 0 8 0.0102005098015
14 43 0 8 0.0101747037843
3 57 0 8 0.0101671768352
12 81 0 8 0.0101504186168
34 70 0 8 0.0101433396339
68 81 0 8 0.0101366825402
42 65 0 8 0.0101151745766
14 44 0 8 0.0101142153144
21 59 0 8 0.0101033980027
36 66 0 8 0.0100678643212
10 68 0 8 0.0100660445169
1 59 0 8 0.0100634880364
57 72 0 8 0.0100548360497
7 77 0 8 0.0100543946028
42 72 0 8 0.010052411817
36 45 0 8 0.0100325196981
4 70 0 8 0.0100276386365
15 34 0 8 0.0100243249908
27 58 0 8 0.0100107016042
24 77 0 8 0.00996703188866
16 42 0 8 0.00996476411819
59 70 0 8 0.00995729584247
24 69 0 8 0.00994365941733
24 68 0 8 0.00994065031409
12 20 0 8 0.00993379205465
2 13 0 8 0.0099305100739
26 66 0 8 0.0099272383377
32 45 0 8 0.00992257986218
20 26 0 8 0.00991580914706
36 63 0 8 0.00988711602986
6 21 0 8 0.00987709406763
37 61 0 8 0.00987382046878
2 32 0 8 0.00987353269011
1 40 0 8 0.00985139142722
20 64 0 8 0.00985092204064
11 69 0 8 0.00984431058168
13 39 0 8 0.00983189418912
9 43 0 8 0.00981439836323
3 41 0 8 0.00979511346668
47 66 0 8 0.0097945574671
1 63 0 8 0.00978466216475
47 63 0 8 0.00978256389499
13 64 0 8 0.00977440085262
18 61 0 8 0.00976218748838
13 40 0 8 0.00975832529366
39 77 0 8 0.00975375622511
8 40 0 8 0.00973147153854
30 57 0 8 0.00971811823547
1 42 0 8 0.00971781462431
40 50 0 8 0.00969585496932
23 59 0 8 0.00968354661018
35 61 0 8 0.00967232137918
37 49 0 8 0.00965027138591
21 50 0 8 0.00963615439832
18 49 0 8 0.00962113123387
23 64 0 8 0.00960503239185
32 53 0 8 0.00960276089609
26 57 0 8 0.00956523418427
2 61 0 8 0.00956339109689
3 13 0 8 0.00956164766103
6 77 0 8 0.00955931842327
6 28 0 8 0.00955065339804
26 34 0 8 0.00954475998878
1 29 0 8 0.00954357068986
15 44 0 8 0.0095198508352
1 52 0 8 0.00950756575912
23 34 0 8 0.00949483457953
61 70 0 8 0.00945989787579
5 63 0 8 0.00945707410574
41 51 0 8 0.00943611562252
13 59 0 8 0.00942163635045
12 61 0 8 0.00941167399287
6 64 0 8 0.0093961711973
6 19 0 8 0.00938524212688
25 52 0 8 0.00937505997717
1 53 0 8 0.00936495419592
54 67 0 8 0.00936426408589
58 72 0 8 0.00935054849833
11 65 0 8 0.00933309085667
4 61 0 8 0.00931815709919
14 75 0 8 0.00931619852781
18 51 0 8 0.00931000802666
48 61 0 8 0.00928841717541
13 28 0 8 0.00926997885108
27 35 0 8 0.00926810037345
35 51 0 8 0.00922374334186
4 42 0 8 0.00922118593007
42 73 0 8 0.00921883806586
15 65 0 8 0.00921442266554
18 76 0 8 0.00920943915844
21 32 0 8 0.0092053161934
50 80 0 8 0.00919771194458
6 48 0 8 0.00919670891017
19 57 0 8 0.00916973967105
24 38 0 8 0.0091585945338
20 40 0 8 0.00915445480496
19 60 0 8 0.00913767050952
21 63 0 8 0.00912237353623
33 61 0 8 0.00911268498749
9 59 0 8 0.00910854805261
28 68 0 8 0.00910499412566
18 44 0 8 0.00909612420946
7 63 0 8 0.009078389965
9 23 0 8 0.00907142646611
51 58 0 8 0.00906807929277
4 19 0 8 0.00906589906663
7 75 0 8 0.0090598994866
22 42 0 8 0.00905737746507
35 48 0 8 0.00905513577163
44 54 0 8 0.00904907938093
3 68 0 8 0.00904579926282
50 75 0 8 0.00903437286615
72 80 0 8 0.00902349408716
13 70 0 8 0.00902190804482
44 80 0 8 0.00902076158673
32 64 0 8 0.0090154344216
2 67 0 8 0.00900276936591
26 36 0 8 0.00899719353765
23 38 0 8 0.00896963011473
1 66 0 8 0.00895324163139
23 33 0 8 0.00892727449536
15 35 0 8 0.0089128119871
1 34 0 8 0.00891200639307
6 23 0 8 0.00890205148607
5 42 0 8 0.00888722576201
5 70 0 8 0.00886625889689
27 68 0 8 0.0088619934395
19 28 0 8 0.00884299073368
56 79 0 8 0.00883167609572
1 20 0 8 0.00882893428206
13 49 0 8 0.00882470048964
45 80 0 8 0.00882020872086
13 61 0 8 0.00880252197385
1 54 0 8 0.00878253672272
3 54 0 8 0.00877013429999
19 46 0 8 0.00876876153052
6 56 0 8 0.00875592697412
12 40 0 8 0.00873978063464
1 75 0 8 0.00872323941439
31 59 0 8 0.00871543772519
25 56 0 8 0.00871026050299
2 71 0 8 0.00870662555099
64 81 0 8 0.0086993444711
15 56 0 8 0.00869511812925
17 48 0 8 0.00867455452681
12 19 0 8 0.00867023784667
19 27 0 8 0.00866650044918
6 17 0 8 0.00866282638162
11 31 0 8 0.00865399930626
14 41 0 8 0.00864594709128
15 66 0 8 0.00863917730749
10 46 0 8 0.00863683409989
38 54 0 8 0.00862505473197
15 78 0 8 0.00862480979413
38 57 0 8 0.00861845258623
48 75 0 8 0.00859837420285
47 57 0 8 0.00857995916158
16 21 0 8 0.00856603309512
46 79 0 8 0.00855310447514
1 45 0 8 0.00854854937643
36 72 0 8 0.00853737350553
44 67 0 8 0.00853516999632
27 57 0 8 0.00852630101144
11 37 0 8 0.00852229539305
4 18 0 8 0.00851740967482
51 67 0 8 0.00850120931864
13 55 0 8 0.00848354678601
1 62 0 8 0.00847903545946
48 62 0 8 0.00847650598735
6 31 0 8 0.0084688346833
25 59 0 8 0.00845244992524
22 62 0 8 0.00843722932041
39 68 0 8 0.00843531452119
8 20 0 8 0.00843320135027
38 55 0 8 0.00841757748276
28 62 0 8 0.00841735024005
17 59 0 8 0.00841055903584
27 60 0 8 0.00839196890593
25 38 0 8 0.0083486456424
4 64 0 8 0.00834017805755
34 57 0 8 0.00833471026272
25 60 0 8 0.00832344964147
4 55 0 8 0.00828012544662
11 40 0 8 0.00826876331121
9 80 0 8 0.0082593401894
6 53 0 8 0.00825718883425
19 55 0 8 0.00825124699622
9 17 0 8 0.00824372749776
8 60 0 8 0.00823799520731
45 58 0 8 0.00821570958942
11 21 0 8 0.00820983294398
38 62 0 8 0.00819525122643
4 75 0 8 0.00819438323379
26 54 0 8 0.00818334892392
41 73 0 8 0.00816822703928
58 73 0 8 0.00815869867802
53 68 0 8 0.00814523547888
23 74 0 8 0.00813212897629
25 58 0 8 0.00811584480107
11 75 0 8 0.00810772553086
35 79 0 8 0.00810659490526
40 70 0 8 0.00809947028756
43 80 0 8 0.00809393264353
34 62 0 8 0.00808411557227
15 39 0 8 0.00808356516063
2 63 0 8 0.00807873345912
6 65 0 8 0.00807509291917
2 15 0 8 0.00807355344296
37 62 0 8 0.00806595105678
47 70 0 8 0.00806472543627
15 61 0 8 0.00805760733783
36 79 0 8 0.00805667322129
4 36 0 8 0.00804808177054
9 53 0 8 0.00803475733846
7 65 0 8 0.00802974961698
24 58 0 8 0.00800038687885
1 9 0 8 0.00798873882741
13 75 0 8 0.00797691941261
28 67 0 8 0.00794236641377
46 78 0 8 0.00793224293739
46 63 0 8 0.00791531149298
7 58 0 8 0.00791063252836
24 55 0 8 0.0079094953835
29 70 0 8 0.00789596140385
9 50 0 8 0.00789058115333
67 81 0 8 0.00788824446499
27 62 0 8 0.00788810942322
15 76 0 8 0.00788511056453
54 68 0 8 0.00788292847574
20 32 0 8 0.00787113048136
49 61 0 8 0.00786614976823
36 51 0 8 0.00786194205284
25 62 0 8 0.00786188617349
35 59 0 8 0.00785754714161
6 70 0 8 0.00785201042891
22 61 0 8 0.00785060506314
22 59 0 8 0.0078414529562
26 62 0 8 0.00782382115722
18 77 0 8 0.00782332476228
10 31 0 8 0.00782023184001
5 11 0 8 0.00781494285911
15 72 0 8 0.00781199196354
35 76 0 8 0.00779472896829
15 73 0 8 0.00779339764267
20 42 0 8 0.00777976354584
16 77 0 8 0.00777854863554
46 62 0 8 0.00775707839057
69 78 0 8 0.00775652006269
4 60 0 8 0.00775211025029
15 46 0 8 0.00774602405727
14 52 0 8 0.00773868290707
43 60 0 8 0.00773797975853
26 73 0 8 0.00773555645719
1 8 0 8 0.00770840933546
25 61 0 8 0.00769990868866
26 59 0 8 0.00769945327193
14 36 0 8 0.00769407814369
15 77 0 8 0.0076909950003
17 42 0 8 0.00768897170201
31 68 0 8 0.00768703268841
70 78 0 8 0.00767637928948
29 62 0 8 0.00767568219453
19 41 0 8 0.00765856541693
36 46 0 8 0.0076569202356
27 46 0 8 0.00765499658883
18 59 0 8 0.00763386441395
8 47 0 8 0.00762301683426
40 75 0 8 0.00761614879593
3 36 0 8 0.00761292688549
55 67 0 8 0.0076124118641
56 80 0 8 0.00761111872271
6 41 0 8 0.00758627196774
62 81 0 8 0.00758546404541
33 71 0 8 0.00757831009105
31 70 0 8 0.00757499365136
20 68 0 8 0.00757428724319
67 72 0 8 0.00756135862321
9 38 0 8 0.00754927005619
26 58 0 8 0.00753831397742
22 30 0 8 0.00752368709072
22 63 0 8 0.00751391239464
24 39 0 8 0.00751110352576
14 30 0 8 0.00750309927389
25 43 0 8 0.0074713146314
5 61 0 8 0.00745764607564
2 62 0 8 0.00745660159737
12 72 0 8 0.00745537364855
32 59 0 8 0.00745184253901
13 52 0 8 0.00744735030457
4 58 0 8 0.00744553562254
1 73 0 8 0.00744347088039
33 62 0 8 0.00741938827559
42 80 0 8 0.00739520788193
8 66 0 8 0.00738633656874
5 62 0 8 0.00738308252767
9 68 0 8 0.00737314391881
40 68 0 8 0.0073580481112
12 80 0 8 0.00735584739596
36 56 0 8 0.00735536310822
6 43 0 8 0.00735366111621
9 61 0 8 0.00734385894611
6 52 0 8 0.00733808381483
13 63 0 8 0.00733459740877
3 74 0 8 0.00733188632876
15 40 0 8 0.00732942251489
26 69 0 8 0.00732096564025
32 78 0 8 0.00731388572603
26 72 0 8 0.00730818277225
22 68 0 8 0.00730807241052
7 64 0 8 0.00726844929159
53 67 0 8 0.0072673894465
20 63 0 8 0.00726395379752
5 12 0 8 0.00725721009076
58 67 0 8 0.00725416699424
10 53 0 8 0.00724959792569
7 71 0 8 0.00724890828133
18 66 0 8 0.00724118109792
27 61 0 8 0.00723100407049
38 48 0 8 0.00722548132762
37 75 0 8 0.00722451321781
19 42 0 8 0.00721032032743
39 57 0 8 0.00718373479322
9 60 0 8 0.00718319742009
1 55 0 8 0.00717796618119
20 59 0 8 0.00716930581257
17 36 0 8 0.00716422358528
47 80 0 8 0.00715861562639
32 55 0 8 0.00713557284325
16 59 0 8 0.00712952157483
11 51 0 8 0.00712848547846
11 73 0 8 0.00712286867201
31 75 0 8 0.00710393115878
14 51 0 8 0.0070888157934
19 36 0 8 0.00707618054003
45 60 0 8 0.0070496420376
54 78 0 8 0.00704769929871
26 45 0 8 0.00702438969165
44 75 0 8 0.00701645854861
54 76 0 8 0.00701458472759
7 73 0 8 0.00700875464827
4 54 0 8 0.0069972849451
15 69 0 8 0.00698484480381
12 51 0 8 0.00698463013396
5 41 0 8 0.00697835581377
1 68 0 8 0.00697287917137
13 23 0 8 0.00695802411065
36 49 0 8 0.00695798406377
16 58 0 8 0.00695639289916
26 31 0 8 0.00694980146363
5 67 0 8 0.0069302613847
32 63 0 8 0.00692698033527
34 80 0 8 0.00692592421547
24 29 0 8 0.00692061660811
21 54 0 8 0.00691546685994
7 56 0 8 0.00691194739193
21 60 0 8 0.00690162181854
18 43 0 8 0.00690111238509
26 60 0 8 0.00687267957255
48 60 0 8 0.00687200948596
3 67 0 8 0.00686636893079
39 51 0 8 0.00685338722542
17 37 0 8 0.00684727216139
43 75 0 8 0.00684627983719
66 71 0 8 0.00683708162978
44 60 0 8 0.00680506881326
42 68 0 8 0.00680419243872
17 77 0 8 0.00678500346839
14 62 0 8 0.00678019504994
13 36 0 8 0.00677407113835
39 54 0 8 0.00677335215732
42 50 0 8 0.00676601706073
1 10 0 8 0.00675376085564
41 72 0 8 0.00674729933962
13 62 0 8 0.00674612401053
14 53 0 8 0.00674424879253
22 60 0 8 0.00673158233985
12 79 0 8 0.00672770338133
58 81 0 8 0.00671476917341
24 41 0 8 0.00670386338606
49 71 0 8 0.00670228525996
16 53 0 8 0.00669705914333
32 50 0 8 0.00668508885428
36 80 0 8 0.00667368713766
24 42 0 8 0.00666674878448
14 55 0 8 0.00665650656447
21 24 0 8 0.00664002774283
19 70 0 8 0.00663647428155
11 34 0 8 0.00663251150399
9 24 0 8 0.00661342171952
46 81 0 8 0.00661039957777
62 73 0 8 0.00660233525559
11 63 0 8 0.00657109357417
36 48 0 8 0.00657085096464
9 42 0 8 0.00656825583428
15 58 0 8 0.00656044716015
1 74 0 8 0.0065431445837
47 58 0 8 0.00654013222083
66 81 0 8 0.00653946911916
71 81 0 8 0.00652726273984
9 52 0 8 0.00652553141117
28 57 0 8 0.00652069505304
55 78 0 8 0.00651369942352
14 22 0 8 0.00651124957949
54 79 0 8 0.00650910893455
17 78 0 8 0.00650758296251
35 56 0 8 0.00650389678776
41 75 0 8 0.00650324393064
16 66 0 8 0.00649890722707
54 70 0 8 0.00648904126137
33 77 0 8 0.00645385170355
18 69 0 8 0.00645048264414
32 66 0 8 0.00645040022209
26 33 0 8 0.00644236523658
26 47 0 8 0.00644040852785
15 59 0 8 0.00643780035898
9 70 0 8 0.00643690070137
45 70 0 8 0.0064157564193
50 58 0 8 0.0064104902558
16 56 0 8 0.00640394585207
25 67 0 8 0.00638717366382
18 73 0 8 0.00637636426836
15 64 0 8 0.00633878353983
19 59 0 8 0.00633808970451
39 75 0 8 0.00633436441422
8 68 0 8 0.00631980039179
57 81 0 8 0.00631945300847
13 32 0 8 0.00631668698043
16 61 0 8 0.00631499616429
15 41 0 8 0.00630070036277
14 58 0 8 0.0062878462486
21 61 0 8 0.00628570420668
64 73 0 8 0.00628436123952
5 71 0 8 0.00627982756123
12 78 0 8 0.00627189036459
8 56 0 8 0.00626592850313
22 64 0 8 0.00626429589465
31 57 0 8 0.00626062788069
26 55 0 8 0.00625704508275
32 71 0 8 0.00624547200277
2 18 0 8 0.00624062027782
1 56 0 8 0.00623750174418
14 63 0 8 0.00623482698575
36 78 0 8 0.00620518391952
22 34 0 8 0.00620018457994
1 71 0 8 0.00619879178703
1 67 0 8 0.00618354743347
49 59 0 8 0.0061708544381
1 43 0 8 0.00617074640468
6 59 0 8 0.00616270955652
12 73 0 8 0.00616168463603
18 46 0 8 0.00615820195526
12 56 0 8 0.00614721002057
14 77 0 8 0.00613443693146
9 55 0 8 0.00612879917026
4 62 0 8 0.00612384919077
7 57 0 8 0.0061213625595
27 75 0 8 0.00609713187441
24 64 0 8 0.00608765240759
55 77 0 8 0.00608123047277
5 35 0 8 0.00607166066766
59 73 0 8 0.00606861384585
25 41 0 8 0.00606594886631
45 61 0 8 0.00606336724013
38 75 0 8 0.00602329615504
12 76 0 8 0.00602194294333
12 62 0 8 0.00602136366069
54 77 0 8 0.00601529376581
18 53 0 8 0.00601172540337
19 22 0 8 0.00601134635508
18 36 0 8 0.00600926671177
10 42 0 8 0.00599277252331
7 53 0 8 0.00598748028278
25 54 0 8 0.00597448507324
61 73 0 8 0.00595789356157
53 75 0 8 0.0059570632875
23 63 0 8 0.00594339007512
19 53 0 8 0.00593386404216
26 64 0 8 0.00591775542125
11 43 0 8 0.00591530418023
56 77 0 8 0.00590827874839
18 60 0 8 0.00590206496418
43 50 0 8 0.00589735247195
24 63 0 8 0.0058829812333
19 72 0 8 0.00588114419952
4 63 0 8 0.00588015140966
43 57 0 8 0.00586133589968
14 54 0 8 0.00583385396749
46 57 0 8 0.00582525366917
32 54 0 8 0.00582416309044
36 54 0 8 0.0058233984746
7 32 0 8 0.00581907387823
46 71 0 8 0.00579917989671
29 57 0 8 0.0057916874066
15 68 0 8 0.00579102057964
11 56 0 8 0.00576380034909
17 66 0 8 0.00576047599316
62 80 0 8 0.00575595535338
13 58 0 8 0.00575105892494
18 64 0 8 0.00574028817937
24 75 0 8 0.00573545414954
17 76 0 8 0.00573063781485
5 74 0 8 0.0057288473472
12 65 0 8 0.00572255207226
29 67 0 8 0.00571282021701
35 54 0 8 0.00571103347465
14 61 0 8 0.00571068096906
62 79 0 8 0.0057086753659
48 63 0 8 0.00570013420656
58 71 0 8 0.00569343334064
1 13 0 8 0.00568257598206
20 62 0 8 0.00568000320345
42 70 0 8 0.0056703328155
7 35 0 8 0.00565778603777
25 44 0 8 0.0056316293776
22 74 0 8 0.00562953902408
14 70 0 8 0.00562796974555
2 12 0 8 0.00561088742688
11 33 0 8 0.00560269644484
13 67 0 8 0.00559654738754
7 61 0 8 0.00559321511537
11 79 0 8 0.00557819753885
15 51 0 8 0.00557665340602
1 14 0 8 0.00557080982253
24 44 0 8 0.00555670307949
42 75 0 8 0.00555496430025
1 65 0 8 0.0055514909327
18 57 0 8 0.00555050373077
9 58 0 8 0.00555030116811
36 50 0 8 0.00554106058553
21 62 0 8 0.00552829215303
37 67 0 8 0.00552099058405
9 57 0 8 0.00551687646657
12 47 0 8 0.00551302172244
70 76 0 8 0.00551142729819
10 40 0 8 0.00550905708224
46 75 0 8 0.00550828129053
34 63 0 8 0.00550517393276
10 80 0 8 0.00548965204507
32 56 0 8 0.00548408133909
9 64 0 8 0.00547843519598
20 54 0 8 0.00547686358914
19 63 0 8 0.00547255622223
52 75 0 8 0.00547177297994
25 36 0 8 0.00546505628154
3 19 0 8 0.0054511227645
62 71 0 8 0.00543013820425
22 58 0 8 0.00542266760021
1 12 0 8 0.00541802728549
8 13 0 8 0.00541694601998
18 38 0 8 0.00539569277316
8 59 0 8 0.0053905849345
26 46 0 8 0.00538768153638
32 69 0 8 0.00537382438779
18 68 0 8 0.00535968504846
9 33 0 8 0.00535842450336
19 62 0 8 0.00535392574966
15 53 0 8 0.00535201607272
48 58 0 8 0.00533806579188
17 38 0 8 0.005330523476
65 81 0 8 0.00532250246033
31 67 0 8 0.00531500251964
1 70 0 8 0.00531329633668
18 50 0 8 0.00528054218739
49 75 0 8 0.005278238561
28 75 0 8 0.00525651220232
56 71 0 8 0.00525418156758
49 58 0 8 0.0052430331707
63 71 0 8 0.00523627782241
18 42 0 8 0.00523307733238
6 55 0 8 0.00522929802537
15 70 0 8 0.00521664042026
48 57 0 8 0.00521499756724
35 55 0 8 0.00521295238286
25 68 0 8 0.00520650716498
11 77 0 8 0.00519724423066
12 60 0 8 0.00519414851442
38 51 0 8 0.00518812518567
7 70 0 8 0.00518578011543
14 34 0 8 0.00518355704844
11 62 0 8 0.00517293298617
13 57 0 8 0.00516653712839
31 74 0 8 0.00515579152852
8 72 0 8 0.0051362644881
47 74 0 8 0.00512060662732
17 75 0 8 0.00511749088764
35 58 0 8 0.00510281650349
16 52 0 8 0.00508708134294
1 18 0 8 0.00506927073002
32 77 0 8 0.00505564315245
15 30 0 8 0.00502982642502
63 81 0 8 0.00502491043881
8 75 0 8 0.00500836409628
13 35 0 8 0.00500459922478
20 34 0 8 0.00500309141353
50 71 0 8 0.00499034207314
35 50 0 8 0.00498255807906
20 61 0 8 0.0049792942591
32 74 0 8 0.00495951902121
37 70 0 8 0.004957402125
21 41 0 8 0.00495668686926
17 60 0 8 0.00495632272214
8 36 0 8 0.00495602376759
37 71 0 8 0.0049426080659
2 16 0 8 0.00493901176378
18 40 0 8 0.00493875145912
66 80 0 8 0.00493778614327
25 69 0 8 0.00492990156636
41 74 0 8 0.00492875091732
8 18 0 8 0.00492710946128
9 63 0 8 0.00492263678461
12 68 0 8 0.00491964118555
11 47 0 8 0.00491929287091
16 60 0 8 0.00491516804323
2 17 0 8 0.00491112098098
6 57 0 8 0.0049109486863
16 75 0 8 0.00490532908589
27 67 0 8 0.00490123638883
16 30 0 8 0.00490068737417
45 64 0 8 0.00489224912599
8 17 0 8 0.00488574430346
34 75 0 8 0.00487949559465
8 79 0 8 0.00487629184499
12 23 0 8 0.00486958911642
60 71 0 8 0.00485313683748
53 74 0 8 0.00484579382464
45 63 0 8 0.00484336167574
69 76 0 8 0.00484045036137
45 75 0 8 0.00482841767371
10 55 0 8 0.00482314173132
16 65 0 8 0.00480505311862
12 34 0 8 0.00478289462626
18 52 0 8 0.00477577745914
57 79 0 8 0.00477508828044
33 74 0 8 0.00477455370128
63 73 0 8 0.00476825656369
12 33 0 8 0.00476257363334
18 58 0 8 0.00474922778085
31 58 0 8 0.00473392847925
23 54 0 8 0.00473342975602
10 39 0 8 0.00472502456978
36 71 0 8 0.00472206762061
8 16 0 8 0.00471507431939
1 15 0 8 0.00470408424735
55 75 0 8 0.00468165567145
46 70 0 8 0.00467984098941
20 67 0 8 0.00467915926129
42 48 0 8 0.00467661907896
18 70 0 8 0.00466977059841
35 47 0 8 0.00466661946848
16 51 0 8 0.00465981801972
35 78 0 8 0.00463199103251
26 75 0 8 0.00463029835373
7 55 0 8 0.00461590150371
11 45 0 8 0.00461006909609
5 32 0 8 0.00459954934195
59 81 0 8 0.00459588738158
4 12 0 8 0.00458324607462
4 74 0 8 0.00458250241354
51 74 0 8 0.00458049913868
17 63 0 8 0.00456639518961
6 61 0 8 0.00455276947469
16 62 0 8 0.00454388093203
6 30 0 8 0.00454348232597
13 54 0 8 0.00454107997939
32 46 0 8 0.00452784262598
13 71 0 8 0.00452629802749
48 74 0 8 0.00452375039458
10 29 0 8 0.00451641017571
25 29 0 8 0.0045067621395
16 73 0 8 0.00449885614216
22 41 0 8 0.00448962673545
60 81 0 8 0.00447738729417
41 50 0 8 0.0044674044475
12 48 0 8 0.00446256110445
24 46 0 8 0.00443070800975
15 54 0 8 0.00441591674462
4 71 0 8 0.00440767267719
20 57 0 8 0.00440385611728
8 69 0 8 0.00438259076327
16 39 0 8 0.00438240962103
42 74 0 8 0.00437313178554
7 62 0 8 0.00435750139877
26 35 0 8 0.00434926105663
13 41 0 8 0.00434861658141
52 74 0 8 0.00434576207772
9 36 0 8 0.00434177368879
26 63 0 8 0.00433843582869
11 44 0 8 0.00432075792924
16 68 0 8 0.00430997880176
30 75 0 8 0.00429931422696
24 67 0 8 0.00429920619354
13 74 0 8 0.00429791444913
65 80 0 8 0.00428461981937
22 67 0 8 0.00428372668102
1 44 0 8 0.00427467375994
59 71 0 8 0.00427291216329
59 77 0 8 0.0042698578909
6 36 0 8 0.00426917662844
16 43 0 8 0.00426037656143
21 68 0 8 0.00425337487832
61 81 0 8 0.0042429366149
7 31 0 8 0.00424230610952
71 79 0 8 0.00422702124342
33 57 0 8 0.00422656349838
55 80 0 8 0.00421665934846
9 41 0 8 0.00421632500365
7 29 0 8 0.00421381881461
14 57 0 8 0.00420093908906
60 79 0 8 0.00419580796733
44 63 0 8 0.00417455565184
38 70 0 8 0.00416199490428
6 54 0 8 0.00414762971923
18 47 0 8 0.00413021445274
23 75 0 8 0.00412413477898
8 37 0 8 0.00412314618006
35 74 0 8 0.0041203899309
41 57 0 8 0.0041185496375
61 80 0 8 0.00410036556423
7 26 0 8 0.00408692611381
4 67 0 8 0.00408494891599
41 48 0 8 0.00407848274335
27 70 0 8 0.00407392019406
10 58 0 8 0.00407071178779
3 8 0 8 0.00406012963504
9 29 0 8 0.0040586842224
6 29 0 8 0.00403327075765
18 63 0 8 0.00403307937086
12 22 0 8 0.00401928741485
11 23 0 8 0.00401400541887
10 59 0 8 0.003996248357
6 63 0 8 0.00399422599003
16 57 0 8 0.00399000151083
18 72 0 8 0.00398954888806
41 71 0 8 0.0039863740094
14 35 0 8 0.00397439440712
16 40 0 8 0.00397303607315
9 54 0 8 0.00396614894271
15 32 0 8 0.00396280083805
10 36 0 8 0.00395172322169
45 62 0 8 0.00394970411435
36 75 0 8 0.0039485860616
10 60 0 8 0.00394674856216
14 29 0 8 0.00393755175173
29 71 0 8 0.00393416825682
15 29 0 8 0.00393352564424
8 76 0 8 0.00392570858821
18 62 0 8 0.00392434047535
12 69 0 8 0.00391435530037
11 80 0 8 0.00391365773976
38 67 0 8 0.00391156552359
65 79 0 8 0.00390833383426
39 70 0 8 0.0039072628133
17 65 0 8 0.00388821447268
6 33 0 8 0.00387775525451
32 57 0 8 0.00387772009708
17 61 0 8 0.00387509446591
6 60 0 8 0.00387039664201
7 60 0 8 0.00386758637615
35 73 0 8 0.00385412760079
20 70 0 8 0.00384729239158
31 71 0 8 0.00384215684608
36 77 0 8 0.00384054565802
23 67 0 8 0.00383874191903
32 58 0 8 0.00383281847462
61 79 0 8 0.00383211765438
25 63 0 8 0.00382781331427
8 78 0 8 0.00382682238705
2 8 0 8 0.00382358254865
60 73 0 8 0.00381854409352
15 55 0 8 0.00381432543509
16 64 0 8 0.00381093169563
9 28 0 8 0.00380507623777
10 75 0 8 0.00380245619453
14 67 0 8 0.00378888123669
11 78 0 8 0.00378434103914
38 74 0 8 0.0037796376273
19 64 0 8 0.00377589603886
11 68 0 8 0.00377353443764
15 67 0 8 0.00376741215587
12 77 0 8 0.00376269593835
25 73 0 8 0.00375657877885
7 24 0 8 0.00375656108372
22 31 0 8 0.0037466858048
6 58 0 8 0.00374222104438
50 74 0 8 0.00374188669957
11 60 0 8 0.00373453483917
16 69 0 8 0.00372354942374
12 59 0 8 0.00371754541993
12 21 0 8 0.00371277146041
1 17 0 8 0.00370805431157
12 36 0 8 0.00370599748567
35 57 0 8 0.00370388687588
9 26 0 8 0.00369784934446
16 72 0 8 0.00369411986321
45 67 0 8 0.00369285489433
8 15 0 8 0.00368495099247
17 47 0 8 0.00368481269106
15 57 0 8 0.00368275446817
5 18 0 8 0.00365855847485
41 67 0 8 0.00365590839647
57 80 0 8 0.00365380942822
11 30 0 8 0.00365145970136
34 54 0 8 0.00362898502499
16 55 0 8 0.0036272010766
11 36 0 8 0.00362184899859
44 74 0 8 0.00361179304309
63 79 0 8 0.00361175346188
47 67 0 8 0.00360487704165
9 34 0 8 0.00359533610754
56 75 0 8 0.00357259111479
20 35 0 8 0.00357199041173
61 76 0 8 0.00356930634007
60 80 0 8 0.00356609071605
6 32 0 8 0.00354581745341
32 73 0 8 0.00354072637856
59 78 0 8 0.00354043371044
47 71 0 8 0.00353624229319
35 52 0 8 0.00353459105827
8 81 0 8 0.00352787459269
8 38 0 8 0.0035275996197
13 30 0 8 0.00351981911808
15 62 0 8 0.00350439595059
6 62 0 8 0.00348851759918
12 42 0 8 0.00348516926169
21 57 0 8 0.00348236341961
15 43 0 8 0.00346540706232
35 67 0 8 0.00346008408815
25 37 0 8 0.0034462872427
2 14 0 8 0.00344038847834
11 58 0 8 0.00343739637174
25 34 0 8 0.00341822090559
40 67 0 8 0.00341743347235
11 70 0 8 0.00341099384241
10 25 0 8 0.00340917054564
17 40 0 8 0.00340806762688
3 18 0 8 0.00339765194803
71 80 0 8 0.00339597160928
35 69 0 8 0.00339376134798
4 14 0 8 0.00338940625079
18 28 0 8 0.00337819173001
17 46 0 8 0.00337490718812
17 30 0 8 0.00336834741756
20 58 0 8 0.00336772156879
9 62 0 8 0.00336701236665
12 49 0 8 0.00336517300457
8 19 0 8 0.00336271245033
40 74 0 8 0.00335937412456
8 43 0 8 0.00334902084433
9 74 0 8 0.00332951219752
15 42 0 8 0.00332685839385
54 75 0 8 0.00332278315909
61 71 0 8 0.0033109288197
3 11 0 8 0.00331065035425
20 41 0 8 0.00330823287368
20 74 0 8 0.00328513840213
17 50 0 8 0.00327931041829
39 67 0 8 0.00326530705206
49 74 0 8 0.00325924460776
8 65 0 8 0.00323970755562
32 75 0 8 0.003236327786
24 35 0 8 0.00322512770072
12 66 0 8 0.00322197261266
12 53 0 8 0.00322135700844
15 60 0 8 0.00321987248026
8 77 0 8 0.00320685049519
17 62 0 8 0.00320482067764
58 79 0 8 0.00319100986235
44 62 0 8 0.00318507617339
12 63 0 8 0.00317822373472
9 71 0 8 0.00316614913754
1 69 0 8 0.00314650288783
17 49 0 8 0.00314497295767
10 41 0 8 0.00313300639391
53 71 0 8 0.00311836111359
59 80 0 8 0.00311468564905
29 74 0 8 0.00311350892298
57 78 0 8 0.00310954195447
8 22 0 8 0.00307496055029
17 41 0 8 0.00307339546271
46 80 0 8 0.00306858960539
11 28 0 8 0.00306233786978
16 74 0 8 0.00306074996479
70 75 0 8 0.00305870198645
8 35 0 8 0.00304366205819
6 67 0 8 0.00304296915419
30 67 0 8 0.00304192770272
9 45 0 8 0.0030364044942
12 41 0 8 0.00302248378284
6 34 0 8 0.00301361549646
11 61 0 8 0.00300913443789
36 57 0 8 0.00300626619719
6 35 0 8 0.00300431577489
5 15 0 8 0.00296638463624
17 74 0 8 0.00295502552763
12 44 0 8 0.00295478687622
8 51 0 8 0.00295441155322
23 71 0 8 0.00294336955994
16 70 0 8 0.00294188945554
17 58 0 8 0.00293721864
4 15 0 8 0.00293579744175
48 71 0 8 0.00293527264148
8 61 0 8 0.00292563135736
14 71 0 8 0.00292036565952
19 54 0 8 0.00290709175169
18 55 0 8 0.00290503283031
5 14 0 8 0.00289392704144
32 70 0 8 0.00288965390064
15 75 0 8 0.00288106431253
71 76 0 8 0.00287652830593
52 71 0 8 0.00287552061491
6 46 0 8 0.00286712986417
54 71 0 8 0.00285721453838
35 72 0 8 0.00285193487071
6 16 0 8 0.00284790480509
9 30 0 8 0.00284537510015
43 67 0 8 0.00283749704249
17 57 0 8 0.00282898568548
23 36 0 8 0.00282792327926
10 63 0 8 0.00282216444612
11 71 0 8 0.00282196328044
12 52 0 8 0.00281639350578
3 14 0 8 0.00281334039755
20 24 0 8 0.00280840066262
6 71 0 8 0.00279277190566
26 32 0 8 0.00279109808616
64 80 0 8 0.00278973765671
17 39 0 8 0.00278782565147
2 11 0 8 0.00278294226155
11 35 0 8 0.00277907168493
10 61 0 8 0.00277592823841
17 55 0 8 0.00277546630241
19 68 0 8 0.00277180364355
12 71 0 8 0.00275562866591
10 54 0 8 0.00275501143187
12 58 0 8 0.00275139557198
11 55 0 8 0.00274443603121
14 23 0 8 0.00273435469717
17 70 0 8 0.00273271021433
12 35 0 8 0.00273109669797
19 23 0 8 0.00272939330898
12 64 0 8 0.00272313272581
45 71 0 8 0.00271372310817
7 15 0 8 0.00271070376039
18 67 0 8 0.00270902179182
17 56 0 8 0.00269403727725
8 50 0 8 0.00268538785167
26 68 0 8 0.00267008901574
12 75 0 8 0.0026668200735
9 31 0 8 0.0026663558092
15 22 0 8 0.00266581820324
58 75 0 8 0.00266432645731
15 63 0 8 0.00265918835066
15 52 0 8 0.00265537831001
26 70 0 8 0.00265429634601
21 67 0 8 0.00263488362543
16 67 0 8 0.00262961955741
20 75 0 8 0.00260580750182
9 67 0 8 0.00260566873476
10 35 0 8 0.00259782117791
6 74 0 8 0.00258305692114
59 76 0 8 0.00258214911446
61 78 0 8 0.00258017517626
41 49 0 8 0.00257627712563
8 41 0 8 0.00257599633187
71 77 0 8 0.0025668349117
9 35 0 8 0.00256242067553
24 71 0 8 0.00255317869596
59 79 0 8 0.00255084456876
25 74 0 8 0.00253882911056
66 76 0 8 0.00253304536454
14 28 0 8 0.00253228656948
10 57 0 8 0.00252444227226
7 12 0 8 0.00252110045403
35 75 0 8 0.00251797027886
17 64 0 8 0.00250677578151
8 14 0 8 0.00249052932486
17 67 0 8 0.00249013956636
9 32 0 8 0.00248581427149
12 55 0 8 0.00247651454993
25 46 0 8 0.00246792193502
9 46 0 8 0.00245999684557
17 51 0 8 0.00245952862315
17 29 0 8 0.00245361612178
18 35 0 8 0.00244571245275
28 71 0 8 0.00244430964813
22 33 0 8 0.00244177994318
24 32 0 8 0.00243963696994
68 73 0 8 0.00243371981196
12 32 0 8 0.00242882315069
60 76 0 8 0.00242462125607
54 80 0 8 0.00242139073089
12 70 0 8 0.00241513736546
58 78 0 8 0.00240837340243
8 80 0 8 0.00240803183988
19 75 0 8 0.00239576771855
12 74 0 8 0.00239574816078
56 74 0 8 0.00238648150116
15 74 0 8 0.00238488917239
15 71 0 8 0.00237986864522
19 35 0 8 0.0023797431495
8 42 0 8 0.00236932956614
25 35 0 8 0.00236902758479
66 72 0 8 0.00236753490753
42 49 0 8 0.00235891761258
12 43 0 8 0.00234407116659
17 54 0 8 0.00234338548034
17 68 0 8 0.00234302761964
16 29 0 8 0.00233141309582
60 77 0 8 0.00232468382455
61 77 0 8 0.00231124158017
17 53 0 8 0.00231119431555
22 75 0 8 0.00229210755788
10 24 0 8 0.00228930474259
39 71 0 8 0.0022681937553
9 25 0 8 0.00226729619317
11 24 0 8 0.00225977646187
10 74 0 8 0.00225771847181
17 28 0 8 0.00225106207654
11 42 0 8 0.00223441445269
65 71 0 8 0.00223118090071
57 71 0 8 0.00222421111539
18 41 0 8 0.00221505505033
45 68 0 8 0.00221269880421
16 46 0 8 0.0022102650255
45 74 0 8 0.00220881332643
40 71 0 8 0.00219582137652
17 72 0 8 0.00219447398558
27 74 0 8 0.00218936079182
11 52 0 8 0.00217772996984
12 46 0 8 0.00217115413398
61 75 0 8 0.00216541369446
57 74 0 8 0.0021647894755
16 63 0 8 0.0021634651348
8 31 0 8 0.00215962179936
10 26 0 8 0.00214233482257
26 67 0 8 0.00213845446706
8 62 0 8 0.00212094769813
37 74 0 8 0.00210906239226
13 24 0 8 0.00210803118534
58 80 0 8 0.00210341298953
43 74 0 8 0.00209318683483
11 27 0 8 0.00208291318268
48 67 0 8 0.00207978254184
8 74 0 8 0.00206890818663
8 63 0 8 0.00206638150848
62 78 0 8 0.00206633633934
46 74 0 8 0.00205049687065
24 34 0 8 0.00204777624458
11 57 0 8 0.0020425519906
62 77 0 8 0.00204059714451
24 33 0 8 0.00203922553919
63 80 0 8 0.00201545329764
36 70 0 8 0.00201523280703
8 58 0 8 0.00201235106215
4 11 0 8 0.00200676452368
12 31 0 8 0.00199936935678
5 17 0 8 0.00199561729096
18 74 0 8 0.001995599363
11 53 0 8 0.00198779301718
8 27 0 8 0.00197207950987
8 28 0 8 0.00197074725293
5 16 0 8 0.00195725634694
46 67 0 8 0.0019548991695
6 15 0 8 0.00195036258083
25 31 0 8 0.00194666627795
21 74 0 8 0.00193402636796
52 67 0 8 0.00193343369756
35 70 0 8 0.00192619278096
39 74 0 8 0.00192274071742
60 75 0 8 0.0019219951937
62 74 0 8 0.00191791984253
34 74 0 8 0.001917583053
17 45 0 8 0.00191722996533
21 75 0 8 0.00189596600831
21 36 0 8 0.00189477263484
16 54 0 8 0.00189427298028
12 57 0 8 0.0018921024166
8 21 0 8 0.00188091339078
8 49 0 8 0.00187970430125
62 76 0 8 0.00187458249275
10 67 0 8 0.00186813762411
55 71 0 8 0.00186679197941
25 33 0 8 0.00185656861868
4 16 0 8 0.00185531156603
57 77 0 8 0.00184506131336
11 29 0 8 0.00184445281047
14 74 0 8 0.00184241647366
58 76 0 8 0.00183335400652
1 11 0 8 0.00183217984159
12 50 0 8 0.0018025811296
12 24 0 8 0.00179959100205
57 75 0 8 0.00178546016105
58 77 0 8 0.00177925766911
27 71 0 8 0.00177790562157
12 45 0 8 0.00177037715912
11 74 0 8 0.00176864804234
10 71 0 8 0.00175748055335
8 71 0 8 0.00175689929165
30 74 0 8 0.00175096921157
17 21 0 8 0.00174943963066
54 74 0 8 0.00174338521902
20 25 0 8 0.00173296849243
42 67 0 8 0.00172598904464
12 54 0 8 0.0017222679453
34 71 0 8 0.00170693511609
36 74 0 8 0.00169412652031
8 53 0 8 0.00168559327722
17 69 0 8 0.00167810823768
7 13 0 8 0.0016622308176
14 25 0 8 0.00165879062843
60 78 0 8 0.00165546871722
16 71 0 8 0.00164864305407
25 30 0 8 0.00163516774774
38 71 0 8 0.00161401077639
13 26 0 8 0.00160765030887
24 30 0 8 0.00158179516438
68 79 0 8 0.00157670525368
65 76 0 8 0.00157405168284
71 78 0 8 0.00156975677237
8 52 0 8 0.001564566046
67 76 0 8 0.00155981129501
10 62 0 8 0.00155838020146
17 71 0 8 0.00155318132602
18 54 0 8 0.00154535018373
8 44 0 8 0.00151158112567
64 71 0 8 0.00148417812306
12 67 0 8 0.00148365320638
55 74 0 8 0.00147382507566
8 70 0 8 0.00146423757542
8 29 0 8 0.00146146677434
20 71 0 8 0.00145114969928
12 27 0 8 0.00144955783617
20 36 0 8 0.00144372635987
44 71 0 8 0.0014246214414
42 71 0 8 0.00141826062463
14 24 0 8 0.0014016443165
17 52 0 8 0.00139523053076
59 75 0 8 0.00139462540392
24 36 0 8 0.00138678541407
7 74 0 8 0.00137495168019
36 73 0 8 0.00136780506
64 79 0 8 0.00134401279502
43 71 0 8 0.00132999185007
8 34 0 8 0.00132114812732
59 74 0 8 0.00131543597672
62 75 0 8 0.00130330759566
12 25 0 8 0.00129769160412
68 77 0 8 0.00129460298922
12 28 0 8 0.00129263638519
8 25 0 8 0.00127393309958
11 67 0 8 0.00127362064086
14 27 0 8 0.0012651628349
6 12 0 8 0.00125951238442
8 48 0 8 0.00124632799998
11 25 0 8 0.00121105660219
8 57 0 8 0.00119128567167
17 43 0 8 0.0011878676014
8 26 0 8 0.0011864512926
15 28 0 8 0.0011832510354
19 67 0 8 0.00118155544624
12 30 0 8 0.00117525423411
11 41 0 8 0.00117060029879
70 77 0 8 0.00116575928405
3 15 0 8 0.00116169534158
17 44 0 8 0.001159999636
23 31 0 8 0.00115037010983
22 71 0 8 0.00114598486107
17 73 0 8 0.00113928329665
68 80 0 8 0.00113718467765
8 46 0 8 0.0011331695132
6 14 0 8 0.00112978182733
8 55 0 8 0.00112578435801
30 71 0 8 0.00112394674215
4 17 0 8 0.00111588672735
11 46 0 8 0.00111116678454
22 32 0 8 0.00109278270975
64 78 0 8 0.00108484423254
13 25 0 8 0.00107906234916
61 74 0 8 0.00107824092265
21 71 0 8 0.00106619915459
12 29 0 8 0.00105804775376
8 24 0 8 0.00105442665517
25 71 0 8 0.00104834884405
18 22 0 8 0.00104078138247
3 17 0 8 0.00101428967901
19 74 0 8 0.00100230425596
66 79 0 8 0.000997899915092
8 33 0 8 0.000966590305325
69 74 0 8 0.000963658909313
11 54 0 8 0.000958269461989
67 80 0 8 0.000946847372688
23 35 0 8 0.000946016458329
64 76 0 8 0.000945745210629
11 26 0 8 0.000939060817473
63 74 0 8 0.000930031586904
16 28 0 8 0.000904138723854
22 36 0 8 0.000893117510714
65 78 0 8 0.000879451574292
69 77 0 8 0.000871723983437
8 45 0 8 0.000870633637533
8 54 0 8 0.000870417163242
8 30 0 8 0.000867004389875
21 35 0 8 0.000861879845615
65 77 0 8 0.000860353233293
10 32 0 8 0.000831100041978
60 74 0 8 0.000826111994684
64 75 0 8 0.000813054328319
18 27 0 8 0.000802202441264
8 67 0 8 0.000798943103291
67 79 0 8 0.000786845979746
24 31 0 8 0.000782503513619
23 32 0 8 0.000778741727117
16 22 0 8 0.000772935862187
67 78 0 8 0.000748688355088
11 32 0 8 0.000742165837437
58 74 0 8 0.000729566207156
67 73 0 8 0.00070690055145
18 71 0 8 0.000684322963934
66 74 0 8 0.000674829818308
66 75 0 8 0.000674739421811
66 73 0 8 0.000659467885271
65 75 0 8 0.000659101235215
68 76 0 8 0.000653197057545
18 26 0 8 0.000645884370897
8 32 0 8 0.00063243007753
66 78 0 8 0.000617916346528
35 71 0 8 0.000610779738054
25 32 0 8 0.000604950939305
26 71 0 8 0.000595541845541
3 16 0 8 0.000582637032494
63 77 0 8 0.000577036698814
17 22 0 8 0.000567887793295
63 78 0 8 0.000541976478416
15 23 0 8 0.000535441271495
65 74 0 8 0.000524941482581
68 78 0 8 0.000516345608048
22 35 0 8 0.000513906998094
17 27 0 8 0.000500526919495
63 76 0 8 0.0004973092
67 77 0 8 0.000475277687656
19 71 0 8 0.00047299801372
15 27 0 8 0.000454323308077
7 14 0 8 0.000434395042248
66 77 0 8 0.000433861365309
68 74 0 8 0.000428972620284
6 13 0 8 0.000405530881835
69 75 0 8 0.000405402563047
12 26 0 8 0.000399880256737
64 74 0 8 0.000392052257666
16 24 0 8 0.000360551377526
15 25 0 8 0.000351661117747
19 25 0 8 0.000348608911736
16 27 0 8 0.000337498699082
15 24 0 8 0.0003346845333
14 26 0 8 0.000331130839186
19 24 0 8 0.000308460672386
64 77 0 8 0.000292217446258
18 23 0 8 0.000290357595077
19 26 0 8 0.000288437557174
16 23 0 8 0.000281646614894
63 75 0 8 0.000197205328732
17 23 0 8 0.000189024416613
16 25 0 8 0.000186603472685
68 75 0 8 0.000182541974937
18 24 0 8 0.00017864156689
67 75 0 8 0.000178626578418
15 26 0 8 0.000173741500475
16 26 0 8 0.000163298624102
67 74 0 8 0.000133645880851
17 26 0 8 0.000126001861645
17 25 0 8 0.00011629799701
17 24 0 8 9.21404207475e-05
18 25 0 8 8.84282198967e-05
