74 75 0 8 0.999997258186
75 76 0 8 0.999996960163
85 86 0 8 0.999996781349
77 78 0 8 0.999996721745
51 52 0 8 0.99999666214
54 55 0 8 0.999996542931
73 74 0 8 0.999996423721
53 54 0 8 0.999996244907
3 4 0 8 0.999993979931
4 5 0 8 0.999993801117
65 66 0 8 0.999993443489
19 20 0 8 0.999993443489
64 65 0 8 0.999992787838
17 18 0 8 0.999991953373
79 80 0 8 0.999991059303
81 82 0 8 0.999989569187
80 81 0 8 0.999989449978
86 87 0 8 0.999987125397
78 79 0 8 0.999986708164
56 57 0 8 0.999985396862
55 56 0 8 0.999984264374
12 13 0 8 0.999979555607
7 8 0 8 0.999978601933
66 67 0 8 0.9999781847
16 17 0 8 0.999972403049
18 19 0 8 0.999963700771
30 31 0 8 0.999961256981
57 58 0 8 0.999959886074
13 14 0 8 0.999955356121
67 68 0 8 0.999951720238
24 25 0 8 0.999951660633
72 73 0 8 0.999951183796
46 47 0 8 0.999946951866
2 3 0 8 0.999945104122
1 2 0 8 0.999942004681
82 83 0 8 0.999941945076
26 27 0 8 0.999941587448
58 59 0 8 0.99994045496
76 77 0 8 0.999936282635
43 44 0 8 0.999934196472
22 23 0 8 0.999934017658
15 16 0 8 0.999932706356
61 62 0 8 0.999925613403
60 61 0 8 0.999923288822
45 46 0 8 0.999921619892
50 51 0 8 0.999918699265
83 84 0 8 0.999910771847
71 72 0 8 0.999904572964
62 63 0 8 0.999901413918
52 53 0 8 0.999891042709
47 48 0 8 0.999879777431
84 85 0 8 0.999878942966
14 15 0 8 0.999872386456
5 6 0 8 0.999866068363
44 45 0 8 0.999859035015
42 43 0 8 0.999857902527
68 69 0 8 0.999849617481
20 21 0 8 0.999843120575
49 50 0 8 0.999838769436
27 28 0 8 0.999837219715
59 60 0 8 0.999823093414
25 26 0 8 0.999813258648
31 32 0 8 0.999811112881
37 38 0 8 0.999807596207
9 10 0 8 0.999776124954
69 70 0 8 0.999767303467
21 22 0 8 0.999761641026
6 7 0 8 0.99975925684
29 30 0 8 0.999752700329
23 24 0 8 0.999747574329
63 64 0 8 0.999740004539
70 71 0 8 0.999737262726
33 34 0 8 0.999716103077
11 12 0 8 0.999675035477
48 49 0 8 0.999650657177
34 35 0 8 0.99963748455
38 39 0 8 0.999632000923
8 9 0 8 0.99960744381
40 41 0 8 0.999506413937
36 37 0 8 0.999482989311
35 36 0 8 0.999256312847
39 40 0 8 0.999239444733
41 42 0 8 0.999213337898
32 33 0 8 0.999132454395
10 11 0 8 0.999074995518
53 55 0 8 0.999000608921
28 29 0 8 0.998856186867
77 79 0 8 0.998386979103
53 56 0 8 0.997949063778
76 78 0 8 0.997719347477
78 80 0 8 0.997554600239
74 76 0 8 0.997378945351
80 82 0 8 0.997210502625
57 59 0 8 0.996886193752
77 80 0 8 0.996860742569
54 56 0 8 0.996626257896
79 81 0 8 0.996474325657
77 81 0 8 0.996417701244
81 83 0 8 0.996096372604
78 81 0 8 0.996063113213
53 57 0 8 0.995740890503
16 19 0 8 0.995376527309
17 19 0 8 0.995153427124
18 20 0 8 0.995142519474
15 17 0 8 0.99499464035
55 57 0 8 0.994900166988
56 58 0 8 0.994883358479
15 18 0 8 0.99423789978
16 18 0 8 0.993837118149
74 77 0 8 0.993415594101
52 54 0 8 0.993082046509
54 57 0 8 0.992970228195
76 79 0 8 0.991884529591
75 77 0 8 0.991767585278
52 55 0 8 0.991661071777
79 82 0 8 0.991315066814
73 76 0 8 0.990969538689
73 75 0 8 0.990904033184
57 60 0 8 0.988422691822
56 59 0 8 0.987646877766
54 58 0 8 0.986482381821
15 19 0 8 0.986274898052
6 45 0 8 0.984514355659
17 20 0 8 0.984340369701
55 58 0 8 0.983450233936
78 82 0 8 0.980449855328
18 21 0 8 0.980164468288
58 60 0 8 0.977573752403
49 51 0 8 0.976503551006
81 84 0 8 0.976456940174
76 80 0 8 0.975956499577
55 59 0 8 0.975487351418
75 78 0 8 0.975439190865
16 20 0 8 0.974954366684
50 52 0 8 0.974854469299
14 18 0 8 0.974770903587
80 83 0 8 0.974302947521
19 21 0 8 0.972854852676
73 77 0 8 0.970819175243
52 56 0 8 0.96993970871
82 84 0 8 0.969786465168
19 22 0 8 0.969778895378
7 46 0 8 0.967728197575
56 60 0 8 0.967305958271
51 53 0 8 0.962023973465
49 52 0 8 0.961028695107
30 32 0 8 0.955876111984
4 13 0 8 0.954361617565
74 78 0 8 0.954185783863
3 5 0 8 0.952389776707
58 61 0 8 0.950355350971
29 31 0 8 0.94947552681
6 43 0 8 0.947371542454
4 6 0 8 0.946649968624
50 53 0 8 0.94196408987
23 25 0 8 0.941909372807
79 83 0 8 0.939452588558
17 21 0 8 0.938148796558
51 54 0 8 0.93739759922
30 33 0 8 0.933758378029
12 14 0 8 0.930190145969
57 61 0 8 0.928588449955
8 47 0 8 0.927506327629
75 79 0 8 0.927168667316
8 48 0 8 0.926979482174
59 61 0 8 0.92549353838
7 53 0 8 0.923263907433
34 36 0 8 0.921447217464
82 85 0 8 0.921100318432
5 7 0 8 0.919211566448
52 80 0 8 0.918722212315
4 11 0 8 0.917631089687
11 43 0 8 0.917153000832
31 33 0 8 0.915695726871
7 48 0 8 0.914424002171
20 22 0 8 0.912325739861
84 86 0 8 0.911245763302
2 13 0 8 0.905900120735
29 32 0 8 0.903501391411
69 71 0 8 0.9031047225
61 63 0 8 0.902995944023
72 77 0 8 0.902346730232
62 64 0 8 0.901999175549
65 67 0 8 0.901355206966
45 47 0 8 0.897077798843
25 27 0 8 0.896140277386
41 43 0 8 0.896133542061
29 33 0 8 0.894357264042
14 19 0 8 0.891855120659
83 85 0 8 0.890215277672
44 46 0 8 0.890058994293
5 44 0 8 0.885675609112
5 46 0 8 0.882981657982
18 22 0 8 0.882514119148
80 84 0 8 0.880822896957
2 4 0 8 0.880085647106
33 35 0 8 0.879713177681
43 45 0 8 0.879602611065
49 53 0 8 0.877956271172
60 62 0 8 0.870794177055
64 66 0 8 0.863129019737
70 72 0 8 0.862205982208
32 34 0 8 0.862023711205
69 72 0 8 0.860962092876
8 46 0 8 0.860415995121
7 9 0 8 0.860359728336
6 46 0 8 0.859797775745
26 28 0 8 0.859787940979
59 62 0 8 0.852804005146
14 57 0 8 0.851266145706
6 44 0 8 0.850330710411
72 76 0 8 0.848848283291
46 48 0 8 0.848275721073
3 14 0 8 0.847180128098
11 13 0 8 0.841232895851
52 76 0 8 0.839082896709
39 41 0 8 0.835267484188
8 50 0 8 0.832385778427
81 85 0 8 0.830243229866
10 12 0 8 0.829256892204
6 8 0 8 0.822191178799
67 69 0 8 0.814401209354
4 43 0 8 0.813675999641
13 15 0 8 0.80857872963
38 41 0 8 0.803968608379
66 68 0 8 0.803327858448
18 61 0 8 0.798201143742
22 24 0 8 0.795780479908
6 9 0 8 0.79549831152
47 49 0 8 0.789092063904
33 36 0 8 0.782537043095
63 65 0 8 0.781565666199
22 25 0 8 0.775739073753
38 40 0 8 0.770733356476
5 12 0 8 0.770662784576
27 29 0 8 0.769035995007
51 55 0 8 0.764552116394
8 10 0 8 0.758980512619
55 77 0 8 0.75829398632
4 12 0 8 0.7535572052
40 42 0 8 0.753121197224
52 77 0 8 0.752200126648
18 57 0 8 0.751354694366
68 72 0 8 0.751000881195
9 11 0 8 0.74696367979
1 3 0 8 0.741916239262
48 80 0 8 0.739357948303
59 66 0 8 0.733555614948
22 59 0 8 0.732792019844
26 46 0 8 0.71425974369
83 86 0 8 0.713457405567
31 34 0 8 0.713253200054
52 72 0 8 0.712821602821
48 52 0 8 0.706862926483
60 64 0 8 0.701643049717
60 66 0 8 0.700941205025
5 14 0 8 0.697838127613
2 14 0 8 0.697053253651
2 15 0 8 0.695623934269
85 87 0 8 0.693060815334
5 43 0 8 0.692609667778
30 34 0 8 0.691945254803
36 38 0 8 0.689318716526
68 70 0 8 0.686081171036
35 37 0 8 0.683685004711
22 60 0 8 0.678200960159
18 60 0 8 0.67671495676
32 35 0 8 0.671326100826
10 50 0 8 0.670482635498
39 42 0 8 0.666051149368
3 12 0 8 0.664666593075
56 80 0 8 0.658411741257
58 62 0 8 0.657810866833
56 81 0 8 0.645905733109
12 53 0 8 0.644273757935
71 73 0 8 0.638256311417
14 16 0 8 0.624000310898
60 63 0 8 0.623548150063
46 53 0 8 0.622426331043
38 42 0 8 0.62045109272
48 53 0 8 0.62040990591
28 32 0 8 0.618499517441
5 11 0 8 0.615397572517
6 12 0 8 0.61311507225
22 63 0 8 0.612088501453
3 13 0 8 0.611296772957
7 47 0 8 0.608155369759
61 64 0 8 0.606128513813
42 44 0 8 0.605149686337
34 37 0 8 0.601487517357
50 54 0 8 0.598029017448
6 13 0 8 0.593919098377
7 12 0 8 0.592278838158
27 60 0 8 0.585001111031
1 15 0 8 0.582681894302
37 39 0 8 0.579819381237
4 14 0 8 0.57893884182
82 86 0 8 0.577208638191
10 51 0 8 0.574468255043
45 53 0 8 0.568503201008
49 54 0 8 0.567015886307
72 74 0 8 0.562211990356
24 26 0 8 0.553690373898
32 36 0 8 0.551353991032
31 35 0 8 0.549928545952
1 16 0 8 0.541939795017
12 50 0 8 0.531675875187
8 49 0 8 0.529043376446
48 50 0 8 0.528856873512
19 25 0 8 0.528542220592
21 23 0 8 0.527703821659
6 11 0 8 0.520736098289
5 45 0 8 0.51274484396
28 30 0 8 0.510147750378
33 37 0 8 0.508658289909
22 64 0 8 0.504634439945
5 27 0 8 0.501311600208
3 15 0 8 0.481388300657
19 60 0 8 0.481139868498
57 66 0 8 0.480529785156
25 60 0 8 0.480153232813
19 27 0 8 0.475850760937
5 13 0 8 0.466409623623
28 33 0 8 0.46615460515
55 72 0 8 0.446028500795
46 84 0 8 0.438470959663
38 43 0 8 0.42671623826
3 16 0 8 0.419633716345
7 10 0 8 0.409267306328
7 56 0 8 0.407060801983
15 61 0 8 0.405370295048
59 63 0 8 0.404357075691
9 48 0 8 0.393114030361
20 23 0 8 0.388647288084
59 64 0 8 0.387921571732
8 53 0 8 0.380524873734
66 81 0 8 0.376339524984
46 60 0 8 0.37511920929
45 48 0 8 0.364784240723
12 57 0 8 0.360357940197
55 69 0 8 0.356985241175
68 77 0 8 0.353954851627
81 86 0 8 0.347532331944
21 63 0 8 0.342307567596
23 28 0 8 0.336629658937
7 66 0 8 0.334988594055
19 23 0 8 0.32559210062
19 26 0 8 0.32399892807
2 16 0 8 0.323424369097
6 10 0 8 0.319841235876
22 28 0 8 0.313553631306
25 28 0 8 0.313402980566
4 44 0 8 0.313039153814
7 45 0 8 0.310558855534
37 41 0 8 0.310498684645
30 44 0 8 0.30779466033
43 64 0 8 0.282055288553
26 30 0 8 0.28200468421
51 72 0 8 0.277066111565
38 44 0 8 0.273317188025
59 81 0 8 0.268631905317
5 53 0 8 0.266251534224
27 46 0 8 0.265777498484
37 43 0 8 0.264091730118
55 68 0 8 0.259644091129
37 44 0 8 0.255253374577
6 48 0 8 0.255216270685
4 45 0 8 0.255181193352
46 52 0 8 0.254777550697
6 47 0 8 0.254581183195
23 26 0 8 0.253257811069
47 53 0 8 0.251731783152
8 45 0 8 0.251109480858
3 44 0 8 0.24785490334
14 46 0 8 0.240961834788
26 29 0 8 0.240340575576
47 52 0 8 0.239249423146
69 76 0 8 0.23481091857
45 56 0 8 0.229605540633
3 18 0 8 0.228421583772
39 43 0 8 0.223570078611
3 19 0 8 0.220062419772
60 81 0 8 0.218247950077
27 30 0 8 0.216942176223
40 43 0 8 0.212293565273
27 56 0 8 0.211837545037
37 42 0 8 0.211772844195
7 50 0 8 0.210833251476
7 60 0 8 0.210441112518
27 44 0 8 0.209488004446
14 27 0 8 0.208967000246
9 47 0 8 0.205594018102
2 45 0 8 0.199865832925
4 46 0 8 0.199280843139
14 61 0 8 0.198217332363
67 73 0 8 0.196304857731
9 46 0 8 0.195616260171
65 79 0 8 0.194024518132
44 66 0 8 0.193297713995
12 54 0 8 0.19221560657
4 42 0 8 0.191050514579
48 56 0 8 0.190702974796
37 46 0 8 0.189176186919
7 57 0 8 0.187459141016
29 34 0 8 0.187137067318
34 38 0 8 0.187077045441
14 60 0 8 0.181795433164
5 56 0 8 0.181535229087
84 87 0 8 0.179948702455
69 73 0 8 0.179001688957
7 11 0 8 0.178873836994
47 50 0 8 0.173898115754
22 26 0 8 0.173659592867
46 50 0 8 0.173518642783
50 73 0 8 0.171037063003
44 65 0 8 0.170797377825
5 10 0 8 0.166817262769
28 44 0 8 0.165044814348
16 30 0 8 0.162336647511
25 29 0 8 0.160939306021
28 60 0 8 0.160003229976
9 45 0 8 0.158567607403
1 14 0 8 0.158264607191
26 44 0 8 0.158260628581
7 52 0 8 0.153427436948
9 12 0 8 0.153114661574
5 18 0 8 0.153044626117
69 77 0 8 0.152475610375
3 45 0 8 0.152033433318
16 28 0 8 0.151843562722
8 61 0 8 0.151746481657
7 44 0 8 0.150535956025
9 80 0 8 0.149659916759
12 15 0 8 0.146430030465
5 66 0 8 0.14621630311
46 56 0 8 0.144873201847
50 55 0 8 0.142485246062
3 46 0 8 0.140894636512
59 68 0 8 0.140743941069
66 77 0 8 0.140292242169
28 55 0 8 0.140091508627
29 44 0 8 0.13977278769
13 44 0 8 0.137679815292
14 53 0 8 0.13671182096
68 73 0 8 0.136061698198
51 71 0 8 0.136029079556
72 80 0 8 0.135674536228
83 87 0 8 0.135164454579
55 76 0 8 0.133787661791
19 28 0 8 0.13305079937
46 49 0 8 0.132083773613
2 43 0 8 0.131461173296
54 69 0 8 0.131368383765
12 45 0 8 0.13107702136
70 73 0 8 0.13064289093
27 53 0 8 0.130538880825
56 77 0 8 0.129658713937
35 38 0 8 0.128592461348
53 84 0 8 0.12760694325
22 27 0 8 0.127302259207
67 72 0 8 0.127085909247
16 42 0 8 0.123668454587
7 49 0 8 0.123656153679
13 43 0 8 0.123008623719
55 67 0 8 0.122932165861
41 44 0 8 0.122572638094
19 53 0 8 0.122423626482
23 29 0 8 0.122342087328
9 44 0 8 0.120764389634
3 53 0 8 0.120017230511
5 15 0 8 0.118589773774
30 36 0 8 0.118070878088
27 45 0 8 0.116933755577
18 25 0 8 0.11662901938
26 60 0 8 0.1164919734
26 85 0 8 0.116236016154
68 71 0 8 0.115986332297
3 43 0 8 0.114162147045
4 15 0 8 0.113627433777
49 72 0 8 0.113559193909
12 66 0 8 0.113302111626
8 84 0 8 0.112583011389
24 28 0 8 0.111892163754
37 40 0 8 0.111614085734
3 11 0 8 0.111266732216
51 69 0 8 0.11069329083
5 9 0 8 0.110595948994
28 66 0 8 0.109915807843
7 69 0 8 0.109907060862
53 80 0 8 0.109575852752
5 26 0 8 0.108402065933
19 57 0 8 0.107550695539
8 12 0 8 0.107260048389
2 12 0 8 0.106485441327
8 56 0 8 0.105584606528
4 66 0 8 0.105416826904
59 69 0 8 0.104651629925
60 65 0 8 0.103872641921
12 56 0 8 0.103605702519
8 11 0 8 0.101787522435
30 35 0 8 0.101673617959
45 49 0 8 0.101638481021
11 44 0 8 0.101282082498
12 26 0 8 0.100717887282
27 47 0 8 0.100352473557
28 36 0 8 0.100255571306
43 67 0 8 0.0996368154883
6 80 0 8 0.0975550860167
60 80 0 8 0.0970862135291
66 76 0 8 0.0958409011364
1 17 0 8 0.09568759799
53 81 0 8 0.0949142277241
36 45 0 8 0.0938528552651
23 27 0 8 0.0936575606465
26 48 0 8 0.0933889001608
9 53 0 8 0.0931037142873
3 65 0 8 0.0929732695222
5 47 0 8 0.0927045866847
12 48 0 8 0.0923412516713
26 56 0 8 0.0914493128657
7 80 0 8 0.0906288698316
13 66 0 8 0.0889548957348
3 60 0 8 0.0875274986029
6 66 0 8 0.0869531258941
27 48 0 8 0.0865788459778
7 68 0 8 0.0860072225332
52 69 0 8 0.085778541863
47 80 0 8 0.0855842903256
27 57 0 8 0.0848359018564
37 45 0 8 0.0847585424781
56 84 0 8 0.0845294967294
18 27 0 8 0.0842411667109
27 31 0 8 0.0840472877026
65 75 0 8 0.0838342234492
57 84 0 8 0.0835500732064
44 53 0 8 0.0834565833211
25 44 0 8 0.0831888020039
55 80 0 8 0.0828367695212
5 30 0 8 0.0824453383684
4 10 0 8 0.0823107808828
8 80 0 8 0.0805147364736
29 36 0 8 0.0803675279021
56 66 0 8 0.0798788145185
53 86 0 8 0.0798729360104
1 71 0 8 0.0797884017229
8 36 0 8 0.0794304385781
59 65 0 8 0.0791122019291
66 72 0 8 0.079067222774
12 44 0 8 0.0789447799325
49 80 0 8 0.0786233916879
53 83 0 8 0.078213609755
9 69 0 8 0.0780837908387
60 67 0 8 0.0777179449797
58 81 0 8 0.0775450915098
26 84 0 8 0.076699398458
27 36 0 8 0.0766991302371
16 33 0 8 0.0764560699463
27 32 0 8 0.0763568431139
58 66 0 8 0.075370490551
25 43 0 8 0.075131483376
25 46 0 8 0.0751070603728
25 59 0 8 0.0746997594833
28 43 0 8 0.0744333192706
36 39 0 8 0.0742148831487
45 84 0 8 0.0741844549775
6 69 0 8 0.0736223980784
3 67 0 8 0.0733239352703
8 44 0 8 0.0733164176345
26 45 0 8 0.0732263103127
57 68 0 8 0.0728696137667
44 67 0 8 0.0726457834244
36 44 0 8 0.0725110918283
20 24 0 8 0.0719622820616
45 50 0 8 0.0717310979962
31 36 0 8 0.0714256688952
57 81 0 8 0.0709272772074
6 53 0 8 0.0707975700498
12 67 0 8 0.070757471025
1 47 0 8 0.0704738199711
7 27 0 8 0.0692288130522
3 57 0 8 0.0692005679011
19 52 0 8 0.0689564794302
8 52 0 8 0.0680182799697
59 80 0 8 0.0679196640849
20 27 0 8 0.0673003271222
45 52 0 8 0.0672414302826
3 68 0 8 0.0671744868159
28 46 0 8 0.0668457672
46 81 0 8 0.066840454936
61 66 0 8 0.0668263435364
6 41 0 8 0.066816277802
8 60 0 8 0.0664073526859
26 32 0 8 0.0663227513433
51 76 0 8 0.0663198307157
44 59 0 8 0.0662132203579
61 81 0 8 0.0661918446422
19 56 0 8 0.0661657378078
7 26 0 8 0.0660626292229
3 56 0 8 0.0659059658647
5 8 0 8 0.0653263553977
24 29 0 8 0.0652925595641
7 43 0 8 0.0651773139834
14 66 0 8 0.0650962218642
19 81 0 8 0.0650908574462
13 18 0 8 0.0646281689405
2 17 0 8 0.064361654222
11 66 0 8 0.0643112882972
7 84 0 8 0.0642554536462
3 48 0 8 0.0641373321414
28 37 0 8 0.0639280974865
9 50 0 8 0.0638198405504
26 47 0 8 0.0638047754765
42 45 0 8 0.0637765228748
50 72 0 8 0.0634730905294
7 61 0 8 0.0634373128414
1 70 0 8 0.0629702135921
14 45 0 8 0.0629386305809
7 86 0 8 0.0626156106591
26 53 0 8 0.0626026988029
25 48 0 8 0.0624652765691
2 48 0 8 0.0623047500849
19 44 0 8 0.0622801966965
25 47 0 8 0.0621934346855
7 85 0 8 0.0620287433267
3 66 0 8 0.0617447346449
60 84 0 8 0.0617355518043
14 28 0 8 0.0616004504263
73 84 0 8 0.061492882669
5 67 0 8 0.0614420883358
48 62 0 8 0.0614185966551
3 47 0 8 0.0613200962543
44 56 0 8 0.0612363480031
2 46 0 8 0.0610488057137
38 45 0 8 0.0609275847673
36 41 0 8 0.060917634517
13 46 0 8 0.0608540698886
27 59 0 8 0.0605722628534
1 13 0 8 0.060562748462
12 46 0 8 0.0604557618499
7 81 0 8 0.060389533639
19 24 0 8 0.0603784099221
13 45 0 8 0.0599458701909
67 70 0 8 0.0598796792328
21 60 0 8 0.0597292669117
18 80 0 8 0.0593689866364
48 84 0 8 0.0593397431076
10 72 0 8 0.0588499605656
43 46 0 8 0.0588099882007
28 31 0 8 0.0587598346174
57 77 0 8 0.0585229583085
5 42 0 8 0.0582999065518
18 56 0 8 0.0577533952892
71 76 0 8 0.0577531978488
16 27 0 8 0.0577002204955
29 37 0 8 0.0575458183885
12 72 0 8 0.0575008876622
19 84 0 8 0.0569675080478
46 80 0 8 0.0568000935018
19 59 0 8 0.0567336715758
6 56 0 8 0.0566706471145
5 19 0 8 0.0566648989916
70 77 0 8 0.0558921582997
7 77 0 8 0.0556116774678
27 33 0 8 0.0550024621189
28 45 0 8 0.0549815222621
48 83 0 8 0.0545543842018
33 38 0 8 0.0545308180153
7 64 0 8 0.0544852465391
7 59 0 8 0.054408442229
27 43 0 8 0.0540159791708
22 46 0 8 0.0539558157325
12 19 0 8 0.0537098646164
18 53 0 8 0.0536430999637
3 22 0 8 0.053484596312
27 66 0 8 0.053362198174
14 80 0 8 0.0532216913998
21 64 0 8 0.0530805513263
2 47 0 8 0.0529548414052
49 58 0 8 0.0528720133007
5 68 0 8 0.0528154745698
24 27 0 8 0.0527539998293
14 44 0 8 0.0525408536196
2 37 0 8 0.0524828545749
8 63 0 8 0.0524113141
26 36 0 8 0.0523567423224
53 77 0 8 0.0522886253893
14 56 0 8 0.0521731153131
1 42 0 8 0.0519850328565
12 69 0 8 0.0519407168031
32 37 0 8 0.0518799833953
35 39 0 8 0.0513002127409
14 67 0 8 0.0511163435876
22 62 0 8 0.0510348640382
6 38 0 8 0.0508451201022
39 44 0 8 0.0507736466825
4 40 0 8 0.0507603771985
13 27 0 8 0.0506866276264
13 16 0 8 0.0505605489016
14 26 0 8 0.050530295819
30 37 0 8 0.0504888035357
15 27 0 8 0.0501866042614
12 60 0 8 0.0501673072577
52 86 0 8 0.0500889308751
15 63 0 8 0.0499892123044
3 27 0 8 0.049739561975
25 55 0 8 0.0496601872146
8 66 0 8 0.0495150946081
5 65 0 8 0.0493208654225
29 35 0 8 0.0492994599044
5 77 0 8 0.0490627363324
4 65 0 8 0.0489679612219
18 58 0 8 0.0489488206804
22 36 0 8 0.0488822944462
5 57 0 8 0.0488312393427
9 49 0 8 0.0488026887178
43 60 0 8 0.0487941987813
45 66 0 8 0.0485601276159
82 87 0 8 0.048557959497
54 72 0 8 0.048250798136
63 66 0 8 0.048099398613
36 40 0 8 0.0480635762215
14 84 0 8 0.0478475280106
55 83 0 8 0.0477365106344
8 57 0 8 0.0476576834917
36 46 0 8 0.0475807823241
21 25 0 8 0.0474954806268
11 14 0 8 0.0474288910627
40 44 0 8 0.04742699489
14 22 0 8 0.0473702512681
2 68 0 8 0.0472903773189
7 63 0 8 0.0471579767764
9 56 0 8 0.0465267524123
31 37 0 8 0.0465067662299
14 64 0 8 0.0463567748666
30 46 0 8 0.0462909974158
4 64 0 8 0.0461275018752
27 52 0 8 0.0460540167987
61 65 0 8 0.0458779297769
19 30 0 8 0.0458273179829
57 86 0 8 0.0457511581481
2 69 0 8 0.0455760918558
70 74 0 8 0.0455582439899
46 77 0 8 0.0455487109721
12 59 0 8 0.0455386862159
54 66 0 8 0.0454846024513
36 84 0 8 0.0452478714287
7 83 0 8 0.0451506078243
4 39 0 8 0.0450901463628
15 69 0 8 0.0447976924479
14 42 0 8 0.0447265580297
27 80 0 8 0.0444566346705
10 37 0 8 0.0442985631526
26 37 0 8 0.0442927777767
8 68 0 8 0.0440599136055
68 76 0 8 0.0440276376903
12 27 0 8 0.0439956597984
60 77 0 8 0.0439442135394
19 47 0 8 0.0437345057726
12 52 0 8 0.0435957759619
20 25 0 8 0.0432607792318
12 43 0 8 0.0432130359113
59 86 0 8 0.0429971553385
2 44 0 8 0.042709749192
36 42 0 8 0.0426631681621
27 37 0 8 0.0425030961633
44 48 0 8 0.0422352813184
10 69 0 8 0.0420023389161
4 47 0 8 0.0419132299721
13 67 0 8 0.0418677963316
66 69 0 8 0.0417982451618
26 50 0 8 0.0414794385433
1 4 0 8 0.0412771888077
14 86 0 8 0.041238386184
9 13 0 8 0.0411879383028
12 65 0 8 0.041087705642
21 27 0 8 0.0408529080451
24 30 0 8 0.0408439710736
62 80 0 8 0.0408386178315
27 86 0 8 0.040815833956
19 45 0 8 0.0406240522861
6 60 0 8 0.0404563210905
35 46 0 8 0.0402298048139
7 13 0 8 0.0400843471289
9 83 0 8 0.0399970673025
4 25 0 8 0.0398284643888
59 84 0 8 0.0397762209177
22 56 0 8 0.0397046096623
22 45 0 8 0.039613686502
2 64 0 8 0.0395866669714
55 66 0 8 0.0390941947699
18 26 0 8 0.0390436351299
9 66 0 8 0.039001557976
68 74 0 8 0.0389396697283
35 82 0 8 0.0387995094061
25 45 0 8 0.0386295393109
11 46 0 8 0.0385849289596
10 70 0 8 0.0384877286851
14 17 0 8 0.0383856929839
57 83 0 8 0.0383400768042
58 64 0 8 0.0383271202445
8 69 0 8 0.0382514186203
1 48 0 8 0.0382177941501
45 80 0 8 0.0381632894278
15 46 0 8 0.0380677767098
15 60 0 8 0.0379874370992
27 83 0 8 0.03797917068
10 53 0 8 0.0379633791745
61 80 0 8 0.0379549078643
10 71 0 8 0.0377474948764
25 56 0 8 0.0377077758312
28 59 0 8 0.0372687578201
62 65 0 8 0.0372469089925
4 16 0 8 0.0371242202818
44 83 0 8 0.0370289385319
8 77 0 8 0.0369462706149
8 83 0 8 0.0368311107159
15 57 0 8 0.0367979519069
34 44 0 8 0.0367675088346
46 83 0 8 0.0367087498307
48 74 0 8 0.0366993844509
2 66 0 8 0.0366480313241
58 67 0 8 0.0365255363286
10 67 0 8 0.0364733487368
14 69 0 8 0.0364500917494
12 61 0 8 0.0364010259509
1 46 0 8 0.03630836308
16 64 0 8 0.0362657494843
49 76 0 8 0.0362240187824
9 86 0 8 0.0361975468695
47 56 0 8 0.0361708141863
11 40 0 8 0.0360871106386
4 67 0 8 0.0360707752407
14 65 0 8 0.0357743352652
58 63 0 8 0.035666693002
49 55 0 8 0.0354394726455
67 71 0 8 0.0353852659464
1 69 0 8 0.0353717245162
48 51 0 8 0.035076636821
36 43 0 8 0.0350616388023
10 47 0 8 0.0350545570254
1 64 0 8 0.0349908582866
27 55 0 8 0.0349762588739
23 30 0 8 0.0348819158971
12 68 0 8 0.0348818823695
19 61 0 8 0.034699101001
28 53 0 8 0.0346665494144
16 29 0 8 0.0344748161733
34 40 0 8 0.03441895172
64 85 0 8 0.0343213416636
67 74 0 8 0.0342213101685
50 84 0 8 0.0340350419283
18 23 0 8 0.0339621640742
66 73 0 8 0.0338931083679
33 44 0 8 0.0337665677071
45 57 0 8 0.033696975559
60 83 0 8 0.0336956940591
10 68 0 8 0.0336492583156
19 46 0 8 0.0336100980639
5 60 0 8 0.0335574038327
18 52 0 8 0.0334400981665
15 66 0 8 0.0333988294005
60 86 0 8 0.0331846214831
3 77 0 8 0.0331284590065
13 69 0 8 0.0331081598997
7 55 0 8 0.0328859351575
26 52 0 8 0.032832942903
45 67 0 8 0.0326596796513
8 86 0 8 0.032644495368
68 79 0 8 0.0326353348792
9 84 0 8 0.0326340720057
47 84 0 8 0.0324488729239
3 29 0 8 0.0323223732412
61 86 0 8 0.03224029392
26 31 0 8 0.032236803323
4 68 0 8 0.0321027301252
71 74 0 8 0.0319717377424
1 41 0 8 0.0316130742431
15 37 0 8 0.0316117852926
64 77 0 8 0.0315514840186
11 36 0 8 0.0315158963203
34 39 0 8 0.0315099060535
45 60 0 8 0.0313081070781
11 47 0 8 0.0312731154263
6 64 0 8 0.0310326367617
2 67 0 8 0.0309735611081
5 81 0 8 0.0309183709323
11 45 0 8 0.0308473017067
8 70 0 8 0.0308257266879
9 70 0 8 0.03067994304
1 49 0 8 0.0305816549808
9 68 0 8 0.030541524291
3 64 0 8 0.0304424203932
28 38 0 8 0.0304219331592
12 38 0 8 0.0303838849068
30 59 0 8 0.03037696518
5 52 0 8 0.0303468257189
29 38 0 8 0.0302351061255
7 28 0 8 0.0301959533244
44 52 0 8 0.0301107857376
14 52 0 8 0.0300390142947
34 41 0 8 0.0300083868206
54 68 0 8 0.0296279471368
10 14 0 8 0.0295708552003
13 28 0 8 0.029475050047
54 73 0 8 0.0294721908867
56 68 0 8 0.029463969171
28 47 0 8 0.0291874520481
47 61 0 8 0.0290326047689
25 33 0 8 0.0290080495179
81 87 0 8 0.0288578495383
62 66 0 8 0.028788080439
66 74 0 8 0.0285944007337
54 84 0 8 0.0285362508148
52 68 0 8 0.0285227987915
3 69 0 8 0.028515836224
10 13 0 8 0.0284599531442
23 43 0 8 0.0284481421113
16 25 0 8 0.0284325089306
9 43 0 8 0.0281895007938
23 41 0 8 0.02796199359
20 28 0 8 0.027944561094
20 34 0 8 0.0278057772666
5 80 0 8 0.0276513230056
1 43 0 8 0.0276353377849
11 69 0 8 0.0273399334401
66 80 0 8 0.0273318197578
21 24 0 8 0.0273129437119
47 51 0 8 0.0272861067206
18 46 0 8 0.0272409860045
28 34 0 8 0.0269972607493
45 68 0 8 0.0268894247711
22 33 0 8 0.0267772339284
30 45 0 8 0.0266726277769
13 42 0 8 0.0265452563763
28 56 0 8 0.0265290718526
60 68 0 8 0.0264523681253
8 30 0 8 0.0264229867607
49 77 0 8 0.0263689737767
22 55 0 8 0.0262678973377
72 75 0 8 0.0262347981334
5 84 0 8 0.0260962899774
12 84 0 8 0.0260496977717
26 59 0 8 0.0260000880808
26 73 0 8 0.0259048920125
12 77 0 8 0.0258652158082
12 51 0 8 0.0257222019136
16 31 0 8 0.0256527867168
12 37 0 8 0.025620514527
1 63 0 8 0.0256188884377
5 61 0 8 0.0256092008203
43 66 0 8 0.0254283193499
1 65 0 8 0.0253839306533
46 57 0 8 0.0253316536546
46 68 0 8 0.0253236014396
29 46 0 8 0.0253091305494
4 77 0 8 0.0252591315657
29 43 0 8 0.0252453479916
35 40 0 8 0.0252022892237
54 86 0 8 0.0251304395497
56 83 0 8 0.0251081995666
11 72 0 8 0.0250830240548
2 18 0 8 0.0250604823232
45 55 0 8 0.0250482186675
44 64 0 8 0.0250126980245
61 84 0 8 0.0249824505299
53 72 0 8 0.0249421969056
5 83 0 8 0.0248815082014
2 49 0 8 0.0248564202338
48 86 0 8 0.0247808918357
27 72 0 8 0.0245311874896
19 86 0 8 0.0245046727359
7 65 0 8 0.024469954893
48 77 0 8 0.0242099072784
43 65 0 8 0.0241858810186
80 86 0 8 0.0240622181445
56 69 0 8 0.0239317417145
21 28 0 8 0.0237850565463
12 86 0 8 0.0237771999091
10 44 0 8 0.0237012151629
9 61 0 8 0.0236955694854
46 69 0 8 0.0236115641892
18 45 0 8 0.0235901549459
27 38 0 8 0.0235728397965
3 84 0 8 0.0235637649894
66 71 0 8 0.0234669297934
16 26 0 8 0.0234639458358
26 72 0 8 0.0234221369028
13 64 0 8 0.0234151780605
9 77 0 8 0.0233948361129
3 42 0 8 0.0233710706234
12 80 0 8 0.0233473870903
8 62 0 8 0.0232700314373
9 60 0 8 0.0231825746596
15 53 0 8 0.023121483624
2 86 0 8 0.023093925789
13 17 0 8 0.0230503398925
23 36 0 8 0.0229811388999
57 80 0 8 0.0229472331703
14 81 0 8 0.0229380372912
25 30 0 8 0.0228705126792
68 81 0 8 0.0228293947875
8 64 0 8 0.0227213520557
19 77 0 8 0.0227066818625
6 14 0 8 0.0226849410683
26 66 0 8 0.0226752758026
3 81 0 8 0.0226342063397
13 47 0 8 0.0224984809756
1 45 0 8 0.0224767103791
25 52 0 8 0.0224700793624
65 72 0 8 0.022460443899
26 69 0 8 0.0224118139595
30 53 0 8 0.0224082358181
26 57 0 8 0.0223938096315
18 59 0 8 0.0223361123353
67 76 0 8 0.0223248638213
46 66 0 8 0.0223158989102
14 47 0 8 0.0222021192312
13 37 0 8 0.0221569128335
50 85 0 8 0.0221224781126
62 67 0 8 0.0220681093633
37 86 0 8 0.0220597796142
1 87 0 8 0.0219772197306
3 49 0 8 0.0219454895705
56 86 0 8 0.0218739267439
21 61 0 8 0.021838882938
25 53 0 8 0.021833576262
1 18 0 8 0.0218182448298
8 87 0 8 0.0217908043414
4 41 0 8 0.0217054467648
30 39 0 8 0.0216545406729
14 77 0 8 0.0215939134359
15 64 0 8 0.0215661115944
4 17 0 8 0.0215181801468
59 83 0 8 0.0215169787407
7 67 0 8 0.021494852379
1 44 0 8 0.0214485377073
49 86 0 8 0.0213971156627
5 69 0 8 0.021362381056
44 47 0 8 0.0213182345033
8 15 0 8 0.0213084928691
69 74 0 8 0.0213067885488
12 49 0 8 0.0212541613728
5 48 0 8 0.0212312806398
57 69 0 8 0.0212248433381
10 49 0 8 0.021181628108
6 68 0 8 0.0211191568524
4 86 0 8 0.0210785083473
7 87 0 8 0.0210577528924
64 67 0 8 0.021052474156
4 53 0 8 0.0210184510797
7 74 0 8 0.0209471732378
9 52 0 8 0.020933277905
11 38 0 8 0.0209168363363
3 86 0 8 0.0208697319031
32 38 0 8 0.0208646357059
14 43 0 8 0.0208572931588
2 65 0 8 0.0208512209356
3 24 0 8 0.0208385307342
3 30 0 8 0.0208196826279
66 70 0 8 0.0208062957972
30 38 0 8 0.0207909103483
19 80 0 8 0.0207906272262
3 17 0 8 0.0207824017853
20 31 0 8 0.0207097474486
11 74 0 8 0.0207055602223
25 49 0 8 0.0206797514111
4 37 0 8 0.0206594225019
35 41 0 8 0.0205988902599
1 40 0 8 0.0205874871463
1 85 0 8 0.0205381885171
9 59 0 8 0.0205374881625
25 57 0 8 0.02052362822
11 68 0 8 0.0205089282244
6 81 0 8 0.0204919334501
2 42 0 8 0.0203484110534
26 83 0 8 0.0203363057226
65 74 0 8 0.0203337110579
15 28 0 8 0.0203277431428
11 15 0 8 0.0202978849411
44 80 0 8 0.0201104190201
36 52 0 8 0.0200552232563
21 26 0 8 0.0200491882861
7 42 0 8 0.0200476702303
8 13 0 8 0.0199913829565
27 84 0 8 0.0199605394155
28 48 0 8 0.0199569016695
2 60 0 8 0.01992431283
2 59 0 8 0.0198870375752
25 37 0 8 0.0198692008853
58 84 0 8 0.0198687817901
27 69 0 8 0.0198671016842
27 58 0 8 0.0198489483446
8 81 0 8 0.0197926014662
34 86 0 8 0.0197612922639
38 46 0 8 0.0197240002453
31 38 0 8 0.0197190437466
14 68 0 8 0.0197177585214
16 61 0 8 0.0196528173983
68 80 0 8 0.0196459237486
12 47 0 8 0.019637266174
3 83 0 8 0.0195941049606
10 42 0 8 0.0195858441293
46 86 0 8 0.0194866731763
10 48 0 8 0.0194848868996
23 60 0 8 0.0194795504212
13 53 0 8 0.0194339044392
11 86 0 8 0.0194319281727
1 86 0 8 0.0194156244397
57 64 0 8 0.0194010511041
44 81 0 8 0.0193690136075
15 30 0 8 0.0193436294794
11 65 0 8 0.0193328373134
11 37 0 8 0.0193157084286
1 67 0 8 0.0193013194948
20 26 0 8 0.0192541945726
44 55 0 8 0.0192453712225
12 16 0 8 0.0192424822599
25 31 0 8 0.0192404575646
19 48 0 8 0.0192234460264
25 77 0 8 0.0192218571901
22 44 0 8 0.019205423072
52 75 0 8 0.0192036181688
2 70 0 8 0.0191937685013
9 67 0 8 0.0191853418946
47 68 0 8 0.0191769003868
10 66 0 8 0.0191705413163
21 59 0 8 0.0191558524966
7 72 0 8 0.0191294830292
6 67 0 8 0.0190977081656
26 33 0 8 0.0190612114966
10 46 0 8 0.0190520230681
48 69 0 8 0.0189461428672
10 38 0 8 0.0189447551966
18 24 0 8 0.0189334768802
9 85 0 8 0.0188561622053
14 37 0 8 0.0188408009708
53 68 0 8 0.0188041906804
47 55 0 8 0.0187917146832
19 29 0 8 0.0187613293529
30 47 0 8 0.018658965826
8 43 0 8 0.0186485741287
52 84 0 8 0.0186460521072
3 74 0 8 0.0186186395586
10 86 0 8 0.0186104401946
2 38 0 8 0.0185723043978
4 48 0 8 0.0185494124889
18 62 0 8 0.0185089185834
28 35 0 8 0.0185047127306
3 59 0 8 0.0184740107507
27 68 0 8 0.0184548255056
11 59 0 8 0.0184457171708
6 39 0 8 0.0184354931116
27 49 0 8 0.0184201523662
8 59 0 8 0.0184157118201
57 67 0 8 0.0184115320444
2 83 0 8 0.0183346197009
5 86 0 8 0.018330482766
6 57 0 8 0.0183215066791
12 55 0 8 0.0182960126549
25 58 0 8 0.0182847846299
13 86 0 8 0.0182699393481
11 27 0 8 0.0182561147958
4 38 0 8 0.0182018317282
45 69 0 8 0.0181986242533
3 80 0 8 0.0181968808174
14 48 0 8 0.0181850902736
23 37 0 8 0.0181524734944
45 77 0 8 0.0181441847235
34 84 0 8 0.0181335862726
59 72 0 8 0.0181074161083
9 74 0 8 0.0180887077004
48 55 0 8 0.0180876795202
25 66 0 8 0.0180447921157
22 66 0 8 0.018013427034
45 83 0 8 0.0179481301457
34 43 0 8 0.0178963299841
57 72 0 8 0.0178906992078
5 64 0 8 0.0178673546761
61 67 0 8 0.0178656987846
15 45 0 8 0.0177898108959
19 33 0 8 0.0177864283323
22 52 0 8 0.0177343636751
67 84 0 8 0.0176910217851
11 67 0 8 0.0176477786154
52 78 0 8 0.0176317486912
13 41 0 8 0.0176297072321
10 77 0 8 0.0176072027534
34 45 0 8 0.0176008436829
71 75 0 8 0.0175955593586
53 66 0 8 0.0175916943699
46 55 0 8 0.01748550497
10 85 0 8 0.0174704547971
18 47 0 8 0.0174687355757
10 73 0 8 0.0174391418695
61 83 0 8 0.0174387581646
58 68 0 8 0.0174236502498
45 86 0 8 0.017401965335
48 59 0 8 0.0173948314041
55 86 0 8 0.0173469893634
17 27 0 8 0.0173412039876
6 59 0 8 0.0173307638615
2 85 0 8 0.0173279698938
18 28 0 8 0.0172904357314
44 60 0 8 0.0172873884439
13 19 0 8 0.0172777026892
12 83 0 8 0.0172727238387
7 37 0 8 0.0172681193799
5 76 0 8 0.0172507632524
67 81 0 8 0.0172476898879
9 38 0 8 0.017246350646
53 69 0 8 0.0172396432608
13 38 0 8 0.0172364432365
22 53 0 8 0.0172170046717
56 67 0 8 0.0171893369406
18 77 0 8 0.0171866137534
10 54 0 8 0.0171657092869
49 81 0 8 0.017159698531
67 77 0 8 0.0171098466963
69 80 0 8 0.0171097833663
27 34 0 8 0.0170877296478
29 40 0 8 0.0170845650136
10 84 0 8 0.0170731823891
25 68 0 8 0.0170626621693
26 43 0 8 0.0170609503984
25 50 0 8 0.0170465223491
16 86 0 8 0.0170214623213
24 47 0 8 0.017005065456
30 42 0 8 0.0170047543943
36 86 0 8 0.0169614478946
18 81 0 8 0.016947215423
4 80 0 8 0.0169421639293
1 68 0 8 0.0169077459723
8 76 0 8 0.0169072635472
29 72 0 8 0.0168885923922
15 47 0 8 0.0168843250722
8 51 0 8 0.0168725755066
15 25 0 8 0.0168631896377
18 86 0 8 0.0167783852667
30 43 0 8 0.0167642626911
57 63 0 8 0.0167580395937
25 64 0 8 0.0167459361255
6 86 0 8 0.0167238637805
8 67 0 8 0.0167161971331
62 86 0 8 0.0166156478226
7 76 0 8 0.0165807567537
47 86 0 8 0.0165682192892
10 45 0 8 0.0165601018816
6 84 0 8 0.0165550801903
59 77 0 8 0.0165493730456
22 37 0 8 0.0165285710245
1 50 0 8 0.0164591167122
22 84 0 8 0.0164469424635
5 29 0 8 0.0164358615875
35 45 0 8 0.0164345130324
65 68 0 8 0.0164001397789
7 18 0 8 0.0163898523897
10 87 0 8 0.0163790397346
48 72 0 8 0.0163653697819
11 64 0 8 0.0163539610803
25 36 0 8 0.0163298156112
2 87 0 8 0.0163293015212
59 67 0 8 0.0162915159017
65 76 0 8 0.0162875205278
46 73 0 8 0.0162730030715
38 86 0 8 0.016266843304
9 57 0 8 0.0162527784705
3 50 0 8 0.016243327409
9 42 0 8 0.0162266939878
27 73 0 8 0.0161986686289
10 43 0 8 0.0161640848964
15 84 0 8 0.016157662496
65 73 0 8 0.0161475762725
19 50 0 8 0.0161371100694
33 43 0 8 0.0161213260144
31 42 0 8 0.0160885639489
14 72 0 8 0.0160794481635
26 55 0 8 0.0160582195967
13 65 0 8 0.0160427130759
30 52 0 8 0.0160313956439
65 71 0 8 0.0160244014114
38 85 0 8 0.0160196665674
21 82 0 8 0.0160121135414
2 50 0 8 0.0159671735018
7 62 0 8 0.0159621611238
2 19 0 8 0.0159491114318
36 47 0 8 0.0159472282976
7 38 0 8 0.0159381534904
67 80 0 8 0.0159324016422
11 53 0 8 0.0159260574728
19 55 0 8 0.0159213412553
58 76 0 8 0.0159156136215
4 27 0 8 0.0159135293216
61 77 0 8 0.0158763900399
2 36 0 8 0.015867209062
36 59 0 8 0.0158548969775
18 83 0 8 0.0158469751477
12 34 0 8 0.0158423855901
4 69 0 8 0.0158387608826
6 77 0 8 0.0158339291811
2 53 0 8 0.0158306080848
14 63 0 8 0.0158027801663
70 76 0 8 0.0157936085016
44 86 0 8 0.0157746896148
14 25 0 8 0.015774236992
11 71 0 8 0.0157560221851
36 53 0 8 0.0157441198826
15 83 0 8 0.0157214980572
47 81 0 8 0.0156906098127
22 29 0 8 0.015679506585
26 49 0 8 0.0156540498137
19 83 0 8 0.0156508758664
5 59 0 8 0.0156483557075
41 45 0 8 0.0156464390457
6 52 0 8 0.0156305860728
15 26 0 8 0.0156060475856
45 81 0 8 0.0155777595937
13 68 0 8 0.0155628342181
35 43 0 8 0.0155556704849
63 67 0 8 0.0155519824475
12 81 0 8 0.0155053287745
50 67 0 8 0.0154989976436
13 77 0 8 0.015488830395
53 85 0 8 0.0154855139554
44 57 0 8 0.0154675822705
11 84 0 8 0.0154598150402
24 48 0 8 0.0154487863183
3 37 0 8 0.0154386144131
47 83 0 8 0.0154334390536
37 84 0 8 0.0154101410881
21 55 0 8 0.0154055766761
9 81 0 8 0.0153409261256
37 59 0 8 0.0152655150741
64 68 0 8 0.0152633283287
9 87 0 8 0.0152594232932
13 55 0 8 0.0152528174222
15 65 0 8 0.0152500327677
12 74 0 8 0.0152265196666
27 77 0 8 0.0152247399092
49 85 0 8 0.015193999745
16 77 0 8 0.0151833370328
10 40 0 8 0.0151594197378
21 36 0 8 0.015140267089
67 86 0 8 0.0150951491669
10 36 0 8 0.0150847164914
8 85 0 8 0.0150770321488
3 55 0 8 0.0150496959686
15 72 0 8 0.015033277683
11 83 0 8 0.015021561645
9 64 0 8 0.014996339567
12 22 0 8 0.0149806048721
7 70 0 8 0.014967571944
9 62 0 8 0.0149667561054
59 78 0 8 0.0149404592812
30 57 0 8 0.0149386906996
8 74 0 8 0.0149278473109
29 45 0 8 0.0149201853201
10 61 0 8 0.0148623846471
43 52 0 8 0.0148505559191
10 80 0 8 0.0148046743125
13 22 0 8 0.0148034440354
1 37 0 8 0.014759757556
2 84 0 8 0.0147481821477
27 54 0 8 0.0147247323766
18 48 0 8 0.0147223528475
16 34 0 8 0.0146739305928
6 65 0 8 0.0146652814001
33 41 0 8 0.0146599896252
9 37 0 8 0.0146542051807
28 73 0 8 0.0146504603326
27 61 0 8 0.014604899101
8 37 0 8 0.0145846894011
52 71 0 8 0.0145605308935
10 41 0 8 0.0145585741848
50 77 0 8 0.0145573914051
19 31 0 8 0.014553014189
20 30 0 8 0.0145270572975
37 85 0 8 0.0145228672773
15 52 0 8 0.0145209012553
6 61 0 8 0.014520294033
5 58 0 8 0.0145157165825
58 85 0 8 0.0145010380074
29 47 0 8 0.0144980326295
54 67 0 8 0.0144937280566
21 52 0 8 0.0144919976592
7 14 0 8 0.0144854746759
10 57 0 8 0.0144834062085
22 58 0 8 0.0144741935655
25 34 0 8 0.014472506009
8 55 0 8 0.0144658628851
15 44 0 8 0.0144391031936
33 39 0 8 0.0144351609051
34 42 0 8 0.0143799763173
50 78 0 8 0.014366844669
13 50 0 8 0.0143643869087
33 42 0 8 0.0143639687449
14 83 0 8 0.0143376430497
3 71 0 8 0.0143038546667
9 65 0 8 0.0142909660935
41 87 0 8 0.0142895746976
20 29 0 8 0.0142827061936
29 39 0 8 0.014275001362
58 83 0 8 0.0142345577478
26 74 0 8 0.0142067298293
6 42 0 8 0.0141833489761
2 74 0 8 0.0141751980409
9 41 0 8 0.0141658456996
4 19 0 8 0.014162203297
14 33 0 8 0.0141604589298
3 73 0 8 0.0141568724066
1 84 0 8 0.0141441468149
25 73 0 8 0.014139666222
37 47 0 8 0.0141291404143
53 74 0 8 0.0141226071864
50 86 0 8 0.0141209866852
53 78 0 8 0.0141073316336
23 64 0 8 0.0141021264717
25 63 0 8 0.0140981692821
26 34 0 8 0.0140930926427
4 84 0 8 0.0140778301284
3 52 0 8 0.0140677997842
3 72 0 8 0.0140423858538
8 72 0 8 0.0140385376289
31 41 0 8 0.0140315303579
18 84 0 8 0.0140303159133
12 28 0 8 0.0139876101166
33 46 0 8 0.0139484284446
6 50 0 8 0.0139464810491
23 48 0 8 0.0139313414693
13 56 0 8 0.0139284469187
11 42 0 8 0.0139277195558
2 62 0 8 0.0139237130061
32 41 0 8 0.0139198107645
48 79 0 8 0.0139151709154
5 16 0 8 0.0139040919021
24 49 0 8 0.01389094349
18 66 0 8 0.0138861313462
22 86 0 8 0.0138720208779
30 41 0 8 0.0138588119298
7 36 0 8 0.0138447424397
29 42 0 8 0.0138278780505
26 70 0 8 0.0138240233064
14 36 0 8 0.013820531778
13 84 0 8 0.0138156190515
13 60 0 8 0.0137812038884
46 67 0 8 0.0137771274894
10 64 0 8 0.0137729942799
18 55 0 8 0.0137214036658
30 55 0 8 0.013699834235
66 84 0 8 0.0136969033629
14 35 0 8 0.0136830983683
25 61 0 8 0.0136772254482
14 59 0 8 0.0136652654037
14 85 0 8 0.0136455474421
30 56 0 8 0.0136404335499
6 83 0 8 0.0136356167495
2 39 0 8 0.0136190410703
49 69 0 8 0.0136034078896
37 83 0 8 0.0135712744668
13 33 0 8 0.0135680194944
15 39 0 8 0.0135559821501
30 86 0 8 0.0135236531496
32 42 0 8 0.0135229220614
23 46 0 8 0.0135097233579
7 73 0 8 0.0135046709329
50 87 0 8 0.0135017689317
58 65 0 8 0.0134960347787
25 38 0 8 0.0134657481685
42 85 0 8 0.0134513694793
9 73 0 8 0.0134400101379
2 56 0 8 0.0134320519865
10 56 0 8 0.0134233217686
18 69 0 8 0.0134214153513
29 53 0 8 0.0134135503322
9 72 0 8 0.0134068885818
1 74 0 8 0.0133995544165
34 46 0 8 0.0133372899145
30 40 0 8 0.0133205596358
23 44 0 8 0.0132979294285
44 68 0 8 0.0132929999381
50 68 0 8 0.0132803963497
44 84 0 8 0.0132721448317
39 45 0 8 0.0132683049887
44 72 0 8 0.0132636176422
28 41 0 8 0.0132602229714
47 69 0 8 0.0132586760446
1 25 0 8 0.0132545782253
55 81 0 8 0.0132478810847
29 41 0 8 0.0132282543927
4 18 0 8 0.0132212350145
9 71 0 8 0.0132183870301
23 63 0 8 0.0132015291601
4 56 0 8 0.0131776724011
31 86 0 8 0.0131699051708
13 80 0 8 0.0131692104042
52 87 0 8 0.0131294177845
45 54 0 8 0.0131185669452
3 76 0 8 0.0131168691441
52 74 0 8 0.0130980871618
23 59 0 8 0.01306205336
2 57 0 8 0.0130570875481
8 42 0 8 0.0130527438596
9 27 0 8 0.0130495065823
15 42 0 8 0.0130477752537
25 80 0 8 0.0130328619853
58 69 0 8 0.0130227031186
19 66 0 8 0.0129971941933
45 72 0 8 0.0129936346784
8 54 0 8 0.0129851736128
7 58 0 8 0.0129801761359
11 29 0 8 0.012962019071
23 33 0 8 0.0129397893324
22 43 0 8 0.012930335477
23 42 0 8 0.0129245845601
55 71 0 8 0.0128979729488
12 64 0 8 0.0128846662119
15 67 0 8 0.0128628276289
14 55 0 8 0.0128316711634
37 60 0 8 0.0127940475941
12 42 0 8 0.012792837806
46 74 0 8 0.0127718551084
56 76 0 8 0.0127600524575
22 83 0 8 0.012759800069
49 84 0 8 0.0127549534664
7 25 0 8 0.0127511415631
31 44 0 8 0.0127508472651
13 87 0 8 0.0127450684085
10 34 0 8 0.0127391777933
15 29 0 8 0.0127335777506
2 40 0 8 0.0127318035811
35 44 0 8 0.0126893958077
12 36 0 8 0.0126853697002
1 66 0 8 0.0126693211496
43 50 0 8 0.0126627860591
54 85 0 8 0.0126623557881
6 49 0 8 0.0126558188349
5 25 0 8 0.012652666308
38 47 0 8 0.0126450862736
3 85 0 8 0.0126355048269
9 76 0 8 0.0126236770302
31 40 0 8 0.0126233091578
34 60 0 8 0.0126189775765
35 42 0 8 0.0125846648589
16 43 0 8 0.0125844869763
12 30 0 8 0.0125833610073
28 54 0 8 0.0125780832022
4 73 0 8 0.0125776445493
52 79 0 8 0.0125716468319
45 76 0 8 0.0125691024587
26 38 0 8 0.0125677473843
28 52 0 8 0.0125525183976
61 85 0 8 0.012548387982
57 76 0 8 0.0125226825476
60 69 0 8 0.0125011727214
48 87 0 8 0.0124736372381
23 38 0 8 0.0124562447891
25 32 0 8 0.0124438107014
53 87 0 8 0.0123859485611
11 73 0 8 0.0123819652945
8 38 0 8 0.012375424616
64 80 0 8 0.0123753193766
5 38 0 8 0.0123669886962
8 14 0 8 0.0123440735042
25 76 0 8 0.0123367393389
43 53 0 8 0.0123198432848
33 40 0 8 0.0122933443636
1 79 0 8 0.0122756455094
12 58 0 8 0.0122689343989
13 52 0 8 0.0122567825019
24 44 0 8 0.0122451623902
28 70 0 8 0.0122304689139
7 30 0 8 0.0122289601713
36 83 0 8 0.0122051602229
23 47 0 8 0.0122022805735
4 83 0 8 0.0121875414625
14 38 0 8 0.0121858706698
3 31 0 8 0.0121579775587
20 32 0 8 0.0121467811987
7 78 0 8 0.0121281193569
5 50 0 8 0.0121101820841
19 38 0 8 0.0120964422822
14 29 0 8 0.0120819257572
57 65 0 8 0.0120582720265
54 87 0 8 0.0120298340917
28 49 0 8 0.0119917541742
25 72 0 8 0.0119828926399
9 14 0 8 0.0119826160371
49 73 0 8 0.0119810299948
11 56 0 8 0.0119654042646
38 84 0 8 0.011958071962
28 69 0 8 0.0119288340211
7 29 0 8 0.0119195645675
10 59 0 8 0.0119149712846
26 58 0 8 0.0118884975091
10 63 0 8 0.0118873603642
28 42 0 8 0.0118802385405
32 40 0 8 0.0118775013834
10 83 0 8 0.0118723707274
10 30 0 8 0.0118575058877
15 74 0 8 0.011833159253
19 68 0 8 0.0118021648377
51 84 0 8 0.0117961158976
8 26 0 8 0.0117875598371
17 28 0 8 0.0117501802742
25 42 0 8 0.0117458952591
15 68 0 8 0.0117405159399
47 77 0 8 0.0117305954918
25 86 0 8 0.011723886244
37 66 0 8 0.0117187602445
26 35 0 8 0.0117153041065
7 54 0 8 0.0117122959346
10 60 0 8 0.0117102917284
32 44 0 8 0.0116932410747
8 58 0 8 0.0116902552545
2 80 0 8 0.0116655435413
17 22 0 8 0.0116606196389
40 45 0 8 0.0116431899369
62 87 0 8 0.0116320885718
2 52 0 8 0.011624224484
41 83 0 8 0.0116204181686
36 60 0 8 0.0115887289867
16 66 0 8 0.0115859592333
58 86 0 8 0.0115827443078
12 18 0 8 0.0115823727101
12 25 0 8 0.0115693332627
8 71 0 8 0.0115634780377
55 79 0 8 0.0115492297336
46 51 0 8 0.0115149579942
2 71 0 8 0.0115050245076
14 87 0 8 0.0115010999143
29 48 0 8 0.0114932581782
2 61 0 8 0.0114704892039
27 50 0 8 0.0114623866975
36 56 0 8 0.0114601450041
43 73 0 8 0.0114542478696
1 34 0 8 0.011430580169
5 49 0 8 0.0114100258797
20 55 0 8 0.0114073799923
1 39 0 8 0.0114023312926
27 39 0 8 0.0113852620125
29 73 0 8 0.0113684749231
11 80 0 8 0.0113578746095
4 74 0 8 0.0113481655717
5 72 0 8 0.011344009079
5 28 0 8 0.0113324541599
16 37 0 8 0.0113285109401
25 83 0 8 0.0113172801211
52 81 0 8 0.0113043589517
9 63 0 8 0.0113007314503
23 49 0 8 0.011294898577
2 11 0 8 0.0112946424633
2 72 0 8 0.0112419845536
2 25 0 8 0.0112377665937
11 28 0 8 0.0112373316661
2 41 0 8 0.0112236021087
13 36 0 8 0.0112217394635
29 68 0 8 0.0111521556973
5 37 0 8 0.0111295878887
16 53 0 8 0.0111014470458
44 50 0 8 0.0110987890512
22 48 0 8 0.0110716642812
5 70 0 8 0.0110391173512
16 44 0 8 0.0110329762101
14 50 0 8 0.0110294548795
53 73 0 8 0.011021764949
4 60 0 8 0.0110179502517
15 59 0 8 0.0110015692189
19 36 0 8 0.0109934937209
10 65 0 8 0.0109914774075
4 63 0 8 0.0109831038862
18 63 0 8 0.0109710944816
25 74 0 8 0.0109602184966
8 41 0 8 0.0109567865729
4 72 0 8 0.0109535101801
29 86 0 8 0.01094244048
27 35 0 8 0.010935661383
5 55 0 8 0.010929711163
3 6 0 8 0.0109230848029
3 7 0 8 0.010921173729
4 76 0 8 0.0109179234132
48 81 0 8 0.0108796954155
1 30 0 8 0.0108708366752
45 65 0 8 0.0108644710854
43 86 0 8 0.0108599215746
3 87 0 8 0.0108556859195
21 29 0 8 0.0108248600736
55 84 0 8 0.0108135156333
9 55 0 8 0.0108118373901
2 5 0 8 0.010809420608
29 52 0 8 0.0107896253467
26 82 0 8 0.0107866125181
2 63 0 8 0.0107706170529
1 83 0 8 0.010766771622
26 86 0 8 0.0107583301142
19 32 0 8 0.0107294619083
48 54 0 8 0.0107274781913
40 87 0 8 0.0107265980914
33 47 0 8 0.0107177970931
15 86 0 8 0.0106935258955
37 72 0 8 0.0106850136071
51 86 0 8 0.0106674972922
36 50 0 8 0.0106601268053
28 57 0 8 0.0106600010768
26 77 0 8 0.0106535563245
8 18 0 8 0.0106442626566
22 30 0 8 0.0106311645359
7 51 0 8 0.0106177702546
1 24 0 8 0.010614765808
11 52 0 8 0.0106116011739
13 72 0 8 0.010589601472
16 38 0 8 0.0105827441439
21 47 0 8 0.0105815958232
13 74 0 8 0.0105793196708
21 32 0 8 0.0105650937185
9 39 0 8 0.0105637880042
38 83 0 8 0.0105556566268
45 59 0 8 0.0105426469818
61 68 0 8 0.0105363316834
30 68 0 8 0.0105358147994
3 38 0 8 0.0105178747326
41 79 0 8 0.010510224849
10 33 0 8 0.0104979984462
36 87 0 8 0.0104968147352
1 82 0 8 0.0104943979532
1 61 0 8 0.0104924421757
2 22 0 8 0.0104838861153
11 24 0 8 0.0104710077867
12 87 0 8 0.0104584805667
24 66 0 8 0.010450755246
26 71 0 8 0.0104457763955
25 79 0 8 0.0104397255927
1 72 0 8 0.0104301581159
15 80 0 8 0.0104223843664
27 74 0 8 0.0104132657871
34 53 0 8 0.0103889023885
26 80 0 8 0.0103536304086
28 39 0 8 0.0103515256196
1 38 0 8 0.01034796983
27 42 0 8 0.010339666158
14 30 0 8 0.0103280795738
18 44 0 8 0.0103206392378
63 86 0 8 0.0102878930047
58 82 0 8 0.0102774109691
28 72 0 8 0.0102580040693
22 65 0 8 0.0102466484532
13 48 0 8 0.0102465897799
29 49 0 8 0.0102426540107
15 62 0 8 0.0102190962061
15 48 0 8 0.010211690329
66 78 0 8 0.0102055901662
22 80 0 8 0.0101935025305
6 15 0 8 0.0101679638028
9 36 0 8 0.0101453028619
4 59 0 8 0.0101390751079
42 65 0 8 0.0101275434718
27 76 0 8 0.010124665685
7 41 0 8 0.0101232463494
3 36 0 8 0.0101195685565
18 74 0 8 0.0101143484935
10 81 0 8 0.0101036885753
3 41 0 8 0.0100964233279
13 83 0 8 0.010087871924
67 78 0 8 0.0100861340761
13 59 0 8 0.0100853350013
3 28 0 8 0.0100753186271
10 15 0 8 0.010070739314
26 76 0 8 0.0100691327825
47 54 0 8 0.0100270900875
3 63 0 8 0.0100011033937
68 75 0 8 0.00999011937529
33 60 0 8 0.00996943656355
33 84 0 8 0.00992344226688
23 50 0 8 0.00991701707244
23 83 0 8 0.00991330482066
6 72 0 8 0.00990232639015
12 29 0 8 0.00988142751157
22 38 0 8 0.00987922120839
56 85 0 8 0.00987823680043
45 85 0 8 0.00987026467919
2 77 0 8 0.00985936634243
55 82 0 8 0.0098548848182
49 71 0 8 0.00984387286007
33 45 0 8 0.00982850976288
23 34 0 8 0.00981617812067
14 74 0 8 0.00981455203146
16 69 0 8 0.00981111451983
60 72 0 8 0.00980863161385
13 49 0 8 0.00979893375188
27 70 0 8 0.00979268457741
3 40 0 8 0.00978740584105
50 81 0 8 0.00978669431061
30 84 0 8 0.00977405067533
19 34 0 8 0.00977347325534
13 26 0 8 0.00974366534501
36 69 0 8 0.00973550230265
33 59 0 8 0.00973522197455
1 19 0 8 0.00973504222929
43 59 0 8 0.00973300635815
32 62 0 8 0.00971804372966
3 61 0 8 0.00971506163478
22 85 0 8 0.0096793724224
64 76 0 8 0.009660795331
29 85 0 8 0.00965179875493
6 27 0 8 0.00964645389467
26 42 0 8 0.00957227963954
12 71 0 8 0.0095486426726
64 73 0 8 0.00954482704401
6 63 0 8 0.00950880069286
23 32 0 8 0.00950259622186
57 85 0 8 0.00946073699743
23 45 0 8 0.0094287507236
24 63 0 8 0.0094225667417
16 36 0 8 0.00942179746926
2 73 0 8 0.00941993296146
22 79 0 8 0.00939726363868
58 80 0 8 0.00937518291175
1 52 0 8 0.00936433579773
22 41 0 8 0.00936072133482
51 70 0 8 0.0093555720523
37 68 0 8 0.00934178940952
37 73 0 8 0.00933332927525
37 87 0 8 0.00932603981346
32 85 0 8 0.00931336916983
9 51 0 8 0.00931240990758
43 72 0 8 0.00930502638221
49 87 0 8 0.00927504803985
11 77 0 8 0.00927391741425
62 79 0 8 0.00927270390093
11 57 0 8 0.00926834624261
50 80 0 8 0.0092613697052
47 76 0 8 0.00925842113793
23 39 0 8 0.00925510562956
1 81 0 8 0.0092374458909
11 60 0 8 0.00920679885894
13 57 0 8 0.00920191127807
54 77 0 8 0.00916718412191
6 55 0 8 0.00915996637195
5 41 0 8 0.00913731660694
11 87 0 8 0.00913596525788
33 55 0 8 0.00913492962718
34 56 0 8 0.0091287381947
22 32 0 8 0.00912812538445
55 78 0 8 0.00912543013692
1 80 0 8 0.00911744032055
16 60 0 8 0.00910637155175
22 47 0 8 0.00909663084894
53 76 0 8 0.00909326132387
30 63 0 8 0.00905645731837
50 76 0 8 0.00903571397066
3 34 0 8 0.00903466437012
65 80 0 8 0.00900752749294
30 60 0 8 0.00899915862828
1 62 0 8 0.00895630940795
4 79 0 8 0.00891491398215
18 68 0 8 0.00891096703708
64 74 0 8 0.00890759471804
49 79 0 8 0.00887668132782
69 75 0 8 0.00887244939804
22 57 0 8 0.00887066684663
22 76 0 8 0.00886567588896
72 78 0 8 0.00885114818811
43 84 0 8 0.00883159693331
4 57 0 8 0.00882920064032
19 74 0 8 0.00882319826633
10 35 0 8 0.00880118645728
23 69 0 8 0.00879963487387
7 39 0 8 0.00879786349833
16 50 0 8 0.00879000779241
14 71 0 8 0.00878930557519
54 76 0 8 0.00878769904375
1 55 0 8 0.00877809245139
57 62 0 8 0.00872707460076
43 85 0 8 0.00870766304433
1 22 0 8 0.00869420170784
14 73 0 8 0.00868711527437
22 61 0 8 0.00867627281696
18 29 0 8 0.00865517277271
44 73 0 8 0.00862313061953
11 48 0 8 0.00860967673361
56 64 0 8 0.00860202033073
34 47 0 8 0.0085833100602
18 76 0 8 0.00855261553079
48 70 0 8 0.00854421034455
21 44 0 8 0.00854278821498
8 28 0 8 0.00852969568223
24 61 0 8 0.00852154195309
2 82 0 8 0.00852056313306
26 68 0 8 0.00850655231625
18 49 0 8 0.00849638693035
13 81 0 8 0.00849537551403
62 83 0 8 0.00846914667636
1 35 0 8 0.00845905020833
13 21 0 8 0.00845016445965
10 52 0 8 0.00844981241971
6 74 0 8 0.00844886619598
66 85 0 8 0.00844267662615
48 76 0 8 0.00844085682184
2 81 0 8 0.00841905083507
24 31 0 8 0.00840748939663
4 55 0 8 0.00839113537222
24 64 0 8 0.00838012062013
13 35 0 8 0.00837748590857
20 33 0 8 0.00837539881468
64 78 0 8 0.00837273336947
54 71 0 8 0.00836135540158
27 41 0 8 0.00835780985653
68 78 0 8 0.00834850408137
4 49 0 8 0.00834538508207
28 83 0 8 0.00831106491387
15 56 0 8 0.00831077434123
64 84 0 8 0.00831033010036
12 39 0 8 0.00830592215061
51 73 0 8 0.0083055216819
69 79 0 8 0.00830360129476
15 36 0 8 0.00828884635121
38 61 0 8 0.00828327424824
38 87 0 8 0.00826261378825
46 54 0 8 0.00825610291213
51 87 0 8 0.00824917946011
34 85 0 8 0.00823510438204
31 39 0 8 0.00822141114622
43 87 0 8 0.00820218864828
5 74 0 8 0.00819261185825
8 39 0 8 0.00818622950464
8 33 0 8 0.00818343088031
29 55 0 8 0.00817385409027
8 65 0 8 0.00817105174065
4 58 0 8 0.00815699715167
35 60 0 8 0.0081569859758
41 64 0 8 0.00814906973392
18 65 0 8 0.00813454389572
48 57 0 8 0.00813427940011
20 40 0 8 0.00811224523932
11 51 0 8 0.00810503866524
33 57 0 8 0.00808979943395
2 34 0 8 0.0080753788352
24 33 0 8 0.00806589797139
4 87 0 8 0.00804498698562
29 71 0 8 0.00803762022406
28 85 0 8 0.00803330913186
44 51 0 8 0.00803047046065
20 52 0 8 0.00802517030388
1 73 0 8 0.00801509525627
25 41 0 8 0.00799695495516
15 70 0 8 0.00799119938165
32 43 0 8 0.00798649434
29 70 0 8 0.00798051338643
30 74 0 8 0.00796245504171
7 71 0 8 0.00794662814587
4 36 0 8 0.00794591009617
23 31 0 8 0.00794093776494
4 81 0 8 0.00794073194265
20 59 0 8 0.00792861171067
44 77 0 8 0.00791343208402
22 82 0 8 0.00790542177856
14 70 0 8 0.00789511017501
48 85 0 8 0.00788037106395
46 59 0 8 0.00787375960499
29 50 0 8 0.00786524172872
13 34 0 8 0.00785666611046
27 71 0 8 0.00785135664046
3 70 0 8 0.00782623887062
47 71 0 8 0.00782462768257
47 70 0 8 0.00782446563244
56 78 0 8 0.00781922135502
37 56 0 8 0.00781352911144
1 21 0 8 0.00781105691567
13 40 0 8 0.00780956773087
7 82 0 8 0.00780602544546
15 71 0 8 0.00779866473749
2 55 0 8 0.00779519369826
56 72 0 8 0.00778291467577
46 72 0 8 0.00776874320582
6 18 0 8 0.00776634737849
27 40 0 8 0.00775189045817
19 76 0 8 0.00775076448917
9 26 0 8 0.00774657027796
14 49 0 8 0.0077458480373
1 29 0 8 0.00772912148386
42 81 0 8 0.00771613465622
37 76 0 8 0.00770808476955
34 83 0 8 0.0077005205676
2 27 0 8 0.00768860476092
46 78 0 8 0.00767814507708
15 43 0 8 0.0076659983024
24 40 0 8 0.00765763036907
15 87 0 8 0.00765403686091
41 86 0 8 0.00764444516972
4 8 0 8 0.00764410151169
42 87 0 8 0.00764039484784
42 67 0 8 0.00761981448159
14 24 0 8 0.00760934362188
12 76 0 8 0.00760460272431
65 69 0 8 0.00760271027684
64 79 0 8 0.00759534910321
3 25 0 8 0.00758746033534
30 50 0 8 0.00756525620818
29 56 0 8 0.00756505923346
22 81 0 8 0.00755895813927
12 33 0 8 0.00755546428263
44 87 0 8 0.00755258975551
28 86 0 8 0.0075272731483
39 86 0 8 0.00749062141404
2 58 0 8 0.00748241180554
16 32 0 8 0.0074770306237
38 69 0 8 0.00746699143201
16 63 0 8 0.00746082700789
32 39 0 8 0.00745676038787
44 69 0 8 0.00743537256494
30 83 0 8 0.00743118626997
6 87 0 8 0.00742769427598
42 68 0 8 0.00742597924545
65 77 0 8 0.00742464372888
7 15 0 8 0.00742436945438
6 37 0 8 0.00742251100019
1 78 0 8 0.00742095848545
9 78 0 8 0.00741896685213
10 74 0 8 0.00741623202339
52 73 0 8 0.00738579826429
25 69 0 8 0.00735660642385
23 66 0 8 0.00735533889383
8 73 0 8 0.00734524568543
45 73 0 8 0.00733940070495
4 28 0 8 0.00733597250655
28 50 0 8 0.00732930097729
21 65 0 8 0.00732369720936
19 43 0 8 0.00730876764283
39 87 0 8 0.0072873076424
1 76 0 8 0.00728425243869
3 78 0 8 0.00727033475414
16 40 0 8 0.00726678734645
43 83 0 8 0.00726442830637
23 52 0 8 0.00726426299661
16 68 0 8 0.00726004131138
70 75 0 8 0.00723515404388
13 63 0 8 0.00723185995594
1 36 0 8 0.00723125739023
32 61 0 8 0.00721661420539
15 81 0 8 0.00719102006406
23 80 0 8 0.00716774119064
60 87 0 8 0.00716766668484
2 23 0 8 0.00715676229447
49 78 0 8 0.00714137917385
31 46 0 8 0.00713827228174
4 7 0 8 0.00713703595102
29 69 0 8 0.0071307439357
39 85 0 8 0.00712546240538
33 71 0 8 0.00711358385161
49 83 0 8 0.00710986694321
14 58 0 8 0.0071098129265
22 69 0 8 0.00709146400914
8 78 0 8 0.00708972895518
62 85 0 8 0.00708167022094
5 87 0 8 0.00706930877641
16 84 0 8 0.00706498604268
28 84 0 8 0.00705935806036
16 24 0 8 0.00704279914498
5 85 0 8 0.00703983893618
29 76 0 8 0.00703893881291
28 77 0 8 0.00702748354524
13 71 0 8 0.00702363438904
6 73 0 8 0.0070192264393
38 59 0 8 0.00698841130361
28 64 0 8 0.00698359822854
20 38 0 8 0.00698079774156
2 24 0 8 0.00696545094252
24 70 0 8 0.00696502253413
1 53 0 8 0.00696034030989
7 40 0 8 0.00695898942649
5 63 0 8 0.00695856101811
11 81 0 8 0.00693977810442
22 77 0 8 0.00693882862106
21 45 0 8 0.00693856272846
2 33 0 8 0.0069372812286
9 58 0 8 0.00693535944447
42 52 0 8 0.0069293784909
19 58 0 8 0.0069146156311
13 29 0 8 0.00690707890317
24 59 0 8 0.00689798500389
2 76 0 8 0.0068889297545
24 42 0 8 0.00688782054931
33 52 0 8 0.00688089290634
19 37 0 8 0.00687270937487
33 86 0 8 0.00686966348439
4 24 0 8 0.00686346227303
80 85 0 8 0.0068611712195
43 55 0 8 0.00685755908489
15 77 0 8 0.00685379328206
23 86 0 8 0.00685112876818
46 76 0 8 0.00684907194227
47 73 0 8 0.00683793658391
11 35 0 8 0.00683703972027
20 45 0 8 0.00683554401621
20 35 0 8 0.00683322641999
64 87 0 8 0.00683308718726
4 52 0 8 0.00681734923273
67 79 0 8 0.00680920528248
34 87 0 8 0.00679380772635
1 77 0 8 0.00678609032184
61 72 0 8 0.00678525445983
31 43 0 8 0.00677959807217
12 73 0 8 0.00676237745211
47 87 0 8 0.00674918526784
19 85 0 8 0.00674723554403
47 57 0 8 0.00674223667011
44 79 0 8 0.00671865977347
6 62 0 8 0.00671133259311
23 71 0 8 0.00668453797698
4 61 0 8 0.00667565641925
30 72 0 8 0.00667227385566
48 71 0 8 0.00667139235884
6 28 0 8 0.00666865613312
66 83 0 8 0.00665766047314
5 33 0 8 0.00665591657162
50 69 0 8 0.00665295403451
8 82 0 8 0.00663961237296
9 79 0 8 0.00663106376305
10 79 0 8 0.00662480015308
65 78 0 8 0.00661246012896
5 36 0 8 0.00661138631403
65 84 0 8 0.00660837069154
58 87 0 8 0.00660542910919
10 76 0 8 0.00659860204905
15 33 0 8 0.00659055169672
38 60 0 8 0.0065850475803
1 12 0 8 0.00658470438793
30 70 0 8 0.00658420845866
18 72 0 8 0.00658040400594
16 65 0 8 0.00656722579151
27 67 0 8 0.00655074929819
21 46 0 8 0.00654652714729
7 19 0 8 0.00654339231551
43 80 0 8 0.0065407147631
11 22 0 8 0.00654042046517
1 56 0 8 0.00653596315533
28 81 0 8 0.00653372192755
4 9 0 8 0.00652203289792
11 63 0 8 0.00652190018445
55 87 0 8 0.00651012966409
13 70 0 8 0.00650223297998
19 35 0 8 0.00649840245023
64 83 0 8 0.00649475865066
24 46 0 8 0.00648935139179
1 31 0 8 0.0064851352945
15 41 0 8 0.00648114224896
24 43 0 8 0.00647860020399
19 49 0 8 0.00646904716268
21 85 0 8 0.00646829931065
60 85 0 8 0.00645768363029
21 83 0 8 0.00644877785817
37 57 0 8 0.00644855154678
6 85 0 8 0.00644206255674
35 87 0 8 0.00643075909466
8 29 0 8 0.00642712507397
14 62 0 8 0.00642586778849
54 80 0 8 0.00642157671973
17 37 0 8 0.00640949746594
35 52 0 8 0.0064094029367
47 79 0 8 0.0063904216513
9 15 0 8 0.00638898368925
9 82 0 8 0.00638778228313
25 35 0 8 0.00638105487451
42 72 0 8 0.00637495052069
12 63 0 8 0.0063735190779
16 57 0 8 0.00637134537101
14 34 0 8 0.0063703218475
24 38 0 8 0.00636796513572
42 86 0 8 0.00635675154626
19 42 0 8 0.00634460989386
7 79 0 8 0.00633960962296
4 23 0 8 0.00633636349812
18 50 0 8 0.00633220933378
49 75 0 8 0.00632811849937
53 70 0 8 0.00630926247686
21 43 0 8 0.00629937183112
26 54 0 8 0.00629415363073
8 40 0 8 0.00629249587655
47 85 0 8 0.00628920504823
44 85 0 8 0.00628027366474
13 85 0 8 0.00626130169258
22 42 0 8 0.00626113824546
19 69 0 8 0.0062480266206
33 48 0 8 0.00624412298203
1 59 0 8 0.00624073855579
28 74 0 8 0.00624051410705
18 85 0 8 0.00623967126012
46 85 0 8 0.00623327633366
35 85 0 8 0.00623298389837
21 34 0 8 0.00622697314247
16 56 0 8 0.00622192630544
37 69 0 8 0.00622154027224
59 87 0 8 0.00621999241412
34 48 0 8 0.00621605012566
17 33 0 8 0.00620125979185
15 32 0 8 0.00619657477364
5 40 0 8 0.00618209410459
16 74 0 8 0.0061810920015
56 65 0 8 0.0061568217352
17 26 0 8 0.00615452881902
14 54 0 8 0.00615448271856
1 60 0 8 0.00614085327834
62 78 0 8 0.00613158242777
24 69 0 8 0.00612982455641
17 24 0 8 0.00612645316869
17 23 0 8 0.00612458912656
10 39 0 8 0.00612247362733
25 70 0 8 0.00612217187881
3 54 0 8 0.00611683866009
55 85 0 8 0.00610450189561
1 58 0 8 0.00610355567187
13 51 0 8 0.006093243137
54 82 0 8 0.00609224149957
59 85 0 8 0.00609158910811
45 51 0 8 0.00609026383609
35 47 0 8 0.00608369195834
47 66 0 8 0.00607905210927
17 25 0 8 0.00607892218977
3 79 0 8 0.00607210677117
22 54 0 8 0.0060689621605
20 86 0 8 0.00604505185038
37 62 0 8 0.00602512340993
15 38 0 8 0.0060216919519
31 68 0 8 0.00600687740371
21 84 0 8 0.00599540024996
13 61 0 8 0.00599432643503
1 33 0 8 0.00598412100226
9 40 0 8 0.00598165392876
16 35 0 8 0.00597852747887
57 74 0 8 0.00597741361707
28 71 0 8 0.00597300380468
29 61 0 8 0.00595605513081
9 54 0 8 0.00595198059455
24 79 0 8 0.00594446342438
38 48 0 8 0.00594085780904
34 49 0 8 0.005937370006
19 54 0 8 0.00593467149884
37 61 0 8 0.00593207869679
41 65 0 8 0.00592925911769
16 41 0 8 0.00592644326389
50 74 0 8 0.00591777497903
11 85 0 8 0.00591551698744
10 27 0 8 0.00591517798603
16 81 0 8 0.00590987270698
9 28 0 8 0.00590550713241
43 47 0 8 0.00590110197663
51 82 0 8 0.00589962257072
45 58 0 8 0.00589823815972
1 51 0 8 0.00588738080114
8 34 0 8 0.00588661059737
62 84 0 8 0.00588387111202
68 83 0 8 0.00588063104078
5 34 0 8 0.00587995350361
22 49 0 8 0.00587540911511
63 80 0 8 0.00586852850392
4 33 0 8 0.00586579693481
25 51 0 8 0.00586491590366
38 68 0 8 0.00586187234148
33 50 0 8 0.00586146069691
38 71 0 8 0.00585854658857
12 85 0 8 0.00585237937048
25 81 0 8 0.00585080916062
54 83 0 8 0.00584610411897
63 87 0 8 0.00582745810971
64 72 0 8 0.00582595774904
7 23 0 8 0.00582564296201
19 65 0 8 0.00581951532513
33 61 0 8 0.00581775000319
14 41 0 8 0.00581009313464
54 78 0 8 0.00580741977319
2 28 0 8 0.0058014402166
63 83 0 8 0.00578633276746
53 67 0 8 0.00577782979235
6 58 0 8 0.00576874846593
29 58 0 8 0.00576131418347
27 81 0 8 0.00575543381274
70 79 0 8 0.00575136952102
26 40 0 8 0.00575134251267
54 81 0 8 0.00574839813635
58 72 0 8 0.00574516458437
1 26 0 8 0.00574444560334
5 78 0 8 0.00574280042201
3 39 0 8 0.00574262393638
22 74 0 8 0.00573607720435
64 86 0 8 0.00573552725837
11 70 0 8 0.00572680262849
23 73 0 8 0.00571812363341
61 87 0 8 0.00571156153455
8 27 0 8 0.00570776313543
11 76 0 8 0.00570473866537
10 78 0 8 0.00570023665205
36 55 0 8 0.00569524755701
41 67 0 8 0.00569500494748
16 49 0 8 0.00569107430056
52 83 0 8 0.00569069152698
21 30 0 8 0.00568174617365
55 70 0 8 0.00568140950054
25 67 0 8 0.0056736539118
33 87 0 8 0.00566558400169
21 80 0 8 0.00566406128928
70 80 0 8 0.00565903633833
48 68 0 8 0.00565269170329
4 85 0 8 0.0056286342442
12 41 0 8 0.00562159297988
21 74 0 8 0.00561499688774
30 51 0 8 0.00561163527891
24 37 0 8 0.00561121758074
25 85 0 8 0.00560957891867
36 77 0 8 0.00559918070212
60 73 0 8 0.0055876141414
23 70 0 8 0.00556590361521
6 76 0 8 0.00556155061349
3 26 0 8 0.00556089682505
25 82 0 8 0.00555938063189
43 51 0 8 0.00555039569736
35 86 0 8 0.0055388668552
13 24 0 8 0.00553681328893
16 83 0 8 0.00551755679771
23 77 0 8 0.00551586924121
34 61 0 8 0.00551280984655
18 87 0 8 0.0054958825931
56 61 0 8 0.00548278121278
48 73 0 8 0.00547149777412
4 30 0 8 0.00547009706497
38 80 0 8 0.00545124942437
63 85 0 8 0.00543610844761
2 29 0 8 0.0054306150414
51 67 0 8 0.00542539916933
50 83 0 8 0.00541028892621
18 33 0 8 0.00541024748236
11 41 0 8 0.00540847191587
33 69 0 8 0.00538103189319
5 82 0 8 0.00537720229477
18 37 0 8 0.00536652794108
25 39 0 8 0.00536519661546
71 77 0 8 0.00536225596443
13 32 0 8 0.00535340234637
37 67 0 8 0.005348096136
37 63 0 8 0.00534394010901
4 50 0 8 0.00533451745287
23 40 0 8 0.00532443681732
63 79 0 8 0.00532093271613
37 71 0 8 0.00531611219049
24 41 0 8 0.00530889770016
65 86 0 8 0.00529354996979
27 51 0 8 0.00528821488842
16 87 0 8 0.00528337853029
34 59 0 8 0.0052822958678
19 72 0 8 0.00528164952993
19 62 0 8 0.00528120342642
28 67 0 8 0.00527398148552
21 41 0 8 0.00527341896668
21 49 0 8 0.00527195353061
4 35 0 8 0.00526547059417
11 34 0 8 0.00525698112324
15 49 0 8 0.00525270355865
45 74 0 8 0.00524915428832
47 72 0 8 0.00523911276832
35 84 0 8 0.00523908482864
11 50 0 8 0.00523588526994
28 40 0 8 0.00523426895961
44 54 0 8 0.00521958852187
50 70 0 8 0.00521305110306
30 48 0 8 0.00521287042648
12 35 0 8 0.00520516140386
16 59 0 8 0.00519944867119
36 85 0 8 0.00519904633984
24 45 0 8 0.00519743608311
33 72 0 8 0.00519164092839
32 86 0 8 0.00519116036594
19 39 0 8 0.00518945930526
15 50 0 8 0.00518753239885
4 70 0 8 0.0051874704659
39 84 0 8 0.00518460711464
36 68 0 8 0.00518263783306
21 86 0 8 0.00517099024728
27 63 0 8 0.00516848638654
19 51 0 8 0.00515370070934
25 71 0 8 0.00513185141608
18 64 0 8 0.00512996735051
34 55 0 8 0.00511464895681
37 64 0 8 0.00510301766917
1 32 0 8 0.00509656080976
33 64 0 8 0.00508917449042
11 26 0 8 0.00508904876187
30 69 0 8 0.00508847925812
26 39 0 8 0.00508727226406
24 71 0 8 0.0050866981037
2 30 0 8 0.00507003534585
36 74 0 8 0.00506852241233
55 73 0 8 0.00505165150389
43 63 0 8 0.00503665115684
24 50 0 8 0.00502361636609
10 55 0 8 0.00501794926822
43 81 0 8 0.00501601863652
9 33 0 8 0.00501598324627
17 69 0 8 0.00501567590982
34 52 0 8 0.00500599527732
39 59 0 8 0.00500525906682
11 25 0 8 0.00499744247645
12 70 0 8 0.00499462196603
15 58 0 8 0.00498935673386
46 87 0 8 0.00497876806185
11 49 0 8 0.0049739908427
60 74 0 8 0.00496237212792
2 21 0 8 0.00495801120996
37 53 0 8 0.00495690619573
23 35 0 8 0.00495235202834
38 56 0 8 0.00494664069265
42 83 0 8 0.00494274869561
6 70 0 8 0.00494253495708
11 55 0 8 0.00493876542896
18 67 0 8 0.00493763620034
43 56 0 8 0.0049297073856
16 21 0 8 0.00492654601112
11 61 0 8 0.00492408731952
15 55 0 8 0.00492014735937
5 73 0 8 0.00490649743006
2 35 0 8 0.00490639265627
16 52 0 8 0.00490501709282
28 76 0 8 0.00490106875077
3 33 0 8 0.00488674128428
38 70 0 8 0.00488022249192
53 79 0 8 0.00487767346203
37 55 0 8 0.00485991174355
36 61 0 8 0.00485550006852
21 33 0 8 0.00485385535285
1 54 0 8 0.00484785204753
16 47 0 8 0.00484698498622
15 78 0 8 0.00483609503135
30 61 0 8 0.00483195483685
39 60 0 8 0.00482186442241
27 85 0 8 0.00482043251395
13 58 0 8 0.00481986068189
3 21 0 8 0.00481920223683
34 66 0 8 0.00481885205954
14 23 0 8 0.00481288973242
5 39 0 8 0.00479967705905
61 82 0 8 0.00479831034318
56 73 0 8 0.0047975522466
34 57 0 8 0.00479630939662
4 29 0 8 0.00477981381118
21 87 0 8 0.00477559166029
29 66 0 8 0.00477191060781
20 44 0 8 0.00476033240557
25 40 0 8 0.00473790196702
13 25 0 8 0.00473752245307
6 36 0 8 0.00473528588191
29 84 0 8 0.0047236122191
43 48 0 8 0.00471056485549
4 26 0 8 0.00469010230154
30 76 0 8 0.00468978844583
4 62 0 8 0.00468111829832
25 84 0 8 0.00468050735071
17 32 0 8 0.00466795731336
16 51 0 8 0.00466242665425
3 58 0 8 0.00465393718332
19 63 0 8 0.00464794132859
17 36 0 8 0.00464477017522
37 52 0 8 0.00464417086914
18 36 0 8 0.0046391938813
1 20 0 8 0.0046289912425
29 62 0 8 0.00462574930862
23 85 0 8 0.00462141912431
40 86 0 8 0.00461369147524
13 54 0 8 0.00461328215897
44 78 0 8 0.00460701528937
25 65 0 8 0.00460607698187
60 78 0 8 0.00459029758349
18 30 0 8 0.00458901468664
20 43 0 8 0.00458617741242
14 39 0 8 0.00457399664447
21 38 0 8 0.00456000771374
13 30 0 8 0.0045581990853
35 56 0 8 0.00454962160438
9 34 0 8 0.00454815384001
39 70 0 8 0.00454733753577
20 36 0 8 0.00454406859353
61 76 0 8 0.00453087640926
24 86 0 8 0.00452762795612
43 57 0 8 0.00452734204009
34 65 0 8 0.00452201999724
23 56 0 8 0.00451757432893
44 82 0 8 0.00451339501888
72 79 0 8 0.00451110117137
15 31 0 8 0.00451073935255
20 47 0 8 0.00450548762456
22 40 0 8 0.0045054233633
33 51 0 8 0.00450529064983
33 68 0 8 0.00450465362519
26 41 0 8 0.00450341776013
12 40 0 8 0.00449991133064
76 81 0 8 0.00449312571436
23 84 0 8 0.00449228985235
63 84 0 8 0.00449011288583
29 60 0 8 0.00448585441336
27 79 0 8 0.0044846618548
8 79 0 8 0.00448364252225
32 55 0 8 0.00447264732793
13 62 0 8 0.00447254162282
30 71 0 8 0.00447206804529
40 82 0 8 0.00447173044086
28 58 0 8 0.00446016201749
34 62 0 8 0.00445630587637
54 70 0 8 0.00445451634005
34 74 0 8 0.00444788997993
42 84 0 8 0.00444655586034
41 84 0 8 0.00444215442985
26 67 0 8 0.00444139773026
4 34 0 8 0.00444137630984
39 61 0 8 0.00442590471357
67 83 0 8 0.00442301202565
53 82 0 8 0.00442220969126
60 79 0 8 0.00441959686577
18 78 0 8 0.00441894493997
19 40 0 8 0.00441349809989
37 48 0 8 0.00441201031208
11 30 0 8 0.00441072927788
22 87 0 8 0.00441050063819
27 65 0 8 0.00440792366862
34 64 0 8 0.00440614344552
10 82 0 8 0.00440324284136
20 46 0 8 0.00440066633746
30 67 0 8 0.00439990637824
32 52 0 8 0.00439945049584
44 49 0 8 0.00439904117957
61 79 0 8 0.00439123576507
60 82 0 8 0.0043907542713
38 73 0 8 0.00438461732119
29 83 0 8 0.00437914207578
6 21 0 8 0.00437716534361
24 87 0 8 0.00437564449385
21 48 0 8 0.00436643278226
35 83 0 8 0.0043393233791
21 73 0 8 0.00433415127918
16 62 0 8 0.00433016335592
9 35 0 8 0.00432853540406
22 68 0 8 0.00430732779205
19 64 0 8 0.00430650170892
14 32 0 8 0.0043011601083
22 34 0 8 0.00430041924119
16 78 0 8 0.00429973891005
31 52 0 8 0.00428120978177
12 32 0 8 0.00426949327812
58 77 0 8 0.00426802784204
16 80 0 8 0.00426484085619
16 48 0 8 0.00426481477916
57 82 0 8 0.0042577763088
36 58 0 8 0.00425070431083
41 85 0 8 0.00425064144656
1 57 0 8 0.00424987077713
42 70 0 8 0.00424652406946
15 34 0 8 0.00424428097904
53 71 0 8 0.0042429305613
67 75 0 8 0.00422645313665
42 76 0 8 0.00422635069117
4 78 0 8 0.0042210300453
30 77 0 8 0.00421933503821
49 74 0 8 0.00421848101541
69 81 0 8 0.00421157060191
38 54 0 8 0.00419938750565
64 82 0 8 0.00419328408316
63 74 0 8 0.00419021490961
16 70 0 8 0.0041828318499
32 57 0 8 0.00417790934443
23 87 0 8 0.00417194189504
36 72 0 8 0.00416984828189
13 23 0 8 0.0041689556092
17 49 0 8 0.00416859146208
37 58 0 8 0.00416790228337
33 85 0 8 0.00416734209284
24 32 0 8 0.00412969850004
52 85 0 8 0.00412801420316
64 81 0 8 0.00412578228861
11 33 0 8 0.00411821110174
23 55 0 8 0.00411542085931
13 73 0 8 0.004115360789
26 61 0 8 0.00411122571677
59 76 0 8 0.00410859845579
35 51 0 8 0.00410800753161
45 87 0 8 0.00409976160154
1 5 0 8 0.00409680372104
19 79 0 8 0.00409222068265
17 55 0 8 0.00409007957205
22 50 0 8 0.0040858220309
37 80 0 8 0.00408458057791
37 77 0 8 0.00408236822113
62 77 0 8 0.00408057868481
5 31 0 8 0.00407351413742
66 75 0 8 0.00407211203128
18 54 0 8 0.00407011248171
36 67 0 8 0.00406493199989
31 61 0 8 0.00405542226508
47 74 0 8 0.00404190924019
17 85 0 8 0.00403629429638
16 67 0 8 0.00403338577598
3 35 0 8 0.00403297599405
27 87 0 8 0.00402918318287
30 49 0 8 0.00402888283134
22 39 0 8 0.00402612471953
2 31 0 8 0.00402256613597
4 71 0 8 0.00401692464948
33 83 0 8 0.00401490693912
20 42 0 8 0.00401296047494
28 61 0 8 0.00400707963854
51 83 0 8 0.00400341581553
41 59 0 8 0.00399939296767
17 51 0 8 0.00399657851085
33 56 0 8 0.00398260867223
21 42 0 8 0.0039823455736
63 77 0 8 0.0039742984809
62 81 0 8 0.00396951241419
7 33 0 8 0.00396895827726
18 43 0 8 0.0039617526345
13 39 0 8 0.00396072352305
30 58 0 8 0.00395879428834
59 79 0 8 0.00395791605115
59 82 0 8 0.00395682780072
49 70 0 8 0.00394964590669
66 86 0 8 0.00394384423271
23 53 0 8 0.00394263816997
45 78 0 8 0.00393978552893
17 77 0 8 0.00393874337897
17 47 0 8 0.00393872428685
5 20 0 8 0.00393715919927
14 78 0 8 0.00393654545769
29 74 0 8 0.00393082294613
5 22 0 8 0.00392543664202
27 62 0 8 0.00392524618655
19 78 0 8 0.00392331182957
35 48 0 8 0.00392316048965
16 58 0 8 0.00391550594941
10 29 0 8 0.00390946259722
17 30 0 8 0.00390861835331
25 75 0 8 0.00390122691169
37 81 0 8 0.00390053587034
42 57 0 8 0.00390037079342
6 71 0 8 0.00389966159128
43 76 0 8 0.00389803713188
17 70 0 8 0.00387313496321
42 61 0 8 0.00387227209285
7 34 0 8 0.0038720110897
33 53 0 8 0.00387017778121
38 67 0 8 0.00386822968721
20 37 0 8 0.00386145175435
78 86 0 8 0.00386019190773
4 21 0 8 0.0038574738428
12 62 0 8 0.00385401048698
22 67 0 8 0.00385015527718
11 82 0 8 0.00384564790875
23 79 0 8 0.00384361529723
21 37 0 8 0.00384100736119
38 52 0 8 0.00383508228697
24 74 0 8 0.00382791319862
29 80 0 8 0.00382099184208
22 31 0 8 0.00382036925294
57 87 0 8 0.00381552334875
6 78 0 8 0.00380703248084
34 68 0 8 0.00380577752367
51 75 0 8 0.00379764731042
31 45 0 8 0.00379642099142
56 82 0 8 0.00379301025532
23 67 0 8 0.00378530472517
23 65 0 8 0.00376866362058
50 82 0 8 0.00376707408577
12 78 0 8 0.00376666081138
44 76 0 8 0.0037584672682
26 81 0 8 0.00375531916507
17 74 0 8 0.00375292589888
42 46 0 8 0.00374477845617
9 30 0 8 0.00373167963699
52 57 0 8 0.00372320669703
8 35 0 8 0.00372143811546
21 53 0 8 0.0037098233588
42 66 0 8 0.00370965944603
9 29 0 8 0.00370912556536
18 51 0 8 0.00370847526938
51 85 0 8 0.00370345939882
6 19 0 8 0.00370254274458
25 54 0 8 0.00370104797184
28 80 0 8 0.00369560485706
19 82 0 8 0.00369410938583
29 59 0 8 0.00369211612269
19 67 0 8 0.00369028747082
30 66 0 8 0.0036880702246
43 68 0 8 0.00367797585204
23 76 0 8 0.00367572787218
33 49 0 8 0.00367258256301
18 82 0 8 0.00367168220691
36 66 0 8 0.00366485561244
15 40 0 8 0.00366036128253
17 86 0 8 0.00365974381566
24 51 0 8 0.00365495495498
54 74 0 8 0.00365385250188
59 74 0 8 0.00365180312656
20 39 0 8 0.00365125481039
65 83 0 8 0.00365063059144
2 51 0 8 0.00364704197273
29 64 0 8 0.00364222633652
55 60 0 8 0.00363481068052
52 82 0 8 0.00363452895544
11 39 0 8 0.00363421114162
63 81 0 8 0.00363126699813
38 57 0 8 0.00362881808542
37 51 0 8 0.00362873170525
29 67 0 8 0.0036155495327
23 72 0 8 0.00361516652629
55 74 0 8 0.00361490203068
16 39 0 8 0.00361367408186
61 78 0 8 0.00360895041376
33 77 0 8 0.0036041457206
36 63 0 8 0.0035937288776
2 78 0 8 0.00359023711644
3 62 0 8 0.00357725215144
21 54 0 8 0.00357355037704
7 32 0 8 0.00356864184141
29 77 0 8 0.00356834335253
13 76 0 8 0.00356636359356
7 35 0 8 0.00356483552605
42 82 0 8 0.00356241082773
3 82 0 8 0.00355907785706
18 42 0 8 0.00355254788883
40 46 0 8 0.00355120631866
11 23 0 8 0.00354865402915
43 49 0 8 0.00354060041718
23 58 0 8 0.00353842740878
59 73 0 8 0.00353217008524
48 82 0 8 0.00352772208862
36 81 0 8 0.00352421705611
48 78 0 8 0.0035180717241
26 63 0 8 0.00351572060026
47 82 0 8 0.00351298367605
33 76 0 8 0.00351136317477
11 78 0 8 0.00350916804746
23 68 0 8 0.00350278615952
38 66 0 8 0.00350040523335
6 79 0 8 0.00349534885027
43 58 0 8 0.00348932505585
36 62 0 8 0.0034861927852
30 73 0 8 0.00348522723652
68 86 0 8 0.00348516763188
21 71 0 8 0.00348015665077
26 51 0 8 0.00347723579034
29 54 0 8 0.00347469723783
18 34 0 8 0.00347112771124
10 28 0 8 0.00346485385671
34 51 0 8 0.00346176163293
20 53 0 8 0.00344937900081
78 83 0 8 0.00344609725289
22 51 0 8 0.00344330468215
38 55 0 8 0.00343772303313
40 85 0 8 0.00342992180958
14 51 0 8 0.00342358392663
32 87 0 8 0.0034127982799
15 35 0 8 0.00341228907928
24 35 0 8 0.00340727251023
32 46 0 8 0.00340331741609
16 55 0 8 0.00339331454597
31 55 0 8 0.00339259556495
62 74 0 8 0.00338926934637
2 6 0 8 0.00338417384773
23 61 0 8 0.00338273635134
32 51 0 8 0.00337740196846
19 41 0 8 0.00337416934781
34 63 0 8 0.00337025267072
33 62 0 8 0.00336868013255
33 66 0 8 0.00335965352133
23 74 0 8 0.00335267558694
17 56 0 8 0.00335197639652
44 70 0 8 0.00334834936075
42 64 0 8 0.00334655167535
16 45 0 8 0.00334147247486
15 85 0 8 0.00334049761295
32 49 0 8 0.00334041519091
26 65 0 8 0.00333938980475
6 16 0 8 0.00333937397227
21 79 0 8 0.00333799817599
17 66 0 8 0.00333148310892
36 73 0 8 0.003326657461
23 51 0 8 0.00332590821199
45 79 0 8 0.0033215531148
17 87 0 8 0.00332016125321
38 76 0 8 0.00331429811195
24 34 0 8 0.00330961984582
26 87 0 8 0.00330849247985
17 64 0 8 0.00330708222464
42 77 0 8 0.00330702099018
5 51 0 8 0.00330087356269
14 76 0 8 0.00330035272054
27 78 0 8 0.00329046044499
34 69 0 8 0.00328671582974
29 87 0 8 0.0032809318509
17 29 0 8 0.00328027061187
9 18 0 8 0.00328006478958
28 51 0 8 0.00327398767695
41 72 0 8 0.00327271665446
36 51 0 8 0.00327095016837
17 39 0 8 0.00326725677587
63 68 0 8 0.00326467072591
65 87 0 8 0.00326144974679
13 78 0 8 0.00325522106141
23 57 0 8 0.00325351650827
53 59 0 8 0.00325344386511
69 78 0 8 0.00325080845505
2 26 0 8 0.00324930227362
30 62 0 8 0.00324842520058
16 46 0 8 0.00324279628694
22 73 0 8 0.00323745864443
5 54 0 8 0.00323697226122
56 87 0 8 0.00323231541552
40 52 0 8 0.00322357052937
21 69 0 8 0.0032228701748
28 68 0 8 0.00322170951404
63 82 0 8 0.00322160217911
3 32 0 8 0.00321857328527
21 68 0 8 0.00321651017293
21 57 0 8 0.00321304635145
2 54 0 8 0.00321232387796
47 67 0 8 0.00321019161493
20 41 0 8 0.00320839183405
40 63 0 8 0.00320725911297
33 63 0 8 0.00320596946403
27 64 0 8 0.00319182313979
11 19 0 8 0.00319163501263
20 48 0 8 0.00318934815004
21 39 0 8 0.00318892206997
14 20 0 8 0.00318885408342
56 74 0 8 0.00318766268902
47 58 0 8 0.00317857111804
25 87 0 8 0.00317291053943
10 24 0 8 0.00316607067361
46 61 0 8 0.00316232745536
1 27 0 8 0.00315754348412
21 66 0 8 0.00315530784428
29 51 0 8 0.00315181980841
45 61 0 8 0.00314786704257
46 58 0 8 0.00314600020647
17 83 0 8 0.0031441047322
30 65 0 8 0.00314407609403
52 70 0 8 0.0031436488498
5 62 0 8 0.00314027210698
20 83 0 8 0.00313919759355
42 80 0 8 0.00313370954245
48 75 0 8 0.00312902382575
22 75 0 8 0.00312754721381
21 31 0 8 0.00312747736461
6 40 0 8 0.00311803654768
39 71 0 8 0.00311093172058
50 56 0 8 0.00310357753187
14 79 0 8 0.00309916352853
30 80 0 8 0.00309630250558
48 58 0 8 0.0030939350836
4 82 0 8 0.00308823375963
40 84 0 8 0.00307882064953
63 78 0 8 0.00307806255296
31 57 0 8 0.0030765235424
39 68 0 8 0.00307558476925
26 62 0 8 0.00306818704121
14 40 0 8 0.00306652323343
14 82 0 8 0.00306235696189
41 63 0 8 0.00306105124764
36 64 0 8 0.00306032528169
50 79 0 8 0.00304846814834
12 82 0 8 0.00304642133415
35 68 0 8 0.00304589560255
16 71 0 8 0.0030381816905
15 54 0 8 0.00303061283194
26 64 0 8 0.00302788265981
70 78 0 8 0.00302400137298
22 72 0 8 0.00301882321946
73 78 0 8 0.00301616941579
21 70 0 8 0.00301369419321
32 60 0 8 0.0030127572827
46 70 0 8 0.00301088602282
8 31 0 8 0.00300865108147
25 78 0 8 0.00300805014558
10 32 0 8 0.00300533440895
1 28 0 8 0.00299056898803
24 72 0 8 0.00298941181973
10 62 0 8 0.00298673403449
31 48 0 8 0.00298052537255
34 72 0 8 0.00296990969218
47 78 0 8 0.00296845007688
18 70 0 8 0.0029640996363
10 75 0 8 0.00295908423141
2 79 0 8 0.00294592743739
8 32 0 8 0.00293539534323
17 38 0 8 0.00293352338485
38 79 0 8 0.0029332623817
18 41 0 8 0.00293314107694
32 48 0 8 0.00291826436296
20 84 0 8 0.00291794957593
6 82 0 8 0.00291506922804
40 78 0 8 0.00291491835378
20 74 0 8 0.00290598743595
10 58 0 8 0.00290545145981
55 65 0 8 0.00290271057747
46 82 0 8 0.00290215574205
38 81 0 8 0.00290210498497
3 23 0 8 0.00290101347491
63 76 0 8 0.00289961672388
22 78 0 8 0.00289915199392
15 51 0 8 0.00289544230327
34 71 0 8 0.00288979941979
32 83 0 8 0.00288944505155
5 79 0 8 0.00287041463889
38 72 0 8 0.00287038437091
66 79 0 8 0.00286911148578
32 45 0 8 0.00286696921103
15 73 0 8 0.00286631472409
39 55 0 8 0.00285736261867
47 59 0 8 0.00285331415944
17 63 0 8 0.00285142217763
23 62 0 8 0.0028457173612
51 79 0 8 0.0028401047457
21 58 0 8 0.00283407210372
25 62 0 8 0.00282934098504
37 79 0 8 0.00282794749364
22 35 0 8 0.00282210274599
21 62 0 8 0.00281865498982
20 71 0 8 0.00281302863732
34 70 0 8 0.00281296321191
19 73 0 8 0.00281186006032
28 62 0 8 0.002809262136
39 83 0 8 0.00280128256418
21 76 0 8 0.00279959407635
31 50 0 8 0.00279698497616
28 63 0 8 0.00279596075416
43 82 0 8 0.00279326853342
60 76 0 8 0.00279136723839
42 60 0 8 0.00279050739482
30 87 0 8 0.00278978282586
43 69 0 8 0.00278361467645
43 54 0 8 0.0027828773018
33 54 0 8 0.00278191827238
58 74 0 8 0.00277386046946
24 68 0 8 0.00276718917303
51 74 0 8 0.00276684970595
16 54 0 8 0.00276488880627
28 87 0 8 0.00276366760954
29 63 0 8 0.00275783892721
20 57 0 8 0.00275259022601
57 70 0 8 0.00274940626696
63 73 0 8 0.00274713756517
37 70 0 8 0.00274361507036
17 34 0 8 0.00273817358539
20 81 0 8 0.00273641501553
4 51 0 8 0.00273366691545
17 72 0 8 0.00273053441197
17 58 0 8 0.0027264978271
35 59 0 8 0.00272382842377
65 70 0 8 0.00271690217778
1 75 0 8 0.00271639972925
17 60 0 8 0.00271395011805
18 79 0 8 0.0027127256617
65 82 0 8 0.00271034287289
16 85 0 8 0.00270895240828
32 84 0 8 0.00270759384148
5 71 0 8 0.00270572095178
36 57 0 8 0.00270270649344
11 54 0 8 0.00270038517192
6 30 0 8 0.00269546243362
20 60 0 8 0.00269284588285
33 58 0 8 0.00268504954875
57 73 0 8 0.00268444046378
24 73 0 8 0.0026803354267
42 63 0 8 0.00267920503393
29 57 0 8 0.00267795682885
31 63 0 8 0.00267649395391
64 75 0 8 0.00267567439005
15 76 0 8 0.00267329975031
37 49 0 8 0.00267257890664
43 62 0 8 0.0026712345425
6 26 0 8 0.00267060333863
6 51 0 8 0.00267012207769
12 79 0 8 0.00265030283481
3 10 0 8 0.00264679244719
9 75 0 8 0.00264479662292
39 80 0 8 0.00264225853607
17 53 0 8 0.00263541517779
42 71 0 8 0.00263360212557
23 78 0 8 0.00263160001487
50 71 0 8 0.00261628325097
3 8 0 8 0.00261609791778
18 73 0 8 0.00260861124843
17 65 0 8 0.00260848458856
39 46 0 8 0.00259372149594
7 22 0 8 0.00258990260772
16 72 0 8 0.00258898874745
32 47 0 8 0.002583227586
13 82 0 8 0.00258163106628
42 73 0 8 0.00257374928333
31 47 0 8 0.00256971642375
44 58 0 8 0.00256673851982
37 74 0 8 0.00256392126903
3 51 0 8 0.00256032031029
6 54 0 8 0.00255717569962
38 63 0 8 0.0025561444927
49 82 0 8 0.00255075353198
28 82 0 8 0.0025477767922
21 77 0 8 0.00253333337605
41 61 0 8 0.00252819969319
36 49 0 8 0.00252806372009
44 74 0 8 0.00252776546404
17 50 0 8 0.00252760807052
61 74 0 8 0.00252759852447
7 16 0 8 0.00251751509495
23 81 0 8 0.00250973692164
21 40 0 8 0.00250283814967
33 70 0 8 0.0024997186847
2 20 0 8 0.00249053887092
6 29 0 8 0.00248920521699
24 39 0 8 0.00248463568278
39 48 0 8 0.00247621280141
41 46 0 8 0.00247505540028
30 64 0 8 0.002472814871
54 65 0 8 0.0024701685179
62 72 0 8 0.00246766372584
18 32 0 8 0.00246158172376
39 69 0 8 0.0024590222165
35 63 0 8 0.00245891255327
42 53 0 8 0.00245457002893
1 23 0 8 0.00245134718716
49 57 0 8 0.00245064985938
3 75 0 8 0.00245009874925
38 58 0 8 0.00244441442192
36 80 0 8 0.00243307719938
20 49 0 8 0.00243005622178
35 64 0 8 0.00242731813341
40 79 0 8 0.00242603570223
20 61 0 8 0.00242403545417
11 58 0 8 0.00242324103601
35 69 0 8 0.00241525936872
18 71 0 8 0.00239607435651
58 78 0 8 0.00238864403218
37 54 0 8 0.00238685403019
34 76 0 8 0.00238635786809
30 54 0 8 0.00238562468439
65 81 0 8 0.00237843045034
36 79 0 8 0.00237585767172
14 21 0 8 0.00237512215972
34 67 0 8 0.00237497850321
3 9 0 8 0.00237473892048
18 38 0 8 0.0023732970003
63 72 0 8 0.00236857216805
43 74 0 8 0.0023679616861
41 73 0 8 0.00236665969715
17 62 0 8 0.00236134859733
51 80 0 8 0.00236122822389
24 54 0 8 0.00235330336727
21 50 0 8 0.00235253339633
46 79 0 8 0.00234859855846
17 44 0 8 0.00234178383835
21 35 0 8 0.00233994540758
45 82 0 8 0.00233917869627
31 59 0 8 0.00233896821737
21 56 0 8 0.00233382335864
31 74 0 8 0.00233344570734
14 31 0 8 0.00233224057592
57 78 0 8 0.00233177118935
31 56 0 8 0.00232406915165
29 78 0 8 0.00231797480956
21 51 0 8 0.00231259875
38 64 0 8 0.00229450571351
17 61 0 8 0.00229364470579
6 34 0 8 0.00228933198377
38 82 0 8 0.00228691101074
24 36 0 8 0.00228525255807
50 66 0 8 0.00228162505664
21 81 0 8 0.0022805496119
17 78 0 8 0.00228022434749
7 75 0 8 0.00227876985446
36 48 0 8 0.00227613165043
52 66 0 8 0.00227242265828
32 71 0 8 0.00226370268501
42 69 0 8 0.00226112059318
20 56 0 8 0.00225920020603
13 79 0 8 0.00225322856568
36 70 0 8 0.00225123250857
62 76 0 8 0.00224774004892
23 54 0 8 0.00224729650654
11 31 0 8 0.00224223220721
31 72 0 8 0.0022418149747
71 79 0 8 0.00223740143701
71 80 0 8 0.00222883815877
24 65 0 8 0.0022221643012
6 24 0 8 0.00222169281915
55 64 0 8 0.00221558846533
42 55 0 8 0.00221466645598
42 59 0 8 0.00221438170411
4 54 0 8 0.00221247132868
34 58 0 8 0.00220666942187
30 81 0 8 0.00220312783495
62 73 0 8 0.00220213318244
41 70 0 8 0.00219955621287
30 79 0 8 0.00219449494034
65 85 0 8 0.00219033379108
5 75 0 8 0.00218981062062
33 74 0 8 0.00218908768147
30 75 0 8 0.00218157959171
46 71 0 8 0.00218019005843
38 49 0 8 0.00217586150393
21 72 0 8 0.00217073690146
20 72 0 8 0.00216943467967
17 84 0 8 0.00216116267256
24 62 0 8 0.00216003484093
17 42 0 8 0.00215827510692
35 55 0 8 0.00215379521251
1 11 0 8 0.00215362594463
42 58 0 8 0.00214238278568
38 53 0 8 0.00214140419848
16 76 0 8 0.00214058835991
41 76 0 8 0.00212642783299
35 74 0 8 0.00212120614015
19 87 0 8 0.0021194757428
64 71 0 8 0.00211918936111
40 72 0 8 0.0021140833851
31 53 0 8 0.00211287965067
24 84 0 8 0.00211226125248
74 79 0 8 0.00210747146048
31 87 0 8 0.00209835264832
17 52 0 8 0.00209397589788
37 82 0 8 0.00208589690737
43 79 0 8 0.00208254274912
47 75 0 8 0.0020797222387
22 71 0 8 0.00207853619941
40 51 0 8 0.00207723793574
18 39 0 8 0.00206700596027
32 50 0 8 0.00206172210164
64 69 0 8 0.0020604794845
22 70 0 8 0.00206035980955
1 10 0 8 0.002056324156
33 80 0 8 0.00205498305149
9 32 0 8 0.00205000396818
20 76 0 8 0.00204612710513
36 71 0 8 0.00204065651633
24 83 0 8 0.0020403068047
6 22 0 8 0.00203927513212
34 54 0 8 0.00203614286147
40 83 0 8 0.00203495263122
78 87 0 8 0.00203422829509
31 51 0 8 0.0020223420579
32 82 0 8 0.0020168570336
35 53 0 8 0.00201610475779
35 50 0 8 0.00201058899984
59 70 0 8 0.00200606160797
9 16 0 8 0.00200218195096
45 64 0 8 0.00199977192096
40 64 0 8 0.00199882802553
67 85 0 8 0.00199838588014
40 71 0 8 0.00199705082923
32 68 0 8 0.00199659378268
68 82 0 8 0.00199240422808
27 82 0 8 0.00198687566444
17 48 0 8 0.0019846286159
9 25 0 8 0.00198375433683
69 83 0 8 0.00198204140179
24 67 0 8 0.00198015314527
2 32 0 8 0.00197455007583
17 73 0 8 0.0019731533248
17 71 0 8 0.00197311793454
46 65 0 8 0.00197252631187
17 81 0 8 0.00197003828362
41 60 0 8 0.00196719029918
34 73 0 8 0.00196517212316
28 75 0 8 0.00196439027786
67 82 0 8 0.00196437630802
17 57 0 8 0.00196304288693
35 61 0 8 0.00196093902923
20 66 0 8 0.00195919675753
49 68 0 8 0.0019589420408
58 73 0 8 0.00195684842765
40 61 0 8 0.00195393641479
20 87 0 8 0.00195021228865
51 81 0 8 0.00194894289598
52 58 0 8 0.00194521597587
39 47 0 8 0.00192923413124
36 65 0 8 0.00192840432283
17 46 0 8 0.00192830245942
19 70 0 8 0.00192532676738
27 75 0 8 0.00192011077888
32 72 0 8 0.00191660493147
37 65 0 8 0.00191342050675
31 64 0 8 0.00190876470879
51 78 0 8 0.00190620461944
46 64 0 8 0.0019054870354
35 67 0 8 0.00189959071577
44 61 0 8 0.00189580011647
41 71 0 8 0.00189422350377
6 25 0 8 0.00189393234905
20 51 0 8 0.00188840320334
32 59 0 8 0.00188721891027
56 63 0 8 0.00188419187907
17 59 0 8 0.0018808033783
40 70 0 8 0.00188014365267
36 76 0 8 0.0018783477135
62 75 0 8 0.00187624979299
20 85 0 8 0.00187307340093
11 16 0 8 0.00187264289707
14 75 0 8 0.00187228736468
4 32 0 8 0.00187203334644
45 62 0 8 0.00186967826448
17 80 0 8 0.00186961865984
39 50 0 8 0.00186671374831
39 72 0 8 0.0018640627386
73 81 0 8 0.00185441202484
21 78 0 8 0.00185333460104
38 51 0 8 0.00185077649076
41 68 0 8 0.0018500587903
49 56 0 8 0.00184661371168
43 77 0 8 0.00184603466187
35 62 0 8 0.00184472405817
31 49 0 8 0.00184400868602
42 47 0 8 0.00184400251601
5 35 0 8 0.0018439280102
39 64 0 8 0.00183426600415
61 73 0 8 0.0018290525768
13 31 0 8 0.00182901951484
24 80 0 8 0.00182885676622
39 63 0 8 0.00182555359788
66 82 0 8 0.0018217562465
35 66 0 8 0.00182168243919
20 80 0 8 0.00182157324161
6 17 0 8 0.00182011292782
11 75 0 8 0.00181764306035
20 69 0 8 0.00181411404628
34 50 0 8 0.00181225501001
6 35 0 8 0.00181094009895
16 23 0 8 0.00180473504588
4 31 0 8 0.00180395273492
30 78 0 8 0.00179760833271
30 82 0 8 0.00179717969149
10 31 0 8 0.00179237336852
29 81 0 8 0.0017868434079
18 35 0 8 0.00178668694571
24 76 0 8 0.00178091588896
12 31 0 8 0.00177941855509
24 77 0 8 0.00177581410389
34 82 0 8 0.00176998029929
20 63 0 8 0.00176881556399
17 68 0 8 0.00176202063449
15 82 0 8 0.00176200887654
17 45 0 8 0.00175798183773
51 68 0 8 0.00175482407212
15 23 0 8 0.00174966279883
33 73 0 8 0.001749554649
40 59 0 8 0.00173952069599
30 85 0 8 0.00173298991285
29 82 0 8 0.00172851723619
33 67 0 8 0.00172754668165
41 47 0 8 0.00172725133598
2 75 0 8 0.0017235398991
40 69 0 8 0.00171676336322
39 56 0 8 0.00171661621425
38 65 0 8 0.0017147884937
47 60 0 8 0.00171220360789
38 77 0 8 0.00171024538577
20 54 0 8 0.00170040433295
26 79 0 8 0.00169687636662
31 67 0 8 0.00169147539418
53 60 0 8 0.00168280478101
45 71 0 8 0.00167787657119
29 79 0 8 0.0016756169498
11 79 0 8 0.00167024845723
21 67 0 8 0.0016700043343
24 60 0 8 0.00166786008049
33 65 0 8 0.00166562420782
15 24 0 8 0.0016639851965
40 67 0 8 0.00166302942671
8 25 0 8 0.00166277133394
20 78 0 8 0.00165513856336
16 22 0 8 0.00165277323686
38 74 0 8 0.00165178149473
12 21 0 8 0.0016514143208
56 71 0 8 0.00164958357345
41 55 0 8 0.00164878985379
56 79 0 8 0.00164589297492
17 41 0 8 0.00164276408032
56 75 0 8 0.00164185324684
33 79 0 8 0.00164086325094
79 84 0 8 0.00164023542311
39 62 0 8 0.00163719290867
31 69 0 8 0.00162898784038
41 69 0 8 0.00162877060939
34 80 0 8 0.00162326463033
35 58 0 8 0.00161845958792
35 71 0 8 0.00161701010074
51 77 0 8 0.00161562743597
5 17 0 8 0.001613179571
3 20 0 8 0.00161156605463
17 76 0 8 0.00161149166524
40 68 0 8 0.00160645216238
4 22 0 8 0.00160295865498
58 71 0 8 0.0016018563183
33 81 0 8 0.00160096818581
10 26 0 8 0.00160003174096
8 75 0 8 0.00159712985624
41 58 0 8 0.00159620784689
38 62 0 8 0.00159618572798
17 67 0 8 0.00159555370919
32 53 0 8 0.00159237789921
44 63 0 8 0.00158930220641
39 58 0 8 0.00158525479492
41 52 0 8 0.00158214929979
12 75 0 8 0.00158079771791
18 40 0 8 0.00157951575238
31 85 0 8 0.00157920829952
11 62 0 8 0.00157916091848
41 81 0 8 0.00157850247342
79 87 0 8 0.00157735089306
61 71 0 8 0.0015734230401
11 32 0 8 0.00157242931891
28 79 0 8 0.00157030159608
54 64 0 8 0.00156908726785
32 63 0 8 0.0015643783845
20 50 0 8 0.00156174774747
24 52 0 8 0.00155982398428
24 78 0 8 0.00155409169383
10 25 0 8 0.00155155896209
35 72 0 8 0.00154768931679
31 83 0 8 0.001547613414
41 80 0 8 0.00154524482787
32 76 0 8 0.00153891614173
35 79 0 8 0.0015331878094
39 49 0 8 0.00153237627819
33 82 0 8 0.00152518867981
32 67 0 8 0.0015171560226
35 70 0 8 0.00151690898929
8 19 0 8 0.00151503738016
54 63 0 8 0.00151475612074
48 60 0 8 0.00151091057342
39 81 0 8 0.00151010800619
58 70 0 8 0.00150645058602
31 71 0 8 0.00150423520245
37 78 0 8 0.00150154251605
24 85 0 8 0.00149916368537
69 86 0 8 0.00149692699779
41 57 0 8 0.00149537972175
68 87 0 8 0.00149213091936
39 82 0 8 0.00148983078543
42 56 0 8 0.00148707337212
34 81 0 8 0.00148705218453
20 62 0 8 0.001483519678
24 55 0 8 0.00148231093772
77 86 0 8 0.0014733185526
23 75 0 8 0.00146758230403
32 66 0 8 0.00146727066021
40 55 0 8 0.00146396853961
20 77 0 8 0.00146354059689
28 78 0 8 0.00145969074219
35 73 0 8 0.00145955721382
5 24 0 8 0.00145612750202
16 82 0 8 0.00145025714301
70 86 0 8 0.00144849950448
39 67 0 8 0.00144740112592
28 65 0 8 0.00144582858775
41 66 0 8 0.00144558155444
18 31 0 8 0.00144413276576
35 49 0 8 0.00144069385715
32 69 0 8 0.00143997650594
31 70 0 8 0.0014332877472
41 82 0 8 0.00142914638855
29 75 0 8 0.00142878445331
26 75 0 8 0.00142694066744
68 84 0 8 0.00142588373274
20 82 0 8 0.0014250157401
62 82 0 8 0.00142298289575
62 68 0 8 0.00141943746712
17 35 0 8 0.00141852209345
34 79 0 8 0.00141776632518
20 64 0 8 0.00140883820131
40 58 0 8 0.00140878453385
53 58 0 8 0.00139113736805
8 22 0 8 0.00138828065246
15 79 0 8 0.00138751871418
61 69 0 8 0.00138730194885
19 71 0 8 0.00138531101402
40 60 0 8 0.00137984019239
67 87 0 8 0.00136574974749
29 65 0 8 0.00136382994242
16 73 0 8 0.00136344355997
17 31 0 8 0.00135967659298
31 82 0 8 0.00135946681257
66 87 0 8 0.00135714933276
20 79 0 8 0.00135592720471
6 33 0 8 0.00135462149046
36 82 0 8 0.00135252799373
16 79 0 8 0.00135121983476
58 79 0 8 0.00134305492975
74 84 0 8 0.00133804115467
4 75 0 8 0.00133395614102
42 79 0 8 0.00132505770307
31 66 0 8 0.0013244994916
17 43 0 8 0.00131845253054
42 74 0 8 0.00131377077196
60 70 0 8 0.00130648934282
60 71 0 8 0.00130468432326
41 62 0 8 0.00130307360087
52 67 0 8 0.00129315548111
42 54 0 8 0.00129140098579
39 77 0 8 0.00128951494116
39 66 0 8 0.00128617859446
70 81 0 8 0.00128433678765
1 6 0 8 0.0012829368934
31 81 0 8 0.00128291372675
32 73 0 8 0.00127523567062
39 54 0 8 0.00127389479894
26 78 0 8 0.00127338001039
56 62 0 8 0.00126510078553
47 65 0 8 0.00125796941575
32 74 0 8 0.00125456578098
34 77 0 8 0.00125414109789
41 74 0 8 0.00125248474069
20 70 0 8 0.00124074227642
41 53 0 8 0.00123970443383
33 75 0 8 0.00123950606212
44 62 0 8 0.00123848288786
56 70 0 8 0.00123794737738
54 79 0 8 0.00123192206956
39 57 0 8 0.00123033428099
62 69 0 8 0.00123011751566
80 87 0 8 0.00122554344125
24 53 0 8 0.00122339464724
15 75 0 8 0.00121707515791
11 18 0 8 0.00121508527081
20 73 0 8 0.00121471495368
45 70 0 8 0.00120983168017
31 60 0 8 0.00120938289911
16 75 0 8 0.00120741745923
24 58 0 8 0.00119686219841
15 22 0 8 0.00119502935559
44 71 0 8 0.0011936982628
48 66 0 8 0.00118852627929
37 50 0 8 0.00118826259859
4 20 0 8 0.00118340493646
24 75 0 8 0.0011806654511
5 32 0 8 0.00118015718181
20 68 0 8 0.00117000273895
20 58 0 8 0.00116960715968
23 82 0 8 0.00116813636851
50 57 0 8 0.00116473692469
32 75 0 8 0.00116470095236
41 75 0 8 0.00116454390809
48 67 0 8 0.00115883059334
69 84 0 8 0.0011522785062
5 23 0 8 0.00115187687334
40 65 0 8 0.00114721199498
35 54 0 8 0.00114307703916
40 56 0 8 0.00113529537339
31 84 0 8 0.00113473588135
9 31 0 8 0.00113307510037
10 16 0 8 0.00112937239464
40 76 0 8 0.00112743978389
42 51 0 8 0.00111831398681
12 23 0 8 0.0011157389963
50 75 0 8 0.00110437348485
40 66 0 8 0.00110057264101
40 73 0 8 0.00109571765643
8 16 0 8 0.0010832491098
51 56 0 8 0.0010810806416
73 86 0 8 0.00108097156044
71 78 0 8 0.00107225112151
36 54 0 8 0.00107053329702
42 50 0 8 0.00107007392216
7 31 0 8 0.00105662993155
38 50 0 8 0.00105289393105
68 85 0 8 0.00105073454324
53 64 0 8 0.00104761961848
32 56 0 8 0.00104396010283
63 75 0 8 0.00104345008731
13 75 0 8 0.00103812851012
37 75 0 8 0.00103673350532
32 70 0 8 0.00103580590803
17 40 0 8 0.00103478855453
31 54 0 8 0.00103268644307
24 57 0 8 0.00103103439324
69 85 0 8 0.00102883845102
18 75 0 8 0.00102169974707
17 82 0 8 0.00102043175139
31 76 0 8 0.001013532863
31 73 0 8 0.00101100234315
31 79 0 8 0.00101068452932
74 83 0 8 0.00101017998531
43 70 0 8 0.00099447928369
36 78 0 8 0.00099115120247
39 52 0 8 0.000982169411145
5 21 0 8 0.000978811527602
72 81 0 8 0.000976549461484
6 75 0 8 0.000972898444161
35 65 0 8 0.00096580554964
15 20 0 8 0.000960671808571
57 79 0 8 0.00095717352815
31 62 0 8 0.000951401947532
9 24 0 8 0.000951303110924
31 78 0 8 0.000948518281803
43 71 0 8 0.000948239990976
41 51 0 8 0.000947695341893
36 75 0 8 0.000927071785554
10 23 0 8 0.000926342036109
42 62 0 8 0.000919205951504
34 75 0 8 0.000916487071663
74 85 0 8 0.000911812821869
7 17 0 8 0.000910820323043
40 80 0 8 0.000907907786313
35 57 0 8 0.000902793253772
24 82 0 8 0.000901704886928
39 53 0 8 0.000901183113456
42 78 0 8 0.000898461381439
32 58 0 8 0.000889508984983
61 75 0 8 0.000889269984327
54 59 0 8 0.000886602851097
43 61 0 8 0.000884398177732
40 81 0 8 0.000882429361809
49 60 0 8 0.000882103980985
41 77 0 8 0.000880186795257
32 65 0 8 0.000878792779986
31 58 0 8 0.000859936524648
39 73 0 8 0.000856163271237
34 78 0 8 0.000853091187309
35 80 0 8 0.000850014737807
63 71 0 8 0.000848862517159
10 21 0 8 0.00084561877884
39 74 0 8 0.000843394955155
41 54 0 8 0.000842878769618
49 65 0 8 0.000842173525598
43 78 0 8 0.000837585015688
39 79 0 8 0.00083742820425
45 75 0 8 0.000836360035464
24 56 0 8 0.000835270911921
57 71 0 8 0.00083165417891
35 81 0 8 0.000828238145914
32 79 0 8 0.000828206189908
40 62 0 8 0.000827107520308
52 60 0 8 0.000824810995255
32 80 0 8 0.000823990034405
53 65 0 8 0.000821637571789
64 70 0 8 0.00081853318261
51 58 0 8 0.000816755986307
19 75 0 8 0.000809890974779
20 75 0 8 0.000807718723081
32 64 0 8 0.000803819333669
9 23 0 8 0.000803034577984
54 75 0 8 0.000797131680883
17 54 0 8 0.000788672419731
55 63 0 8 0.000784899340943
2 7 0 8 0.000784595671576
38 78 0 8 0.000783588853665
59 71 0 8 0.000783544033766
35 78 0 8 0.000779170077294
8 24 0 8 0.0007778336294
31 77 0 8 0.000774294137955
61 70 0 8 0.000769021047745
69 87 0 8 0.000768778903875
40 75 0 8 0.000768154219259
79 86 0 8 0.000767826393712
21 75 0 8 0.00076719810022
20 65 0 8 0.000766489654779
10 19 0 8 0.000762056792155
63 70 0 8 0.000759683665819
75 80 0 8 0.000754237466026
40 47 0 8 0.000752363877837
41 50 0 8 0.00074759038398
35 76 0 8 0.000745498458855
6 32 0 8 0.000740513729397
69 82 0 8 0.000737014401238
46 63 0 8 0.000734980741981
12 20 0 8 0.000733606051654
45 63 0 8 0.000732941145543
49 66 0 8 0.000731171632651
53 75 0 8 0.000731040257961
9 21 0 8 0.000730783911422
41 56 0 8 0.000709208659828
44 75 0 8 0.000708587118424
63 69 0 8 0.000704773294274
77 84 0 8 0.000700834672898
39 76 0 8 0.000699730822816
41 78 0 8 0.000688735686708
32 78 0 8 0.00068065256346
10 18 0 8 0.000680514785927
10 22 0 8 0.000679962453432
24 81 0 8 0.000678898242768
41 49 0 8 0.00067887105979
77 83 0 8 0.000676773895975
47 63 0 8 0.00067482853774
42 75 0 8 0.000671571586281
17 79 0 8 0.000669926113915
11 21 0 8 0.000669332570396
32 54 0 8 0.000668012537062
35 75 0 8 0.000664923980366
20 67 0 8 0.000663348881062
50 59 0 8 0.000662473263219
52 62 0 8 0.000661774072796
50 58 0 8 0.000660783029161
72 83 0 8 0.000658902747091
39 65 0 8 0.000654017203487
40 74 0 8 0.000649072229862
40 57 0 8 0.000645659689326
11 20 0 8 0.000635716074612
39 75 0 8 0.00063530204352
62 71 0 8 0.000633236195426
17 75 0 8 0.000632324896287
33 78 0 8 0.000631084083579
12 24 0 8 0.000628146110103
40 50 0 8 0.000627078057732
31 65 0 8 0.000613291515037
40 53 0 8 0.000606730813161
1 9 0 8 0.000606479647104
38 75 0 8 0.000604810542427
72 82 0 8 0.000604253087658
49 67 0 8 0.000603671127465
78 84 0 8 0.000598136684857
12 17 0 8 0.000592188211158
40 54 0 8 0.000585304456763
74 86 0 8 0.000584372202866
74 81 0 8 0.000582514272537
57 75 0 8 0.000580850464758
74 80 0 8 0.00058050599182
47 64 0 8 0.000577100552619
76 83 0 8 0.000568318529986
13 20 0 8 0.000565131311305
42 49 0 8 0.000563490844797
8 17 0 8 0.000560986576602
39 78 0 8 0.000559839245398
41 48 0 8 0.000558670784812
55 61 0 8 0.000557962805033
1 8 0 8 0.000557958555873
62 70 0 8 0.000555741833523
32 81 0 8 0.00055566924857
31 80 0 8 0.000553345307708
2 10 0 8 0.000550720025785
47 62 0 8 0.000549007789232
76 84 0 8 0.000547949108295
79 85 0 8 0.000545837741811
7 21 0 8 0.000545272720046
1 7 0 8 0.000538572319783
42 48 0 8 0.000536661653314
9 19 0 8 0.000534052844159
48 61 0 8 0.000533472630195
50 61 0 8 0.000533403945155
73 80 0 8 0.000531587225851
9 22 0 8 0.000525278563146
8 21 0 8 0.000508065451868
70 83 0 8 0.000503764196765
15 21 0 8 0.000503137242049
53 61 0 8 0.000501343922224
8 23 0 8 0.000501256203279
35 77 0 8 0.000495404179674
70 82 0 8 0.000493815168738
39 51 0 8 0.000484378164401
77 82 0 8 0.000481219700305
6 23 0 8 0.000480178685393
40 48 0 8 0.00047993066255
70 87 0 8 0.00047861263738
46 75 0 8 0.000477951572975
43 75 0 8 0.000471314997412
6 31 0 8 0.000470397586469
31 75 0 8 0.000470211089123
60 75 0 8 0.000465702702058
59 75 0 8 0.000463707518065
75 82 0 8 0.000462395692011
40 77 0 8 0.000461687712232
55 75 0 8 0.000458467373392
53 63 0 8 0.000448338250862
2 9 0 8 0.000446328951512
49 59 0 8 0.000438166869571
71 82 0 8 0.000437286886154
72 86 0 8 0.000427542370744
49 61 0 8 0.000427101418609
54 62 0 8 0.000412119057728
58 75 0 8 0.000402871606639
2 8 0 8 0.000400011951569
11 17 0 8 0.000399882701458
70 85 0 8 0.000391709298128
73 83 0 8 0.000389665918192
51 59 0 8 0.000386712461477
72 84 0 8 0.000379895936931
51 66 0 8 0.000370773981558
71 87 0 8 0.000370382535039
32 77 0 8 0.000370179914171
40 49 0 8 0.000368858716683
48 65 0 8 0.000367655797163
54 60 0 8 0.000358669756679
75 86 0 8 0.000344968459103
50 60 0 8 0.000339828024153
76 85 0 8 0.000339576858096
55 62 0 8 0.000339008518495
76 86 0 8 0.000336052617058
46 62 0 8 0.000328832451487
75 83 0 8 0.000328692374751
7 24 0 8 0.000322526291711
50 63 0 8 0.000321633327985
49 63 0 8 0.000318593083648
48 64 0 8 0.00030672957655
52 59 0 8 0.000306601839839
77 87 0 8 0.000299803214148
77 85 0 8 0.000295115780318
10 17 0 8 0.000292422279017
74 87 0 8 0.000287731410936
52 64 0 8 0.000275440572295
71 86 0 8 0.00027230620617
70 84 0 8 0.00026971049374
73 79 0 8 0.000259709835518
50 65 0 8 0.000255023682257
53 62 0 8 0.000253826816333
52 61 0 8 0.000252871221164
50 64 0 8 0.00025136169279
7 20 0 8 0.000249965756666
6 20 0 8 0.000249741540756
9 17 0 8 0.000242425521719
48 63 0 8 0.000240505018155
51 65 0 8 0.000237754953559
49 64 0 8 0.000229542813031
54 61 0 8 0.000208702316741
75 84 0 8 0.000205672564334
52 65 0 8 0.00020294864953
78 85 0 8 0.000202415467356
71 81 0 8 0.000201745308004
73 87 0 8 0.000197661662241
76 87 0 8 0.000195832792087
51 62 0 8 0.000190949678654
74 82 0 8 0.000190792619833
52 63 0 8 0.000178427246283
73 85 0 8 0.000173974578502
51 61 0 8 0.000166405545315
72 87 0 8 0.000163731761859
51 57 0 8 0.000156969792442
71 83 0 8 0.000144326724694
75 87 0 8 0.000140749616548
51 60 0 8 0.000140456279041
73 82 0 8 0.000140020609251
71 85 0 8 0.000138664807309
10 20 0 8 0.000128896077513
9 20 0 8 0.000114062553621
76 82 0 8 0.000111189001473
75 81 0 8 0.000109077227535
72 85 0 8 0.000106963925646
8 20 0 8 0.000103283971839
75 85 0 8 9.69906541286e-05
51 64 0 8 9.27580476855e-05
51 63 0 8 9.05880806386e-05
49 62 0 8 8.75059995451e-05
50 62 0 8 7.6152064139e-05
71 84 0 8 7.51992192818e-05
