2 3 0 8 0.999999642372
7 8 0 8 0.999998211861
10 11 0 8 0.999998211861
8 9 0 8 0.99999666214
60 61 0 8 0.999996364117
6 7 0 8 0.999995648861
53 54 0 8 0.999994218349
4 5 0 8 0.999993562698
3 4 0 8 0.999993145466
43 44 0 8 0.999992072582
9 10 0 8 0.999990940094
12 13 0 8 0.999985396862
22 23 0 8 0.999983310699
1 2 0 8 0.999982059002
11 12 0 8 0.999981999397
44 45 0 8 0.999980509281
41 42 0 8 0.999979376793
45 46 0 8 0.999978899956
59 60 0 8 0.999978363514
5 6 0 8 0.999978303909
37 38 0 8 0.99997729063
24 25 0 8 0.999976098537
51 52 0 8 0.99997574091
52 53 0 8 0.999975085258
17 18 0 8 0.999970912933
54 55 0 8 0.999967992306
18 19 0 8 0.999964177608
33 34 0 8 0.999962806702
39 40 0 8 0.999962806702
50 51 0 8 0.999962747097
36 37 0 8 0.999962449074
32 33 0 8 0.999960720539
30 31 0 8 0.999955117702
42 43 0 8 0.999954998493
46 47 0 8 0.99995303154
49 50 0 8 0.999949395657
55 56 0 8 0.99994879961
38 39 0 8 0.999948143959
56 57 0 8 0.999946653843
15 16 0 8 0.999943733215
31 32 0 8 0.999939441681
23 24 0 8 0.999938905239
16 17 0 8 0.999933719635
40 41 0 8 0.999927222729
34 35 0 8 0.999926745892
29 30 0 8 0.999921381474
21 22 0 8 0.999920845032
47 48 0 8 0.999914109707
35 36 0 8 0.999905705452
20 21 0 8 0.999892532825
48 49 0 8 0.999879658222
28 29 0 8 0.999872565269
58 59 0 8 0.999868392944
25 26 0 8 0.999858677387
26 27 0 8 0.999818980694
14 15 0 8 0.999798715115
19 20 0 8 0.999790251255
57 58 0 8 0.999773263931
13 14 0 8 0.999738454819
27 28 0 8 0.999503910542
41 43 0 8 0.997047245502
50 52 0 8 0.994076907635
45 47 0 8 0.992339849472
17 19 0 8 0.991257429123
30 32 0 8 0.991177618504
12 14 0 8 0.988208651543
15 17 0 8 0.986623764038
51 53 0 8 0.986173808575
43 45 0 8 0.985277473927
14 16 0 8 0.983860969543
48 50 0 8 0.983573257923
47 49 0 8 0.982643485069
16 45 0 8 0.981247425079
5 52 0 8 0.979583859444
32 34 0 8 0.979507565498
31 33 0 8 0.978638529778
49 51 0 8 0.977188169956
52 54 0 8 0.976303040981
1 3 0 8 0.975746452808
44 46 0 8 0.975419819355
3 5 0 8 0.974549233913
16 34 0 8 0.973690450191
12 38 0 8 0.973588705063
42 44 0 8 0.973521232605
4 6 0 8 0.97099095583
13 15 0 8 0.970990419388
11 13 0 8 0.970856428146
5 7 0 8 0.970652759075
16 18 0 8 0.969822883606
31 34 0 8 0.96979868412
10 13 0 8 0.968778967857
16 38 0 8 0.967916965485
42 45 0 8 0.967760741711
16 19 0 8 0.967165708542
15 18 0 8 0.967020153999
31 45 0 8 0.966958761215
46 48 0 8 0.962528944016
44 47 0 8 0.960175991058
11 14 0 8 0.959692180157
13 16 0 8 0.959563791752
45 48 0 8 0.957940280437
33 35 0 8 0.95488268137
10 12 0 8 0.953086793423
30 33 0 8 0.95286989212
17 52 0 8 0.952344357967
16 40 0 8 0.952071130276
38 40 0 8 0.949399888515
50 53 0 8 0.948978424072
41 44 0 8 0.947111070156
18 20 0 8 0.946489036083
34 36 0 8 0.943828582764
14 18 0 8 0.94331073761
4 7 0 8 0.943176031113
14 17 0 8 0.942865252495
9 48 0 8 0.940079271793
49 52 0 8 0.939137101173
45 49 0 8 0.937968075275
43 46 0 8 0.935841679573
6 52 0 8 0.935584306717
6 9 0 8 0.934724330902
17 48 0 8 0.934060275555
19 34 0 8 0.933278918266
19 21 0 8 0.9323143363
51 54 0 8 0.931578636169
9 52 0 8 0.927460849285
3 6 0 8 0.92718309164
54 56 0 8 0.926359891891
32 35 0 8 0.924858689308
17 20 0 8 0.924628317356
12 15 0 8 0.924255907536
48 52 0 8 0.921552062035
20 45 0 8 0.92071300745
7 9 0 8 0.920633792877
53 55 0 8 0.920024454594
13 17 0 8 0.919752240181
6 8 0 8 0.919420182705
46 49 0 8 0.917985141277
43 47 0 8 0.917763769627
46 50 0 8 0.913211464882
44 48 0 8 0.911911785603
50 54 0 8 0.911318123341
12 16 0 8 0.910675942898
52 55 0 8 0.909672617912
41 45 0 8 0.908772587776
34 38 0 8 0.908369779587
49 53 0 8 0.908084869385
33 36 0 8 0.907649695873
47 50 0 8 0.907589018345
31 35 0 8 0.907119989395
32 36 0 8 0.904001414776
15 19 0 8 0.90298640728
53 56 0 8 0.902080595493
9 13 0 8 0.901572942734
2 4 0 8 0.900817573071
2 5 0 8 0.900698721409
5 8 0 8 0.900168478489
29 33 0 8 0.897744476795
3 7 0 8 0.895272552967
35 38 0 8 0.894903063774
9 51 0 8 0.89336681366
5 56 0 8 0.893320500851
42 46 0 8 0.893160521984
17 49 0 8 0.889992237091
40 44 0 8 0.889983892441
16 20 0 8 0.889609694481
36 38 0 8 0.886398255825
30 34 0 8 0.879705190659
34 37 0 8 0.878351032734
13 51 0 8 0.86899882555
23 25 0 8 0.865877687931
24 26 0 8 0.865795731544
40 45 0 8 0.863700270653
35 37 0 8 0.862193226814
10 14 0 8 0.860405743122
59 61 0 8 0.860149681568
48 51 0 8 0.857061266899
25 27 0 8 0.854206562042
17 21 0 8 0.844005405903
51 55 0 8 0.843855500221
11 15 0 8 0.839008867741
37 39 0 8 0.838564872742
18 21 0 8 0.834760189056
52 56 0 8 0.833060741425
16 44 0 8 0.82916033268
5 9 0 8 0.828462779522
1 4 0 8 0.825196623802
47 51 0 8 0.81887358427
2 6 0 8 0.818781077862
20 22 0 8 0.818706512451
19 22 0 8 0.816450953484
5 55 0 8 0.812951683998
21 23 0 8 0.812062084675
26 28 0 8 0.803088128567
4 8 0 8 0.794956684113
13 52 0 8 0.792211592197
16 48 0 8 0.791032314301
18 22 0 8 0.790994644165
27 29 0 8 0.78944760561
55 57 0 8 0.786299526691
19 38 0 8 0.785898268223
12 40 0 8 0.784451723099
20 49 0 8 0.783812820911
9 14 0 8 0.782417714596
29 34 0 8 0.774951457977
56 58 0 8 0.774358808994
58 60 0 8 0.766842246056
1 5 0 8 0.745087683201
9 55 0 8 0.738811075687
13 48 0 8 0.734482288361
19 29 0 8 0.733716607094
33 37 0 8 0.732881486416
36 39 0 8 0.732164919376
40 42 0 8 0.729393541813
57 59 0 8 0.727507472038
39 41 0 8 0.720552802086
16 35 0 8 0.718067169189
28 30 0 8 0.717224359512
19 33 0 8 0.71627420187
19 37 0 8 0.71607118845
20 34 0 8 0.705657422543
29 31 0 8 0.691043496132
12 48 0 8 0.684334158897
8 55 0 8 0.671634614468
9 11 0 8 0.665104627609
15 38 0 8 0.653163611889
54 57 0 8 0.6371088624
31 46 0 8 0.631565749645
35 45 0 8 0.624739468098
6 18 0 8 0.613367140293
31 49 0 8 0.602902829647
34 45 0 8 0.60087543726
5 53 0 8 0.588398218155
53 57 0 8 0.586457967758
5 51 0 8 0.585475564003
21 49 0 8 0.58015704155
22 24 0 8 0.567636072636
29 37 0 8 0.562497079372
29 32 0 8 0.558565795422
9 17 0 8 0.557122647762
19 23 0 8 0.555492699146
16 52 0 8 0.553700447083
35 40 0 8 0.549994409084
32 42 0 8 0.547875583172
20 23 0 8 0.538046419621
9 56 0 8 0.528412282467
17 56 0 8 0.526554942131
5 17 0 8 0.51877194643
35 39 0 8 0.511708140373
31 42 0 8 0.489010512829
8 10 0 8 0.479651868343
23 27 0 8 0.468477904797
6 14 0 8 0.46383151412
15 37 0 8 0.457464426756
34 49 0 8 0.441595554352
13 55 0 8 0.439526468515
40 43 0 8 0.434115767479
31 44 0 8 0.41921210289
20 31 0 8 0.417380809784
38 45 0 8 0.398416131735
54 58 0 8 0.371259748936
22 29 0 8 0.366984039545
35 41 0 8 0.364485651255
9 12 0 8 0.361342549324
35 42 0 8 0.360773801804
28 32 0 8 0.351252347231
24 27 0 8 0.349781304598
55 58 0 8 0.34674680233
26 29 0 8 0.346083790064
6 17 0 8 0.331085592508
17 22 0 8 0.328898996115
6 10 0 8 0.31939086318
56 59 0 8 0.317535698414
21 53 0 8 0.307717353106
23 28 0 8 0.291318684816
31 47 0 8 0.289455115795
8 52 0 8 0.275793105364
25 29 0 8 0.271391570568
34 40 0 8 0.268949627876
2 21 0 8 0.266226440668
17 53 0 8 0.261097639799
58 61 0 8 0.250891625881
25 28 0 8 0.24898456037
23 29 0 8 0.24729898572
22 56 0 8 0.247142031789
23 26 0 8 0.246859759092
31 43 0 8 0.245135769248
20 30 0 8 0.234978750348
31 48 0 8 0.232686400414
6 23 0 8 0.230599656701
36 40 0 8 0.229849994183
16 49 0 8 0.225363463163
34 48 0 8 0.223094657063
35 44 0 8 0.222091138363
21 24 0 8 0.222002789378
55 59 0 8 0.221863672137
9 16 0 8 0.213475182652
22 27 0 8 0.209529563785
22 28 0 8 0.206211328506
5 34 0 8 0.205312430859
20 48 0 8 0.201849922538
12 44 0 8 0.194383263588
57 60 0 8 0.193162277341
13 44 0 8 0.186016097665
30 45 0 8 0.184933647513
24 29 0 8 0.183105170727
2 23 0 8 0.171352624893
9 38 0 8 0.17129959166
40 48 0 8 0.167860716581
21 29 0 8 0.165982097387
7 14 0 8 0.164208710194
2 19 0 8 0.163679048419
6 56 0 8 0.163093313575
22 34 0 8 0.160468935966
22 25 0 8 0.159846290946
2 41 0 8 0.158376336098
9 40 0 8 0.156271845102
2 38 0 8 0.149727985263
24 28 0 8 0.149161309004
17 45 0 8 0.145320385695
21 28 0 8 0.143570363522
2 34 0 8 0.143535077572
2 40 0 8 0.142481073737
57 61 0 8 0.141520544887
6 13 0 8 0.138486176729
5 57 0 8 0.137893050909
2 17 0 8 0.136566177011
23 33 0 8 0.135690972209
18 24 0 8 0.134409621358
17 30 0 8 0.133180707693
28 31 0 8 0.13048915565
23 34 0 8 0.129394337535
2 45 0 8 0.127645686269
22 52 0 8 0.124236635864
23 38 0 8 0.124128758907
56 60 0 8 0.123337648809
28 33 0 8 0.121016688645
10 55 0 8 0.120296478271
6 38 0 8 0.119710206985
21 25 0 8 0.11953780055
20 29 0 8 0.119256161153
19 56 0 8 0.118835784495
9 45 0 8 0.11799865216
34 42 0 8 0.115432105958
2 56 0 8 0.115251101553
8 58 0 8 0.114939637482
2 57 0 8 0.113363943994
10 52 0 8 0.112914033234
2 22 0 8 0.112246908247
8 56 0 8 0.111520886421
22 26 0 8 0.110995024443
53 59 0 8 0.110927432775
39 43 0 8 0.110826946795
38 48 0 8 0.10885643959
10 48 0 8 0.108366712928
5 38 0 8 0.107738018036
21 56 0 8 0.106938324869
9 31 0 8 0.106886170805
1 41 0 8 0.106859229505
2 16 0 8 0.106854654849
39 42 0 8 0.105826713145
16 56 0 8 0.105775281787
9 30 0 8 0.105323262513
5 48 0 8 0.105255052447
5 58 0 8 0.102760247886
38 42 0 8 0.102614693344
29 56 0 8 0.101401157677
17 34 0 8 0.100850321352
2 58 0 8 0.100840635598
9 39 0 8 0.100488878787
6 55 0 8 0.0995288789272
18 23 0 8 0.0994481965899
2 30 0 8 0.098433457315
3 29 0 8 0.0982891991735
2 52 0 8 0.0962157845497
23 30 0 8 0.0952024236321
21 48 0 8 0.0950457751751
23 40 0 8 0.0947148427367
20 24 0 8 0.0944272056222
9 44 0 8 0.0943280979991
9 41 0 8 0.0941165983677
16 30 0 8 0.0938234850764
27 30 0 8 0.0938123911619
5 12 0 8 0.0937839895487
5 40 0 8 0.0935595333576
35 43 0 8 0.0935130342841
53 58 0 8 0.0934576094151
38 44 0 8 0.0922698006034
9 34 0 8 0.0918648689985
6 49 0 8 0.0891691148281
19 24 0 8 0.0889661982656
2 25 0 8 0.0879742354155
9 35 0 8 0.0877808779478
21 52 0 8 0.0867064073682
26 30 0 8 0.084677323699
10 59 0 8 0.0840471461415
2 49 0 8 0.083430416882
12 45 0 8 0.0832786932588
12 41 0 8 0.081788174808
17 23 0 8 0.081544212997
12 39 0 8 0.0814651995897
22 30 0 8 0.0808249562979
5 19 0 8 0.0807859450579
34 41 0 8 0.0804749652743
12 52 0 8 0.0802533477545
1 40 0 8 0.0792915672064
38 41 0 8 0.0791477113962
6 16 0 8 0.0783512368798
20 44 0 8 0.0782813951373
2 20 0 8 0.0753047019243
9 37 0 8 0.0744328349829
6 22 0 8 0.0743965283036
34 39 0 8 0.0741804689169
2 48 0 8 0.0728794783354
2 50 0 8 0.0724666491151
54 59 0 8 0.0723393410444
13 38 0 8 0.0715249106288
27 57 0 8 0.0704115480185
26 34 0 8 0.0701431185007
17 29 0 8 0.0698704496026
37 40 0 8 0.0696094408631
7 10 0 8 0.0694896504283
22 42 0 8 0.069108016789
1 42 0 8 0.0689940229058
30 49 0 8 0.0674250647426
5 54 0 8 0.0663344636559
2 59 0 8 0.0662792697549
17 40 0 8 0.0662302747369
5 22 0 8 0.0659602358937
23 56 0 8 0.0659601837397
21 57 0 8 0.0651288479567
3 57 0 8 0.0650274604559
2 44 0 8 0.0649750158191
3 24 0 8 0.0649573579431
9 53 0 8 0.064286455512
2 51 0 8 0.0639709383249
12 34 0 8 0.0638587400317
17 50 0 8 0.0632556900382
25 30 0 8 0.0630047470331
27 31 0 8 0.0629511103034
9 29 0 8 0.0628282800317
9 57 0 8 0.0627429261804
17 38 0 8 0.0625865012407
3 58 0 8 0.0624131299555
13 29 0 8 0.0618737563491
13 49 0 8 0.0612882040441
18 29 0 8 0.0612400434911
13 35 0 8 0.0602956451476
8 51 0 8 0.0601991303265
6 12 0 8 0.0600930191576
2 37 0 8 0.0600663498044
2 53 0 8 0.0598110929132
20 42 0 8 0.0597219578922
21 30 0 8 0.0594622679055
32 44 0 8 0.0586948730052
17 46 0 8 0.0581598356366
29 53 0 8 0.0567860975862
24 30 0 8 0.0567594505847
19 25 0 8 0.056296557188
6 40 0 8 0.0559277720749
29 58 0 8 0.0554806105793
19 45 0 8 0.0551293119788
2 55 0 8 0.0548685453832
9 49 0 8 0.0548539683223
35 56 0 8 0.0540923289955
20 28 0 8 0.0532199256122
20 40 0 8 0.0523176118731
6 31 0 8 0.0522672683001
2 54 0 8 0.0520918369293
28 51 0 8 0.0517999641597
56 61 0 8 0.0516300201416
2 39 0 8 0.0516011826694
2 18 0 8 0.0515603721142
26 58 0 8 0.0511947907507
18 30 0 8 0.051089912653
38 56 0 8 0.0509555973113
27 33 0 8 0.0506264306605
21 31 0 8 0.0503378584981
21 27 0 8 0.0499736666679
30 42 0 8 0.0485892295837
2 9 0 8 0.0484223775566
38 49 0 8 0.0483468212187
2 29 0 8 0.0480030849576
27 58 0 8 0.0476318262517
2 26 0 8 0.0472160875797
25 33 0 8 0.0459329821169
3 38 0 8 0.0456683561206
6 53 0 8 0.0455217882991
13 40 0 8 0.0450105182827
15 34 0 8 0.0450010932982
35 50 0 8 0.0448991581798
20 46 0 8 0.0447099730372
2 24 0 8 0.0446891337633
21 42 0 8 0.0441839881241
16 53 0 8 0.043808940798
20 27 0 8 0.0437494032085
19 30 0 8 0.0434321351349
2 42 0 8 0.0434113778174
27 38 0 8 0.0431069657207
18 27 0 8 0.0428990721703
1 38 0 8 0.0428814329207
24 37 0 8 0.042837832123
16 41 0 8 0.0427987985313
17 59 0 8 0.0425295718014
3 8 0 8 0.0422734804451
15 29 0 8 0.0418787747622
5 41 0 8 0.0418635085225
9 15 0 8 0.0417412146926
1 59 0 8 0.0417391732335
52 57 0 8 0.0414035655558
21 34 0 8 0.0409297905862
3 18 0 8 0.0408441089094
40 49 0 8 0.0407029688358
19 27 0 8 0.0405536517501
5 16 0 8 0.0405055209994
1 29 0 8 0.040484584868
27 56 0 8 0.0402645394206
23 31 0 8 0.0401478074491
30 35 0 8 0.0400154367089
8 14 0 8 0.0399439707398
25 57 0 8 0.039561457932
20 26 0 8 0.0393456555903
24 56 0 8 0.0392955169082
21 26 0 8 0.0392100401223
18 53 0 8 0.039007589221
34 47 0 8 0.0389920957386
39 44 0 8 0.0386410951614
40 56 0 8 0.0386163555086
22 31 0 8 0.0386102385819
2 31 0 8 0.0382065437734
16 37 0 8 0.038038443774
2 15 0 8 0.0379634872079
1 45 0 8 0.037695992738
20 52 0 8 0.0376910194755
1 58 0 8 0.0376763641834
10 38 0 8 0.0376456901431
3 54 0 8 0.0373838171363
24 33 0 8 0.0372431725264
3 22 0 8 0.0371745526791
23 52 0 8 0.0369401499629
14 37 0 8 0.0369364060462
35 53 0 8 0.0368452072144
5 45 0 8 0.0366203561425
6 21 0 8 0.0364680066705
15 58 0 8 0.0364511869848
13 34 0 8 0.0364362262189
42 47 0 8 0.0362711846828
20 35 0 8 0.0361537821591
31 50 0 8 0.0361333489418
30 51 0 8 0.0359792709351
55 61 0 8 0.0355722792447
54 60 0 8 0.0355301313102
6 15 0 8 0.0353875681758
8 54 0 8 0.0351732671261
27 59 0 8 0.0351087339222
8 59 0 8 0.035067345947
13 43 0 8 0.0349982753396
2 12 0 8 0.0348279215395
6 39 0 8 0.0346822328866
22 40 0 8 0.034423597157
14 39 0 8 0.0343173108995
20 25 0 8 0.0342846177518
18 58 0 8 0.03420323506
36 42 0 8 0.0340693891048
1 60 0 8 0.0340045616031
8 13 0 8 0.0338599979877
5 13 0 8 0.0338388755918
23 49 0 8 0.0335812866688
11 38 0 8 0.0335200987756
11 57 0 8 0.0333255305886
1 20 0 8 0.0331830717623
1 37 0 8 0.0327508077025
37 41 0 8 0.0324047505856
10 56 0 8 0.0323793627322
2 35 0 8 0.0323392115533
8 39 0 8 0.0320211835206
30 56 0 8 0.0320114381611
2 47 0 8 0.0318912602961
2 46 0 8 0.0317078195512
25 37 0 8 0.0316484831274
41 47 0 8 0.0314735136926
6 30 0 8 0.0314140506089
16 47 0 8 0.0313559733331
27 37 0 8 0.0311935655773
32 52 0 8 0.0309315603226
31 59 0 8 0.0308644715697
38 43 0 8 0.0308112110943
35 48 0 8 0.0307986978441
38 51 0 8 0.0307427812368
27 54 0 8 0.0306179113686
45 50 0 8 0.0305675007403
25 56 0 8 0.0305581595749
5 14 0 8 0.0303217843175
2 27 0 8 0.0302396081388
22 53 0 8 0.0300758611411
7 55 0 8 0.0300191380084
5 29 0 8 0.0299868732691
2 14 0 8 0.0297734383494
6 41 0 8 0.0293805655092
5 10 0 8 0.0292303673923
5 18 0 8 0.0291820745915
52 58 0 8 0.0290949326009
25 58 0 8 0.0290513690561
3 36 0 8 0.029049679637
27 32 0 8 0.0286806374788
21 59 0 8 0.0285774711519
23 53 0 8 0.0284915659577
36 41 0 8 0.0283501688391
18 28 0 8 0.0282782427967
23 51 0 8 0.0279435627162
26 37 0 8 0.0279100816697
23 45 0 8 0.0278774406761
23 59 0 8 0.0277691110969
29 45 0 8 0.0276026185602
20 41 0 8 0.0275183003396
32 46 0 8 0.0274408645928
3 9 0 8 0.0272341631353
1 24 0 8 0.0271157883108
8 12 0 8 0.0270909294486
23 37 0 8 0.0269389785826
1 27 0 8 0.0268180351704
24 58 0 8 0.0268137548119
25 34 0 8 0.0266893003136
29 59 0 8 0.0266260094941
17 31 0 8 0.0265401564538
10 57 0 8 0.026461198926
18 37 0 8 0.0264551118016
2 13 0 8 0.0263847596943
39 45 0 8 0.0263050608337
24 38 0 8 0.0262406449765
27 60 0 8 0.0251676365733
26 41 0 8 0.0249272510409
23 35 0 8 0.0247373003513
31 40 0 8 0.0246378611773
20 47 0 8 0.0244979895651
44 51 0 8 0.0244973320514
7 39 0 8 0.0244446415454
17 44 0 8 0.0243290923536
26 57 0 8 0.0241202283651
23 42 0 8 0.0241121090949
26 54 0 8 0.0240800064057
8 11 0 8 0.023903220892
2 7 0 8 0.0237371940166
6 45 0 8 0.0233951304108
3 14 0 8 0.0232410468161
37 45 0 8 0.0232176985592
18 31 0 8 0.0232075043023
7 36 0 8 0.0230518635362
24 57 0 8 0.0228066686541
17 39 0 8 0.0227681137621
21 40 0 8 0.0227365363389
1 49 0 8 0.0226741973311
3 48 0 8 0.022603334859
9 42 0 8 0.0224776677787
5 59 0 8 0.0224738232791
15 39 0 8 0.0223835352808
3 39 0 8 0.0223493389785
6 48 0 8 0.0222158599645
26 31 0 8 0.0221410803497
38 52 0 8 0.022093180567
5 50 0 8 0.0220634378493
30 53 0 8 0.0218970607966
18 38 0 8 0.0218869522214
34 50 0 8 0.0218749511987
24 54 0 8 0.0217632055283
13 42 0 8 0.0217280331999
22 43 0 8 0.0217269323766
17 41 0 8 0.0217077359557
24 50 0 8 0.0217049252242
24 53 0 8 0.0216371454298
1 31 0 8 0.021621439606
19 28 0 8 0.0215785559267
16 57 0 8 0.0215744096786
6 34 0 8 0.0214986801147
1 46 0 8 0.0214886106551
8 37 0 8 0.0214658677578
2 33 0 8 0.0213956981897
3 17 0 8 0.0213656872511
18 59 0 8 0.0213471353054
17 57 0 8 0.0212723705918
13 53 0 8 0.0212237797678
45 52 0 8 0.0212035365403
10 58 0 8 0.0211838427931
17 51 0 8 0.0211690068245
31 53 0 8 0.0211419016123
15 30 0 8 0.0211307946593
22 33 0 8 0.0210077669472
3 56 0 8 0.0209842249751
2 28 0 8 0.0209457464516
25 53 0 8 0.0209372844547
27 55 0 8 0.0209067501128
3 41 0 8 0.0209046136588
53 60 0 8 0.0208011977375
55 60 0 8 0.0207858178765
25 31 0 8 0.0207145344466
9 33 0 8 0.0207079481333
20 53 0 8 0.0207050479949
19 26 0 8 0.0206757448614
35 46 0 8 0.0206450354308
17 33 0 8 0.0206032190472
25 36 0 8 0.0205567013472
24 39 0 8 0.0204723030329
15 27 0 8 0.0204175263643
1 22 0 8 0.0203942544758
23 44 0 8 0.0203259699047
6 19 0 8 0.0202732942998
17 35 0 8 0.0202646013349
28 34 0 8 0.0202532708645
26 56 0 8 0.0201772004366
23 32 0 8 0.0201455820352
17 27 0 8 0.0200357120484
33 38 0 8 0.0200260058045
1 61 0 8 0.0200208388269
1 48 0 8 0.0200096257031
26 33 0 8 0.0199991799891
21 33 0 8 0.0199740771204
20 32 0 8 0.0198991987854
5 23 0 8 0.0197945479304
6 57 0 8 0.0197898857296
24 36 0 8 0.0197778269649
24 61 0 8 0.0196821000427
20 50 0 8 0.0196440275759
12 33 0 8 0.0195951685309
25 59 0 8 0.0195924304426
36 45 0 8 0.0195706710219
22 45 0 8 0.0195462014526
10 30 0 8 0.0195445921272
7 11 0 8 0.0195426065475
6 43 0 8 0.0195243228227
5 21 0 8 0.0195230226964
1 21 0 8 0.0195215344429
24 59 0 8 0.0194953884929
12 53 0 8 0.0194270405918
30 41 0 8 0.0193946566433
10 39 0 8 0.0193408615887
25 50 0 8 0.01931951195
6 59 0 8 0.0190885458142
17 28 0 8 0.019054941833
3 59 0 8 0.019001878798
3 25 0 8 0.0189861878753
31 41 0 8 0.0189121346921
25 38 0 8 0.0189102552831
6 29 0 8 0.018879564479
17 43 0 8 0.0188564714044
44 49 0 8 0.0188403967768
13 46 0 8 0.0188329182565
3 55 0 8 0.018829734996
14 33 0 8 0.0187958069146
23 36 0 8 0.0187240503728
1 6 0 8 0.0186149608344
6 51 0 8 0.0185562185943
1 56 0 8 0.0185420680791
28 37 0 8 0.0185169633478
4 56 0 8 0.0184900406748
12 31 0 8 0.0184423755854
33 50 0 8 0.018368029967
5 35 0 8 0.01832604222
1 39 0 8 0.0182949136943
6 37 0 8 0.0182605851442
16 39 0 8 0.0182496495545
32 45 0 8 0.0182187836617
3 15 0 8 0.0181926600635
6 24 0 8 0.0181801151484
14 30 0 8 0.0181743875146
3 27 0 8 0.0181643329561
1 23 0 8 0.018156459555
27 34 0 8 0.0181263592094
22 32 0 8 0.0181068107486
27 39 0 8 0.0180369578302
26 59 0 8 0.0179386362433
22 44 0 8 0.0179199296981
23 58 0 8 0.0178899280727
6 11 0 8 0.0178035963327
31 38 0 8 0.0177702009678
30 52 0 8 0.0177597571164
41 46 0 8 0.0177240576595
23 39 0 8 0.017609288916
1 19 0 8 0.0175855644047
5 32 0 8 0.0175736639649
6 36 0 8 0.0175285488367
34 52 0 8 0.0175253376365
9 36 0 8 0.0175082869828
28 39 0 8 0.0174628682435
19 31 0 8 0.0174440704286
5 49 0 8 0.0174413565546
7 58 0 8 0.0174111071974
2 43 0 8 0.0173510611057
7 18 0 8 0.0173222236335
25 60 0 8 0.0172568745911
1 52 0 8 0.0172170847654
5 15 0 8 0.0172153506428
23 57 0 8 0.0172042455524
28 59 0 8 0.0171694736928
8 32 0 8 0.0170889124274
9 46 0 8 0.0170631669462
28 50 0 8 0.0170433353633
23 41 0 8 0.0170095227659
16 29 0 8 0.016885496676
24 34 0 8 0.0168640520424
22 59 0 8 0.0168429166079
9 54 0 8 0.0168204437941
16 31 0 8 0.0168005432934
25 32 0 8 0.0168001335114
1 26 0 8 0.0167451743037
32 56 0 8 0.0166193731129
28 52 0 8 0.0166063085198
6 42 0 8 0.016562409699
8 36 0 8 0.0165619663894
52 59 0 8 0.0165592003614
5 37 0 8 0.0165109392256
21 58 0 8 0.0164583530277
25 45 0 8 0.016451632604
23 47 0 8 0.0164454206824
17 24 0 8 0.0164238028228
7 12 0 8 0.0164017099887
9 18 0 8 0.0164010412991
22 58 0 8 0.0162114091218
54 61 0 8 0.016173299402
4 39 0 8 0.0161549877375
35 52 0 8 0.016075918451
2 60 0 8 0.0159276109189
14 38 0 8 0.0159251447767
3 26 0 8 0.0159188751131
31 39 0 8 0.0159135293216
8 27 0 8 0.0158255342394
3 45 0 8 0.0158119052649
13 47 0 8 0.0158041138202
4 9 0 8 0.0157379284501
38 46 0 8 0.0157362166792
27 61 0 8 0.0157201904804
21 45 0 8 0.0156657509506
2 11 0 8 0.0156620908529
21 38 0 8 0.0155593650416
8 61 0 8 0.0155487125739
6 46 0 8 0.0155306877568
34 44 0 8 0.0154968081042
27 36 0 8 0.0154499476776
24 60 0 8 0.0154321501032
33 45 0 8 0.0154152642936
18 54 0 8 0.0154130505398
10 15 0 8 0.0153990471736
9 50 0 8 0.0152970794588
22 35 0 8 0.0152924181893
31 56 0 8 0.0152152907103
4 24 0 8 0.0152104254812
1 57 0 8 0.015175496228
23 60 0 8 0.0151706999168
10 41 0 8 0.0151379704475
3 20 0 8 0.0151141667739
40 47 0 8 0.0150606697425
3 23 0 8 0.014970511198
29 52 0 8 0.0149408522993
22 41 0 8 0.0149360811338
25 61 0 8 0.0148936947808
24 31 0 8 0.0148496283218
1 44 0 8 0.0148492371663
51 56 0 8 0.0148379141465
39 51 0 8 0.0147805111483
12 56 0 8 0.0147317554802
18 25 0 8 0.0146785099059
35 47 0 8 0.0146673070267
26 52 0 8 0.0146539714187
1 12 0 8 0.0146294049919
12 32 0 8 0.0145578421652
12 47 0 8 0.0145496223122
14 56 0 8 0.0145469084382
3 30 0 8 0.0144990617409
25 54 0 8 0.0144791733474
13 56 0 8 0.0144773833454
19 35 0 8 0.014453638345
9 32 0 8 0.0144313564524
33 48 0 8 0.0144264800474
27 50 0 8 0.0143826063722
15 48 0 8 0.0143558559939
27 51 0 8 0.0143408114091
1 25 0 8 0.0143227791414
8 29 0 8 0.0142155475914
25 52 0 8 0.0142059093341
13 41 0 8 0.0141770504415
14 41 0 8 0.0141419190913
24 32 0 8 0.0141213117167
2 32 0 8 0.0140453446656
21 61 0 8 0.0140447895974
24 51 0 8 0.0140392966568
21 50 0 8 0.0140316486359
17 26 0 8 0.0140266157687
30 47 0 8 0.0139793921262
18 49 0 8 0.0139420032501
33 42 0 8 0.0138948177919
48 53 0 8 0.0138541916385
23 55 0 8 0.0138449314982
1 28 0 8 0.0138269737363
32 41 0 8 0.0138163864613
27 53 0 8 0.0137925688177
8 38 0 8 0.0137587133795
4 58 0 8 0.0137197896838
11 59 0 8 0.013698713854
25 51 0 8 0.0136696044356
8 24 0 8 0.0136658884585
31 60 0 8 0.013656752184
1 55 0 8 0.0135861942545
16 33 0 8 0.0135309388861
34 56 0 8 0.0135080646724
22 61 0 8 0.0134823601693
1 34 0 8 0.0134435882792
23 48 0 8 0.0134428488091
18 39 0 8 0.0134170465171
21 35 0 8 0.013357963413
10 40 0 8 0.01334627904
16 32 0 8 0.0132977850735
16 55 0 8 0.0132974721491
24 45 0 8 0.0132895726711
1 43 0 8 0.0132859218866
7 38 0 8 0.0132816592231
16 23 0 8 0.013268891722
14 59 0 8 0.01326565817
26 32 0 8 0.0132648963481
17 47 0 8 0.0132520087063
16 21 0 8 0.0132244704291
9 19 0 8 0.0132176084444
53 61 0 8 0.0132008083165
2 8 0 8 0.0131969451904
9 43 0 8 0.013188441284
20 38 0 8 0.0131654068828
7 52 0 8 0.0131565500051
12 43 0 8 0.0131150363013
35 59 0 8 0.0130522334948
15 28 0 8 0.0130511652678
22 38 0 8 0.0130460923538
13 30 0 8 0.0130432192236
18 56 0 8 0.0130379227921
1 30 0 8 0.0130376899615
17 37 0 8 0.0130268884823
14 58 0 8 0.0130263008177
30 46 0 8 0.0129927173257
33 57 0 8 0.0129877096042
42 49 0 8 0.0129855470732
33 56 0 8 0.0129815498367
10 45 0 8 0.0129678109661
22 57 0 8 0.0129458205774
30 48 0 8 0.0129214646295
18 57 0 8 0.012911147438
1 16 0 8 0.0129081578925
15 59 0 8 0.012905898504
26 60 0 8 0.0128523632884
30 38 0 8 0.0128212505952
19 52 0 8 0.0127949994057
11 55 0 8 0.012771868147
3 12 0 8 0.012743958272
3 37 0 8 0.012684205547
28 40 0 8 0.0126780439168
3 16 0 8 0.0126502839848
30 40 0 8 0.0126121286303
7 37 0 8 0.0126061318442
20 56 0 8 0.0126007087529
43 50 0 8 0.0125956609845
15 45 0 8 0.0125942435116
12 49 0 8 0.0125523181632
37 42 0 8 0.0125369662419
12 59 0 8 0.0125217335299
19 53 0 8 0.0125203710049
5 11 0 8 0.0124858831987
28 61 0 8 0.012478036806
18 52 0 8 0.0123833306134
28 58 0 8 0.0123375179246
28 38 0 8 0.0123173603788
7 13 0 8 0.0123117808253
15 33 0 8 0.0122957350686
21 32 0 8 0.0122681949288
13 32 0 8 0.012257498689
11 39 0 8 0.0122287767008
29 57 0 8 0.0122056836262
23 54 0 8 0.0121762892231
22 49 0 8 0.0121755544096
26 53 0 8 0.0121314562857
20 33 0 8 0.0121304970235
6 54 0 8 0.0121297761798
2 36 0 8 0.0121224997565
17 55 0 8 0.0121046565473
23 61 0 8 0.0120822554454
4 59 0 8 0.0120609188452
1 50 0 8 0.0120420763269
6 20 0 8 0.0120277088135
34 53 0 8 0.0119915558025
28 56 0 8 0.0119803920388
29 38 0 8 0.0119424369186
50 59 0 8 0.0118815256283
16 42 0 8 0.0118788676336
18 26 0 8 0.0118745965883
8 57 0 8 0.0118707772344
5 27 0 8 0.0118454825133
4 36 0 8 0.0118282986805
34 46 0 8 0.0117837609723
6 32 0 8 0.0117770321667
26 51 0 8 0.0117363352329
9 23 0 8 0.0117302304134
15 61 0 8 0.0117064239457
26 61 0 8 0.0116929709911
2 10 0 8 0.0116609828547
1 9 0 8 0.0116588175297
26 45 0 8 0.0116491718218
5 31 0 8 0.0116288550198
35 57 0 8 0.011619804427
24 52 0 8 0.0115925902501
22 60 0 8 0.0115924272686
1 15 0 8 0.0114939296618
21 60 0 8 0.011472273618
3 13 0 8 0.0113752568141
19 32 0 8 0.0113649126142
6 33 0 8 0.0113345207646
29 51 0 8 0.0113185392693
30 59 0 8 0.011288116686
1 53 0 8 0.0112121459097
9 47 0 8 0.0111806979403
28 57 0 8 0.0111709078774
30 54 0 8 0.0111591201276
36 59 0 8 0.0111400363967
3 60 0 8 0.0111329471692
16 59 0 8 0.0111250123009
30 37 0 8 0.011119867675
1 51 0 8 0.0111170476303
43 48 0 8 0.0111144846305
14 34 0 8 0.0110279880464
11 37 0 8 0.0110168335959
36 50 0 8 0.0109773874283
11 31 0 8 0.0109729096293
11 40 0 8 0.0109168011695
27 48 0 8 0.0109131876379
3 61 0 8 0.010911596939
31 61 0 8 0.0109082730487
8 28 0 8 0.0108575243503
32 51 0 8 0.0108491703868
10 34 0 8 0.0108435219154
30 60 0 8 0.0108053674921
33 51 0 8 0.0107927201316
25 35 0 8 0.0107913101092
25 55 0 8 0.0107713388279
1 17 0 8 0.0107474196702
10 44 0 8 0.0107438918203
33 52 0 8 0.0107409022748
8 25 0 8 0.0107289860025
28 55 0 8 0.0107192434371
8 45 0 8 0.0106964819133
14 35 0 8 0.01068678312
2 61 0 8 0.0106335664168
9 59 0 8 0.0106261391193
3 33 0 8 0.0106188729405
29 61 0 8 0.0106128528714
13 45 0 8 0.0105923637748
35 49 0 8 0.0105914799497
1 33 0 8 0.0105759864673
30 43 0 8 0.0105747431517
33 39 0 8 0.0105596370995
37 44 0 8 0.0105525897816
23 43 0 8 0.0104877948761
4 52 0 8 0.0104725640267
16 27 0 8 0.0104470578954
16 46 0 8 0.010446944274
10 54 0 8 0.0104100871831
20 43 0 8 0.0103845503181
28 60 0 8 0.0103670116514
16 50 0 8 0.0103179905564
7 54 0 8 0.0102460198104
39 47 0 8 0.0102222654969
50 60 0 8 0.0102213146165
13 31 0 8 0.0102152479813
7 59 0 8 0.0102092809975
12 37 0 8 0.0100868148729
28 43 0 8 0.0100831259042
24 55 0 8 0.0100537734106
8 48 0 8 0.0100505799055
21 41 0 8 0.0100062657148
5 33 0 8 0.00999515689909
11 58 0 8 0.00999291148037
8 53 0 8 0.00998654868454
14 57 0 8 0.00996791664511
3 42 0 8 0.00996206421405
17 32 0 8 0.00995948724449
33 41 0 8 0.00990815274417
11 60 0 8 0.00990163441747
28 42 0 8 0.00989767163992
14 28 0 8 0.00988366641104
17 58 0 8 0.00982707180083
34 43 0 8 0.00980754755437
28 48 0 8 0.00977961719036
25 41 0 8 0.00977663043886
36 54 0 8 0.00973547901958
11 48 0 8 0.00964411720634
1 18 0 8 0.0096401553601
14 60 0 8 0.00964002870023
18 33 0 8 0.00955174956471
13 59 0 8 0.00954440422356
51 59 0 8 0.0095327179879
14 29 0 8 0.00951774697751
6 58 0 8 0.00951443053782
14 52 0 8 0.00951045844704
3 28 0 8 0.00948991626501
19 58 0 8 0.00948705244809
28 53 0 8 0.00948476325721
9 21 0 8 0.00947277899832
17 25 0 8 0.00942418724298
5 60 0 8 0.00939924269915
21 46 0 8 0.00936635676771
41 48 0 8 0.00936540588737
3 21 0 8 0.00934334285557
8 33 0 8 0.00930623523891
28 36 0 8 0.0092943077907
50 58 0 8 0.00924953818321
14 27 0 8 0.00923413410783
1 32 0 8 0.00922621972859
9 58 0 8 0.00922346953303
20 59 0 8 0.00921162031591
10 42 0 8 0.00917237345129
11 54 0 8 0.00915519427508
12 55 0 8 0.00914337486029
5 30 0 8 0.00914277508855
10 16 0 8 0.00906645972282
20 58 0 8 0.00905702728778
26 40 0 8 0.00905683450401
30 57 0 8 0.00904595758766
30 44 0 8 0.00901950430125
9 22 0 8 0.00896789226681
6 35 0 8 0.0089297387749
8 40 0 8 0.00890534278005
3 35 0 8 0.00888878852129
30 50 0 8 0.00885666441172
24 40 0 8 0.00883956067264
16 22 0 8 0.0088002383709
11 41 0 8 0.00879462901503
25 40 0 8 0.0087916161865
31 52 0 8 0.008769412525
24 35 0 8 0.00873202644289
12 42 0 8 0.00862879492342
9 28 0 8 0.00862843543291
6 47 0 8 0.00862773414701
18 60 0 8 0.00858118850738
3 19 0 8 0.00856729317456
3 53 0 8 0.00854674633592
10 36 0 8 0.00853703916073
1 36 0 8 0.00850597303361
18 61 0 8 0.00850387383252
37 58 0 8 0.00849406607449
14 45 0 8 0.00846935156733
33 44 0 8 0.00843112822622
18 34 0 8 0.00842045992613
10 60 0 8 0.008415046148
36 44 0 8 0.00834007188678
50 61 0 8 0.00832987576723
10 50 0 8 0.00832632370293
3 11 0 8 0.00827228650451
33 43 0 8 0.0082470420748
1 8 0 8 0.00822441745549
1 13 0 8 0.00821725279093
39 59 0 8 0.00821508094668
25 39 0 8 0.00820866040885
5 42 0 8 0.00817250832915
16 28 0 8 0.00815796479583
11 36 0 8 0.00814916938543
12 57 0 8 0.00811668485403
16 60 0 8 0.00810967106372
27 52 0 8 0.00809994898736
30 55 0 8 0.00809935946018
5 39 0 8 0.00806002411991
32 59 0 8 0.00803458224982
36 43 0 8 0.00802527647465
20 51 0 8 0.00801419559866
20 57 0 8 0.00800886750221
29 48 0 8 0.00800859183073
19 57 0 8 0.00792066473514
37 48 0 8 0.00791761092842
7 29 0 8 0.00788292475045
7 24 0 8 0.00784556288272
3 40 0 8 0.00780136603862
22 51 0 8 0.00779449660331
45 51 0 8 0.00779374409467
12 60 0 8 0.00778095191345
27 35 0 8 0.00777002237737
22 54 0 8 0.00776760000736
12 30 0 8 0.00774215115234
32 58 0 8 0.00770766939968
8 15 0 8 0.00769092189148
22 37 0 8 0.0076766484417
15 60 0 8 0.00767113640904
35 51 0 8 0.00765487737954
1 47 0 8 0.00764884473756
3 10 0 8 0.00762573024258
23 50 0 8 0.00761095341295
28 54 0 8 0.00760105857626
49 59 0 8 0.00757445208728
46 51 0 8 0.00756329810247
17 42 0 8 0.00754217430949
37 43 0 8 0.00752801075578
26 38 0 8 0.0075122769922
21 37 0 8 0.00750873330981
13 39 0 8 0.00750416796654
26 50 0 8 0.00749715045094
5 61 0 8 0.00748534034938
36 57 0 8 0.00746149104089
1 35 0 8 0.00742961047217
10 37 0 8 0.00733501091599
5 26 0 8 0.0072886669077
8 16 0 8 0.00727391196415
10 28 0 8 0.00727297505364
7 56 0 8 0.00726436311379
5 36 0 8 0.00722790695727
34 55 0 8 0.00721402466297
19 59 0 8 0.00721040274948
49 60 0 8 0.00719814142212
16 36 0 8 0.00716751394793
32 60 0 8 0.00713685993105
33 55 0 8 0.00712288543582
15 56 0 8 0.00711665954441
39 48 0 8 0.007073095534
40 46 0 8 0.00705079361796
10 61 0 8 0.007030505687
3 31 0 8 0.00702349469066
32 53 0 8 0.00701595656574
13 60 0 8 0.00701218703762
10 31 0 8 0.00698896404356
19 40 0 8 0.00697696115822
3 52 0 8 0.0069587752223
18 51 0 8 0.00694983452559
15 46 0 8 0.00690470449626
29 36 0 8 0.00686448998749
24 41 0 8 0.0068610869348
31 57 0 8 0.00683941645548
38 58 0 8 0.00682786339894
16 58 0 8 0.00681499624625
9 20 0 8 0.00680399592966
14 36 0 8 0.00680328393355
14 40 0 8 0.00679612811655
13 28 0 8 0.0067778704688
26 48 0 8 0.00676295999438
13 33 0 8 0.00675279507414
5 25 0 8 0.00674752658233
16 51 0 8 0.0067139454186
32 54 0 8 0.0067124129273
13 54 0 8 0.00670777307823
14 26 0 8 0.00669137388468
32 61 0 8 0.00667509064078
15 36 0 8 0.00666133873165
11 33 0 8 0.00663177948445
7 41 0 8 0.00662349490449
13 57 0 8 0.00662303669378
26 55 0 8 0.00660163164139
12 58 0 8 0.00658751837909
13 58 0 8 0.00658725341782
42 52 0 8 0.00657897349447
3 50 0 8 0.006551428698
12 29 0 8 0.0065278345719
22 55 0 8 0.00652598263696
14 50 0 8 0.00649556750432
31 51 0 8 0.00649364758283
29 40 0 8 0.00648470502347
32 43 0 8 0.00647575268522
28 41 0 8 0.00643811747432
50 55 0 8 0.00643427902833
16 54 0 8 0.00642545940354
20 60 0 8 0.0064172334969
8 43 0 8 0.00640438869596
43 49 0 8 0.00639273831621
18 48 0 8 0.00639192387462
33 59 0 8 0.00638487748802
6 60 0 8 0.00634813075885
32 48 0 8 0.00634699407965
12 61 0 8 0.00634094327688
11 30 0 8 0.00633141165599
27 44 0 8 0.00629264162853
4 13 0 8 0.00628934800625
34 59 0 8 0.00625762389973
17 60 0 8 0.00625699805096
14 61 0 8 0.00624645454809
4 27 0 8 0.00624209921807
21 51 0 8 0.00623503653333
30 58 0 8 0.00622126599774
8 60 0 8 0.0061816489324
3 49 0 8 0.00617671152577
11 61 0 8 0.00615911884233
5 28 0 8 0.00615286407992
5 44 0 8 0.00614951411262
27 42 0 8 0.00614632712677
10 33 0 8 0.00614474248141
15 35 0 8 0.00614112941548
36 58 0 8 0.00613346043974
8 17 0 8 0.00611353758723
19 42 0 8 0.00607349677011
29 55 0 8 0.00607008393854
22 48 0 8 0.00605652295053
7 15 0 8 0.00605573691428
4 43 0 8 0.00605309382081
11 16 0 8 0.00605180300772
27 40 0 8 0.00603382848203
4 12 0 8 0.00600719684735
10 43 0 8 0.00598947005346
1 54 0 8 0.00597701407969
7 51 0 8 0.00597646506503
36 55 0 8 0.00596506847069
10 35 0 8 0.00593711389229
26 35 0 8 0.00593076553196
19 44 0 8 0.00591817311943
6 50 0 8 0.00591569114476
10 51 0 8 0.00590797327459
22 46 0 8 0.00589277781546
33 49 0 8 0.00584775628522
30 61 0 8 0.00584472436458
35 60 0 8 0.00584366358817
25 49 0 8 0.0058132535778
12 36 0 8 0.00579426903278
8 41 0 8 0.00578418560326
37 59 0 8 0.00576370162889
17 61 0 8 0.00575844710693
32 37 0 8 0.00575388688594
18 32 0 8 0.00572399049997
3 32 0 8 0.00571524212137
8 22 0 8 0.00570286996663
38 47 0 8 0.00570114795119
1 7 0 8 0.00569906132296
7 40 0 8 0.00569832697511
32 57 0 8 0.00564683554694
38 53 0 8 0.00564370118082
18 40 0 8 0.00562900770456
11 35 0 8 0.00561867468059
19 39 0 8 0.0056183100678
18 50 0 8 0.00561220478266
16 43 0 8 0.0056026331149
3 44 0 8 0.00558020826429
4 10 0 8 0.00557893328369
15 40 0 8 0.00554513465613
12 17 0 8 0.0055249533616
6 27 0 8 0.00551180634648
27 41 0 8 0.00551123125479
29 60 0 8 0.00549968099222
50 56 0 8 0.00547606358305
34 51 0 8 0.00547386193648
31 55 0 8 0.00546563137323
4 55 0 8 0.00545941432938
19 50 0 8 0.00545739522204
26 36 0 8 0.00544398231432
5 24 0 8 0.00542924227193
20 39 0 8 0.00542204501107
4 15 0 8 0.00540143856779
4 61 0 8 0.00538626359776
11 29 0 8 0.00537953153253
28 44 0 8 0.00537502253428
52 60 0 8 0.00537038734183
30 36 0 8 0.00536784855649
41 49 0 8 0.00536306994036
6 44 0 8 0.00536154862493
15 26 0 8 0.00535826664418
7 17 0 8 0.00535383680835
17 36 0 8 0.00535203935578
13 37 0 8 0.00533812167123
4 22 0 8 0.00532503519207
45 53 0 8 0.00532038509846
3 34 0 8 0.00531895458698
11 51 0 8 0.00531525723636
33 46 0 8 0.00531485350803
18 35 0 8 0.00530146481469
21 43 0 8 0.00530086131766
14 42 0 8 0.00529798585922
15 57 0 8 0.00529244542122
14 54 0 8 0.00527222314849
35 58 0 8 0.00527199869975
24 48 0 8 0.00526152318344
11 50 0 8 0.0052493289113
9 27 0 8 0.00521964300424
15 41 0 8 0.00520713441074
13 50 0 8 0.00519529683515
14 31 0 8 0.0051718140021
1 10 0 8 0.00516732688993
33 40 0 8 0.00515750376508
12 46 0 8 0.00514238653705
15 24 0 8 0.00511977588758
9 61 0 8 0.00505006685853
26 39 0 8 0.0050311726518
48 59 0 8 0.0050087608397
7 16 0 8 0.00500295357779
6 28 0 8 0.00499610323459
32 55 0 8 0.00498051615432
29 50 0 8 0.0049632997252
7 57 0 8 0.0049615977332
32 38 0 8 0.00495420629159
36 52 0 8 0.00495008286089
10 24 0 8 0.00494892289862
15 53 0 8 0.00488961488008
12 35 0 8 0.00485756993294
16 61 0 8 0.00485244113952
35 55 0 8 0.00482432730496
14 53 0 8 0.00480919796973
19 48 0 8 0.00480598350987
11 45 0 8 0.00479255570099
12 50 0 8 0.00478690490127
51 58 0 8 0.00475666252896
3 43 0 8 0.00474784011021
15 31 0 8 0.00473539810628
20 61 0 8 0.00472952052951
28 49 0 8 0.00472887419164
44 50 0 8 0.0047285198234
4 33 0 8 0.00471464032307
25 48 0 8 0.00470443442464
11 56 0 8 0.00469126645476
7 35 0 8 0.00468781450763
33 53 0 8 0.00460509816185
18 45 0 8 0.00457557337359
37 49 0 8 0.00457529956475
31 37 0 8 0.00455592339858
18 41 0 8 0.00455373339355
4 38 0 8 0.00454265391454
28 47 0 8 0.00454258685932
33 58 0 8 0.00453205965459
36 48 0 8 0.00451310351491
27 47 0 8 0.00449512479827
38 59 0 8 0.00447419192642
13 36 0 8 0.00447399402037
28 46 0 8 0.00446454854682
7 28 0 8 0.00445890659466
4 37 0 8 0.00445688981563
36 51 0 8 0.00443392945454
40 59 0 8 0.00441458355635
51 61 0 8 0.00441409694031
15 54 0 8 0.00440836977214
16 24 0 8 0.00440757675096
16 26 0 8 0.00439285812899
41 52 0 8 0.00439188396558
15 52 0 8 0.00438879104331
13 21 0 8 0.00438800128177
22 39 0 8 0.0043844259344
11 28 0 8 0.00438256980851
19 46 0 8 0.004372832831
32 50 0 8 0.00435005826876
7 61 0 8 0.00434362702072
20 37 0 8 0.00432820850983
37 56 0 8 0.00431828247383
15 23 0 8 0.00431203609332
3 51 0 8 0.00429521966726
14 25 0 8 0.00429249787703
11 52 0 8 0.00429063523188
36 60 0 8 0.00427859229967
17 54 0 8 0.00426706904545
3 46 0 8 0.00425535067916
38 61 0 8 0.00423054862767
13 27 0 8 0.00417887698859
5 43 0 8 0.00417390372604
6 61 0 8 0.00414791563526
26 49 0 8 0.00414633797482
4 14 0 8 0.00413860334083
15 32 0 8 0.00410340027884
37 61 0 8 0.00409240555018
3 47 0 8 0.00408583972603
49 61 0 8 0.00407323334366
7 60 0 8 0.00407320819795
37 57 0 8 0.00405725836754
13 61 0 8 0.00404909066856
21 39 0 8 0.00404541380703
27 49 0 8 0.00402278173715
8 30 0 8 0.00402193749323
23 46 0 8 0.00401009153575
1 11 0 8 0.0039944476448
52 61 0 8 0.00398352602497
30 39 0 8 0.00397024815902
5 20 0 8 0.00396470632404
18 42 0 8 0.00395502755418
21 54 0 8 0.00393702415749
5 47 0 8 0.00393297243863
31 36 0 8 0.00390103808604
36 47 0 8 0.0038854139857
5 46 0 8 0.00385563098826
47 52 0 8 0.00383417145349
12 51 0 8 0.00382454553619
22 47 0 8 0.00382265099324
14 55 0 8 0.00381708773784
14 19 0 8 0.00380710489117
7 48 0 8 0.00379890855402
8 34 0 8 0.00378599343821
46 60 0 8 0.00376759120263
10 49 0 8 0.00376619026065
37 60 0 8 0.00375631125644
33 61 0 8 0.00375619879924
13 22 0 8 0.00372999231331
4 60 0 8 0.00372289167717
36 61 0 8 0.00370831671171
28 45 0 8 0.00370428129099
24 49 0 8 0.00369896856137
51 60 0 8 0.00368590513244
11 47 0 8 0.00367915909737
11 32 0 8 0.00366208306514
4 23 0 8 0.00365025945939
9 60 0 8 0.00364894326776
19 60 0 8 0.00362535077147
14 32 0 8 0.00359220453538
16 25 0 8 0.00358477584086
10 29 0 8 0.00355105102062
20 54 0 8 0.00354802189395
48 56 0 8 0.00354741164483
4 29 0 8 0.00353744719177
25 42 0 8 0.00353510165587
7 33 0 8 0.00353243364953
4 34 0 8 0.00351845123805
42 59 0 8 0.00351293687709
14 44 0 8 0.00351249123923
37 50 0 8 0.00350387650542
33 54 0 8 0.00349069666117
34 58 0 8 0.00348876975477
19 36 0 8 0.00347847351804
34 54 0 8 0.00347455684096
4 45 0 8 0.00346937449649
4 50 0 8 0.00346164824441
8 35 0 8 0.00346067128703
34 60 0 8 0.00344963627867
29 39 0 8 0.00344696384855
15 55 0 8 0.00344690633938
13 19 0 8 0.00342290569097
15 44 0 8 0.00341592496261
10 47 0 8 0.00340662803501
36 53 0 8 0.00339772133157
10 32 0 8 0.00338135892525
6 25 0 8 0.00337828649208
19 61 0 8 0.00337797985412
27 45 0 8 0.00337760895491
4 57 0 8 0.00335505674593
39 58 0 8 0.00331328227185
10 53 0 8 0.00330760562792
10 27 0 8 0.0032915759366
21 55 0 8 0.00328634236939
27 46 0 8 0.00325277284719
32 47 0 8 0.00324663333595
4 16 0 8 0.00324541749433
42 60 0 8 0.00323564489372
14 48 0 8 0.00322369323112
15 50 0 8 0.00322132813744
28 35 0 8 0.00321145099588
29 54 0 8 0.0032020250801
14 51 0 8 0.0031922981143
34 57 0 8 0.00317429518327
29 35 0 8 0.00317389541306
14 47 0 8 0.0031672839541
20 55 0 8 0.00316653889604
8 50 0 8 0.00316547043622
8 26 0 8 0.00314480275847
10 46 0 8 0.0031272363849
42 57 0 8 0.00312162260525
14 49 0 8 0.00311756832525
14 24 0 8 0.00311278365552
41 56 0 8 0.00310336356051
8 44 0 8 0.0031026082579
15 51 0 8 0.00310212909244
7 53 0 8 0.0030828230083
10 23 0 8 0.00307562993839
48 60 0 8 0.0030710673891
26 42 0 8 0.00305600184947
21 47 0 8 0.00305417482741
38 57 0 8 0.00304759875871
39 57 0 8 0.00302533851936
21 44 0 8 0.00301872286946
8 42 0 8 0.00300776422955
14 23 0 8 0.00299743935466
11 18 0 8 0.00297095626593
4 11 0 8 0.00296588847414
18 36 0 8 0.00296501279809
7 45 0 8 0.00296365562826
8 49 0 8 0.00295748794451
35 61 0 8 0.00295437942259
36 46 0 8 0.0029330868274
43 52 0 8 0.00293014850467
51 57 0 8 0.00292004784569
19 51 0 8 0.00291379028931
4 19 0 8 0.00290363677777
41 59 0 8 0.00289876898751
49 56 0 8 0.00289482017979
40 58 0 8 0.00289000431076
11 44 0 8 0.00286431214772
36 56 0 8 0.00283651635982
7 34 0 8 0.00281703774817
15 25 0 8 0.00281090964563
25 44 0 8 0.00278922589496
9 24 0 8 0.00276832771488
26 44 0 8 0.00276628648862
7 42 0 8 0.00276557775214
37 46 0 8 0.00276146456599
4 40 0 8 0.002749777399
7 25 0 8 0.00274378200993
13 18 0 8 0.00273989816196
4 48 0 8 0.00273324036971
14 46 0 8 0.00272881705314
46 59 0 8 0.00271590356715
32 40 0 8 0.00270973076113
18 55 0 8 0.00269166310318
29 41 0 8 0.00268975761719
31 58 0 8 0.00267694471404
6 26 0 8 0.0026702452451
38 55 0 8 0.00265659834258
11 34 0 8 0.00265168840997
8 46 0 8 0.00264945859089
38 50 0 8 0.00261556659825
47 59 0 8 0.00259515526704
29 49 0 8 0.00259498134255
27 43 0 8 0.00258949608542
11 42 0 8 0.00258179917
42 58 0 8 0.00257661263458
19 55 0 8 0.00257620960474
43 56 0 8 0.00257305032574
22 36 0 8 0.00257227104157
29 42 0 8 0.00256252777763
4 41 0 8 0.00255565578118
7 46 0 8 0.00253737322055
12 28 0 8 0.00253435317427
4 35 0 8 0.00252152979374
18 47 0 8 0.00251871882938
45 56 0 8 0.0025057324674
19 41 0 8 0.00247777160257
49 58 0 8 0.00244913506322
19 47 0 8 0.00244867731817
22 50 0 8 0.00243952777237
26 47 0 8 0.00241069216281
38 60 0 8 0.00240717642009
37 52 0 8 0.00237601133995
39 56 0 8 0.00236897799186
39 46 0 8 0.00236263615079
8 31 0 8 0.00235129473731
20 36 0 8 0.00235099624842
25 47 0 8 0.00233425060287
18 43 0 8 0.00230028643273
40 55 0 8 0.00228648330085
8 19 0 8 0.00228566024452
24 42 0 8 0.00228306162171
4 53 0 8 0.00228203111328
40 50 0 8 0.00227884156629
13 23 0 8 0.00227101519704
7 26 0 8 0.0022649189923
11 27 0 8 0.00224578077905
50 57 0 8 0.00223845685832
4 31 0 8 0.00222236732952
7 32 0 8 0.00221587507986
7 31 0 8 0.00221126223914
42 61 0 8 0.00220339093357
45 54 0 8 0.00217219954357
39 52 0 8 0.00217101257294
15 42 0 8 0.00216257805005
45 59 0 8 0.00214880215935
18 44 0 8 0.0021422135178
8 47 0 8 0.00214082025923
10 17 0 8 0.00214044563472
7 43 0 8 0.00212447787635
34 61 0 8 0.00212202803232
37 47 0 8 0.00211954442784
4 44 0 8 0.00209476426244
41 57 0 8 0.00209217215888
21 36 0 8 0.00209032720886
46 61 0 8 0.00208155391738
37 53 0 8 0.0020685645286
8 18 0 8 0.00206268578768
44 59 0 8 0.00204801768996
4 42 0 8 0.0020367517136
4 54 0 8 0.00202766899019
33 60 0 8 0.0020224833861
39 60 0 8 0.00198739115149
4 26 0 8 0.00196711835451
15 20 0 8 0.00194226042368
31 54 0 8 0.00193741195835
44 52 0 8 0.0019351367373
42 50 0 8 0.00193384417798
10 26 0 8 0.00192269962281
19 49 0 8 0.00192174722906
41 55 0 8 0.00189915217925
7 44 0 8 0.00189490884077
7 22 0 8 0.00189289508853
33 47 0 8 0.0018740525702
1 14 0 8 0.00187273998745
40 51 0 8 0.0018691951409
45 57 0 8 0.0018552938709
14 43 0 8 0.00185091211461
39 61 0 8 0.00184528692625
42 55 0 8 0.00183835718781
37 51 0 8 0.00183330150321
4 25 0 8 0.0018313662149
11 53 0 8 0.00182208744809
4 21 0 8 0.00182069605216
29 44 0 8 0.00181999767665
32 49 0 8 0.00180275447201
4 17 0 8 0.00180141802412
47 61 0 8 0.00180066283792
41 60 0 8 0.00179735152051
4 28 0 8 0.00179676909465
7 49 0 8 0.00179525080603
7 27 0 8 0.00178399228025
10 18 0 8 0.00177182466723
19 43 0 8 0.00177012349013
7 50 0 8 0.00176196021494
24 44 0 8 0.00174995604903
19 54 0 8 0.00171785138082
25 43 0 8 0.00171612435952
4 30 0 8 0.00171605742071
39 54 0 8 0.00171314692125
29 46 0 8 0.00171088217758
13 25 0 8 0.00171034957748
15 47 0 8 0.00169727066532
48 61 0 8 0.00169525912497
43 51 0 8 0.00169026153162
39 49 0 8 0.00164961174596
39 50 0 8 0.00161984236911
12 54 0 8 0.00161746214144
9 25 0 8 0.00161494454369
11 24 0 8 0.00159174192231
24 47 0 8 0.0015826652525
26 43 0 8 0.00157136435155
45 55 0 8 0.00156565848738
4 51 0 8 0.00156267301645
7 30 0 8 0.00156151654664
11 17 0 8 0.00154736742843
46 53 0 8 0.00151881249622
36 49 0 8 0.00151285622269
11 26 0 8 0.00151193886995
25 46 0 8 0.00150874105748
41 53 0 8 0.00150804151781
42 48 0 8 0.00150068919174
9 26 0 8 0.00149469636381
48 57 0 8 0.00149172893725
42 56 0 8 0.00149091717321
12 27 0 8 0.00148069846909
44 56 0 8 0.00147377385292
47 53 0 8 0.00146292883437
47 55 0 8 0.00144652684685
12 23 0 8 0.00142388034146
29 43 0 8 0.00142271665391
10 25 0 8 0.001418170752
47 56 0 8 0.00141012878157
4 32 0 8 0.00139840121847
4 49 0 8 0.00139503390528
32 39 0 8 0.00139247148763
41 50 0 8 0.00138349155895
40 61 0 8 0.00137670885306
40 57 0 8 0.00137308321428
7 47 0 8 0.00136793532874
46 52 0 8 0.0013676637318
11 46 0 8 0.00136190513149
43 59 0 8 0.00135130225681
13 24 0 8 0.00133644603193
4 47 0 8 0.00130602018908
49 54 0 8 0.00130252342205
41 58 0 8 0.00129861582536
40 60 0 8 0.00128887954634
26 46 0 8 0.0012827628525
11 23 0 8 0.00127553450875
15 49 0 8 0.00127354974393
40 53 0 8 0.00127252039965
29 47 0 8 0.00125194573775
11 25 0 8 0.00124731555115
15 43 0 8 0.00123817508575
13 26 0 8 0.00122491153888
48 58 0 8 0.00120411324315
12 26 0 8 0.00120298285037
11 43 0 8 0.0011889153393
4 18 0 8 0.00117591721937
42 53 0 8 0.00117471755948
41 61 0 8 0.00116700201761
38 54 0 8 0.00114514294546
24 46 0 8 0.00114304281306
18 46 0 8 0.00113335042261
37 54 0 8 0.00111379451118
43 61 0 8 0.00107684370596
12 19 0 8 0.00107011839282
12 18 0 8 0.00106644746847
8 23 0 8 0.00106545176823
39 53 0 8 0.00105565751437
39 55 0 8 0.00104831892531
40 52 0 8 0.00104469689541
45 60 0 8 0.00104082957841
42 51 0 8 0.00102785392664
11 19 0 8 0.00102483248338
35 54 0 8 0.0010198141681
14 22 0 8 0.000993468333036
40 54 0 8 0.0009900550358
45 61 0 8 0.000984349288046
7 23 0 8 0.000956669391599
4 46 0 8 0.000956266128924
15 22 0 8 0.000945935782511
41 51 0 8 0.000944169587456
46 56 0 8 0.000933793722652
11 49 0 8 0.000925884058233
49 55 0 8 0.000911009556148
4 20 0 8 0.00091057253303
47 60 0 8 0.000856553786434
12 21 0 8 0.000831530953292
12 22 0 8 0.000803633593023
7 19 0 8 0.000802025489975
24 43 0 8 0.000799044733867
49 57 0 8 0.000795614672825
10 19 0 8 0.000791950616986
46 57 0 8 0.000790845486335
43 60 0 8 0.000784912379459
47 58 0 8 0.000768925820012
46 55 0 8 0.000742387201171
45 58 0 8 0.000737674185075
44 53 0 8 0.000731638981961
44 55 0 8 0.000730621744879
12 25 0 8 0.000720972660929
10 21 0 8 0.000715127796866
11 22 0 8 0.000699285476003
12 24 0 8 0.000692796544172
46 58 0 8 0.000690868939273
43 57 0 8 0.000689859036356
47 57 0 8 0.000656465766951
37 55 0 8 0.000642218044959
13 20 0 8 0.000631059985608
14 21 0 8 0.000625620654318
48 54 0 8 0.00062184012495
43 54 0 8 0.000614289252553
7 21 0 8 0.000611683586612
44 60 0 8 0.000610371527728
47 54 0 8 0.000609759008512
42 54 0 8 0.000608896021731
43 55 0 8 0.000593014527112
44 61 0 8 0.000589461007621
15 21 0 8 0.000582801410928
8 20 0 8 0.000573245226406
12 20 0 8 0.000559265434276
48 55 0 8 0.000554419879336
46 54 0 8 0.000545222312212
44 57 0 8 0.000401337340008
44 58 0 8 0.000398061441956
43 58 0 8 0.000394926726585
10 22 0 8 0.000355397118255
10 20 0 8 0.00033415175858
8 21 0 8 0.000324328866554
41 54 0 8 0.000253458245425
43 53 0 8 0.000251000543358
14 20 0 8 0.000246153533226
11 21 0 8 0.000239796368987
11 20 0 8 0.000213310180698
44 54 0 8 0.000202103052288
7 20 0 8 0.000198066336452
