52 53 0 8 0.999992787838
59 60 0 8 0.99998652935
36 37 0 8 0.999986231327
8 9 0 8 0.999986052513
51 52 0 8 0.999985635281
60 61 0 8 0.999984920025
37 38 0 8 0.999983370304
83 84 0 8 0.999982237816
1 2 0 8 0.999980986118
57 58 0 8 0.999979794025
85 86 0 8 0.999979555607
54 55 0 8 0.99997907877
40 41 0 8 0.999978482723
62 63 0 8 0.999978125095
65 66 0 8 0.999977827072
63 64 0 8 0.999977529049
86 87 0 8 0.999976158142
66 67 0 8 0.999972581863
7 8 0 8 0.999966919422
56 57 0 8 0.999965727329
64 65 0 8 0.999961018562
42 43 0 8 0.999960660934
84 85 0 8 0.999948978424
35 36 0 8 0.999943971634
2 3 0 8 0.99994379282
67 68 0 8 0.99994289875
82 83 0 8 0.999940693378
58 59 0 8 0.999939084053
61 62 0 8 0.999927818775
55 56 0 8 0.99991863966
81 82 0 8 0.99991440773
53 54 0 8 0.999913215637
39 40 0 8 0.999907433987
3 4 0 8 0.999906301498
76 77 0 8 0.999899208546
38 39 0 8 0.99989759922
19 20 0 8 0.999893188477
15 16 0 8 0.999882340431
41 42 0 8 0.99987924099
21 22 0 8 0.999872326851
17 18 0 8 0.999862611294
43 44 0 8 0.999857902527
14 15 0 8 0.999857783318
50 51 0 8 0.999855458736
32 33 0 8 0.999851644039
79 80 0 8 0.999844789505
5 6 0 8 0.999842703342
68 69 0 8 0.999840855598
75 76 0 8 0.999839782715
9 10 0 8 0.999839007854
33 34 0 8 0.999838411808
4 5 0 8 0.999827265739
34 35 0 8 0.999815642834
6 7 0 8 0.99981379509
31 32 0 8 0.999809741974
18 19 0 8 0.999773859978
73 74 0 8 0.999765098095
20 21 0 8 0.999758839607
23 24 0 8 0.999757409096
80 81 0 8 0.999744832516
11 12 0 8 0.999734580517
48 49 0 8 0.999697089195
44 45 0 8 0.999664545059
74 75 0 8 0.999663174152
16 17 0 8 0.999627351761
10 11 0 8 0.999605298042
29 30 0 8 0.999594092369
77 78 0 8 0.999588727951
28 29 0 8 0.999567866325
49 50 0 8 0.99946141243
12 13 0 8 0.999440908432
22 23 0 8 0.999340832233
27 28 0 8 0.999270021915
24 25 0 8 0.999174416065
69 70 0 8 0.999173521996
13 14 0 8 0.999130249023
30 31 0 8 0.999128103256
45 46 0 8 0.999105334282
26 27 0 8 0.99892860651
78 79 0 8 0.998808979988
72 73 0 8 0.998788118362
47 48 0 8 0.998748004436
25 26 0 8 0.998265266418
31 33 0 8 0.998086690903
46 47 0 8 0.997838437557
71 72 0 8 0.997064769268
78 80 0 8 0.993142664433
70 71 0 8 0.993119001389
51 53 0 8 0.990228712559
80 82 0 8 0.982430100441
32 34 0 8 0.982328891754
62 64 0 8 0.976512551308
52 54 0 8 0.973681569099
79 81 0 8 0.972348809242
53 55 0 8 0.97215116024
36 39 0 8 0.970987796783
64 66 0 8 0.970540583134
55 57 0 8 0.968099296093
36 38 0 8 0.966644883156
17 29 0 8 0.962765753269
52 55 0 8 0.961389183998
76 78 0 8 0.956326842308
81 83 0 8 0.954404115677
6 8 0 8 0.948648691177
32 35 0 8 0.948180794716
54 56 0 8 0.947423398495
59 61 0 8 0.940345883369
35 37 0 8 0.93936163187
37 39 0 8 0.93824583292
77 79 0 8 0.935629189014
82 84 0 8 0.93471968174
31 34 0 8 0.933617413044
37 40 0 8 0.932249009609
54 57 0 8 0.924019873142
17 30 0 8 0.923955142498
56 58 0 8 0.921291947365
33 35 0 8 0.919658124447
36 40 0 8 0.918138980865
9 21 0 8 0.911631345749
56 59 0 8 0.906260967255
75 77 0 8 0.900432288647
17 31 0 8 0.898885846138
51 54 0 8 0.89819008112
57 59 0 8 0.897109985352
7 21 0 8 0.896203935146
15 17 0 8 0.894587278366
17 19 0 8 0.893507003784
53 56 0 8 0.893224298954
20 22 0 8 0.888704657555
55 58 0 8 0.881945431232
52 56 0 8 0.879585683346
34 36 0 8 0.876844644547
61 63 0 8 0.876735746861
31 35 0 8 0.875218451023
63 65 0 8 0.866923987865
53 57 0 8 0.865252554417
6 22 0 8 0.862813830376
83 85 0 8 0.861157238483
16 32 0 8 0.858833968639
68 70 0 8 0.857568979263
18 20 0 8 0.857000589371
38 40 0 8 0.852121770382
4 6 0 8 0.851116657257
18 30 0 8 0.849680244923
7 9 0 8 0.84960013628
21 23 0 8 0.848991751671
42 44 0 8 0.845300495625
9 27 0 8 0.839498281479
24 26 0 8 0.83742505312
6 20 0 8 0.836899995804
30 35 0 8 0.834539115429
8 20 0 8 0.833871781826
58 60 0 8 0.829539656639
16 31 0 8 0.824710547924
65 79 0 8 0.8206833601
41 43 0 8 0.819039702415
73 75 0 8 0.81672847271
5 63 0 8 0.81055533886
35 39 0 8 0.809671223164
10 12 0 8 0.80404239893
12 15 0 8 0.795699417591
51 55 0 8 0.795653045177
18 32 0 8 0.791727602482
8 10 0 8 0.790830850601
26 28 0 8 0.789198279381
16 33 0 8 0.784673273563
22 24 0 8 0.783444583416
46 48 0 8 0.779679834843
17 32 0 8 0.77414727211
84 86 0 8 0.769638955593
10 27 0 8 0.766961574554
56 60 0 8 0.764527022839
2 4 0 8 0.764324963093
60 62 0 8 0.760954558849
5 61 0 8 0.751993775368
3 5 0 8 0.75110244751
72 74 0 8 0.748749136925
70 72 0 8 0.747094750404
48 50 0 8 0.74214053154
12 14 0 8 0.741906821728
6 21 0 8 0.740122795105
49 51 0 8 0.73058360815
55 59 0 8 0.729905486107
78 81 0 8 0.726278603077
16 18 0 8 0.725392043591
44 46 0 8 0.724904894829
45 47 0 8 0.724495947361
69 71 0 8 0.724101960659
13 15 0 8 0.72304725647
85 87 0 8 0.717181861401
33 36 0 8 0.712706208229
54 58 0 8 0.705309569836
9 11 0 8 0.704454541206
1 3 0 8 0.701549768448
27 29 0 8 0.701096951962
34 37 0 8 0.699524402618
19 21 0 8 0.699031949043
66 78 0 8 0.695894539356
66 68 0 8 0.695651233196
74 76 0 8 0.692172288895
29 31 0 8 0.687797248363
43 45 0 8 0.686966180801
23 25 0 8 0.683564066887
28 30 0 8 0.681056976318
40 42 0 8 0.67998290062
32 36 0 8 0.678132295609
67 69 0 8 0.677517771721
64 78 0 8 0.669679880142
14 16 0 8 0.663289546967
56 62 0 8 0.662158370018
25 27 0 8 0.660420000553
8 11 0 8 0.648228645325
35 38 0 8 0.644988059998
77 80 0 8 0.644182622433
65 67 0 8 0.641922533512
11 13 0 8 0.638572394848
47 49 0 8 0.635212182999
76 79 0 8 0.622232139111
39 41 0 8 0.618114173412
33 37 0 8 0.613061308861
75 78 0 8 0.612756192684
15 29 0 8 0.610129714012
76 80 0 8 0.605994641781
77 81 0 8 0.604343473911
7 20 0 8 0.599775612354
50 52 0 8 0.593988895416
81 84 0 8 0.590138137341
63 79 0 8 0.585981547832
64 79 0 8 0.582866609097
80 83 0 8 0.581080794334
28 78 0 8 0.580482780933
55 60 0 8 0.578937232494
62 81 0 8 0.572307348251
41 44 0 8 0.568434774876
71 73 0 8 0.567603826523
63 82 0 8 0.557525455952
82 85 0 8 0.552104532719
30 34 0 8 0.549560427666
63 81 0 8 0.546188056469
12 29 0 8 0.537881553173
66 79 0 8 0.535350441933
79 82 0 8 0.534090161324
78 82 0 8 0.525834083557
5 7 0 8 0.520703554153
30 32 0 8 0.50239354372
11 32 0 8 0.494238168001
50 54 0 8 0.488908052444
40 44 0 8 0.488546222448
62 82 0 8 0.486875414848
81 85 0 8 0.483226776123
18 35 0 8 0.478350222111
35 80 0 8 0.457507014275
23 26 0 8 0.448000639677
5 22 0 8 0.444866269827
83 86 0 8 0.441776275635
75 79 0 8 0.432996600866
37 41 0 8 0.43075466156
67 70 0 8 0.427121400833
11 15 0 8 0.421178460121
64 82 0 8 0.416419446468
7 61 0 8 0.411034673452
23 75 0 8 0.410315841436
11 56 0 8 0.409434646368
6 78 0 8 0.405254721642
50 55 0 8 0.404483437538
6 23 0 8 0.398831188679
11 18 0 8 0.393954396248
34 38 0 8 0.39204454422
80 84 0 8 0.386500924826
8 82 0 8 0.383536994457
8 21 0 8 0.362196207047
19 29 0 8 0.357975482941
69 72 0 8 0.353468567133
67 79 0 8 0.348256230354
8 30 0 8 0.346460998058
38 41 0 8 0.345933914185
66 69 0 8 0.343376368284
68 71 0 8 0.339883267879
22 28 0 8 0.335691511631
24 27 0 8 0.332954019308
3 63 0 8 0.330829322338
17 35 0 8 0.328692108393
64 80 0 8 0.32641902566
64 81 0 8 0.325167894363
44 48 0 8 0.324245542288
66 70 0 8 0.315916210413
70 73 0 8 0.311984866858
79 83 0 8 0.30704331398
72 75 0 8 0.301767736673
82 86 0 8 0.299104481936
66 71 0 8 0.297808617353
4 64 0 8 0.297388374805
66 76 0 8 0.296459704638
70 76 0 8 0.296212226152
11 62 0 8 0.289137482643
11 14 0 8 0.284141540527
8 19 0 8 0.282816201448
67 71 0 8 0.277635961771
20 78 0 8 0.277555972338
21 27 0 8 0.264914155006
40 43 0 8 0.26218688488
66 80 0 8 0.261982947588
45 48 0 8 0.261029571295
73 76 0 8 0.259715557098
30 80 0 8 0.258447378874
8 56 0 8 0.257432490587
22 26 0 8 0.257377326488
20 30 0 8 0.254435002804
57 60 0 8 0.254174977541
11 16 0 8 0.248864397407
22 27 0 8 0.246817708015
8 62 0 8 0.24676707387
20 62 0 8 0.246735721827
74 78 0 8 0.245711937547
15 18 0 8 0.241647183895
18 56 0 8 0.240376904607
68 72 0 8 0.239931881428
36 52 0 8 0.238380044699
74 77 0 8 0.235686048865
35 56 0 8 0.229721829295
20 23 0 8 0.228325411677
19 22 0 8 0.227692723274
65 77 0 8 0.226553544402
29 77 0 8 0.224176242948
8 64 0 8 0.22278894484
66 81 0 8 0.222760751843
21 24 0 8 0.218652978539
69 73 0 8 0.218428969383
24 28 0 8 0.218356207013
18 62 0 8 0.216435417533
10 61 0 8 0.214037850499
23 27 0 8 0.208243519068
8 18 0 8 0.207502514124
36 80 0 8 0.206234499812
64 76 0 8 0.20431150496
56 61 0 8 0.202828258276
65 82 0 8 0.195849478245
12 16 0 8 0.19018317759
10 58 0 8 0.189421564341
19 28 0 8 0.188800498843
11 17 0 8 0.186909630895
6 62 0 8 0.186640456319
30 82 0 8 0.18646427989
17 20 0 8 0.185152679682
20 28 0 8 0.182733908296
61 81 0 8 0.182476654649
19 30 0 8 0.182349845767
22 78 0 8 0.180015355349
63 76 0 8 0.179450154305
19 64 0 8 0.178495392203
31 77 0 8 0.176331371069
22 76 0 8 0.175842344761
66 75 0 8 0.174133613706
14 17 0 8 0.173185825348
44 49 0 8 0.172591745853
62 80 0 8 0.172053620219
22 25 0 8 0.170293480158
13 16 0 8 0.169683516026
66 77 0 8 0.168042600155
20 29 0 8 0.167239531875
44 47 0 8 0.166209250689
8 63 0 8 0.165641486645
67 80 0 8 0.16311879456
62 79 0 8 0.162740632892
23 28 0 8 0.161246955395
40 50 0 8 0.161180600524
70 77 0 8 0.160908773541
35 55 0 8 0.16013802588
61 80 0 8 0.155555665493
39 55 0 8 0.154552429914
36 81 0 8 0.152912572026
64 77 0 8 0.151911184192
29 35 0 8 0.150925949216
55 62 0 8 0.150007113814
42 45 0 8 0.144162490964
19 62 0 8 0.144087895751
21 28 0 8 0.143751248717
20 79 0 8 0.143639788032
6 66 0 8 0.143629983068
6 64 0 8 0.14353312552
8 80 0 8 0.142737850547
8 78 0 8 0.142647504807
21 25 0 8 0.141202256083
15 81 0 8 0.140744537115
40 52 0 8 0.139795675874
35 52 0 8 0.139445796609
6 65 0 8 0.139232859015
8 59 0 8 0.138293623924
18 64 0 8 0.136688351631
44 50 0 8 0.136301890016
84 87 0 8 0.136086001992
45 49 0 8 0.135635644197
83 87 0 8 0.134928926826
29 34 0 8 0.134676471353
4 26 0 8 0.134272187948
15 19 0 8 0.133625522256
63 80 0 8 0.132796242833
10 62 0 8 0.132560893893
20 64 0 8 0.1324506253
18 78 0 8 0.131778910756
6 63 0 8 0.13112360239
8 81 0 8 0.130325168371
19 23 0 8 0.130137935281
18 81 0 8 0.129571393132
32 55 0 8 0.129405975342
40 48 0 8 0.128352299333
29 32 0 8 0.128094375134
17 82 0 8 0.127735748887
15 76 0 8 0.126911506057
8 29 0 8 0.126090154052
13 17 0 8 0.125966191292
48 51 0 8 0.125681564212
41 45 0 8 0.124828323722
72 76 0 8 0.123500816524
11 82 0 8 0.123468607664
73 77 0 8 0.123008087277
43 47 0 8 0.122879721224
26 29 0 8 0.121380642056
9 62 0 8 0.119099199772
4 65 0 8 0.118637554348
39 52 0 8 0.118571028113
43 46 0 8 0.117762044072
10 15 0 8 0.117115415633
11 78 0 8 0.116567991674
46 49 0 8 0.116368018091
9 17 0 8 0.115861736238
4 66 0 8 0.114383354783
66 73 0 8 0.113990224898
67 81 0 8 0.113972000778
25 28 0 8 0.113839812577
19 78 0 8 0.113805234432
30 64 0 8 0.113515235484
26 76 0 8 0.112719506025
16 19 0 8 0.112637557089
40 49 0 8 0.110751859844
20 24 0 8 0.110498659313
39 44 0 8 0.110381856561
49 81 0 8 0.110128648579
70 75 0 8 0.109719909728
6 81 0 8 0.109377332032
9 19 0 8 0.108161605895
8 66 0 8 0.107921116054
19 27 0 8 0.107889540493
36 41 0 8 0.107860699296
15 28 0 8 0.107439763844
40 55 0 8 0.107350260019
11 52 0 8 0.107210181653
35 40 0 8 0.106792524457
19 66 0 8 0.106602869928
17 64 0 8 0.105788685381
63 77 0 8 0.105167381465
9 64 0 8 0.105030149221
3 66 0 8 0.104769408703
66 72 0 8 0.104547917843
71 77 0 8 0.104163169861
18 82 0 8 0.104114569724
8 79 0 8 0.103763498366
40 51 0 8 0.103634864092
5 85 0 8 0.102903842926
20 82 0 8 0.102617062628
7 64 0 8 0.102385118604
40 45 0 8 0.102166473866
7 59 0 8 0.100774742663
12 77 0 8 0.100151330233
5 64 0 8 0.0994097664952
42 46 0 8 0.0986868143082
15 77 0 8 0.0965431332588
66 82 0 8 0.0960185602307
37 44 0 8 0.0958194360137
8 17 0 8 0.095524802804
41 52 0 8 0.095044337213
39 81 0 8 0.0947579070926
10 18 0 8 0.0946832820773
15 32 0 8 0.0942394509912
11 81 0 8 0.0940476506948
49 52 0 8 0.0924091562629
41 50 0 8 0.092211805284
18 29 0 8 0.0918199270964
52 79 0 8 0.0914028063416
43 48 0 8 0.0913857296109
11 66 0 8 0.0910370722413
10 16 0 8 0.0906645432115
15 66 0 8 0.0905104801059
66 74 0 8 0.090400159359
6 82 0 8 0.0897813513875
18 79 0 8 0.0895662754774
47 50 0 8 0.0894437283278
21 26 0 8 0.0893601328135
63 78 0 8 0.0893510356545
62 78 0 8 0.0893087536097
18 22 0 8 0.0891612917185
71 74 0 8 0.0891096442938
10 14 0 8 0.0889292806387
38 50 0 8 0.0889133214951
20 80 0 8 0.0888882577419
70 74 0 8 0.0887585878372
48 81 0 8 0.0886903852224
18 28 0 8 0.0886309146881
26 30 0 8 0.088435985148
39 50 0 8 0.0884227603674
15 31 0 8 0.0870558917522
19 35 0 8 0.0865882486105
14 18 0 8 0.0862454101443
28 31 0 8 0.085667937994
69 76 0 8 0.0853416770697
19 76 0 8 0.0851952508092
10 19 0 8 0.0850694254041
10 60 0 8 0.0848085582256
41 49 0 8 0.0846940502524
7 62 0 8 0.0840178728104
15 30 0 8 0.0838732346892
20 27 0 8 0.0836550146341
16 80 0 8 0.0835151970387
22 77 0 8 0.0834866091609
9 63 0 8 0.0833963155746
18 66 0 8 0.0833119526505
37 48 0 8 0.083298496902
52 78 0 8 0.0831563845277
23 29 0 8 0.08291143924
39 49 0 8 0.0828093290329
55 61 0 8 0.0823174268007
10 78 0 8 0.0822796523571
71 75 0 8 0.0822563394904
30 52 0 8 0.0820213332772
11 58 0 8 0.0819001719356
7 82 0 8 0.0815083906054
52 62 0 8 0.0812095403671
39 51 0 8 0.0807914361358
82 87 0 8 0.080466248095
60 84 0 8 0.0804460123181
12 17 0 8 0.0799193531275
8 65 0 8 0.0798360332847
19 80 0 8 0.0796095952392
17 80 0 8 0.0791948139668
25 29 0 8 0.0790859758854
11 61 0 8 0.0789593309164
8 60 0 8 0.0784458741546
22 29 0 8 0.078295506537
15 84 0 8 0.0782241672277
17 62 0 8 0.0779025927186
8 77 0 8 0.0774188265204
19 79 0 8 0.0772249251604
30 62 0 8 0.0771994888783
30 56 0 8 0.0764542296529
36 44 0 8 0.0762252286077
3 84 0 8 0.0760081931949
36 55 0 8 0.0758942365646
22 66 0 8 0.0755604878068
29 64 0 8 0.0754965618253
24 76 0 8 0.0746242329478
5 66 0 8 0.0745824426413
9 61 0 8 0.0744699165225
46 50 0 8 0.0742562785745
46 82 0 8 0.0742386505008
39 62 0 8 0.0742022618651
22 75 0 8 0.0740700140595
4 22 0 8 0.0740061029792
6 80 0 8 0.073518037796
3 65 0 8 0.0731786042452
14 29 0 8 0.0731493979692
11 19 0 8 0.0731269940734
8 40 0 8 0.0727593079209
20 66 0 8 0.0724255442619
32 49 0 8 0.0723466202617
30 79 0 8 0.0722251012921
38 42 0 8 0.0719874501228
9 20 0 8 0.07197073102
14 85 0 8 0.0719006359577
32 50 0 8 0.0716099813581
71 76 0 8 0.0714939311147
41 48 0 8 0.0706110820174
31 85 0 8 0.0699062719941
16 82 0 8 0.0698287859559
19 63 0 8 0.0696710124612
65 80 0 8 0.0696217939258
20 76 0 8 0.0695638209581
31 48 0 8 0.0695583596826
59 62 0 8 0.0693771317601
28 32 0 8 0.0691867247224
11 64 0 8 0.0688464194536
39 48 0 8 0.068846039474
65 74 0 8 0.0687620490789
16 66 0 8 0.0687574893236
16 35 0 8 0.0687526166439
1 4 0 8 0.0683147832751
7 81 0 8 0.0682409778237
20 56 0 8 0.0681821852922
11 79 0 8 0.0680881738663
24 29 0 8 0.0678751021624
41 51 0 8 0.0677895024419
43 49 0 8 0.0677005797625
4 67 0 8 0.0675710663199
9 58 0 8 0.0674846842885
32 81 0 8 0.0674727261066
4 20 0 8 0.0674516037107
6 79 0 8 0.0673472136259
44 51 0 8 0.0670636072755
17 63 0 8 0.0669836848974
17 28 0 8 0.066457465291
4 62 0 8 0.0663732066751
7 66 0 8 0.0663337856531
33 48 0 8 0.0662675723433
3 6 0 8 0.0660386458039
30 78 0 8 0.0653509423137
49 54 0 8 0.0650292262435
20 26 0 8 0.0648413747549
30 76 0 8 0.064615406096
20 81 0 8 0.0644023939967
8 76 0 8 0.0642930865288
7 63 0 8 0.0639530718327
68 73 0 8 0.063879609108
20 77 0 8 0.0635674893856
11 76 0 8 0.0635630488396
18 40 0 8 0.0627864226699
5 84 0 8 0.0624959282577
9 18 0 8 0.0624553821981
19 65 0 8 0.0623042322695
17 66 0 8 0.0612951032817
48 52 0 8 0.0612202137709
28 75 0 8 0.061205714941
13 32 0 8 0.0611955821514
36 51 0 8 0.0607755295932
11 60 0 8 0.0605517327785
32 82 0 8 0.0602066852152
30 33 0 8 0.0600512884557
10 76 0 8 0.0599741004407
15 82 0 8 0.059946525842
22 35 0 8 0.05986065045
9 79 0 8 0.0596278086305
8 39 0 8 0.0595354214311
16 81 0 8 0.0595195740461
10 63 0 8 0.059405438602
23 76 0 8 0.0593786612153
19 77 0 8 0.0592992417514
40 80 0 8 0.0592895634472
15 80 0 8 0.0592505671084
8 61 0 8 0.0591938793659
37 45 0 8 0.0591712966561
29 75 0 8 0.0590851865709
27 30 0 8 0.0589587874711
68 80 0 8 0.0587798133492
60 81 0 8 0.0584034398198
23 71 0 8 0.0577663555741
59 82 0 8 0.0576899684966
45 50 0 8 0.0575301982462
15 40 0 8 0.057216886431
6 30 0 8 0.0569660998881
26 66 0 8 0.05694238469
18 65 0 8 0.0568767786026
6 59 0 8 0.0568612292409
62 84 0 8 0.0568606033921
3 86 0 8 0.0567414276302
67 72 0 8 0.0564068853855
10 64 0 8 0.0563449002802
32 52 0 8 0.0560417547822
65 78 0 8 0.0558921582997
18 76 0 8 0.0558376051486
19 82 0 8 0.0558278411627
37 52 0 8 0.0558273158967
28 35 0 8 0.0558129362762
3 67 0 8 0.0558061785996
7 60 0 8 0.055767763406
56 84 0 8 0.0555624887347
6 61 0 8 0.0553267225623
40 81 0 8 0.0551726818085
52 64 0 8 0.0548233836889
29 55 0 8 0.0546636879444
38 48 0 8 0.0545074567199
29 66 0 8 0.0544581897557
35 78 0 8 0.0541809163988
14 75 0 8 0.0541732907295
28 81 0 8 0.0540359243751
18 52 0 8 0.0540176443756
52 82 0 8 0.0539958439767
12 76 0 8 0.0539932027459
8 35 0 8 0.053856946528
18 63 0 8 0.0537040606141
19 26 0 8 0.0536673367023
17 65 0 8 0.0536511950195
40 46 0 8 0.0535128340125
4 84 0 8 0.0533460490406
32 84 0 8 0.0532305687666
9 83 0 8 0.0531402602792
36 50 0 8 0.0527475699782
2 5 0 8 0.0526653006673
11 80 0 8 0.0524804517627
44 52 0 8 0.0522918850183
47 51 0 8 0.0522652827203
10 17 0 8 0.0522516816854
10 79 0 8 0.052097864449
18 85 0 8 0.0520615763962
19 75 0 8 0.0519981086254
68 75 0 8 0.0519485250115
20 63 0 8 0.0519406199455
59 84 0 8 0.0518701076508
55 80 0 8 0.0516997687519
10 85 0 8 0.0513454154134
8 84 0 8 0.0508510544896
49 55 0 8 0.0507114231586
5 81 0 8 0.0506891384721
32 78 0 8 0.0503468625247
37 51 0 8 0.0500797443092
20 75 0 8 0.0499665811658
9 84 0 8 0.0495026856661
18 80 0 8 0.0493493899703
3 82 0 8 0.0492451041937
22 79 0 8 0.0491755753756
27 31 0 8 0.049089293927
15 75 0 8 0.0488911941648
20 35 0 8 0.0488863699138
69 75 0 8 0.048877324909
20 39 0 8 0.0487608574331
14 66 0 8 0.0486883558333
10 82 0 8 0.048644002527
29 79 0 8 0.0486350879073
22 82 0 8 0.0486328043044
11 65 0 8 0.0485234260559
28 64 0 8 0.0484538972378
29 84 0 8 0.0483600720763
46 81 0 8 0.0482383817434
4 85 0 8 0.0481893755496
38 51 0 8 0.048013523221
29 81 0 8 0.0480051636696
55 81 0 8 0.0479275882244
41 46 0 8 0.047853436321
43 50 0 8 0.0477840378881
4 68 0 8 0.0474847592413
28 34 0 8 0.0473874993622
40 56 0 8 0.0473165176809
9 82 0 8 0.0473148189485
81 86 0 8 0.0472307391465
10 81 0 8 0.047193761915
32 48 0 8 0.0471576675773
69 74 0 8 0.0471272096038
12 82 0 8 0.0470845103264
22 62 0 8 0.0470008589327
65 81 0 8 0.0469710230827
28 79 0 8 0.0468281321228
16 60 0 8 0.0467732511461
11 30 0 8 0.0467461794615
38 52 0 8 0.0467031300068
14 31 0 8 0.046673681587
7 79 0 8 0.0463994145393
4 23 0 8 0.0463926121593
14 82 0 8 0.0463842190802
21 78 0 8 0.0462735779583
11 35 0 8 0.0460246503353
10 77 0 8 0.0459805242717
16 85 0 8 0.0458990670741
23 30 0 8 0.0458167903125
17 81 0 8 0.0457798354328
64 84 0 8 0.0457038767636
17 84 0 8 0.0456861071289
28 66 0 8 0.0455715060234
29 62 0 8 0.0455513931811
36 53 0 8 0.0454546958208
67 73 0 8 0.0454396568239
30 81 0 8 0.0453106500208
9 59 0 8 0.0453033857048
9 80 0 8 0.04520765692
28 76 0 8 0.0450379736722
12 31 0 8 0.0449815355241
5 62 0 8 0.0449422746897
6 28 0 8 0.0449210852385
5 65 0 8 0.0449015200138
20 59 0 8 0.0448317714036
23 72 0 8 0.0447744764388
16 20 0 8 0.0447532646358
4 61 0 8 0.0447171851993
29 76 0 8 0.0445391088724
39 56 0 8 0.0445310622454
42 49 0 8 0.0444552898407
50 53 0 8 0.0442757532001
29 78 0 8 0.0442749261856
52 84 0 8 0.0441628471017
20 50 0 8 0.0441259257495
26 75 0 8 0.0440282039344
31 84 0 8 0.0440142862499
31 82 0 8 0.0439957529306
3 85 0 8 0.043958440423
24 75 0 8 0.0438979119062
12 18 0 8 0.0436602085829
6 29 0 8 0.0435715988278
11 53 0 8 0.0434537567198
29 52 0 8 0.0433325581253
29 33 0 8 0.0432788208127
9 78 0 8 0.043219268322
11 20 0 8 0.0431703142822
10 80 0 8 0.0430666804314
65 76 0 8 0.0427385047078
19 32 0 8 0.0427182689309
6 84 0 8 0.0426228232682
32 56 0 8 0.0425980389118
68 74 0 8 0.0425509922206
42 51 0 8 0.0424844101071
23 74 0 8 0.0422892160714
6 19 0 8 0.0421326123178
15 78 0 8 0.0419139266014
21 75 0 8 0.0419044606388
15 35 0 8 0.0417361408472
12 66 0 8 0.0416799299419
15 39 0 8 0.0416650772095
31 78 0 8 0.0416230484843
39 54 0 8 0.0415777750313
6 67 0 8 0.0413510501385
29 82 0 8 0.0413284674287
39 43 0 8 0.0411421470344
7 65 0 8 0.04107760638
56 77 0 8 0.0408241413534
68 77 0 8 0.0408095344901
50 81 0 8 0.0407806523144
11 40 0 8 0.0406782329082
59 83 0 8 0.0405943356454
45 51 0 8 0.0405897423625
30 55 0 8 0.0405162535608
9 85 0 8 0.0404556170106
65 75 0 8 0.0404019914567
39 82 0 8 0.0403404086828
32 83 0 8 0.0402940250933
61 82 0 8 0.0401320420206
35 82 0 8 0.0400116927922
37 84 0 8 0.0399377681315
61 84 0 8 0.0397295989096
42 47 0 8 0.0396629981697
11 59 0 8 0.0396081730723
19 84 0 8 0.0395622439682
5 20 0 8 0.0393279865384
8 83 0 8 0.0391903743148
6 60 0 8 0.0391021668911
43 51 0 8 0.039067029953
19 81 0 8 0.0390483923256
12 19 0 8 0.0389975979924
35 77 0 8 0.0389474034309
3 83 0 8 0.0389441475272
16 76 0 8 0.0387091115117
36 79 0 8 0.0385943762958
50 78 0 8 0.0385694280267
13 58 0 8 0.0385048761964
65 70 0 8 0.0384958125651
1 5 0 8 0.0384603962302
20 32 0 8 0.0383739545941
27 75 0 8 0.0381894223392
37 49 0 8 0.0381237939
36 48 0 8 0.0380692519248
37 42 0 8 0.0379788838327
6 68 0 8 0.0379648990929
19 24 0 8 0.0379604399204
10 73 0 8 0.0379414632916
33 81 0 8 0.0379152409732
17 76 0 8 0.037911657244
13 75 0 8 0.0378715544939
9 66 0 8 0.0378484874964
6 75 0 8 0.0378300882876
67 77 0 8 0.0376789681613
19 31 0 8 0.0376103259623
4 29 0 8 0.0375724248588
20 65 0 8 0.0374907813966
22 80 0 8 0.0373309478164
58 85 0 8 0.0372951738536
8 28 0 8 0.0369174592197
24 30 0 8 0.0368980504572
52 63 0 8 0.0368627607822
3 29 0 8 0.0368613041937
20 60 0 8 0.0367988459766
14 19 0 8 0.0366446375847
11 63 0 8 0.0365821793675
13 66 0 8 0.0365505479276
17 36 0 8 0.0361457578838
3 62 0 8 0.0360281914473
4 86 0 8 0.0360238701105
4 40 0 8 0.0359572023153
35 62 0 8 0.0358600579202
42 48 0 8 0.0358355678618
40 47 0 8 0.0358204431832
18 77 0 8 0.035533580929
5 82 0 8 0.0355302281678
50 82 0 8 0.0355070158839
27 32 0 8 0.0353905633092
59 81 0 8 0.0353188812733
9 76 0 8 0.0352270789444
49 53 0 8 0.0352263748646
10 66 0 8 0.0352139063179
21 77 0 8 0.0351086594164
4 82 0 8 0.0350299179554
30 50 0 8 0.0348397046328
65 69 0 8 0.0347743369639
33 44 0 8 0.0347144007683
11 77 0 8 0.0346230044961
18 39 0 8 0.0346145033836
28 84 0 8 0.0345965996385
6 83 0 8 0.0345395877957
29 80 0 8 0.0345366932452
2 60 0 8 0.0345135703683
15 65 0 8 0.0344270765781
41 47 0 8 0.0344020575285
67 75 0 8 0.0343312285841
15 60 0 8 0.0342100970447
72 77 0 8 0.0340243019164
20 31 0 8 0.0339936539531
64 75 0 8 0.0339418314397
23 59 0 8 0.0338611751795
7 75 0 8 0.0337937735021
11 67 0 8 0.0337708368897
23 73 0 8 0.0336745642126
67 78 0 8 0.0336293838918
38 44 0 8 0.0336077287793
48 55 0 8 0.0334244929254
24 71 0 8 0.0334237590432
8 58 0 8 0.0334093123674
44 55 0 8 0.0333699136972
37 43 0 8 0.0333553627133
22 30 0 8 0.0333116687834
60 80 0 8 0.0332952439785
12 30 0 8 0.0332778468728
7 39 0 8 0.0329491980374
33 50 0 8 0.0329310595989
12 58 0 8 0.0328798554838
48 54 0 8 0.0328454822302
37 50 0 8 0.0328239351511
5 69 0 8 0.0328202880919
18 31 0 8 0.032729703933
5 23 0 8 0.0327138565481
20 61 0 8 0.0326873622835
31 81 0 8 0.0326694771647
22 56 0 8 0.0326408296824
10 59 0 8 0.0325703285635
74 79 0 8 0.0325276069343
3 61 0 8 0.0325013175607
28 80 0 8 0.0324168838561
28 82 0 8 0.0323738642037
32 80 0 8 0.0323378406465
31 52 0 8 0.0323081687093
4 63 0 8 0.0321437865496
30 84 0 8 0.0321085229516
16 34 0 8 0.0321031361818
52 81 0 8 0.031845357269
17 79 0 8 0.0318216979504
33 49 0 8 0.0316699594259
15 83 0 8 0.0316541641951
36 56 0 8 0.0316487587988
19 52 0 8 0.0316068530083
39 45 0 8 0.0315862633288
26 58 0 8 0.0315307155252
7 84 0 8 0.0314827598631
52 75 0 8 0.0314292311668
33 55 0 8 0.0313017740846
10 65 0 8 0.0313009060919
3 60 0 8 0.0312840417027
26 32 0 8 0.0311716105789
5 39 0 8 0.0310506597161
4 59 0 8 0.0309806410223
22 64 0 8 0.0308909676969
40 82 0 8 0.0308861285448
4 60 0 8 0.0308216679841
22 32 0 8 0.0307410117239
16 83 0 8 0.0307347532362
34 39 0 8 0.0307139568031
14 84 0 8 0.0306736603379
15 79 0 8 0.0306153874844
27 85 0 8 0.0304987877607
6 39 0 8 0.0301914233714
13 84 0 8 0.0301678441465
42 50 0 8 0.0301516633481
19 40 0 8 0.030108300969
44 54 0 8 0.0300790462643
19 25 0 8 0.0300613418221
30 75 0 8 0.0299857854843
17 40 0 8 0.0299299675971
22 70 0 8 0.0299145784229
30 77 0 8 0.0298045072705
15 85 0 8 0.0297904275358
7 80 0 8 0.0296498481184
39 79 0 8 0.0296371821314
16 30 0 8 0.0295910444111
48 78 0 8 0.0295509304851
64 74 0 8 0.0295265391469
56 79 0 8 0.029455775395
68 76 0 8 0.0294095911086
32 59 0 8 0.0293864198029
46 51 0 8 0.029349129647
5 60 0 8 0.0293459985405
67 76 0 8 0.0292971339077
27 35 0 8 0.0292605273426
57 84 0 8 0.0292345341295
10 86 0 8 0.0291567966342
19 61 0 8 0.0290658846498
19 73 0 8 0.0288909282535
18 55 0 8 0.028841689229
64 73 0 8 0.0287045799196
49 79 0 8 0.0282822325826
35 49 0 8 0.0280289147049
39 46 0 8 0.0279322136194
5 36 0 8 0.0279178693891
15 59 0 8 0.0279118530452
21 29 0 8 0.027757326141
6 27 0 8 0.0277425572276
27 58 0 8 0.027741285041
60 82 0 8 0.0277349762619
34 44 0 8 0.0277158934623
8 16 0 8 0.027689429
44 78 0 8 0.0275828521699
18 75 0 8 0.0275746677071
38 43 0 8 0.0275112688541
16 64 0 8 0.0274967812002
19 55 0 8 0.0274346377701
73 78 0 8 0.0274185836315
4 58 0 8 0.0273282192647
58 84 0 8 0.0272559374571
32 54 0 8 0.0272508244962
8 52 0 8 0.0272179301828
16 53 0 8 0.0271501000971
40 54 0 8 0.0271019916981
41 56 0 8 0.0271010994911
10 84 0 8 0.027050729841
61 78 0 8 0.0270061567426
64 83 0 8 0.0269904471934
9 65 0 8 0.0268785208464
4 7 0 8 0.0268267858773
39 42 0 8 0.0268005244434
11 29 0 8 0.0267968755215
10 29 0 8 0.0267802532762
23 78 0 8 0.0267465766519
28 77 0 8 0.0267356801778
62 76 0 8 0.0267012882978
40 64 0 8 0.0266429334879
39 64 0 8 0.0266352873296
31 50 0 8 0.0266258567572
63 84 0 8 0.0266238227487
11 75 0 8 0.0265947990119
2 86 0 8 0.0265448521823
39 53 0 8 0.0265447404236
19 59 0 8 0.0265070814639
69 77 0 8 0.0263954810798
11 84 0 8 0.0263743940741
6 77 0 8 0.0263716075569
24 60 0 8 0.0263003353029
3 40 0 8 0.0262731835246
16 29 0 8 0.0262419674546
40 53 0 8 0.0261716619134
3 64 0 8 0.0260867923498
22 59 0 8 0.0259685721248
37 46 0 8 0.0259667020291
16 63 0 8 0.0259615723044
36 49 0 8 0.0257949810475
22 84 0 8 0.0257320925593
18 21 0 8 0.0256976876408
13 31 0 8 0.0256687756628
29 59 0 8 0.0256600696594
24 35 0 8 0.0256180092692
36 84 0 8 0.0255901478231
4 30 0 8 0.025577345863
58 81 0 8 0.0255666989833
33 56 0 8 0.0255593638867
39 57 0 8 0.0255410633981
34 55 0 8 0.0255183819681
20 25 0 8 0.0254200361669
63 74 0 8 0.0253416206688
65 71 0 8 0.0251870248467
23 77 0 8 0.0251298248768
15 64 0 8 0.0250860434026
14 77 0 8 0.0250705573708
37 56 0 8 0.0250044818968
39 47 0 8 0.0249571893364
32 53 0 8 0.0249418076128
51 81 0 8 0.024681167677
63 75 0 8 0.0246656574309
3 58 0 8 0.0245871450752
16 78 0 8 0.0245772991329
24 73 0 8 0.024571897462
36 78 0 8 0.0245262477547
3 56 0 8 0.0245096087456
30 58 0 8 0.0245053619146
18 84 0 8 0.0245053563267
12 80 0 8 0.024436544627
9 81 0 8 0.0244362838566
6 18 0 8 0.0244290269911
28 85 0 8 0.0242674648762
44 62 0 8 0.024233372882
58 62 0 8 0.0240809302777
34 48 0 8 0.0240699220449
14 60 0 8 0.0240663178265
41 55 0 8 0.0240204427391
12 84 0 8 0.0240100864321
41 80 0 8 0.0239594988525
16 36 0 8 0.0239354856312
36 82 0 8 0.023863369599
44 79 0 8 0.0238378793001
32 64 0 8 0.0238358713686
35 84 0 8 0.0237729772925
2 87 0 8 0.0237610973418
41 54 0 8 0.0237488877028
55 84 0 8 0.0237059034407
18 73 0 8 0.0236988645047
33 47 0 8 0.0236924774945
30 67 0 8 0.0236640200019
4 25 0 8 0.0236104149371
17 78 0 8 0.0235733166337
8 36 0 8 0.0235423147678
32 63 0 8 0.0234386883676
3 22 0 8 0.0234360843897
30 85 0 8 0.0234356317669
20 52 0 8 0.02341228351
16 65 0 8 0.0233894810081
60 85 0 8 0.0233074259013
4 56 0 8 0.0233010929078
12 62 0 8 0.0232399888337
32 62 0 8 0.0232042297721
26 62 0 8 0.0231648571789
21 76 0 8 0.0231274552643
20 84 0 8 0.023058867082
69 78 0 8 0.0229846183211
11 85 0 8 0.0229650847614
3 23 0 8 0.0229402445257
45 52 0 8 0.0229338426143
21 62 0 8 0.0229217875749
52 76 0 8 0.0229086987674
21 73 0 8 0.0229070391506
58 61 0 8 0.0228827856481
29 56 0 8 0.022871343419
27 81 0 8 0.0228684451431
14 59 0 8 0.022827224806
32 46 0 8 0.0227914620191
24 74 0 8 0.0227793995291
4 83 0 8 0.0227612927556
1 86 0 8 0.0227435771376
40 78 0 8 0.0227301940322
10 13 0 8 0.022706432268
22 31 0 8 0.0226992703974
26 81 0 8 0.0226958114654
56 82 0 8 0.0226351115853
44 81 0 8 0.0226277764887
39 76 0 8 0.0225925594568
14 76 0 8 0.022586049512
2 85 0 8 0.0225294884294
59 80 0 8 0.0224496014416
18 27 0 8 0.0223784483969
65 68 0 8 0.0223638061434
20 58 0 8 0.0223159305751
65 72 0 8 0.0222961865366
41 78 0 8 0.0222907941788
49 78 0 8 0.0222872514278
8 67 0 8 0.0222699418664
44 53 0 8 0.0222574658692
26 35 0 8 0.0222268309444
16 42 0 8 0.0221825055778
13 77 0 8 0.0221692863852
35 64 0 8 0.0221193898469
56 80 0 8 0.0221122801304
39 63 0 8 0.0220881029963
28 52 0 8 0.0220656134188
8 85 0 8 0.0220643524081
56 83 0 8 0.0220460724086
28 62 0 8 0.0220367331058
52 85 0 8 0.0219785012305
34 49 0 8 0.0219647921622
20 55 0 8 0.0219230782241
8 41 0 8 0.0219125635922
12 64 0 8 0.0218842662871
13 59 0 8 0.0218746848404
35 48 0 8 0.0218327660114
13 68 0 8 0.0218273345381
35 79 0 8 0.0218126643449
19 56 0 8 0.0217804349959
39 58 0 8 0.0217603240162
59 85 0 8 0.0216861069202
40 63 0 8 0.0216718651354
55 79 0 8 0.0216586720198
47 81 0 8 0.021625040099
4 76 0 8 0.0216184239835
22 60 0 8 0.0215942058712
56 78 0 8 0.0215708650649
26 78 0 8 0.0215565599501
19 39 0 8 0.0215442925692
22 52 0 8 0.0214956365526
31 75 0 8 0.0214863251895
29 63 0 8 0.0214600395411
48 84 0 8 0.0214074123651
16 59 0 8 0.0213989783078
30 59 0 8 0.0213622171432
25 30 0 8 0.021360816434
17 67 0 8 0.0213122107089
52 77 0 8 0.0212951414287
7 44 0 8 0.0212906245142
16 67 0 8 0.021227478981
56 81 0 8 0.0211631581187
2 84 0 8 0.0211155507714
17 52 0 8 0.0211025439203
3 87 0 8 0.0210910029709
30 66 0 8 0.0210791248828
17 61 0 8 0.0210427138954
65 73 0 8 0.0210348386317
12 40 0 8 0.0210144091398
19 83 0 8 0.02095506154
39 84 0 8 0.0209328960627
4 28 0 8 0.0209202002734
6 55 0 8 0.0209200885147
18 26 0 8 0.0209137555212
29 60 0 8 0.0209102220833
3 80 0 8 0.020823314786
29 65 0 8 0.0208004452288
17 37 0 8 0.0207951366901
27 39 0 8 0.0207618288696
4 35 0 8 0.0207421220839
16 40 0 8 0.0207290649414
13 81 0 8 0.0207062140107
28 65 0 8 0.0206613633782
13 18 0 8 0.0206551309675
49 80 0 8 0.0206469334662
16 62 0 8 0.0206061247736
28 59 0 8 0.0205964986235
37 55 0 8 0.0205534845591
39 77 0 8 0.0205278079957
36 58 0 8 0.0205230098218
12 75 0 8 0.0204630624503
17 75 0 8 0.0204453058541
16 73 0 8 0.0204375591129
9 22 0 8 0.0203903634101
22 72 0 8 0.0203593596816
23 31 0 8 0.0203538630158
28 63 0 8 0.0203366745263
23 60 0 8 0.0203363057226
11 55 0 8 0.0203297268599
22 81 0 8 0.0203091427684
9 28 0 8 0.0203073453158
34 77 0 8 0.0203063916415
64 85 0 8 0.0203018393368
10 83 0 8 0.020249940455
13 52 0 8 0.0202290024608
38 49 0 8 0.0201938655227
26 69 0 8 0.020168049261
9 44 0 8 0.0201663002372
7 77 0 8 0.0201513580978
64 72 0 8 0.0201268512756
22 71 0 8 0.0200907904655
39 66 0 8 0.0200874432921
41 53 0 8 0.0200536157936
4 32 0 8 0.0200190301985
9 16 0 8 0.0200117584318
35 44 0 8 0.0199978854507
29 73 0 8 0.01998225227
17 33 0 8 0.019981328398
24 78 0 8 0.0199644900858
55 82 0 8 0.0199301149696
21 71 0 8 0.019886739552
62 77 0 8 0.0198858100921
2 59 0 8 0.0198718644679
20 40 0 8 0.019862478599
21 30 0 8 0.0198294632137
15 52 0 8 0.0198102965951
4 27 0 8 0.0198048297316
36 83 0 8 0.0197967682034
32 44 0 8 0.0197895336896
12 59 0 8 0.0197878051549
7 18 0 8 0.0197735521942
3 26 0 8 0.0197402518243
32 60 0 8 0.0197287350893
6 76 0 8 0.019708679989
58 83 0 8 0.0196644328535
46 52 0 8 0.019664125517
24 31 0 8 0.0196452382952
32 66 0 8 0.0196127835661
50 79 0 8 0.0196115262806
22 69 0 8 0.0196067821234
21 74 0 8 0.0196066237986
27 77 0 8 0.0196018759161
13 85 0 8 0.0195997916162
33 46 0 8 0.0195953976363
8 27 0 8 0.0195862799883
6 85 0 8 0.0195856299251
6 58 0 8 0.0195532850921
48 53 0 8 0.0195492319763
7 67 0 8 0.0195392668247
81 87 0 8 0.0195268895477
35 66 0 8 0.0195242818445
40 58 0 8 0.0195200648159
2 6 0 8 0.0195079762489
4 78 0 8 0.0195024460554
60 79 0 8 0.0195016209036
23 35 0 8 0.0194947011769
14 30 0 8 0.0194162968546
13 53 0 8 0.0194116048515
20 73 0 8 0.0194114279002
31 64 0 8 0.0194018539041
20 36 0 8 0.0194011051208
14 83 0 8 0.0193787347525
17 39 0 8 0.0193257536739
32 79 0 8 0.0192572642118
10 75 0 8 0.0192305669188
14 52 0 8 0.0192274414003
10 74 0 8 0.0192118566483
25 74 0 8 0.0192107819021
24 34 0 8 0.0191774107516
32 58 0 8 0.0191559772938
5 68 0 8 0.0191375929862
42 52 0 8 0.0191368125379
28 60 0 8 0.0191237460822
12 52 0 8 0.0191182009876
52 65 0 8 0.0190966334194
5 86 0 8 0.0190722886473
12 85 0 8 0.0190465059131
7 19 0 8 0.0190452188253
8 15 0 8 0.0190441999584
38 45 0 8 0.0190428644419
17 59 0 8 0.0190275385976
14 69 0 8 0.0190269108862
24 32 0 8 0.0190174449235
50 62 0 8 0.0190063230693
2 66 0 8 0.0190030839294
31 80 0 8 0.0189850237221
1 85 0 8 0.0189607255161
60 83 0 8 0.0189191475511
11 31 0 8 0.0189111083746
17 21 0 8 0.0188736766577
24 72 0 8 0.0188728701323
35 81 0 8 0.0188267640769
36 45 0 8 0.0188248753548
31 36 0 8 0.0187950152904
27 78 0 8 0.0187947116792
3 52 0 8 0.0187897663563
39 75 0 8 0.0187881886959
17 85 0 8 0.0187796242535
29 85 0 8 0.0187640860677
36 54 0 8 0.0187552906573
24 82 0 8 0.0187412519008
4 87 0 8 0.018733356148
32 85 0 8 0.0186398178339
61 85 0 8 0.0186334177852
67 74 0 8 0.0186177678406
19 74 0 8 0.0186086464673
44 77 0 8 0.0185509994626
6 71 0 8 0.0185481011868
36 59 0 8 0.0185388792306
31 49 0 8 0.0185161493719
80 85 0 8 0.018506385386
9 86 0 8 0.0185045544058
18 60 0 8 0.0185025837272
35 50 0 8 0.0184831321239
71 78 0 8 0.0184781178832
28 74 0 8 0.0184702426195
32 45 0 8 0.0184653513134
21 64 0 8 0.0184589903802
31 56 0 8 0.0184539537877
10 20 0 8 0.0184461567551
48 79 0 8 0.0184354726225
6 26 0 8 0.0184295624495
30 49 0 8 0.0184290856123
12 32 0 8 0.0184209216386
8 55 0 8 0.0184148177505
48 76 0 8 0.0183735080063
7 83 0 8 0.0183711219579
72 78 0 8 0.0183629840612
62 75 0 8 0.0183455832303
22 49 0 8 0.01833925955
3 79 0 8 0.0183203220367
16 75 0 8 0.0183015596122
22 74 0 8 0.0182961374521
17 83 0 8 0.0182775948197
9 77 0 8 0.0182722155005
6 86 0 8 0.018243830651
16 84 0 8 0.01821333915
62 83 0 8 0.0182103458792
28 55 0 8 0.0181776471436
22 34 0 8 0.0181646309793
52 86 0 8 0.0181644130498
14 78 0 8 0.0181517936289
27 74 0 8 0.0181432198733
49 82 0 8 0.0181127134711
33 67 0 8 0.0181019250304
30 63 0 8 0.018098725006
2 65 0 8 0.0180909149349
58 82 0 8 0.0180755220354
29 58 0 8 0.0180719885975
21 59 0 8 0.0180634912103
33 45 0 8 0.0180507916957
18 34 0 8 0.0180364325643
15 67 0 8 0.0180329494178
14 58 0 8 0.0180219970644
17 77 0 8 0.0179964192212
14 81 0 8 0.0179943013936
33 80 0 8 0.0179936736822
11 50 0 8 0.0179810635746
19 36 0 8 0.0179809536785
28 49 0 8 0.0179383009672
14 74 0 8 0.0179313123226
23 32 0 8 0.017873365432
11 49 0 8 0.0178464315832
28 33 0 8 0.0178335905075
63 83 0 8 0.0177917852998
31 76 0 8 0.0177902858704
22 68 0 8 0.0177678950131
21 72 0 8 0.0177541784942
6 25 0 8 0.0177416168153
7 68 0 8 0.0176470000297
9 39 0 8 0.0176370758563
1 67 0 8 0.0176148079336
13 29 0 8 0.0176100544631
4 69 0 8 0.0175986010581
21 60 0 8 0.0175954122096
14 62 0 8 0.0175731796771
16 48 0 8 0.0175726525486
7 22 0 8 0.0175605788827
21 84 0 8 0.0175398755819
6 32 0 8 0.0175378639251
40 76 0 8 0.0175372324884
22 65 0 8 0.0175271704793
12 78 0 8 0.01752445288
21 66 0 8 0.017501315102
14 72 0 8 0.0174949038774
5 83 0 8 0.0174902826548
1 6 0 8 0.0174772497267
13 56 0 8 0.0174219105393
7 85 0 8 0.0174146238714
33 82 0 8 0.0174135956913
49 76 0 8 0.0173968207091
52 74 0 8 0.0173872299492
4 24 0 8 0.017385199666
37 59 0 8 0.0173817221075
27 66 0 8 0.0173727013171
13 82 0 8 0.0173661168665
56 75 0 8 0.0173574537039
18 83 0 8 0.0173304080963
5 87 0 8 0.0173178818077
27 72 0 8 0.0173036046326
16 79 0 8 0.0172908399254
62 85 0 8 0.0172415580601
22 55 0 8 0.0172359198332
19 60 0 8 0.0172091163695
3 68 0 8 0.0172075107694
15 50 0 8 0.0171964820474
3 59 0 8 0.0171856787056
33 84 0 8 0.0171803478152
14 70 0 8 0.0171707384288
34 67 0 8 0.0171685963869
21 52 0 8 0.017167083919
47 82 0 8 0.0171626359224
21 35 0 8 0.0171496663243
3 81 0 8 0.0171475298703
49 85 0 8 0.0171324983239
18 23 0 8 0.0171188469976
3 20 0 8 0.0171164628118
53 62 0 8 0.0171137042344
5 79 0 8 0.0170857347548
5 21 0 8 0.0170818511397
49 84 0 8 0.0170718058944
37 53 0 8 0.0170632787049
12 22 0 8 0.0170372333378
6 9 0 8 0.0170311667025
43 54 0 8 0.017019642517
8 12 0 8 0.0170022919774
2 67 0 8 0.0169771909714
14 73 0 8 0.0169757977128
67 82 0 8 0.0169757120311
59 86 0 8 0.01697136648
44 80 0 8 0.0169209558517
12 81 0 8 0.0169031731784
12 63 0 8 0.016902262345
19 34 0 8 0.0169013366103
51 84 0 8 0.0168584231287
9 29 0 8 0.0168458223343
29 50 0 8 0.0168310366571
35 51 0 8 0.0168272424489
7 86 0 8 0.0167811159045
35 83 0 8 0.0167482290417
39 78 0 8 0.016713000834
21 68 0 8 0.0166679304093
15 63 0 8 0.0166263189167
11 69 0 8 0.0166001133621
32 77 0 8 0.0165854450315
20 83 0 8 0.0165829416364
35 58 0 8 0.01657945849
40 85 0 8 0.0165733247995
26 64 0 8 0.0165381226689
11 83 0 8 0.0165289510041
22 73 0 8 0.0165177173913
30 65 0 8 0.016511272639
36 63 0 8 0.016510637477
8 68 0 8 0.0164705459028
18 36 0 8 0.0164549350739
28 39 0 8 0.0164119116962
27 76 0 8 0.0164030715823
44 84 0 8 0.0163821354508
27 64 0 8 0.0163691472262
39 59 0 8 0.0163687933236
27 86 0 8 0.016363222152
14 86 0 8 0.0163521952927
52 66 0 8 0.0163429714739
56 63 0 8 0.0163405947387
6 52 0 8 0.0163402501494
2 27 0 8 0.0162969715893
49 77 0 8 0.0162969119847
5 59 0 8 0.016287220642
32 73 0 8 0.0162826310843
59 79 0 8 0.0162675306201
15 62 0 8 0.0162604879588
49 83 0 8 0.0162505693734
9 75 0 8 0.0162372943014
9 60 0 8 0.0162236969918
3 30 0 8 0.0162224397063
3 21 0 8 0.0162145439535
8 32 0 8 0.0161968227476
24 84 0 8 0.016196206212
1 84 0 8 0.01616631262
32 47 0 8 0.0161499790847
10 50 0 8 0.0161385051906
3 7 0 8 0.0161304268986
21 70 0 8 0.0161231476814
17 73 0 8 0.0161105748266
27 63 0 8 0.0161073934287
13 73 0 8 0.0160608720034
37 54 0 8 0.0160601772368
10 67 0 8 0.0160528700799
30 39 0 8 0.0160448197275
37 58 0 8 0.0160398222506
13 19 0 8 0.0160286650062
6 70 0 8 0.0160204917192
50 84 0 8 0.0160175394267
39 60 0 8 0.0159388631582
21 34 0 8 0.0159388259053
27 59 0 8 0.0159288533032
18 72 0 8 0.0159249268472
56 85 0 8 0.0159173682332
47 54 0 8 0.0159133803099
13 44 0 8 0.0159110054374
22 85 0 8 0.0159032139927
4 79 0 8 0.0158967655152
46 80 0 8 0.0158861987293
53 84 0 8 0.0158636793494
48 75 0 8 0.0158595182002
61 83 0 8 0.0158115625381
13 45 0 8 0.0158033594489
21 31 0 8 0.0157900508493
45 54 0 8 0.0157809983939
2 69 0 8 0.0157487541437
5 75 0 8 0.0157418828458
28 71 0 8 0.0157060977072
15 44 0 8 0.015682393685
30 51 0 8 0.0156782492995
4 81 0 8 0.0156702455133
40 84 0 8 0.0156636182219
24 59 0 8 0.0156400669366
35 85 0 8 0.0156373493373
21 32 0 8 0.0156251639128
57 61 0 8 0.0156121496111
11 44 0 8 0.0156084429473
22 83 0 8 0.0156055856496
11 86 0 8 0.0156014412642
3 24 0 8 0.0155969234183
3 28 0 8 0.015594381839
15 72 0 8 0.0155749451369
27 52 0 8 0.0155748780817
35 76 0 8 0.0155680961907
12 71 0 8 0.015559357591
3 34 0 8 0.0155574297532
20 85 0 8 0.015556034632
57 85 0 8 0.015548187308
29 86 0 8 0.0155136371031
8 22 0 8 0.0154991354793
11 41 0 8 0.0154941016808
22 58 0 8 0.0154754919931
23 52 0 8 0.0154609391466
22 67 0 8 0.0154471471906
50 85 0 8 0.0154403904453
50 64 0 8 0.0154390204698
48 66 0 8 0.0154072754085
12 74 0 8 0.0154027631506
52 83 0 8 0.0153933716938
49 64 0 8 0.0153861753643
1 87 0 8 0.0153783969581
8 86 0 8 0.0153748961166
15 61 0 8 0.0153693668544
5 80 0 8 0.0153664955869
55 78 0 8 0.0153594845906
44 63 0 8 0.0153491618112
55 85 0 8 0.0153321772814
12 65 0 8 0.0153283625841
13 86 0 8 0.0153164332733
44 67 0 8 0.0153082525358
50 86 0 8 0.01530038286
31 46 0 8 0.0152945723385
4 80 0 8 0.0152838546783
28 50 0 8 0.0152796991169
49 63 0 8 0.015279606916
4 8 0 8 0.0152771892026
15 56 0 8 0.0152652850375
27 33 0 8 0.0152563285083
24 70 0 8 0.0152435535565
6 36 0 8 0.0152390515432
17 56 0 8 0.0152248535305
30 86 0 8 0.0152174131945
10 87 0 8 0.0152025353163
52 80 0 8 0.0151967117563
8 31 0 8 0.0151921734214
30 36 0 8 0.0151680866256
47 52 0 8 0.0151190431789
32 76 0 8 0.0151167009026
28 73 0 8 0.0151034668088
20 34 0 8 0.0150907402858
51 86 0 8 0.0150889111683
28 45 0 8 0.0150636266917
43 82 0 8 0.0150500843301
2 83 0 8 0.0150478929281
21 79 0 8 0.0150441126898
1 24 0 8 0.0150335459039
31 58 0 8 0.0150287179276
7 27 0 8 0.0150098968297
44 66 0 8 0.0149874519557
21 81 0 8 0.0149714536965
30 48 0 8 0.0149562507868
23 66 0 8 0.0149461161345
29 72 0 8 0.014932019636
51 82 0 8 0.0149309746921
4 21 0 8 0.0149131286889
57 62 0 8 0.0149000771344
15 74 0 8 0.0148988105357
46 78 0 8 0.0148943113163
26 86 0 8 0.0148840509355
34 84 0 8 0.0148753281683
16 71 0 8 0.0148688452318
54 84 0 8 0.0148533741012
44 64 0 8 0.0148526355624
28 72 0 8 0.0148432748392
9 71 0 8 0.0148258190602
15 86 0 8 0.0148239517584
17 44 0 8 0.0148175740615
23 68 0 8 0.014816111885
6 40 0 8 0.0148080894724
11 57 0 8 0.0148044656962
2 68 0 8 0.014796031639
40 59 0 8 0.0147826708853
49 86 0 8 0.0147826643661
14 79 0 8 0.0147796925157
2 26 0 8 0.0147682055831
29 83 0 8 0.0147446626797
23 84 0 8 0.0147311193869
1 83 0 8 0.0147307105362
32 61 0 8 0.0147188873962
45 77 0 8 0.014717657119
46 77 0 8 0.0147072607651
45 81 0 8 0.0146954841912
36 62 0 8 0.0146755166352
23 79 0 8 0.0146641992033
13 42 0 8 0.0146563882008
27 62 0 8 0.0146531518549
28 56 0 8 0.0146514028311
33 51 0 8 0.0146492347121
50 58 0 8 0.0146281877533
31 62 0 8 0.0146251432598
7 87 0 8 0.0145995812491
11 48 0 8 0.0145938815549
27 49 0 8 0.0145898228511
43 80 0 8 0.0145805710927
14 64 0 8 0.0145787764341
44 82 0 8 0.0145755298436
40 62 0 8 0.0145608112216
32 71 0 8 0.0145436068997
5 44 0 8 0.0145407374948
20 74 0 8 0.0145392958075
56 86 0 8 0.0145386802033
39 85 0 8 0.014518732205
37 62 0 8 0.0145119717345
23 62 0 8 0.0145087055862
27 84 0 8 0.0145075060427
34 65 0 8 0.0145018212497
7 48 0 8 0.0144946333021
13 76 0 8 0.0144944908097
47 76 0 8 0.0144842499867
18 59 0 8 0.0144744860008
17 74 0 8 0.0144730918109
41 63 0 8 0.0144672840834
31 66 0 8 0.0144635522738
12 79 0 8 0.0144491968676
39 74 0 8 0.0144396526739
33 59 0 8 0.0144209219143
7 55 0 8 0.014408281073
54 80 0 8 0.0143839986995
35 54 0 8 0.014374922961
24 64 0 8 0.0143702076748
31 83 0 8 0.0143647240475
2 30 0 8 0.0143614439294
31 59 0 8 0.0143520515412
29 49 0 8 0.0143440803513
36 60 0 8 0.0143396183848
63 73 0 8 0.0143383508548
57 86 0 8 0.0143354674801
45 53 0 8 0.0143109429628
71 79 0 8 0.0142778735608
32 72 0 8 0.0142683675513
14 56 0 8 0.0142461312935
6 69 0 8 0.0142419803888
3 39 0 8 0.014237000607
18 58 0 8 0.0142266582698
25 66 0 8 0.0142054213211
9 67 0 8 0.0142049547285
40 75 0 8 0.0142031116411
11 28 0 8 0.0141792828217
73 79 0 8 0.0141711467877
28 48 0 8 0.0141589017585
32 51 0 8 0.0141486553475
63 86 0 8 0.0141404299065
7 70 0 8 0.0141389286146
40 79 0 8 0.0141347283497
44 65 0 8 0.0141266239807
15 58 0 8 0.0141135342419
18 67 0 8 0.0141127640381
49 66 0 8 0.0140992496163
31 47 0 8 0.014093529433
30 46 0 8 0.0140822650865
22 39 0 8 0.0140633890405
31 55 0 8 0.0140604991466
24 66 0 8 0.0140568325296
24 83 0 8 0.0140411714092
46 66 0 8 0.0140276513994
43 52 0 8 0.014023273252
47 55 0 8 0.0140187386423
12 50 0 8 0.0140150142834
23 61 0 8 0.0140095064417
22 50 0 8 0.0140079334378
30 74 0 8 0.0140012232587
44 73 0 8 0.013989418745
63 85 0 8 0.0139869982377
4 52 0 8 0.0139831518754
19 72 0 8 0.0139817837626
13 78 0 8 0.0139771895483
13 83 0 8 0.0139753837138
18 74 0 8 0.013956412673
23 64 0 8 0.0139563269913
16 61 0 8 0.0139556843787
35 60 0 8 0.0139550678432
14 40 0 8 0.0139436945319
35 59 0 8 0.0139347808436
51 80 0 8 0.0139310993254
2 58 0 8 0.0139307128266
25 70 0 8 0.0139112323523
28 58 0 8 0.013901764527
10 39 0 8 0.0138860847801
7 71 0 8 0.0138745130971
14 67 0 8 0.0138739002869
21 61 0 8 0.0138602843508
12 86 0 8 0.0138559518382
27 34 0 8 0.013846103102
34 53 0 8 0.0138244386762
21 50 0 8 0.0138210784644
31 60 0 8 0.0138196870685
53 85 0 8 0.0137977190316
66 84 0 8 0.0137929711491
10 36 0 8 0.0137801794335
36 43 0 8 0.0137790963054
5 30 0 8 0.0137782227248
22 61 0 8 0.0137622142211
34 52 0 8 0.0137383267283
14 80 0 8 0.0137356324121
24 58 0 8 0.0137059176341
41 75 0 8 0.0137057444081
21 63 0 8 0.013676549308
23 34 0 8 0.0136728771031
30 83 0 8 0.0136586464942
5 58 0 8 0.013629627414
12 20 0 8 0.013622213155
19 85 0 8 0.0136059233919
15 47 0 8 0.0135925803334
20 44 0 8 0.0135523537174
10 49 0 8 0.0135461408645
53 83 0 8 0.0135266380385
21 49 0 8 0.0135226938874
37 57 0 8 0.0135148204863
23 85 0 8 0.0135124875233
12 83 0 8 0.0135047482327
14 39 0 8 0.013486825861
40 77 0 8 0.0134807620198
29 74 0 8 0.0134782521054
16 86 0 8 0.0134617835283
15 48 0 8 0.0134596871212
20 67 0 8 0.0134551227093
51 85 0 8 0.0134468842298
5 78 0 8 0.0134250074625
43 61 0 8 0.0134062701836
38 47 0 8 0.0133965797722
26 77 0 8 0.0133892204612
7 28 0 8 0.0133679909632
31 51 0 8 0.0133079625666
41 73 0 8 0.0133075360209
14 35 0 8 0.0133039299399
46 53 0 8 0.0132785355672
29 51 0 8 0.0132715012878
31 79 0 8 0.01324655395
33 85 0 8 0.0132365543395
1 21 0 8 0.0132364667952
22 63 0 8 0.0132090719417
65 84 0 8 0.0131841590628
12 60 0 8 0.0131774982437
32 75 0 8 0.0131757874042
28 83 0 8 0.0131457820535
14 65 0 8 0.0131414402276
11 42 0 8 0.0131220314652
19 58 0 8 0.0131100993603
69 81 0 8 0.0131095321849
34 79 0 8 0.0131011940539
61 79 0 8 0.0130836283788
5 27 0 8 0.0130553301424
10 44 0 8 0.0130515890196
28 36 0 8 0.0130433542654
21 65 0 8 0.013039002195
23 69 0 8 0.01302979514
26 31 0 8 0.0130263864994
29 69 0 8 0.0130209187046
26 68 0 8 0.0130027681589
14 41 0 8 0.0129980696365
19 67 0 8 0.0129965273663
34 80 0 8 0.0129951937124
30 47 0 8 0.0129903750494
48 64 0 8 0.0129828825593
10 35 0 8 0.0129696289077
3 8 0 8 0.0129563231021
21 55 0 8 0.0129534089938
13 64 0 8 0.0129485810176
16 72 0 8 0.0129289040342
53 63 0 8 0.0129148550332
72 79 0 8 0.0129082547501
36 66 0 8 0.0129068093374
28 67 0 8 0.0129051208496
24 56 0 8 0.0128904040903
10 21 0 8 0.0128903072327
19 71 0 8 0.0128894578665
2 63 0 8 0.0128864981234
21 80 0 8 0.0128834592178
32 40 0 8 0.0128814289346
15 68 0 8 0.0128731783479
13 49 0 8 0.0128481769934
60 86 0 8 0.012843969278
21 82 0 8 0.0128319431096
61 86 0 8 0.0128270881251
22 33 0 8 0.0128112956882
68 78 0 8 0.0127860950306
24 69 0 8 0.012780576013
24 62 0 8 0.0127784470096
33 60 0 8 0.0127641493455
11 45 0 8 0.012759571895
37 47 0 8 0.012738157995
23 57 0 8 0.0127305928618
42 53 0 8 0.012729531154
42 81 0 8 0.0127290952951
13 51 0 8 0.012724510394
14 32 0 8 0.0127194439992
16 77 0 8 0.0127163724974
17 34 0 8 0.0127147985622
48 85 0 8 0.0127102024853
41 62 0 8 0.0126895811409
29 48 0 8 0.0126892710105
23 65 0 8 0.0126791726798
26 34 0 8 0.0126596139744
27 83 0 8 0.0126540185884
27 68 0 8 0.0126487240195
64 71 0 8 0.0126117244363
36 42 0 8 0.0126020619646
36 57 0 8 0.0125984307379
26 60 0 8 0.0125946588814
21 85 0 8 0.0125915873796
17 72 0 8 0.0125684458762
49 65 0 8 0.0125649310648
15 36 0 8 0.0125610027462
12 87 0 8 0.0125608136877
41 74 0 8 0.0125584658235
33 79 0 8 0.0125583121553
27 65 0 8 0.0125477798283
26 74 0 8 0.0125436736271
27 60 0 8 0.0125421732664
7 76 0 8 0.0125251719728
1 28 0 8 0.0125232962891
56 64 0 8 0.0125195821747
37 60 0 8 0.0125130396336
9 87 0 8 0.0125049119815
14 34 0 8 0.0125000840053
57 81 0 8 0.0124936401844
45 78 0 8 0.0124824978411
48 65 0 8 0.0124689033255
12 70 0 8 0.0124642839655
45 66 0 8 0.0124604804441
26 85 0 8 0.01245933678
28 86 0 8 0.0124579863623
13 79 0 8 0.0124377114698
21 33 0 8 0.0124362129718
26 59 0 8 0.0124214692041
17 60 0 8 0.0124014737085
10 48 0 8 0.0123933646828
34 66 0 8 0.012378747575
45 63 0 8 0.012377826497
60 63 0 8 0.0123691726476
1 66 0 8 0.0123672215268
13 63 0 8 0.0123359318823
9 32 0 8 0.012289292179
14 48 0 8 0.0122847901657
13 65 0 8 0.0122582269832
35 75 0 8 0.0122339837253
29 47 0 8 0.0122275892645
29 61 0 8 0.0122183384374
50 83 0 8 0.0122116515413
26 63 0 8 0.012211445719
19 33 0 8 0.0122092189267
15 33 0 8 0.0121896769851
54 85 0 8 0.0121848313138
3 27 0 8 0.0121820261702
3 76 0 8 0.0121815893799
23 63 0 8 0.0121663250029
25 75 0 8 0.012160371989
50 87 0 8 0.0121597303078
63 72 0 8 0.0121151637286
3 25 0 8 0.0121141308919
4 39 0 8 0.0121140629053
33 52 0 8 0.0120971081778
24 52 0 8 0.012095159851
15 49 0 8 0.0120908133686
43 53 0 8 0.0120870042592
45 65 0 8 0.012079433538
3 78 0 8 0.0120775150135
37 83 0 8 0.0120697570965
1 23 0 8 0.012065641582
34 50 0 8 0.0120393084362
45 64 0 8 0.0120314443484
23 55 0 8 0.0119971837848
16 70 0 8 0.0119933690876
30 60 0 8 0.0119868228212
3 19 0 8 0.0119727859274
7 73 0 8 0.0119546251372
22 40 0 8 0.0119491573423
16 41 0 8 0.0119466241449
8 50 0 8 0.0119384881109
44 56 0 8 0.0119374413043
15 55 0 8 0.0119323367253
25 31 0 8 0.011922259815
6 56 0 8 0.0119186891243
19 50 0 8 0.0119160097092
31 63 0 8 0.011908236891
14 87 0 8 0.0119020165876
18 37 0 8 0.0118996044621
20 33 0 8 0.0118995942175
18 41 0 8 0.0118978675455
9 49 0 8 0.0118942912668
55 63 0 8 0.0118805794045
4 9 0 8 0.0118759451434
44 72 0 8 0.0118689415976
12 28 0 8 0.0118551421911
13 57 0 8 0.0118547016755
42 74 0 8 0.0118330596015
53 86 0 8 0.0118186324835
8 75 0 8 0.0118173686787
9 26 0 8 0.0117970891297
68 81 0 8 0.0117943491787
27 50 0 8 0.0117840431631
1 68 0 8 0.011772537604
17 55 0 8 0.0117050614208
13 87 0 8 0.0117010958493
13 67 0 8 0.0116889374331
37 82 0 8 0.0116840144619
15 71 0 8 0.0116818388924
21 83 0 8 0.0116726048291
25 73 0 8 0.0116721317172
12 35 0 8 0.0116639444605
38 55 0 8 0.0116632021964
44 75 0 8 0.0116313602775
9 15 0 8 0.0116283176467
26 72 0 8 0.0116239339113
20 72 0 8 0.0116150844842
1 27 0 8 0.0116124246269
28 44 0 8 0.0116108478978
26 84 0 8 0.0116007784382
34 59 0 8 0.011564835906
4 55 0 8 0.0115646449849
17 27 0 8 0.01155762095
16 50 0 8 0.0115405889228
19 69 0 8 0.011529811658
24 57 0 8 0.0115270353854
22 51 0 8 0.0115261282772
50 63 0 8 0.0115195019171
1 60 0 8 0.011511284858
26 73 0 8 0.0115031329915
42 82 0 8 0.0114961024374
58 86 0 8 0.0114911282435
12 49 0 8 0.0114858755842
16 28 0 8 0.0114851938561
6 35 0 8 0.0114792240784
16 27 0 8 0.0114786289632
31 70 0 8 0.0114716626704
1 65 0 8 0.0114624518901
26 82 0 8 0.0114521523938
13 36 0 8 0.0114521253854
5 8 0 8 0.0114514185116
20 71 0 8 0.0114477919415
48 86 0 8 0.0114264637232
39 65 0 8 0.0114167779684
10 40 0 8 0.0114099346101
16 37 0 8 0.0114060463384
9 40 0 8 0.0113961733878
3 32 0 8 0.0113959908485
9 69 0 8 0.0113928643987
12 68 0 8 0.0113923270255
16 43 0 8 0.0113906031474
9 73 0 8 0.0113707967103
9 70 0 8 0.011359850876
34 73 0 8 0.0113411005586
9 35 0 8 0.0113379042596
6 73 0 8 0.0113268829882
4 19 0 8 0.0113185280934
25 77 0 8 0.0113138388842
33 83 0 8 0.0113082183525
40 66 0 8 0.011307887733
13 48 0 8 0.0113025531173
53 64 0 8 0.0112919704989
72 80 0 8 0.0112891923636
12 61 0 8 0.011264225468
15 20 0 8 0.011253640987
23 80 0 8 0.0112481284887
24 63 0 8 0.0112479701638
2 7 0 8 0.0112366275862
29 46 0 8 0.0112249199301
2 57 0 8 0.0112196123227
18 61 0 8 0.0112195443362
35 41 0 8 0.0112076904625
25 71 0 8 0.0112073365599
32 65 0 8 0.0111929718405
24 79 0 8 0.0111800441518
2 24 0 8 0.0111799389124
5 50 0 8 0.0111772986129
3 49 0 8 0.0111617511138
44 68 0 8 0.0111570423469
12 69 0 8 0.0111311888322
40 57 0 8 0.0111263664439
1 7 0 8 0.0111126769334
9 50 0 8 0.0111037408933
49 67 0 8 0.0110808359459
33 70 0 8 0.0110782440752
24 85 0 8 0.0110780093819
13 62 0 8 0.0110767977312
26 53 0 8 0.0110607631505
23 58 0 8 0.0110585307702
19 86 0 8 0.0110524315387
14 44 0 8 0.0110491588712
16 74 0 8 0.0110417930409
20 69 0 8 0.0110405590385
7 49 0 8 0.0110261514783
13 43 0 8 0.0110159805045
21 39 0 8 0.0110140023753
7 58 0 8 0.0110069923103
18 24 0 8 0.0110050095245
14 71 0 8 0.0109936855733
33 57 0 8 0.0109895290807
2 22 0 8 0.0109829436988
37 85 0 8 0.010968759656
80 86 0 8 0.0109530556947
26 56 0 8 0.0109501220286
13 39 0 8 0.0109458984807
48 77 0 8 0.0109380083159
24 80 0 8 0.0109121538699
28 51 0 8 0.0109021421522
18 49 0 8 0.010897715576
51 79 0 8 0.0108959795907
21 36 0 8 0.010891020298
34 85 0 8 0.0108897369355
28 46 0 8 0.0108886538073
47 67 0 8 0.0108873695135
8 49 0 8 0.0108816605061
42 75 0 8 0.0108803929761
8 42 0 8 0.0108775869012
33 86 0 8 0.0108665153384
41 76 0 8 0.0108604123816
40 65 0 8 0.0108549278229
36 77 0 8 0.0108463149518
12 48 0 8 0.0108453584835
17 46 0 8 0.0108338491991
29 71 0 8 0.0108239511028
54 59 0 8 0.0108210667968
33 58 0 8 0.0108161624521
5 57 0 8 0.0107970889658
60 87 0 8 0.0107893710956
28 61 0 8 0.0107827661559
39 86 0 8 0.0107815358788
11 22 0 8 0.010770028457
29 45 0 8 0.0107694286853
38 84 0 8 0.0107674170285
13 50 0 8 0.0107645737007
7 40 0 8 0.0107606137171
24 33 0 8 0.0107498373836
44 71 0 8 0.0107481749728
22 48 0 8 0.0107427714393
28 47 0 8 0.0107395993546
13 74 0 8 0.0107358265668
27 73 0 8 0.0107300281525
5 24 0 8 0.0107227526605
63 71 0 8 0.0107123283669
14 49 0 8 0.0107095390558
16 49 0 8 0.010697869584
26 55 0 8 0.0106935156509
33 54 0 8 0.0106922043487
11 36 0 8 0.0106855584309
29 68 0 8 0.0106791285798
15 69 0 8 0.0106695108116
6 24 0 8 0.0106612592936
9 68 0 8 0.0106563158333
12 46 0 8 0.0106555111706
6 17 0 8 0.0106522645801
12 39 0 8 0.0106501085684
1 59 0 8 0.0106476526707
1 57 0 8 0.0106446733698
24 81 0 8 0.0106434589252
45 62 0 8 0.0106326844543
14 55 0 8 0.0106151169166
70 78 0 8 0.0106091089547
12 73 0 8 0.0106003582478
27 80 0 8 0.0105854002759
32 37 0 8 0.0105714406818
44 58 0 8 0.0105658061802
16 55 0 8 0.0105649093166
8 26 0 8 0.0105545567349
11 71 0 8 0.0105524454266
35 86 0 8 0.0105360439047
2 31 0 8 0.0105318883434
29 44 0 8 0.0105247842148
11 74 0 8 0.0105115249753
34 83 0 8 0.0105053065345
26 52 0 8 0.0105051835999
34 56 0 8 0.0104991970584
13 80 0 8 0.010492763482
41 64 0 8 0.0104870572686
41 65 0 8 0.0104730138555
53 74 0 8 0.0104666557163
49 72 0 8 0.0104620978236
15 41 0 8 0.0104369185865
11 46 0 8 0.0104291932657
42 55 0 8 0.01042345725
10 71 0 8 0.0103999283165
11 68 0 8 0.0103991534561
10 52 0 8 0.0103802038357
45 80 0 8 0.010372585617
9 43 0 8 0.0103214820847
31 86 0 8 0.0103197041899
12 44 0 8 0.0103041315451
33 77 0 8 0.0102908601984
27 36 0 8 0.0102891745046
42 66 0 8 0.0102802049369
18 44 0 8 0.0102578438818
30 73 0 8 0.0102553898469
15 73 0 8 0.0102462908253
2 56 0 8 0.0102282399312
27 71 0 8 0.0102167185396
66 85 0 8 0.0101845869794
42 54 0 8 0.01015695557
13 30 0 8 0.0101490430534
49 73 0 8 0.0101326778531
1 58 0 8 0.0101173557341
38 46 0 8 0.0101050622761
34 86 0 8 0.0101022524759
28 68 0 8 0.0100961942226
14 50 0 8 0.0100946407765
46 54 0 8 0.0100927921012
68 79 0 8 0.0100757321343
27 79 0 8 0.0100640822202
17 53 0 8 0.0100566782057
10 26 0 8 0.0100436173379
50 73 0 8 0.0100352903828
1 77 0 8 0.0100252768025
18 71 0 8 0.0100243017077
13 72 0 8 0.0100066289306
45 73 0 8 0.00999421719462
34 78 0 8 0.00999131239951
30 54 0 8 0.00997874513268
48 73 0 8 0.00997627247125
6 87 0 8 0.00995916780084
2 61 0 8 0.00995476730168
25 48 0 8 0.00994816701859
25 68 0 8 0.00994076859206
7 25 0 8 0.00993916764855
36 76 0 8 0.00991856213659
23 70 0 8 0.00991067476571
29 67 0 8 0.00989310722798
12 72 0 8 0.00988756027073
50 80 0 8 0.0098822908476
33 43 0 8 0.00987856741995
2 81 0 8 0.00987631548196
8 73 0 8 0.00986473076046
21 44 0 8 0.00985593162477
35 57 0 8 0.00985428038985
39 87 0 8 0.00985161960125
48 83 0 8 0.0098351482302
8 57 0 8 0.00983026437461
7 52 0 8 0.00981971621513
52 61 0 8 0.00981567800045
41 82 0 8 0.00980582553893
16 68 0 8 0.00978359859437
34 45 0 8 0.00977976061404
38 81 0 8 0.00976480636746
8 44 0 8 0.0097579928115
33 76 0 8 0.00975666660815
2 28 0 8 0.00975554343313
11 39 0 8 0.00974651798606
4 31 0 8 0.00973519403487
14 68 0 8 0.00971712172031
23 81 0 8 0.00971180479974
57 87 0 8 0.00971045717597
57 83 0 8 0.00970593746752
43 65 0 8 0.0097044929862
50 65 0 8 0.00969537440687
27 87 0 8 0.00969103444368
46 62 0 8 0.00967682618648
56 76 0 8 0.00967342220247
6 49 0 8 0.0096507454291
39 80 0 8 0.0096476841718
25 33 0 8 0.00964665506035
46 64 0 8 0.0096422592178
41 85 0 8 0.0096418261528
5 19 0 8 0.00964062009007
52 87 0 8 0.00960151385516
48 82 0 8 0.00959881674498
13 71 0 8 0.00959551241249
23 50 0 8 0.00959114916623
17 71 0 8 0.00958972238004
13 70 0 8 0.0095774885267
55 86 0 8 0.00955827534199
10 45 0 8 0.00955373980105
13 47 0 8 0.00955153815448
21 51 0 8 0.00955004058778
47 64 0 8 0.00954144820571
23 33 0 8 0.00954042002559
11 73 0 8 0.0095296530053
54 61 0 8 0.00952658802271
26 65 0 8 0.00952383875847
22 36 0 8 0.00951963476837
30 61 0 8 0.00951816886663
20 49 0 8 0.00951692834496
8 53 0 8 0.00951573252678
32 74 0 8 0.00950665958226
34 47 0 8 0.0094925975427
15 51 0 8 0.0094570023939
38 58 0 8 0.00945448782295
15 70 0 8 0.00944708660245
23 39 0 8 0.0094223851338
23 56 0 8 0.00941256247461
3 35 0 8 0.00939187593758
53 87 0 8 0.00939025636762
26 49 0 8 0.00937006995082
23 86 0 8 0.00936977379024
36 85 0 8 0.00936957914382
47 65 0 8 0.00935752969235
9 30 0 8 0.00935391057283
45 55 0 8 0.00934638828039
29 36 0 8 0.00931891892105
54 60 0 8 0.00930285919458
55 83 0 8 0.00929794833064
31 67 0 8 0.00928527116776
32 69 0 8 0.00927236676216
25 78 0 8 0.00925477407873
47 53 0 8 0.00925404857844
12 27 0 8 0.00924409832805
27 67 0 8 0.00923217926174
35 53 0 8 0.00922774896026
55 64 0 8 0.00922400504351
34 87 0 8 0.00921143684536
30 53 0 8 0.00920968689024
45 61 0 8 0.00920103304088
19 49 0 8 0.00919875595719
31 74 0 8 0.00919499248266
45 72 0 8 0.00916687678546
34 82 0 8 0.0091507313773
8 43 0 8 0.00914573855698
7 45 0 8 0.00914357416332
12 56 0 8 0.00914308615029
43 55 0 8 0.00914106890559
51 64 0 8 0.00913937203586
7 78 0 8 0.00913788285106
30 72 0 8 0.00913616362959
14 63 0 8 0.00912650395185
1 20 0 8 0.00911874137819
42 64 0 8 0.0091109117493
36 86 0 8 0.00910965446383
9 52 0 8 0.0091052222997
16 52 0 8 0.00910477899015
4 75 0 8 0.00910337269306
23 49 0 8 0.00909716356546
24 68 0 8 0.00908297766
9 74 0 8 0.00908075459301
16 58 0 8 0.00906582176685
23 82 0 8 0.00905412528664
7 23 0 8 0.00904455687851
10 70 0 8 0.00902019906789
20 51 0 8 0.00900052767247
3 17 0 8 0.00899583846331
4 77 0 8 0.00899300724268
26 33 0 8 0.00898782350123
26 48 0 8 0.00896200351417
58 87 0 8 0.00894050206989
48 63 0 8 0.00893758703023
24 77 0 8 0.0089351888746
53 78 0 8 0.00891943555325
54 62 0 8 0.00891814939678
23 40 0 8 0.00891288742423
41 58 0 8 0.00890794768929
46 75 0 8 0.00890012085438
26 83 0 8 0.00888465996832
48 56 0 8 0.0088780913502
40 86 0 8 0.00884827505797
27 82 0 8 0.00883395597339
5 29 0 8 0.00882452074438
33 39 0 8 0.00881961639971
42 67 0 8 0.00881474558264
8 25 0 8 0.00881164614111
5 70 0 8 0.00879809632897
10 72 0 8 0.00879489071667
45 71 0 8 0.00879368931055
3 50 0 8 0.00877389404923
5 67 0 8 0.00877307727933
33 40 0 8 0.00876420829445
11 72 0 8 0.00876290723681
10 30 0 8 0.00874696765095
9 12 0 8 0.00873448234051
41 57 0 8 0.00873324368149
3 55 0 8 0.00871427543461
25 49 0 8 0.00870907865465
26 67 0 8 0.00869457982481
39 61 0 8 0.00869084428996
32 70 0 8 0.00868046935648
50 67 0 8 0.0086779827252
41 87 0 8 0.00867289770395
69 80 0 8 0.00867217686027
46 67 0 8 0.00865836068988
44 74 0 8 0.00864915642887
9 72 0 8 0.00864209420979
51 78 0 8 0.00863113626838
27 51 0 8 0.00862763635814
33 38 0 8 0.00859967805445
32 39 0 8 0.008579691872
18 25 0 8 0.00857647228986
32 43 0 8 0.00857606995851
12 67 0 8 0.00855784956366
45 79 0 8 0.00855199340731
36 46 0 8 0.00853983592242
11 87 0 8 0.00853942055255
3 74 0 8 0.00853812880814
25 59 0 8 0.00851997453719
26 79 0 8 0.00851800944656
6 50 0 8 0.00850602518767
10 56 0 8 0.00849143508822
51 87 0 8 0.00847795698792
40 74 0 8 0.00847004819661
2 43 0 8 0.00844055693597
26 39 0 8 0.00843381509185
37 79 0 8 0.00843324884772
38 80 0 8 0.0084103802219
17 86 0 8 0.00840658415109
43 81 0 8 0.00839476659894
7 50 0 8 0.00838770810515
39 83 0 8 0.008385181427
25 35 0 8 0.00836166366935
41 79 0 8 0.00836137123406
30 57 0 8 0.0083545781672
1 62 0 8 0.00835231412202
2 82 0 8 0.00833461154252
1 22 0 8 0.00831876415759
45 84 0 8 0.00829918496311
28 57 0 8 0.00828632153571
32 86 0 8 0.00828449614346
24 65 0 8 0.00828239694238
25 69 0 8 0.00827978085726
16 69 0 8 0.00827351491898
44 70 0 8 0.00827124994248
1 63 0 8 0.00825071707368
26 87 0 8 0.00824004411697
18 48 0 8 0.00823988113552
34 62 0 8 0.00823899265379
31 61 0 8 0.0082336794585
23 83 0 8 0.00823112204671
7 69 0 8 0.00822903960943
21 86 0 8 0.00821183994412
3 48 0 8 0.00820727460086
8 69 0 8 0.00820469018072
10 69 0 8 0.00819947291166
27 70 0 8 0.0081982864067
71 80 0 8 0.00819415412843
2 33 0 8 0.00819117482752
9 48 0 8 0.00817207619548
17 26 0 8 0.00816999282688
43 79 0 8 0.00816899910569
52 72 0 8 0.00816282071173
24 49 0 8 0.008160921745
2 52 0 8 0.00814993306994
46 65 0 8 0.0081466762349
27 48 0 8 0.00814635679126
2 75 0 8 0.00814006663859
10 68 0 8 0.00813495647162
24 50 0 8 0.00811049621552
34 54 0 8 0.00810755044222
5 9 0 8 0.00810269638896
6 10 0 8 0.00810055155307
14 45 0 8 0.00809551775455
4 74 0 8 0.00809113588184
33 53 0 8 0.00808640290052
41 59 0 8 0.0080847768113
8 87 0 8 0.00808276608586
29 87 0 8 0.00807839073241
22 86 0 8 0.00807375274599
6 43 0 8 0.00806903839111
21 41 0 8 0.00805610138923
20 68 0 8 0.00804985966533
46 71 0 8 0.0080444579944
12 47 0 8 0.00804091617465
1 82 0 8 0.00803324114531
42 73 0 8 0.0080089289695
51 83 0 8 0.00800696667284
1 42 0 8 0.00799760501832
50 66 0 8 0.00799665506929
15 46 0 8 0.00798776838928
51 63 0 8 0.00798644591123
14 57 0 8 0.00798140373081
5 28 0 8 0.00798040721565
16 39 0 8 0.00797495432198
48 67 0 8 0.00797184277326
4 41 0 8 0.00797161273658
8 71 0 8 0.00793521199375
44 76 0 8 0.00793090090156
45 70 0 8 0.00790734030306
12 36 0 8 0.00790676381439
31 53 0 8 0.00790506973863
18 50 0 8 0.00790376774967
8 23 0 8 0.00789665337652
41 66 0 8 0.00788229424506
51 62 0 8 0.00788191799074
47 78 0 8 0.00788133218884
43 66 0 8 0.0078774895519
15 42 0 8 0.00787458661944
42 63 0 8 0.00785944703966
62 86 0 8 0.00785668101162
1 69 0 8 0.00783992465585
45 69 0 8 0.00781418010592
16 87 0 8 0.00781380757689
3 31 0 8 0.00780065357685
11 51 0 8 0.0077975471504
21 56 0 8 0.00779597554356
34 51 0 8 0.0077784191817
1 29 0 8 0.00777785293758
43 64 0 8 0.00777073204517
8 47 0 8 0.0077591012232
1 13 0 8 0.00773996813223
1 61 0 8 0.0077242879197
11 70 0 8 0.00771396281198
3 51 0 8 0.00770929269493
1 32 0 8 0.00770755996928
3 77 0 8 0.00769649585709
27 56 0 8 0.00769214471802
4 44 0 8 0.00767787592486
2 39 0 8 0.00767521001399
5 45 0 8 0.00767198530957
64 86 0 8 0.00766101572663
49 62 0 8 0.0076393247582
26 45 0 8 0.00763823324814
5 55 0 8 0.0076372823678
19 51 0 8 0.00763393659145
13 60 0 8 0.0076311561279
1 25 0 8 0.00762368785217
53 75 0 8 0.0076165846549
1 56 0 8 0.00761535950005
19 44 0 8 0.00761322956532
31 65 0 8 0.00761221768335
16 47 0 8 0.00760921370238
2 70 0 8 0.00758933834732
51 56 0 8 0.00757870450616
48 69 0 8 0.00756417866796
5 26 0 8 0.00755462003872
8 14 0 8 0.00754360575229
25 58 0 8 0.00753931608051
7 46 0 8 0.00753794284537
59 87 0 8 0.0075252042152
2 80 0 8 0.00752489781007
18 33 0 8 0.00752027332783
1 53 0 8 0.00751676457003
31 54 0 8 0.00751628819853
30 71 0 8 0.00751523859799
70 79 0 8 0.00751124601811
1 31 0 8 0.00750669371337
39 73 0 8 0.00749197555706
1 49 0 8 0.0074905785732
21 67 0 8 0.00748732872307
1 51 0 8 0.00748466746882
1 41 0 8 0.00747935986146
17 70 0 8 0.00747497519478
14 28 0 8 0.00747466040775
10 55 0 8 0.00747146317735
3 57 0 8 0.00746492762119
34 58 0 8 0.00746343377978
8 74 0 8 0.0074624796398
17 58 0 8 0.00745778065175
20 57 0 8 0.0074525019154
4 33 0 8 0.00745117245242
1 75 0 8 0.00744946906343
13 46 0 8 0.00744879245758
19 68 0 8 0.00742997648194
6 31 0 8 0.00742149539292
65 86 0 8 0.00740666268393
24 48 0 8 0.00740503612906
25 76 0 8 0.00739679392427
59 63 0 8 0.00738537171856
2 72 0 8 0.00738215679303
23 51 0 8 0.00736604165286
2 16 0 8 0.00735619198531
9 13 0 8 0.0073525714688
41 77 0 8 0.00734476651996
12 45 0 8 0.00734004657716
63 87 0 8 0.00733699323609
11 37 0 8 0.00733643770218
47 79 0 8 0.00733409402892
1 52 0 8 0.00732916640118
10 51 0 8 0.00732733448967
9 33 0 8 0.00732266064733
7 24 0 8 0.00732262944803
24 55 0 8 0.00730764353648
1 40 0 8 0.00730722490698
33 73 0 8 0.00730105675757
6 48 0 8 0.00728475209326
33 78 0 8 0.00728052901104
13 61 0 8 0.00727765168995
8 48 0 8 0.00726742390543
28 69 0 8 0.00725307874382
34 46 0 8 0.00724431453273
1 39 0 8 0.00724003650248
18 69 0 8 0.00723853893578
1 80 0 8 0.00723627395928
38 77 0 8 0.00723127089441
7 43 0 8 0.00721696252003
35 63 0 8 0.00720922509208
25 84 0 8 0.00720908492804
49 74 0 8 0.00720274308696
71 82 0 8 0.00719987275079
1 64 0 8 0.00718446262181
13 40 0 8 0.00718242209405
25 72 0 8 0.00717657944188
3 75 0 8 0.0071741710417
35 61 0 8 0.00717249698937
21 58 0 8 0.00716607877985
20 53 0 8 0.00715928664431
48 71 0 8 0.00715198274702
37 73 0 8 0.00714976899326
3 73 0 8 0.00714681111276
24 37 0 8 0.00714595476165
35 47 0 8 0.00714488234371
21 69 0 8 0.0071416394785
25 32 0 8 0.00713788392022
30 38 0 8 0.00713477935642
3 69 0 8 0.00713341124356
13 69 0 8 0.00712574226782
46 79 0 8 0.00712202535942
39 71 0 8 0.00712146610022
14 51 0 8 0.00711912987754
44 85 0 8 0.00711342925206
35 46 0 8 0.00711053330451
40 83 0 8 0.00710425432771
54 81 0 8 0.00710268691182
43 62 0 8 0.00708531588316
29 54 0 8 0.00707759475335
36 47 0 8 0.0070753833279
1 76 0 8 0.00707267364487
61 87 0 8 0.00707076210529
41 84 0 8 0.00705647142604
1 30 0 8 0.00704984599724
21 40 0 8 0.00704932492226
14 61 0 8 0.00704226549715
28 54 0 8 0.00703799258918
27 44 0 8 0.00701778382063
34 75 0 8 0.00700211385265
58 63 0 8 0.00700046634302
32 57 0 8 0.00699518481269
34 43 0 8 0.00699483091012
12 55 0 8 0.0069916616194
1 48 0 8 0.00699040386826
26 80 0 8 0.00698253046721
14 36 0 8 0.00698031205684
1 78 0 8 0.00697980308905
22 54 0 8 0.00697833951563
12 51 0 8 0.00695573771372
34 81 0 8 0.00695553328842
38 82 0 8 0.00694113271311
25 87 0 8 0.00693739624694
38 59 0 8 0.00693403277546
67 83 0 8 0.00691826734692
1 43 0 8 0.0069178971462
43 63 0 8 0.0069014322944
6 53 0 8 0.00690113147721
14 20 0 8 0.00690085347742
31 73 0 8 0.00689282314852
19 48 0 8 0.00688889715821
36 75 0 8 0.00688826758415
67 84 0 8 0.00688273413107
28 53 0 8 0.00687334081158
26 50 0 8 0.00686770863831
79 84 0 8 0.00685818260536
25 64 0 8 0.00685225147754
47 63 0 8 0.00683840597048
17 50 0 8 0.00682925339788
46 70 0 8 0.00682160910219
4 51 0 8 0.00681464420632
47 73 0 8 0.00681420508772
45 85 0 8 0.00681291753426
28 87 0 8 0.00680631631985
47 85 0 8 0.00679913489148
3 44 0 8 0.00679241493344
20 48 0 8 0.00679181655869
1 11 0 8 0.00677987700328
46 68 0 8 0.00677097588778
2 32 0 8 0.00676690135151
29 40 0 8 0.0067657539621
10 32 0 8 0.00676309457049
41 60 0 8 0.00675171427429
48 72 0 8 0.00675063021481
20 86 0 8 0.0067245690152
1 8 0 8 0.00672170892358
19 70 0 8 0.00671078264713
2 77 0 8 0.00669183628634
9 56 0 8 0.00668891798705
21 45 0 8 0.00668560154736
24 86 0 8 0.00667759170756
19 53 0 8 0.00667518842965
47 66 0 8 0.00667233392596
4 36 0 8 0.00666612340137
25 34 0 8 0.00666581699625
3 70 0 8 0.00665617547929
34 76 0 8 0.00664330879226
49 68 0 8 0.00663979770616
1 26 0 8 0.00662892777473
69 79 0 8 0.00662673637271
47 84 0 8 0.00662595499307
6 74 0 8 0.00661940174177
10 28 0 8 0.00660566054285
54 79 0 8 0.0066040684469
49 87 0 8 0.00659292237833
14 47 0 8 0.00657844077796
27 55 0 8 0.00657477742061
64 70 0 8 0.00657473644242
21 43 0 8 0.00656969938427
66 83 0 8 0.00656210072339
41 86 0 8 0.00655799917877
1 44 0 8 0.00655164569616
38 56 0 8 0.00654978072271
48 61 0 8 0.00654966011643
48 68 0 8 0.00654524285346
56 87 0 8 0.00654479023069
31 72 0 8 0.00654108030722
18 68 0 8 0.00653690798208
1 81 0 8 0.00653225556016
40 60 0 8 0.00652116164565
33 75 0 8 0.00651655113325
17 49 0 8 0.00649923691526
1 45 0 8 0.00649909861386
27 61 0 8 0.00649706972763
13 55 0 8 0.00649346318096
46 61 0 8 0.00649148225784
54 87 0 8 0.00647921441123
44 83 0 8 0.0064670946449
51 66 0 8 0.00645982241258
62 65 0 8 0.0064587239176
31 44 0 8 0.00645076995715
2 44 0 8 0.00644405651838
5 49 0 8 0.00644002109766
1 50 0 8 0.00643873400986
12 37 0 8 0.00641758646816
17 68 0 8 0.00641042692587
2 23 0 8 0.00640970375389
44 59 0 8 0.00640843436122
8 34 0 8 0.00640749931335
17 48 0 8 0.00640527158976
5 54 0 8 0.00640401244164
27 46 0 8 0.00640328088775
25 65 0 8 0.00640298984945
30 87 0 8 0.00640210742131
34 64 0 8 0.00640179216862
7 26 0 8 0.00639993883669
3 33 0 8 0.00639761053026
32 87 0 8 0.00639521656558
4 57 0 8 0.0063841631636
46 73 0 8 0.00638358574361
45 76 0 8 0.00638249097392
25 60 0 8 0.00638003321365
27 40 0 8 0.00637006852776
1 70 0 8 0.00635643769056
2 76 0 8 0.00635305372998
2 74 0 8 0.00634725578129
16 44 0 8 0.00634713284671
30 41 0 8 0.00632239412516
8 33 0 8 0.00630819844082
20 37 0 8 0.00630495883524
8 51 0 8 0.00630124984309
46 63 0 8 0.00629967032
25 61 0 8 0.00629941094667
1 74 0 8 0.00629845866933
46 69 0 8 0.00629382580519
38 74 0 8 0.00629292801023
4 50 0 8 0.00628678547218
45 68 0 8 0.00628606742248
9 45 0 8 0.00628350349143
12 34 0 8 0.00627825967968
1 79 0 8 0.0062768436037
24 39 0 8 0.00627552298829
17 69 0 8 0.00626424560323
30 40 0 8 0.00624037208036
8 72 0 8 0.00622078543529
36 64 0 8 0.0062018474564
18 86 0 8 0.00619971426204
2 78 0 8 0.00619391165674
10 43 0 8 0.00619122339413
18 70 0 8 0.00618624361232
38 73 0 8 0.006180269178
55 87 0 8 0.00617972481996
46 55 0 8 0.00617346353829
37 81 0 8 0.00617197761312
38 78 0 8 0.00616961158812
25 86 0 8 0.00616390444338
25 52 0 8 0.00615965016186
11 47 0 8 0.00615037092939
61 64 0 8 0.00614172965288
50 56 0 8 0.00613056542352
40 73 0 8 0.00612149294466
38 54 0 8 0.00611860444769
54 86 0 8 0.00611567357555
24 51 0 8 0.00611007632688
31 71 0 8 0.00610309885815
6 42 0 8 0.00610122736543
51 65 0 8 0.00607938924804
2 29 0 8 0.00607609422877
50 76 0 8 0.00607371563092
47 68 0 8 0.00606894493103
2 64 0 8 0.00606582779437
2 34 0 8 0.00606582500041
2 21 0 8 0.0060501107946
45 75 0 8 0.00604439014569
2 73 0 8 0.00604109093547
29 57 0 8 0.00603691488504
26 70 0 8 0.0060338396579
10 31 0 8 0.00603374559432
22 57 0 8 0.0060268798843
1 10 0 8 0.00602508941665
30 69 0 8 0.00601462647319
31 87 0 8 0.00601210165769
48 74 0 8 0.00600405642763
24 44 0 8 0.00599783333018
21 57 0 8 0.00599455647171
4 53 0 8 0.00599129544571
50 77 0 8 0.00598312262446
20 54 0 8 0.00596555136144
7 41 0 8 0.00596394296736
25 85 0 8 0.00596313737333
41 83 0 8 0.00596307218075
35 65 0 8 0.00595741905272
20 70 0 8 0.00595495477319
25 67 0 8 0.00595303252339
49 70 0 8 0.00595078384504
46 60 0 8 0.00594505248591
8 70 0 8 0.00594409741461
26 37 0 8 0.00594384362921
23 54 0 8 0.00592780625448
39 67 0 8 0.00592304533347
31 69 0 8 0.00591723620892
1 19 0 8 0.00591538008302
53 82 0 8 0.00591476820409
15 34 0 8 0.00590514298528
4 49 0 8 0.00589521136135
15 57 0 8 0.00589259061962
40 72 0 8 0.00588390417397
25 47 0 8 0.00588263291866
5 38 0 8 0.0058723911643
48 87 0 8 0.00585454376414
71 81 0 8 0.00584840495139
30 68 0 8 0.0058472128585
64 68 0 8 0.00584235601127
4 18 0 8 0.00583706283942
25 62 0 8 0.00582552142441
1 34 0 8 0.0058253146708
5 51 0 8 0.00582168670371
73 84 0 8 0.00582006992772
10 53 0 8 0.00581364473328
9 42 0 8 0.00581334205344
47 80 0 8 0.00581332528964
41 72 0 8 0.00581182073802
3 71 0 8 0.00580824259669
15 87 0 8 0.00579877570271
47 75 0 8 0.00578879145905
3 53 0 8 0.0057881437242
3 72 0 8 0.00578597933054
38 79 0 8 0.00578581728041
29 37 0 8 0.00578288035467
4 70 0 8 0.00578260654584
70 81 0 8 0.00578239234164
3 18 0 8 0.00577288772911
43 73 0 8 0.00577284116298
34 40 0 8 0.00577240623534
28 70 0 8 0.00576827814803
3 46 0 8 0.00576791958883
10 34 0 8 0.00576760806143
53 59 0 8 0.00576607137918
25 63 0 8 0.00575270876288
2 55 0 8 0.00575072364882
35 45 0 8 0.00574746634811
20 41 0 8 0.00574144767597
9 14 0 8 0.00574001902714
28 37 0 8 0.00573763251305
3 43 0 8 0.00573082501069
25 83 0 8 0.00572791602463
44 69 0 8 0.00571220321581
18 54 0 8 0.00570037774742
4 11 0 8 0.00570011511445
32 67 0 8 0.00569604709744
34 60 0 8 0.00569146033376
24 40 0 8 0.00568855786696
9 24 0 8 0.00567904207855
2 62 0 8 0.00567221781239
47 61 0 8 0.00566150527447
7 42 0 8 0.00566012831405
14 33 0 8 0.00565993227065
35 74 0 8 0.00565814273432
24 87 0 8 0.00565474713221
7 11 0 8 0.00564659200609
1 36 0 8 0.00564114330336
12 41 0 8 0.00564034888521
79 85 0 8 0.00563222775236
26 44 0 8 0.0056284526363
35 69 0 8 0.00562223233283
45 74 0 8 0.0056155025959
25 81 0 8 0.00561335682869
22 42 0 8 0.00561287533492
12 43 0 8 0.00560950161889
45 67 0 8 0.00558961462229
62 87 0 8 0.00556667940691
23 44 0 8 0.00556654017419
47 60 0 8 0.00556588545442
23 36 0 8 0.00556385098025
7 30 0 8 0.00556244468316
65 83 0 8 0.00556218903512
23 67 0 8 0.00555489817634
26 36 0 8 0.00554705457762
1 12 0 8 0.0055347760208
29 53 0 8 0.0055302688852
5 40 0 8 0.00552501576021
43 71 0 8 0.00552182085812
33 87 0 8 0.00551651511341
2 50 0 8 0.00550154363737
20 47 0 8 0.00548393279314
46 76 0 8 0.00547802215442
45 86 0 8 0.0054753604345
4 48 0 8 0.00546940416098
56 66 0 8 0.00546381482854
23 48 0 8 0.00545941945165
45 58 0 8 0.00545376818627
31 45 0 8 0.00545169180259
37 87 0 8 0.0054487218149
53 58 0 8 0.00543676316738
47 69 0 8 0.00543560320511
42 59 0 8 0.00543431658298
2 79 0 8 0.0054199215956
38 57 0 8 0.00541878817603
35 67 0 8 0.00541818933561
53 80 0 8 0.0054116663523
41 71 0 8 0.00541120721027
29 39 0 8 0.00540802627802
1 73 0 8 0.00540778459981
5 71 0 8 0.00540333427489
35 73 0 8 0.00540273170918
17 51 0 8 0.00539743574336
7 29 0 8 0.00539737194777
24 61 0 8 0.00539069250226
3 15 0 8 0.00539068225771
37 80 0 8 0.00538954976946
6 41 0 8 0.00538555858657
3 54 0 8 0.00537979416549
11 21 0 8 0.00537192076445
4 17 0 8 0.00536377448589
64 87 0 8 0.0053537604399
47 70 0 8 0.00534423673525
47 77 0 8 0.00534003879875
27 45 0 8 0.00533363921568
43 72 0 8 0.005330812186
44 86 0 8 0.0053176577203
7 17 0 8 0.00530440267175
1 55 0 8 0.00529773999006
13 41 0 8 0.00527932262048
70 80 0 8 0.00527200335637
4 73 0 8 0.00527012301609
25 50 0 8 0.00526572810486
1 35 0 8 0.00526349060237
43 75 0 8 0.00526100955904
3 41 0 8 0.00525150774047
46 74 0 8 0.0052503272891
11 43 0 8 0.00524863414466
2 46 0 8 0.00524748908356
1 47 0 8 0.00524322222918
13 35 0 8 0.00524020846933
42 65 0 8 0.00523851066828
41 81 0 8 0.00523530179635
33 71 0 8 0.00523068755865
13 26 0 8 0.00522740837187
40 69 0 8 0.00522320717573
22 53 0 8 0.00521534169093
4 71 0 8 0.00521516101435
46 84 0 8 0.00521139241755
34 70 0 8 0.00521125132218
1 46 0 8 0.0052112066187
12 53 0 8 0.00521086342633
37 86 0 8 0.00519851641729
4 45 0 8 0.00519768288359
23 53 0 8 0.0051930793561
57 82 0 8 0.00518066855147
10 46 0 8 0.00518061453477
23 87 0 8 0.00517697632313
36 61 0 8 0.00517434207723
10 41 0 8 0.00516210775822
43 56 0 8 0.00515963323414
36 87 0 8 0.00514705292881
5 77 0 8 0.00513723958284
10 57 0 8 0.00513169821352
42 76 0 8 0.00511915143579
1 9 0 8 0.00511656841263
16 57 0 8 0.00511505175382
24 47 0 8 0.00510899350047
15 53 0 8 0.00510898604989
13 20 0 8 0.00509705161676
29 70 0 8 0.00508964294568
9 34 0 8 0.00508723128587
6 44 0 8 0.00507818628103
46 72 0 8 0.00507359672338
30 44 0 8 0.00506933778524
3 45 0 8 0.00506595987827
24 54 0 8 0.00504504051059
48 60 0 8 0.00503244716674
26 51 0 8 0.00503035867587
24 45 0 8 0.00502808019519
26 71 0 8 0.00502653885633
4 43 0 8 0.00502304406837
15 37 0 8 0.00502274883911
27 69 0 8 0.00502235768363
31 57 0 8 0.00502029946074
12 23 0 8 0.00501912320033
4 34 0 8 0.0050037750043
31 68 0 8 0.00500105274841
43 74 0 8 0.00499937823042
30 37 0 8 0.00498772598803
76 81 0 8 0.00497437315062
1 72 0 8 0.00497149955481
1 17 0 8 0.00495913857594
17 87 0 8 0.00495523121208
2 49 0 8 0.00495377648622
27 57 0 8 0.00495154829696
15 43 0 8 0.00495038321242
19 54 0 8 0.00494675105438
10 33 0 8 0.00494551705196
47 62 0 8 0.00494174240157
21 48 0 8 0.00493823364377
10 47 0 8 0.00492977071553
17 22 0 8 0.00491404393688
43 67 0 8 0.00491402298212
21 54 0 8 0.00491332123056
47 86 0 8 0.00489838374779
19 42 0 8 0.00487962504849
6 51 0 8 0.00487711606547
11 26 0 8 0.00487558869645
2 8 0 8 0.00487037468702
4 72 0 8 0.00486451992765
26 46 0 8 0.00485899206251
42 87 0 8 0.00485044298694
2 25 0 8 0.00485030235723
21 53 0 8 0.00485020130873
41 68 0 8 0.00484952749684
16 56 0 8 0.00483961869031
40 61 0 8 0.00483676046133
2 40 0 8 0.00482027465478
12 33 0 8 0.00481529068202
37 61 0 8 0.00481429696083
32 68 0 8 0.00481367530301
19 57 0 8 0.00481326226145
10 42 0 8 0.00481140520424
42 78 0 8 0.00480425730348
38 53 0 8 0.00480351177976
6 72 0 8 0.00480069080368
25 44 0 8 0.00479998253286
1 71 0 8 0.00479278061539
52 57 0 8 0.00478848395869
5 48 0 8 0.00478408206254
2 48 0 8 0.00478294258937
33 72 0 8 0.00478284014389
40 68 0 8 0.00478070927784
5 72 0 8 0.00477727130055
2 35 0 8 0.00477353204042
7 56 0 8 0.00476479390636
44 57 0 8 0.00474436441436
2 11 0 8 0.00473757181317
48 80 0 8 0.00473551917821
19 37 0 8 0.00473021203652
16 21 0 8 0.00472986605018
32 41 0 8 0.00472856452689
47 74 0 8 0.00472745113075
16 51 0 8 0.00472426461056
4 37 0 8 0.0047201430425
25 39 0 8 0.00471481028944
39 69 0 8 0.0047122775577
27 54 0 8 0.00471196882427
54 83 0 8 0.00470993714407
14 42 0 8 0.00470833247527
18 42 0 8 0.00470209494233
8 45 0 8 0.00469319522381
42 72 0 8 0.00469137588516
1 33 0 8 0.0046901111491
11 24 0 8 0.00467471312732
5 31 0 8 0.00467013148591
9 46 0 8 0.00465610204265
50 71 0 8 0.00464716507122
16 54 0 8 0.00463786441833
7 10 0 8 0.00463484972715
10 22 0 8 0.0046292017214
49 75 0 8 0.00462398678064
27 47 0 8 0.00461303256452
26 57 0 8 0.00460544321686
33 64 0 8 0.00460251048207
13 33 0 8 0.0045989532955
33 63 0 8 0.00459008431062
11 34 0 8 0.00458630127832
42 57 0 8 0.00458151707426
55 77 0 8 0.00458129309118
12 24 0 8 0.0045754192397
1 38 0 8 0.00457442225888
46 86 0 8 0.00456747738644
14 43 0 8 0.00456414651126
15 54 0 8 0.00455883331597
55 76 0 8 0.00455827033147
36 72 0 8 0.00455643609166
38 83 0 8 0.00455514714122
2 36 0 8 0.00454968679696
62 74 0 8 0.00454440107569
9 51 0 8 0.00453822268173
35 87 0 8 0.00452710781246
6 34 0 8 0.00451978156343
33 42 0 8 0.00451290188357
33 66 0 8 0.00449596112594
33 74 0 8 0.00449164351448
54 63 0 8 0.00448237592354
21 87 0 8 0.00447746971622
7 51 0 8 0.00446556787938
46 87 0 8 0.00446022721007
25 46 0 8 0.0044506653212
30 70 0 8 0.00445050466806
37 78 0 8 0.00444405712187
12 42 0 8 0.00443720771
43 58 0 8 0.00443637603894
45 60 0 8 0.00441929511726
44 60 0 8 0.00440699700266
25 56 0 8 0.00440483633429
50 75 0 8 0.00439438456669
19 41 0 8 0.00439190305769
34 61 0 8 0.00438980571926
44 61 0 8 0.00438550207764
47 87 0 8 0.00437650503591
7 47 0 8 0.00436742790043
25 79 0 8 0.00436728075147
65 85 0 8 0.00436623813584
29 41 0 8 0.00436423439533
43 87 0 8 0.00435680849478
21 38 0 8 0.0043555884622
45 83 0 8 0.00435199541971
47 71 0 8 0.00435023754835
1 18 0 8 0.00434726243839
53 81 0 8 0.00434297602624
26 47 0 8 0.0043416894041
1 54 0 8 0.00433311285451
13 37 0 8 0.00432259216905
38 85 0 8 0.00432229647413
15 27 0 8 0.0043185367249
34 71 0 8 0.00430487841368
7 31 0 8 0.00430264277384
64 67 0 8 0.00430249562487
17 41 0 8 0.0042941425927
14 46 0 8 0.00429362524301
9 37 0 8 0.00429349020123
39 72 0 8 0.00429119355977
33 62 0 8 0.00428996561095
38 87 0 8 0.00428852951154
9 41 0 8 0.00428066309541
34 68 0 8 0.00427930336446
40 87 0 8 0.00427484605461
3 36 0 8 0.00426628533751
53 60 0 8 0.00425492646173
41 70 0 8 0.00425221398473
46 83 0 8 0.00424263486639
36 73 0 8 0.00422781566158
49 71 0 8 0.0042257104069
8 54 0 8 0.00422513671219
52 71 0 8 0.00422484753653
23 41 0 8 0.00422074552625
47 83 0 8 0.00421438086778
2 45 0 8 0.00421328470111
55 66 0 8 0.00420615077019
45 57 0 8 0.00420336145908
35 43 0 8 0.00420179497451
37 77 0 8 0.00420165155083
48 62 0 8 0.00420132977888
17 57 0 8 0.0042005921714
9 57 0 8 0.00419775443152
48 57 0 8 0.00419562822208
18 46 0 8 0.00419038021937
3 37 0 8 0.0041860230267
36 74 0 8 0.00417365366593
24 36 0 8 0.00416224217042
43 70 0 8 0.00416030967608
46 57 0 8 0.00415617693216
41 67 0 8 0.00415551988408
11 33 0 8 0.00414667278528
46 85 0 8 0.00412615062669
11 23 0 8 0.00411498360336
10 54 0 8 0.00411416683346
54 77 0 8 0.00410296581686
49 58 0 8 0.00410029152408
18 53 0 8 0.00409412523732
26 61 0 8 0.00409385934472
5 25 0 8 0.00409117294475
25 45 0 8 0.00408658850938
9 36 0 8 0.0040844315663
30 45 0 8 0.0040840995498
22 44 0 8 0.00408110395074
15 22 0 8 0.00407723570243
25 51 0 8 0.00407646503299
43 68 0 8 0.00406892411411
14 22 0 8 0.00406457297504
43 78 0 8 0.0040500308387
13 38 0 8 0.00403424212709
43 77 0 8 0.0040334854275
42 68 0 8 0.0040293824859
56 74 0 8 0.00402873754501
11 54 0 8 0.00402267277241
4 54 0 8 0.00401742616668
24 67 0 8 0.00401453534141
34 57 0 8 0.00400380743667
13 21 0 8 0.00400217855349
18 43 0 8 0.00399996107444
64 69 0 8 0.00399950286373
53 61 0 8 0.00399876059964
44 87 0 8 0.00398166105151
47 72 0 8 0.00397950410843
77 82 0 8 0.00396587373689
15 26 0 8 0.00396340712905
2 54 0 8 0.00396294612437
2 41 0 8 0.00395425548777
6 46 0 8 0.00394818093628
34 74 0 8 0.00394116668031
41 61 0 8 0.00393993873149
50 61 0 8 0.00393555127084
33 65 0 8 0.00392514606938
13 34 0 8 0.00391932949424
1 14 0 8 0.0039193239063
24 53 0 8 0.00389910768718
8 37 0 8 0.0038938478101
5 76 0 8 0.00387121271342
53 77 0 8 0.00386958778836
43 85 0 8 0.00386951048858
54 82 0 8 0.00386671419255
8 24 0 8 0.00386122637428
25 82 0 8 0.00385895813815
13 23 0 8 0.00385441142134
45 56 0 8 0.00385024305433
2 17 0 8 0.00384255661629
37 74 0 8 0.00383467623033
2 53 0 8 0.0038330478128
2 71 0 8 0.00382651342079
13 22 0 8 0.00382296345197
60 77 0 8 0.00382284354419
3 42 0 8 0.00381255196407
16 45 0 8 0.003804810578
36 65 0 8 0.00379472249188
39 70 0 8 0.00378708704375
49 69 0 8 0.00377260055393
42 86 0 8 0.00376772368327
43 69 0 8 0.00376334832981
2 47 0 8 0.00375708402134
62 73 0 8 0.00374435307458
6 57 0 8 0.0037437628489
24 41 0 8 0.00372572080232
23 37 0 8 0.00371993216686
43 59 0 8 0.00371320173144
31 39 0 8 0.00371260731481
21 46 0 8 0.00371033814736
25 80 0 8 0.00370649574324
75 80 0 8 0.00368873076513
60 78 0 8 0.00368812447414
5 43 0 8 0.00368647067808
3 11 0 8 0.00368145829998
43 84 0 8 0.00367939681746
41 69 0 8 0.00367810158059
80 87 0 8 0.00367668480612
5 32 0 8 0.00367457000539
47 58 0 8 0.00366977090016
57 80 0 8 0.00366346142255
49 56 0 8 0.00366054731421
42 84 0 8 0.00364521099254
29 38 0 8 0.0036438931711
17 54 0 8 0.00364337046631
39 68 0 8 0.00364085286856
27 38 0 8 0.00363986869343
6 38 0 8 0.00363743631169
5 41 0 8 0.00363525282592
27 37 0 8 0.00363414571621
35 71 0 8 0.0036282800138
45 87 0 8 0.00361251714639
50 69 0 8 0.00361138465814
38 86 0 8 0.0036023191642
5 18 0 8 0.00360123766586
22 41 0 8 0.00359725160524
27 53 0 8 0.00359040265903
58 80 0 8 0.00358883012086
6 45 0 8 0.00358826923184
61 77 0 8 0.00358645548113
14 54 0 8 0.00358543684706
14 53 0 8 0.00356775335968
7 72 0 8 0.00356512516737
9 55 0 8 0.00356342992745
25 40 0 8 0.00356046645902
20 45 0 8 0.00355385639705
5 42 0 8 0.0035502158571
50 74 0 8 0.00354252196848
25 36 0 8 0.00354112521745
4 42 0 8 0.00352581171319
67 85 0 8 0.00352163589559
1 15 0 8 0.00351985241286
19 43 0 8 0.00351629010402
18 51 0 8 0.00351223908365
37 63 0 8 0.00351054081693
9 53 0 8 0.00350503856316
42 56 0 8 0.00350210350007
73 81 0 8 0.00350157613866
2 51 0 8 0.00349422800355
72 81 0 8 0.00347462622449
26 43 0 8 0.00346628320403
42 70 0 8 0.00345813948661
52 73 0 8 0.00345177110285
43 86 0 8 0.00344300363213
5 56 0 8 0.00344049814157
52 60 0 8 0.00343552348204
9 54 0 8 0.00342881516553
4 46 0 8 0.00342745799571
33 69 0 8 0.00342617975548
48 59 0 8 0.00341970939189
9 47 0 8 0.00340332067572
56 65 0 8 0.00339573598467
55 75 0 8 0.0033916765824
71 84 0 8 0.00339066446759
3 47 0 8 0.00339055177756
40 70 0 8 0.00338356452994
5 52 0 8 0.00338355149142
29 42 0 8 0.00337911490351
57 63 0 8 0.00337525526993
24 46 0 8 0.00336915580556
28 38 0 8 0.00336502399296
37 76 0 8 0.00336055271327
59 78 0 8 0.00335697084665
53 79 0 8 0.00335462810472
38 67 0 8 0.00335200177506
16 46 0 8 0.00334534142166
8 46 0 8 0.00334394117817
16 26 0 8 0.00332703394815
11 38 0 8 0.00332338479348
5 47 0 8 0.00332077499479
37 75 0 8 0.00331740570255
7 35 0 8 0.0033141609747
50 72 0 8 0.00329836457968
42 58 0 8 0.00329408748075
40 71 0 8 0.00329275405966
5 35 0 8 0.00329230818897
10 23 0 8 0.00329121924005
52 67 0 8 0.00328954099678
12 57 0 8 0.00328796566464
5 74 0 8 0.00328509323299
48 70 0 8 0.00328507274389
43 76 0 8 0.00327176158316
66 86 0 8 0.00326972827315
72 82 0 8 0.00326430913992
5 34 0 8 0.00326235638931
20 43 0 8 0.00326169771142
13 54 0 8 0.00325974659063
18 45 0 8 0.00325746368617
22 37 0 8 0.00324433622882
33 61 0 8 0.00323920557275
38 65 0 8 0.0032386421226
37 64 0 8 0.00323156430386
50 59 0 8 0.00322295771912
17 42 0 8 0.0032180363778
46 56 0 8 0.00321270897985
11 27 0 8 0.00319863925688
38 66 0 8 0.00318325683475
65 87 0 8 0.00317612895742
47 56 0 8 0.00317407213151
17 43 0 8 0.00317034637555
14 38 0 8 0.00315275322646
42 85 0 8 0.00314522255212
25 43 0 8 0.00314287794754
10 38 0 8 0.00314069306478
6 47 0 8 0.00313817383721
42 77 0 8 0.00313260150142
7 53 0 8 0.00312952045351
54 64 0 8 0.00312822242267
4 38 0 8 0.0031241341494
3 9 0 8 0.00312336510979
6 33 0 8 0.00312159862369
37 71 0 8 0.00310784997419
34 42 0 8 0.00309434696101
68 86 0 8 0.00309161213227
2 20 0 8 0.0030867352616
6 37 0 8 0.00307869166136
1 37 0 8 0.00306580029428
50 68 0 8 0.00305644632317
17 25 0 8 0.00303991697729
21 37 0 8 0.00303413602524
7 36 0 8 0.00303142564371
36 71 0 8 0.00302854040638
53 76 0 8 0.0030282496009
9 23 0 8 0.00302424142137
42 80 0 8 0.00302256131545
37 72 0 8 0.0030192611739
7 57 0 8 0.00300345476717
26 54 0 8 0.00298479921184
7 74 0 8 0.00298461038619
18 87 0 8 0.00298445858061
42 71 0 8 0.00298089394346
5 46 0 8 0.00297710951418
26 40 0 8 0.0029733243864
2 14 0 8 0.00296966126189
48 58 0 8 0.00296944379807
22 43 0 8 0.00294669903815
20 46 0 8 0.00294617097825
42 62 0 8 0.00294616259634
40 67 0 8 0.00294074555859
10 37 0 8 0.0029349825345
79 87 0 8 0.00293307844549
46 59 0 8 0.00293165072799
49 57 0 8 0.00292680971324
25 54 0 8 0.0029207796324
31 40 0 8 0.0029144207947
26 38 0 8 0.00290664937347
6 54 0 8 0.00290130195208
25 57 0 8 0.00288342987187
27 43 0 8 0.00287847802974
73 80 0 8 0.0028735185042
14 26 0 8 0.00287330942228
43 83 0 8 0.00287263724022
22 87 0 8 0.00287197064608
78 83 0 8 0.00286173517816
55 65 0 8 0.00286126462743
19 45 0 8 0.00284857512452
14 27 0 8 0.0028407976497
63 66 0 8 0.00283699785359
12 26 0 8 0.00280983373523
38 60 0 8 0.00280898297206
14 25 0 8 0.0028035051655
42 60 0 8 0.00280204718001
9 31 0 8 0.00279347039759
10 25 0 8 0.0027919660788
35 68 0 8 0.00276725622825
12 21 0 8 0.00276698661037
1 16 0 8 0.00276038004085
7 32 0 8 0.00275375554338
51 74 0 8 0.00274112564512
60 75 0 8 0.0027342364192
51 76 0 8 0.00272180442698
32 42 0 8 0.00270939967595
38 76 0 8 0.00270810886286
23 42 0 8 0.00270608766004
28 43 0 8 0.00270044291392
16 22 0 8 0.00269549549557
50 70 0 8 0.00268887518905
2 18 0 8 0.00268826796673
59 77 0 8 0.00268336571753
34 72 0 8 0.00268056243658
26 41 0 8 0.00267912982963
19 46 0 8 0.00267708837055
8 13 0 8 0.00267000636086
67 86 0 8 0.00266758725047
35 72 0 8 0.0026648840867
18 47 0 8 0.0026590176858
74 82 0 8 0.00265848916024
19 87 0 8 0.00264987815171
25 53 0 8 0.00263512670062
42 69 0 8 0.00262654130347
34 63 0 8 0.00262492918409
23 43 0 8 0.00262151448987
38 68 0 8 0.0026147433091
17 45 0 8 0.00260865711607
35 70 0 8 0.00260695419274
23 47 0 8 0.00260016368702
9 25 0 8 0.00258848140948
20 42 0 8 0.00258810468949
43 60 0 8 0.00258031627163
12 54 0 8 0.0025707592722
36 69 0 8 0.00256350054406
3 14 0 8 0.00256197107956
68 83 0 8 0.00255898735486
4 47 0 8 0.0025508699473
3 16 0 8 0.00254560145549
17 24 0 8 0.00253345025703
28 40 0 8 0.00253234314732
70 82 0 8 0.00252790865488
74 80 0 8 0.00252280617133
2 37 0 8 0.00251791649498
31 43 0 8 0.00250229192898
73 83 0 8 0.00249991496094
35 42 0 8 0.00249799760059
25 55 0 8 0.00249683344737
5 73 0 8 0.00248591601849
51 75 0 8 0.0024669948034
21 47 0 8 0.00246556708589
15 38 0 8 0.00246430910192
38 75 0 8 0.00246173632331
62 66 0 8 0.00246071536094
45 82 0 8 0.0024583672639
51 70 0 8 0.00243572797626
18 57 0 8 0.00243469350971
10 24 0 8 0.00242604850791
15 45 0 8 0.0024240759667
20 87 0 8 0.00241727288812
2 42 0 8 0.00241011194885
12 38 0 8 0.00240860460326
33 68 0 8 0.0023963728454
51 71 0 8 0.00237878225744
45 59 0 8 0.00236659240909
46 58 0 8 0.002366354689
2 38 0 8 0.00236322614364
42 61 0 8 0.0023629013449
14 24 0 8 0.00235580792651
55 73 0 8 0.00235460139811
68 82 0 8 0.00234596757218
19 47 0 8 0.00233923085034
7 54 0 8 0.00233892258257
38 72 0 8 0.00233062892221
42 79 0 8 0.00232073664665
33 41 0 8 0.00231753708795
7 16 0 8 0.00231391168199
54 78 0 8 0.00230942363851
25 37 0 8 0.0022997611668
17 47 0 8 0.00229393038899
2 10 0 8 0.00226617697626
9 38 0 8 0.00225239363499
47 57 0 8 0.00223414343782
31 42 0 8 0.00222728960216
25 38 0 8 0.00222424068488
38 62 0 8 0.00222181971185
53 72 0 8 0.00221757753752
13 28 0 8 0.0022171670571
23 45 0 8 0.00219517992809
2 19 0 8 0.0021924097091
36 67 0 8 0.00218501500785
51 77 0 8 0.00217897980474
54 66 0 8 0.00217755069025
42 83 0 8 0.00217637815513
68 84 0 8 0.00216906727292
24 43 0 8 0.00215367949568
17 23 0 8 0.00214901776053
7 34 0 8 0.00214608293027
60 76 0 8 0.00213943957351
22 45 0 8 0.00213587563485
68 87 0 8 0.00213507888839
43 57 0 8 0.0021350516472
4 15 0 8 0.00212051696144
38 71 0 8 0.0021198138129
8 38 0 8 0.00211663777009
69 86 0 8 0.00211408734322
5 53 0 8 0.00210959324613
38 64 0 8 0.00210815365426
13 24 0 8 0.00210481556132
69 84 0 8 0.00210286444053
14 37 0 8 0.00209600361995
52 68 0 8 0.00207718834281
63 70 0 8 0.00207576551475
23 46 0 8 0.00207504862919
25 41 0 8 0.00206957478076
2 13 0 8 0.00206659571268
57 78 0 8 0.00205863569863
37 66 0 8 0.00205290527083
2 9 0 8 0.00204962654971
24 42 0 8 0.00204763491638
31 37 0 8 0.00204180367291
59 64 0 8 0.00203441432677
21 42 0 8 0.00201815692708
15 23 0 8 0.00201656925492
24 38 0 8 0.0020107247401
60 64 0 8 0.00200722576119
4 16 0 8 0.00200614961796
11 25 0 8 0.00199829833582
52 70 0 8 0.00199817470275
6 15 0 8 0.00198238203302
36 68 0 8 0.00197147810832
72 83 0 8 0.0019660317339
66 87 0 8 0.00195950991474
49 60 0 8 0.00195179996081
27 42 0 8 0.0019421922043
25 42 0 8 0.00193608284462
57 79 0 8 0.00193581928033
3 38 0 8 0.0019271033816
37 65 0 8 0.00190059258603
6 16 0 8 0.00188879866619
16 38 0 8 0.00186597998254
20 38 0 8 0.00186553422827
59 75 0 8 0.00186215445865
37 68 0 8 0.00186061463319
59 76 0 8 0.00185796699952
69 82 0 8 0.0018531413516
22 46 0 8 0.00184143625665
15 21 0 8 0.00183779909275
19 38 0 8 0.00183495145757
47 59 0 8 0.00183309393469
17 38 0 8 0.00183228170499
16 25 0 8 0.00183164956979
51 68 0 8 0.00182823801879
53 65 0 8 0.00182190618943
27 41 0 8 0.00178722536657
14 23 0 8 0.00177947536577
58 78 0 8 0.00177685334347
30 43 0 8 0.00176254077815
38 61 0 8 0.00176181260031
2 15 0 8 0.00175595283508
62 72 0 8 0.00175528519321
22 47 0 8 0.00174934137613
12 25 0 8 0.00173823453952
71 83 0 8 0.00173547968734
37 67 0 8 0.00173500971869
51 67 0 8 0.00173298339359
58 76 0 8 0.00173103937414
73 82 0 8 0.00172920769546
56 73 0 8 0.00171925930772
50 57 0 8 0.00171895732637
49 59 0 8 0.00170919310767
57 75 0 8 0.00170093611814
15 24 0 8 0.00167736306321
71 86 0 8 0.00166721001733
4 10 0 8 0.001659700647
72 84 0 8 0.00165639969055
22 38 0 8 0.00165216915775
6 11 0 8 0.00164501566906
52 69 0 8 0.00164009013679
7 15 0 8 0.00163555855397
68 85 0 8 0.0016289682826
51 72 0 8 0.00162766838912
53 66 0 8 0.00161596585531
34 69 0 8 0.00160785845947
18 38 0 8 0.00160647521261
3 13 0 8 0.00160442758352
51 69 0 8 0.00159307848662
67 87 0 8 0.00158462778199
77 85 0 8 0.00158333976287
61 75 0 8 0.00158143753652
56 71 0 8 0.00158095429651
76 82 0 8 0.0015751948813
36 70 0 8 0.00157466472592
37 70 0 8 0.00157226307783
3 10 0 8 0.00155579298735
34 41 0 8 0.0015532624675
79 86 0 8 0.0015225331299
37 69 0 8 0.00151876918972
70 84 0 8 0.00151694647502
30 42 0 8 0.00151488091797
29 43 0 8 0.00150415638927
16 24 0 8 0.00150134670548
69 83 0 8 0.00150119303726
51 73 0 8 0.00149090378545
74 85 0 8 0.00148397812154
59 73 0 8 0.00147505151108
4 14 0 8 0.00147228699643
56 72 0 8 0.00146953796502
31 41 0 8 0.00145911111031
31 38 0 8 0.00145896454342
75 84 0 8 0.00145565753337
15 25 0 8 0.00144394487143
23 38 0 8 0.00142891984433
38 63 0 8 0.00142566114664
70 85 0 8 0.00142427894752
55 70 0 8 0.00142231362406
74 83 0 8 0.00141712382901
77 87 0 8 0.00141541368794
61 76 0 8 0.00140915089287
53 73 0 8 0.00140534143429
57 77 0 8 0.00140299194027
76 83 0 8 0.0014000008814
50 60 0 8 0.00139366020449
55 74 0 8 0.00138725503348
72 86 0 8 0.00138456642162
58 79 0 8 0.00138338154647
6 14 0 8 0.00138250831515
56 69 0 8 0.00137663155328
51 61 0 8 0.00136523612309
52 59 0 8 0.0013620944228
5 33 0 8 0.00135270843748
53 71 0 8 0.00135039968882
5 16 0 8 0.00134074105881
74 81 0 8 0.00133255997207
57 76 0 8 0.00132345221937
53 68 0 8 0.00132341624703
2 12 0 8 0.00132320262492
78 84 0 8 0.0013156903442
4 13 0 8 0.0013149731094
26 42 0 8 0.00129197118804
4 12 0 8 0.0012758487137
54 76 0 8 0.00126857764553
54 65 0 8 0.00126815063413
7 14 0 8 0.00126702839043
61 74 0 8 0.00126568588894
5 14 0 8 0.00125136447605
55 69 0 8 0.00124275882263
75 81 0 8 0.00123703281861
71 85 0 8 0.00123173138127
28 42 0 8 0.00122994405683
7 33 0 8 0.00121994316578
5 15 0 8 0.00120773317758
5 17 0 8 0.0012028189376
73 85 0 8 0.00120227097068
78 87 0 8 0.00120212777983
38 70 0 8 0.00119725277182
60 74 0 8 0.00119693239685
77 83 0 8 0.0011947954772
72 85 0 8 0.00119257927872
56 67 0 8 0.00118549098261
14 21 0 8 0.00117741862778
16 23 0 8 0.00116628792603
58 64 0 8 0.00116534286644
76 85 0 8 0.00116010801867
71 87 0 8 0.00115343765356
75 83 0 8 0.00113934511319
57 64 0 8 0.00113880250137
69 87 0 8 0.00113477685954
72 87 0 8 0.00110255333129
58 77 0 8 0.00108538893983
74 84 0 8 0.00108431011904
13 27 0 8 0.00107420131098
5 10 0 8 0.00106307980604
73 87 0 8 0.00104282656685
57 73 0 8 0.00103988638148
70 83 0 8 0.00103937741369
7 38 0 8 0.00103637995198
61 72 0 8 0.00102436740417
54 73 0 8 0.00102285540197
51 59 0 8 0.00102039577905
53 70 0 8 0.00101936247665
70 86 0 8 0.00101802567951
73 86 0 8 0.00100759207271
13 25 0 8 0.0010014512809
5 37 0 8 0.000994858914055
75 85 0 8 0.000979040982202
53 67 0 8 0.000960530829616
6 12 0 8 0.000943012128118
52 58 0 8 0.000925368571188
69 85 0 8 0.000923634157516
3 12 0 8 0.000919501995668
7 12 0 8 0.000916193239391
59 74 0 8 0.000916060991585
78 86 0 8 0.000915985030588
54 75 0 8 0.000907960929908
61 73 0 8 0.000898496480659
56 70 0 8 0.000891813018825
75 82 0 8 0.000884122622665
74 86 0 8 0.000869480078109
77 86 0 8 0.000867672555614
32 38 0 8 0.000855704944115
49 61 0 8 0.000854835379869
58 75 0 8 0.000840609311126
54 72 0 8 0.000829434255138
7 37 0 8 0.000819040753413
28 41 0 8 0.000814875529613
78 85 0 8 0.000789770798292
76 84 0 8 0.000786916876677
74 87 0 8 0.000785555166658
55 68 0 8 0.000783543277066
38 69 0 8 0.000781316193752
5 11 0 8 0.000778914312832
54 74 0 8 0.00077616982162
61 65 0 8 0.000765305070672
55 71 0 8 0.000736462883651
7 13 0 8 0.000727487553377
57 71 0 8 0.000725641963072
54 71 0 8 0.000714304333087
51 60 0 8 0.000681319157593
75 86 0 8 0.000680682132952
58 73 0 8 0.00068052514689
63 67 0 8 0.000678768847138
70 87 0 8 0.000677427626215
57 74 0 8 0.000665849191137
54 68 0 8 0.000654503237456
53 69 0 8 0.000644625804853
55 72 0 8 0.000638478784822
5 13 0 8 0.000631656905171
76 87 0 8 0.00059248827165
63 69 0 8 0.000589323695749
76 86 0 8 0.000583309913054
57 69 0 8 0.000573081080802
5 12 0 8 0.000563751906157
55 67 0 8 0.000541526183952
59 65 0 8 0.000539848697372
60 65 0 8 0.000538266438525
77 84 0 8 0.000527153955773
54 69 0 8 0.000499100249726
63 68 0 8 0.000480823131511
57 72 0 8 0.000476214365335
75 87 0 8 0.000473453372251
59 66 0 8 0.000470460334327
60 66 0 8 0.000462410476757
54 67 0 8 0.000461030023871
58 72 0 8 0.000460262905108
6 13 0 8 0.000459835544461
62 67 0 8 0.00045587765635
57 70 0 8 0.000446086312877
57 66 0 8 0.000439948809799
58 74 0 8 0.000439716735855
59 70 0 8 0.000428411352914
54 70 0 8 0.000426724378485
62 71 0 8 0.000426233047619
56 68 0 8 0.000421320961323
51 57 0 8 0.000382014317438
61 66 0 8 0.000365590531146
58 68 0 8 0.000361962185707
60 73 0 8 0.000352358154487
61 71 0 8 0.000348454428604
57 65 0 8 0.00033012375934
58 65 0 8 0.000318213365972
58 69 0 8 0.000305684457999
59 72 0 8 0.000303159467876
51 58 0 8 0.000300861225696
60 72 0 8 0.000278024061117
58 66 0 8 0.000271322962362
59 69 0 8 0.000241952395299
62 70 0 8 0.000231525002164
57 67 0 8 0.000222425034735
57 68 0 8 0.00021839463443
62 69 0 8 0.00019944786618
58 67 0 8 0.00019630951283
58 71 0 8 0.000192234831047
59 71 0 8 0.000189940401469
62 68 0 8 0.000181343217264
58 70 0 8 0.000170776504092
59 67 0 8 0.000167646823684
60 71 0 8 0.000165985591593
61 67 0 8 0.000152071894263
59 68 0 8 0.000133576715598
60 70 0 8 0.000133507957798
60 68 0 8 0.000127585808514
60 69 0 8 0.000121932273032
61 70 0 8 0.000120200420497
60 67 0 8 9.89545660559e-05
61 69 0 8 7.45762154111e-05
61 68 0 8 7.39733222872e-05
